32
103
178
254
326
395
466
537
607
680
753
826
899
978
1058
1133
1208
1282
1352
1425
1497
1569
1640
1716
1796
1871
1944
2022
2096
2167
2236
2306
2376
2447
2522
2598
2676
2749
2823
2900
2974
3044
3117
3196
3275
3352
3431
3511
3587
3655
3723
3794
3875
3950
4019
4095
4179
4265
4345
4423
4501
4576
4653
4738
4816
4895
4980
5065
5146
5232
5317
5402
5482
5562
5640
5717
5799
5877
5952
6030
6119
6198
6276
6350
6421
6492
6569
6650
6729
6806
6893
6985
7063
7145
7226
7301
7377
7456
7535
7613
7690
7769
7842
7910
7977
8050
8128
8202
8275
8350
8421
8490
8556
8631
8712
8791
8867
8951
9033
9109
9194
9285
9367
9442
9521
9596
9669
9748
9832
9912
9990
10070
10156
10240
10316
10398
10478
10552
10630
10711
10790
10867
10950
11034
11115
11196
11279
11360
11435
11513
11591
11663
11730
11795
11869
11952
12038
12124
12206
12285
12368
12452
12536
12614
12690
12761
12828
12898
12971
13046
13118
13190
13271
13355
13435
13517
13598
13672
13740
13816
13893
13966
14039
14114
14191
14263
14334
14409
14486
14558
14633
14708
14781
14853
14935
15013
15088
15167
15248
15321
15392
15469
15546
15618
15698
15787
15868
15943
16020
16095
16169
16248
16331
16409
16484
16561
16640
16715
16792
16872
16949
17025
17105
17186
17263
17337
17412
17483
17550
17620
17688
17752
17819
17888
17958
18033
18111
18182
18252
18322
18386
18450
18514
18583
18652
18718
18794
18880
18963
19038
19113
19185
19257
19332
19411
19487
19558
19632
19711
19789
19864
19943
20024
20097
20172
20249
20326
20405
20490
20573
20652
20736
20815
20893
20979
21065
21142
21221
21302
21378
21452
21530
21605
21678
21753
21827
21901
21972
22044
22119
22192
22266
22343
22422
22498
22577
22659
22736
22811
22885
22962
23037
23110
23189
23266
23344
23427
23507
23588
23671
23751
23823
23890
23964
24034
24105
24174
24239
24306
24374
24447
24518
24607
24689
24762
24836
24911
24987
25061
25138
25218
25295
25374
25458
25542
25620
25694
25770
25850
25922
26001
26079
26155
26231
26307
26377
26443
26518
26595
26670
26747
26825
26904
26980
27059
27137
27212
27292
27375
27457
27539
27621
27700
27781
27867
27952
28034
28122
28211
28291
28371
28451
28528
28610
28698
28782
28857
28933
29008
29077
29146
29215
29281
29352
29428
29499
29568
29643
29724
29802
29876
29957
30038
30116
30189
30261
30329
30397
30471
30546
30619
30699
30787
30872
30956
31041
31116
31188
31260
31328
31396
31460
31529
31607
31684
31760
31839
31917
31989
32063
32138
32212
32288
32360
32430
32501
32572
32643
32714
32782
32848
32913
32998
33080
33161
33238
33314
33384
33453
33526
33604
33687
33765
33844
33932
34020
34104
34190
34269
34343
34413
34488
34565
34639
34712
34793
34875
34955
35034
35115
35190
35262
35335
35410
35484
35555
35628
35706
