17
80
145
213
282
357
435
509
579
647
716
787
863
939
1012
1087
1174
1250
1324
1394
1465
1541
1615
1688
1763
1843
1923
1998
2074
2155
2241
2323
2399
2473
2553
2637
2718
2798
2880
2969
3059
3138
3213
3292
3385
3483
3572
3658
3749
3844
3938
4021
4096
4173
4257
4350
4432
4509
4595
4685
4770
4853
4936
5013
5086
5158
5235
5309
5382
5459
5535
5609
5684
5762
5839
5912
5983
6053
6121
6188
6257
6328
6399
6468
6536
6605
6677
6744
6810
6879
6952
7022
7090
7158
7228
7295
7363
7429
7493
7557
7624
7691
7762
7835
7906
7975
8047
8121
8192
8261
8331
8401
8469
8537
8606
8693
8783
8869
8949
9023
9096
9169
9243
9318
9407
9503
9593
9679
9764
9846
9926
10006
10084
10157
10231
10308
10386
10461
10538
10617
10697
10776
10855
10935
11013
11088
11163
11239
11313
11388
11465
11539
11611
11688
11772
11856
11933
12010
12087
12168
12245
12319
12394
12471
12548
12622
12701
12784
12869
12949
13032
13113
13192
13266
13340
13416
13493
13568
13645
13726
13808
13884
13958
14030
14104
14179
14249
14322
14398
14473
14549
14629
14711
14789
14867
14942
15014
15081
15150
15219
15287
15356
15430
15507
15580
15656
15736
15816
15892
15965
16037
16110
16181
16252
16326
16410
16486
16557
16630
16709
16786
16864
16945
17024
17097
17170
17245
17323
17399
17474
17551
17628
17703
17775
17847
17920
17994
18067
18139
18213
18286
18361
18455
18544
18625
18701
18773
18841
18907
18975
19046
19115
19188
19265
19347
19427
19506
19581
19657
19734
19807
19881
19960
20039
20114
20190
20266
20342
20414
20486
20560
20634
20708
20779
20848
20921
20995
21065
21135
21209
21285
21367
21437
21506
21574
21641
21709
21780
21853
21923
21991
22060
22129
22200
22272
22344
22418
22494
22568
22644
22720
22793
22865
22934
23003
23073
23141
23210
23282
23359
23437
23508
23575
23645
23721
23799
23873
23947
24024
24104
24180
24254
24325
24400
24482
24567
24645
24718
24791
24869
24955
25039
25119
25196
25275
25359
25441
25517
25590
25666
25746
25830
25905
25976
26054
26141
26228
26309
26386
