39
103
167
230
292
357
421
482
544
606
669
731
796
861
926
989
1051
1114
1178
1241
1306
1376
1449
1521
1587
1653
1720
1788
1860
1931
2000
2074
2153
2236
2315
2387
2453
2522
2596
2674
2751
2821
2891
2965
3046
3130
3212
3288
3355
3421
3490
3569
3655
3745
3836
3923
4002
4073
4142
4212
4290
4376
4460
4542
4629
4718
4805
4882
4952
5021
5098
5180
5259
5333
5406
5484
5569
5648
5724
5796
5869
5937
6007
6078
6152
6225
6293
6362
6434
6506
6574
6645
6716
6789
6858
6925
6994
7065
7132
7200
7269
7340
7411
7484
7554
7625
7694
7762
7830
7902
7980
8060
8135
8207
8278
8354
8441
8532
8621
8705
8786
8861
8932
9007
9098
9192
9282
9366
9449
9534
9614
9685
9760
9842
9923
10001
10079
10172
10262
10335
10407
10480
10560
10642
10718
10796
10874
10952
11032
11119
11205
11278
11351
11428
11508
11588
11662
11732
11809
11883
11951
12022
12110
12201
12282
12354
12429
12511
12600
12688
12762
12840
12934
13026
13104
13184
13271
13345
13417
13500
13588
13670
13748
13844
13937
14014
14093
14172
14248
14323
14398
14477
14551
14626
14701
14774
14844
14914
14989
15069
15147
15220
15296
15375
15459
15543
15616
15689
15763
15841
15922
15998
16073
16159
16252
16335
16411
16488
16569
16647
16723
16802
16895
16985
17072
17160
17239
17312
17384
17461
17547
17629
17710
17794
17873
17952
18033
18121
18198
18270
18343
18417
18501
18581
18655
18730
18815
18902
18981
19058
19137
19221
19303
19379
19457
19539
19626
19706
19781
19860
19947
20041
20126
20205
20288
20375
20458
20538
20619
20706
20784
20858
20937
21015
21090
21162
21237
21317
21396
21470
21545
21623
21708
21786
21861
21937
22011
22086
22165
22247
22329
22402
22472
22546
22620
22692
22763
22839
22923
23011
23101
23183
23257
23332
23412
23496
23581
23660
23734
23810
23898
23988
24070
24152
24234
24318
24394
24468
24546
24627
24712
24797
24886
24976
25056
25141
25225
25306
25382
25460
25539
25614
25689
25767
25844
25919
25993
26070
26147
26218
26288
26362
26438
26513
26585
26658
26738
26828
26920
27005
27078
27147
27219
27303
27393
27478
27571
27668
27754
27832
27906
27988
28070
28150
28231
28313
28392
28470
28550
28627
28702
28782
28858
28929
29003
29077
29154
29230
29306
29390
29477
29554
29630
29704
29779
29851
29924
30004
30089
30170
30247
30329
30413
30490
30563
30639
30718
30800
30877
30955
31034
31114
31188
31260
31336
31420
31499
31577
31656
31735
31812
31888
31967
32047
32121
32195
32272
32350
32424
32500
32581
32659
32734
32813
32891
32965
33039
33113
33190
33264
33336
33412
33486
33558
33630
33705
33786
33865
33939
34015
34096
34178
34254
34331
34412
34497
34575
34649
34722
34801
34882
34961
35042
35130
35212
35289
35366
35446
35530
35607
