81
169
252
335
424
515
598
673
748
833
916
993
1067
1144
1223
1298
1372
1456
1543
1622
1697
1771
1847
1916
1988
2060
2130
2202
2279
2357
2431
2520
2605
2682
2761
2841
2920
2995
3074
3156
3234
3307
3381
3464
3541
3612
3689
3767
3840
3916
3994
4071
4153
4240
4323
4414
4502
4577
4645
4718
4794
4874
4950
5034
5112
5191
5269
5353
5436
5514
5599
5685
5766
5841
5920
5996
6066
6139
6220
6296
6370
6454
6538
6616
6698
6777
6854
6931
7007
7076
7154
7230
7302
7378
7455
7528
7599
7674
7749
7820
7890
7961
8032
8104
8175
8242
8308
8387
8468
8548
8625
8705
8787
8870
8949
9032
9118
9202
9280
9355
9424
9493
9568
9639
9709
9785
9857
9930
10013
10094
10170
10245
10329
10409
10482
10556
10633
10708
10780
10858
10932
11003
11071
11146
11221
11295
11368
11444
11520
11592
11668
11745
11817
11888
11962
12041
12119
12196
12277
12362
12441
12518
12601
12681
12755
12831
12904
12975
13046
13127
13208
13293
13382
13461
13536
13609
13680
13751
13826
13904
13978
14052
14138
14223
14306
14389
14468
14542
14613
14689
14772
14851
14924
14997
15073
15148
15221
15296
15373
15446
15520
15601
15683
15759
15837
15916
15988
16064
16140
16212
16286
16366
16448
16521
16596
16673
16747
16823
16905
16982
17057
17140
17215
17282
17350
17423
17499
17570
17638
17707
17780
17855
17932
18014
18102
18188
18274
18363
18445
18520
18589
18665
18747
18829
18905
18979
19053
19125
19195
19270
19351
19428
19508
19588
19664
19737
19816
19895
19970
20046
20125
20207
20283
20355
20428
20505
20580
20653
20737
20817
20892
20967
21040
21112
21188
21267
21343
21419
21503
21592
21670
21752
21835
21912
21987
22062
22142
22225
22304
22384
22468
22553
22641
22725
22803
22878
22962
23044
23125
23206
23287
23366
23444
23527
23612
23692
23772
23850
23925
24002
24088
24172
24252
24330
24413
24492
24569
24649
24734
24814
24891
24976
25064
25146
25231
25321
25405
25489
25567
25642
25725
25812
25891
25972
26050
26119
26187
26257
26336
26410
26484
26565
26643
26716
26792
26871
26947
27021
27103
27192
27270
27349
27430
27507
27585
27666
27748
27826
27911
27998
28079
28158
28232
28304
28379
28456
28534
28608
28689
28775
28860
28943
29031
29114
29188
29258
29328
29423
29521
29608
29688
29768
29854
29935
30011
30088
30168
30255
30338
30420
30505
30586
30663
30745
30832
30920
30998
31072
31149
31227
31303
31382
31466
31545
31623
31706
31790
31872
31962
32053
32137
32220
32302
32376
32445
32525
32604
32682
32761
32851
32939
33019
33101
33183
33266
33354
33443
33524
33599
33686
33770
33853
33942
34031
34113
34197
34285
34366
34446
34531
34613
34688
34769
34851
34930
35009
35097
35179
35256
35335
35413
35488
35567
35654
35740
