51
140
228
309
381
449
514
577
640
703
763
825
887
954
1020
1083
1145
1209
1274
1341
1407
1471
1537
1605
1674
1744
1812
1878
1947
2025
2113
2199
2276
2348
2422
2501
2585
2673
2756
2834
2914
3004
3093
3178
3258
3335
3422
3517
3612
3697
3776
3860
3951
4040
4123
4199
4275
4354
4446
4542
4629
4710
4792
4881
4970
5052
5129
5209
5297
5390
5474
5556
5642
5732
5815
5896
5978
6055
6135
6221
6308
6389
6470
6553
6638
6718
6797
6880
6967
7047
7123
7196
7269
7344
7416
7492
7568
7651
7729
7807
7887
7968
8044
8120
8198
8279
8365
8445
8519
8596
8678
8767
8856
8940
9028
9120
9209
9288
9365
9443
9524
9603
9691
9781
9864
9946
10025
10107
10183
10259
10341
10419
10499
10582
10670
10753
10829
10909
10987
11062
11138
11216
11301
11378
11453
11530
11610
11687
11761
11838
11916
11996
12073
12148
12225
12307
12387
12465
12544
12628
12717
12800
12875
12950
13027
13111
13191
13270
13358
13448
13542
13622
13703
13786
13868
13945
14019
14095
14183
14254
14364
14445
14521
14600
14681
14763
14841
14919
15006
15100
15192
15273
15350
15430
15511
15592
15670
15748
15834
15916
15990
16063
16139
16220
16303
16382
16462
16542
16625
16704
16781
16866
16951
17030
17106
17181
17264
17345
17422
17503
17590
17681
17761
17842
17924
18008
18096
18173
18251
18334
18422
18503
18579
18654
18731
18812
18889
18968
19045
19121
19195
19269
19347
19429
19508
19586
19664
19744
19823
19899
19975
20052
20133
20215
20295
20381
20464
20542
20622
20702
20783
20861
20938
21017
21094
21176
21262
21342
21423
21506
21596
21679
21760
21839
21916
21990
22065
22142
22219
22294
22372
22454
22531
22605
22679
22757
22840
22925
23005
23085
23171
23260
23340
23416
23490
23565
23641
23730
23822
23910
23992
24077
24161
24243
24321
24402
24490
24569
24650
24732
24818
24901
24982
25074
25161
25239
25317
25395
25476
25554
25635
25722
25804
25881
25959
26039
26122
26201
26277
26357
26439
26519
26600
26687
26777
26862
26945
27023
27102
27177
27254
27342
27430
27512
27590
27668
27756
27838
27924
28014
28102
28183
28264
28350
28430
28507
28586
28667
28747
28825
28909
28992
29068
29146
29225
29303
29377
29451
29530
29612
29691
29767
29841
29915
29986
30058
30134
30214
30292
30367
30447
30528
30605
30678
30749
30824
30903
30982
31058
31131
31204
31282
31362
31442
31520
31599
31686
31768
31843
31917
31994
32078
32159
32238
32321
32407
32495
32576
32655
32736
32815
32896
32978
33063
33145
33221
33296
33376
33466
33554
33634
33710
33789
33874
33966
34047
34125
34207
34291
34371
34452
34545
34642
34727
34806
34886
34968
35049
35126
35203
35287
35372
35452
35527
35601
