23
97
172
245
318
393
470
544
613
680
746
810
876
943
1011
1082
1158
1243
1321
1396
1474
1565
1649
1729
1808
1889
1971
2050
2131
2219
2310
2392
2462
2502
2639
2744
2818
2865
2933
2990
3077
3154
3231
3307
3382
3453
3526
3601
3677
3755
3831
3904
3978
4054
4125
4196
4266
4341
4412
4480
4547
4616
4687
4757
4830
4906
4979
5051
5126
5202
5274
5346
5420
5492
5565
5639
5711
5783
5856
5933
6008
6079
6150
6224
6297
6369
6445
6518
6588
6655
6722
6790
6857
6924
6993
7067
7137
7204
7271
7338
7406
7476
7548
7618
7692
7772
7847
7924
8001
8079
8151
8220
8290
8360
8429
8497
8567
8644
8717
8788
8864
8941
9013
9086
9166
9239
9310
9385
9460
9532
9603
9675
9746
9817
9890
9962
10035
10111
10185
10254
10322
10391
10459
10530
10602
10675
10750
10825
10897
10971
11042
11111
11184
11258
11332
11404
11474
11543
11612
11681
11753
11822
11893
11964
12035
12106
12174
12241
12309
12376
12441
12507
12578
12648
12718
12791
12868
12939
13007
13076
13142
13207
13272
13337
13400
13463
13530
13598
13669
13741
13810
13880
13950
14019
14087
14156
14226
14297
14366
14436
14504
14572
14644
14716
14788
14863
14944
15017
15089
15162
15239
15311
15380
15452
15527
15600
15671
15744
15820
15897
15968
16035
16102
16171
16240
16307
16376
16449
16525
16600
16675
16747
16815
16881
16946
17010
17075
17143
17209
17273
17337
17403
17472
17541
17609
17680
17757
17832
17904
17976
18048
18123
18198
18271
18344
18414
18484
18555
18627
18698
18767
18838
18912
18984
19056
19131
19207
19283
19361
19438
19511
19581
19652
19723
19794
19868
19944
20024
20105
20183
20261
20339
20415
20489
20564
20635
20709
20779
20848
20919
20993
21063
21132
21202
21273
21344
21413
21484
21553
21620
21687
21753
21819
21885
21950
22017
22088
22163
22233
22302
22373
22446
22518
22587
22656
22727
22797
22868
22942
23012
23081
23150
23220
23290
23361
23433
23510
23589
23668
23749
23827
23905
23982
24060
24134
24209
24283
24355
24427
24500
24574
24646
24717
24791
24867
24942
25018
25097
25172
25244
25316
25386
25454
25522
25591
25659
25729
25804
25878
25949
26023
26097
26170
26242
26312
26384
26454
26525
26600
26675
26751
26830
26907
26983
27060
27134
27203
27269
27335
27405
27475
27546
27618
27690
27759
27825
27891
27959
28030
28103
28178
28253
28326
28397
28467
28538
28612
28688
28758
28828
28894
28959
29027
29097
29167
29238
29317
29400
29483
29562
29638
29710
29784
29858
29933
30006
30077
30151
30224
30295
30367
30437
30510
30585
30662
30744
30831
30914
30992
31070
31148
31221
31291
31360
31427
31493
31561
31632
31703
31774
31847
31920
31995
32075
32151
32228
32299
32369
32439
32506
32575
32647
32721
32797
32874
32949
33023
33098
33174
33247
33319
33392
33464
33539
33614
33690
33766
33845
33919
33994
34068
34148
34223
34295
34368
34444
34518
34589
34662
34736
34809
34882
34958
35032
35103
35175
35253
35326
35397
35468
35539
35610
35681
35753
35825
35896
35967
36043
36121
36196
36270
36341
36409
36478
36550
36618
36685
36753
36823
36893
36961
37027
37093
37161
37231
37302
37371
37437
37503
37570
37638
37712
37793
37875
37956
38035
38111
38185
38260
38336
38414
38493
38576
38656
38732
38807
38884
38963
39042
39120
39195
39265
39332
39399
39467
39535
39605
39673
39738
39804
39871
39940
40008
40077
40147
40217
40287
40357
40425
40493
40564
40638
40716
40789
40863
40906
41003
41070
41135
41199
41262
41326
41392
41459
41529
41602
41674
41746
41824
41896
41964
42033
42103
42173
42245
42317
42390
42463
42538
42613
42684
42756
42826
42896
42965
43036
43108
43179
43247
43315
43385
43453
43521
43589
43660
43736
43809
43881
43955
44028
44102
44176
44246
44316
44387
44457
44528
44599
44667
44733
44799
44868
44938
45006
45074
45144
45213
45280
45346
45414
45482
45551
45624
45701
45776
45854
45934
46011
46085
46159
46230
46304
46375
46444
46514
46583
46650
46718
46785
46852
46921
46996
47076
47151
47224
47298
47371
47443
47514
47589
47662
47735
47810
47888
47966
48044
48118
48187
48253
48318
48384
48450
48514
48579
48648
48718
48791
48869
48951
49031
