35
97
161
225
289
361
429
497
563
626
693
759
822
882
944
1009
1074
1136
1199
1262
1323
1400
1471
1541
1608
1677
1742
1804
1867
1933
2005
2076
2141
2206
2272
2338
2402
2463
2524
2586
2653
2717
2779
2841
2907
2973
3040
3103
3165
3226
3288
3348
3407
3468
3531
3593
3652
3709
3766
3824
3883
3941
3998
4054
4111
4172
4231
4290
4348
4409
4473
4535
4596
4659
4726
4791
4857
4927
4997
5070
5136
5197
5260
5328
5392
5458
5536
5605
5670
5733
5812
5893
5962
6027
6090
6150
6209
6271
6347
6417
6480
6547
6629
6708
6782
6848
6914
6982
7047
7112
7176
7243
7310
7375
7440
7508
7593
7663
7728
7792
7854
7917
7983
8049
8116
8184
8250
8315
8404
8484
8556
8623
8695
8767
8838
8909
8989
9065
9139
9215
9289
9356
9423
9495
9567
9634
9703
9777
9852
9923
9989
10060
10127
10193
10268
10345
10417
10493
10569
10641
10708
10788
10862
10929
11005
11088
11162
11238
11312
11387
11456
11529
11606
11677
11741
11803
11867
11935
12000
12073
12162
12249
12326
12403
12482
12558
12642
12718
12787
12860
12936
13009
13076
13153
13235
13315
13390
13466
13545
13616
13692
13764
13836
13907
13984
14058
14128
14200
14273
14349
14423
14497
14571
14642
14716
14796
14875
14946
15019
15094
15165
15232
15308
15379
15446
15510
15575
15644
15712
15784
15867
15950
16022
16094
16165
16234
16301
16371
16447
16521
16597
16676
16749
16820
16896
16969
17035
17105
17175
17249
17320
17390
17467
17549
17626
17701
17783
17864
17931
18004
18078
18146
18213
18288
18363
18438
18516
18599
18684
18763
18841
18914
18988
19054
19121
19198
19275
19347
19420
19498
19579
19655
19736
19812
19885
19953
20020
20091
20190
20282
20371
20452
20528
20605
20679
20750
20820
20897
20977
21059
21134
21204
21277
21348
21418
21486
21554
21620
21688
21766
21846
21916
21986
22058
22126
22191
22263
22332
22399
22469
22543
22618
22685
22760
22833
22903
22975
23052
23132
23211
23280
23351
23429
23508
23583
23662
23746
23826
23900
23983
24069
24146
24225
24298
24369
24447
24523
24601
24690
24776
24851
24929
25004
25072
25137
25208
25277
25346
25423
25502
25583
25658
25725
25800
25872
25939
26009
26086
26165
26236
26304
26376
26447
26518
26591
26662
26731
26804
26875
26942
27009
27082
27156
27230
27301
27367
27438
27522
27604
27678
27744
27811
27876
27937
28002
28071
28136
28209
28287
28364
28437
28511
28592
28672
28740
28817
28894
28974
29052
29136
29222
29297
29381
29463
29542
29618
29699
29779
29857
29927
30006
30096
30189
30269
30339
30419
30496
30573
30643
30716
30798
30880
30955
31027
31107
31194
31275
31353
31427
31497
31562
31628
31711
31802
31880
31963
32054
32142
32220
32296
32369
32440
32519
32592
32659
32734
32807
32876
32945
33023
33101
33177
33251
33327
33405
33478
33545
33615
33690
33768
33843
33916
33993
34066
34132
34204
34278
34349
34414
34477
34545
34616
34686
34755
34827
34894
34960
35036
35108
35174
35245
35319
35390
35458
35525
35599
35675
35748
