 656
 702
 748
 798
 848
 896
 944
 998
 1048
 1098
 1150
 1208
 1252
 1288
 1316
 1342
 1368
 1388
 1404
 1418
 1424
 1432
 1440
 1448
 1454
 1456
 1460
 1462
 1464
 1466
 1468
 1484
 1520
 1570
 1626
 1686
 1748
 1806
 1860
 1910
 1958
 1998
 2034
 2066
 2094
 2116
 2138
 2156
 2172
 2190
 2208
 2228
 2242
 2260
 2278
 2300
 2320
 2334
 2342
 2352
 2362
 2368
 2372
 2360
 2350
 2348
 2348
 2348
 2354
 2344
 2334
 2296
 2250
 2192
 2146
 2096
 2046
 1990
 1944
 1918
 1904
 1934
 1992
 2024
 2082
 2168
 2270
 2364
 2434
 2496
 2530
 2528
 2518
 2516
 2510
 2514
 2528
 2548
 2570
 2590
 2606
 2630
 2638
 2652
 2658
 2670
 2672
 2664
 2634
 2592
 2536
 2470
 2398
 2286
 2138
 1998
 1892
 1784
 1686
 1598
 1522
 1472
 1444
 1426
 1432
 1454
 1498
 1552
 1618
 1696
 1756
 1808
 1850
 1882
 1894
 1896
 1896
 1890
 1880
 1852
 1822
 1800
 1794
 1784
 1778
 1776
 1784
 1788
 1794
 1798
 1810
 1834
 1874
 1908
 1938
 1968
 1994
 2022
 2040
 2052
 2060
 2068
 2076
 2090
 2098
 2092
 2082
 2064
 2034
 2016
 2004
 1998
 1994
 1994
 2004
 2028
 2052
 2072
 2094
 2122
 2152
 2186
 2214
 2236
 2252
 2266
 2276
 2282
 2296
 2322
 2346
 2368
 2382
 2390
 2394
 2394
 2396
 2402
 2414
 2428
 2454
 2484
 2512
 2546
 2594
 2634
 2668
 2702
 2730
 2754
 2780
 2804
 2822
 2842
 2858
 2870
 2878
 2886
 2890
 2906
 2928
 2952
 2968
 2978
 2986
 3000
 3016
 3028
 3036
 3044
 3042
 3030
 3018
 2988
 2950
 2906
 2866
 2808
 2736
 2656
 2560
 2468
 2378
 2282
 2182
 2084
 1990
 1902
 1820
 1740
 1666
 1600
 1544
 1494
 1456
 1432
 1424
 1434
 1454
 1482
 1516
 1552
 1594
 1638
 1690
 1744
 1800
 1852
 1910
 1968
 2026
 2082
 2132
 2180
 2226
 2276
 2328
 2376
 2422
 2462
 2506
 2544
 2576
 2604
 2648
 2686
 2722
 2756
 2784
 2812
 2840
 2870
 2896
 2920
 2940
 2960
 2974
 2982
 2988
 2996
 3016
 3030
 3038
 3044
 3050
 3054
 3060
 3066
 3072
 3078
 3084
 3088
 3086
 3078
 3056
 3026
 3002
 2974
 2932
 2878
 2820
 2758
 2696
 2630
 2560
 2488
 2416
 2340
 2268
 2202
 2132
 2058
 1992
 1928
 1866
 1802
 1740
 1682
 1630
 1580
 1534
 1494
 1458
 1428
 1408
 1396
 1398
 1400
 1404
 1416
 1430
 1456
 1478
 1504
 1532
 1558
 1590
 1616
 1642
 1666
 1690
 1724
 1758
 1790
 1822
 1858
 1898
 1940
 1980
 2020
 2062
 2104
 2142
 2178
 2210
 2238
 2270
 2296
 2326
 2352
 2372
 2396
 2428
 2464
 2494
 2524
 2556
 2588
 2624
 2660
 2696
 2730
 2758
 2788
 2816
 2842
 2866
 2884
 2902
 2932
 2958
 2970
 2982
 2994
 3002
 3012
 3022
 3028
 3034
 3038
 3046
 3050
 3058
 3064
 3062
 3064
 3072
 3082
 3086
 3082
 3070
 3046
 3014
 2978
 2936
 2886
 2832
 2772
 2710
 2646
 2586
 2518
 2454
 2394
 2330
 2264
 2198
 2134
 2068
 2010
 1952
 1892
 1836
 1778
 1722
 1668
 1620
 1576
 1528
 1490
 1460
 1442
 1426
 1412
 1400
 1392
 1388
 1386
 1386
 1392
 1400
 1414
 1430
 1448
 1468
 1488
 1512
 1538
 1566
 1594
 1620
 1646
 1676
 1704
 1728
 1752
 1778
 1806
 1834
 1856
 1882
 1910
 1934
 1956
 1986
 2016
 2048
 2078
 2104
 2130
 2156
 2184
 2206
 2228
 2246
 2262
 2280
 2300
 2316
 2336
 2360
 2378
 2396
 2418
 2448
 2478
 2508
 2538
 2564
 2594
 2622
 2656
 2692
 2732
 2776
 2820
 2862
 2902
 2944
 2988
 3028
 3062
 3096
 3124
 3146
 3172
 3204
 3234
 3260
 3280
 3298
 3310
 3322
 3334
 3344
 3352
 3352
 3344
 3318
 3282
 3236
 3178
 3116
 3052
 2982
 2908
 2836
 2776
 2706
 2638
 2566
 2496
 2428
 2364
 2298
 2232
 2168
 2104
 2044
 1982
 1928
 1876
 1830
 1782
 1732
 1694
 1660
 1632
 1610
 1588
 1574
 1570
 1576
 1582
 1594
 1606
 1622
 1642
 1662
 1688
 1712
 1744
 1772
 1798
 1828
 1858
 1892
 1924
 1954
 1988
 2024
 2060
 2096
 2126
 2154
 2180
 2210
 2238
 2266
 2294
 2318
 2338
 2360
 2388
 2416
 2442
 2468
 2492
 2516
 2540
 2564
 2584
 2604
 2620
 2636
 2650
 2666
 2682
 2698
 2718
 2734
 2748
 2764
 2792
 2818
 2842
 2868
 2892
 2916
 2940
 2960
 2976
 2986
 2996
 3006
 3014
 3020
 3024
 3028
 3032
 3036
 3034
 3030
 3028
 3034
 3038
 3036
 3032
 3028
 3028
 3028
 3026
 3020
 3012
 2998
 2976
 2946
 2908
 2868
 2826
 2782
 2736
 2688
 2632
 2580
 2532
 2486
 2432
 2376
 2318
 2262
 2210
 2154
 2098
 2040
 1984
 1928
 1872
 1816
 1764
 1718
 1674
 1642
 1612
 1586
 1570
 1562
 1558
 1560
 1558
 1560
 1566
 1576
 1586
 1594
 1606
 1620
 1634
 1648
 1664
 1684
 1708
 1740
 1774
 1808
 1844
 1890
 1934
 1968
 1998
 2024
 2052
 2078
 2102
 2122
 2140
 2162
 2180
 2202
 2224
 2246
 2270
 2294
 2320
 2346
 2370
 2402
 2432
 2458
 2480
 2500
 2522
 2546
 2572
 2596
 2618
 2644
 2668
 2692
 2718
 2746
 2774
 2802
 2830
 2858
 2880
 2890
 2900
 2914
 2934
 2948
 2958
 2968
 2978
 2988
 3000
 3006
 3012
 3018
 3022
 3024
 3020
 3018
 3020
 3024
 3030
 3034
 3034
 3022
 3002
 2982
 2960
 2932
 2894
 2852
 2808
 2764
 2720
 2678
 2634
 2590
 2548
 2500
 2454
 2410
 2364
 2318
 2272
 2226
 2172
 2122
 2074
 2024
 1974
 1920
 1866
 1814
 1772
 1730
 1694
 1660
 1634
 1614
 1600
 1590
 1588
 1592
 1602
 1618
 1632
 1656
 1684
 1716
 1748
 1782
 1814
 1850
 1888
 1922
 1956
 1988
 2018
 2050
 2080
 2110
 2142
 2176
 2210
 2240
 2268
 2294
 2324
 2352
 2376
 2398
 2420
 2442
 2464
 2488
 2510
 2528
 2548
 2568
 2584
 2602
 2618
 2636
 2654
 2670
 2688
 2702
 2712
 2724
 2744
 2760
 2774
 2784
 2796
 2808
 2824
 2840
 2856
 2868
 2882
 2894
 2906
 2914
 2920
 2930
 2938
 2950
 2958
 2968
 2978
 2984
 2986
 2988
 2994
 2990
 2974
 2954
 2922
 2888
 2850
 2808
 2758
 2708
 2652
 2598
 2544
 2492
 2440
 2392
 2340
 2294
 2246
 2200
 2152
 2102
 2054
 2008
 1956
 1900
 1844
 1788
 1734
 1686
 1638
 1594
 1552
 1516
 1488
 1466
 1448
 1432
 1410
 1384
 1362
 1338
 1318
 1304
 1298
 1294
 1290
 1286
 1282
 1290
 1300
 1310
 1320
 1332
 1348
 1368
 1390
 1420
 1456
 1502
 1554
 1610
 1660
 1714
 1764
 1814
 1860
 1904
 1944
 1992
 2040
 2084
 2126
 2162
 2198
 2234
 2264
 2294
 2324
 2352
 2380
 2410
 2438
 2462
 2484
 2510
 2540
 2564
 2586
 2608
 2634
 2656
 2678
 2700
 2722
 2744
 2762
 2784
 2800
 2818
 2834
 2854
 2870
 2890
 2906
 2922
 2936
 2950
 2972
 2996
 3016
 3032
 3048
 3066
 3080
 3090
 3102
 3114
 3122
 3128
 3134
 3134
 3126
 3108
 3076
 3040
 3000
 2954
 2902
 2846
 2798
 2748
 2694
 2636
 2580
 2524
 2470
 2424
 2376
 2324
 2272
 2220
 2170
 2122
 2074
 2028
 1984
 1946
 1904
 1864
 1836
 1808
 1784
 1762
 1740
 1720
 1704
 1688
 1674
 1668
 1660
 1654
 1650
 1650
 1652
 1658
 1666
 1672
 1680
 1694
 1708
 1722
 1732
 1744
 1758
 1770
 1784
 1794
 1806
 1822
 1840
 1860
 1878
 1898
 1920
 1948
 1976
 2000
 2024
 2052
 2082
 2114
 2144
 2172
 2206
 2238
 2268
 2294
 2318
 2342
 2364
 2388
 2410
 2434
 2460
 2482
 2506
 2526
 2544
 2572
 2598
 2618
 2636
 2656
 2678
 2696
 2718
 2740
 2762
 2784
 2808
 2828
 2848
 2868
 2884
 2902
 2920
 2938
 2958
 2968
 2976
 2986
 3002
 3022
 3036
 3050
 3064
 3080
 3094
 3110
 3126
 3140
 3150
 3160
 3158
 3144
 3124
 3098
 3066
 3030
 2990
 2946
 2902
 2852
 2798
 2750
 2704
 2654
 2604
 2550
 2498
 2446
 2396
 2344
 2288
 2232
 2176
 2124
 2070
 2024
 1978
 1936
 1902
 1878
 1864
 1858
 1862
 1874
 1890
 1910
 1936
 1964
 1998
 2032
 2066
 2098
 2126
 2150
 2174
 2198
 2220
 2246
 2270
 2294
 2320
 2342
 2358
 2376
 2394
 2410
 2428
 2448
 2472
 2500
 2530
 2558
 2586
 2612
 2638
 2664
 2690
 2714
 2740
 2768
 2798
 2828
 2850
 2868
 2886
 2902
 2912
 2922
 2932
 2944
 2956
 2966
 2978
 2992
 3006
 3020
 3032
 3042
 3054
 3064
 3074
 3084
 3092
 3100
 3104
 3102
 3100
 3104
 3104
 3096
 3082
 3062
 3038
 3010
 2980
 2936
 2888
 2842
 2792
 2742
 2692
 2644
 2594
 2546
 2498
 2450
 2398
 2346
 2296
 2248
 2196
 2144
 2092
 2046
 2004
 1970
 1940
 1914
 1900
 1896
 1900
 1912
 1936
 1964
 1996
 2040
 2086
 2128
 2174
 2218
 2264
 2308
 2350
 2392
 2434
 2476
 2516
 2554
 2588
 2622
 2656
 2688
 2720
 2750
 2778
 2806
 2826
 2844
 2866
 2896
 2920
 2940
 2958
 2976
 2994
 3008
 3020
 3032
 3038
 3046
 3048
 3052
 3056
 3060
 3062
 3062
 3060
 3054
 3050
 3054
 3056
 3056
 3056
 3058
 3062
 3064
 3070
 3074
 3078
 3082
 3084
 3086
 3090
 3096
 3104
 3108
 3112
 3120
 3120
 3116
 3106
 3100
 3088
 3068
 3044
 3016
 2984
 2948
 2912
 2872
 2828
 2782
 2734
 2684
 2636
 2588
 2540
 2492
 2446
 2396
 2352
 2300
 2248
 2200
 2152
 2104
 2056
 2012
 1976
 1946
 1928
 1914
 1908
 1910
 1916
 1930
 1946
 1968
 1992
 2022
 2058
 2100
 2138
 2178
 2222
 2266
 2306
 2346
 2384
 2420
 2454
 2488
 2518
 2546
 2572
 2602
 2628
 2652
 2676
 2702
 2728
 2752
 2772
 2788
 2802
 2820
 2844
 2866
 2880
 2894
 2902
 2912
 2924
 2934
 2942
 2950
 2958
 2968
 2980
 2988
 2996
 3004
 3012
 3020
 3026
 3024
 3022
 3028
 3038
 3042
 3048
 3050
 3054
 3052
 3042
 3026
 3006
 2982
 2954
 2924
 2890
 2852
 2818
 2782
 2744
 2706
 2664
 2614
 2570
 2530
 2484
 2438
 2390
 2344
 2298
 2254
 2206
 2154
 2102
 2056
 2018
 1990
 1974
 1978
 1996
 2030
 2076
 2126
 2176
 2228
 2282
 2342
 2400
 2454
 2502
 2556
 2604
 2650
 2694
 2734
 2774
 2810
 2842
 2876
 2902
 2920
 2936
 2944
 2954
 2958
 2968
 2984
 2994
 3004
 3016
 3026
 3034
 3038
 3038
 3026
 3004
 2972
 2930
 2888
 2838
 2784
 2728
 2662
 2596
 2534
 2474
 2410
 2348
 2286
 2230
 2180
 2128
 2082
 2036
 1990
 1946
 1904
 1864
 1828
 1802
 1790
 1788
 1796
 1816
 1844
 1882
 1928
 1978
 2030
 2078
 2128
 2172
 2210
 2250
 2290
 2332
 2378
 2422
 2466
 2508
 2550
 2590
 2622
 2646
 2674
 2708
 2738
 2764
 2788
 2810
 2834
 2854
 2874
 2890
 2906
 2912
 2920
 2928
 2936
 2942
 2950
 2956
 2964
 2964
 2964
 2964
 2966
 2972
 2972
 2972
 2962
 2946
 2926
 2904
 2876
 2840
 2796
 2750
 2696
 2640
 2590
 2538
 2486
 2432
 2376
 2320
 2262
 2210
 2156
 2098
 2042
 1986
 1936
 1892
 1854
 1820
 1800
 1790
 1790
 1802
 1824
 1850
 1884
 1918
 1958
 2004
 2046
 2092
 2138
 2182
 2230
 2274
 2316
 2356
 2392
 2428
 2462
 2494
 2524
 2554
 2578
 2606
 2630
 2652
 2676
 2704
 2722
 2740
 2754
 2776
 2794
 2806
 2814
 2820
 2828
 2836
 2848
 2856
 2862
 2868
 2876
 2882
 2888
 2896
 2904
 2908
 2912
 2912
 2910
 2912
 2918
 2924
 2928
 2930
 2936
 2936
 2940
 2940
 2936
 2926
 2906
 2884
 2858
 2826
 2794
 2758
 2720
 2680
 2634
 2588
 2550
 2514
 2472
 2428
 2382
 2340
 2300
 2258
 2214
 2172
 2134
 2096
 2056
 2022
 1986
 1956
 1942
 1940
 1946
 1962
 1990
 2022
 2058
 2096
 2130
 2172
 2216
 2256
 2296
 2334
 2372
 2408
 2440
 2468
 2500
 2528
 2556
 2582
 2606
 2626
 2650
 2678
 2700
 2722
 2744
 2764
 2784
 2804
 2822
 2840
 2854
 2870
 2882
 2896
 2906
 2914
 2922
 2930
 2938
 2940
 2940
 2948
 2958
 2966
 2974
 2982
 2996
 3008
 3014
 3022
 3014
 3000
 2976
 2950
 2918
 2884
 2850
 2810
 2770
 2730
 2684
 2638
 2594
 2550
 2496
 2438
 2376
 2314
 2256
 2202
 2148
 2092
 2040
 1990
 1942
 1900
 1864
 1838
 1824
 1822
 1830
 1850
 1872
 1906
 1944
 1992
 2040
 2086
 2136
 2182
 2226
 2268
 2308
 2348
 2386
 2426
 2458
 2488
 2520
 2548
 2572
 2602
 2638
 2672
 2702
 2730
 2758
 2786
 2812
 2842
 2868
 2892
 2916
 2938
 2956
 2968
 2982
 2994
 3000
 3010
 3024
 3042
 3060
 3074
 3086
 3100
 3112
 3124
 3136
 3148
 3142
 3134
 3114
 3090
 3062
 3028
 2986
 2942
 2902
 2862
 2814
 2764
 2712
 2662
 2614
 2566
 2516
 2466
 2420
 2372
 2320
 2268
 2216
 2168
 2122
 2072
 2036
 2012
 1996
 1994
 2004
 2026
 2058
 2094
 2132
 2166
 2196
 2226
 2254
 2278
 2312
 2346
 2382
 2408
 2432
 2456
 2484
 2510
 2536
 2560
 2586
 2612
 2634
 2660
 2682
 2702
 2724
 2742
 2762
 2780
 2796
 2816
 2828
 2840
 2860
 2884
 2904
 2922
 2936
 2948
 2956
 2964
 2972
 2978
 2984
 2986
 2988
 2992
 2994
 3000
 3002
 2998
 2992
 2994
 3000
 2996
 2982
 2966
 2946
 2926
 2900
 2872
 2836
 2792
 2746
 2696
 2642
 2590
 2540
 2488
 2440
 2386
 2332
 2282
 2232
 2180
 2130
 2078
 2030
 1990
 1956
 1926
 1906
 1896
 1894
 1906
 1922
 1944
 1976
 2010
 2052
 2092
 2132
 2176
 2222
 2266
 2310
 2354
 2396
 2434
 2472
 2506
 2538
 2568
 2598
 2628
 2658
 2688
 2716
 2746
 2774
 2798
 2818
 2842
 2868
 2888
 2908
 2928
 2946
 2966
 2980
 2996
 3008
 3018
 3032
 3042
 3050
 3064
 3076
 3090
 3098
 3100
 3094
 3084
 3068
 3036
 2996
 2952
 2906
 2858
 2808
 2752
 2692
 2632
 2568
 2506
 2442
 2380
 2320
 2262
 2208
 2150
 2098
 2046
 1994
 1944
 1892
 1842
 1794
 1748
 1708
 1670
 1632
 1600
 1574
 1556
 1546
 1540
 1540
 1546
 1552
 1564
 1578
 1594
 1614
 1632
 1654
 1678
 1706
 1730
 1760
 1790
 1820
 1854
 1892
 1930
 1974
 2022
 2068
 2112
 2152
 2196
 2238
 2278
 2314
 2352
 2388
 2424
 2456
 2486
 2514
 2538
 2560
 2582
 2604
 2628
 2650
 2674
 2694
 2708
 2726
 2748
 2764
 2776
 2784
 2796
 2808
 2822
 2836
 2848
 2860
 2870
 2878
 2886
 2896
 2900
 2906
 2916
 2922
 2926
 2930
 2938
 2950
 2958
 2966
 2970
 2976
 2978
 2980
 2982
 2978
 2976
 2978
 2980
 2984
 2980
 2970
 2952
 2928
 2898
 2860
 2818
 2782
 2744
 2692
 2636
 2578
 2520
 2460
 2400
 2336
 2270
 2204
 2138
 2074
 2012
 1954
 1900
 1850
 1802
 1758
 1720
 1686
 1662
 1644
 1636
 1636
 1646
 1664
 1688
 1720
 1756
 1794
 1836
 1878
 1926
 1978
 2028
 2078
 2118
 2156
 2194
 2230
 2262
 2294
 2326
 2356
 2388
 2418
 2446
 2470
 2496
 2518
 2538
 2562
 2584
 2604
 2628
 2646
 2660
 2684
 2708
 2722
 2736
 2750
 2764
 2780
 2796
 2812
 2824
 2836
 2848
 2860
 2874
 2884
 2892
 2900
 2908
 2914
 2918
 2924
 2936
 2952
 2964
 2976
 2990
 2998
 3008
 3018
 3028
 3030
 3032
 3030
 3022
 3010
 2988
 2962
 2934
 2900
 2866
 2822
 2774
 2732
 2692
 2650
 2602
 2552
 2498
 2448
 2398
 2348
 2294
 2240
 2186
 2136
 2088
 2042
 1998
 1954
 1916
 1882
 1858
 1842
 1834
 1842
 1854
 1872
 1894
 1918
 1944
 1978
 2014
 2046
 2074
 2102
 2134
 2166
 2196
 2222
 2250
 2284
 2316
 2346
 2376
 2402
 2428
 2460
 2494
 2520
 2546
 2574
 2604
 2630
 2660
 2688
 2716
 2742
 2770
 2792
 2814
 2834
 2850
 2868
 2880
 2892
 2894
 2892
 2896
 2904
 2918
 2930
 2938
 2948
 2958
 2970
 2982
 2992
 3002
 3012
 3022
 3032
 3042
 3056
 3066
 3072
 3064
 3048
 3026
 3000
 2964
 2928
 2894
 2860
 2822
 2778
 2732
 2684
 2640
 2594
 2550
 2502
 2454
 2410
 2364
 2318
 2274
 2228
 2182
 2142
 2100
 2056
 2014
 1980
 1952
 1926
 1912
 1912
 1922
 1944
 1976
 2012
 2052
 2094
 2136
 2178
 2224
 2268
 2306
 2342
 2374
 2404
 2430
 2458
 2494
 2530
 2564
 2596
 2626
 2656
 2686
 2718
 2750
 2780
 2812
 2844
 2872
 2898
 2924
 2946
 2968
 2982
 2994
 3008
 3030
 3052
 3068
 3084
 3100
 3114
 3128
 3136
 3140
 3136
 3124
 3104
 3076
 3044
 3006
 2970
 2926
 2874
 2824
 2780
 2730
 2676
 2620
 2562
 2506
 2452
 2396
 2336
 2274
 2212
 2152
 2094
 2042
 1992
 1948
 1916
 1890
 1872
 1874
 1886
 1904
 1930
 1962
 1998
 2046
 2098
 2146
 2196
 2246
 2290
 2336
 2376
 2420
 2466
 2508
 2548
 2586
 2618
 2650
 2688
 2724
 2756
 2790
 2822
 2850
 2880
 2906
 2926
 2946
 2962
 2976
 2992
 3006
 3020
 3034
 3052
 3074
 3094
 3110
 3126
 3136
 3152
 3162
 3162
 3150
 3126
 3098
 3060
 3020
 2978
 2928
 2878
 2826
 2770
 2714
 2658
 2602
 2546
 2490
 2434
 2378
 2318
 2264
 2212
 2160
 2106
 2054
 2008
 1970
 1942
 1922
 1916
 1924
 1942
 1972
 2014
 2062
 2114
 2168
 2218
 2264
 2312
 2360
 2410
 2462
 2512
 2562
 2608
 2654
 2698
 2744
 2784
 2826
 2864
 2900
 2932
 2964
 2990
 3014
 3036
 3060
 3076
 3086
 3094
 3098
 3114
 3130
 3134
 3140
 3146
 3152
 3156
 3162
 3166
 3168
 3166
 3162
 3150
 3130
 3104
 3074
 3036
 2992
 2944
 2900
 2858
 2812
 2762
 2710
 2654
 2604
 2552
 2498
 2440
 2380
 2320
 2262
 2206
 2152
 2104
 2056
 2010
 1966
 1922
 1892
 1868
 1850
 1844
 1850
 1866
 1894
 1928
 1960
 1994
 2026
 2058
 2090
 2128
 2164
 2200
 2238
 2274
 2306
 2342
 2380
 2418
 2454
 2492
 2530
 2572
 2612
 2648
 2684
 2716
 2748
 2780
 2808
 2838
 2876
 2906
 2928
 2950
 2962
 2980
 3002
 3022
 3040
 3060
 3076
 3092
 3102
 3112
 3112
 3106
 3092
 3070
 3042
 3008
 2970
 2932
 2888
 2840
 2786
 2736
 2690
 2640
 2588
 2534
 2480
 2426
 2374
 2320
 2266
 2212
 2158
 2106
 2058
 2014
 1972
 1938
 1910
 1892
 1886
 1894
 1908
 1928
 1958
 1992
 2036
 2082
 2130
 2176
 2224
 2266
 2306
 2340
 2374
 2408
 2442
 2476
 2506
 2530
 2556
 2588
 2624
 2654
 2686
 2718
 2750
 2782
 2810
 2838
 2860
 2880
 2898
 2916
 2934
 2946
 2960
 2974
 2988
 3000
 3000
 3002
 3012
 3026
 3036
 3046
 3054
 3062
 3064
 3066
 3062
 3050
 3034
 3014
 2990
 2964
 2936
 2914
 2892
 2870
 2838
 2800
 2762
 2716
 2662
 2604
 2542
 2480
 2424
 2368
 2316
 2262
 2208
 2154
 2102
 2052
 2000
 1958
 1922
 1900
 1890
 1892
 1904
 1928
 1964
 2006
 2052
 2096
 2144
 2194
 2248
 2300
 2350
 2398
 2446
 2496
 2542
 2586
 2630
 2670
 2708
 2740
 2764
 2796
 2830
 2858
 2884
 2904
 2930
 2954
 2970
 2992
 3024
 3054
 3080
 3090
 3090
 3078
 3074
 3072
 3060
 3044
 3024
 3008
 2998
 2984
 2962
 2936
 2906
 2872
 2834
 2794
 2752
 2706
 2656
 2606
 2560
 2512
 2464
 2416
 2366
 2318
 2272
 2230
 2184
 2140
 2094
 2052
 2012
 1978
 1948
 1916
 1890
 1872
 1866
 1872
 1890
 1916
 1948
 1982
 2026
 2070
 2112
 2156
 2194
 2232
 2270
 2306
 2340
 2372
 2404
 2434
 2462
 2486
 2512
 2538
 2562
 2588
 2608
 2624
 2642
 2668
 2688
 2706
 2724
 2740
 2760
 2778
 2798
 2816
 2832
 2850
 2866
 2884
 2902
 2916
 2930
 2944
 2952
 2960
 2966
 2980
 2992
 3004
 3018
 3030
 3044
 3058
 3068
 3064
 3046
 3020
 2986
 2948
 2908
 2866
 2818
 2770
 2720
 2662
 2610
 2560
 2508
 2448
 2386
 2324
 2262
 2204
 2146
 2088
 2032
 1978
 1928
 1878
 1832
 1792
 1758
 1736
 1722
 1722
 1736
 1756
 1784
 1820
 1862
 1912
 1966
 2018
 2068
 2118
 2172
 2222
 2270
 2314
 2358
 2404
 2448
 2488
 2518
 2554
 2594
 2630
 2664
 2696
 2728
 2762
 2794
 2822
 2848
 2874
 2900
 2922
 2942
 2962
 2978
 2988
 2994
 2998
 3000
 3014
 3024
 3032
 3040
 3048
 3058
 3066
 3076
 3084
 3092
 3100
 3104
 3100
 3090
 3072
 3050
 3020
 2982
 2942
 2902
 2870
 2830
 2788
 2742
 2700
 2658
 2614
 2568
 2520
 2470
 2416
 2362
 2312
 2262
 2214
 2168
 2122
 2076
 2036
 1996
 1962
 1936
 1922
 1918
 1928
 1944
 1966
 1994
 2026
 2062
 2098
 2142
 2186
 2232
 2276
 2314
 2352
 2390
 2432
 2470
 2502
 2536
 2566
 2600
 2632
 2662
 2690
 2716
 2740
 2762
 2784
 2806
 2828
 2854
 2874
 2892
 2912
 2942
 2970
 2996
 3018
 3036
 3052
 3068
 3086
 3104
 3118
 3134
 3148
 3162
 3176
 3188
 3198
 3206
 3210
 3210
 3212
 3216
 3216
 3200
 3180
 3150
 3118
 3080
 3038
 2990
 2936
 2878
 2820
 2764
 2710
 2654
 2602
 2548
 2488
 2432
 2378
 2320
 2264
 2204
 2146
 2092
 2040
 1994
 1948
 1910
 1878
 1860
 1854
 1862
 1878
 1902
 1934
 1966
 2004
 2046
 2098
 2146
 2192
 2236
 2282
 2330
 2376
 2420
 2460
 2494
 2528
 2556
 2590
 2618
 2646
 2672
 2692
 2710
 2734
 2764
 2796
 2824
 2854
 2882
 2910
 2930
 2950
 2966
 2986
 3004
 3020
 3038
 3052
 3066
 3078
 3080
 3080
 3084
 3096
 3108
 3116
 3124
 3132
 3140
 3144
 3144
 3140
 3134
 3122
 3102
 3078
 3052
 3020
 2986
 2946
 2900
 2848
 2800
 2758
 2712
 2664
 2610
 2558
 2506
 2454
 2402
 2348
 2290
 2232
 2176
 2120
 2068
 2018
 1974
 1936
 1902
 1878
 1866
 1866
 1872
 1886
 1904
 1928
 1954
 1984
 2018
 2050
 2080
 2112
 2144
 2174
 2206
 2236
 2266
 2298
 2324
 2348
 2378
 2412
 2442
 2472
 2498
 2526
 2554
 2580
 2606
 2628
 2650
 2672
 2692
 2712
 2732
 2752
 2770
 2786
 2798
 2808
 2824
 2844
 2862
 2878
 2892
 2904
 2920
 2930
 2936
 2938
 2942
 2946
 2950
 2956
 2962
 2970
 2978
 2988
 2992
 2992
 2994
 3004
 3014
 3024
 3032
 3040
 3050
 3056
 3052
 3040
 3024
 3004
 2980
 2948
 2912
 2876
 2844
 2810
 2770
 2724
 2670
 2614
 2560
 2512
 2462
 2406
 2344
 2286
 2224
 2166
 2106
 2046
 1988
 1932
 1878
 1826
 1776
 1730
 1690
 1656
 1626
 1602
 1584
 1582
 1588
 1602
 1622
 1644
 1672
 1708
 1744
 1780
 1818
 1858
 1900
 1944
 1986
 2030
 2078
 2128
 2172
 2212
 2256
 2302
 2348
 2392
 2434
 2472
 2508
 2540
 2570
 2596
 2624
 2652
 2680
 2706
 2734
 2758
 2782
 2800
 2808
 2816
 2830
 2848
 2866
 2884
 2900
 2912
 2922
 2932
 2942
 2954
 2966
 2978
 2992
 3008
 3024
 3040
 3048
 3054
 3056
 3066
 3078
 3082
 3084
 3078
 3066
 3050
 3024
 2994
 2958
 2920
 2874
 2824
 2770
 2720
 2664
 2608
 2554
 2492
 2430
 2372
 2320
 2260
 2200
 2134
 2072
 2016
 1962
 1910
 1858
 1814
 1774
 1748
 1736
 1732
 1736
 1748
 1770
 1796
 1824
 1858
 1894
 1930
 1964
 1996
 2028
 2062
 2104
 2142
 2178
 2216
 2252
 2292
 2332
 2370
 2406
 2438
 2472
 2502
 2526
 2552
 2582
 2612
 2636
 2654
 2674
 2688
 2702
 2720
 2734
 2746
 2762
 2774
 2788
 2800
 2810
 2818
 2824
 2828
 2830
 2832
 2834
 2842
 2862
 2884
 2908
 2930
 2946
 2964
 2980
 3000
 3020
 3040
 3060
 3082
 3100
 3118
 3132
 3146
 3156
 3162
 3164
 3152
 3128
 3098
 3070
 3046
 3014
 2976
 2934
 2886
 2838
 2786
 2734
 2674
 2616
 2560
 2500
 2438
 2378
 2320
 2262
 2204
 2148
 2092
 2038
 1982
 1936
 1894
 1854
 1816
 1788
 1772
 1770
 1788
 1810
 1842
 1882
 1924
 1970
 2018
 2066
 2110
 2156
 2200
 2244
 2282
 2320
 2362
 2408
 2448
 2482
 2514
 2544
 2574
 2600
 2622
 2642
 2660
 2678
 2692
 2704
 2716
 2724
 2734
 2746
 2756
 2766
 2780
 2800
 2822
 2844
 2866
 2890
 2910
 2930
 2950
 2962
 2972
 2988
 3006
 3026
 3040
 3052
 3066
 3078
 3088
 3094
 3096
 3098
 3112
 3126
 3136
 3146
 3154
 3160
 3162
 3156
 3142
 3118
 3092
 3060
 3016
 2976
 2936
 2892
 2852
 2804
 2756
 2712
 2674
 2632
 2590
 2540
 2486
 2432
 2378
 2320
 2262
 2198
 2134
 2074
 2012
 1956
 1902
 1852
 1806
 1766
 1736
 1714
 1700
 1690
 1684
 1682
 1688
 1700
 1716
 1738
 1764
 1790
 1816
 1844
 1876
 1908
 1944
 1982
 2012
 2048
 2088
 2120
 2148
 2176
 2204
 2234
 2260
 2288
 2310
 2334
 2356
 2376
 2396
 2410
 2422
 2436
 2442
 2444
 2450
 2466
 2486
 2506
 2524
 2540
 2558
 2576
 2592
 2610
 2624
 2636
 2650
 2658
 2666
 2674
 2690
 2714
 2740
 2772
 2802
 2828
 2852
 2882
 2918
 2948
 2972
 2992
 3014
 3032
 3048
 3060
 3068
 3078
 3084
 3088
 3086
 3076
 3058
 3028
 2998
 2972
 2944
 2910
 2874
 2834
 2790
 2744
 2700
 2652
 2600
 2552
 2500
 2454
 2404
 2352
 2302
 2244
 2180
 2116
 2050
 1988
 1928
 1868
 1818
 1770
 1726
 1704
 1692
 1692
 1704
 1730
 1764
 1804
 1844
 1880
 1916
 1950
 1982
 2014
 2044
 2076
 2110
 2140
 2174
 2202
 2230
 2260
 2292
 2326
 2356
 2380
 2400
 2418
 2438
 2450
 2460
 2468
 2474
 2486
 2498
 2512
 2528
 2550
 2568
 2580
 2590
 2604
 2622
 2644
 2664
 2684
 2704
 2722
 2736
 2748
 2758
 2764
 2770
 2778
 2790
 2808
 2826
 2846
 2862
 2876
 2890
 2912
 2944
 2970
 2998
 3014
 3030
 3048
 3062
 3080
 3096
 3112
 3126
 3140
 3152
 3156
 3154
 3142
 3122
 3094
 3056
 3022
 2994
 2958
 2918
 2872
 2826
 2780
 2732
 2684
 2632
 2576
 2524
 2466
 2410
 2352
 2298
 2240
 2182
 2122
 2058
 2004
 1946
 1884
 1824
 1766
 1714
 1672
 1640
 1616
 1604
 1602
 1608
 1622
 1638
 1662
 1692
 1724
 1762
 1794
 1836
 1878
 1920
 1960
 1998
 2034
 2072
 2112
 2150
 2186
 2226
 2262
 2302
 2336
 2372
 2406
 2440
 2472
 2500
 2522
 2546
 2574
 2604
 2628
 2648
 2672
 2694
 2714
 2736
 2758
 2780
 2800
 2820
 2838
 2854
 2868
 2882
 2896
 2908
 2920
 2924
 2928
 2932
 2944
 2960
 2970
 2976
 2984
 2996
 3004
 3012
 3018
 3022
 3024
 3028
 3026
 3028
 3030
 3032
 3036
 3034
 3032
 3028
 3018
 2998
 2970
 2944
 2922
 2892
 2858
 2814
 2766
 2720
 2672
 2624
 2572
 2520
 2464
 2408
 2352
 2294
 2240
 2184
 2130
 2076
 2024
 1974
 1926
 1884
 1842
 1800
 1762
 1730
 1712
 1708
 1720
 1734
 1758
 1780
 1808
 1842
 1872
 1906
 1942
 1974
 2008
 2038
 2066
 2096
 2130
 2170
 2202
 2232
 2258
 2284
 2312
 2334
 2356
 2376
 2396
 2414
 2434
 2452
 2470
 2486
 2504
 2518
 2528
 2542
 2564
 2584
 2602
 2614
 2626
 2640
 2654
 2666
 2680
 2692
 2702
 2710
 2722
 2734
 2746
 2758
 2772
 2782
 2790
 2800
 2818
 2838
 2856
 2868
 2888
 2898
 2904
 2912
 2918
 2922
 2928
 2932
 2938
 2946
 2952
 2962
 2968
 2970
 2968
 2962
 2958
 2944
 2922
 2894
 2866
 2832
 2794
 2750
 2704
 2650
 2594
 2538
 2476
 2414
 2354
 2294
 2232
 2174
 2108
 2050
 1998
 1942
 1886
 1830
 1772
 1720
 1678
 1638
 1612
 1596
 1592
 1600
 1618
 1642
 1670
 1704
 1740
 1776
 1810
 1850
 1890
 1930
 1968
 2000
 2032
 2064
 2100
 2132
 2162
 2190
 2218
 2242
 2264
 2290
 2312
 2334
 2358
 2376
 2392
 2416
 2444
 2472
 2502
 2538
 2576
 2614
 2654
 2696
 2734
 2770
 2804
 2836
 2870
 2902
 2934
 2962
 2984
 3002
 3012
 3018
 3016
 3010
 2994
 2966
 2928
 2882
 2828
 2768
 2706
 2640
 2566
 2492
 2414
 2334
 2258
 2184
 2110
 2044
 1976
 1912
 1854
 1804
 1748
 1694
 1640
 1590
 1546
 1508
 1476
 1452
 1440
 1438
 1450
 1466
 1488
 1518
 1554
 1594
 1634
 1680
 1730
 1782
 1830
 1878
 1924
 1972
 2016
 2054
 2094
 2128
 2162
 2196
 2230
 2260
 2292
 2322
 2348
 2374
 2408
 2442
 2474
 2502
 2526
 2556
 2582
 2606
 2632
 2658
 2682
 2706
 2728
 2754
 2780
 2802
 2822
 2838
 2850
 2868
 2892
 2912
 2928
 2936
 2944
 2954
 2964
 2970
 2964
 2956
 2938
 2914
 2886
 2856
 2824
 2788
 2752
 2708
 2662
 2622
 2584
 2536
 2482
 2428
 2380
 2336
 2290
 2240
 2178
 2108
 2032
 1964
 1898
 1840
 1788
 1742
 1710
 1690
 1678
 1680
 1692
 1710
 1736
 1768
 1806
 1848
 1896
 1934
 1976
 2018
 2058
 2098
 2136
 2176
 2216
 2252
 2288
 2322
 2352
 2382
 2420
 2452
 2478
 2500
 2530
 2562
 2584
 2598
 2602
 2600
 2604
 2606
 2616
 2626
 2638
 2654
 2672
 2688
 2698
 2710
 2732
 2758
 2780
 2804
 2828
 2852
 2876
 2900
 2920
 2936
 2954
 2972
 2988
 3006
 3022
 3036
 3046
 3046
 3030
 3010
 2990
 2970
 2942
 2906
 2866
 2826
 2782
 2738
 2690
 2638
 2584
 2528
 2472
 2416
 2368
 2322
 2276
 2226
 2162
 2098
 2038
 1978
 1914
 1856
 1796
 1748
 1710
 1680
 1662
 1656
 1658
 1668
 1686
 1712
 1746
 1786
 1832
 1880
 1930
 1976
 2026
 2076
 2120
 2160
 2196
 2232
 2270
 2302
 2336
 2370
 2400
 2428
 2456
 2484
 2510
 2534
 2558
 2574
 2584
 2598
 2624
 2646
 2668
 2690
 2710
 2730
 2748
 2762
 2776
 2788
 2800
 2814
 2830
 2848
 2868
 2888
 2908
 2924
 2936
 2944
 2958
 2984
 3012
 3032
 3050
 3068
 3086
 3102
 3116
 3124
 3126
 3120
 3110
 3088
 3062
 3032
 2998
 2962
 2922
 2878
 2826
 2778
 2734
 2688
 2636
 2580
 2518
 2458
 2396
 2334
 2268
 2200
 2134
 2070
 2014
 1964
 1922
 1892
 1878
 1872
 1880
 1898
 1928
 1966
 2006
 2048
 2088
 2134
 2176
 2214
 2254
 2292
 2326
 2364
 2400
 2436
 2468
 2504
 2530
 2550
 2566
 2590
 2606
 2622
 2640
 2656
 2678
 2700
 2726
 2750
 2774
 2800
 2826
 2854
 2880
 2908
 2934
 2954
 2964
 2976
 3000
 3024
 3048
 3066
 3084
 3104
 3120
 3138
 3152
 3166
 3176
 3180
 3176
 3158
 3136
 3110
 3078
 3042
 2996
 2950
 2906
 2872
 2834
 2788
 2742
 2690
 2640
 2582
 2524
 2460
 2394
 2326
 2260
 2192
 2130
 2068
 2010
 1956
 1900
 1850
 1808
 1772
 1742
 1722
 1712
 1716
 1728
 1748
 1776
 1808
 1844
 1886
 1928
 1972
 2016
 2058
 2104
 2154
 2200
 2238
 2274
 2308
 2334
 2360
 2388
 2416
 2444
 2468
 2496
 2524
 2552
 2578
 2604
 2628
 2652
 2672
 2694
 2710
 2720
 2732
 2748
 2768
 2786
 2804
 2818
 2834
 2852
 2868
 2886
 2902
 2918
 2932
 2946
 2956
 2966
 2978
 2992
 3006
 3016
 3022
 3022
 3020
 3026
 3026
 3016
 3000
 2980
 2958
 2926
 2888
 2848
 2798
 2744
 2690
 2636
 2580
 2522
 2466
 2412
 2360
 2308
 2258
 2202
 2152
 2102
 2054
 2002
 1948
 1896
 1852
 1814
 1786
 1766
 1760
 1772
 1796
 1828
 1866
 1914
 1966
 2018
 2068
 2118
 2172
 2228
 2284
 2336
 2384
 2426
 2464
 2500
 2532
 2558
 2584
 2604
 2620
 2630
 2638
 2644
 2652
 2660
 2668
 2674
 2686
 2702
 2726
 2746
 2762
 2778
 2794
 2812
 2828
 2844
 2858
 2874
 2890
 2904
 2918
 2926
 2938
 2956
 2974
 2990
 3000
 3008
 3022
 3044
 3066
 3086
 3104
 3130
 3152
 3174
 3194
 3210
 3224
 3240
 3256
 3264
 3270
 3274
 3274
 3262
 3240
 3206
 3164
 3126
 3092
 3052
 3004
 2948
 2890
 2830
 2770
 2712
 2650
 2586
 2518
 2448
 2376
 2300
 2228
 2158
 2090
 2026
 1966
 1902
 1850
 1804
 1758
 1718
 1692
 1680
 1686
 1710
 1740
 1780
 1822
 1868
 1912
 1954
 1994
 2028
 2060
 2092
 2112
 2132
 2162
 2200
 2236
 2270
 2298
 2324
 2354
 2378
 2402
 2422
 2442
 2464
 2484
 2506
 2526
 2546
 2572
 2592
 2610
 2624
 2646
 2670
 2688
 2702
 2714
 2732
 2754
 2780
 2812
 2844
 2878
 2904
 2926
 2950
 2978
 3004
 3028
 3048
 3066
 3078
 3090
 3110
 3134
 3156
 3174
 3192
 3206
 3218
 3228
 3232
 3226
 3208
 3182
 3148
 3112
 3074
 3028
 2982
 2934
 2886
 2834
 2776
 2722
 2676
 2624
 2566
 2508
 2448
 2388
 2326
 2264
 2192
 2124
 2056
 1994
 1934
 1882
 1836
 1806
 1788
 1782
 1788
 1808
 1838
 1872
 1910
 1952
 1998
 2044
 2090
 2132
 2174
 2216
 2256
 2294
 2332
 2372
 2410
 2446
 2478
 2504
 2532
 2564
 2600
 2634
 2662
 2692
 2718
 2746
 2770
 2792
 2818
 2840
 2862
 2884
 2904
 2920
 2936
 2950
 2958
 2966
 2982
 3000
 3016
 3030
 3044
 3054
 3066
 3076
 3088
 3098
 3102
 3110
 3118
 3128
 3138
 3148
 3156
 3160
 3160
 3166
 3176
 3186
 3194
 3202
 3210
 3212
 3214
 3208
 3192
 3168
 3140
 3108
 3072
 3038
 3002
 2958
 2910
 2852
 2794
 2738
 2684
 2620
 2552
 2482
 2412
 2342
 2272
 2198
 2114
 2028
 1952
 1886
 1834
 1802
 1786
 1788
 1798
 1814
 1840
 1872
 1912
 1950
 1994
 2036
 2082
 2130
 2176
 2220
 2262
 2304
 2344
 2386
 2426
 2466
 2504
 2542
 2574
 2600
 2628
 2662
 2696
 2724
 2750
 2776
 2800
 2822
 2844
 2862
 2880
 2898
 2910
 2926
 2940
 2954
 2968
 2976
 2972
 2962
 2956
 2944
 2924
 2900
 2870
 2832
 2790
 2744
 2690
 2636
 2580
 2524
 2470
 2416
 2360
 2304
 2248
 2190
 2142
 2090
 2032
 1974
 1916
 1860
 1808
 1756
 1706
 1658
 1618
 1586
 1560
 1546
 1544
 1554
 1568
 1584
 1606
 1634
 1664
 1698
 1736
 1776
 1824
 1876
 1920
 1966
 2006
 2048
 2086
 2126
 2164
 2202
 2244
 2278
 2304
 2330
 2362
 2388
 2412
 2436
 2454
 2478
 2500
 2520
 2540
 2558
 2578
 2602
 2622
 2644
 2666
 2690
 2712
 2728
 2742
 2764
 2794
 2818
 2842
 2864
 2884
 2902
 2910
 2914
 2908
 2894
 2866
 2830
 2788
 2744
 2698
 2648
 2598
 2540
 2482
 2430
 2380
 2322
 2262
 2200
 2138
 2078
 2018
 1958
 1894
 1834
 1774
 1720
 1668
 1628
 1596
 1582
 1580
 1590
 1614
 1648
 1690
 1744
 1794
 1844
 1892
 1942
 1982
 2024
 2064
 2100
 2134
 2174
 2208
 2242
 2276
 2310
 2340
 2366
 2396
 2432
 2466
 2498
 2524
 2550
 2574
 2600
 2624
 2644
 2666
 2684
 2700
 2720
 2736
 2754
 2774
 2790
 2804
 2816
 2840
 2868
 2894
 2914
 2936
 2956
 2976
 2994
 3010
 3024
 3036
 3050
 3062
 3064
 3056
 3040
 3016
 2984
 2944
 2904
 2874
 2842
 2806
 2760
 2714
 2666
 2616
 2566
 2514
 2458
 2402
 2344
 2286
 2226
 2166
 2106
 2050
 1988
 1928
 1874
 1822
 1770
 1724
 1686
 1656
 1640
 1630
 1628
 1636
 1648
 1668
 1692
 1716
 1746
 1778
 1816
 1856
 1894
 1938
 1988
 2038
 2088
 2142
 2194
 2248
 2296
 2342
 2386
 2436
 2484
 2524
 2554
 2576
 2596
 2620
 2642
 2658
 2676
 2706
 2734
 2762
 2786
 2810
 2836
 2862
 2884
 2906
 2926
 2940
 2954
 2968
 2984
 2996
 3008
 3016
 3022
 3026
 3036
 3050
 3058
 3062
 3062
 3054
 3034
 3006
 2976
 2940
 2904
 2864
 2822
 2780
 2738
 2694
 2652
 2610
 2564
 2520
 2480
 2436
 2384
 2330
 2268
 2206
 2148
 2088
 2034
 1986
 1950
 1930
 1922
 1928
 1948
 1976
 2012
 2054
 2094
 2134
 2178
 2228
 2278
 2330
 2378
 2428
 2480
 2530
 2578
 2624
 2666
 2708
 2746
 2784
 2820
 2858
 2896
 2932
 2962
 2986
 3006
 3036
 3066
 3092
 3118
 3140
 3154
 3168
 3176
 3186
 3196
 3202
 3206
 3214
 3224
 3230
 3234
 3234
 3224
 3208
 3176
 3132
 3090
 3056
 3016
 2970
 2920
 2868
 2816
 2764
 2712
 2654
 2594
 2538
 2478
 2420
 2364
 2306
 2250
 2196
 2142
 2084
 2034
 1992
 1954
 1924
 1906
 1904
 1920
 1950
 1990
 2034
 2084
 2134
 2188
 2238
 2290
 2344
 2394
 2440
 2484
 2524
 2562
 2608
 2656
 2704
 2748
 2794
 2836
 2872
 2906
 2932
 2952
 2978
 3000
 3020
 3042
 3060
 3078
 3096
 3110
 3114
 3118
 3130
 3144
 3154
 3154
 3148
 3136
 3114
 3088
 3054
 3014
 2972
 2928
 2878
 2822
 2766
 2712
 2660
 2600
 2542
 2490
 2442
 2390
 2334
 2280
 2230
 2178
 2128
 2082
 2040
 2006
 1982
 1974
 1980
 2002
 2034
 2074
 2122
 2170
 2214
 2260
 2314
 2364
 2414
 2462
 2508
 2556
 2598
 2638
 2678
 2714
 2746
 2776
 2804
 2834
 2862
 2888
 2912
 2926
 2934
 2942
 2962
 2980
 3000
 3016
 3030
 3044
 3054
 3068
 3078
 3086
 3094
 3102
 3106
 3102
 3090
 3074
 3048
 3020
 2982
 2952
 2924
 2886
 2840
 2786
 2728
 2672
 2618
 2558
 2496
 2438
 2378
 2320
 2266
 2212
 2160
 2114
 2060
 2014
 1978
 1942
 1910
 1888
 1872
 1868
 1880
 1896
 1914
 1934
 1962
 1992
 2020
 2050
 2082
 2112
 2144
 2172
 2200
 2228
 2266
 2302
 2334
 2364
 2396
 2428
 2456
 2488
 2518
 2546
 2576
 2606
 2630
 2656
 2680
 2702
 2726
 2746
 2760
 2776
 2794
 2822
 2848
 2872
 2898
 2914
 2930
 2944
 2958
 2970
 2978
 2986
 2986
 2982
 2968
 2944
 2916
 2886
 2852
 2810
 2764
 2724
 2686
 2642
 2598
 2548
 2496
 2448
 2396
 2344
 2292
 2234
 2176
 2118
 2062
 2012
 1962
 1918
 1878
 1840
 1808
 1794
 1796
 1806
 1832
 1866
 1906
 1960
 2010
 2060
 2108
 2154
 2200
 2244
 2284
 2328
 2374
 2418
 2464
 2506
 2544
 2578
 2618
 2658
 2696
 2732
 2768
 2800
 2832
 2858
 2886
 2908
 2930
 2950
 2968
 2982
 2996
 3010
 3028
 3044
 3054
 3056
 3050
 3050
 3042
 3026
 3006
 2980
 2954
 2922
 2882
 2844
 2796
 2746
 2694
 2642
 2590
 2538
 2486
 2436
 2384
 2330
 2274
 2208
 2152
 2096
 2036
 1976
 1916
 1862
 1816
 1786
 1762
 1756
 1762
 1780
 1812
 1850
 1898
 1950
 2002
 2056
 2112
 2160
 2204
 2248
 2298
 2346
 2390
 2432
 2472
 2512
 2552
 2588
 2622
 2654
 2684
 2710
 2734
 2764
 2788
 2812
 2840
 2860
 2876
 2894
 2922
 2954
 2986
 3012
 3036
 3058
 3082
 3106
 3126
 3138
 3144
 3146
 3138
 3122
 3094
 3060
 3024
 2984
 2936
 2888
 2846
 2806
 2758
 2702
 2646
 2588
 2534
 2478
 2418
 2356
 2290
 2226
 2162
 2102
 2046
 1994
 1946
 1896
 1862
 1842
 1832
 1830
 1846
 1872
 1912
 1960
 2010
 2060
 2110
 2160
 2212
 2260
 2308
 2352
 2402
 2448
 2486
 2522
 2566
 2612
 2656
 2698
 2736
 2772
 2810
 2842
 2876
 2904
 2932
 2954
 2976
 2998
 3020
 3042
 3054
 3066
 3074
 3096
 3118
 3134
 3148
 3160
 3172
 3178
 3180
 3176
 3164
 3144
 3122
 3092
 3058
 3022
 2980
 2932
 2874
 2816
 2770
 2714
 2656
 2596
 2536
 2476
 2414
 2352
 2284
 2214
 2142
 2078
 2018
 1962
 1912
 1870
 1834
 1812
 1806
 1814
 1832
 1860
 1894
 1942
 1994
 2050
 2100
 2150
 2196
 2238
 2284
 2326
 2366
 2410
 2454
 2494
 2528
 2560
 2602
 2644
 2684
 2720
 2760
 2802
 2838
 2872
 2904
 2934
 2958
 2978
 3000
 3022
 3040
 3058
 3074
 3086
 3092
 3106
 3124
 3144
 3158
 3174
 3186
 3198
 3206
 3214
 3220
 3220
 3214
 3200
 3182
 3156
 3128
 3090
 3050
 3004
 2952
 2902
 2858
 2810
 2756
 2704
 2652
 2600
 2552
 2500
 2446
 2390
 2332
 2274
 2216
 2160
 2102
 2048
 1988
 1930
 1882
 1836
 1796
 1760
 1724
 1686
 1656
 1630
 1608
 1592
 1584
 1584
 1594
 1610
 1636
 1668
 1708
 1752
 1802
 1852
 1908
 1960
 2012
 2060
 2108
 2158
 2200
 2244
 2284
 2320
 2356
 2390
 2422
 2452
 2484
 2512
 2536
 2560
 2588
 2620
 2644
 2664
 2686
 2706
 2728
 2752
 2776
 2800
 2822
 2842
 2858
 2874
 2892
 2908
 2926
 2936
 2944
 2950
 2966
 2984
 3000
 3014
 3026
 3038
 3048
 3056
 3060
 3060
 3062
 3064
 3068
 3074
 3080
 3084
 3092
 3102
 3102
 3094
 3082
 3074
 3058
 3032
 3000
 2964
 2926
 2884
 2840
 2792
 2742
 2688
 2636
 2580
 2526
 2472
 2416
 2362
 2308
 2250
 2194
 2148
 2098
 2044
 1990
 1940
 1896
 1866
 1844
 1834
 1836
 1846
 1864
 1888
 1918
 1954
 1996
 2040
 2088
 2132
 2176
 2222
 2272
 2316
 2364
 2410
 2450
 2492
 2526
 2560
 2590
 2616
 2642
 2664
 2688
 2710
 2732
 2754
 2778
 2796
 2814
 2832
 2858
 2884
 2900
 2916
 2936
 2954
 2974
 2990
 3006
 3022
 3040
 3054
 3064
 3074
 3086
 3098
 3112
 3124
 3134
 3140
 3140
 3146
 3150
 3144
 3130
 3114
 3092
 3062
 3030
 2994
 2956
 2914
 2870
 2828
 2784
 2738
 2694
 2648
 2598
 2550
 2498
 2440
 2388
 2338
 2282
 2224
 2164
 2106
 2050
 1998
 1948
 1904
 1868
 1838
 1822
 1816
 1818
 1830
 1848
 1872
 1896
 1916
 1940
 1968
 1996
 2022
 2050
 2086
 2118
 2152
 2182
 2214
 2250
 2290
 2328
 2366
 2402
 2436
 2472
 2504
 2532
 2554
 2584
 2624
 2664
 2696
 2726
 2758
 2790
 2820
 2848
 2876
 2896
 2912
 2930
 2946
 2962
 2976
 2984
 2986
 2978
 2972
 2964
 2946
 2924
 2892
 2856
 2814
 2766
 2718
 2660
 2600
 2536
 2470
 2406
 2342
 2278
 2208
 2144
 2084
 2028
 1974
 1920
 1870
 1826
 1792
 1766
 1750
 1742
 1752
 1768
 1794
 1828
 1870
 1916
 1964
 2010
 2050
 2088
 2134
 2174
 2210
 2252
 2290
 2330
 2364
 2396
 2420
 2442
 2464
 2484
 2506
 2528
 2550
 2570
 2594
 2616
 2638
 2658
 2674
 2688
 2712
 2740
 2770
 2798
 2824
 2854
 2882
 2910
 2936
 2960
 2982
 2994
 3010
 3030
 3048
 3066
 3078
 3080
 3074
 3060
 3030
 2992
 2952
 2918
 2880
 2840
 2796
 2748
 2700
 2650
 2600
 2548
 2488
 2430
 2370
 2310
 2252
 2192
 2134
 2078
 2020
 1968
 1916
 1864
 1826
 1794
 1770
 1758
 1756
 1768
 1790
 1820
 1852
 1882
 1914
 1946
 1980
 2010
 2042
 2078
 2110
 2148
 2184
 2212
 2242
 2278
 2322
 2362
 2400
 2430
 2460
 2490
 2516
 2546
 2572
 2600
 2628
 2656
 2684
 2710
 2734
 2762
 2786
 2810
 2826
 2838
 2856
 2880
 2904
 2928
 2950
 2966
 2982
 2998
 3012
 3022
 3020
 3012
 2996
 2972
 2944
 2914
 2878
 2842
 2806
 2760
 2714
 2676
 2640
 2600
 2558
 2516
 2478
 2440
 2404
 2362
 2312
 2252
 2186
 2122
 2058
 2002
 1958
 1928
 1916
 1916
 1926
 1950
 1982
 2024
 2066
 2110
 2154
 2200
 2246
 2286
 2326
 2366
 2400
 2434
 2466
 2496
 2524
 2556
 2584
 2608
 2628
 2652
 2684
 2714
 2746
 2776
 2804
 2832
 2856
 2880
 2898
 2914
 2930
 2946
 2962
 2974
 2988
 3004
 3024
 3042
 3048
 3052
 3060
 3074
 3086
 3098
 3104
 3108
 3100
 3086
 3060
 3028
 2994
 2958
 2918
 2876
 2836
 2794
 2752
 2706
 2662
 2612
 2562
 2514
 2470
 2416
 2364
 2304
 2246
 2188
 2132
 2076
 2020
 1968
 1922
 1886
 1864
 1856
 1862
 1884
 1918
 1954
 1994
 2042
 2098
 2152
 2208
 2262
 2308
 2356
 2400
 2436
 2476
 2512
 2548
 2582
 2618
 2652
 2684
 2716
 2746
 2770
 2788
 2802
 2828
 2858
 2888
 2916
 2944
 2972
 2994
 3012
 3030
 3048
 3064
 3080
 3092
 3106
 3116
 3130
 3138
 3144
 3146
 3142
 3140
 3134
 3122
 3100
 3076
 3048
 3012
 2972
 2932
 2888
 2844
 2796
 2750
 2704
 2660
 2616
 2574
 2526
 2478
 2420
 2362
 2308
 2256
 2198
 2140
 2084
 2036
 1996
 1974
 1958
 1952
 1958
 1974
 1998
 2028
 2062
 2100
 2140
 2182
 2224
 2260
 2294
 2330
 2372
 2414
 2454
 2496
 2534
 2574
 2612
 2650
 2686
 2724
 2760
 2798
 2834
 2866
 2898
 2926
 2954
 2976
 2990
 3002
 3020
 3046
 3066
 3080
 3092
 3104
 3116
 3128
 3140
 3148
 3154
 3160
 3162
 3168
 3170
 3170
 3164
 3150
 3126
 3100
 3064
 3022
 2980
 2944
 2906
 2864
 2820
 2772
 2722
 2670
 2616
 2562
 2504
 2446
 2388
 2328
 2270
 2216
 2160
 2102
 2048
 1998
 1944
 1902
 1870
 1844
 1830
 1828
 1844
 1872
 1914
 1954
 2002
 2056
 2110
 2162
 2210
 2254
 2298
 2338
 2380
 2416
 2448
 2480
 2518
 2560
 2600
 2642
 2682
 2720
 2760
 2792
 2826
 2862
 2896
 2928
 2958
 2986
 3012
 3038
 3060
 3072
 3080
 3082
 3096
 3110
 3122
 3134
 3142
 3146
 3150
 3154
 3152
 3144
 3130
 3110
 3086
 3058
 3026
 2994
 2954
 2912
 2862
 2818
 2774
 2726
 2676
 2622
 2572
 2520
 2468
 2414
 2356
 2298
 2240
 2182
 2124
 2070
 2018
 1972
 1930
 1892
 1868
 1860
 1862
 1870
 1890
 1916
 1952
 1992
 2030
 2066
 2102
 2140
 2178
 2214
 2250
 2288
 2328
 2374
 2412
 2444
 2474
 2514
 2554
 2594
 2630
 2668
 2708
 2742
 2776
 2806
 2832
 2860
 2888
 2914
 2938
 2964
 2984
 3002
 3016
 3026
 3034
 3042
 3062
 3082
 3096
 3112
 3124
 3136
 3144
 3150
 3158
 3156
 3152
 3142
 3126
 3104
 3078
 3048
 3014
 2980
 2938
 2890
 2846
 2810
 2772
 2728
 2684
 2634
 2588
 2544
 2494
 2444
 2392
 2338
 2282
 2224
 2168
 2112
 2054
 2002
 1952
 1906
 1870
 1846
 1828
 1820
 1822
 1830
 1848
 1872
 1898
 1928
 1958
 1988
 2020
 2050
 2078
 2104
 2132
 2156
 2178
 2202
 2232
 2262
 2290
 2314
 2338
 2364
 2392
 2416
 2442
 2466
 2486
 2508
 2530
 2548
 2568
 2590
 2612
 2634
 2650
 2664
 2686
 2716
 2742
 2770
 2790
 2810
 2828
 2844
 2860
 2876
 2890
 2904
 2916
 2930
 2938
 2948
 2960
 2968
 2972
 2970
 2970
 2976
 2974
 2964
 2948
 2928
 2906
 2878
 2848
 2808
 2766
 2722
 2674
 2628
 2582
 2534
 2486
 2436
 2382
 2324
 2270
 2218
 2160
 2100
 2040
 1982
 1928
 1876
 1826
 1782
 1744
 1716
 1700
 1692
 1696
 1710
 1728
 1756
 1786
 1818
 1858
 1904
 1950
 2000
 2052
 2104
 2160
 2210
 2252
 2298
 2336
 2376
 2414
 2448
 2482
 2518
 2552
 2578
 2600
 2626
 2660
 2692
 2722
 2750
 2780
 2810
 2842
 2872
 2908
 2936
 2966
 2994
 3022
 3052
 3078
 3104
 3126
 3138
 3142
 3146
 3160
 3174
 3184
 3190
 3188
 3176
 3154
 3124
 3092
 3050
 3004
 2954
 2904
 2850
 2796
 2740
 2684
 2628
 2568
 2512
 2464
 2412
 2356
 2300
 2242
 2184
 2130
 2072
 2016
 1964
 1914
 1872
 1838
 1818
 1808
 1814
 1828
 1848
 1870
 1900
 1936
 1976
 2016
 2050
 2086
 2126
 2162
 2198
 2230
 2266
 2300
 2332
 2362
 2390
 2420
 2444
 2474
 2498
 2520
 2538
 2564
 2594
 2620
 2646
 2670
 2696
 2720
 2742
 2766
 2786
 2804
 2824
 2840
 2856
 2874
 2894
 2910
 2928
 2944
 2950
 2954
 2960
 2972
 2994
 3010
 3026
 3042
 3058
 3068
 3068
 3064
 3048
 3028
 3004
 2974
 2940
 2904
 2866
 2826
 2786
 2742
 2698
 2646
 2596
 2552
 2506
 2454
 2400
 2346
 2292
 2240
 2188
 2134
 2078
 2022
 1970
 1920
 1878
 1846
 1830
 1828
 1836
 1858
 1882
 1910
 1948
 1992
 2036
 2080
 2122
 2164
 2206
 2246
 2280
 2316
 2352
 2382
 2414
 2442
 2470
 2498
 2524
 2550
 2576
 2594
 2612
 2634
 2664
 2690
 2716
 2740
 2764
 2788
 2808
 2828
 2850
 2870
 2888
 2908
 2922
 2938
 2954
 2972
 2990
 3000
 3008
 3026
 3054
 3080
 3102
 3120
 3132
 3130
 3116
 3086
 3050
 3010
 2966
 2920
 2872
 2820
 2768
 2718
 2662
 2604
 2552
 2504
 2450
 2394
 2336
 2274
 2214
 2156
 2096
 2038
 1980
 1926
 1880
 1838
 1810
 1794
 1792
 1798
 1814
 1840
 1870
 1904
 1940
 1978
 2016
 2056
 2094
 2130
 2164
 2198
 2234
 2266
 2296
 2326
 2360
 2394
 2426
 2454
 2484
 2528
 2568
 2608
 2644
 2678
 2710
 2738
 2760
 2780
 2800
 2820
 2842
 2862
 2882
 2902
 2914
 2930
 2946
 2962
 2976
 2980
 2984
 2998
 3022
 3040
 3058
 3072
 3086
 3094
 3096
 3092
 3080
 3060
 3034
 3002
 2962
 2922
 2882
 2840
 2794
 2750
 2698
 2646
 2596
 2554
 2508
 2458
 2406
 2358
 2310
 2264
 2218
 2170
 2120
 2076
 2030
 1988
 1958
 1938
 1932
 1940
 1960
 1986
 2020
 2062
 2112
 2164
 2212
 2260
 2310
 2364
 2408
 2456
 2502
 2546
 2590
 2630
 2668
 2704
 2740
 2778
 2810
 2834
 2854
 2884
 2920
 2952
 2986
 3014
 3042
 3064
 3084
 3104
 3124
 3142
 3152
 3160
 3166
 3172
 3182
 3186
 3186
 3182
 3182
 3194
 3202
 3212
 3216
 3212
 3194
 3164
 3132
 3092
 3050
 3006
 2958
 2908
 2858
 2804
 2750
 2696
 2640
 2584
 2524
 2464
 2410
 2358
 2298
 2238
 2178
 2122
 2068
 2018
 1974
 1934
 1904
 1886
 1880
 1886
 1904
 1932
 1964
 2004
 2046
 2084
 2124
 2168
 2210
 2248
 2284
 2324
 2364
 2406
 2442
 2478
 2510
 2542
 2572
 2600
 2622
 2646
 2674
 2698
 2722
 2744
 2764
 2778
 2798
 2826
 2854
 2880
 2904
 2926
 2948
 2964
 2976
 2986
 3000
 3012
 3026
 3040
 3054
 3068
 3082
 3098
 3106
 3112
 3106
 3086
 3060
 3034
 3008
 2974
 2936
 2892
 2846
 2802
 2752
 2706
 2654
 2602
 2548
 2496
 2444
 2390
 2340
 2288
 2234
 2176
 2116
 2060
 2010
 1968
 1930
 1904
 1890
 1896
 1918
 1950
 1988
 2028
 2070
 2112
 2156
 2194
 2234
 2272
 2306
 2340
 2370
 2392
 2420
 2448
 2484
 2516
 2550
 2578
 2608
 2636
 2658
 2682
 2706
 2730
 2754
 2778
 2804
 2830
 2854
 2878
 2900
 2910
 2918
 2928
 2952
 2974
 2994
 3012
 3030
 3050
 3070
 3084
 3092
 3092
 3084
 3068
 3042
 3008
 2972
 2934
 2890
 2846
 2796
 2742
 2688
 2638
 2590
 2540
 2484
 2424
 2366
 2310
 2252
 2192
 2128
 2066
 2012
 1958
 1914
 1878
 1854
 1848
 1852
 1866
 1896
 1934
 1978
 2028
 2074
 2126
 2180
 2234
 2284
 2332
 2376
 2416
 2456
 2490
 2522
 2556
 2592
 2628
 2658
 2684
 2716
 2756
 2794
 2830
 2862
 2894
 2926
 2948
 2974
 3000
 3024
 3050
 3072
 3090
 3110
 3128
 3148
 3160
 3166
 3166
 3170
 3176
 3170
 3156
 3134
 3106
 3072
 3034
 2994
 2948
 2902
 2856
 2798
 2740
 2682
 2622
 2568
 2514
 2456
 2400
 2348
 2290
 2230
 2166
 2104
 2050
 2006
 1970
 1948
 1938
 1942
 1960
 1988
 2022
 2060
 2100
 2144
 2192
 2232
 2272
 2316
 2360
 2400
 2436
 2472
 2508
 2546
 2580
 2616
 2648
 2682
 2716
 2746
 2780
 2810
 2840
 2868
 2896
 2918
 2940
 2974
 3010
 3036
 3064
 3088
 3112
 3130
 3144
 3156
 3166
 3174
 3180
 3186
 3190
 3194
 3200
 3202
 3196
 3174
 3146
 3112
 3084
 3052
 3014
 2974
 2930
 2882
 2832
 2780
 2726
 2666
 2606
 2546
 2486
 2428
 2372
 2314
 2258
 2200
 2140
 2082
 2028
 1972
 1920
 1872
 1838
 1818
 1816
 1826
 1842
 1868
 1900
 1938
 1978
 2020
 2066
 2110
 2162
 2208
 2244
 2288
 2336
 2384
 2426
 2470
 2512
 2556
 2598
 2634
 2668
 2700
 2732
 2766
 2798
 2830
 2860
 2890
 2908
 2920
 2934
 2954
 2982
 3006
 3028
 3048
 3068
 3086
 3098
 3110
 3118
 3126
 3136
 3136
 3136
 3130
 3112
 3088
 3050
 3004
 2958
 2920
 2878
 2830
 2778
 2724
 2670
 2614
 2560
 2502
 2440
 2380
 2318
 2256
 2190
 2128
 2070
 2012
 1950
 1896
 1850
 1814
 1788
 1776
 1784
 1804
 1836
 1872
 1918
 1960
 2006
 2048
 2094
 2138
 2180
 2224
 2268
 2306
 2346
 2392
 2438
 2480
 2518
 2558
 2598
 2630
 2660
 2688
 2716
 2742
 2768
 2792
 2816
 2838
 2860
 2874
 2882
 2896
 2914
 2930
 2946
 2962
 2978
 2994
 3004
 3018
 3030
 3042
 3054
 3062
 3072
 3080
 3086
 3086
 3082
 3068
 3044
 3022
 2996
 2962
 2924
 2880
 2828
 2770
 2704
 2632
 2552
 2466
 2380
 2296
 2218
 2150
 2092
 2046
 2000
 1944
 1890
 1840
 1780
 1720
 1660
 1594
 1530
 1476
 1430
 1404
 1388
 1382
 1390
 1406
 1430
 1470
 1516
 1574
 1636
 1692
 1750
 1814
 1884
 1950
 2010
 2064
 2116
 2162
 2204
 2246
 2284
 2320
 2356
 2390
 2424
 2456
 2486
 2512
 2532
 2550
 2574
 2602
 2626
 2650
 2670
 2688
 2706
 2724
 2742
 2756
 2770
 2784
 2798
 2812
 2822
 2820
 2800
 2772
 2736
 2710
 2680
 2638
 2584
 2530
 2476
 2416
 2360
 2294
 2224
 2152
 2078
 2004
 1930
 1858
 1788
 1714
 1650
 1592
 1534
 1482
 1436
 1400
 1384
 1378
 1384
 1398
 1418
 1450
 1484
 1524
 1564
 1608
 1658
 1702
 1748
 1796
 1848
 1896
 1946
 1992
 2038
 2080
 2122
 2162
 2198
 2232
 2266
 2296
 2326
 2354
 2382
 2406
 2424
 2452
 2484
 2512
 2538
 2560
 2582
 2602
 2620
 2636
 2650
 2662
 2670
 2678
 2686
 2692
 2700
 2708
 2708
 2708
 2720
 2734
 2744
 2754
 2762
 2772
 2782
 2788
 2788
 2780
 2762
 2740
 2712
 2680
 2644
 2608
 2566
 2518
 2462
 2410
 2362
 2306
 2244
 2178
 2112
 2044
 1976
 1908
 1836
 1762
 1690
 1622
 1556
 1498
 1448
 1414
 1394
 1384
 1386
 1404
 1432
 1470
 1516
 1568
 1620
 1682
 1734
 1782
 1828
 1872
 1914
 1954
 1990
 2026
 2062
 2104
 2138
 2168
 2206
 2242
 2278
 2312
 2346
 2382
 2414
 2446
 2476
 2504
 2530
 2552
 2574
 2596
 2616
 2634
 2654
 2670
 2682
 2690
 2710
 2734
 2754
 2774
 2790
 2806
 2824
 2840
 2856
 2870
 2886
 2896
 2894
 2888
 2872
 2850
 2826
 2794
 2752
 2710
 2674
 2638
 2594
 2542
 2486
 2430
 2370
 2310
 2246
 2178
 2112
 2044
 1978
 1914
 1852
 1792
 1734
 1670
 1612
 1560
 1510
 1464
 1428
 1392
 1364
 1338
 1310
 1284
 1258
 1232
 1208
 1188
 1176
 1166
 1162
 1154
 1150
 1154
 1160
 1168
 1178
 1188
 1208
 1232
 1254
 1278
 1302
 1328
 1358
 1390
 1422
 1456
 1498
 1540
 1582
 1628
 1680
 1734
 1796
 1854
 1914
 1974
 2034
 2088
 2142
 2188
 2234
 2282
 2328
 2370
 2412
 2450
 2486
 2518
 2552
 2594
 2632
 2666
 2696
 2726
 2758
 2790
 2820
 2848
 2870
 2894
 2912
 2926
 2938
 2954
 2968
 2978
 2982
 2982
 2990
 3002
 3008
 3006
 3004
 3002
 3006
 3008
 3006
 2998
 2982
 2960
 2932
 2898
 2862
 2828
 2794
 2752
 2708
 2666
 2630
 2588
 2536
 2480
 2418
 2356
 2290
 2226
 2158
 2088
 2018
 1950
 1880
 1818
 1756
 1702
 1652
 1610
 1582
 1568
 1562
 1566
 1576
 1598
 1630
 1664
 1696
 1734
 1774
 1814
 1856
 1898
 1938
 1984
 2030
 2072
 2110
 2154
 2196
 2236
 2274
 2312
 2348
 2384
 2420
 2458
 2488
 2520
 2546
 2568
 2586
 2608
 2630
 2650
 2670
 2690
 2720
 2746
 2770
 2792
 2812
 2836
 2854
 2874
 2892
 2904
 2916
 2926
 2932
 2936
 2946
 2954
 2962
 2964
 2966
 2978
 2998
 3014
 3028
 3042
 3054
 3064
 3066
 3054
 3030
 3002
 2970
 2936
 2904
 2868
 2828
 2786
 2736
 2680
 2630
 2584
 2536
 2484
 2426
 2366
 2306
 2244
 2184
 2124
 2066
 2010
 1956
 1910
 1872
 1846
 1836
 1846
 1864
 1890
 1926
 1968
 2010
 2054
 2096
 2136
 2176
 2214
 2248
 2282
 2314
 2342
 2368
 2392
 2418
 2438
 2462
 2486
 2502
 2520
 2544
 2572
 2596
 2618
 2638
 2660
 2682
 2702
 2724
 2742
 2760
 2778
 2798
 2814
 2834
 2852
 2870
 2888
 2898
 2902
 2918
 2942
 2958
 2976
 2988
 2996
 3006
 3014
 3024
 3026
 3028
 3030
 3028
 3032
 3030
 3026
 3018
 3004
 2982
 2948
 2908
 2868
 2834
 2796
 2754
 2702
 2648
 2590
 2534
 2474
 2410
 2340
 2270
 2200
 2126
 2056
 1990
 1922
 1856
 1792
 1726
 1670
 1622
 1578
 1550
 1534
 1532
 1544
 1570
 1600
 1638
 1680
 1730
 1786
 1842
 1898
 1948
 2000
 2050
 2100
 2148
 2198
 2248
 2292
 2334
 2374
 2412
 2448
 2478
 2508
 2536
 2560
 2582
 2600
 2620
 2638
 2658
 2672
 2684
 2696
 2718
 2738
 2754
 2766
 2776
 2786
 2796
 2806
 2816
 2824
 2832
 2840
 2848
 2860
 2872
 2888
 2898
 2900
 2904
 2916
 2936
 2958
 2982
 3006
 3026
 3038
 3040
 3036
 3018
 2988
 2952
 2912
 2870
 2824
 2774
 2720
 2660
 2590
 2516
 2446
 2380
 2308
 2232
 2154
 2076
 2000
 1930
 1862
 1792
 1728
 1668
 1608
 1556
 1516
 1490
 1476
 1478
 1490
 1504
 1526
 1550
 1570
 1590
 1612
 1640
 1674
 1714
 1750
 1792
 1838
 1882
 1926
 1970
 2012
 2054
 2096
 2138
 2174
 2210
 2248
 2294
 2332
 2370
 2406
 2436
 2470
 2498
 2522
 2546
 2568
 2590
 2610
 2632
 2650
 2672
 2692
 2712
 2732
 2746
 2758
 2770
 2790
 2810
 2824
 2840
 2848
 2862
 2872
 2882
 2890
 2894
 2900
 2902
 2904
 2902
 2898
 2892
 2878
 2860
 2832
 2794
 2752
 2714
 2674
 2626
 2564
 2494
 2424
 2350
 2272
 2192
 2106
 2012
 1916
 1826
 1738
 1654
 1576
 1500
 1430
 1368
 1308
 1264
 1238
 1234
 1240
 1256
 1274
 1302
 1336
 1376
 1418
 1460
 1506
 1558
 1616
 1676
 1736
 1798
 1860
 1922
 1982
 2034
 2082
 2136
 2194
 2244
 2288
 2328
 2368
 2404
 2434
 2462
 2484
 2508
 2528
 2548
 2566
 2582
 2602
 2620
 2638
 2648
 2656
 2670
 2692
 2710
 2724
 2738
 2750
 2762
 2772
 2784
 2790
 2798
 2800
 2790
 2768
 2736
 2702
 2664
 2618
 2566
 2512
 2464
 2412
 2352
 2284
 2216
 2148
 2078
 2012
 1944
 1876
 1810
 1748
 1692
 1640
 1596
 1558
 1534
 1524
 1522
 1536
 1562
 1592
 1630
 1670
 1712
 1762
 1812
 1854
 1894
 1932
 1970
 2010
 2044
 2082
 2118
 2160
 2198
 2236
 2266
 2292
 2334
 2380
 2424
 2462
 2494
 2522
 2554
 2578
 2602
 2622
 2642
 2660
 2674
 2686
 2698
 2714
 2728
 2740
 2754
 2760
 2768
 2788
 2812
 2834
 2856
 2872
 2892
 2914
 2930
 2948
 2962
 2976
 2990
 3002
 3014
 3016
 3020
 3024
 3024
 3010
 2980
 2948
 2920
 2892
 2856
 2814
 2764
 2714
 2664
 2612
 2556
 2496
 2434
 2370
 2306
 2242
 2178
 2112
 2050
 1986
 1918
 1852
 1792
 1730
 1664
 1600
 1538
 1486
 1446
 1418
 1400
 1392
 1392
 1398
 1406
 1428
 1454
 1480
 1516
 1550
 1588
 1634
 1686
 1736
 1786
 1836
 1880
 1926
 1968
 2006
 2044
 2080
 2114
 2146
 2178
 2212
 2248
 2284
 2312
 2338
 2370
 2410
 2442
 2470
 2496
 2524
 2550
 2574
 2598
 2618
 2636
 2654
 2670
 2688
 2704
 2720
 2736
 2754
 2764
 2774
 2790
 2812
 2836
 2856
 2876
 2894
 2916
 2936
 2956
 2976
 2986
 2996
 3004
 3014
 3022
 3030
 3040
 3050
 3060
 3066
 3054
 3028
 3000
 2974
 2944
 2900
 2848
 2794
 2736
 2678
 2622
 2558
 2492
 2424
 2356
 2288
 2220
 2150
 2084
 2022
 1962
 1904
 1844
 1788
 1734
 1682
 1626
 1574
 1518
 1468
 1426
 1388
 1348
 1316
 1288
 1274
 1270
 1274
 1284
 1300
 1324
 1354
 1384
 1420
 1464
 1512
 1570
 1636
 1704
 1776
 1850
 1920
 1982
 2042
 2100
 2156
 2210
 2262
 2314
 2366
 2422
 2472
 2516
 2558
 2606
 2656
 2704
 2746
 2784
 2818
 2852
 2884
 2912
 2936
 2958
 2970
 2980
 2990
 3000
 3008
 3012
 3012
 3010
 3008
 3018
 3028
 3038
 3046
 3054
 3060
 3064
 3070
 3076
 3080
 3084
 3084
 3084
 3086
 3090
 3094
 3090
 3082
 3066
 3044
 3020
 3000
 2980
 2954
 2922
 2886
 2848
 2808
 2766
 2722
 2670
 2618
 2562
 2504
 2442
 2380
 2318
 2256
 2198
 2140
 2084
 2024
 1964
 1914
 1866
 1814
 1772
 1732
 1704
 1694
 1698
 1708
 1730
 1754
 1788
 1826
 1866
 1912
 1964
 2012
 2064
 2116
 2162
 2208
 2258
 2302
 2346
 2384
 2422
 2462
 2498
 2534
 2570
 2604
 2636
 2666
 2696
 2726
 2752
 2782
 2812
 2838
 2860
 2886
 2922
 2956
 2988
 3014
 3042
 3070
 3094
 3116
 3136
 3154
 3174
 3194
 3208
 3222
 3238
 3254
 3270
 3280
 3282
 3274
 3262
 3252
 3236
 3212
 3188
 3158
 3128
 3090
 3052
 3008
 2962
 2914
 2862
 2806
 2752
 2696
 2636
 2580
 2520
 2456
 2396
 2338
 2278
 2216
 2150
 2086
 2024
 1968
 1916
 1872
 1840
 1822
 1818
 1826
 1848
 1882
 1918
 1964
 2010
 2054
 2100
 2150
 2202
 2252
 2300
 2346
 2392
 2438
 2478
 2516
 2550
 2582
 2612
 2642
 2670
 2698
 2726
 2754
 2782
 2804
 2820
 2840
 2872
 2902
 2930
 2958
 2980
 3000
 3016
 3032
 3048
 3062
 3076
 3090
 3104
 3120
 3134
 3146
 3156
 3166
 3176
 3186
 3184
 3178
 3174
 3176
 3180
 3178
 3172
 3160
 3142
 3120
 3088
 3054
 3012
 2970
 2924
 2868
 2816
 2760
 2704
 2646
 2592
 2536
 2478
 2420
 2358
 2294
 2236
 2182
 2124
 2068
 2012
 1960
 1912
 1866
 1822
 1782
 1746
 1720
 1702
 1696
 1702
 1716
 1732
 1754
 1784
 1810
 1840
 1878
 1918
 1960
 2006
 2052
 2096
 2142
 2186
 2224
 2262
 2296
 2326
 2358
 2384
 2412
 2438
 2462
 2486
 2508
 2524
 2542
 2566
 2588
 2610
 2628
 2644
 2662
 2680
 2698
 2716
 2732
 2748
 2764
 2780
 2800
 2816
 2836
 2854
 2872
 2884
 2896
 2922
 2946
 2964
 2980
 2998
 3014
 3034
 3052
 3068
 3086
 3104
 3120
 3136
 3152
 3164
 3168
 3158
 3134
 3102
 3062
 3024
 2992
 2946
 2894
 2840
 2784
 2730
 2672
 2616
 2550
 2482
 2414
 2344
 2274
 2204
 2138
 2072
 2008
 1942
 1878
 1828
 1780
 1736
 1702
 1676
 1660
 1658
 1658
 1664
 1670
 1684
 1700
 1724
 1746
 1770
 1798
 1828
 1856
 1882
 1916
 1948
 1980
 2014
 2044
 2072
 2102
 2128
 2150
 2170
 2192
 2212
 2232
 2254
 2280
 2302
 2326
 2350
 2368
 2388
 2416
 2444
 2470
 2492
 2512
 2538
 2562
 2582
 2606
 2626
 2646
 2668
 2686
 2708
 2730
 2752
 2772
 2794
 2812
 2824
 2838
 2862
 2892
 2916
 2942
 2964
 2990
 3016
 3036
 3060
 3082
 3108
 3138
 3160
 3184
 3206
 3226
 3236
 3230
 3206
 3168
 3126
 3090
 3048
 3000
 2944
 2884
 2824
 2762
 2696
 2630
 2560
 2490
 2420
 2350
 2280
 2214
 2150
 2092
 2036
 1978
 1926
 1878
 1828
 1782
 1738
 1702
 1682
 1676
 1678
 1688
 1706
 1732
 1768
 1808
 1852
 1900
 1950
 2002
 2048
 2096
 2150
 2200
 2252
 2300
 2342
 2388
 2426
 2462
 2494
 2524
 2552
 2578
 2602
 2624
 2646
 2666
 2684
 2698
 2716
 2740
 2760
 2778
 2794
 2808
