 1890
 1932
 1982
 2028
 2074
 2118
 2160
 2204
 2248
 2286
 2322
 2356
 2388
 2418
 2450
 2480
 2508
 2534
 2554
 2568
 2586
 2600
 2610
 2620
 2632
 2642
 2660
 2686
 2708
 2734
 2754
 2772
 2788
 2806
 2830
 2854
 2876
 2892
 2906
 2912
 2908
 2890
 2876
 2856
 2824
 2792
 2750
 2698
 2646
 2596
 2542
 2490
 2442
 2396
 2350
 2308
 2262
 2218
 2174
 2132
 2088
 2046
 2010
 1978
 1948
 1930
 1922
 1920
 1926
 1936
 1954
 1974
 1996
 2016
 2034
 2052
 2066
 2080
 2098
 2120
 2144
 2168
 2194
 2216
 2238
 2256
 2270
 2292
 2312
 2326
 2336
 2340
 2338
 2336
 2328
 2320
 2314
 2312
 2312
 2314
 2326
 2342
 2352
 2360
 2368
 2376
 2394
 2400
 2406
 2418
 2428
 2438
 2456
 2472
 2484
 2502
 2524
 2542
 2570
 2596
 2620
 2642
 2660
 2672
 2680
 2686
 2686
 2686
 2690
 2688
 2678
 2660
 2640
 2618
 2588
 2560
 2530
 2494
 2456
 2412
 2370
 2328
 2284
 2240
 2196
 2160
 2122
 2080
 2044
 2014
 1968
 1922
 1880
 1836
 1790
 1744
 1704
 1658
 1618
 1582
 1558
 1544
 1542
 1546
 1556
 1568
 1578
 1594
 1614
 1636
 1660
 1688
 1714
 1736
 1754
 1770
 1778
 1794
 1814
 1830
 1852
 1882
 1912
 1948
 1982
 2014
 2048
 2092
 2128
 2164
 2200
 2232
 2262
 2294
 2326
 2348
 2374
 2402
 2428
 2458
 2486
 2518
 2554
 2582
 2608
 2636
 2660
 2680
 2706
 2732
 2756
 2782
 2808
 2828
 2844
 2856
 2864
 2880
 2888
 2894
 2902
 2908
 2906
 2898
 2890
 2876
 2862
 2836
 2808
 2778
 2736
 2688
 2638
 2586
 2534
 2486
 2432
 2376
 2324
 2270
 2216
 2170
 2120
 2074
 2034
 1996
 1952
 1914
 1882
 1850
 1828
 1822
 1820
 1826
 1840
 1860
 1880
 1910
 1936
 1968
 2002
 2040
 2082
 2130
 2172
 2210
 2252
 2300
 2348
 2396
 2446
 2490
 2530
 2580
 2628
 2672
 2714
 2752
 2784
 2816
 2846
 2880
 2910
 2946
 2986
 3022
 3058
 3086
 3112
 3138
 3160
 3180
 3202
 3220
 3236
 3242
 3234
 3208
 3180
 3144
 3100
 3058
 3012
 2958
 2900
 2838
 2774
 2710
 2642
 2574
 2508
 2446
 2388
 2330
 2268
 2208
 2144
 2076
 2008
 1938
 1870
 1810
 1752
 1690
 1630
 1574
 1522
 1484
 1458
 1446
 1440
 1446
 1454
 1468
 1484
 1504
 1532
 1568
 1606
 1652
 1696
 1738
 1784
 1832
 1870
 1912
 1954
 1994
 2036
 2078
 2120
 2158
 2198
 2236
 2276
 2316
 2354
 2390
 2430
 2470
 2510
 2548
 2580
 2612
 2646
 2684
 2712
 2734
 2760
 2788
 2820
 2848
 2874
 2900
 2916
 2926
 2934
 2932
 2934
 2938
 2944
 2954
 2960
 2966
 2970
 2980
 2996
 3010
 3020
 3022
 3008
 2990
 2970
 2940
 2904
 2858
 2800
 2736
 2672
 2604
 2538
 2474
 2412
 2350
 2286
 2228
 2164
 2104
 2048
 1998
 1944
 1890
 1842
 1794
 1746
 1698
 1654
 1618
 1590
 1574
 1574
 1582
 1592
 1614
 1638
 1662
 1686
 1722
 1756
 1786
 1818
 1846
 1870
 1898
 1922
 1948
 1982
 2018
 2054
 2092
 2126
 2152
 2182
 2210
 2234
 2260
 2286
 2296
 2290
 2286
 2282
 2278
 2272
 2270
 2270
 2270
 2272
 2278
 2284
 2286
 2284
 2286
 2286
 2286
 2286
 2288
 2288
 2282
 2278
 2276
 2278
 2282
 2292
 2304
 2324
 2352
 2380
 2408
 2444
 2488
 2530
 2572
 2614
 2652
 2692
 2730
 2768
 2806
 2836
 2864
 2886
 2904
 2910
 2922
 2932
 2940
 2948
 2954
 2944
 2928
 2910
 2874
 2816
 2754
 2690
 2618
 2544
 2476
 2414
 2352
 2290
 2238
 2186
 2130
 2078
 2026
 1972
 1926
 1888
 1844
 1800
 1754
 1706
 1656
 1610
 1572
 1546
 1532
 1528
 1536
 1544
 1558
 1584
 1608
 1636
 1670
 1710
 1752
 1792
 1832
 1864
 1896
 1930
 1966
 2004
 2040
 2078
 2120
 2154
 2184
 2216
 2246
 2278
 2308
 2340
 2372
 2404
 2438
 2472
 2506
 2542
 2576
 2616
 2650
 2682
 2714
 2744
 2768
 2778
 2790
 2802
 2804
 2802
 2794
 2774
 2752
 2722
 2682
 2634
 2578
 2520
 2464
 2412
 2358
 2306
 2258
 2212
 2160
 2110
 2066
 2014
 1966
 1926
 1886
 1846
 1816
 1794
 1782
 1782
 1788
 1800
 1814
 1828
 1852
 1882
 1906
 1922
 1942
 1958
 1978
 2012
 2054
 2100
 2142
 2188
 2226
 2258
 2288
 2316
 2344
 2370
 2400
 2434
 2466
 2500
 2536
 2570
 2608
 2638
 2670
 2706
 2732
 2762
 2790
 2814
 2838
 2860
 2878
 2882
 2874
 2854
 2830
 2794
 2752
 2712
 2664
 2610
 2560
 2510
 2460
 2406
 2364
 2310
 2262
 2216
 2174
 2126
 2084
 2046
 2004
 1964
 1922
 1884
 1848
 1818
 1800
 1798
 1804
 1814
 1832
 1860
 1884
 1912
 1954
 2000
 2040
 2086
 2140
 2188
 2236
 2284
 2334
 2388
 2442
 2496
 2548
 2598
 2646
 2686
 2722
 2762
 2796
 2828
 2862
 2896
 2928
 2960
 2990
 3014
 3040
 3060
 3080
 3092
 3102
 3112
 3126
 3138
 3148
 3156
 3154
 3148
 3130
 3092
 3048
 3000
 2944
 2886
 2824
 2756
 2688
 2616
 2550
 2492
 2428
 2372
 2320
 2270
 2224
 2174
 2130
 2086
 2036
 1990
 1950
 1912
 1874
 1846
 1814
 1782
 1762
 1748
 1744
 1750
 1762
 1782
 1806
 1834
 1864
 1902
 1936
 1966
 2006
 2042
 2082
 2118
 2162
 2200
 2236
 2274
 2310
 2350
 2390
 2432
 2476
 2524
 2570
 2612
 2652
 2696
 2742
 2786
 2830
 2878
 2920
 2962
 3006
 3042
 3074
 3104
 3130
 3154
 3176
 3186
 3200
 3214
 3230
 3248
 3258
 3248
 3228
 3190
 3134
 3076
 3012
 2940
 2866
 2782
 2700
 2622
 2546
 2476
 2414
 2352
 2296
 2238
 2184
 2126
 2062
 2012
 1950
 1886
 1834
 1790
 1748
 1700
 1660
 1622
 1590
 1556
 1522
 1482
 1438
 1414
 1412
 1416
 1418
 1430
 1442
 1458
 1484
 1520
 1566
 1620
 1680
 1734
 1790
 1850
 1914
 1980
 2046
 2108
 2172
 2236
 2294
 2352
 2406
 2450
 2494
 2542
 2594
 2644
 2696
 2746
 2792
 2836
 2882
 2936
 2960
 2946
 2932
 2926
 2934
 2930
 2896
 2850
 2800
 2754
 2694
 2634
 2578
 2520
 2460
 2402
 2348
 2288
 2230
 2166
 2110
 2058
 2012
 1966
 1916
 1870
 1818
 1770
 1734
 1704
 1692
 1688
 1700
 1716
 1738
 1768
 1794
 1822
 1848
 1876
 1914
 1954
 2002
 2048
 2088
 2132
 2180
 2222
 2268
 2314
 2358
 2406
 2460
 2512
 2564
 2620
 2670
 2714
 2758
 2802
 2850
 2900
 2942
 2978
 3006
 3034
 3058
 3074
 3070
 3050
 3024
 2992
 2952
 2900
 2840
 2782
 2732
 2692
 2662
 2636
 2608
 2580
 2550
 2508
 2470
 2424
 2366
 2308
 2240
 2164
 2090
 2034
 1980
 1942
 1920
 1904
 1904
 1904
 1902
 1890
 1876
 1876
 1892
 1918
 1942
 1982
 2032
 2084
 2134
 2194
 2258
 2314
 2372
 2428
 2484
 2542
 2592
 2638
 2678
 2712
 2736
 2762
 2794
 2822
 2844
 2868
 2892
 2914
 2936
 2954
 2964
 2968
 2950
 2924
 2896
 2860
 2816
 2764
 2716
 2660
 2598
 2542
 2488
 2432
 2380
 2330
 2280
 2228
 2184
 2138
 2090
 2038
 1986
 1936
 1890
 1850
 1824
 1808
 1800
 1796
 1808
 1822
 1836
 1858
 1890
 1920
 1956
 1994
 2032
 2068
 2116
 2162
 2210
 2262
 2312
 2364
 2422
 2476
 2528
 2576
 2618
 2664
 2704
 2740
 2776
 2814
 2850
 2884
 2916
 2942
 2964
 2974
 2972
 2960
 2938
 2902
 2860
 2818
 2770
 2724
 2674
 2616
 2556
 2502
 2438
 2378
 2322
 2272
 2222
 2174
 2136
 2094
 2050
 2008
 1966
 1930
 1902
 1884
 1884
 1896
 1914
 1938
 1964
 1996
 2028
 2062
 2098
 2144
 2190
 2240
 2304
 2370
 2440
 2510
 2576
 2636
 2688
 2736
 2784
 2824
 2856
 2882
 2894
 2904
 2910
 2914
 2920
 2918
 2910
 2912
 2912
 2912
 2910
 2908
 2906
 2910
 2926
 2944
 2970
 2996
 3022
 3042
 3066
 3084
 3102
 3116
 3120
 3110
 3094
 3058
 2978
 2874
 2762
 2650
 2554
 2464
 2380
 2304
 2240
 2184
 2134
 2086
 2036
 1988
 1938
 1886
 1836
 1790
 1736
 1682
 1632
 1578
 1520
 1468
 1430
 1406
 1402
 1410
 1428
 1454
 1492
 1538
 1582
 1620
 1662
 1704
 1748
 1792
 1838
 1882
 1926
 1972
 2006
 2040
 2072
 2108
 2144
 2176
 2202
 2232
 2260
 2282
 2312
 2344
 2380
 2418
 2454
 2488
 2526
 2564
 2600
 2636
 2674
 2710
 2750
 2792
 2832
 2868
 2904
 2936
 2958
 2986
 3014
 3042
 3066
 3074
 3054
 3026
 3000
 2960
 2910
 2850
 2786
 2722
 2662
 2604
 2546
 2492
 2442
 2390
 2336
 2290
 2240
 2190
 2146
 2106
 2062
 2022
 1988
 1952
 1918
 1896
 1880
 1872
 1872
 1878
 1892
 1910
 1928
 1948
 1980
 2008
 2044
 2084
 2124
 2164
 2210
 2256
 2294
 2334
 2380
 2424
 2468
 2510
 2550
 2590
 2626
 2664
 2702
 2738
 2768
 2804
 2834
 2862
 2890
 2910
 2928
 2946
 2966
 2976
 2984
 2982
 2980
 2978
 2978
 2980
 2982
 2988
 2992
 2994
 2998
 3012
 3022
 3030
 3042
 3038
 3014
 2984
 2952
 2908
 2854
 2798
 2738
 2676
 2614
 2554
 2502
 2456
 2408
 2358
 2320
 2274
 2224
 2188
 2148
 2106
 2068
 2034
 1998
 1968
 1942
 1926
 1914
 1908
 1916
 1938
 1974
 2016
 2056
 2092
 2132
 2172
 2216
 2262
 2308
 2358
 2412
 2466
 2512
 2556
 2602
 2646
 2692
 2736
 2780
 2824
 2866
 2902
 2934
 2962
 2978
 3002
 3016
 3022
 3022
 3008
 2980
 2946
 2918
 2882
 2842
 2798
 2740
 2676
 2612
 2550
 2496
 2450
 2408
 2358
 2304
 2250
 2198
 2132
 2066
 2000
 1934
 1858
 1784
 1710
 1644
 1590
 1548
 1530
 1528
 1534
 1552
 1582
 1614
 1648
 1686
 1730
 1770
 1808
 1856
 1908
 1960
 2010
 2064
 2112
 2158
 2208
 2258
 2312
 2362
 2420
 2476
 2530
 2578
 2620
 2660
 2698
 2738
 2778
 2818
 2858
 2894
 2928
 2954
 2980
 2998
 3014
 3028
 3038
 3052
 3062
 3072
 3084
 3094
 3106
 3110
 3114
 3098
 3068
 3040
 2996
 2944
 2896
 2848
 2792
 2732
 2674
 2618
 2560
 2498
 2440
 2390
 2340
 2288
 2240
 2194
 2148
 2098
 2046
 2000
 1944
 1896
 1858
 1828
 1804
 1792
 1792
 1794
 1802
 1816
 1836
 1860
 1886
 1918
 1954
 2000
 2040
 2080
 2122
 2164
 2212
 2256
 2304
 2352
 2402
 2454
 2502
 2548
 2592
 2634
 2678
 2718
 2758
 2798
 2838
 2874
 2904
 2930
 2962
 2988
 3006
 3022
 3030
 3038
 3044
 3046
 3048
 3048
 3030
 3004
 2978
 2942
 2902
 2862
 2818
 2764
 2712
 2666
 2606
 2548
 2490
 2432
 2376
 2320
 2264
 2208
 2148
 2092
 2040
 1992
 1948
 1912
 1886
 1872
 1870
 1878
 1890
 1908
 1940
 1970
 2006
 2046
 2082
 2122
 2164
 2212
 2262
 2314
 2368
 2424
 2472
 2516
 2562
 2612
 2666
 2718
 2766
 2808
 2842
 2880
 2906
 2930
 2956
 2974
 2986
 2986
 2984
 2988
 2978
 2958
 2930
 2892
 2844
 2798
 2742
 2684
 2630
 2574
 2518
 2468
 2416
 2362
 2310
 2254
 2200
 2148
 2096
 2036
 1986
 1934
 1874
 1824
 1776
 1728
 1694
 1676
 1672
 1676
 1690
 1710
 1734
 1762
 1792
 1826
 1862
 1904
 1944
 1988
 2030
 2068
 2112
 2152
 2196
 2242
 2282
 2326
 2370
 2416
 2458
 2504
 2546
 2590
 2636
 2684
 2726
 2768
 2806
 2842
 2876
 2904
 2922
 2942
 2966
 2988
 3004
 3010
 2996
 2964
 2936
 2904
 2864
 2818
 2768
 2716
 2662
 2608
 2552
 2496
 2440
 2388
 2330
 2266
 2210
 2146
 2086
 2034
 1984
 1930
 1878
 1834
 1792
 1758
 1732
 1716
 1714
 1720
 1734
 1756
 1786
 1816
 1844
 1886
 1926
 1966
 2006
 2056
 2104
 2152
 2204
 2254
 2300
 2348
 2390
 2432
 2476
 2516
 2556
 2594
 2634
 2672
 2706
 2738
 2774
 2808
 2838
 2868
 2900
 2924
 2948
 2970
 2982
 2986
 2976
 2954
 2928
 2884
 2838
 2792
 2742
 2694
 2638
 2582
 2530
 2470
 2412
 2356
 2304
 2250
 2194
 2142
 2092
 2040
 1996
 1958
 1932
 1918
 1920
 1928
 1946
 1968
 2006
 2056
 2104
 2158
 2220
 2292
 2366
 2450
 2534
 2608
 2676
 2732
 2780
 2826
 2864
 2898
 2930
 2956
 2978
 2990
 3000
 3016
 3028
 3040
 3054
 3062
 3074
 3084
 3082
 3058
 3020
 2968
 2898
 2818
 2740
 2670
 2602
 2538
 2470
 2410
 2358
 2300
 2246
 2200
 2156
 2114
 2078
 2044
 2012
 1982
 1960
 1948
 1948
 1958
 1972
 1988
 2012
 2042
 2076
 2122
 2172
 2222
 2274
 2334
 2392
 2454
 2510
 2562
 2614
 2664
 2710
 2758
 2806
 2850
 2882
 2902
 2920
 2948
 2970
 2988
 3002
 3012
 3014
 3004
 2984
 2956
 2918
 2874
 2828
 2782
 2728
 2672
 2616
 2556
 2490
 2432
 2374
 2318
 2262
 2210
 2158
 2110
 2066
 2020
 1976
 1932
 1902
 1888
 1884
 1888
 1906
 1922
 1938
 1968
 1998
 2030
 2070
 2110
 2148
 2188
 2236
 2278
 2314
 2354
 2390
 2420
 2448
 2480
 2510
 2544
 2578
 2606
 2636
 2664
 2694
 2728
 2762
 2790
 2818
 2846
 2872
 2894
 2914
 2930
 2936
 2926
 2904
 2876
 2846
 2808
 2760
 2710
 2660
 2602
 2550
 2502
 2448
 2390
 2338
 2284
 2230
 2172
 2114
 2058
 2008
 1958
 1912
 1862
 1808
 1764
 1726
 1692
 1678
 1672
 1670
 1676
 1692
 1706
 1724
 1746
 1774
 1806
 1844
 1880
 1922
 1966
 2000
 2042
 2082
 2120
 2160
 2198
 2234
 2268
 2306
 2346
 2382
 2416
 2448
 2482
 2516
 2546
 2576
 2608
 2630
 2650
 2674
 2696
 2712
 2730
 2750
 2768
 2786
 2806
 2822
 2838
 2846
 2852
 2856
 2852
 2836
 2818
 2790
 2752
 2702
 2650
 2590
 2530
 2472
 2416
 2360
 2310
 2262
 2214
 2164
 2108
 2058
 2008
 1952
 1896
 1840
 1776
 1708
 1640
 1560
 1500
 1454
 1426
 1422
 1438
 1464
 1494
 1534
 1574
 1616
 1654
 1692
 1736
 1782
 1826
 1886
 1942
 2002
 2066
 2128
 2186
 2248
 2312
 2372
 2422
 2480
 2534
 2584
 2630
 2674
 2716
 2754
 2778
 2808
 2836
 2856
 2876
 2896
 2910
 2926
 2940
 2956
 2974
 2992
 3008
 3018
 3028
 3042
 3058
 3068
 3078
 3092
 3092
 3072
 3044
 3008
 2962
 2912
 2858
 2806
 2746
 2684
 2622
 2554
 2492
 2440
 2396
 2346
 2288
 2228
 2162
 2106
 2050
 1992
 1934
 1874
 1812
 1744
 1680
 1624
 1572
 1524
 1488
 1478
 1462
 1428
 1404
 1372
 1334
 1296
 1268
 1250
 1228
 1208
 1176
 1142
 1102
 1054
 1008
 966
 942
 964
 982
 1002
 1026
 1068
 1116
 1164
 1220
 1286
 1352
 1410
 1478
 1554
 1638
 1722
 1792
 1856
 1912
 1976
 2032
 2064
 2086
 2094
 2098
 2110
 2136
 2170
 2232
 2316
 2388
 2450
 2510
 2568
 2630
 2714
 2806
 2888
 2950
 2994
 3028
 3066
 3116
 3174
 3222
 3246
 3252
 3262
 3278
 3296
 3316
 3322
 3326
 3334
 3346
 3364
 3384
 3404
 3418
 3424
 3422
 3418
 3412
 3410
 3404
 3396
 3394
 3394
 3390
 3382
 3368
 3346
 3328
 3304
 3276
 3244
 3208
 3170
 3130
 3086
 3042
 2998
 2954
 2914
 2878
 2830
 2786
 2746
 2710
 2682
 2664
 2652
 2648
 2652
 2662
 2682
 2700
 2718
 2738
 2762
 2784
 2816
 2848
 2878
 2912
 2942
 2972
 3000
 3024
 3046
 3058
 3070
 3078
 3088
 3102
 3120
 3150
 3186
 3220
 3254
 3282
 3306
 3326
 3340
 3350
 3358
 3366
 3368
 3370
 3372
 3368
 3368
 3366
 3364
 3366
 3360
 3352
 3348
 3340
 3342
 3344
 3346
 3350
 3356
 3356
 3354
 3354
 3352
 3346
 3338
 3326
 3312
 3294
 3278
 3260
 3240
 3216
 3190
 3164
 3132
 3100
 3066
 3032
 3006
 2980
 2956
 2938
 2926
 2918
 2914
 2914
 2914
 2916
 2924
 2932
 2940
 2950
 2960
 2968
 2980
 2998
 3006
 3022
 3038
 3054
 3062
 3076
 3090
 3102
 3114
 3122
 3132
 3144
 3154
 3160
 3164
 3168
 3172
 3176
 3178
 3180
 3190
 3196
 3200
 3208
 3212
 3212
 3216
 3218
 3220
 3216
 3212
 3210
 3206
 3206
 3208
 3206
 3208
 3208
 3210
 3208
 3208
 3212
 3214
 3216
 3216
 3214
 3212
 3208
 3202
 3190
 3174
 3158
 3136
 3106
 3076
 3046
 3014
 2980
 2944
 2904
 2860
 2816
 2772
 2722
 2672
 2632
 2596
 2562
 2528
 2506
 2488
 2478
 2474
 2482
 2496
 2520
 2554
 2596
 2654
 2734
 2826
 2926
 3028
 3134
 3224
 3290
 3334
 3346
 3334
 3288
 3244
 3208
 3172
 3148
 3134
 3126
 3126
 3128
 3126
 3130
 3140
 3142
 3122
 3090
 3028
 2940
 2848
 2768
 2688
 2604
 2526
 2458
 2396
 2342
 2292
 2246
 2200
 2154
 2110
 2058
 2010
 1966
 1930
 1898
 1874
 1856
 1844
 1840
 1848
 1858
 1876
 1900
 1928
 1956
 1984
 2014
 2040
 2070
 2098
 2132
 2160
 2184
 2214
 2238
 2262
 2286
 2308
 2328
 2332
 2316
 2312
 2304
 2294
 2296
 2292
 2290
 2286
 2284
 2284
 2282
 2284
 2290
 2288
 2286
 2284
 2282
 2284
 2290
 2306
 2320
 2334
 2356
 2378
 2402
 2432
 2464
 2494
 2522
 2550
 2576
 2598
 2622
 2644
 2668
 2690
 2714
 2744
 2772
 2792
 2816
 2838
 2856
 2860
 2850
 2838
 2824
 2802
 2778
 2754
 2728
 2696
 2664
 2626
 2584
 2536
 2492
 2442
 2388
 2338
 2282
 2228
 2180
 2134
 2086
 2040
 1996
 1950
 1906
 1866
 1828
 1802
 1780
 1766
 1768
 1770
 1778
 1794
 1808
 1828
 1852
 1882
 1908
 1942
 1976
 2010
 2044
 2080
 2120
 2154
 2186
 2218
 2260
 2302
 2344
 2378
 2406
 2434
 2466
 2494
 2522
 2550
 2586
 2608
 2622
 2644
 2672
 2696
 2714
 2726
 2760
 2786
 2798
 2816
 2840
 2860
 2870
 2870
 2882
 2892
 2888
 2870
 2856
 2846
 2830
 2802
 2768
 2732
 2686
 2628
 2570
 2512
 2454
 2398
 2346
 2288
 2236
 2182
 2122
 2068
 2012
 1962
 1908
 1854
 1804
 1750
 1700
 1656
 1622
 1594
 1578
 1574
 1584
 1596
 1620
 1652
 1680
 1714
 1754
 1794
 1836
 1880
 1924
 1962
 2000
 2040
 2082
 2124
 2160
 2200
 2244
 2288
 2324
 2358
 2392
 2426
 2464
 2502
 2538
 2574
 2614
 2658
 2696
 2732
 2766
 2798
 2828
 2852
 2874
 2894
 2906
 2916
 2926
 2930
 2934
 2942
 2952
 2960
 2970
 2978
 2972
 2956
 2938
 2910
 2874
 2828
 2782
 2734
 2684
 2636
 2590
 2546
 2502
 2452
 2402
 2356
 2310
 2268
 2228
 2184
 2134
 2094
 2052
 2010
 1968
 1930
 1902
 1880
 1868
 1866
 1874
 1884
 1900
 1928
 1956
 1994
 2042
 2096
 2156
 2222
 2296
 2364
 2428
 2484
 2538
 2588
 2632
 2668
 2708
 2742
 2772
 2796
 2822
 2848
 2870
 2892
 2914
 2934
 2950
 2972
 2984
 2994
 3004
 3010
 3018
 3024
 3032
 3038
 3044
 3046
 3046
 3050
 3056
 3048
 3024
 2994
 2958
 2920
 2886
 2854
 2818
 2778
 2738
 2690
 2640
 2588
 2530
 2470
 2408
 2350
 2292
 2234
 2182
 2134
 2094
 2054
 2020
 1988
 1958
 1938
 1924
 1922
 1926
 1938
 1962
 1990
 2022
 2060
 2098
 2126
 2162
 2200
 2236
 2272
 2310
 2352
 2396
 2438
 2470
 2502
 2542
 2582
 2620
 2660
 2696
 2730
 2758
 2790
 2816
 2842
 2872
 2894
 2914
 2934
 2952
 2966
 2980
 2988
 2994
 2994
 2988
 2974
 2956
 2934
 2892
 2844
 2794
 2732
 2666
 2598
 2530
 2466
 2406
 2348
 2288
 2226
 2164
 2102
 2040
 1980
 1920
 1862
 1802
 1746
 1694
 1646
 1614
 1596
 1586
 1588
 1598
 1612
 1634
 1662
 1692
 1728
 1768
 1804
 1844
 1876
 1916
 1952
 1990
 2032
 2076
 2118
 2160
 2204
 2244
 2286
 2334
 2374
 2414
 2454
 2490
 2530
 2568
 2600
 2626
 2654
 2684
 2720
 2752
 2784
 2820
 2858
 2896
 2926
 2952
 2974
 2982
 2990
 2992
 2984
 2970
 2944
 2904
 2862
 2812
 2754
 2694
 2634
 2572
 2510
 2452
 2396
 2338
 2284
 2224
 2168
 2114
 2062
 2014
 1964
 1912
 1854
 1806
 1758
 1714
 1684
 1666
 1662
 1662
 1672
 1686
 1704
 1726
 1754
 1784
 1814
 1850
 1890
 1928
 1962
 2000
 2042
 2080
 2126
 2174
 2220
 2270
 2326
 2376
 2422
 2468
 2510
 2550
 2588
 2618
 2650
 2690
 2722
 2748
 2772
 2798
 2824
 2848
 2872
 2892
 2912
 2926
 2938
 2954
 2966
 2970
 2960
 2946
 2930
 2900
 2866
 2822
 2764
 2704
 2644
 2580
 2524
 2470
 2420
 2374
 2332
 2294
 2252
 2214
 2180
 2148
 2120
 2092
 2070
 2052
 2038
 2030
 2028
 2036
 2052
 2076
 2106
 2136
 2174
 2210
 2244
 2282
 2318
 2354
 2390
 2426
 2466
 2502
 2538
 2566
 2596
 2628
 2658
 2688
 2716
 2742
 2768
 2796
 2824
 2848
 2868
 2886
 2904
 2916
 2924
 2928
 2916
 2896
 2868
 2832
 2792
 2742
 2688
 2634
 2578
 2518
 2462
 2408
 2348
 2290
 2234
 2182
 2136
 2092
 2052
 2012
 1964
 1914
 1866
 1816
 1778
 1748
 1730
 1720
 1720
 1728
 1742
 1766
 1788
 1822
 1856
 1888
 1926
 1966
 2000
 2038
 2080
 2118
 2158
 2198
 2236
 2270
 2308
 2348
 2384
 2424
 2462
 2502
 2542
 2584
 2624
 2662
 2690
 2710
 2732
 2754
 2772
 2790
 2806
 2818
 2832
 2850
 2866
 2878
 2888
 2896
 2898
 2900
 2906
 2912
 2920
 2928
 2934
 2940
 2954
 2966
 2964
 2948
 2934
 2914
 2892
 2866
 2834
 2792
 2750
 2702
 2648
 2590
 2538
 2488
 2444
 2400
 2354
 2314
 2268
 2220
 2178
 2140
 2104
 2072
 2042
 2016
 1990
 1972
 1958
 1952
 1950
 1956
 1968
 1982
 2002
 2022
 2052
 2090
 2122
 2164
 2210
 2256
 2298
 2344
 2388
 2426
 2466
 2502
 2538
 2568
 2600
 2632
 2660
 2684
 2712
 2734
 2754
 2780
 2800
 2820
 2844
 2868
 2888
 2910
 2934
 2948
 2960
 2968
 2972
 2980
 2986
 2994
 3006
 3014
 3022
 3022
 3008
 2984
 2962
 2936
 2894
 2854
 2808
 2764
 2716
 2670
 2622
 2572
 2522
 2472
 2424
 2380
 2336
 2296
 2258
 2224
 2184
 2146
 2116
 2080
 2052
 2028
 2012
 2000
 2000
 2008
 2018
 2034
 2054
 2078
 2102
 2130
 2162
 2204
 2250
 2296
 2334
 2370
 2402
 2442
 2494
 2554
 2598
 2634
 2670
 2710
 2750
 2788
 2820
 2852
 2886
 2916
 2942
 2966
 2982
 2996
 2998
 2998
 3002
 2994
 2974
 2954
 2926
 2880
 2836
 2790
 2740
 2688
 2632
 2576
 2524
 2474
 2422
 2374
 2332
 2290
 2246
 2202
 2164
 2114
 2064
 2018
 1972
 1928
 1886
 1856
 1826
 1810
 1804
 1808
 1820
 1840
 1864
 1900
 1938
 1978
 2030
 2088
 2156
 2250
 2352
 2452
 2564
 2678
 2780
 2876
 2962
 3036
 3096
 3140
 3170
 3188
 3202
 3208
 3202
 3188
 3192
 3202
 3210
 3226
 3236
 3242
 3254
 3262
 3272
 3284
 3294
 3290
 3270
 3238
 3188
 3118
 3034
 2950
 2866
 2766
 2666
 2574
 2496
 2418
 2348
 2274
 2198
 2124
 2052
 1984
 1926
 1874
 1826
 1782
 1738
 1710
 1686
 1678
 1678
 1694
 1714
 1742
 1782
 1820
 1866
 1918
 1970
 2020
 2070
 2124
 2178
 2232
 2278
 2324
 2374
 2426
 2476
 2530
 2578
 2624
 2672
 2714
 2754
 2794
 2832
 2864
 2896
 2920
 2944
 2962
 2978
 2990
 2994
 2988
 2972
 2948
 2914
 2878
 2836
 2784
 2732
 2680
 2624
 2574
 2520
 2472
 2428
 2384
 2342
 2304
 2272
 2238
 2200
 2166
 2134
 2100
 2080
 2066
 2062
 2066
 2080
 2100
 2124
 2152
 2186
 2228
 2274
 2316
 2360
 2404
 2448
 2490
 2532
 2572
 2608
 2646
 2684
 2734
 2784
 2828
 2866
 2904
 2938
 2966
 2988
 3006
 3020
 3034
 3042
 3044
 3040
 3030
 3018
 2996
 2960
 2918
 2866
 2812
 2750
 2680
 2606
 2536
 2466
 2402
 2346
 2290
 2234
 2180
 2130
 2082
 2032
 1984
 1938
 1898
 1862
 1830
 1814
 1804
 1802
 1812
 1828
 1854
 1882
 1920
 1958
 1994
 2032
 2072
 2112
 2158
 2204
 2254
 2302
 2350
 2394
 2438
 2482
 2524
 2568
 2612
 2658
 2700
 2746
 2786
 2820
 2856
 2884
 2914
 2948
 2972
 2996
 3020
 3032
 3042
 3048
 3042
 3012
 2970
 2910
 2848
 2788
 2736
 2680
 2620
 2556
 2494
 2436
 2378
 2322
 2268
 2212
 2156
 2104
 2044
 1992
 1942
 1892
 1846
 1802
 1764
 1730
 1708
 1700
 1702
 1712
 1728
 1760
 1792
 1820
 1864
 1912
 1952
 1994
 2040
 2082
 2116
 2156
 2206
 2252
 2300
 2348
 2394
 2440
 2482
 2528
 2570
 2608
 2642
 2680
 2718
 2752
 2788
 2824
 2856
 2886
 2918
 2946
 2966
 2978
 2974
 2960
 2940
 2912
 2876
 2834
 2786
 2728
 2668
 2608
 2544
 2484
 2432
 2380
 2326
 2268
 2212
 2150
 2088
 2024
 1962
 1904
 1850
 1798
 1756
 1716
 1682
 1666
 1656
 1658
 1670
 1692
 1724
 1766
 1812
 1854
 1900
 1948
 1990
 2038
 2088
 2142
 2202
 2258
 2306
 2354
 2402
 2444
 2492
 2542
 2592
 2640
 2688
 2734
 2774
 2812
 2852
 2884
 2916
 2942
 2962
 2980
 2998
 3014
 3028
 3032
 3026
 3014
 2996
 2974
 2946
 2916
 2878
 2836
 2792
 2742
 2690
 2640
 2588
 2536
 2486
 2434
 2382
 2336
 2290
 2242
 2192
 2146
 2108
 2078
 2050
 2040
 2038
 2046
 2062
 2084
 2114
 2144
 2180
 2218
 2258
 2302
 2354
 2402
 2448
 2488
 2528
 2568
 2604
 2644
 2684
 2722
 2762
 2800
 2836
 2872
 2910
 2942
 2972
 3002
 3020
 3038
 3058
 3076
 3096
 3112
 3122
 3134
 3142
 3148
 3156
 3166
 3162
 3134
 3102
 3060
 3008
 2954
 2894
 2832
 2758
 2684
 2610
 2534
 2464
 2406
 2360
 2312
 2260
 2212
 2160
 2100
 2046
 1986
 1932
 1878
 1826
 1760
 1674
 1590
 1520
 1464
 1410
 1362
 1326
 1310
 1306
 1316
 1330
 1342
 1364
 1390
 1416
 1442
 1474
 1512
 1548
 1586
 1626
 1666
 1712
 1756
 1804
 1848
 1888
 1938
 1992
 2044
 2102
 2154
 2204
 2250
 2298
 2342
 2384
 2428
 2472
 2512
 2554
 2590
 2630
 2666
 2698
 2726
 2746
 2772
 2798
 2824
 2848
 2874
 2890
 2904
 2922
 2936
 2952
 2964
 2970
 2980
 2988
 2994
 2998
 3000
 3006
 3008
 3010
 3010
 3016
 3022
 3022
 3010
 2988
 2958
 2920
 2872
 2814
 2752
 2690
 2628
 2566
 2506
 2452
 2396
 2346
 2296
 2242
 2194
 2148
 2094
 2050
 2002
 1956
 1914
 1876
 1838
 1806
 1786
 1776
 1780
 1788
 1808
 1836
 1864
 1890
 1920
 1954
 1986
 2026
 2070
 2118
 2162
 2210
 2256
 2298
 2340
 2382
 2424
 2472
 2514
 2556
 2596
 2630
 2662
 2694
 2726
 2762
 2794
 2824
 2854
 2880
 2904
 2920
 2934
 2946
 2954
 2964
 2972
 2980
 2992
 3002
 3008
 3012
 3022
 3034
 3044
 3042
 3020
 2988
 2962
 2932
 2898
 2856
 2808
 2760
 2708
 2650
 2596
 2546
 2498
 2444
 2396
 2348
 2296
 2248
 2204
 2162
 2120
 2086
 2056
 2032
 2020
 2018
 2024
 2036
 2046
 2062
 2088
 2110
 2140
 2176
 2206
 2244
 2286
 2324
 2356
 2392
 2434
 2466
 2504
 2538
 2572
 2606
 2640
 2674
 2706
 2734
 2754
 2778
 2802
 2824
 2848
 2874
 2900
 2922
 2944
 2964
 2976
 2992
 3002
 2998
 2984
 2960
 2928
 2886
 2840
 2786
 2722
 2660
 2596
 2532
 2474
 2418
 2356
 2300
 2248
 2194
 2140
 2076
 2014
 1956
 1902
 1860
 1830
 1808
 1800
 1804
 1812
 1826
 1850
 1880
 1906
 1942
 1982
 2014
 2046
 2082
 2118
 2156
 2190
 2228
 2270
 2312
 2350
 2384
 2420
 2450
 2484
 2522
 2560
 2594
 2630
 2664
 2694
 2728
 2756
 2782
 2810
 2838
 2860
 2886
 2908
 2922
 2936
 2946
 2960
 2978
 2992
 3004
 3016
 3016
 3006
 2990
 2962
 2928
 2880
 2822
 2758
 2688
 2622
 2560
 2496
 2436
 2372
 2310
 2254
 2200
 2138
 2084
 2032
 1976
 1920
 1878
 1842
 1804
 1772
 1754
 1750
 1756
 1764
 1780
 1802
 1822
 1842
 1872
 1904
 1932
 1970
 2006
 2036
 2072
 2118
 2158
 2192
 2232
 2268
 2302
 2338
 2376
 2416
 2456
 2494
 2528
 2558
 2586
 2610
 2630
 2654
 2676
 2698
 2718
 2738
 2758
 2762
 2754
 2738
 2714
 2682
 2644
 2598
 2556
 2510
 2458
 2414
 2370
 2324
 2282
 2238
 2194
 2144
 2098
 2054
 2002
 1950
 1906
 1872
 1850
 1836
 1838
 1852
 1860
 1882
 1918
 1952
 1988
 2028
 2074
 2118
 2164
 2208
 2246
 2286
 2330
 2376
 2424
 2468
 2508
 2550
 2588
 2620
 2654
 2690
 2726
 2760
 2790
 2818
 2846
 2878
 2906
 2928
 2938
 2928
 2904
 2878
 2844
 2818
 2792
 2756
 2710
 2658
 2600
 2522
 2434
 2346
 2266
 2190
 2120
 2054
 1990
 1930
 1876
 1826
 1782
 1750
 1732
 1726
 1726
 1736
 1754
 1772
 1800
 1834
 1882
 1928
 1978
 2030
 2074
 2122
 2174
 2226
 2284
 2332
 2382
 2428
 2468
 2506
 2548
 2586
 2620
 2656
 2692
 2730
 2760
 2798
 2832
 2868
 2900
 2926
 2950
 2972
 2992
 3018
 3040
 3062
 3088
 3108
 3132
 3152
 3156
 3162
 3170
 3156
 3128
 3098
 3060
 3018
 2976
 2930
 2874
 2830
 2768
 2706
 2634
 2558
 2504
 2430
 2366
 2300
 2234
 2174
 2120
 2070
 2018
 1970
 1922
 1878
 1842
 1818
 1810
 1808
 1812
 1828
 1848
 1868
 1902
 1934
 1966
 2006
 2050
 2092
 2134
 2182
 2232
 2274
 2318
 2364
 2406
 2454
 2500
 2542
 2584
 2624
 2660
 2690
 2724
 2754
 2780
 2810
 2840
 2864
 2892
 2918
 2936
 2942
 2936
 2916
 2892
 2866
 2832
 2800
 2770
 2730
 2692
 2652
 2606
 2560
 2518
 2476
 2434
 2394
 2350
 2302
 2252
 2202
 2158
 2116
 2082
 2052
 2038
 2028
 2024
 2028
 2036
 2048
 2068
 2094
 2120
 2152
 2188
 2222
 2262
 2298
 2334
 2370
 2410
 2448
 2490
 2530
 2568
 2606
 2644
 2680
 2704
 2738
 2776
 2808
 2840
 2872
 2902
 2928
 2948
 2964
 2964
 2962
 2956
 2946
 2932
 2908
 2880
 2844
 2804
 2766
 2714
 2662
 2610
 2552
 2488
 2424
 2360
 2290
 2218
 2146
 2076
 2006
 1946
 1890
 1836
 1786
 1738
 1692
 1660
 1636
 1630
 1630
 1642
 1664
 1694
 1736
 1774
 1818
 1864
 1914
 1970
 2026
 2086
 2150
 2216
 2272
 2328
 2386
 2440
 2496
 2546
 2596
 2636
 2676
 2712
 2740
 2768
 2788
 2808
 2826
 2844
 2860
 2876
 2888
 2902
 2914
 2924
 2930
 2934
 2918
 2892
 2870
 2856
 2854
 2862
 2868
 2870
 2876
 2878
 2880
 2880
 2882
 2884
 2884
 2884
 2884
 2886
 2890
 2894
 2902
 2908
 2910
 2908
 2894
 2862
 2812
 2740
 2656
 2572
 2478
 2378
 2278
 2178
 2088
 1992
 1904
 1828
 1758
 1690
 1630
 1574
 1518
 1472
 1442
 1428
 1432
 1450
 1478
 1512
 1548
 1594
 1636
 1678
 1724
 1774
 1820
 1866
 1916
 1960
 2004
 2054
 2100
 2150
 2198
 2246
 2294
 2340
 2382
 2426
 2472
 2518
 2562
 2604
 2642
 2676
 2710
 2740
 2766
 2786
 2804
 2822
 2840
 2854
 2870
 2882
 2892
 2896
 2900
 2912
 2916
 2912
 2898
 2876
 2846
 2810
 2762
 2712
 2658
 2600
 2542
 2486
 2432
 2376
 2318
 2260
 2208
 2150
 2088
 2028
 1976
 1922
 1868
 1818
 1766
 1710
 1658
 1614
 1570
 1530
 1500
 1482
 1474
 1476
 1482
 1496
 1520
 1552
 1588
 1626
 1668
 1710
 1752
 1796
 1842
 1886
 1930
 1980
 2024
 2060
 2102
 2146
 2188
 2242
 2296
 2348
 2404
 2456
 2498
 2536
 2570
 2606
 2638
 2672
 2702
 2732
 2760
 2782
 2800
 2822
 2842
 2860
 2880
 2898
 2912
 2916
 2910
 2898
 2878
 2852
 2820
 2780
 2736
 2690
 2642
 2588
 2528
 2474
 2416
 2354
 2296
 2244
 2194
 2142
 2098
 2048
 2000
 1952
 1902
 1856
 1814
 1774
 1746
 1730
 1722
 1718
 1728
 1742
 1758
 1784
 1816
 1854
 1898
 1942
 1984
 2022
 2062
 2102
 2140
 2184
 2224
 2268
 2314
 2358
 2398
 2438
 2474
 2514
 2554
 2594
 2632
 2670
 2704
 2734
 2764
 2790
 2812
 2836
 2854
 2872
 2884
 2888
 2890
 2888
 2882
 2868
 2848
 2822
 2790
 2756
 2718
 2670
 2628
 2582
 2534
 2486
 2442
 2394
 2346
 2296
 2246
 2196
 2154
 2110
 2068
 2032
 2000
 1974
 1954
 1936
 1928
 1926
 1928
 1936
 1954
 1980
 2012
 2048
 2084
 2118
 2154
 2192
 2234
 2276
 2318
 2358
 2408
 2454
 2496
 2538
 2574
 2606
 2636
 2664
 2686
 2714
 2748
 2774
 2798
 2824
 2842
 2860
 2870
 2868
 2860
 2846
 2826
 2800
 2764
 2730
 2690
 2644
 2596
 2540
 2488
 2440
 2386
 2330
 2282
 2232
 2182
 2132
 2082
 2026
 1962
 1890
 1822
 1760
 1694
 1632
 1576
 1522
 1470
 1422
 1380
 1346
 1318
 1322
 1340
 1348
 1348
 1344
 1338
 1310
 1252
 1196
 1166
 1146
 1124
 1100
 1068
 1040
 986
 904
 808
 704
 634
 614
 612
 626
 672
 744
 806
 874
 958
 1044
 1120
 1184
 1250
 1306
 1342
 1372
 1380
 1384
 1394
 1412
 1442
 1468
 1504
 1534
 1566
 1608
 1654
 1694
 1738
 1780
 1830
 1884
 1924
 1964
 2004
 2048
 2102
 2154
 2200
 2242
 2280
 2314
 2344
 2374
 2400
 2438
 2472
 2500
 2522
 2544
 2568
 2588
 2608
 2622
 2640
 2664
 2674
 2686
 2702
 2722
 2734
 2740
 2748
 2760
 2770
 2764
 2752
 2744
 2736
 2722
 2706
 2686
 2666
 2632
 2596
 2566
 2532
 2494
 2456
 2422
 2386
 2348
 2306
 2266
 2234
 2198
 2162
 2132
 2112
 2098
 2098
 2102
 2108
 2116
 2136
 2148
 2168
 2192
 2220
 2250
 2284
 2318
 2352
 2386
 2420
 2454
 2490
 2524
 2554
 2586
 2614
 2636
 2658
 2684
 2712
 2738
 2764
 2786
 2810
 2834
 2860
 2888
 2916
 2940
 2962
 2976
 2988
 3002
 3012
 3012
 3010
 3012
 3004
 2986
 2962
 2932
 2892
 2854
 2810
 2754
 2696
 2634
 2574
 2516
 2454
 2394
 2338
 2272
 2202
 2138
 2064
 2002
 1944
 1896
 1854
 1830
 1814
 1804
 1806
 1814
 1832
 1858
 1896
 1938
 1980
 2016
 2056
 2096
 2128
 2168
 2214
 2258
 2296
 2340
 2380
 2416
 2450
 2482
 2514
 2544
 2572
 2606
 2638
 2662
 2682
 2706
 2732
 2754
 2774
 2796
 2816
 2836
 2856
 2870
 2884
 2888
 2890
 2896
 2900
 2904
 2910
 2916
 2922
 2926
 2918
 2910
 2900
 2880
 2856
 2828
 2790
 2752
 2722
 2688
 2652
 2618
 2578
 2536
 2490
 2444
 2402
 2362
 2322
 2280
 2240
 2200
 2164
 2140
 2122
 2110
 2106
 2110
 2120
 2132
 2150
 2170
 2194
 2224
 2254
 2290
 2332
 2374
 2418
 2456
 2494
 2532
 2568
 2602
 2636
 2664
 2690
 2724
 2756
 2782
 2808
 2832
 2854
 2874
 2898
 2922
 2930
 2930
 2932
 2930
 2926
 2924
 2908
 2892
 2878
 2872
 2860
 2848
 2826
 2794
 2760
 2718
 2660
 2598
 2532
 2460
 2390
 2314
 2234
 2158
 2080
 1996
 1916
 1844
 1778
 1720
 1672
 1630
 1588
 1562
 1548
 1552
 1568
 1594
 1628
 1672
 1710
 1752
 1802
 1842
 1890
 1946
 2000
 2054
 2110
 2166
 2216
 2264
 2310
 2356
 2400
 2440
 2484
 2528
 2562
 2596
 2620
 2640
 2664
 2686
 2706
 2730
 2754
 2774
 2796
 2818
 2844
 2874
 2898
 2912
 2918
 2914
 2896
 2874
 2846
 2810
 2764
 2718
 2668
 2608
 2546
 2492
 2436
 2378
 2328
 2278
 2224
 2176
 2130
 2084
 2034
 1984
 1932
 1884
 1832
 1784
 1754
 1728
 1712
 1708
 1718
 1734
 1760
 1798
 1832
 1870
 1920
 1970
 2016
 2064
 2114
 2168
 2220
 2268
 2312
 2358
 2412
 2462
 2508
 2554
 2590
 2630
 2670
 2702
 2732
 2760
 2788
 2812
 2836
 2860
 2884
 2900
 2912
 2926
 2934
 2950
 2968
 2980
 2992
 3008
 3018
 3028
 3044
 3056
 3070
 3082
 3086
 3092
 3098
 3098
 3092
 3076
 3052
 3020
 2976
 2932
 2882
 2816
 2750
 2684
 2620
 2554
 2492
 2432
 2366
 2300
 2236
 2174
 2114
 2054
 1998
 1946
 1894
 1842
 1802
 1762
 1736
 1722
 1720
 1726
 1740
 1764
 1790
 1816
 1846
 1880
 1916
 1950
 1986
 2028
 2068
 2110
 2156
 2202
 2248
 2292
 2340
 2384
 2426
 2476
 2518
 2560
 2604
 2642
 2682
 2722
 2762
 2802
 2838
 2868
 2900
 2936
 2962
 2986
 3008
 3024
 3028
 3022
 3008
 2988
 2962
 2924
 2884
 2844
 2798
 2750
 2692
 2642
 2590
 2540
 2488
 2418
 2348
 2282
 2222
 2158
 2096
 2034
 1968
 1902
 1840
 1782
 1726
 1676
 1638
 1618
 1592
 1564
 1546
 1534
 1530
 1538
 1556
 1586
 1622
 1670
 1720
 1768
 1814
 1862
 1912
 1970
 2022
 2078
 2136
 2186
 2234
 2286
 2336
 2392
 2452
 2508
 2560
 2612
 2660
 2698
 2742
 2780
 2810
 2842
 2868
 2896
 2926
 2956
 2984
 3016
 3044
 3066
 3092
 3116
 3134
 3130
 3118
 3096
 3070
 3032
 2980
 2924
 2864
 2800
 2736
 2672
 2600
 2528
 2464
 2402
 2336
 2266
 2212
 2158
 2102
 2048
 1984
 1922
 1872
 1834
 1810
 1802
 1808
 1828
 1854
 1890
 1934
 1992
 2046
 2090
 2136
 2194
 2244
 2296
 2348
 2396
 2446
 2498
 2552
 2604
 2652
 2700
 2746
 2790
 2832
 2874
 2902
 2928
 2952
 2970
 2996
 3014
 3032
 3048
 3052
 3034
 3010
 2988
 2950
 2906
 2860
 2814
 2762
 2708
 2652
 2596
 2536
 2472
 2414
 2354
 2296
 2242
 2190
 2136
 2088
 2044
 1996
 1952
 1912
 1880
 1858
 1844
 1846
 1852
 1860
 1880
 1904
 1924
 1948
 1978
 2008
 2038
 2070
 2100
 2128
 2164
 2198
 2230
 2264
 2300
 2334
 2372
 2404
 2430
 2454
 2486
 2514
 2552
 2596
 2636
 2674
 2712
 2748
 2776
 2804
 2826
 2842
 2858
 2870
 2880
 2892
 2900
 2908
 2914
 2922
 2930
 2938
 2942
 2942
 2938
 2916
 2888
 2848
 2804
 2754
 2702
 2644
 2588
 2532
 2476
 2428
 2378
 2324
 2276
 2226
 2172
 2122
 2076
 2024
 1976
 1930
 1882
 1832
 1784
 1744
 1714
 1696
 1692
 1702
 1726
 1752
 1780
 1822
 1860
 1900
 1954
 2004
 2052
 2106
 2160
 2212
 2258
 2308
 2352
 2394
 2438
 2480
 2522
 2564
 2602
 2636
 2672
 2700
 2724
 2754
 2780
 2806
 2832
 2854
 2876
 2896
 2904
 2896
 2878
 2852
 2820
 2786
 2746
 2702
 2652
 2602
 2548
 2494
 2444
 2388
 2332
 2278
 2216
 2152
 2092
 2034
 1974
 1920
 1864
 1804
 1752
 1704
 1666
 1638
 1620
 1618
 1626
 1638
 1658
 1682
 1714
 1744
 1778
 1816
 1856
 1898
 1940
 1986
 2030
 2072
 2116
 2164
 2210
 2254
 2300
 2348
 2390
 2432
 2474
 2508
 2544
 2586
 2624
 2660
 2698
 2732
 2764
 2794
 2820
 2844
 2866
 2882
 2894
 2908
 2920
 2930
 2938
 2942
 2948
 2948
 2932
 2914
 2898
 2866
 2832
 2808
 2780
 2750
 2714
 2674
 2626
 2576
 2520
 2468
 2414
 2358
 2306
 2256
 2204
 2144
 2094
 2042
 1982
 1930
 1880
 1826
 1772
 1718
 1666
 1616
 1572
 1534
 1508
 1490
 1484
 1490
 1504
 1524
 1542
 1576
 1606
 1638
 1684
 1730
 1776
 1830
 1886
 1932
 1978
 2026
 2072
 2120
 2170
 2222
 2270
 2326
 2378
 2426
 2478
 2530
 2578
 2628
 2670
 2706
 2740
 2774
 2802
 2830
 2856
 2878
 2896
 2912
 2932
 2950
 2968
 2984
 2994
 2994
 3002
 3012
 3018
 3024
 3040
 3056
 3072
 3090
 3110
 3122
 3120
 3102
 3076
 3044
 3006
 2962
 2912
 2856
 2802
 2746
 2682
 2626
 2562
 2498
 2440
 2386
 2328
 2272
 2220
 2162
 2104
 2046
 1986
 1930
 1876
 1826
 1778
 1738
 1706
 1674
 1662
 1656
 1656
 1668
 1688
 1716
 1750
 1800
 1852
 1898
 1950
 1998
 2048
 2100
 2152
 2206
 2264
 2318
 2372
 2414
 2458
 2508
 2552
 2598
 2644
 2688
 2728
 2766
 2804
 2824
 2854
 2872
 2886
 2898
 2910
 2922
 2934
 2944
 2950
 2960
 2964
 2968
 2974
 2972
 2956
 2940
 2916
 2882
 2848
 2804
 2752
 2702
 2648
 2592
 2538
 2484
 2438
 2392
 2354
 2316
 2270
 2216
 2170
 2136
 2102
 2080
 2072
 2074
 2082
 2100
 2122
 2150
 2184
 2218
 2258
 2306
 2348
 2388
 2432
 2478
 2522
 2564
 2608
 2642
 2670
 2708
 2742
 2778
 2812
 2838
 2856
 2854
 2838
 2810
 2770
 2718
 2658
 2594
 2522
 2454
 2388
 2318
 2258
 2202
 2140
 2076
 2018
 1950
 1882
 1818
 1758
 1700
 1636
 1572
 1500
 1426
 1350
 1280
 1220
 1168
 1122
 1088
 1076
 1070
 1076
 1096
 1116
 1144
 1182
 1230
 1278
 1328
 1388
 1442
 1488
 1542
 1592
 1646
 1698
 1750
 1804
 1860
 1914
 1968
 2024
 2078
 2130
 2182
 2234
 2284
 2338
 2396
 2452
 2504
 2550
 2590
 2628
 2662
 2694
 2724
 2756
 2784
 2816
 2840
 2854
 2874
 2894
 2904
 2916
 2928
 2934
 2940
 2944
 2932
 2914
 2882
 2840
 2792
 2738
 2678
 2620
 2560
 2500
 2444
 2380
 2322
 2266
 2206
 2148
 2096
 2048
 1996
 1950
 1908
 1858
 1806
 1756
 1714
 1678
 1648
 1630
 1622
 1630
 1642
 1654
 1672
 1700
 1726
 1760
 1800
 1840
 1880
 1924
 1974
 2014
 2058
 2102
 2150
 2196
 2238
 2284
 2328
 2368
 2412
 2442
 2470
 2508
 2546
 2584
 2622
 2660
 2694
 2726
 2760
 2790
 2814
 2836
 2856
 2874
 2892
 2908
 2922
 2936
 2942
 2938
 2920
 2900
 2876
 2840
 2802
 2766
 2724
 2676
 2634
 2586
 2532
 2484
 2434
 2388
 2346
 2300
 2248
 2190
 2138
 2086
 2034
 1990
 1948
 1908
 1884
 1876
 1872
 1878
 1898
 1928
 1962
 1988
 2014
 2052
 2092
 2138
 2182
 2218
 2264
 2302
 2346
 2388
 2426
 2466
 2508
 2544
 2578
 2620
 2656
 2688
 2720
 2750
 2780
 2806
 2832
 2858
 2882
 2902
 2922
 2942
 2954
 2976
 2996
 3010
 3020
 3030
 3032
 3016
 2992
 2960
 2920
 2874
 2818
 2762
 2700
 2640
 2576
 2514
 2456
 2404
 2352
 2294
 2242
 2190
 2128
 2080
 2030
 1980
 1934
 1890
 1848
 1802
 1754
 1716
 1684
 1660
 1650
 1656
 1672
 1696
 1726
 1762
 1808
 1854
 1902
 1956
 2008
 2058
 2098
 2140
 2186
 2234
 2286
 2334
 2378
 2422
 2466
 2510
 2552
 2594
 2630
 2662
 2692
 2730
 2764
 2796
 2830
 2866
 2898
 2924
 2950
 2968
 2978
 2976
 2958
 2932
 2896
 2846
 2790
 2734
 2676
 2610
 2546
 2482
 2414
 2348
 2288
 2228
 2170
 2110
 2044
 1980
 1914
 1850
 1790
 1732
 1674
 1622
 1578
 1530
 1490
 1462
 1444
 1440
 1440
 1450
 1462
 1484
 1512
 1534
 1562
 1586
 1618
 1648
 1672
 1692
 1710
 1732
 1748
 1758
 1770
 1778
 1786
 1796
 1804
 1816
 1830
 1856
 1890
 1926
 1962
 2002
 2046
 2094
 2138
 2180
 2224
 2268
 2312
 2352
 2384
 2420
 2460
 2496
 2534
 2570
 2604
 2638
 2670
 2702
 2732
 2764
 2802
 2864
 2902
 2938
 2966
 2984
 2990
 2980
 2966
 2940
 2904
 2868
 2820
 2770
 2722
 2672
 2622
 2572
 2522
 2470
 2418
 2362
 2308
 2256
 2202
 2152
 2106
 2064
 2024
 1980
 1940
 1902
 1860
 1840
 1830
 1832
 1848
 1872
 1890
 1904
 1926
 1954
 1982
 2010
 2038
 2074
 2114
 2158
 2200
 2238
 2288
 2330
 2370
 2412
 2452
 2488
 2524
 2564
 2598
 2630
 2668
 2702
 2734
 2768
 2802
 2830
 2858
 2882
 2902
 2918
 2926
 2940
 2952
 2940
 2920
 2894
 2854
 2812
 2766
 2710
 2654
 2598
 2540
 2488
 2438
 2392
 2350
 2310
 2270
 2222
 2180
 2142
 2094
 2048
 2006
 1964
 1916
 1874
 1830
 1786
 1740
 1698
 1662
 1636
 1618
 1614
 1620
 1636
 1652
 1678
 1712
 1740
 1780
 1824
 1870
 1922
 1976
 2032
 2078
 2126
 2174
 2224
 2274
 2320
 2368
 2420
 2470
 2516
 2560
 2604
 2650
 2696
 2740
 2782
 2818
 2854
 2888
 2922
 2950
 2978
 2996
 3010
 3020
 3022
 3016
 2998
 2972
 2940
 2912
 2880
 2838
 2796
 2752
 2700
 2646
 2594
 2540
 2490
 2444
 2392
 2340
 2288
 2230
 2174
 2116
 2054
 1998
 1942
 1888
 1828
 1778
 1740
 1702
 1684
 1674
 1678
 1690
 1712
 1744
 1778
 1816
 1856
 1902
 1948
 1992
 2040
 2088
 2136
 2178
 2214
 2254
 2296
 2332
 2368
 2410
 2450
 2488
 2532
 2572
 2606
 2644
 2674
 2704
 2736
 2766
 2798
 2828
 2858
 2884
 2910
 2930
 2948
 2974
 2996
 3012
 3024
 3038
 3046
 3056
 3066
 3068
 3064
 3050
 3030
 3006
 2972
 2934
 2894
 2848
 2800
 2752
 2700
 2646
 2594
 2542
 2484
 2426
 2372
 2316
 2258
 2206
 2158
 2106
 2060
 2012
 1974
 1946
 1928
 1916
 1918
 1928
 1942
 1960
 1984
 2016
 2048
 2080
 2122
 2168
 2214
 2268
 2322
 2372
 2420
 2472
 2524
 2574
 2622
 2668
 2714
 2760
 2800
 2840
 2876
 2906
 2934
 2960
 2982
 3000
 3020
 3038
 3048
 3062
 3070
 3068
 3046
 3014
 2976
 2934
 2884
 2834
 2780
 2720
 2664
 2604
 2552
 2504
 2450
 2398
 2342
 2284
 2236
 2190
 2150
 2120
 2102
 2074
 2042
 2016
 2002
 2006
 2020
 2036
 2066
 2108
 2148
 2182
 2224
 2272
 2330
 2384
 2442
 2498
 2552
 2596
 2642
 2692
 2732
 2772
 2810
 2844
 2878
 2908
 2936
 2960
 2982
 3000
 3016
 3022
 3018
 3012
 2994
 2958
 2908
 2858
 2814
 2776
 2746
 2712
 2672
 2614
 2534
 2452
 2372
 2298
 2232
 2170
 2102
 2028
 1962
 1888
 1804
 1722
 1642
 1566
 1502
 1452
 1418
 1406
 1412
 1430
 1468
 1516
 1568
 1626
 1688
 1742
 1792
 1846
 1896
 1952
 2010
 2066
 2118
 2172
 2226
 2272
 2320
 2366
 2412
 2462
 2508
 2550
 2596
 2634
 2676
 2714
 2748
 2776
 2810
 2846
 2880
 2910
 2942
 2964
 2976
 2976
 2966
 2946
 2914
 2874
 2828
 2780
 2726
 2674
 2620
 2564
 2514
 2468
 2418
 2366
 2322
 2266
 2212
 2164
 2120
 2078
 2044
 2022
 2010
 2004
 2006
 2012
 2030
 2050
 2078
 2114
 2152
 2194
 2232
 2282
 2334
 2382
 2436
 2492
 2546
 2598
 2652
 2700
 2742
 2782
 2816
 2848
 2874
 2902
 2928
 2956
 2982
 3004
 3022
 3030
 3044
 3058
 3070
 3076
 3070
 3048
 3024
 2988
 2942
 2898
 2856
 2806
 2742
 2680
 2620
 2562
 2506
 2452
 2392
 2340
 2280
 2216
 2158
 2102
 2044
 1988
 1934
 1880
 1832
 1784
 1746
 1722
 1710
 1710
 1720
 1732
 1754
 1770
 1790
 1816
 1842
 1856
 1868
 1876
 1884
 1892
 1896
 1900
 1906
 1920
 1948
 1980
 1996
 2018
 2054
 2094
 2152
 2208
 2250
 2296
 2346
 2396
 2444
 2492
 2540
 2588
 2656
 2726
 2772
 2806
 2838
 2870
 2900
 2926
 2956
 2984
 3012
 3044
 3076
 3106
 3128
 3146
 3156
 3164
 3148
 3122
 3090
 3046
 2992
 2922
 2846
 2774
 2700
 2626
 2554
 2486
 2422
 2362
 2304
 2248
 2190
 2134
 2080
 2028
 1976
 1924
 1882
 1844
 1814
 1802
 1794
 1798
 1810
 1834
 1864
 1904
 1950
 1998
 2046
 2102
 2158
 2210
 2264
 2322
 2380
 2438
 2486
 2534
 2584
 2630
 2680
 2724
 2768
 2808
 2848
 2890
 2926
 2960
 2988
 3012
 3036
 3058
 3078
 3098
 3116
 3130
 3140
 3146
 3158
 3158
 3138
 3104
 3054
 2984
 2910
 2840
 2766
 2694
 2624
 2558
 2494
 2428
 2370
 2310
 2250
 2190
 2124
 2060
 1996
 1926
 1862
 1808
 1756
 1712
 1674
 1636
 1606
 1588
 1580
 1586
 1600
 1620
 1652
 1688
 1718
 1756
 1794
 1826
 1868
 1916
 1962
 2008
 2062
 2112
 2156
 2204
 2252
 2302
 2354
 2410
 2464
 2520
 2570
 2612
 2656
 2706
 2752
 2800
 2848
 2892
 2936
 2984
 3028
 3062
 3092
 3116
 3136
 3154
 3168
 3172
 3172
 3168
 3150
 3118
 3078
 3032
 2974
 2922
 2872
 2814
 2752
 2694
 2632
 2568
 2506
 2442
 2372
 2306
 2242
 2180
 2122
 2066
 2002
 1950
 1902
 1860
 1840
 1832
 1834
 1846
 1868
 1896
 1930
 1966
 2004
 2048
 2092
 2136
 2184
 2234
 2276
 2316
 2358
 2392
 2434
 2476
 2518
 2556
 2596
 2640
 2682
 2722
 2756
 2790
 2820
 2850
 2880
 2908
 2932
 2954
 2974
 2992
 3012
 3036
 3052
 3066
 3072
 3072
 3062
 3046
 3020
 2988
 2948
 2896
 2842
 2786
 2726
 2664
 2602
 2544
 2486
 2434
 2382
 2326
 2270
 2216
 2152
 2092
 2030
 1974
 1916
 1860
 1814
 1768
 1736
 1714
 1706
 1708
 1720
 1740
 1768
 1802
 1838
 1876
 1932
 1982
 2038
 2098
 2152
 2206
 2262
 2322
 2374
 2426
 2484
 2536
 2586
 2632
 2676
 2718
 2754
 2790
 2822
 2850
 2880
 2910
 2932
 2956
 2976
 2986
 2998
 3012
 3028
 3042
 3046
 3040
 3024
 3000
 2966
 2926
 2880
 2828
 2768
 2704
 2646
 2580
 2510
 2440
 2374
 2308
 2238
 2176
 2110
 2048
 1986
 1930
 1874
 1822
 1784
 1760
 1752
 1754
 1760
 1778
 1798
 1820
 1852
 1884
 1916
 1952
 1992
 2030
 2064
 2100
 2132
 2168
 2202
 2234
 2268
 2310
 2352
 2394
 2432
 2472
 2510
 2546
 2584
 2620
 2654
 2690
 2728
 2758
 2790
 2816
 2840
 2860
 2872
 2880
 2886
 2882
 2880
 2878
 2872
 2868
 2860
 2838
 2812
 2780
 2740
 2698
 2658
 2612
 2562
 2506
 2448
 2390
 2334
 2276
 2222
 2172
 2124
 2082
 2034
 1992
 1962
 1932
 1908
 1890
 1880
 1876
 1886
 1902
 1922
 1950
 1982
 2018
 2066
 2116
 2170
 2234
 2294
 2352
 2402
 2456
 2508
 2560
 2608
 2658
 2702
 2746
 2792
 2836
 2874
 2910
 2936
 2958
 2978
 2998
 3014
 3028
 3040
 3044
 3044
 3034
 3018
 3000
 2976
 2942
 2906
 2864
 2820
 2778
 2736
 2694
 2652
 2610
 2568
 2528
 2490
 2452
 2416
 2380
 2346
 2308
 2272
 2232
 2196
 2154
 2116
 2092
 2086
 2088
 2098
 2114
 2136
 2164
 2202
 2244
 2292
 2326
 2364
 2408
 2464
 2520
 2558
 2592
 2646
 2708
 2748
 2778
 2816
 2866
 2902
 2930
 2950
 2970
 2992
 3004
 3014
 3012
 2996
 2966
 2928
 2888
 2846
 2804
 2764
 2720
 2672
 2624
 2566
 2494
 2424
 2358
 2294
 2230
 2166
 2098
 2024
 1946
 1866
 1798
 1734
 1674
 1630
 1596
 1562
 1542
 1528
 1530
 1538
 1558
 1588
 1620
 1664
 1714
 1762
 1810
 1856
 1908
 1956
 1994
 2038
 2078
 2120
 2166
 2212
 2258
 2300
 2346
 2388
 2426
 2462
 2494
 2530
 2564
 2596
 2628
 2658
 2688
 2712
 2736
 2766
 2792
 2816
 2840
 2860
 2878
 2900
 2918
 2934
 2950
 2962
 2976
 2978
 2984
 2994
 3002
 3010
 3016
 3022
 3036
 3050
 3062
 3074
 3078
 3062
 3036
 3008
 2968
 2918
 2864
 2808
 2752
 2694
 2638
 2586
 2534
 2480
 2422
 2374
 2320
 2270
 2226
 2182
 2140
 2102
 2064
 2024
 1988
 1950
 1914
 1880
 1848
 1824
 1810
 1806
 1800
 1806
 1816
 1826
 1842
 1866
 1896
 1930
 1970
 2010
 2048
 2088
 2122
 2156
 2190
 2222
 2258
 2300
 2342
 2380
 2406
 2432
 2464
 2490
 2518
 2544
 2570
 2592
 2612
 2634
 2650
 2666
 2676
 2684
 2692
 2700
 2704
 2712
 2716
 2718
 2722
 2730
 2734
 2740
 2754
 2756
 2748
 2736
 2720
 2698
 2674
 2646
 2608
 2564
 2522
 2474
 2430
 2384
 2340
 2298
 2256
 2216
 2176
 2134
 2094
 2058
 2014
 1976
 1944
 1914
 1886
 1864
 1854
 1852
 1860
 1876
 1892
 1918
 1950
 1978
 2012
 2052
 2094
 2136
 2178
 2224
 2272
 2330
 2388
 2448
 2506
 2558
 2610
 2662
 2708
 2754
 2800
 2842
 2882
 2916
 2950
 2984
 3018
 3050
 3070
 3082
 3094
 3100
 3122
 3116
 3080
 3048
 3002
 2952
 2900
 2840
 2772
 2700
 2628
 2562
 2506
 2456
 2416
 2376
 2334
 2288
 2230
 2168
 2108
 2036
 1954
 1878
 1810
 1752
 1702
 1668
 1638
 1608
 1584
 1570
 1572
 1588
 1608
 1632
 1658
 1678
 1704
 1730
 1736
 1746
 1744
 1728
 1710
 1696
 1676
 1644
 1620
 1610
 1594
 1574
 1552
 1528
 1500
 1466
 1420
 1358
 1274
 1162
 1052
 968
 910
 888
 866
 860
 878
 896
 928
 982
 1038
 1106
 1180
 1256
 1322
 1376
 1440
 1494
 1548
 1592
 1624
 1648
 1662
 1682
 1704
 1726
 1748
 1774
 1806
 1838
 1868
 1898
 1938
 1994
 2062
 2124
 2170
 2214
 2254
 2300
 2354
 2404
 2444
 2476
 2512
 2550
 2582
 2622
 2664
 2702
 2744
 2788
 2830
 2872
 2912
 2948
 2978
 3006
 3030
 3050
 3066
 3078
 3094
 3112
 3128
 3142
 3160
 3178
 3194
 3206
 3216
 3226
 3234
 3238
 3232
 3230
 3228
 3228
 3228
 3230
 3230
 3232
 3232
 3234
 3244
 3252
 3256
 3264
 3272
 3270
 3274
 3276
 3274
 3276
 3270
 3260
 3250
 3236
 3216
 3196
 3172
 3148
 3116
 3092
 3064
 3034
 3002
 2972
 2948
 2922
 2904
 2882
 2850
 2816
 2794
 2778
 2774
 2774
 2776
 2780
 2786
 2796
 2814
 2838
 2852
 2862
 2888
 2928
 2954
 2956
 2970
 3004
 3028
 3030
 3044
 3076
 3104
 3104
 3116
 3150
 3176
 3170
 3172
 3188
 3198
 3208
 3216
 3220
 3230
 3244
 3254
 3268
 3284
 3300
 3306
 3314
 3316
 3318
 3320
 3314
 3304
 3292
 3272
 3248
 3218
 3182
 3142
 3092
 3040
 2990
 2944
 2900
 2862
 2824
 2774
 2720
 2666
 2616
 2570
 2528
 2494
 2470
 2452
 2442
 2446
 2456
 2468
 2490
 2518
 2548
 2582
 2618
 2652
 2680
 2712
 2742
 2774
 2802
 2830
 2862
 2896
 2924
 2946
 2970
 2994
 3012
 3030
 3050
 3068
 3076
 3094
 3112
 3124
 3140
 3152
 3156
 3162
 3164
 3172
 3176
 3182
 3186
 3190
 3194
 3204
 3214
 3222
 3228
 3236
 3236
 3238
 3240
 3240
 3236
 3222
 3206
 3190
 3168
 3142
 3114
 3084
 3056
 3024
 2996
 2958
 2920
 2884
 2840
 2796
 2756
 2716
 2674
 2638
 2600
 2562
 2526
 2492
 2466
 2446
 2432
 2426
 2432
 2442
 2458
 2474
 2496
 2526
 2554
 2588
 2624
 2658
 2692
 2728
 2768
 2802
 2832
 2864
 2890
 2916
 2934
 2956
 2974
 2994
 3012
 3026
 3040
 3054
 3074
 3094
 3104
 3116
 3130
 3138
 3150
 3160
 3168
 3178
 3182
 3186
 3190
 3194
 3198
 3202
 3208
 3210
 3212
 3214
 3214
 3222
 3228
 3232
 3236
 3242
 3238
 3228
 3214
 3198
 3178
 3154
 3124
 3090
 3058
 3022
 2984
 2948
 2910
 2872
 2830
 2792
 2750
 2704
 2662
 2622
 2582
 2538
 2494
 2446
 2398
 2352
 2314
 2282
 2256
 2244
 2244
 2250
 2258
 2272
 2296
 2324
 2358
 2396
 2438
 2476
 2516
 2562
 2602
 2638
 2676
 2710
 2740
 2770
 2800
 2832
 2864
 2896
 2928
 2962
 2986
 3016
 3038
 3060
 3082
 3106
 3126
 3142
 3164
 3184
 3200
 3216
 3226
 3236
 3248
 3258
 3266
 3272
 3276
 3280
 3284
 3286
 3278
 3276
 3272
 3262
 3254
 3236
 3208
 3184
 3152
 3120
 3086
 3048
 3010
 2974
 2932
 2888
 2842
 2798
 2754
 2712
 2670
 2630
 2588
 2538
 2478
 2420
 2376
 2338
 2312
 2294
 2280
 2260
 2238
 2216
 2194
 2176
 2164
 2160
 2164
 2172
 2182
 2200
 2226
 2248
 2278
 2304
 2338
 2372
 2406
 2448
 2484
 2520
 2556
 2592
 2624
 2656
 2686
 2716
 2740
 2758
 2782
 2808
 2828
 2852
 2874
 2902
 2928
 2954
 2978
 2998
 3016
 3028
 3042
 3054
 3068
 3076
 3088
 3098
 3106
 3112
 3120
 3130
 3138
 3140
 3144
 3144
 3136
 3120
 3100
 3078
 3046
 3012
 2976
 2936
 2896
 2858
 2820
 2784
 2738
 2698
 2658
 2614
 2574
 2534
 2492
 2452
 2416
 2376
 2338
 2300
 2264
 2238
 2220
 2210
 2212
 2226
 2244
 2266
 2302
 2340
 2380
 2424
 2464
 2506
 2546
 2584
 2620
 2654
 2688
 2718
 2752
 2782
 2808
 2838
 2862
 2886
 2906
 2922
 2940
 2962
 2976
 2986
 3002
 3012
 3022
 3036
 3044
 3054
 3066
 3072
 3076
 3078
 3078
 3082
 3084
 3080
 3070
 3058
 3040
 3026
 3012
 2988
 2962
 2936
 2904
 2870
 2834
 2796
 2758
 2718
 2680
 2638
 2602
 2564
 2530
 2494
 2462
 2426
 2388
 2356
 2322
 2296
 2276
 2264
 2260
 2264
 2276
 2288
 2308
 2332
 2358
 2388
 2418
 2452
 2488
 2524
 2558
 2588
 2620
 2652
 2680
 2708
 2738
 2762
 2788
 2818
 2844
 2864
 2878
 2892
 2898
 2908
 2914
 2924
 2934
 2944
 2954
 2964
 2972
 2984
 2996
 3006
 3012
 3018
 3016
 3006
 2996
 2976
 2954
 2930
 2904
 2872
 2848
 2816
 2776
 2738
 2706
 2674
 2644
 2614
 2588
 2558
 2522
 2490
 2466
 2444
 2418
 2390
 2358
 2340
 2326
 2318
 2318
 2324
 2338
 2366
 2390
 2410
 2428
 2450
 2476
 2506
 2528
 2556
 2584
 2614
 2642
 2676
 2710
 2738
 2768
 2798
 2828
 2858
 2886
 2910
 2936
 2966
 2996
 3026
 3056
 3084
 3106
 3128
 3154
 3172
 3188
 3204
 3212
 3212
 3210
 3204
 3198
 3188
 3172
 3154
 3134
 3108
 3088
 3066
 3036
 3006
 2972
 2938
 2898
 2856
 2816
 2772
 2724
 2678
 2636
 2592
 2550
 2512
 2472
 2430
 2388
 2346
 2304
 2264
 2228
 2200
 2180
 2168
 2162
 2162
 2174
 2194
 2212
 2240
 2276
 2312
 2350
 2392
 2436
 2476
 2516
 2552
 2586
 2620
 2650
 2680
 2710
 2742
 2776
 2806
 2830
 2856
 2890
 2918
 2942
 2966
 2990
 3014
 3038
 3058
 3068
 3072
 3068
 3068
 3062
 3046
 3028
 3000
 2968
 2940
 2906
 2858
 2806
 2750
 2688
 2630
 2572
 2510
 2454
 2402
 2346
 2290
 2228
 2164
 2100
 2040
 1978
 1922
 1864
 1804
 1750
 1692
 1632
 1584
 1556
 1546
 1548
 1566
 1594
 1626
 1660
 1698
 1738
 1784
 1834
 1890
 1940
 1984
 2026
 2066
 2110
 2156
 2198
 2242
 2290
 2346
 2394
 2426
 2458
 2494
 2540
 2572
 2596
 2628
 2680
 2714
 2734
 2750
 2790
 2828
 2860
 2886
 2912
 2940
 2964
 2998
 3022
 3038
 3052
 3058
 3064
 3066
 3068
 3068
 3058
 3044
 3020
 2994
 2964
 2922
 2876
 2824
 2770
 2712
 2660
 2612
 2562
 2512
 2464
 2416
 2366
 2318
 2270
 2224
 2174
 2124
 2072
 2028
 1980
 1940
 1914
 1900
 1896
 1900
 1914
 1932
 1958
 1984
 2014
 2048
 2078
 2110
 2148
 2186
 2234
 2272
 2312
 2358
 2400
 2446
 2484
 2522
 2558
 2592
 2628
 2660
 2690
 2718
 2742
 2770
 2794
 2818
 2840
 2862
 2886
 2908
 2930
 2952
 2962
 2970
 2982
 2992
 3004
 3010
 3008
 2994
 2980
 2956
 2922
 2878
 2818
 2760
 2708
 2656
 2608
 2560
 2516
 2476
 2440
 2400
 2358
 2320
 2276
 2222
 2170
 2120
 2072
 2026
 1986
 1952
 1920
 1894
 1882
 1876
 1880
 1890
 1910
 1940
 1976
 2010
 2044
 2088
 2126
 2162
 2204
 2242
 2282
 2320
 2362
 2396
 2432
 2466
 2500
 2534
 2568
 2600
 2634
 2666
 2696
 2728
 2752
 2776
 2808
 2834
 2864
 2888
 2914
 2936
 2960
 2980
 2990
 3000
 3000
 2986
 2968
 2942
 2914
 2884
 2854
 2820
 2786
 2744
 2708
 2674
 2632
 2592
 2552
 2510
 2470
 2434
 2394
 2352
 2310
 2266
 2226
 2184
 2142
 2106
 2074
 2050
 2036
 2030
 2030
 2042
 2056
 2076
 2102
 2136
 2178
 2228
 2298
 2376
 2458
 2544
 2630
 2704
 2766
 2818
 2868
 2914
 2956
 2992
 3024
 3056
 3080
 3110
 3132
 3160
 3194
 3226
 3260
 3296
 3334
 3366
 3388
 3402
 3406
 3404
 3394
 3374
 3352
 3330
 3308
 3288
 3274
 3254
 3226
 3202
 3172
 3134
 3096
 3054
 3006
 2948
 2876
 2786
 2674
 2556
 2438
 2330
 2226
 2130
 2050
 1974
 1910
 1852
 1794
 1750
 1710
 1676
 1660
 1652
 1652
 1658
 1678
 1702
 1728
 1760
 1792
 1830
 1870
 1908
 1950
 1996
 2046
 2092
 2140
 2184
 2230
 2276
 2320
 2362
 2400
 2442
 2484
 2520
 2556
 2588
 2618
 2652
 2684
 2714
 2742
 2766
 2792
 2818
 2842
 2862
 2888
 2912
 2930
 2946
 2960
 2960
 2944
 2926
 2900
 2868
 2838
 2800
 2758
 2716
 2672
 2624
 2574
 2526
 2478
 2426
 2372
 2322
 2264
 2208
 2156
 2106
 2058
 2010
 1964
 1918
 1872
 1828
 1794
 1768
 1754
 1744
 1750
 1762
 1778
 1802
 1824
 1856
 1892
 1922
 1958
 1996
 2040
 2080
 2124
 2172
 2212
 2252
 2290
 2326
 2360
 2394
 2430
 2464
 2496
 2528
 2562
 2598
 2630
 2658
 2692
 2724
 2758
 2788
 2818
 2842
 2860
 2878
 2892
 2900
 2898
 2886
 2868
 2844
 2814
 2778
 2738
 2696
 2656
 2616
 2570
 2522
 2478
 2432
 2384
 2340
 2300
 2256
 2210
 2172
 2132
 2082
 2032
 1982
 1938
 1902
 1870
 1846
 1836
 1838
 1848
 1862
 1886
 1918
 1948
 1988
 2032
 2082
 2126
 2172
 2216
 2256
 2296
 2334
 2376
 2418
 2458
 2498
 2540
 2586
 2626
 2674
 2712
 2748
 2784
 2812
 2838
 2868
 2900
 2922
 2944
 2960
 2960
 2958
 2946
 2930
 2914
 2890
 2860
 2830
 2798
 2766
 2736
 2704
 2660
 2610
 2560
 2500
 2446
 2384
 2316
 2242
 2180
 2118
 2052
 1994
 1938
 1884
 1840
 1806
 1782
 1774
 1782
 1796
 1808
 1836
 1866
 1890
 1924
 1962
 2006
 2052
 2102
 2158
 2212
 2268
 2324
 2376
 2428
 2476
 2518
 2558
 2598
 2632
 2666
 2696
 2732
 2768
 2802
 2840
 2878
 2916
 2948
 2978
 3000
 3020
 3038
 3048
 3062
 3074
 3084
 3098
 3108
 3116
 3126
 3132
 3132
 3122
 3102
 3060
 2996
 2924
 2842
 2760
 2682
 2604
 2524
 2448
 2370
 2302
 2238
 2176
 2120
 2066
 2012
 1958
 1904
 1852
 1802
 1748
 1702
 1664
 1636
 1622
 1622
 1634
 1648
 1670
 1700
 1736
 1774
 1812
 1862
 1914
 1958
 2000
 2050
 2100
 2146
 2194
 2240
 2284
 2328
 2374
 2418
 2456
 2494
 2528
 2562
 2590
 2616
 2644
 2674
 2702
 2728
 2752
 2772
 2800
 2824
 2846
 2868
 2890
 2900
 2914
 2930
 2942
 2952
 2958
 2956
 2948
 2930
 2904
 2872
 2834
 2794
 2750
 2696
 2644
 2590
 2532
 2478
 2424
 2374
 2324
 2278
 2230
 2178
 2126
 2074
 2026
 1978
 1932
 1894
 1860
 1834
 1814
 1810
 1816
 1826
 1848
 1874
 1908
 1948
 1998
 2046
 2092
 2134
 2180
 2230
 2276
 2322
 2370
 2418
 2464
 2508
 2546
 2584
 2628
 2664
 2702
 2740
 2774
 2802
 2834
 2866
 2898
 2930
 2958
 2982
 3002
 3020
 3034
 3046
 3056
 3066
 3074
 3078
 3070
 3056
 3044
 3020
 2990
 2952
 2904
 2848
 2790
 2728
 2662
 2602
 2540
 2480
 2426
 2370
 2316
 2264
 2212
 2164
 2112
 2056
 2008
 1956
 1900
 1858
 1830
 1810
 1806
 1810
 1822
 1836
 1860
 1890
 1922
 1960
 2000
 2042
 2090
 2132
 2174
 2222
 2268
 2314
 2362
 2408
 2454
 2496
 2542
 2582
 2618
 2654
 2684
 2718
 2746
 2774
 2802
 2830
 2854
 2874
 2888
 2904
 2922
 2938
 2952
 2964
 2976
 2988
 2998
 2996
 2980
 2956
 2922
 2884
 2842
 2794
 2746
 2696
 2642
 2580
 2520
 2464
 2404
 2348
 2294
 2242
 2188
 2136
 2084
 2024
 1962
 1902
 1848
 1802
 1762
 1738
 1726
 1724
 1726
 1742
 1762
 1782
 1812
 1848
 1884
 1926
 1970
 2012
 2050
 2090
 2128
 2168
 2206
 2244
 2284
 2332
 2378
 2420
 2460
 2496
 2538
 2570
 2608
 2642
 2672
 2700
 2734
 2766
 2792
 2818
 2840
 2860
 2882
 2900
 2918
 2930
 2938
 2948
 2958
 2968
 2968
 2968
 2968
 2950
 2924
 2894
 2852
 2810
 2768
 2720
 2666
 2612
 2558
 2504
 2452
 2402
 2352
 2298
 2250
 2204
 2160
 2110
 2066
 2024
 1974
 1930
 1892
 1866
 1844
 1836
 1838
