20
91
180
182
248
337
419
512
597
688
794
808
876
961
1048
1121
1191
1274
1356
1428
1512
1593
1661
1734
1808
1888
1976
2066
2144
2236
2327
2341
2403
2481
2556
2631
2707
2786
2864
2966
2977
3064
3075
3150
3233
3320
3397
3478
3551
3629
3714
3726
3800
3879
3957
4050
4137
4227
4332
4407
4485
4559
4637
4722
4806
4884
4965
5051
5062
5121
5202
5278
5362
5456
5526
5619
5632
5708
5797
5901
5986
6063
6145
6215
6293
6368
6440
6520
6605
6692
6710
6793
6806
6874
6964
7034
7112
7185
7266
7345
7422
7504
7592
7677
7765
7778
7835
7911
7983
8058
8134
8210
8283
8372
8452
8544
8559
8640
8742
8753
8828
