 2754
 2714
 2672
 2626
 2574
 2524
 2474
 2420
 2368
 2314
 2262
 2212
 2168
 2134
 2112
 2102
 2102
 2116
 2132
 2156
 2192
 2242
 2298
 2356
 2406
 2452
 2498
 2540
 2576
 2612
 2646
 2676
 2708
 2732
 2754
 2772
 2792
 2808
 2826
 2838
 2854
 2862
 2864
 2866
 2880
 2900
 2916
 2930
 2942
 2954
 2962
 2968
 2970
 2968
 2968
 2972
 2972
 2974
 2974
 2976
 2978
 2980
 2980
 2980
 2978
 2974
 2970
 2968
 2972
 2976
 2972
 2970
 2960
 2950
 2932
 2916
 2896
 2868
 2838
 2806
 2772
 2734
 2694
 2654
 2610
 2566
 2522
 2476
 2426
 2374
 2326
 2286
 2250
 2206
 2158
 2108
 2064
 2016
 1968
 1924
 1878
 1838
 1806
 1780
 1762
 1752
 1754
 1766
 1784
 1810
 1840
 1872
 1908
 1954
 2004
 2054
 2100
 2146
 2192
 2240
 2278
 2316
 2354
 2390
 2424
 2454
 2486
 2514
 2546
 2576
 2604
 2630
 2652
 2672
 2702
 2738
 2768
 2802
 2830
 2856
 2878
 2896
 2910
 2922
 2932
 2942
 2948
 2952
 2954
 2958
 2962
 2968
 2968
 2970
 2970
 2968
 2966
 2966
 2966
 2962
 2954
 2944
 2930
 2914
 2894
 2874
 2846
 2818
 2784
 2748
 2706
 2662
 2616
 2572
 2522
 2474
 2424
 2370
 2312
 2258
 2208
 2166
 2116
 2064
 2008
 1960
 1916
 1878
 1846
 1826
 1816
 1814
 1824
 1840
 1866
 1896
 1928
 1964
 1998
 2028
 2058
 2092
 2140
 2184
 2226
 2268
 2310
 2356
 2396
 2432
 2468
 2500
 2532
 2562
 2588
 2612
 2634
 2658
 2684
 2708
 2728
 2746
 2762
 2776
 2806
 2836
 2864
 2892
 2914
 2936
 2952
 2962
 2970
 2980
 2986
 2992
 2996
 2994
 2990
 2986
 2986
 2988
 2986
 2986
 2986
 2988
 2990
 2986
 2982
 2978
 2984
 2988
 2986
 2980
 2972
 2960
 2942
 2922
 2896
 2868
 2838
 2804
 2764
 2724
 2684
 2644
 2604
 2562
 2520
 2478
 2434
 2384
 2330
 2280
 2236
 2196
 2154
 2118
 2094
 2082
 2084
 2094
 2116
 2144
 2180
 2216
 2250
 2288
 2326
 2368
 2406
 2444
 2478
 2504
 2530
 2566
 2606
 2646
 2686
 2720
 2752
 2780
 2802
 2822
 2838
 2854
 2868
 2882
 2896
 2906
 2918
 2930
 2930
 2932
 2932
 2932
 2932
 2942
 2952
 2962
 2970
 2976
 2980
 2982
 2982
 2982
 2982
 2978
 2974
 2974
 2970
 2968
 2964
 2960
 2954
 2946
 2936
 2922
 2902
 2874
 2842
 2818
 2794
 2766
 2730
 2690
 2652
 2612
 2570
 2526
 2480
 2432
 2384
 2332
 2280
 2226
 2170
 2116
 2058
 2000
 1936
 1874
 1818
 1774
 1732
 1692
 1656
 1624
 1600
 1584
 1574
 1570
 1576
 1586
 1600
 1616
 1640
 1664
 1692
 1722
 1754
 1780
 1814
 1856
 1906
 1952
 1998
 2044
 2092
 2138
 2178
 2218
 2260
 2300
 2338
 2376
 2410
 2446
 2478
 2510
 2542
 2570
 2592
 2614
 2636
 2668
 2696
 2724
 2750
 2774
 2796
 2812
 2828
 2844
 2858
 2870
 2880
 2880
 2878
 2874
 2866
 2852
 2834
 2810
 2784
 2752
 2714
 2676
 2632
 2582
 2526
 2476
 2428
 2374
 2318
 2256
 2192
 2132
 2068
 2006
 1944
 1876
 1812
 1750
 1690
 1634
 1584
 1540
 1500
 1466
 1436
 1410
 1394
 1376
 1366
 1364
 1370
 1382
 1394
 1404
 1416
 1430
 1448
 1462
 1482
 1500
 1516
 1538
 1558
 1578
 1598
 1616
 1634
 1650
 1668
 1680
 1700
 1730
 1776
 1816
 1852
 1884
 1918
 1952
 1982
 2016
 2050
 2088
 2128
 2166
 2198
 2228
 2262
 2292
 2322
 2350
 2372
 2394
 2414
 2430
 2446
 2470
 2500
 2530
 2558
 2586
 2612
 2640
 2664
 2688
 2714
 2738
 2764
 2788
 2808
 2828
 2842
 2854
 2864
 2868
 2868
 2870
 2870
 2868
 2866
 2876
 2886
 2892
 2896
 2898
 2898
 2892
 2874
 2856
 2834
 2806
 2778
 2744
 2708
 2670
 2628
 2584
 2538
 2492
 2442
 2394
 2338
 2282
 2236
 2194
 2152
 2106
 2052
 2002
 1954
 1910
 1864
 1824
 1782
 1744
 1710
 1674
 1646
 1626
 1616
 1614
 1620
 1626
 1644
 1666
 1700
 1732
 1770
 1798
 1830
 1862
 1890
 1916
 1944
 1970
 1996
 2022
 2050
 2074
 2102
 2126
 2144
 2162
 2180
 2210
 2240
 2266
 2290
 2310
 2334
 2354
 2370
 2386
 2402
 2418
 2430
 2442
 2456
 2466
 2480
 2494
 2500
 2508
 2518
 2542
 2560
 2576
 2594
 2610
 2626
 2640
 2654
 2668
 2678
 2690
 2698
 2706
 2716
 2730
 2742
 2754
 2768
 2778
 2782
 2788
 2804
 2820
 2832
 2842
 2852
 2862
 2874
 2882
 2892
 2902
 2912
 2922
 2922
 2924
 2922
 2918
 2908
 2890
 2866
 2838
 2812
 2794
 2772
 2746
 2712
 2678
 2642
 2604
 2564
 2526
 2482
 2434
 2386
 2334
 2280
 2228
 2176
 2122
 2062
 2008
 1960
 1906
 1852
 1800
 1756
 1716
 1680
 1646
 1612
 1582
 1556
 1536
 1522
 1512
 1510
 1512
 1518
 1530
 1550
 1578
 1608
 1638
 1672
 1704
 1742
 1774
 1808
 1846
 1884
 1926
 1964
 2000
 2036
 2076
 2114
 2146
 2180
 2230
 2278
 2318
 2356
 2390
 2426
 2462
 2492
 2524
 2554
 2584
 2616
 2646
 2676
 2704
 2736
 2762
 2784
 2816
 2856
 2892
 2926
 2954
 2984
 3008
 3022
 3038
 3056
 3074
 3090
 3106
 3120
 3134
 3148
 3160
 3164
 3166
 3170
 3186
 3192
 3188
 3176
 3158
 3134
 3104
 3070
 3032
 2992
 2952
 2910
 2864
 2816
 2768
 2716
 2670
 2622
 2566
 2512
 2462
 2416
 2364
 2308
 2250
 2198
 2148
 2102
 2066
 2036
 2018
 2010
 2014
 2026
 2046
 2072
 2102
 2136
 2172
 2204
 2236
 2270
 2316
 2358
 2398
 2434
 2468
 2508
 2542
 2574
 2608
 2640
 2674
 2706
 2736
 2762
 2786
 2814
 2838
 2866
 2884
 2898
 2914
 2942
 2966
 2992
 3014
 3030
 3048
 3058
 3070
 3080
 3084
 3088
 3094
 3098
 3102
 3106
 3110
 3110
 3104
 3092
 3074
 3048
 3020
 3000
 2984
 2958
 2930
 2898
 2864
 2828
 2792
 2756
 2716
 2672
 2626
 2578
 2528
 2478
 2426
 2374
 2324
 2268
 2210
 2160
 2118
 2072
 2026
 1982
 1946
 1914
 1892
 1872
 1854
 1838
 1824
 1812
 1802
 1794
 1792
 1798
 1806
 1812
 1822
 1840
 1862
 1888
 1908
 1926
 1946
 1964
 1984
 2004
 2022
 2042
 2060
 2080
 2102
 2126
 2148
 2176
 2200
 2224
 2246
 2280
 2312
 2336
 2358
 2382
 2408
 2434
 2460
 2488
 2510
 2534
 2550
 2568
 2584
 2598
 2616
 2636
 2654
 2668
 2682
 2710
 2738
 2762
 2786
 2808
 2828
 2844
 2862
 2880
 2894
 2910
 2926
 2934
 2946
 2956
 2966
 2978
 2988
 2996
 3006
 3010
 3014
 3022
 3042
 3058
 3070
 3084
 3092
 3100
 3104
 3108
 3116
 3114
 3114
 3114
 3112
 3108
 3102
 3090
 3076
 3058
 3036
 3008
 2982
 2944
 2904
 2866
 2832
 2790
 2742
 2694
 2642
 2594
 2544
 2494
 2444
 2392
 2338
 2284
 2230
 2172
 2114
 2060
 2006
 1954
 1906
 1864
 1820
 1786
 1766
 1752
 1738
 1728
 1720
 1714
 1714
 1714
 1714
 1716
 1718
 1722
 1726
 1736
 1750
 1768
 1786
 1806
 1824
 1850
 1882
 1924
 1966
 2006
 2048
 2092
 2136
 2178
 2218
 2260
 2302
 2346
 2388
 2430
 2468
 2506
 2542
 2574
 2604
 2628
 2650
 2686
 2718
 2750
 2776
 2802
 2826
 2848
 2868
 2892
 2910
 2928
 2944
 2952
 2960
 2968
 2978
 2988
 2998
 3008
 3010
 3012
 3018
 3030
 3040
 3050
 3058
 3066
 3072
 3072
 3072
 3068
 3056
 3044
 3024
 3004
 2980
 2952
 2916
 2878
 2838
 2794
 2750
 2706
 2660
 2606
 2552
 2500
 2456
 2406
 2350
 2292
 2232
 2174
 2116
 2060
 2004
 1950
 1898
 1854
 1812
 1778
 1754
 1736
 1726
 1720
 1720
 1724
 1730
 1744
 1768
 1796
 1820
 1842
 1866
 1890
 1920
 1942
 1972
 2000
 2024
 2048
 2068
 2088
 2110
 2134
 2160
 2188
 2214
 2238
 2262
 2292
 2320
 2348
 2374
 2400
 2428
 2456
 2480
 2508
 2532
 2558
 2586
 2612
 2634
 2656
 2678
 2700
 2724
 2738
 2748
 2762
 2788
 2812
 2838
 2862
 2882
 2904
 2914
 2924
 2936
 2948
 2960
 2972
 2982
 2994
 3002
 3010
 3016
 3020
 3022
 3020
 3012
 2996
 2976
 2956
 2944
 2930
 2906
 2878
 2848
 2816
 2780
 2742
 2704
 2658
 2612
 2560
 2506
 2452
 2394
 2336
 2280
 2224
 2164
 2108
 2048
 1986
 1932
 1888
 1850
 1812
 1780
 1760
 1750
 1752
 1758
 1770
 1786
 1804
 1826
 1848
 1870
 1894
 1918
 1940
 1962
 1978
 1996
 2020
 2048
 2074
 2096
 2116
 2134
 2156
 2178
 2200
 2228
 2254
 2284
 2312
 2342
 2368
 2392
 2416
 2440
 2460
 2476
 2492
 2516
 2546
 2572
 2598
 2622
 2648
 2672
 2694
 2718
 2740
 2764
 2786
 2808
 2834
 2856
 2878
 2896
 2912
 2922
 2932
 2944
 2952
 2958
 2962
 2966
 2980
 2994
 3008
 3014
 3018
 3024
 3026
 3030
 3032
 3032
 3026
 3016
 2998
 2974
 2946
 2914
 2878
 2838
 2794
 2750
 2704
 2656
 2602
 2552
 2510
 2472
 2430
 2384
 2338
 2290
 2246
 2194
 2144
 2094
 2040
 1984
 1930
 1876
 1822
 1772
 1720
 1670
 1618
 1572
 1528
 1490
 1462
 1446
 1438
 1436
 1438
 1448
 1466
 1492
 1518
 1550
 1582
 1614
 1646
 1676
 1706
 1738
 1768
 1808
 1844
 1878
 1918
 1966
 2010
 2050
 2090
 2126
 2164
 2206
 2242
 2280
 2312
 2348
 2382
 2414
 2446
 2478
 2512
 2546
 2578
 2608
 2632
 2662
 2700
 2738
 2770
 2800
 2828
 2858
 2880
 2902
 2928
 2948
 2964
 2980
 2994
 3006
 3018
 3024
 3028
 3030
 3030
 3024
 3010
 2986
 2964
 2950
 2926
 2896
 2858
 2816
 2772
 2722
 2676
 2624
 2568
 2512
 2452
 2390
 2328
 2266
 2206
 2146
 2088
 2030
 1974
 1914
 1860
 1814
 1772
 1722
 1668
 1620
 1578
 1546
 1518
 1500
 1488
 1484
 1488
 1498
 1512
 1532
 1558
 1588
 1616
 1640
 1666
 1698
 1736
 1770
 1804
 1834
 1866
 1900
 1930
 1954
 1982
 2010
 2040
 2068
 2094
 2116
 2146
 2174
 2202
 2226
 2246
 2268
 2302
 2332
 2358
 2382
 2404
 2426
 2448
 2468
 2490
 2512
 2536
 2560
 2584
 2608
 2632
 2656
 2684
 2710
 2734
 2752
 2768
 2782
 2806
 2828
 2846
 2864
 2878
 2892
 2906
 2912
 2924
 2934
 2946
 2960
 2974
 2986
 2996
 3002
 3000
 2990
 2972
 2948
 2920
 2886
 2844
 2806
 2778
 2742
 2700
 2654
 2606
 2558
 2508
 2460
 2410
 2358
 2308
 2254
 2200
 2146
 2094
 2044
 1992
 1944
 1894
 1840
 1788
 1744
 1714
 1690
 1674
 1670
 1674
 1694
 1724
 1754
 1792
 1832
 1876
 1924
 1968
 2012
 2056
 2098
 2140
 2180
 2214
 2246
 2280
 2328
 2374
 2416
 2452
 2492
 2532
 2568
 2600
 2634
 2664
 2702
 2734
 2766
 2796
 2824
 2854
 2882
 2908
 2926
 2942
 2954
 2976
 3000
 3020
 3040
 3056
 3068
 3070
 3074
 3070
 3058
 3042
 3018
 2990
 2956
 2918
 2878
 2836
 2792
 2740
 2686
 2630
 2584
 2536
 2482
 2426
 2364
 2304
 2244
 2186
 2126
 2066
 2010
 1956
 1906
 1870
 1844
 1832
 1836
 1848
 1862
 1888
 1922
 1960
 1998
 2036
 2074
 2114
 2154
 2188
 2226
 2262
 2300
 2334
 2366
 2396
 2426
 2458
 2486
 2512
 2536
 2566
 2606
 2642
 2676
 2712
 2746
 2780
 2810
 2840
 2870
 2902
 2932
 2960
 2988
 3008
 3030
 3050
 3068
 3078
 3080
 3084
 3082
 3072
 3054
 3026
 2994
 2956
 2910
 2864
 2806
 2746
 2684
 2618
 2554
 2490
 2426
 2362
 2296
 2224
 2156
 2094
 2030
 1964
 1898
 1836
 1782
 1746
 1718
 1704
 1704
 1716
 1736
 1762
 1794
 1832
 1876
 1920
 1960
 1998
 2038
 2086
 2132
 2170
 2202
 2238
 2278
 2314
 2346
 2376
 2408
 2438
 2468
 2496
 2522
 2546
 2572
 2594
 2610
 2626
 2654
 2682
 2708
 2730
 2752
 2772
 2794
 2812
 2832
 2850
 2870
 2890
 2908
 2924
 2938
 2948
 2958
 2968
 2974
 2978
 2986
 3002
 3014
 3026
 3036
 3044
 3048
 3044
 3034
 3014
 2980
 2942
 2900
 2852
 2798
 2742
 2686
 2628
 2570
 2508
 2442
 2376
 2324
 2266
 2204
 2142
 2080
 2022
 1966
 1912
 1860
 1808
 1762
 1718
 1682
 1658
 1644
 1638
 1642
 1648
 1660
 1672
 1696
 1730
 1768
 1804
 1846
 1882
 1920
 1958
 1998
 2034
 2070
 2106
 2140
 2174
 2208
 2238
 2272
 2306
 2336
 2366
 2392
 2428
 2468
 2502
 2534
 2562
 2592
 2620
 2648
 2676
 2704
 2730
 2756
 2782
 2806
 2830
 2856
 2880
 2896
 2908
 2922
 2936
 2960
 2984
 3002
 3018
 3026
 3024
 3006
 2986
 2958
 2926
 2888
 2846
 2798
 2748
 2696
 2642
 2590
 2538
 2476
 2416
 2360
 2312
 2256
 2198
 2138
 2078
 2022
 1968
 1922
 1884
 1856
 1842
 1840
 1846
 1860
 1880
 1906
 1938
 1972
 2004
 2044
 2090
 2138
 2180
 2218
 2258
 2302
 2342
 2378
 2414
 2446
 2478
 2510
 2538
 2564
 2592
 2618
 2648
 2670
 2690
 2710
 2744
 2772
 2796
 2820
 2838
 2854
 2866
 2876
 2888
 2896
 2900
 2904
 2906
 2912
 2918
 2922
 2926
 2928
 2934
 2934
 2932
 2932
 2936
 2932
 2922
 2904
 2880
 2854
 2824
 2792
 2756
 2712
 2666
 2616
 2564
 2510
 2458
 2402
 2346
 2292
 2232
 2172
 2120
 2072
 2018
 1962
 1906
 1858
 1824
 1798
 1780
 1774
 1774
 1778
 1786
 1798
 1812
 1834
 1856
 1884
 1916
 1942
 1974
 2012
 2042
 2072
 2098
 2118
 2140
 2160
 2180
 2202
 2220
 2234
 2252
 2264
 2280
 2296
 2310
 2332
 2350
 2364
 2382
 2408
 2438
 2466
 2494
 2524
 2554
 2586
 2616
 2648
 2682
 2716
 2752
 2788
 2828
 2866
 2902
 2938
 2968
 2992
 3012
 3028
 3050
 3076
 3098
 3118
 3134
 3150
 3160
 3172
 3184
 3194
 3206
 3214
 3216
 3208
 3192
 3166
 3134
 3096
 3054
 3004
 2950
 2896
 2850
 2800
 2746
 2686
 2628
 2570
 2514
 2460
 2400
 2340
 2280
 2220
 2160
 2100
 2044
 1986
 1934
 1876
 1828
 1792
 1764
 1742
 1730
 1728
 1736
 1760
 1784
 1814
 1850
 1886
 1930
 1976
 2022
 2068
 2120
 2172
 2220
 2262
 2304
 2364
 2416
 2464
 2508
 2550
 2592
 2630
 2668
 2704
 2740
 2776
 2810
 2842
 2874
 2902
 2924
 2944
 2958
 2968
 2982
 3008
 3032
 3054
 3074
 3094
 3108
 3120
 3132
 3144
 3154
 3162
 3170
 3174
 3180
 3182
 3172
 3160
 3140
 3112
 3078
 3040
 3012
 2978
 2940
 2896
 2846
 2800
 2752
 2702
 2650
 2596
 2540
 2482
 2424
 2370
 2314
 2262
 2210
 2162
 2110
 2062
 2032
 2014
 2002
 2002
 2018
 2044
 2084
 2130
 2176
 2228
 2278
 2332
 2382
 2430
 2478
 2522
 2564
 2608
 2646
 2678
 2706
 2742
 2774
 2802
 2834
 2858
 2884
 2908
 2926
 2942
 2952
 2964
 2974
 2984
 2992
 3002
 3012
 3024
 3036
 3046
 3054
 3058
 3062
 3076
 3092
 3106
 3116
 3124
 3132
 3126
 3118
 3106
 3090
 3068
 3040
 3010
 2974
 2938
 2902
 2864
 2826
 2790
 2754
 2708
 2664
 2620
 2582
 2540
 2496
 2444
 2396
 2352
 2310
 2270
 2240
 2216
 2202
 2196
 2198
 2210
 2230
 2256
 2286
 2318
 2342
 2372
 2410
 2452
 2494
 2532
 2568
 2604
 2636
 2666
 2694
 2720
 2748
 2776
 2804
 2828
 2848
 2870
 2892
 2912
 2922
 2930
 2942
 2968
 2990
 3006
 3024
 3040
 3052
 3060
 3068
 3074
 3080
 3086
 3090
 3092
 3094
 3096
 3098
 3102
 3100
 3098
 3094
 3098
 3102
 3094
 3082
 3070
 3052
 3032
 3010
 2984
 2958
 2928
 2892
 2856
 2816
 2772
 2728
 2682
 2636
 2586
 2530
 2476
 2428
 2382
 2330
 2274
 2222
 2178
 2144
 2118
 2106
 2102
 2110
 2126
 2152
 2180
 2214
 2252
 2294
 2334
 2364
 2400
 2438
 2482
 2526
 2568
 2606
 2642
 2678
 2708
 2740
 2766
 2792
 2818
 2840
 2860
 2880
 2898
 2910
 2922
 2934
 2942
 2948
 2952
 2966
 2986
 3002
 3014
 3024
 3032
 3036
 3040
 3042
 3044
 3048
 3048
 3048
 3048
 3044
 3040
 3040
 3038
 3036
 3030
 3024
 3016
 3006
 2990
 2964
 2944
 2930
 2912
 2892
 2866
 2836
 2806
 2770
 2734
 2694
 2650
 2604
 2554
 2506
 2456
 2406
 2356
 2306
 2256
 2204
 2156
 2108
 2064
 2034
 2020
 2022
 2034
 2054
 2084
 2122
 2168
 2208
 2248
 2292
 2334
 2376
 2416
 2452
 2484
 2518
 2552
 2584
 2616
 2640
 2660
 2678
 2704
 2738
 2772
 2800
 2828
 2852
 2874
 2890
 2904
 2916
 2926
 2934
 2944
 2948
 2950
 2956
 2960
 2964
 2962
 2960
 2956
 2952
 2952
 2962
 2974
 2984
 2992
 2996
 2994
 2990
 2980
 2970
 2958
 2942
 2924
 2902
 2876
 2848
 2818
 2782
 2744
 2708
 2664
 2614
 2566
 2528
 2488
 2442
 2392
 2340
 2288
 2238
 2190
 2142
 2096
 2054
 2020
 1994
 1978
 1972
 1974
 1986
 2000
 2018
 2042
 2076
 2114
 2150
 2188
 2224
 2260
 2296
 2326
 2356
 2386
 2414
 2444
 2470
 2498
 2522
 2546
 2568
 2588
 2606
 2630
 2662
 2692
 2720
 2746
 2772
 2798
 2816
 2832
 2852
 2868
 2884
 2898
 2910
 2914
 2920
 2926
 2932
 2934
 2932
 2930
 2938
 2948
 2960
 2964
 2964
 2956
 2944
 2922
 2898
 2870
 2834
 2796
 2752
 2708
 2662
 2612
 2562
 2508
 2456
 2402
 2350
 2290
 2228
 2172
 2122
 2072
 2018
 1960
 1902
 1848
 1794
 1744
 1698
 1654
 1618
 1590
 1564
 1544
 1534
 1528
 1530
 1534
 1542
 1554
 1568
 1590
 1620
 1658
 1700
 1744
 1786
 1824
 1862
 1898
 1932
 1966
 2000
 2034
 2064
 2096
 2128
 2158
 2190
 2226
 2256
 2286
 2312
 2340
 2380
 2416
 2448
 2478
 2506
 2538
 2560
 2586
 2610
 2632
 2658
 2682
 2702
 2726
 2746
 2766
 2788
 2808
 2826
 2842
 2856
 2870
 2876
 2894
 2918
 2932
 2944
 2954
 2966
 2974
 2978
 2984
 2990
 2994
 2996
 2992
 2990
 2988
 2982
 2972
 2956
 2938
 2914
 2886
 2850
 2806
 2760
 2720
 2686
 2646
 2604
 2558
 2512
 2464
 2416
 2370
 2320
 2270
 2212
 2154
 2092
 2032
 1972
 1910
 1848
 1786
 1724
 1668
 1628
 1596
 1570
 1548
 1532
 1522
 1518
 1520
 1522
 1530
 1540
 1550
 1572
 1596
 1620
 1648
 1678
 1706
 1736
 1770
 1814
 1848
 1886
 1922
 1956
 1994
 2026
 2062
 2094
 2124
 2154
 2182
 2208
 2234
 2262
 2286
 2308
 2332
 2366
 2400
 2430
 2460
 2484
 2516
 2542
 2566
 2596
 2626
 2654
 2682
 2710
 2736
 2762
 2788
 2810
 2828
 2840
 2868
 2892
 2912
 2928
 2942
 2946
 2948
 2950
 2952
 2954
 2954
 2944
 2928
 2906
 2880
 2848
 2814
 2774
 2732
 2684
 2634
 2590
 2554
 2510
 2462
 2410
 2356
 2298
 2240
 2182
 2120
 2058
 1992
 1922
 1854
 1790
 1726
 1670
 1618
 1572
 1536
 1504
 1486
 1482
 1486
 1496
 1508
 1528
 1554
 1588
 1626
 1664
 1704
 1744
 1784
 1822
 1858
 1894
 1928
 1960
 1996
 2030
 2058
 2088
 2130
 2166
 2200
 2234
 2266
 2300
 2332
 2362
 2394
 2424
 2454
 2484
 2512
 2536
 2560
 2584
 2606
 2628
 2652
 2672
 2684
 2698
 2710
 2736
 2760
 2782
 2802
 2820
 2836
 2846
 2858
 2872
 2882
 2892
 2898
 2902
 2900
 2892
 2880
 2866
 2844
 2816
 2786
 2752
 2710
 2666
 2626
 2588
 2540
 2486
 2426
 2366
 2306
 2244
 2178
 2110
 2042
 1974
 1910
 1844
 1780
 1722
 1668
 1618
 1580
 1548
 1532
 1526
 1534
 1552
 1574
 1600
 1628
 1660
 1692
 1722
 1758
 1794
 1826
 1860
 1884
 1912
 1938
 1966
 1994
 2020
 2048
 2084
 2122
 2156
 2188
 2214
 2242
 2272
 2298
 2324
 2350
 2378
 2404
 2432
 2460
 2484
 2510
 2536
 2554
 2572
 2596
 2630
 2658
 2686
 2712
 2740
 2768
 2792
 2820
 2846
 2876
 2908
 2936
 2960
 2984
 3000
 3008
 3006
 2990
 2962
 2940
 2914
 2880
 2838
 2788
 2734
 2676
 2616
 2558
 2492
 2428
 2362
 2296
 2228
 2164
 2104
 2042
 1982
 1920
 1864
 1814
 1766
 1718
 1674
 1640
 1618
 1608
 1606
 1608
 1612
 1620
 1626
 1634
 1642
 1654
 1672
 1696
 1720
 1742
 1764
 1796
 1830
 1860
 1888
 1918
 1952
 1990
 2022
 2056
 2088
 2118
 2146
 2176
 2202
 2228
 2260
 2290
 2318
 2340
 2360
 2390
 2424
 2452
 2478
 2500
 2526
 2552
 2578
 2602
 2626
 2652
 2680
 2706
 2728
 2750
 2774
 2798
 2822
 2840
 2854
 2870
 2900
 2928
 2950
 2970
 2980
 2978
 2966
 2950
 2924
 2892
 2854
 2810
 2762
 2706
 2648
 2590
 2530
 2468
 2398
 2330
 2268
 2212
 2150
 2084
 2018
 1956
 1900
 1848
 1794
 1746
 1700
 1662
 1630
 1614
 1608
 1616
 1632
 1652
 1676
 1706
 1746
 1784
 1820
 1856
 1898
 1942
 1984
 2024
 2064
 2104
 2142
 2178
 2212
 2246
 2282
 2318
 2350
 2376
 2402
 2436
 2474
 2502
 2530
 2552
 2578
 2602
 2624
 2644
 2664
 2682
 2700
 2716
 2732
 2744
 2760
 2774
 2788
 2798
 2802
 2810
 2830
 2850
 2866
 2880
 2892
 2902
 2910
 2912
 2912
 2900
 2882
 2860
 2830
 2800
 2762
 2724
 2684
 2638
 2590
 2540
 2482
 2422
 2372
 2318
 2258
 2196
 2134
 2074
 2020
 1964
 1910
 1858
 1812
 1774
 1746
 1730
 1730
 1740
 1764
 1794
 1830
 1866
 1906
 1956
 2014
 2068
 2116
 2162
 2210
 2258
 2298
 2338
 2374
 2410
 2448
 2482
 2514
 2546
 2576
 2608
 2638
 2666
 2684
 2702
 2730
 2762
 2792
 2816
 2838
 2860
 2880
 2898
 2916
 2932
 2948
 2962
 2974
 2986
 2998
 3002
 3006
 3010
 3018
 3020
 3018
 3018
 3026
 3038
 3046
 3040
 3028
 3014
 2994
 2966
 2936
 2902
 2866
 2824
 2778
 2726
 2672
 2618
 2562
 2506
 2448
 2384
 2318
 2254
 2194
 2130
 2062
 1992
 1930
 1876
 1836
 1806
 1790
 1784
 1790
 1802
 1824
 1850
 1880
 1916
 1954
 1996
 2036
 2074
 2114
 2166
 2214
 2256
 2294
 2330
 2370
 2406
 2438
 2470
 2500
 2532
 2562
 2590
 2616
 2644
 2670
 2698
 2720
 2738
 2760
 2794
 2822
 2848
 2868
 2888
 2908
 2924
 2936
 2952
 2966
 2980
 2990
 3004
 3014
 3026
 3028
 3026
 3016
 2996
 2982
 2964
 2940
 2906
 2868
 2826
 2780
 2730
 2676
 2620
 2560
 2500
 2436
 2372
 2308
 2248
 2192
 2128
 2068
 2020
 1970
 1916
 1872
 1834
 1810
 1804
 1808
 1824
 1850
 1880
 1918
 1958
 2000
 2042
 2086
 2128
 2172
 2212
 2256
 2308
 2354
 2394
 2434
 2474
 2516
 2552
 2590
 2630
 2664
 2702
 2734
 2766
 2796
 2824
 2852
 2880
 2906
 2924
 2940
 2958
 2990
 3014
 3038
 3058
 3076
 3094
 3100
 3104
 3102
 3090
 3072
 3046
 3014
 2980
 2942
 2900
 2852
 2802
 2746
 2692
 2634
 2574
 2516
 2464
 2402
 2342
 2278
 2218
 2162
 2110
 2062
 2020
 1990
 1972
 1966
 1970
 1986
 2008
 2034
 2066
 2096
 2128
 2154
 2180
 2210
 2244
 2278
 2300
 2318
 2332
 2346
 2362
 2372
 2384
 2392
 2398
 2402
 2406
 2410
 2412
 2416
 2420
 2424
 2424
 2422
 2424
 2436
 2452
 2462
 2476
 2490
 2506
 2524
 2546
 2566
 2590
 2612
 2640
 2666
 2694
 2722
 2752
 2782
 2810
 2836
 2854
 2862
 2858
 2854
 2840
 2814
 2782
 2746
 2704
 2656
 2602
 2544
 2474
 2402
 2328
 2252
 2172
 2094
 2014
 1938
 1862
 1788
 1724
 1666
 1608
 1552
 1496
 1448
 1412
 1392
 1384
 1392
 1414
 1440
 1478
 1520
 1574
 1632
 1696
 1756
 1812
 1870
 1938
 2000
 2058
 2114
 2170
 2226
 2280
 2328
 2376
 2424
 2474
 2520
 2564
 2606
 2648
 2688
 2720
 2750
 2776
 2818
 2860
 2894
 2928
 2960
 2988
 3010
 3030
 3046
 3054
 3048
 3032
 3006
 2970
 2932
 2884
 2834
 2770
 2702
 2638
 2580
 2516
 2442
 2364
 2288
 2214
 2138
 2062
 1984
 1908
 1836
 1766
 1702
 1648
 1602
 1576
 1566
 1568
 1582
 1614
 1662
 1714
 1766
 1820
 1872
 1926
 1976
 2022
 2068
 2112
 2158
 2202
 2244
 2286
 2324
 2362
 2400
 2430
 2460
 2494
 2540
 2580
 2618
 2652
 2686
 2722
 2756
 2788
 2818
 2846
 2878
 2906
 2934
 2960
 2990
 3014
 3038
 3060
 3072
 3076
 3078
 3072
 3060
 3040
 3010
 2974
 2932
 2886
 2834
 2776
 2714
 2648
 2578
 2510
 2440
 2372
 2304
 2238
 2176
 2110
 2044
 1986
 1926
 1856
 1790
 1730
 1684
 1654
 1640
 1636
 1646
 1666
 1690
 1722
 1752
 1788
 1826
 1864
 1906
 1942
 1978
 2022
 2070
 2112
 2152
 2190
 2228
 2266
 2302
 2336
 2370
 2404
 2438
 2472
 2502
 2532
 2558
 2578
 2598
 2612
 2626
 2638
 2662
 2678
 2690
 2698
 2704
 2710
 2716
 2724
 2734
 2742
 2750
 2762
 2772
 2790
 2808
 2828
 2852
 2874
 2890
 2904
 2922
 2950
 2972
 2980
 2980
 2972
 2954
 2924
 2880
 2832
 2778
 2728
 2676
 2634
 2600
 2574
 2554
 2536
 2530
 2524
 2520
 2532
 2548
 2560
 2572
 2590
 2614
 2640
 2668
 2692
 2716
 2738
 2760
 2778
 2796
 2806
 2818
 2824
 2834
 2836
 2836
 2838
 2852
 2876
 2896
 2908
 2910
 2908
 2892
 2868
 2852
 2834
 2814
 2798
 2772
 2744
 2708
 2680
 2660
 2646
 2634
 2620
 2610
 2612
 2616
 2620
 2618
 2618
 2616
 2616
 2618
 2620
 2622
 2622
 2624
 2626
 2626
 2628
 2634
 2636
 2642
 2640
 2644
 2654
 2676
 2724
 2806
 2894
 2978
 3056
 3132
 3198
 3236
 3248
 3244
 3236
 3220
 3198
 3162
 3116
 3062
 2988
 2900
 2804
 2708
 2604
 2494
 2374
 2260
 2152
 2048
 1952
 1860
 1770
 1684
 1598
 1518
 1440
 1372
 1308
 1236
 1180
 1130
 1084
 1038
 992
 942
 902
 878
 862
 862
 870
 890
 920
 964
 1020
 1086
 1162
 1246
 1336
 1436
 1530
 1620
 1702
 1780
 1858
 1932
 1998
 2070
 2140
 2210
 2276
 2344
 2410
 2472
 2534
 2590
 2642
 2700
 2764
 2816
 2866
 2906
 2946
 2982
 3014
 3046
 3076
 3104
 3128
 3154
 3180
 3206
 3226
 3248
 3266
 3276
 3284
 3302
 3322
 3338
 3354
 3366
 3376
 3380
 3384
 3386
 3380
 3358
 3324
 3286
 3244
 3194
 3138
 3082
 3022
 2954
 2886
 2808
 2726
 2656
 2590
 2512
 2436
 2358
 2284
 2212
 2140
 2070
 1996
 1924
 1856
 1792
 1732
 1680
 1632
 1594
 1566
 1550
 1536
 1534
 1544
 1560
 1578
 1600
 1626
 1660
 1698
 1736
 1774
 1818
 1860
 1904
 1942
 1980
 2016
 2054
 2090
 2126
 2164
 2208
 2258
 2302
 2344
 2380
 2416
 2452
 2482
 2516
 2546
 2574
 2606
 2632
 2662
 2688
 2714
 2742
 2768
 2790
 2808
 2838
 2872
 2900
 2926
 2946
 2968
 2992
 3010
 3028
 3044
 3062
 3080
 3098
 3114
 3128
 3142
 3154
 3162
 3160
 3146
 3124
 3098
 3082
 3056
 3026
 2988
 2944
 2898
 2846
 2792
 2732
 2666
 2602
 2536
 2470
 2408
 2342
 2280
 2218
 2158
 2104
 2044
 1986
 1932
 1882
 1830
 1782
 1742
 1718
 1712
 1716
 1732
 1754
 1782
 1816
 1848
 1884
 1920
 1964
 2006
 2046
 2082
 2110
 2144
 2186
 2232
 2272
 2310
 2350
 2388
 2428
 2460
 2494
 2528
 2558
 2590
 2616
 2644
 2670
 2698
 2724
 2750
 2774
 2794
 2810
 2836
 2872
 2904
 2930
 2950
 2974
 2996
 3012
 3032
 3052
 3072
 3092
 3110
 3126
 3140
 3150
 3156
 3154
 3142
 3120
 3092
 3058
 3032
 3006
 2974
 2932
 2886
 2838
 2782
 2724
 2668
 2606
 2544
 2480
 2414
 2352
 2292
 2228
 2168
 2108
 2050
 1990
 1936
 1896
 1864
 1838
 1826
 1824
 1836
 1860
 1886
 1914
 1946
 1982
 2020
 2054
 2090
 2124
 2160
 2202
 2246
 2286
 2326
 2382
 2436
 2484
 2524
 2560
 2596
 2630
 2662
 2694
 2722
 2752
 2782
 2810
 2836
 2862
 2888
 2916
 2938
 2954
 2968
 2990
 3014
 3038
 3060
 3082
 3098
 3114
 3128
 3134
 3132
 3120
 3098
 3072
 3040
 3008
 2970
 2930
 2888
 2842
 2790
 2736
 2688
 2640
 2584
 2520
 2460
 2398
 2338
 2276
 2212
 2144
 2080
 2022
 1968
 1928
 1902
 1892
 1898
 1912
 1934
 1958
 1994
 2040
 2080
 2120
 2158
 2198
 2236
 2274
 2310
 2352
 2390
 2426
 2460
 2490
 2522
 2554
 2584
 2614
 2640
 2664
 2688
 2728
 2768
 2800
 2834
 2864
 2892
 2918
 2938
 2954
 2968
 2986
 3004
 3020
 3038
 3052
 3068
 3084
 3100
 3110
 3116
 3116
 3122
 3126
 3122
 3108
 3090
 3070
 3042
 3010
 2976
 2936
 2892
 2846
 2788
 2732
 2672
 2614
 2554
 2496
 2434
 2366
 2300
 2240
 2176
 2108
 2044
 1984
 1936
 1908
 1890
 1886
 1896
 1916
 1942
 1972
 2006
 2044
 2084
 2132
 2180
 2216
 2256
 2300
 2348
 2390
 2432
 2472
 2512
 2556
 2594
 2632
 2670
 2708
 2746
 2778
 2806
 2828
 2848
 2868
 2884
 2894
 2904
 2928
 2950
 2972
 2992
 3008
 3028
 3038
 3048
 3060
 3072
 3084
 3092
 3100
 3110
 3120
 3132
 3136
 3134
 3122
 3106
 3094
 3074
 3044
 3008
 2966
 2922
 2870
 2814
 2758
 2696
 2632
 2568
 2504
 2440
 2376
 2314
 2254
 2190
 2132
 2082
 2028
 1976
 1932
 1898
 1882
 1880
 1890
 1906
 1930
 1956
 1986
 2016
 2048
 2078
 2112
 2142
 2170
 2200
 2232
 2254
 2272
 2284
 2294
 2306
 2322
 2334
 2346
 2356
 2366
 2374
 2382
 2392
 2404
 2416
 2424
 2430
 2438
 2456
 2468
 2472
 2474
 2480
 2492
 2504
 2520
 2536
 2546
 2558
 2578
 2602
 2632
 2664
 2704
 2742
 2770
 2794
 2828
 2862
 2882
 2892
 2890
 2874
 2852
 2824
 2798
 2766
 2730
 2688
 2642
 2598
 2550
 2502
 2454
 2398
 2342
 2292
 2236
 2170
 2102
 2034
 1972
 1916
 1860
 1804
 1744
 1686
 1632
 1586
 1556
 1542
 1550
 1570
 1600
 1640
 1692
 1740
 1794
 1844
 1894
 1944
 1990
 2036
 2080
 2122
 2166
 2206
 2252
 2294
 2340
 2386
 2428
 2466
 2512
 2560
 2604
 2644
 2682
 2722
 2760
 2794
 2828
 2864
 2898
 2932
 2964
 2994
 3020
 3040
 3062
 3084
 3094
 3094
 3092
 3090
 3076
 3050
 3018
 2976
 2936
 2890
 2838
 2778
 2718
 2654
 2590
 2522
 2454
 2388
 2320
 2260
 2190
 2124
 2066
 2006
 1944
 1882
 1822
 1766
 1724
 1692
 1670
 1666
 1676
 1698
 1730
 1768
 1812
 1858
 1910
 1966
 2014
 2068
 2126
 2190
 2242
 2294
 2340
 2386
 2432
 2472
 2512
 2550
 2590
 2628
 2662
 2696
 2734
 2766
 2800
 2830
 2856
 2880
 2910
 2948
 2980
 3010
 3038
 3064
 3090
 3110
 3132
 3146
 3162
 3178
 3198
 3212
 3228
 3242
 3256
 3266
 3266
 3248
 3222
 3200
 3180
 3152
 3114
 3066
 3014
 2964
 2906
 2848
 2780
 2714
 2646
 2576
 2508
 2440
 2372
 2306
 2244
 2182
 2112
 2054
 1998
 1942
 1894
 1848
 1810
 1786
 1776
 1778
 1788
 1806
 1828
 1856
 1888
 1920
 1958
 1996
 2038
 2082
 2122
 2164
 2218
 2260
 2302
 2340
 2376
 2412
 2444
 2476
 2506
 2532
 2554
 2574
 2594
 2616
 2634
 2652
 2664
 2672
 2678
 2692
 2692
 2696
 2696
 2694
 2694
 2690
 2684
 2670
 2654
 2638
 2616
 2596
 2576
 2548
 2520
 2492
 2466
 2448
 2446
 2448
 2446
 2450
 2462
 2484
 2522
 2574
 2644
 2716
 2766
 2794
 2802
 2796
 2770
 2734
 2688
 2626
 2564
 2506
 2434
 2352
 2266
 2174
 2086
 1996
 1906
 1814
 1720
 1628
 1540
 1460
 1386
 1318
 1260
 1206
 1172
 1164
 1180
 1208
 1246
 1294
 1344
 1402
 1454
 1508
 1560
 1614
 1670
 1730
 1790
 1846
 1902
 1948
 1990
 2040
 2092
 2134
 2174
 2218
 2260
 2302
 2340
 2380
 2414
 2448
 2482
 2512
 2544
 2572
 2606
 2632
 2654
 2678
 2716
 2748
 2774
 2796
 2814
 2834
 2850
 2868
 2886
 2898
 2906
 2908
 2914
 2918
 2922
 2926
 2932
 2936
 2932
 2930
 2930
 2932
 2924
 2912
 2892
 2866
 2838
 2804
 2766
 2720
 2672
 2620
 2562
 2504
 2440
 2380
 2316
 2252
 2184
 2116
 2038
 1970
 1908
 1840
 1770
 1698
 1622
 1554
 1504
 1462
 1436
 1426
 1430
 1444
 1468
 1502
 1542
 1586
 1634
 1686
 1732
 1780
 1838
 1900
 1956
 2014
 2068
 2120
 2172
 2214
 2256
 2294
 2328
 2364
 2394
 2424
 2454
 2482
 2508
 2530
 2550
 2570
 2606
 2638
 2664
 2688
 2708
 2730
 2750
 2770
 2792
 2812
 2832
 2850
 2870
 2892
 2914
 2938
 2958
 2980
 2994
 3006
 3018
 3044
 3068
 3086
 3102
 3116
 3130
 3140
 3152
 3164
 3176
 3188
 3200
 3210
 3222
 3234
 3244
 3256
 3264
 3268
 3262
 3244
 3218
 3200
 3176
 3144
 3104
 3056
 3000
 2940
 2878
 2816
 2748
 2676
 2602
 2528
 2452
 2380
 2308
 2232
 2160
 2086
 2010
 1934
 1870
 1808
 1738
 1668
 1598
 1534
 1484
 1446
 1418
 1406
 1404
 1412
 1428
 1450
 1482
 1520
 1560
 1606
 1646
 1690
 1742
 1802
 1860
 1918
 1972
 2028
 2086
 2136
 2184
 2236
 2282
 2328
 2372
 2412
 2452
 2492
 2530
 2564
 2596
 2630
 2674
 2722
 2766
 2806
 2846
 2888
 2926
 2960
 2996
 3020
 3046
 3072
 3094
 3118
 3140
 3160
 3180
 3196
 3204
 3210
 3228
 3246
 3258
 3266
 3262
 3252
 3230
 3202
 3170
 3128
 3082
 3032
 2978
 2920
 2858
 2796
 2730
 2662
 2596
 2524
 2452
 2388
 2328
 2260
 2188
 2116
 2044
 1982
 1924
 1870
 1828
 1796
 1778
 1772
 1776
 1790
 1814
 1842
 1874
 1910
 1944
 1984
 2030
 2080
 2130
 2178
 2224
 2274
 2324
 2366
 2406
 2444
 2482
 2520
 2556
 2590
 2624
 2660
 2692
 2728
 2758
 2778
 2798
 2826
 2858
 2880
 2900
 2916
 2932
 2950
 2962
 2980
 2992
 3008
 3014
 3022
 3032
 3038
 3046
 3056
 3062
 3072
 3078
 3080
 3078
 3082
 3088
 3090
 3086
 3070
 3048
 3024
 2992
 2956
 2916
 2870
 2824
 2772
 2718
 2662
 2612
 2558
 2506
 2452
 2398
 2334
 2276
 2224
 2172
 2110
 2046
 1982
 1922
 1870
 1822
 1782
 1744
 1720
 1702
 1692
 1690
 1700
 1716
 1738
 1770
 1802
 1836
 1878
 1930
 1986
 2040
 2094
 2146
 2198
 2254
 2302
 2348
 2392
 2434
 2474
 2508
 2542
 2572
 2602
 2632
 2654
 2672
 2696
 2732
 2766
 2798
 2826
 2852
 2878
 2894
 2910
 2928
 2946
 2966
 2986
 3002
 3016
 3032
 3046
 3058
 3064
 3070
 3076
 3098
 3116
 3136
 3154
 3170
 3186
 3196
 3204
 3208
 3206
 3196
 3176
 3150
 3116
 3080
 3038
 2994
 2942
 2880
 2818
 2764
 2704
 2636
 2566
 2496
 2424
 2356
 2288
 2220
 2150
 2084
 2018
 1956
 1900
 1854
 1822
 1808
 1808
 1814
 1834
 1864
 1896
 1932
 1966
 2002
 2040
 2084
 2122
 2160
 2200
 2234
 2270
 2304
 2336
 2366
 2394
 2426
 2450
 2470
 2492
 2524
 2552
 2576
 2598
 2620
 2644
 2664
 2686
 2708
 2728
 2748
 2766
 2786
 2802
 2822
 2842
 2864
 2884
 2898
 2910
 2922
 2938
 2958
 2974
 2994
 3010
 3026
 3044
 3056
 3072
 3082
 3082
 3074
 3060
 3038
 3012
 2982
 2948
 2912
 2872
 2830
 2778
 2722
 2670
 2624
 2570
 2512
 2448
 2384
 2324
 2264
 2204
 2140
 2078
 2020
 1960
 1902
 1852
 1806
 1774
 1756
 1754
 1768
 1790
 1822
 1864
 1918
 1974
 2034
 2090
 2146
 2204
 2256
 2302
 2346
 2386
 2424
 2458
 2490
 2520
 2548
 2576
 2606
 2628
 2646
 2668
 2700
 2732
 2762
 2786
 2808
 2834
 2856
 2876
 2896
 2912
 2926
 2938
 2946
 2956
 2966
 2968
 2972
 2974
 2970
 2972
 2978
 2994
 3004
 3016
 3026
 3034
 3044
 3052
 3060
 3068
 3072
 3076
 3078
 3076
 3070
 3056
 3036
 3018
 2988
 2954
 2920
 2892
 2858
 2816
 2764
 2706
 2648
 2590
 2532
 2470
 2404
 2336
 2268
 2202
 2136
 2074
 2014
 1960
 1910
 1858
 1820
 1802
 1792
 1792
 1804
 1826
 1858
 1898
 1938
 1978
 2026
 2072
 2118
 2158
 2200
 2240
 2280
 2320
 2354
 2382
 2412
 2448
 2484
 2514
 2538
 2564
 2590
 2614
 2636
 2654
 2672
 2692
 2706
 2720
 2730
 2744
 2756
 2770
 2782
 2792
 2800
 2808
 2814
 2834
 2854
 2876
 2896
 2920
 2946
 2974
 2994
 3014
 3036
 3056
 3078
 3094
 3110
 3124
 3140
 3156
 3166
 3176
 3182
 3184
 3186
 3194
 3208
 3218
 3226
 3230
 3234
 3232
 3228
 3218
 3200
 3168
 3128
 3082
 3028
 2970
 2908
 2844
 2780
 2716
 2650
 2586
 2524
 2456
 2382
 2302
 2220
 2146
 2074
 2008
 1944
 1886
 1832
 1784
 1744
 1714
 1696
 1690
 1698
 1706
 1722
 1748
 1780
 1814
 1850
 1886
 1926
 1964
 2002
 2034
 2066
 2094
 2122
 2148
 2176
 2206
 2244
 2280
 2314
 2348
 2384
 2430
 2480
 2522
 2560
 2596
 2636
 2672
 2706
 2738
 2766
 2794
 2816
 2834
 2848
 2860
 2876
 2888
 2896
 2898
 2898
 2900
 2906
 2912
 2914
 2916
 2914
 2912
 2902
 2894
 2888
 2882
 2882
 2882
 2882
 2880
 2880
 2880
 2876
 2868
 2862
 2862
 2868
 2870
 2868
 2868
 2868
 2868
 2868
 2870
 2872
 2876
 2880
 2882
 2886
 2892
 2892
 2892
 2888
 2896
 2918
 2934
 2952
 2970
 2988
 3002
 3014
 3030
 3044
 3058
 3070
 3082
 3092
 3100
 3108
 3112
 3114
 3120
 3134
 3142
 3138
 3122
 3098
 3066
 3032
 2994
 2950
 2902
 2848
 2790
 2732
 2672
 2608
 2548
 2482
 2410
 2342
 2284
 2218
 2146
 2072
 2000
 1934
 1870
 1810
 1756
 1710
 1676
 1656
 1648
 1654
 1674
 1704
 1736
 1770
 1810
 1858
 1906
 1950
 1994
 2038
 2088
 2136
 2180
 2222
 2262
 2306
 2346
 2386
 2424
 2458
 2494
 2526
 2556
 2582
 2620
 2658
 2690
 2720
 2746
 2772
 2794
 2818
 2844
 2870
 2894
 2914
 2932
 2952
 2974
 2994
 3014
 3028
 3040
 3050
 3066
 3084
 3100
 3112
 3118
 3120
 3108
 3088
 3066
 3036
 3006
 2968
 2922
 2876
 2824
 2772
 2720
 2662
 2604
 2540
 2472
 2410
 2352
 2288
 2218
 2144
 2072
 2004
 1938
 1872
 1810
 1760
 1720
 1694
 1686
 1690
 1708
 1734
 1768
 1804
 1842
 1890
 1946
 2002
 2054
 2104
 2158
 2212
 2264
 2308
 2354
 2394
 2436
 2472
 2506
 2538
 2570
 2602
 2630
 2654
 2674
 2702
 2732
 2758
 2780
 2800
 2816
 2834
 2848
 2864
 2880
 2894
 2906
 2920
 2932
 2944
 2954
 2964
 2972
 2976
 2978
 2978
 2992
 3004
 3016
 3028
 3036
 3042
 3042
 3036
 3026
 3008
 2986
 2956
 2922
 2884
 2844
 2802
 2756
 2710
 2658
 2598
 2542
 2490
 2430
 2366
 2300
 2234
 2170
 2108
 2046
 1982
 1924
 1864
 1808
 1756
 1718
 1688
 1672
 1672
 1676
 1692
 1718
 1752
 1792
 1830
 1874
 1920
 1968
 2016
 2056
 2102
 2144
 2186
 2226
 2260
 2296
 2328
 2364
 2396
 2422
 2450
 2484
 2522
 2556
 2588
 2620
 2648
 2682
 2706
 2732
 2760
 2786
 2810
 2832
 2854
 2876
 2898
 2920
 2942
 2958
 2966
 2974
 2994
 3014
 3034
 3050
 3062
 3076
 3084
 3092
 3094
 3094
 3086
 3070
 3048
 3020
 2986
 2948
 2908
 2860
 2806
 2746
 2682
 2620
 2562
 2506
 2442
 2376
 2312
 2248
 2184
 2120
 2052
 1986
 1922
 1860
 1802
 1748
 1708
 1678
 1662
 1662
 1666
 1680
 1704
 1740
 1776
 1814
 1850
 1890
 1930
 1968
 2004
 2042
 2078
 2118
 2156
 2192
 2230
 2268
 2308
 2346
 2378
 2404
 2432
 2468
 2504
 2534
 2562
 2584
 2610
 2634
 2656
 2676
 2694
 2716
 2736
 2752
 2768
 2784
 2804
 2822
 2840
 2856
 2866
 2874
 2886
 2906
 2926
 2948
 2960
 2972
 2986
 2996
 3002
 3006
 3000
 2990
 2974
 2952
 2924
 2890
 2852
 2812
 2766
 2718
 2666
 2610
 2550
 2488
 2436
 2380
 2318
 2254
 2184
 2120
 2056
 1994
 1932
 1870
 1810
 1758
 1710
 1676
 1654
 1652
 1662
 1682
 1714
 1748
 1784
 1830
 1878
 1928
 1976
 2026
 2076
 2128
 2180
 2230
 2284
 2338
 2390
 2440
 2486
 2528
 2568
 2610
 2648
 2684
 2716
 2744
 2772
 2808
 2840
 2874
 2902
 2930
 2956
 2978
 2992
 3008
 3022
 3034
 3048
 3056
 3066
 3074
 3084
 3094
 3096
 3094
 3094
 3092
 3100
 3106
 3108
 3104
 3092
 3076
 3052
 3024
 2990
 2952
 2910
 2864
 2812
 2758
 2706
 2650
 2596
 2540
 2486
 2426
 2366
 2310
 2258
 2208
 2152
 2096
 2044
 2000
 1970
 1948
 1938
 1938
 1946
 1962
 1984
 2010
 2042
 2078
 2114
 2152
 2180
 2214
 2246
 2284
 2318
 2350
 2378
 2408
 2440
 2466
 2492
 2522
 2548
 2574
 2598
 2620
 2642
 2664
 2684
 2702
 2722
 2734
 2746
 2758
 2782
 2802
 2822
 2838
 2854
 2868
 2878
 2890
 2900
 2912
 2924
 2932
 2938
 2942
 2950
 2956
 2966
 2970
 2978
 2982
 2984
 2986
 2990
 3004
 3010
 3010
 3002
 2984
 2958
 2928
 2892
 2854
 2808
 2758
 2704
 2650
 2594
 2538
 2484
 2428
 2370
 2312
 2246
 2184
 2130
 2074
 2018
 1960
 1906
 1856
 1818
 1788
 1766
 1758
 1760
 1770
 1788
 1810
 1838
 1870
 1904
 1940
 1970
 2002
 2036
 2078
 2114
 2148
 2176
 2202
 2228
 2250
 2270
 2290
 2308
 2328
 2348
 2368
 2388
 2410
 2430
 2452
 2472
 2486
 2500
 2524
 2552
 2578
 2604
 2626
 2648
 2670
 2688
 2708
 2726
 2744
 2760
 2776
 2792
 2804
 2816
 2826
 2840
 2852
 2864
 2870
 2876
 2884
 2900
 2922
 2940
 2956
 2966
 2978
 2990
 3000
 3008
 3006
 3000
 2990
 2970
 2946
 2914
 2878
 2840
 2796
 2754
 2710
 2664
 2612
 2556
 2500
 2454
 2406
 2352
 2292
 2236
 2182
 2126
 2072
 2018
 1964
 1916
 1874
 1838
 1812
 1800
 1798
 1808
 1824
 1848
 1870
 1900
 1938
 1982
 2026
 2070
 2110
 2150
 2192
 2232
 2268
 2306
 2342
 2378
 2412
 2444
 2472
 2502
 2528
 2558
 2586
 2610
 2630
 2650
 2682
 2708
 2736
 2764
 2794
 2822
 2846
 2870
 2890
 2912
 2936
 2956
 2972
 2984
 2996
 3006
 3020
 3030
 3036
 3040
 3044
 3054
 3066
 3080
 3090
 3102
 3112
 3116
 3116
 3116
 3112
 3102
 3084
 3064
 3040
 3010
 2982
 2948
 2910
 2870
 2830
 2786
 2740
 2692
 2644
 2606
 2562
 2516
 2468
 2418
 2368
 2316
 2260
 2212
 2164
 2116
 2074
 2040
 2016
 2008
 2012
 2028
 2052
 2082
 2116
 2148
 2184
 2228
 2284
 2338
 2388
 2432
 2476
 2520
 2560
 2598
 2636
 2676
 2716
 2754
 2788
 2822
 2852
 2882
 2910
 2934
 2954
 2964
 2972
 2988
 3012
 3034
 3054
 3070
 3086
 3098
 3108
 3116
 3124
 3132
 3138
 3142
 3142
 3146
 3144
 3138
 3122
 3092
 3056
 3016
 2970
 2928
 2892
 2850
 2806
 2760
 2712
 2664
 2616
 2572
 2524
 2474
 2424
 2376
 2326
 2280
 2240
 2202
 2168
 2138
 2114
 2098
 2096
 2110
 2132
 2154
 2180
 2210
 2246
 2286
 2318
 2352
 2390
 2424
 2464
 2498
 2534
 2568
 2598
 2630
 2660
 2688
 2704
 2718
 2730
 2756
 2784
 2808
 2834
 2854
 2874
 2892
 2898
 2908
 2916
 2926
 2936
 2944
 2952
 2960
 2970
 2982
 2992
 2998
 3000
 3000
 3004
 3010
 3012
 3008
 2998
 2986
 2964
 2940
 2910
 2876
 2838
 2794
 2744
 2692
 2642
 2592
 2544
 2496
 2450
 2392
 2340
 2290
 2244
 2190
 2132
 2066
 2002
 1940
 1884
 1822
 1766
 1716
 1666
 1624
 1584
 1548
 1508
 1462
 1418
 1372
 1330
 1300
 1276
 1248
 1218
 1180
 1142
 1108
 1070
 1034
 1006
 1000
 1008
 1026
 1050
 1080
 1120
 1164
 1216
 1266
 1320
 1392
 1464
 1536
 1602
 1666
 1732
 1794
 1850
 1904
 1956
 2008
 2054
 2100
 2138
 2180
 2218
 2260
 2296
 2328
 2360
 2402
 2446
 2484
 2518
 2550
 2584
 2614
 2642
 2670
 2696
 2722
 2752
 2778
 2806
 2834
 2864
 2898
 2930
 2956
 2982
 2996
 3006
 3016
 3040
 3066
 3086
 3104
 3118
 3130
 3136
 3136
 3134
 3124
 3112
 3092
 3066
 3034
 2996
 2954
 2910
 2864
 2814
 2766
 2716
 2660
 2608
 2560
 2518
 2468
 2416
 2364
 2310
 2262
 2212
 2164
 2114
 2076
 2046
 2026
 2016
 2018
 2030
 2050
 2074
 2102
 2128
 2154
 2184
 2226
 2266
 2308
 2346
 2382
 2422
 2456
 2488
 2518
 2550
 2580
 2610
 2638
 2664
 2688
 2712
 2734
 2756
 2772
 2788
 2802
 2830
 2854
 2878
 2898
 2914
 2930
 2936
 2940
 2948
 2954
 2964
 2968
 2974
 2978
 2984
 2990
 2996
 3002
 3006
 3006
 3004
 2996
 2994
 2994
 2986
 2972
 2956
 2932
 2906
 2874
 2842
 2796
 2752
 2706
 2656
 2608
 2560
 2510
 2460
 2408
 2354
 2302
 2244
 2188
 2136
 2090
 2044
 1994
 1948
 1908
 1884
 1874
 1866
 1866
 1872
 1880
 1894
 1908
 1928
 1952
 1976
 2002
 2028
 2048
 2074
 2102
 2140
 2176
 2206
 2232
 2258
 2286
 2308
 2330
 2350
 2368
 2384
 2400
 2416
 2432
 2446
 2462
 2476
 2488
 2498
 2518
 2548
 2574
 2596
 2616
 2634
 2650
 2664
 2678
 2688
 2702
 2712
 2722
 2730
 2740
 2750
 2760
 2770
 2774
 2778
 2788
 2804
 2816
 2826
 2836
 2848
 2858
 2864
 2870
 2878
 2886
 2886
 2888
 2892
 2896
 2898
 2904
 2912
 2918
 2920
 2920
 2920
 2922
 2918
 2908
 2892
 2870
 2844
 2810
 2772
 2732
 2688
 2644
 2592
 2536
 2484
 2428
 2376
 2320
 2264
 2206
 2138
 2074
 2016
 1960
 1898
 1836
 1774
 1718
 1670
 1628
 1594
 1572
 1562
 1560
 1562
 1572
 1588
 1604
 1626
 1654
 1684
 1712
 1746
 1786
 1826
 1862
 1898
 1932
 1970
 2008
 2044
 2080
 2116
 2152
 2186
 2218
 2248
 2276
 2308
 2338
 2368
 2396
 2418
 2440
 2466
 2504
 2538
 2570
 2598
 2626
 2654
 2680
 2702
 2726
 2746
 2768
 2788
 2808
 2824
 2842
 2862
 2880
 2898
 2914
 2930
 2934
 2936
 2940
 2954
 2966
 2972
 2972
 2966
 2954
 2936
 2912
 2884
 2850
 2816
 2774
 2728
 2678
 2630
 2578
 2526
 2472
 2416
 2360
 2302
 2236
 2178
 2122
 2064
 2000
 1934
 1870
 1814
 1768
 1726
 1696
 1682
 1680
 1688
 1706
 1730
 1758
 1794
 1832
 1872
 1916
 1960
 2000
 2042
 2092
 2140
 2182
 2222
 2260
 2296
 2332
 2368
 2402
 2432
 2464
 2494
 2522
 2552
 2578
 2606
 2632
 2662
 2686
 2708
 2730
 2764
 2798
 2832
 2862
 2890
 2918
 2936
 2954
 2972
 2990
 3010
 3024
 3040
 3054
 3068
 3080
 3092
 3102
 3104
 3100
 3094
 3088
 3078
 3062
 3040
 3014
 2984
 2946
 2902
 2856
 2806
 2754
 2694
 2636
 2578
 2520
 2464
 2408
 2354
 2290
 2230
 2178
 2124
 2066
 2004
 1942
 1888
 1846
 1810
 1788
 1778
 1780
 1794
 1816
 1844
 1882
 1928
 1978
 2026
 2070
 2114
 2168
 2218
 2264
 2306
 2350
 2396
 2438
 2476
 2510
 2546
 2578
 2606
 2634
 2658
 2678
 2698
 2718
 2730
 2738
 2748
 2772
 2790
 2810
 2828
 2842
 2858
 2876
 2890
 2906
 2920
 2928
 2940
 2954
 2970
 2986
 3000
 3012
 3022
 3028
 3030
 3030
 3034
 3030
 3018
 3000
 2976
 2948
 2910
 2872
 2826
 2776
 2720
 2662
 2602
 2544
 2486
 2432
 2376
 2324
 2264
 2204
 2150
 2098
 2044
 1986
 1928
 1870
 1820
 1776
 1742
 1722
 1712
 1714
 1728
 1748
 1780
 1814
 1850
 1888
 1924
 1958
 1996
 2042
 2088
 2128
 2168
 2204
 2240
 2278
 2308
 2340
 2370
 2398
 2428
 2456
 2484
 2512
 2538
 2564
 2584
 2602
 2620
 2650
 2678
 2708
 2736
 2760
 2786
 2804
 2820
 2836
 2854
 2866
 2880
 2892
 2898
 2906
 2918
 2930
 2936
 2940
 2946
 2968
 2990
 3008
 3022
 3034
 3044
 3054
 3060
 3064
 3058
 3044
 3022
 2992
 2956
 2920
 2878
 2832
 2784
 2726
 2668
 2616
 2570
 2516
 2456
 2394
 2332
 2268
 2200
 2132
 2064
 1996
 1930
 1866
 1806
 1756
 1716
 1690
 1676
 1672
 1682
 1702
 1724
 1750
 1776
 1802
 1832
 1860
 1886
 1914
 1942
 1970
 1998
 2024
 2050
 2078
 2108
 2130
 2150
 2178
 2212
 2240
 2268
 2290
 2316
 2344
 2368
 2390
 2412
 2432
 2454
 2474
 2492
 2510
 2530
 2550
 2568
 2582
 2594
 2610
 2640
 2664
 2686
 2704
 2726
 2748
 2764
 2780
 2796
 2808
 2820
 2830
 2838
 2844
 2854
 2862
 2868
 2872
 2864
 2852
 2838
 2830
 2810
 2780
 2744
 2706
 2664
 2616
 2564
 2510
 2452
 2390
 2326
 2260
 2190
 2118
 2050
 1986
 1920
 1856
 1800
 1748
 1698
 1652
 1612
 1586
 1570
 1562
 1556
 1558
 1560
 1566
 1574
 1582
 1600
 1620
 1642
 1664
 1682
 1698
 1724
 1752
 1778
 1802
 1830
 1854
 1882
 1904
 1926
 1946
 1970
 1992
 2014
 2036
 2064
 2092
 2122
 2148
 2174
 2204
 2246
 2284
 2318
 2350
 2380
 2410
 2434
 2462
 2486
 2510
 2536
 2562
 2586
 2610
 2634
 2656
 2680
 2694
 2708
 2730
 2758
 2780
 2798
 2810
 2824
 2840
 2850
 2866
 2876
 2882
 2888
 2892
 2894
 2898
 2900
 2900
 2898
 2886
 2864
 2838
 2820
 2796
 2762
 2718
 2672
 2624
 2572
 2518
 2458
 2396
 2332
 2266
 2196
 2124
 2052
 1984
 1918
 1852
 1786
 1726
 1674
 1622
 1586
 1562
 1558
 1574
 1600
 1634
 1672
 1716
 1762
 1808
 1856
 1904
 1958
 2010
 2062
 2106
 2146
 2196
 2242
 2286
 2326
 2366
 2410
 2450
 2484
 2516
 2548
 2578
 2606
 2632
 2656
 2680
 2704
 2730
 2750
 2764
 2778
 2808
 2834
 2858
 2876
 2894
 2906
 2916
 2930
 2944
 2960
 2974
 2988
 3000
 3016
 3030
 3044
 3056
 3064
 3064
 3056
 3034
 3008
 2986
 2966
 2936
 2898
 2852
 2804
 2756
 2704
 2652
 2596
 2538
 2478
 2414
 2352
 2288
 2226
 2166
 2104
 2046
 1992
 1932
 1880
 1838
 1808
 1786
 1780
 1788
 1806
 1842
 1882
 1922
 1968
 2014
 2062
 2108
 2150
 2192
 2234
 2280
 2324
 2366
 2398
 2432
 2478
 2526
 2570
 2610
 2646
 2688
 2726
 2758
 2796
 2834
 2872
 2908
 2944
 2972
 2996
 3020
 3040
 3064
 3078
 3086
 3092
 3108
 3126
 3144
 3160
 3172
 3188
 3200
 3212
 3224
 3226
 3220
 3210
 3192
 3168
 3140
 3110
 3076
 3040
 2996
 2944
 2900
 2860
 2814
 2764
 2704
 2648
 2592
 2534
 2476
 2416
 2354
 2290
 2228
 2162
 2100
 2042
 1996
 1962
 1942
 1934
 1942
 1968
 2004
 2044
 2086
 2136
 2190
 2244
 2290
 2340
 2388
 2438
 2486
 2530
 2572
 2614
 2656
 2698
 2734
 2768
 2798
 2840
 2882
 2918
 2952
 2984
 3014
 3040
 3066
 3088
 3108
 3128
 3146
 3162
 3174
 3184
 3196
 3208
 3220
 3216
 3212
 3210
 3216
 3218
 3212
 3200
 3184
 3162
 3136
 3106
 3072
 3034
 2996
 2950
 2902
 2854
 2804
 2756
 2706
 2656
 2604
 2546
 2486
 2430
 2378
 2318
 2252
 2182
 2118
 2062
 2010
 1970
 1938
 1920
 1914
 1916
 1928
 1946
 1972
 2002
 2036
 2072
 2106
 2142
 2188
 2230
 2270
 2304
 2338
 2370
 2402
 2430
 2456
 2482
 2510
 2534
 2556
 2580
 2602
 2626
 2650
 2668
 2684
 2702
 2734
 2760
 2784
 2806
 2826
 2850
 2872
 2890
 2908
 2926
 2938
 2950
 2960
 2970
 2980
 2990
 3000
 3010
 3016
 3020
 3028
 3044
 3056
 3064
 3064
 3054
 3040
 3020
 2994
 2966
 2928
 2886
 2838
 2788
 2734
 2680
 2626
 2568
 2508
 2440
 2376
 2316
 2258
 2190
 2122
 2054
 1988
 1932
 1874
 1822
 1782
 1752
 1736
 1734
 1744
 1766
 1796
 1834
 1876
 1914
 1958
 2006
 2058
 2102
 2142
 2182
 2222
 2260
 2292
 2324
 2358
 2390
 2420
 2444
 2470
 2496
 2520
 2546
 2570
 2592
 2610
 2630
 2654
 2684
 2710
 2732
 2754
 2776
 2798
 2816
 2836
 2854
 2870
 2886
 2896
 2904
 2912
 2922
 2936
 2950
 2966
 2978
 2992
 3000
 3006
 3014
 3032
 3046
 3056
 3058
 3052
 3038
 3018
 2992
 2964
 2926
 2886
 2842
 2792
 2740
 2686
 2628
 2572
 2512
 2448
 2386
 2316
 2246
 2180
 2118
 2052
 1984
 1914
 1848
 1790
 1740
 1692
 1658
 1634
 1626
 1634
 1648
 1672
 1706
 1744
 1784
 1832
 1878
 1920
 1968
 2022
 2080
 2138
 2196
 2250
 2310
 2364
 2410
 2452
 2494
 2532
 2570
 2602
 2632
 2660
 2690
 2716
 2738
 2754
 2770
 2800
 2832
 2860
 2884
 2908
 2924
 2942
 2954
 2972
 2988
 3004
 3018
 3030
 3044
 3056
 3070
 3080
 3092
 3098
 3100
 3094
 3092
 3080
 3060
 3032
 3000
 2960
 2914
 2864
 2812
 2754
 2694
 2632
 2568
 2504
 2444
 2386
 2324
 2264
 2204
 2138
 2078
 2026
 1972
 1914
 1858
 1802
 1752
 1718
 1692
 1680
 1680
 1692
 1712
 1738
 1768
 1802
 1842
 1884
 1926
 1976
 2020
 2062
 2110
 2164
 2216
 2266
 2312
 2356
 2400
 2448
 2490
 2530
 2568
 2604
 2642
 2678
 2710
 2738
 2764
 2792
 2820
 2846
 2868
 2884
 2892
 2898
 2920
 2940
 2960
 2980
 2996
 3014
 3028
 3042
 3054
 3064
 3076
 3086
 3094
 3096
 3092
 3080
 3060
 3036
 3004
 2964
 2922
 2870
 2816
 2760
 2710
 2656
 2598
 2536
 2476
 2418
 2356
 2292
 2228
 2164
 2098
 2032
 1968
 1912
 1858
 1812
 1774
 1748
 1732
 1724
 1730
 1748
 1772
 1802
 1842
 1884
 1930
 1978
 2018
 2056
 2096
 2132
 2166
 2198
 2234
 2268
 2300
 2332
 2356
 2382
 2410
 2448
 2482
 2508
 2534
 2556
 2578
 2598
 2616
 2634
 2652
 2670
 2686
 2702
 2718
 2732
 2750
 2764
 2774
 2784
 2802
 2828
 2848
 2870
 2888
 2904
 2918
 2928
 2938
 2942
 2946
 2950
 2954
 2958
 2956
 2956
 2956
 2958
 2956
 2952
 2948
 2954
 2960
 2962
 2964
 2964
 2966
 2964
 2964
 2966
 2966
 2968
 2968
 2966
 2954
 2940
 2920
 2896
 2868
 2830
 2786
 2742
 2700
 2666
 2624
 2580
 2530
 2476
 2424
 2370
 2314
 2254
 2190
 2122
 2054
 1982
 1916
 1852
 1790
 1736
 1694
 1656
 1632
 1622
 1628
 1642
 1662
 1686
 1710
 1748
 1788
 1822
 1858
 1894
 1928
 1964
 2000
 2032
 2070
 2106
 2144
 2180
 2210
 2240
 2278
 2318
 2350
 2380
 2408
 2436
 2466
 2488
 2512
 2536
 2560
 2580
 2600
 2618
 2636
 2652
 2672
 2690
 2700
 2710
 2728
 2754
 2774
 2790
 2808
 2822
 2836
 2844
 2854
 2862
 2874
 2882
 2888
 2892
 2894
 2890
 2886
 2886
 2884
 2880
 2874
 2876
 2884
 2888
 2892
 2890
 2884
 2870
 2848
 2822
 2788
 2750
 2704
 2652
 2594
 2534
 2470
 2406
 2340
 2272
 2202
 2128
 2060
 1998
 1932
 1866
 1798
 1732
 1674
 1620
 1568
 1526
 1496
 1480
 1478
 1488
 1510
 1538
 1574
 1614
 1660
 1704
 1748
 1800
 1850
 1898
 1940
 1980
 2020
 2060
 2098
 2136
 2172
 2208
 2238
 2266
 2296
 2324
 2352
 2378
 2404
 2424
 2448
 2482
 2514
 2546
 2574
 2602
 2630
 2656
 2680
 2704
 2726
 2746
 2766
 2784
 2802
 2818
 2832
 2844
 2860
 2870
 2876
 2880
 2888
 2900
 2912
 2918
 2922
 2918
 2908
 2892
 2874
 2850
 2826
 2796
 2760
 2722
 2684
 2644
 2604
 2562
 2518
 2472
 2426
 2374
 2322
 2272
 2228
 2176
 2122
 2062
 2002
 1944
 1890
 1838
 1794
 1756
 1730
 1716
 1712
 1720
 1734
 1754
 1778
 1808
 1842
 1872
 1908
 1948
 2002
 2052
 2098
 2142
 2184
 2226
 2264
 2300
 2338
 2372
 2408
 2442
 2472
 2500
 2524
 2550
 2578
 2600
 2618
 2634
 2662
 2692
 2718
 2740
 2760
 2780
 2798
 2814
 2830
 2848
 2864
 2880
 2894
 2908
 2920
 2928
 2936
 2946
 2954
 2956
 2958
 2968
 2984
 2998
 3012
 3022
 3032
 3042
 3044
 3042
 3030
 3012
 2990
 2964
 2934
 2898
 2858
 2820
 2778
 2732
 2684
 2624
 2568
 2516
 2464
 2410
 2348
 2282
 2218
 2156
 2088
 2022
 1956
 1894
 1840
 1794
 1760
 1742
 1736
 1748
 1764
 1788
 1812
 1840
 1876
 1918
 1960
 1998
 2036
 2074
 2110
 2144
 2174
 2204
 2232
 2264
 2296
 2322
 2346
 2370
 2398
 2424
 2446
 2466
 2488
 2524
 2554
 2580
 2604
 2626
 2650
 2672
 2690
 2710
 2728
 2748
 2764
 2780
 2796
 2810
 2826
 2842
 2854
 2860
 2866
 2878
 2896
 2912
 2922
 2932
 2936
 2938
 2940
 2944
 2950
 2950
 2952
 2952
 2954
 2954
 2946
 2940
 2934
 2926
 2918
 2912
 2912
 2906
 2894
 2876
 2850
 2818
 2776
 2730
 2680
 2626
 2570
 2510
 2446
 2384
 2322
 2258
 2192
 2130
 2058
 1994
 1938
 1880
 1816
 1752
 1686
 1624
 1560
 1502
 1448
 1406
 1376
 1358
 1350
 1352
 1360
 1376
 1394
 1420
 1444
 1480
 1520
 1562
 1602
 1638
 1676
 1714
 1750
 1784
 1816
 1852
 1888
 1922
 1952
 1980
 2012
 2044
 2078
 2108
 2132
 2160
 2202
 2240
 2274
 2304
 2334
 2366
 2402
 2432
 2464
 2496
 2528
 2558
 2584
 2604
 2628
 2652
 2676
 2700
 2724
 2746
 2762
 2776
 2798
 2828
 2852
 2878
 2898
 2920
 2940
 2950
 2958
 2962
 2960
 2950
 2932
 2910
 2882
 2848
 2810
 2768
 2718
 2664
 2606
 2544
 2486
 2434
 2372
 2308
 2240
 2170
 2102
 2032
 1956
 1886
 1814
 1748
 1688
 1632
 1584
 1554
 1536
 1532
 1548
 1570
 1600
 1642
 1688
 1734
 1786
 1838
 1892
 1946
 1998
 2042
 2090
 2134
 2178
 2222
 2260
 2304
 2344
 2382
 2418
 2450
 2480
 2508
 2550
 2586
 2620
 2652
 2680
 2710
 2738
 2762
 2792
 2820
 2844
 2866
 2890
 2904
 2920
 2938
 2954
 2964
 2972
 2986
 3012
 3032
 3050
 3060
 3062
 3054
 3032
 3008
 2974
 2934
 2888
 2834
 2778
 2718
 2658
 2594
 2534
 2468
 2404
 2344
 2292
 2234
 2170
 2108
 2044
 1986
 1930
 1876
 1828
 1786
 1758
 1742
 1738
 1750
 1770
 1798
 1832
 1866
 1902
 1948
 2004
 2066
 2134
 2204
 2272
 2334
 2388
 2436
 2484
 2528
 2570
 2608
 2640
 2672
 2700
 2728
 2756
 2774
 2792
 2810
 2840
 2864
 2886
 2904
 2922
 2938
 2948
 2962
 2968
 2974
 2982
 2988
 2992
 2998
 3002
 3006
 3012
 3016
 3018
 3016
 3010
 3004
 3002
 2992
 2974
 2954
 2928
 2896
 2858
 2816
 2770
 2722
 2670
 2614
 2554
 2496
 2438
 2386
 2332
 2278
 2222
 2170
 2110
 2060
 2016
 1978
 1942
 1916
 1900
 1898
 1906
 1916
 1936
 1958
 1982
 2008
 2036
 2064
 2096
 2128
 2160
 2192
 2220
 2246
 2276
 2314
 2354
 2388
 2418
 2446
 2472
 2500
 2524
 2550
 2574
 2598
 2622
 2642
 2664
 2684
 2702
 2720
 2736
 2748
 2756
 2766
 2788
 2808
 2826
 2844
 2860
 2874
 2892
 2900
 2910
 2918
 2926
 2934
 2934
 2932
 2934
 2936
 2940
 2942
 2938
 2932
 2926
 2922
 2910
 2894
 2874
 2848
 2820
 2784
 2746
 2704
 2660
 2614
 2566
 2514
 2462
 2412
 2364
 2316
 2266
 2216
 2172
 2128
 2076
 2024
 1974
 1928
 1892
 1868
 1850
 1846
 1852
 1866
 1888
 1914
 1944
 1976
 2012
 2050
 2084
 2118
 2158
 2204
 2248
 2288
 2324
 2362
 2400
 2432
 2464
 2492
 2518
 2546
 2570
 2596
 2620
 2640
 2660
 2680
 2694
 2706
 2726
 2752
 2772
 2790
 2808
 2820
 2834
 2844
 2856
 2866
 2874
 2880
 2884
 2884
 2886
 2886
 2888
 2884
 2880
 2876
 2876
 2884
 2886
 2886
 2886
 2886
 2888
 2890
 2894
 2894
 2894
 2888
 2876
 2862
 2842
 2822
 2798
 2768
 2734
 2698
 2656
 2604
 2550
 2504
 2458
 2404
 2344
 2278
 2216
 2156
 2092
 2030
 1970
 1910
 1854
 1800
 1754
 1720
 1700
 1692
 1700
 1720
 1742
 1774
 1812
 1858
 1902
 1948
 1990
 2032
 2076
 2116
 2150
 2188
 2222
 2254
 2284
 2314
 2342
 2366
 2388
 2414
 2434
 2452
 2470
 2502
 2534
 2564
 2590
 2616
 2648
 2678
 2708
 2740
 2770
 2802
 2834
 2868
 2902
 2938
 2974
 3006
 3036
 3058
 3074
 3092
 3118
 3142
 3156
 3156
 3146
 3130
 3102
 3066
 3026
 2980
 2932
 2876
 2816
 2754
 2692
 2628
 2564
 2504
 2438
 2370
 2312
 2262
 2202
 2142
 2078
 2012
 1950
 1888
 1826
 1770
 1722
 1686
 1664
 1654
 1654
 1668
 1690
 1720
 1752
 1786
 1830
 1886
 1936
 1988
 2036
 2084
 2134
 2180
 2224
 2270
 2312
 2362
 2408
 2454
 2498
 2544
 2590
 2638
 2680
 2716
 2754
 2804
 2848
 2888
 2922
 2956
 2982
 3002
 3026
 3050
 3072
 3096
 3116
 3136
 3152
 3168
 3182
 3194
 3208
 3214
 3216
 3208
 3200
 3188
 3174
 3150
 3120
 3080
 3034
 2984
 2932
 2866
 2802
 2734
 2660
 2590
 2520
 2452
 2386
 2320
 2254
 2184
 2114
 2052
 1996
 1934
 1874
 1814
 1756
 1704
 1658
 1612
 1574
 1544
 1522
 1510
 1512
 1526
 1548
 1580
 1616
 1656
 1696
 1740
 1790
 1836
 1886
 1932
 1978
 2022
 2064
 2104
 2142
 2178
 2214
 2250
 2286
 2322
 2356
 2390
 2424
 2454
 2484
 2522
 2556
 2586
 2614
 2638
 2668
 2692
 2712
 2736
 2754
 2774
 2790
 2806
 2822
 2836
 2852
 2868
 2882
 2890
 2896
 2912
 2930
 2946
 2956
 2964
 2972
 2978
 2986
 2996
 3004
 3016
 3028
 3038
 3048
 3048
 3038
 3022
 2994
 2956
 2912
 2862
 2812
 2766
 2714
 2652
 2592
 2530
 2468
 2406
 2342
 2278
 2214
 2148
 2082
 2016
 1958
 1900
 1846
 1796
 1744
 1696
 1658
 1630
 1612
 1598
 1592
 1598
 1614
 1640
 1668
 1700
 1734
 1772
 1810
 1852
 1896
 1944
 1994
 2044
 2088
 2138
 2194
 2246
 2286
 2320
 2348
 2376
 2402
 2424
 2446
 2466
 2484
 2510
 2534
 2556
 2580
 2602
 2626
 2652
 2674
 2694
 2710
 2742
 2780
 2816
 2846
 2872
 2896
 2912
 2924
 2940
 2958
 2974
 2988
 3002
 3014
 3026
 3040
 3052
 3062
 3066
 3068
 3066
 3064
 3054
 3040
 3020
 2992
 2958
 2918
 2874
 2826
 2774
 2714
 2650
 2586
 2522
 2456
 2394
 2328
 2266
 2200
 2132
 2070
 2012
 1952
 1890
 1830
 1772
 1722
 1678
 1640
 1612
 1594
 1584
 1580
 1582
 1592
 1612
 1634
 1658
 1680
 1702
 1730
 1760
 1784
 1806
 1828
 1856
 1882
 1906
 1930
 1954
 1976
 2002
 2028
 2054
 2084
 2118
 2154
 2186
 2218
 2254
 2294
 2332
 2364
 2394
 2424
 2456
 2482
 2510
 2534
 2558
 2580
 2602
 2622
 2642
 2662
 2684
 2704
 2718
 2738
 2768
 2792
 2816
 2834
 2850
 2866
 2882
 2898
 2916
 2930
 2946
 2952
 2958
 2964
 2960
 2946
 2924
 2892
 2856
 2820
 2788
 2738
 2676
 2622
 2568
 2512
 2452
 2392
 2322
 2254
 2186
 2114
 2046
 1978
 1912
 1846
 1784
 1720
 1666
 1614
 1558
 1498
 1432
 1364
 1294
 1226
 1154
 1086
 1018
 950
 888
 832
 780
 736
 688
 638
 592
 548
 500
 448
 388
 324
 250
 158
 50
 0
 0
 0
 0
 0
 0
 0
 0
 0
 0
 0
 0
 0
 0
 0
 0
 0
 0
 0
 0
 0
 0
 0
 0
 0
 0
 0
 0
 0
 0
 0
 0
 0
 0
 0
 0
 0
 0
 0
 0
 0
 0
 0
 0
 0
 0
 0
 0
 0
 0
 0
 12
 74
 134
 190
 252
 320
 386
 446
 498
 546
 598
 640
 680
 720
 760
 806
 854
 902
 950
 994
 1042
 1084
 1128
 1170
 1214
 1264
 1314
 1366
 1412
 1460
 1520
 1578
 1626
 1672
 1712
 1752
 1792
 1828
 1864
 1900
 1938
 1976
 2014
 2050
 2086
 2122
 2158
 2194
 2230
 2266
 2300
 2332
 2358
 2386
 2422
 2456
 2486
 2508
 2530
 2548
 2568
 2586
 2604
 2620
 2636
 2654
 2670
 2682
 2696
 2710
 2724
 2736
 2746
 2756
 2758
 2762
 2768
 2786
 2800
 2812
 2826
 2838
 2846
 2852
 2854
 2854
 2854
 2852
 2846
 2842
 2838
 2836
 2832
 2830
 2826
 2818
 2814
 2812
 2820
 2822
 2822
 2820
 2818
 2812
 2800
 2788
 2772
 2748
 2722
 2688
 2648
 2604
 2556
 2508
 2456
 2406
 2364
 2324
 2278
 2236
 2198
 2170
 2152
 2138
 2136
 2138
 2142
 2152
 2162
 2176
 2194
 2212
 2226
 2244
 2272
 2288
 2304
 2318
 2334
 2350
 2366
 2384
 2400
 2418
 2434
 2450
 2466
 2478
 2494
 2504
 2516
 2526
 2552
 2568
 2582
 2594
 2604
 2614
 2622
 2632
 2640
 2648
 2656
 2660
 2666
 2666
 2666
 2668
 2670
 2668
 2668
 2680
 2690
 2696
 2698
 2702
 2704
 2706
 2708
 2710
 2712
 2714
 2716
 2716
 2716
 2718
 2722
 2724
 2728
 2730
 2732
 2730
 2724
 2722
 2732
 2742
 2752
 2756
 2758
 2760
 2764
 2766
 2770
 2770
 2772
 2772
 2772
 2770
 2770
 2770
 2770
 2772
 2770
 2770
 2768
 2762
 2758
 2764
 2776
 2784
 2786
 2786
 2788
 2792
 2790
 2796
 2802
 2808
 2810
 2814
 2818
 2820
 2822
 2820
 2820
 2818
 2816
 2808
 2794
 2784
 2784
 2782
 2772
 2758
 2738
 2718
 2692
 2660
 2626
 2586
 2538
 2486
 2434
 2380
 2324
 2274
 2220
 2170
 2118
 2066
 2028
 2004
 1986
 1972
 1962
 1960
 1964
 1974
 1982
 1992
 2004
 2018
 2030
 2046
 2060
 2080
 2102
 2126
 2148
 2166
 2192
 2228
 2266
 2296
 2320
 2342
 2370
 2396
 2418
 2440
 2460
 2484
 2502
 2518
 2536
 2552
 2568
 2584
 2592
 2600
 2616
 2642
 2660
 2676
 2686
 2696
 2708
 2716
 2722
 2732
 2740
 2750
 2758
 2764
 2772
 2782
 2790
 2802
 2806
 2806
 2812
 2832
 2850
 2864
 2872
 2882
 2888
 2892
 2898
 2900
 2898
 2896
 2894
 2892
 2890
 2886
 2886
 2886
 2888
 2888
 2882
 2878
 2888
 2906
 2918
 2928
 2932
 2940
 2948
 2952
 2956
 2962
 2968
 2972
 2976
 2980
 2982
 2988
 2992
 2998
 2994
 2984
 2978
 2984
 2988
 2988
 2982
 2970
 2954
 2934
 2912
 2886
 2858
 2828
 2790
 2746
 2698
 2644
 2592
 2538
 2478
 2410
 2346
 2286
 2230
 2158
 2082
 1998
 1922
 1850
 1780
 1714
 1652
 1598
 1548
 1506
 1470
 1446
 1432
 1430
 1428
 1434
 1452
 1480
 1514
 1560
 1610
 1666
 1716
 1766
 1816
 1866
 1918
 1968
 2018
 2070
 2120
 2168
 2214
 2250
 2290
 2338
 2384
 2424
 2458
 2492
 2522
 2550
 2574
 2598
 2622
 2642
 2660
 2676
 2696
 2716
 2734
 2754
 2766
 2776
 2792
 2822
 2846
 2866
 2884
 2892
 2902
 2912
 2922
 2932
 2942
 2956
 2964
 2976
 2988
 3000
 3016
 3036
 3054
 3068
 3074
 3076
 3090
 3114
 3136
 3154
 3168
 3186
 3202
 3210
 3220
 3228
 3234
 3236
 3228
 3208
 3184
 3156
 3128
 3092
 3052
 3006
 2954
 2902
 2858
 2820
 2780
 2732
 2676
 2618
 2562
 2500
 2438
 2374
 2304
 2234
 2160
 2086
 2010
 1934
 1864
 1802
 1742
 1688
 1650
 1630
 1622
 1626
 1644
 1676
 1722
 1772
 1822
 1876
 1936
 2002
 2070
 2132
 2196
 2256
 2318
 2376
 2428
 2476
 2534
 2596
 2652
 2702
 2746
 2786
 2826
 2860
 2898
 2932
 2968
 3002
 3034
 3066
 3096
 3120
 3142
 3158
 3174
 3190
 3218
 3240
 3262
 3276
 3288
 3298
 3300
 3302
 3308
 3312
 3314
 3310
 3302
 3296
 3288
 3276
 3254
 3224
 3186
 3148
 3120
 3088
 3050
 3004
 2956
 2908
 2854
 2798
 2740
 2680
 2616
 2550
 2482
 2414
 2344
 2276
 2210
 2144
 2074
 2012
 1960
 1912
 1858
 1806
 1754
 1708
 1668
 1628
 1592
 1558
 1536
 1526
 1522
 1528
 1542
 1560
 1592
 1616
 1642
 1676
 1714
 1754
 1792
 1828
 1866
 1904
 1946
 1988
 2032
 2076
 2120
 2164
 2204
 2246
 2288
 2330
 2372
 2410
 2438
 2472
 2512
 2544
 2574
 2598
 2624
 2646
 2666
 2684
 2702
 2720
 2736
 2752
 2770
 2784
 2800
 2814
 2828
 2842
 2854
 2858
 2864
 2888
 2906
 2922
 2934
 2946
 2950
 2954
 2958
 2964
 2968
 2972
 2974
 2978
 2982
 2984
 2984
 2982
 2984
 2986
 2988
 2984
 2982
 2986
 3000
 3014
 3022
 3026
 3034
 3040
 3044
 3044
 3044
 3036
 3026
 3006
 2982
 2958
 2932
 2904
 2872
 2838
 2798
 2750
 2702
 2660
 2620
 2572
 2518
 2464
 2412
 2370
 2322
 2276
 2228
 2184
 2144
 2108
 2082
 2066
 2062
 2070
 2078
 2092
 2114
 2148
 2180
 2210
 2238
 2268
 2298
 2328
 2356
 2382
 2408
 2436
 2464
 2490
 2516
 2542
 2566
 2592
 2610
 2628
 2662
 2692
 2720
 2744
 2768
 2790
 2810
 2826
 2844
 2860
 2874
 2890
 2902
 2914
 2926
 2938
 2952
 2954
 2952
 2956
 2974
 2992
 3006
 3018
 3030
 3044
 3054
 3062
 3074
 3084
 3096
 3108
 3118
 3128
 3136
 3144
 3144
 3140
 3126
 3100
 3074
 3050
 3034
 3014
 2992
 2962
 2930
 2890
 2846
 2804
 2754
 2702
 2648
 2590
 2530
 2472
 2416
 2358
 2302
 2248
 2194
 2140
 2104
 2084
 2072
 2066
 2072
 2084
 2106
 2132
 2156
 2186
 2216
 2246
 2276
 2304
 2330
 2358
 2386
 2414
 2442
 2462
 2484
 2512
 2546
 2574
 2598
 2622
 2646
 2670
 2686
 2706
 2718
 2732
 2748
 2758
 2770
 2784
 2798
 2812
 2824
 2836
 2846
 2854
 2858
 2874
 2894
 2904
 2914
 2922
 2934
 2942
 2946
 2954
 2958
 2962
 2966
 2960
 2954
 2942
 2926
 2910
 2890
 2866
 2842
 2818
 2782
 2752
 2728
 2704
 2674
 2638
 2594
 2548
 2504
 2450
 2394
 2334
 2272
 2212
 2154
 2100
 2050
 2008
 1978
 1958
 1956
 1962
 1972
 1994
 2028
 2070
 2112
 2152
 2190
 2228
 2266
 2294
 2326
 2356
 2386
 2414
 2436
 2458
 2476
 2494
 2518
 2544
 2564
 2578
 2592
 2614
 2638
 2656
 2668
 2676
 2690
 2700
 2712
 2726
 2740
 2756
 2774
 2792
 2806
 2822
 2840
 2858
 2874
 2886
 2892
 2902
 2916
 2932
 2944
 2958
 2972
 2982
 2990
 2998
 3004
 3004
 2998
 2982
 2962
 2940
 2912
 2880
 2842
 2794
 2740
 2694
 2648
 2592
 2530
 2466
 2400
 2334
 2266
 2200
 2134
 2068
 2000
 1936
 1876
 1822
 1786
 1762
 1752
 1762
 1788
 1820
 1860
 1902
 1952
 2002
 2054
 2102
 2148
 2192
 2236
 2278
 2320
 2358
 2398
 2430
 2456
 2478
 2498
 2524
 2542
 2556
 2568
 2584
 2600
 2620
 2642
 2660
 2676
 2684
 2694
 2710
 2720
 2736
 2752
 2762
 2764
 2750
 2738
 2744
 2752
 2766
 2778
 2794
 2812
 2828
 2842
 2868
 2882
 2890
 2886
 2864
 2824
 2776
 2720
 2664
 2604
 2546
 2474
 2400
 2338
 2278
 2214
 2150
 2082
 2014
 1954
 1884
 1832
 1780
 1712
 1650
 1576
 1494
 1434
 1402
 1384
 1388
 1408
 1430
 1462
 1504
 1556
 1606
 1664
 1714
 1768
 1818
 1858
 1898
 1936
 1966
 2000
 2032
 2060
 2082
 2104
 2122
 2128
 2130
 2144
 2164
 2186
 2210
 2232
 2252
 2268
 2276
 2282
 2282
 2282
 2280
 2278
 2274
 2272
 2272
 2270
 2268
 2280
 2308
 2352
 2396
 2446
 2498
 2548
 2588
 2636
 2682
 2728
 2774
 2818
 2866
 2910
 2948
 2982
 3022
 3072
 3116
 3154
 3194
 3234
 3268
 3294
 3322
 3350
 3378
 3400
 3416
 3420
 3406
 3376
 3332
 3282
 3238
 3184
 3118
 3040
 2952
 2862
 2764
 2668
 2564
 2458
 2352
 2250
 2148
 2052
 1968
 1882
 1798
 1728
 1672
 1620
 1578
 1550
 1540
 1546
 1564
 1590
 1622
 1662
 1708
 1756
 1810
 1862
 1922
 1982
 2040
 2100
 2170
 2240
 2304
 2366
 2422
 2482
 2536
 2582
 2628
 2674
 2716
 2756
 2794
 2832
 2872
 2906
 2940
 2966
 2984
 3004
 3046
 3082
 3116
 3148
 3176
 3202
 3226
 3252
 3272
 3296
 3320
 3340
 3360
 3374
 3388
 3404
 3416
 3422
 3408
 3378
 3348
 3320
 3288
 3248
 3200
 3142
 3082
 3018
 2946
 2874
 2802
 2726
 2648
 2570
 2490
 2410
 2328
 2248
 2168
 2082
 2008
 1942
 1878
 1820
 1772
 1736
 1720
 1714
 1720
 1736
 1760
 1792
 1828
 1870
 1918
 1968
 2020
 2068
 2112
 2162
 2226
 2282
 2336
 2392
 2440
 2492
 2538
 2580
 2624
 2666
 2708
 2746
 2786
 2822
 2856
 2890
 2914
 2936
 2970
 3006
 3038
 3068
 3094
 3116
 3134
 3152
 3168
 3182
 3194
 3204
 3214
 3228
 3238
 3252
 3262
 3266
 3272
 3292
 3312
 3326
 3340
 3350
 3362
 3366
 3366
 3368
 3360
 3346
 3320
 3288
 3258
 3222
 3190
 3152
 3108
 3064
 3030
 2990
 2942
 2888
 2830
 2774
 2718
 2658
 2596
 2530
 2466
 2396
 2330
 2266
 2206
 2156
 2110
 2080
 2064
 2066
 2068
 2078
 2094
 2116
 2142
 2170
 2200
 2230
 2262
 2294
 2324
 2360
 2396
 2436
 2470
 2502
 2542
 2592
 2638
 2682
 2722
 2762
 2794
 2822
 2850
 2878
 2908
 2938
 2966
 2992
 3018
 3042
 3058
 3066
 3070
 3086
 3106
 3122
 3134
 3142
 3152
 3162
 3166
 3172
 3178
 3182
 3184
 3186
 3184
 3182
 3178
 3168
 3148
 3124
 3110
 3096
 3074
 3044
 3010
 2974
 2936
 2896
 2852
 2804
 2752
 2700
 2642
 2586
 2530
 2474
 2408
 2344
 2284
 2222
 2158
 2092
 2028
 1972
 1928
 1886
 1854
 1832
 1820
 1818
 1826
 1844
 1872
 1904
 1936
 1972
 2016
 2058
 2100
 2142
 2184
 2230
 2274
 2320
 2366
 2408
 2446
 2484
 2522
 2556
 2594
 2628
 2660
 2688
 2732
 2770
 2804
 2838
 2872
 2908
 2944
 2976
 3012
 3034
 3054
 3074
 3092
 3108
 3128
 3142
 3150
 3158
 3182
 3204
 3222
 3234
 3248
 3258
 3262
 3270
 3280
 3290
 3300
 3306
 3310
 3314
 3316
 3312
 3298
 3274
 3244
 3222
 3204
 3174
 3136
 3094
 3052
 3008
 2962
 2914
 2860
 2808
 2754
 2694
 2636
 2576
 2514
 2456
 2394
 2328
 2274
 2224
 2178
 2140
 2110
 2094
 2094
 2102
 2118
 2142
 2170
 2200
 2236
 2272
 2310
 2350
 2390
 2430
 2466
 2500
 2544
 2592
 2634
 2672
 2708
 2744
 2778
 2808
 2840
 2866
 2892
 2916
 2936
 2950
 2964
 2978
 2996
 3012
 3020
 3026
 3036
 3058
 3078
 3092
 3102
 3110
 3120
 3124
 3126
 3124
 3126
 3126
 3126
 3128
 3128
 3128
 3130
 3132
 3132
 3126
 3118
 3116
 3120
 3114
 3104
 3088
 3072
 3052
 3020
 2990
 2956
 2918
 2876
 2826
 2776
 2726
 2674
 2622
 2572
 2520
 2460
 2404
 2352
 2294
 2234
 2168
 2104
 2048
 2006
 1970
 1946
 1932
 1928
 1936
 1956
 1980
 2014
 2056
 2102
 2150
 2192
 2240
 2298
 2362
 2420
 2474
 2526
 2580
 2628
 2676
 2720
 2764
 2806
 2850
 2890
 2926
 2958
 2990
 3010
 3024
 3036
 3056
 3086
 3110
 3130
 3144
 3156
 3168
 3172
 3182
 3190
 3198
 3206
 3208
 3212
 3214
 3218
 3222
 3224
 3222
 3216
 3214
 3218
 3212
 3206
 3194
 3178
 3156
 3128
 3104
 3084
 3064
 3040
 3008
 2970
 2930
 2894
 2854
 2812
 2768
 2716
 2658
 2606
 2562
 2512
 2462
 2412
 2370
 2334
 2304
 2282
 2266
 2260
 2262
 2270
 2284
 2302
 2324
 2346
 2372
 2400
 2422
 2444
 2470
 2504
 2534
 2564
 2588
 2610
 2634
 2654
 2672
 2690
 2706
 2722
 2740
 2756
 2774
 2792
 2810
 2830
 2850
 2870
 2884
 2896
 2912
 2942
 2968
 2986
 3004
 3020
 3040
 3054
 3068
 3080
 3092
 3104
 3114
 3120
 3122
 3124
 3122
 3114
 3096
 3074
 3050
 3018
 2982
 2948
 2920
 2888
 2852
 2808
 2756
 2708
 2656
 2602
 2546
 2488
 2426
 2366
 2300
 2236
 2170
 2106
 2046
 1986
 1932
 1884
 1840
 1812
 1802
 1804
 1814
 1830
 1854
 1890
 1930
 1970
 2012
 2052
 2094
 2136
 2172
 2208
 2242
 2276
 2310
 2346
 2380
 2408
 2436
 2468
 2508
 2546
 2582
 2614
 2646
 2682
 2714
 2744
 2772
 2798
 2826
 2854
 2880
 2902
 2922
 2936
 2948
 2962
 2976
 2982
 2984
 3000
 3022
 3038
 3056
 3066
 3078
 3086
 3090
 3090
 3082
 3064
 3042
 3016
 2982
 2946
 2908
 2868
 2826
 2782
 2730
 2668
 2610
 2556
 2508
 2452
 2388
 2318
 2240
 2166
 2088
 2008
 1930
 1854
 1784
 1722
 1668
 1632
 1610
 1604
 1618
 1638
 1664
 1706
 1754
 1810
 1866
 1920
 1972
 2028
 2082
 2130
 2176
 2218
 2262
 2306
 2348
 2384
 2422
 2458
 2490
 2516
 2538
 2574
 2614
 2654
 2694
 2728
 2758
 2788
 2814
 2840
 2862
 2884
 2908
 2924
 2940
 2956
 2970
 2986
 2998
 3002
 3004
 3004
 3008
 3002
 2988
 2968
 2940
 2910
 2874
 2834
 2792
 2744
 2696
 2642
 2580
 2524
 2462
 2398
 2336
 2272
 2200
 2130
 2064
 1998
 1928
 1858
 1794
 1740
 1704
 1680
 1672
 1678
 1698
 1732
 1772
 1816
 1868
 1922
 1978
 2036
 2084
 2128
 2178
 2242
 2300
 2352
 2402
 2448
 2492
 2526
 2558
 2590
 2620
 2654
 2686
 2716
 2744
 2770
 2794
 2820
 2840
 2856
 2868
 2900
 2930
 2958
 2982
 3002
 3016
 3026
 3036
 3048
 3056
 3060
 3060
 3058
 3048
 3032
 3012
 2988
 2960
 2932
 2896
 2852
 2810
 2772
 2718
 2670
 2626
 2580
 2536
 2488
 2438
 2382
 2326
 2262
 2200
 2134
 2068
 2010
 1958
 1916
 1888
 1876
 1868
 1874
 1896
 1928
 1966
 2008
 2048
 2092
 2138
 2182
 2222
 2262
 2300
 2338
 2380
 2420
 2456
 2490
 2524
 2562
 2596
 2624
 2650
 2680
 2720
 2760
 2798
 2832
 2864
 2896
 2920
 2942
 2962
 2980
 2992
 3002
 3014
 3024
 3036
 3046
 3056
 3062
 3062
 3064
 3072
 3080
 3076
 3066
 3050
 3030
 3002
 2976
 2948
 2918
 2884
 2850
 2812
 2772
 2734
 2694
 2652
 2608
 2554
 2500
 2450
 2406
 2356
 2302
 2250
 2198
 2150
 2104
 2062
 2026
 1998
 1978
 1972
 1974
 1990
 2018
 2052
 2094
 2134
 2176
 2222
 2276
 2328
 2372
 2416
 2458
 2498
 2532
 2564
 2592
 2624
 2656
 2686
 2716
 2742
 2770
 2798
 2826
 2850
 2868
 2892
 2928
 2958
 2984
 3004
 3018
 3028
 3036
 3046
 3054
 3060
 3070
 3076
 3082
 3090
 3094
 3096
 3102
 3104
 3096
 3080
 3062
 3048
 3030
 3008
 2976
 2940
 2904
 2860
 2816
 2768
 2716
 2664
 2610
 2556
 2500
 2444
 2388
 2334
 2278
 2214
 2154
 2100
 2046
 1988
 1930
 1874
 1830
 1796
 1768
 1748
 1738
 1734
 1742
 1756
 1776
 1804
 1838
 1874
 1916
 1956
 1998
 2046
 2096
 2136
 2174
 2208
 2242
 2276
 2302
 2332
 2358
 2380
 2400
 2420
 2440
 2462
 2482
 2506
 2524
 2538
 2554
 2580
 2610
 2634
 2656
 2678
 2704
 2726
 2748
 2772
 2794
 2816
 2838
 2856
 2870
 2886
 2898
 2914
 2928
 2936
 2942
 2958
 2976
 2980
 2972
 2954
 2930
 2904
 2870
 2834
 2796
 2756
 2714
 2670
 2624
 2580
 2532
 2484
 2438
 2384
 2328
 2276
 2232
 2182
 2126
 2068
 2010
 1956
 1908
 1860
 1816
 1774
 1736
 1708
 1684
 1672
 1674
 1686
 1712
 1750
 1790
 1838
 1898
 1958
 2020
 2078
 2130
 2182
 2234
 2276
 2320
 2362
 2404
 2444
 2482
 2516
 2554
 2588
 2626
 2664
 2694
 2724
 2756
 2800
 2842
 2880
 2912
 2942
 2968
 2986
 3006
 3024
 3044
 3062
 3076
 3088
 3100
 3110
 3122
 3130
 3134
 3136
 3134
 3136
 3140
 3146
 3144
 3140
 3124
 3102
 3072
 3040
 3006
 2966
 2924
 2878
 2830
 2782
 2732
 2686
 2638
 2588
 2530
 2472
 2422
 2376
 2326
 2274
 2216
 2162
 2110
 2058
 2012
 1976
 1950
 1932
 1926
 1932
 1946
 1968
 2000
 2032
 2064
 2102
 2148
 2194
 2234
 2276
 2314
 2356
 2398
 2432
 2464
 2496
 2528
 2562
 2592
 2624
 2654
 2690
 2724
 2752
 2780
 2820
 2864
 2904
 2940
 2970
 2998
 3014
 3026
 3042
 3056
 3070
 3082
 3094
 3106
 3116
 3126
 3130
 3126
 3110
 3100
 3092
 3074
 3052
 3026
 2998
 2968
 2930
 2892
 2852
 2808
 2766
 2720
 2674
 2628
 2582
 2538
 2486
 2434
 2386
 2342
 2292
 2242
 2190
 2148
 2118
 2100
 2092
 2096
 2108
 2132
 2158
 2192
 2232
 2272
 2316
 2362
 2396
 2430
 2474
 2520
 2564
 2608
 2648
 2686
 2724
 2754
 2786
 2812
 2842
 2868
 2892
 2906
 2920
 2938
 2954
 2968
 2976
 2982
 3000
 3022
 3042
 3056
 3068
 3076
 3082
 3088
 3090
 3092
 3092
 3088
 3078
 3062
 3042
 3022
 3002
 2978
 2944
 2908
 2880
 2860
 2834
 2804
 2772
 2740
 2710
 2678
 2648
 2610
 2570
 2532
 2488
 2444
 2400
 2356
 2312
 2266
 2226
 2180
 2148
 2128
 2112
 2106
 2104
 2110
 2126
 2148
 2170
 2196
 2224
 2250
 2278
 2306
 2332
 2360
 2388
 2418
 2444
 2468
 2490
 2524
 2560
 2586
 2612
 2634
 2656
 2684
 2706
 2728
 2750
 2770
 2792
 2810
 2830
 2850
 2870
 2892
 2904
 2912
 2922
 2946
 2976
 3000
 3022
 3040
 3056
 3068
 3076
 3084
 3086
 3084
 3074
 3056
 3036
 3014
 2990
 2964
 2932
 2892
 2858
 2832
 2810
 2782
 2750
 2714
 2680
 2644
 2602
 2558
 2508
 2454
 2398
 2340
 2280
 2226
 2176
 2136
 2102
 2078
 2066
 2076
 2092
 2112
 2140
 2174
 2214
 2254
 2290
 2326
 2362
 2398
 2434
 2468
 2502
 2536
 2568
 2598
 2624
 2642
 2668
 2708
 2744
 2778
 2808
 2836
 2864
 2884
 2898
 2914
 2928
 2946
 2960
 2972
 2984
 2996
 3006
 3018
 3028
 3032
 3036
 3040
 3058
 3076
 3090
 3100
 3108
 3114
 3112
 3112
 3112
 3112
 3110
 3098
 3080
 3066
 3048
 3028
 3008
 2984
 2960
 2938
 2906
 2870
 2836
 2812
 2788
 2756
 2720
 2682
 2646
 2608
 2568
 2526
 2476
 2428
 2378
 2324
 2276
 2234
 2200
 2176
 2162
 2158
 2160
 2170
 2190
 2226
 2270
 2314
 2358
 2400
 2440
 2482
 2514
 2544
 2572
 2602
 2630
 2658
 2684
 2708
 2732
 2752
 2774
 2792
 2806
 2818
 2836
 2868
 2900
 2926
 2950
 2962
 2972
 2982
 2992
 3000
 3008
 3016
 3024
 3030
 3036
 3040
 3046
 3052
 3058
 3060
 3056
 3052
 3060
 3074
 3086
 3092
 3096
 3094
 3090
 3080
 3066
 3050
 3032
 3012
 2986
 2956
 2926
 2896
 2866
 2832
 2790
 2738
 2688
 2650
 2616
 2576
 2530
 2482
 2430
 2380
 2326
 2270
 2214
 2158
 2102
 2054
 2014
 1988
 1974
 1980
 1994
 2016
 2048
 2094
 2148
 2204
 2258
 2308
 2358
 2406
 2446
 2484
 2522
 2558
 2594
 2630
 2664
 2696
 2726
 2756
 2784
 2806
 2822
 2840
 2872
 2898
 2920
 2936
 2952
 2964
 2970
 2976
 2984
 2988
 2992
 2994
 2994
 2996
 2998
 2998
 2998
 2996
 2996
 2998
 2996
 2992
 2982
 2966
 2950
 2946
 2930
 2910
 2886
 2860
 2832
 2800
 2766
 2730
 2690
 2648
 2604
 2558
 2508
 2458
 2406
 2356
 2298
 2238
 2176
 2112
 2048
 1986
 1924
 1862
 1814
 1786
 1772
 1766
 1774
 1798
 1836
 1880
 1924
 1972
 2024
 2076
 2132
 2180
 2226
 2268
 2314
 2362
 2410
 2454
 2494
 2528
 2556
 2580
 2608
 2650
 2690
 2728
 2760
 2790
 2818
 2838
 2856
 2874
 2888
 2902
 2906
 2910
 2914
 2918
 2922
 2924
 2926
 2928
 2930
 2930
 2926
 2918
 2908
 2912
 2912
 2906
 2896
 2884
 2866
 2844
 2816
 2786
 2752
 2720
 2682
 2640
 2596
 2546
 2494
 2442
 2386
 2326
 2266
 2198
 2128
 2064
 2008
 1952
 1890
 1826
 1764
 1710
 1660
 1612
 1576
 1550
 1530
 1522
 1522
 1534
 1552
 1578
 1608
 1640
 1674
 1710
 1760
 1810
 1856
 1900
 1944
 1988
 2028
 2066
 2100
 2134
 2170
 2200
 2230
 2258
 2288
 2320
 2346
 2368
 2388
 2416
 2454
 2486
 2520
 2552
 2584
 2616
 2640
 2666
 2690
 2714
 2738
 2758
 2778
 2794
 2812
 2828
 2844
 2854
 2860
 2862
 2874
 2894
 2908
 2920
 2924
 2930
 2934
 2934
 2938
 2938
 2938
 2938
 2938
 2938
 2936
 2934
 2934
 2934
 2930
 2924
 2916
 2902
 2882
 2858
 2822
 2792
 2772
 2744
 2710
 2676
 2640
 2602
 2558
 2516
 2470
 2422
 2372
 2318
 2260
 2196
 2132
 2068
 2006
 1940
 1874
 1808
 1740
 1674
 1606
 1540
 1480
 1430
 1382
 1330
 1286
 1244
 1204
 1170
 1132
 1100
 1074
 1050
 1032
 1018
 1012
 1008
 1010
 1018
 1030
 1054
 1084
 1110
 1146
 1192
 1250
 1308
 1370
 1432
 1498
 1574
 1640
 1704
 1762
 1818
 1874
 1928
 1976
 2020
 2060
 2104
 2142
 2178
 2210
 2236
 2258
 2282
 2318
 2350
 2382
 2410
 2436
 2462
 2486
 2504
 2526
 2546
 2566
 2588
 2606
 2626
 2644
 2660
 2674
 2688
 2702
 2712
 2726
 2734
 2738
 2742
 2756
 2772
 2786
 2796
 2810
 2822
 2832
 2836
 2844
 2850
 2856
 2860
 2864
 2866
 2866
 2856
 2842
 2820
 2794
 2762
 2726
 2684
 2634
 2582
 2534
 2494
 2448
 2396
 2336
 2278
 2214
 2146
 2078
 2006
 1932
 1858
 1780
 1704
 1636
 1570
 1510
 1454
 1404
 1358
 1326
 1310
 1302
 1298
 1296
 1304
 1316
 1330
 1346
 1366
 1388
 1408
 1432
 1456
 1480
 1512
 1546
 1578
 1608
 1642
 1694
 1752
 1806
 1858
 1906
 1956
 2006
 2052
 2100
 2148
 2202
 2250
 2294
 2338
 2374
 2408
 2438
 2464
 2492
 2532
 2570
 2604
 2636
 2666
 2696
 2718
 2742
 2762
 2786
 2808
 2830
 2850
 2870
 2888
 2904
 2912
 2914
 2916
 2918
 2936
 2954
 2968
 2978
 2992
 3002
 3006
 3010
 3010
 3006
 2994
 2970
 2944
 2910
 2876
 2840
 2800
 2758
 2712
 2660
 2604
 2554
 2514
 2472
 2420
 2364
 2304
 2246
 2186
 2124
 2064
 1996
 1928
 1862
 1794
 1730
 1676
 1628
 1594
 1572
 1560
 1556
 1564
 1584
 1620
 1658
 1696
 1736
 1780
 1828
 1872
 1914
 1956
 2000
 2042
 2082
 2122
 2160
 2196
 2234
 2266
 2298
 2322
 2342
 2364
 2398
 2432
 2462
 2490
 2520
 2546
 2570
 2592
 2616
 2636
 2658
 2680
 2700
 2718
 2736
 2754
 2772
 2788
 2804
 2814
 2820
 2824
 2836
 2852
 2868
 2882
 2888
 2894
 2898
 2896
 2898
 2900
 2902
 2902
 2904
 2908
 2908
 2908
 2910
 2908
 2906
 2902
 2894
 2874
 2852
 2832
 2820
 2808
 2788
 2760
 2730
 2698
 2662
 2626
 2588
 2548
 2508
 2462
 2414
 2366
 2318
 2266
 2210
 2146
 2080
 2010
 1938
 1876
 1822
 1764
 1702
 1642
 1588
 1544
 1510
 1484
 1470
 1468
 1472
 1488
 1506
 1534
 1568
 1606
 1646
 1686
 1730
 1778
 1834
 1890
 1940
 1984
 2028
 2072
 2116
 2156
 2200
 2244
 2286
 2326
 2362
 2398
 2430
 2464
 2492
 2516
 2538
 2570
 2606
 2640
 2672
 2702
 2732
 2758
 2778
 2796
 2818
 2838
 2856
 2872
 2888
 2898
 2910
 2924
 2938
 2946
 2948
 2956
 2976
 2996
 3014
 3028
 3040
 3050
 3054
 3052
 3046
 3034
 3018
 3000
 2978
 2950
 2920
 2890
 2862
 2828
 2790
 2744
 2698
 2662
 2630
 2592
 2550
 2502
 2454
 2406
 2354
 2304
 2248
 2194
 2144
 2098
 2058
 2030
 2016
 2012
 2022
 2036
 2052
 2078
 2120
 2166
 2210
 2254
 2294
 2334
 2372
 2404
 2434
 2464
 2494
 2522
 2548
 2570
 2592
 2614
 2636
 2654
 2666
 2678
 2702
 2732
 2756
 2780
 2800
 2820
 2836
 2852
 2864
 2878
 2892
 2898
 2902
 2908
 2916
 2924
 2932
 2940
 2944
 2944
 2944
 2954
 2970
 2982
 2990
 2996
 2996
 2990
 2980
 2970
 2958
 2942
 2924
 2902
 2880
 2858
 2832
 2806
 2780
 2754
 2722
 2684
 2648
 2622
 2596
 2562
 2522
 2476
 2430
 2382
 2332
 2284
 2240
 2200
 2172
 2152
 2142
 2144
 2156
 2178
 2206
 2232
 2256
 2282
 2318
 2366
 2408
 2452
 2490
 2528
 2566
 2598
 2626
 2656
 2682
 2708
 2734
 2758
 2780
 2802
 2824
 2844
 2866
 2880
 2890
 2902
 2920
 2942
 2962
 2980
 2996
 3008
 3016
 3022
 3028
 3034
 3036
 3038
 3040
 3042
 3044
 3044
 3044
 3046
 3046
 3046
 3040
 3032
 3024
 3026
 3028
 3020
 3010
 2998
 2982
 2966
 2942
 2916
 2890
 2864
 2836
 2808
 2776
 2744
 2714
 2680
 2646
 2610
 2570
 2526
 2474
 2420
 2374
 2334
 2290
 2240
 2190
 2152
 2124
 2104
 2096
 2100
 2112
 2134
 2162
 2194
 2230
 2270
 2314
 2354
 2390
 2420
 2448
 2482
 2526
 2564
 2604
 2638
 2668
 2698
 2720
 2734
 2748
 2762
 2780
 2796
 2812
 2828
 2844
 2860
 2874
 2884
 2890
 2896
 2908
 2932
 2946
 2958
 2972
 2984
 2994
 2996
 3000
 3006
 3010
 3014
 3014
 3014
 3014
 3014
 3014
 3014
 3014
 3012
 3008
 3000
 2992
 2994
 2996
 2994
 2986
 2972
 2958
 2936
 2908
 2880
 2848
 2814
 2780
 2742
 2700
 2660
 2618
 2574
 2528
 2480
 2430
 2370
 2312
 2260
 2210
 2154
 2094
 2028
 1964
 1900
 1834
 1774
 1716
 1664
 1622
 1592
 1574
 1572
 1582
 1602
 1634
 1664
 1700
 1744
 1796
 1852
 1902
 1950
 1996
 2040
 2088
 2126
 2164
 2198
 2234
 2268
 2298
 2330
 2358
 2384
 2414
 2438
 2454
 2470
 2500
 2532
 2562
 2592
 2618
 2644
 2670
 2686
 2706
 2724
 2740
 2758
 2772
 2786
 2798
 2808
 2822
 2834
 2844
 2854
 2860
 2866
 2868
 2886
 2904
 2920
 2930
 2940
 2944
 2952
 2956
 2962
 2966
 2968
 2960
 2950
 2928
 2906
 2882
 2852
 2820
 2784
 2744
 2702
 2658
 2602
 2550
 2506
 2470
 2430
 2384
 2334
 2282
 2230
 2170
 2112
 2048
 1982
 1916
 1844
 1770
 1700
 1632
 1568
 1504
 1450
 1396
 1340
 1298
 1264
 1234
 1210
 1186
 1174
 1168
 1174
 1182
 1198
 1220
 1244
 1274
 1312
 1350
 1390
 1434
 1482
 1528
 1570
 1618
 1674
 1728
 1782
 1832
 1874
 1918
 1954
 1992
 2026
 2058
 2090
 2118
 2150
 2180
 2206
 2234
 2260
 2280
 2298
 2318
 2352
 2382
 2412
 2438
 2464
 2492
 2512
 2532
 2556
 2574
 2598
 2620
 2642
 2666
 2688
 2710
 2732
 2756
 2774
 2788
 2804
 2836
 2866
 2896
 2920
 2944
 2962
 2968
 2976
 2984
 2992
 3002
 3010
 3016
 3022
 3028
 3034
 3036
 3038
 3038
 3034
 3028
 3018
 3016
 3008
 2996
 2978
 2958
 2930
 2894
 2858
 2820
 2776
 2730
 2678
 2622
 2566
 2504
 2442
 2378
 2306
 2236
 2156
 2082
 2016
 1950
 1880
 1808
 1742
 1680
 1628
 1578
 1542
 1518
 1502
 1498
 1502
 1514
 1536
 1568
 1602
 1642
 1686
 1734
 1794
 1858
 1918
 1972
 2026
 2082
 2134
 2176
 2218
 2260
 2300
 2336
 2368
 2400
 2430
 2458
 2484
 2504
 2520
 2550
 2582
 2614
 2640
 2666
 2690
 2714
 2730
 2748
 2766
 2784
 2802
 2816
 2828
 2840
 2854
 2868
 2874
 2880
 2884
 2898
 2916
 2930
 2942
 2946
 2950
 2946
 2938
 2924
 2904
 2880
 2852
 2820
 2784
 2742
 2696
 2650
 2600
 2544
 2482
 2414
 2350
 2296
 2240
 2172
 2100
 2026
 1956
 1888
 1820
 1758
 1698
 1648
 1610
 1590
 1586
 1600
 1626
 1664
 1700
 1740
 1786
 1842
 1902
 1954
 2002
 2048
 2096
 2138
 2182
 2218
 2256
 2294
 2326
 2358
 2386
 2412
 2438
 2464
 2482
 2498
 2516
 2550
 2578
 2606
 2630
 2654
 2674
 2692
 2710
 2726
 2744
 2762
 2774
 2788
 2800
 2812
 2824
 2834
 2846
 2850
 2850
 2860
 2872
 2878
 2878
 2870
 2856
 2838
 2810
 2782
 2746
 2706
 2660
 2608
 2552
 2490
 2426
 2358
 2288
 2210
 2124
 2050
 1980
 1898
 1812
 1726
 1642
 1564
 1494
 1426
 1372
 1334
 1314
 1316
 1330
 1362
 1406
 1462
 1530
 1598
 1662
 1736
 1814
 1884
 1948
 2006
 2062
 2116
 2172
 2218
 2266
 2308
 2352
 2392
 2426
 2458
 2488
 2516
 2546
 2566
 2584
 2614
 2650
 2680
 2712
 2740
 2766
 2792
 2812
 2834
 2852
 2872
 2888
 2902
 2914
 2928
 2942
 2956
 2956
 2946
 2928
 2912
 2900
 2880
 2848
 2812
 2770
 2724
 2672
 2616
 2552
 2482
 2408
 2324
 2240
 2156
 2072
 1990
 1906
 1822
 1748
 1682
 1608
 1534
 1462
 1396
 1346
 1316
 1300
 1302
 1318
 1342
 1376
 1422
 1478
 1534
 1596
 1658
 1716
 1784
 1864
 1940
 2006
 2068
 2128
 2186
 2242
 2296
 2348
 2398
 2444
 2488
 2528
 2566
 2604
 2640
 2670
 2696
 2732
 2772
 2806
 2838
 2864
 2890
 2916
 2936
 2960
 2982
 3004
 3022
 3040
 3058
 3074
 3084
 3090
 3088
 3086
 3086
 3070
 3044
 3012
 2974
 2930
 2876
 2824
 2762
 2700
 2632
 2560
 2488
 2410
 2334
 2254
 2172
 2092
 2016
 1930
 1846
 1762
 1680
 1608
 1548
 1498
 1464
 1448
 1448
 1460
 1488
 1528
 1580
 1638
 1694
 1754
 1828
 1904
 1970
 2030
 2088
 2144
 2198
 2246
 2294
 2338
 2384
 2426
 2468
 2508
 2548
 2588
 2620
 2650
 2686
 2732
 2766
 2798
 2826
 2852
 2876
 2894
 2914
 2936
 2954
 2974
 2988
 3006
 3014
 3022
 3014
 2994
 2970
 2952
 2926
 2894
 2854
 2806
 2758
 2704
 2648
 2590
 2526
 2460
 2388
 2316
 2242
 2170
 2096
 2012
 1938
 1870
 1800
 1730
 1662
 1596
 1548
 1514
 1492
 1486
 1496
 1516
 1544
 1584
 1634
 1690
 1752
 1810
 1870
 1932
 2000
 2066
 2128
 2182
 2236
 2288
 2332
 2376
 2418
 2456
 2498
 2538
 2576
 2612
 2650
 2678
 2706
 2732
 2776
 2812
 2846
 2878
 2908
 2940
 2968
 2994
 3016
 3038
 3060
 3076
 3092
 3106
 3118
 3132
 3142
 3148
 3160
 3186
 3208
 3224
 3240
 3252
 3258
 3262
 3266
 3266
 3258
 3242
 3216
 3184
 3148
 3104
 3058
 3006
 2954
 2916
 2876
 2828
 2774
 2718
 2660
 2600
 2538
 2472
 2402
 2332
 2258
 2184
 2108
 2032
 1960
 1886
 1814
 1756
 1710
 1670
 1642
 1626
 1622
 1628
 1638
 1658
 1684
 1716
 1754
 1798
 1846
 1898
 1950
 2000
 2044
 2094
 2148
 2196
 2240
 2278
 2320
 2362
 2400
 2436
 2468
 2502
 2534
 2564
 2590
 2620
 2648
 2670
 2688
 2714
 2750
 2780
 2806
 2830
 2854
 2874
 2894
 2914
 2932
 2950
 2964
 2970
 2980
 2988
 2998
 3006
 3006
 3012
 3030
 3044
 3056
 3066
 3074
 3076
 3064
 3046
 3022
 2990
 2956
 2918
 2874
 2828
 2778
 2722
 2654
 2586
 2528
 2466
 2394
 2318
 2236
 2156
 2074
 1992
 1910
 1822
 1736
 1652
 1570
 1496
 1430
 1376
 1326
 1280
 1248
 1230
 1216
 1210
 1210
 1220
 1240
 1264
 1294
 1326
 1358
 1394
 1436
 1480
 1522
 1570
 1628
 1682
 1730
 1782
 1834
 1882
 1934
 1986
 2038
 2088
 2134
 2180
 2224
 2268
 2308
 2342
 2384
 2422
 2456
 2486
 2514
 2540
 2564
 2598
 2634
 2666
 2692
 2718
 2742
 2766
 2786
 2806
 2826
 2840
 2856
 2870
 2882
 2894
 2904
 2908
 2902
 2880
 2852
 2832
 2808
 2774
 2730
 2678
 2622
 2562
 2498
 2430
 2358
 2284
 2206
 2134
 2064
 1998
 1934
 1880
 1824
 1776
 1744
 1732
 1730
 1740
 1760
 1788
 1820
 1858
 1896
 1932
 1970
 2002
 2032
 2062
 2096
 2130
 2162
 2196
 2222
 2246
 2272
 2310
 2340
 2366
 2392
 2414
 2434
 2456
 2474
 2496
 2516
 2538
 2558
 2578
 2600
 2620
 2642
 2664
 2682
 2698
 2716
 2748
 2772
 2796
 2820
 2840
 2860
 2876
 2892
 2902
 2912
 2920
 2928
 2934
 2938
 2944
 2954
 2960
 2962
 2958
 2946
 2940
 2926
 2906
 2874
 2840
 2800
 2754
 2706
 2650
 2592
 2528
 2454
 2378
 2300
 2222
 2146
 2066
 1986
 1918
 1854
 1786
 1716
 1644
 1578
 1516
 1462
 1418
 1388
 1374
 1376
 1392
 1418
 1456
 1506
 1564
 1624
 1682
 1746
 1822
 1892
 1958
 2018
 2076
 2134
 2184
 2232
 2278
 2326
 2376
 2422
 2466
 2508
 2548
 2586
 2618
 2646
 2672
 2712
 2748
 2776
 2798
 2818
 2838
 2854
 2870
 2888
 2902
 2914
 2922
 2932
 2944
 2954
 2966
 2970
 2968
 2966
 2974
 2988
 2998
 3006
 3010
 3012
 3014
 3010
 3006
 2990
 2968
 2940
 2904
 2866
 2826
 2782
 2734
 2686
 2626
 2566
 2516
 2470
 2414
 2348
 2284
 2216
 2150
 2080
 2012
 1940
 1870
 1798
 1726
 1660
 1596
 1536
 1482
 1432
 1376
 1334
 1302
 1272
 1244
 1218
 1196
 1182
 1174
 1172
 1176
 1184
 1196
 1214
 1238
 1264
 1292
 1324
 1360
 1392
 1430
 1478
 1530
 1578
 1636
 1692
 1752
 1816
 1876
 1936
 1994
 2054
 2116
 2176
 2242
 2304
 2364
 2426
 2482
 2532
 2588
 2650
 2702
 2746
 2786
 2820
 2852
 2878
 2902
 2922
 2938
 2952
 2962
 2972
 2982
 2990
 3000
 3014
 3022
 3024
 3030
 3048
 3060
 3070
 3074
 3076
 3078
 3078
 3080
 3082
 3082
 3084
 3086
 3086
 3074
 3058
 3036
 3010
 2978
 2934
 2884
 2838
 2802
 2758
 2712
 2660
 2604
 2554
 2496
 2440
 2380
 2316
 2248
 2180
 2110
 2044
 1980
 1920
 1866
 1810
 1758
 1716
 1684
 1658
 1640
 1626
 1614
 1614
 1616
 1626
 1642
 1666
 1694
 1726
 1766
 1806
 1844
 1884
 1922
 1956
 1990
 2036
 2080
 2116
 2152
 2186
 2216
 2244
 2268
 2290
 2312
 2332
 2350
 2368
 2386
 2404
 2422
 2440
 2454
 2468
 2488
 2516
 2536
 2554
 2570
 2584
 2604
 2620
 2638
 2656
 2674
 2692
 2702
 2714
 2730
 2742
 2754
 2764
 2768
 2772
 2784
 2804
 2818
 2830
 2840
 2850
 2860
 2868
 2878
 2890
 2900
 2908
 2914
 2916
 2912
 2910
 2908
 2908
 2906
 2900
 2896
 2900
 2896
 2886
 2868
 2846
 2822
 2794
 2764
 2730
 2690
 2644
 2592
 2540
 2484
 2428
 2372
 2312
 2252
 2190
 2118
 2052
 1996
 1940
 1884
 1824
 1760
 1698
 1638
 1580
 1528
 1490
 1464
 1452
 1452
 1466
 1486
 1510
 1544
 1576
 1616
 1652
 1688
 1734
 1790
 1840
 1888
 1930
 1972
 2018
 2062
 2102
 2144
 2182
 2224
 2266
 2302
 2344
 2384
 2426
 2466
 2506
 2536
 2562
 2602
 2646
 2682
 2716
 2744
 2766
 2784
 2798
 2814
 2826
 2840
 2854
 2866
 2876
 2888
 2890
 2892
 2894
 2894
 2892
 2902
 2920
 2932
 2944
 2954
 2958
 2962
 2958
 2958
 2952
 2944
 2938
 2936
 2940
 2942
 2944
 2940
 2936
 2936
 2946
 2944
 2944
 2942
 2938
 2936
 2928
 2920
 2916
 2910
 2906
 2900
 2898
 2898
 2898
 2900
 2900
 2904
 2924
 2942
 2960
 2974
 2990
 3008
 3020
 3038
 3052
 3070
 3088
 3106
 3122
 3138
 3150
 3160
 3164
 3176
 3176
 3166
 3146
 3120
 3088
 3048
 3004
 2960
 2908
 2854
 2798
 2742
 2682
 2618
 2556
 2480
 2402
 2328
 2252
 2170
 2086
 2006
 1934
 1874
 1826
 1798
 1782
 1782
 1798
 1822
 1854
 1894
 1938
 1988
 2036
 2082
 2128
 2186
 2238
 2290
 2342
 2392
 2442
 2490
 2534
 2578
 2620
 2658
 2698
 2738
 2776
 2814
 2848
 2878
 2906
 2918
 2926
 2940
 2968
 2992
 3014
 3034
 3052
 3072
 3086
 3100
 3114
 3130
 3142
 3156
 3164
 3172
 3180
 3188
 3194
 3198
 3202
 3200
 3190
 3174
 3156
 3134
 3106
 3074
 3036
 2994
 2948
 2904
 2860
 2812
 2764
 2708
 2652
 2596
 2536
 2476
 2414
 2348
 2280
 2214
 2140
 2070
 2010
 1958
 1906
 1864
 1836
 1824
 1834
 1856
 1886
 1928
 1976
 2028
 2082
 2130
 2178
 2226
 2274
 2320
 2366
 2404
 2440
 2482
 2532
 2578
 2622
 2664
 2704
 2738
 2770
 2800
 2828
 2854
 2876
 2896
 2916
 2936
 2958
 2978
 2988
 2996
 3000
 3006
 3020
 3040
 3060
 3076
 3092
 3106
 3114
 3122
 3126
 3134
 3142
 3144
 3146
 3148
 3150
 3150
 3146
 3134
 3112
 3084
 3048
 3018
 2996
 2968
 2940
 2908
 2868
 2828
 2786
 2746
 2698
 2650
 2598
 2544
 2490
 2432
 2374
 2316
 2260
 2196
 2136
 2086
 2046
 2014
 1992
 1990
 2000
 2028
 2062
 2104
 2152
 2204
 2256
 2304
 2348
 2388
 2426
 2462
 2492
 2524
 2554
 2600
 2642
 2684
 2724
 2758
 2796
 2826
 2852
 2880
 2904
 2920
 2938
 2954
 2972
 2988
 3002
 3016
 3026
 3030
 3036
 3054
 3068
 3080
 3092
 3104
 3110
 3112
 3118
 3120
 3122
 3122
 3120
 3118
 3118
 3118
 3118
 3116
 3114
 3108
 3096
 3080
 3070
 3054
 3036
 3012
 2984
 2950
 2912
 2874
 2834
 2792
 2748
 2700
 2652
 2602
 2550
 2498
 2446
 2392
 2334
 2268
 2204
 2150
 2100
 2050
 1998
 1948
 1904
 1866
 1834
 1802
 1778
 1758
 1748
 1744
 1748
 1760
 1778
 1800
 1832
 1864
 1900
 1940
 1990
 2038
 2086
 2128
 2168
 2206
 2244
 2274
 2304
 2334
 2364
 2392
 2420
 2448
 2474
 2500
 2528
 2552
 2570
 2590
 2620
 2650
 2676
 2700
 2722
 2742
 2760
 2778
 2794
 2808
 2826
 2842
 2858
 2872
 2886
 2900
 2914
 2922
 2928
 2928
 2930
 2934
 2946
 2954
 2958
 2956
 2948
 2930
 2908
 2884
 2858
 2830
 2800
 2768
 2732
 2696
 2660
 2624
 2584
 2540
 2494
 2440
 2388
 2342
 2296
 2240
 2182
 2124
 2068
 2014
 1964
 1920
 1890
 1870
 1864
 1870
 1890
 1922
 1960
 2002
 2048
 2086
 2126
 2168
 2216
 2260
 2300
 2338
 2376
 2414
 2446
 2476
 2508
 2538
 2568
 2598
 2626
 2654
 2678
 2700
 2722
 2738
 2754
 2764
 2788
 2810
 2832
 2854
 2874
 2894
 2908
 2920
 2932
 2940
 2948
 2958
 2966
 2970
 2972
 2976
 2984
 2986
 2986
 2984
 2984
 2988
 2990
 2984
 2970
 2952
 2930
 2902
 2872
 2838
 2804
 2766
 2724
 2678
 2634
 2584
 2534
 2484
 2426
 2362
 2300
 2244
 2190
 2128
 2062
 2000
 1946
 1902
 1866
 1842
 1832
 1836
 1852
 1876
 1908
 1948
 1990
 2036
 2086
 2126
 2164
 2210
 2260
 2312
 2360
 2404
 2446
 2484
 2520
 2552
 2582
 2610
 2636
 2664
 2688
 2710
 2732
 2752
 2772
 2788
 2800
 2810
 2828
 2854
 2876
 2898
 2920
 2936
 2950
 2960
 2970
 2984
 2996
 3010
 3020
 3032
 3044
 3056
 3066
 3076
 3084
 3080
 3070
 3052
 3036
 3016
 2992
 2964
 2932
 2900
 2860
 2822
 2780
 2736
 2686
 2634
 2580
 2524
 2470
 2414
 2360
 2302
 2238
 2178
 2124
 2064
 2006
 1950
 1904
 1872
 1854
 1850
 1852
 1868
 1884
 1906
 1932
 1962
 1996
 2034
 2070
 2102
 2138
 2180
 2228
 2268
 2304
 2340
 2374
 2408
 2436
 2462
 2486
 2508
 2528
 2546
 2562
 2576
 2588
 2596
 2604
 2616
 2640
 2658
 2674
 2690
 2706
 2722
 2736
 2752
 2766
 2780
 2798
 2816
 2832
 2846
 2860
 2874
 2882
 2890
 2910
 2942
 2974
 3008
 3040
 3072
 3098
 3118
 3118
 3106
 3084
 3056
 3022
 2984
 2942
 2898
 2850
 2794
 2738
 2692
 2644
 2592
 2536
 2476
 2418
 2356
 2292
 2230
 2166
 2100
 2036
 1976
 1920
 1878
 1848
 1832
 1824
 1834
 1860
 1892
 1926
 1964
 2004
 2046
 2090
 2128
 2170
 2208
 2250
 2290
 2328
 2364
 2402
 2436
 2472
 2502
 2526
 2554
 2592
 2622
 2652
 2678
 2704
 2730
 2750
 2770
 2792
 2812
 2832
 2850
 2866
 2884
 2898
 2908
 2920
 2930
 2934
 2940
 2954
 2974
 2992
 3008
 3026
 3042
 3050
 3056
 3054
 3042
 3022
 2996
 2964
 2928
 2890
 2848
 2806
 2758
 2708
 2656
 2598
 2544
 2494
 2442
 2384
 2320
 2256
 2194
 2134
 2074
 2016
 1958
 1902
 1856
 1816
 1792
 1782
 1788
 1804
 1832
 1864
 1900
 1944
 2000
 2056
 2108
 2158
 2202
 2246
 2286
 2322
 2358
 2394
 2428
 2460
 2488
 2514
 2536
 2560
 2582
 2606
 2626
 2640
 2648
 2664
 2688
 2704
 2714
 2720
 2718
 2712
 2698
 2676
 2648
 2614
 2574
 2528
 2474
 2418
 2362
 2306
 2250
 2192
 2132
 2068
 2010
 1956
 1900
 1842
 1780
 1720
 1662
 1610
 1554
 1498
 1450
 1408
 1372
 1350
 1338
 1334
 1344
 1364
 1394
 1426
 1466
 1520
 1578
 1638
 1704
 1778
 1854
 1928
 1990
 2048
 2104
 2160
 2212
 2260
 2302
 2346
 2390
 2430
 2468
 2500
 2528
 2562
 2604
 2640
 2676
 2708
 2742
 2776
 2802
 2830
 2856
 2880
 2906
 2928
 2952
 2968
 2982
 3000
 3018
 3028
 3034
 3042
 3064
 3086
 3106
 3122
 3140
 3154
 3164
 3170
 3170
 3160
 3142
 3116
 3084
 3050
 3010
 2972
 2930
 2884
 2830
 2778
 2732
 2686
 2636
 2582
 2524
 2468
 2414
 2352
 2296
 2230
 2168
 2106
 2044
 1990
 1942
 1906
 1886
 1878
 1876
 1890
 1918
 1952
 1988
 2026
 2064
 2104
 2146
 2182
 2218
 2258
 2296
 2328
 2362
 2394
 2422
 2452
 2480
 2502
 2520
 2540
 2570
 2596
 2618
 2638
 2656
 2676
 2692
 2708
 2724
 2738
 2752
 2762
 2770
 2780
 2790
 2800
 2812
 2818
 2816
 2824
 2840
 2858
 2874
 2888
 2906
 2918
 2930
 2940
 2948
 2954
 2962
 2970
 2978
 2984
 2990
 2990
 2982
 2966
 2942
 2910
 2876
 2852
 2828
 2794
 2752
 2706
 2660
 2610
 2558
 2506
 2446
 2386
 2322
 2254
 2186
 2116
 2048
 1984
 1924
 1864
 1808
 1756
 1722
 1704
 1694
 1698
 1710
 1732
 1762
 1794
 1828
 1864
 1902
 1946
 1988
 2028
 2070
 2110
 2148
 2186
 2220
 2248
 2282
 2330
 2372
 2410
 2442
 2468
 2494
 2520
 2540
 2558
 2578
 2598
 2614
 2626
 2640
 2650
 2664
 2678
 2688
 2692
 2696
 2708
 2728
 2740
 2754
 2760
 2770
 2780
 2786
 2794
 2804
 2812
 2820
 2826
 2830
 2834
 2834
 2836
 2840
 2840
 2842
 2840
 2838
 2838
 2850
 2858
 2864
 2868
 2874
 2880
 2884
 2886
 2884
 2884
 2882
 2874
 2860
 2844
 2822
 2798
 2770
 2740
 2706
 2670
 2632
 2584
 2532
 2484
 2440
 2386
 2322
 2252
 2178
 2110
 2044
 1980
 1916
 1856
 1806
 1764
 1734
 1722
 1724
 1736
 1758
 1786
 1818
 1852
 1888
 1934
 1990
 2048
 2100
 2152
 2202
 2252
 2300
 2342
 2384
 2428
 2468
 2504
 2538
 2568
 2600
 2630
 2660
 2686
 2712
 2728
 2742
 2764
 2794
 2822
 2846
 2866
 2886
 2904
 2918
 2930
 2944
 2954
 2962
 2972
 2978
 2984
 2988
 2988
 2990
 2988
 2986
 2980
 2986
 2986
 2978
 2964
 2942
 2912
 2880
 2846
 2806
 2760
 2712
 2654
 2596
 2534
 2468
 2398
 2330
 2256
 2176
 2104
 2038
 1970
 1896
 1820
 1744
 1672
 1604
 1536
 1470
 1412
 1362
 1318
 1288
 1268
 1262
 1264
 1276
 1288
 1308
 1340
 1380
 1414
 1448
 1482
 1518
 1560
 1596
 1630
 1668
 1710
 1754
 1794
 1834
 1874
 1918
 1962
 2000
 2042
 2094
 2148
 2196
 2242
 2284
 2328
 2368
 2404
 2440
 2472
 2504
 2536
 2562
 2590
 2614
 2638
 2664
 2684
 2700
 2716
 2744
 2770
 2790
 2808
 2824
 2840
 2856
 2872
 2888
 2904
 2918
 2926
 2932
 2936
 2946
 2954
 2962
 2966
 2968
 2966
 2968
 2980
 2988
 2994
 2996
 2996
 2986
 2966
 2942
 2910
 2872
 2832
 2782
 2730
 2672
 2610
 2550
 2482
 2414
 2342
 2264
 2192
 2128
 2064
 2000
 1934
 1864
 1796
 1732
 1670
 1606
 1548
 1490
 1438
 1390
 1348
 1318
 1296
 1282
 1278
 1278
 1290
 1314
 1344
 1376
 1408
 1444
 1482
 1522
 1560
 1594
 1634
 1674
 1714
 1752
 1790
 1826
 1862
 1898
 1936
 1970
 2012
 2060
 2108
 2148
 2184
 2216
 2250
 2280
 2308
 2338
 2364
 2392
 2424
 2450
 2476
 2504
 2530
 2556
 2582
 2602
 2620
 2646
 2678
 2704
 2726
 2748
 2768
 2788
 2802
 2820
 2840
 2858
 2876
 2892
 2908
 2916
 2930
 2944
 2960
 2972
 2968
 2956
 2938
 2926
 2906
 2876
 2840
 2796
 2750
 2700
 2646
 2584
 2516
 2448
 2378
 2304
 2232
 2162
 2094
 2030
 1970
 1910
 1846
 1792
 1744
 1698
 1650
 1608
 1576
 1560
 1560
 1564
 1578
 1596
 1618
 1648
 1678
 1710
 1744
 1778
 1818
 1858
 1896
 1932
 1974
 2030
 2078
 2126
 2168
 2210
 2252
 2290
 2324
 2356
 2384
 2412
 2438
 2462
 2486
 2510
 2534
 2560
 2584
 2604
 2620
 2650
 2678
 2702
 2722
 2738
 2756
 2776
 2792
 2808
 2828
 2848
 2866
 2880
 2894
 2904
 2912
 2918
 2928
 2930
 2932
 2938
 2956
 2974
 2992
 3008
 3020
 3036
 3044
 3046
 3036
 3018
 2988
 2956
 2916
 2872
 2820
 2766
 2710
 2644
 2580
 2518
 2454
 2380
 2304
 2222
 2144
 2068
 1988
 1910
 1836
 1764
 1702
 1640
 1586
 1542
 1516
 1508
 1508
 1518
 1540
 1574
 1606
 1638
 1676
 1714
 1760
 1804
 1846
 1890
 1932
 1976
 2020
 2066
 2112
 2158
 2208
 2252
 2294
 2338
 2388
 2430
 2468
 2502
 2534
 2566
 2594
 2620
 2644
 2664
 2684
 2704
 2722
 2738
 2754
 2772
 2792
 2810
 2822
 2834
 2856
 2882
 2904
 2922
 2938
 2952
 2964
 2972
 2986
 3000
 3018
 3034
 3052
 3068
 3086
 3102
 3112
 3124
 3136
 3148
 3150
 3138
 3120
 3102
 3078
 3046
 3010
 2968
 2922
 2872
 2814
 2754
 2690
 2626
 2554
 2480
 2406
 2334
 2264
 2194
 2124
 2058
 1986
 1920
 1860
 1806
 1756
 1708
 1670
 1642
 1628
 1626
 1632
 1644
 1664
 1688
 1716
 1746
 1780
 1816
 1856
 1904
 1950
 1990
 2032
 2082
 2132
 2178
 2222
 2262
 2304
 2350
 2390
 2426
 2462
 2496
 2528
 2554
 2582
 2606
 2630
 2658
 2676
 2692
 2712
 2740
 2768
 2794
 2816
 2834
 2856
 2878
 2898
 2920
 2940
 2962
 2974
 2986
 3000
 3012
 3028
 3038
 3050
 3058
 3064
 3074
 3080
 3078
 3068
 3050
 3024
 2996
 2960
 2922
 2884
 2842
 2790
 2736
 2682
 2624
 2568
 2510
 2452
 2390
 2330
 2262
 2202
 2146
 2092
 2036
 1974
 1916
 1864
 1826
 1794
 1778
 1780
 1792
 1814
 1844
 1878
 1922
 1970
 2018
 2064
 2112
 2148
 2184
 2220
 2264
 2306
 2354
 2394
 2434
 2474
 2508
 2542
 2574
 2602
 2630
 2658
 2680
 2700
 2720
 2738
 2756
 2774
 2792
 2810
 2824
 2836
 2846
 2862
 2888
 2912
 2934
 2948
 2962
 2980
 2996
 3010
 3024
 3038
 3050
 3060
 3070
 3074
 3080
 3084
 3088
 3084
 3070
 3054
 3026
 2992
 2954
 2918
 2888
 2854
 2818
 2776
 2734
 2690
 2642
 2594
 2544
 2490
 2434
 2374
 2312
 2252
 2192
 2132
 2076
 2018
 1966
 1912
 1864
 1832
 1816
 1814
 1822
 1844
 1876
 1924
 1978
 2030
 2082
 2136
 2190
 2242
 2300
 2352
 2402
 2452
 2498
 2542
 2582
 2618
 2652
 2698
 2742
 2780
 2814
 2846
 2872
 2898
 2920
 2944
 2962
 2984
 2992
 3004
 3016
 3026
 3042
 3058
 3072
 3088
 3100
 3114
 3134
 3158
 3178
 3202
 3220
 3230
 3236
 3242
 3248
 3254
 3254
 3244
 3228
 3208
 3180
 3146
 3114
 3080
 3044
 3000
 2950
 2904
 2868
 2828
 2784
 2736
 2682
 2634
 2582
 2530
 2478
 2424
 2368
 2310
 2250
 2196
 2150
 2114
 2090
 2080
 2080
 2090
 2112
 2150
 2190
 2234
 2276
 2322
 2368
 2414
 2452
 2492
 2528
 2564
 2596
 2622
 2650
 2674
 2694
 2712
 2734
 2750
 2760
 2772
 2794
 2808
 2822
 2836
 2848
 2864
 2880
 2896
 2914
 2932
 2950
 2964
 2980
 2996
 3014
 3034
 3054
 3070
 3086
 3098
 3106
 3114
 3134
 3158
 3178
 3198
 3212
 3218
 3216
 3202
 3180
 3146
 3110
 3066
 3018
 2968
 2916
 2862
 2810
 2754
 2692
 2628
 2568
 2518
 2458
 2396
 2326
 2252
 2182
 2110
 2040
 1972
 1912
 1862
 1824
 1804
 1802
 1816
 1838
 1876
 1914
 1952
 1998
 2054
 2102
 2152
 2198
 2240
 2280
 2320
 2350
 2382
 2408
 2432
 2456
 2476
 2498
 2518
 2538
 2554
 2568
 2578
 2594
 2616
 2636
 2650
 2664
 2678
 2692
 2702
 2714
 2730
 2742
 2756
 2768
 2778
 2790
 2804
 2818
 2832
 2840
 2848
 2858
 2880
 2902
 2924
 2940
 2956
 2972
 2986
 3000
 3012
 3026
 3042
 3056
 3068
 3072
 3066
 3052
 3028
 3002
 2968
 2926
 2882
 2844
 2814
 2770
 2722
 2672
 2620
 2568
 2510
 2452
 2386
 2322
 2258
 2190
 2124
 2060
 1998
 1938
 1884
 1834
 1784
 1750
 1732
 1730
 1740
 1762
 1792
 1834
 1884
 1936
 1984
 2034
 2084
 2132
 2180
 2226
 2272
 2318
 2370
 2418
 2462
 2498
 2532
 2572
 2618
 2656
 2694
 2728
 2760
 2790
 2816
 2842
 2864
 2888
 2912
 2932
 2952
 2970
 2980
 2990
 3004
 3016
 3026
 3030
 3036
 3050
 3072
 3090
 3108
 3122
 3134
 3144
 3150
 3152
 3150
 3146
 3132
 3112
 3084
 3052
 3018
 2978
 2938
 2888
 2838
 2782
 2726
 2674
 2634
 2586
 2536
 2474
 2416
 2360
 2300
 2238
 2174
 2108
 2046
 1984
 1926
 1878
 1848
 1830
 1830
 1842
 1866
 1894
 1934
 1984
 2038
 2094
 2144
 2192
 2240
 2288
 2332
 2372
 2418
 2462
 2502
 2538
 2572
 2602
 2632
 2658
 2682
 2696
 2712
 2732
 2760
 2780
 2800
 2814
 2828
 2840
 2848
 2858
 2870
 2880
 2892
 2898
 2904
 2906
 2906
 2908
 2912
 2910
 2908
 2910
 2924
 2940
 2950
 2958
 2962
 2970
 2972
 2974
 2970
 2962
 2946
 2926
 2898
 2866
 2830
 2790
 2746
 2694
 2632
 2568
 2512
 2442
 2360
 2270
 2176
 2078
 1980
 1872
 1760
 1650
 1542
 1434
 1328
 1230
 1134
 1046
 962
 874
 794
 718
 640
 566
 496
 434
 372
 314
 258
 206
 162
 112
 66
 18
 0
 0
 0
 0
 0
 0
 0
 0
 0
 0
 0
 0
 0
 0
 0
 0
 0
 0
 0
 0
 0
 0
 0
 0
 0
 0
 0
 0
 0
 0
 0
 4
 96
 182
 266
 342
 416
 482
 546
 620
 706
 802
 920
 1044
 1162
 1298
 1438
 1558
 1662
 1758
 1850
 1940
 2022
 2094
 2158
 2212
 2258
 2296
 2328
 2358
 2380
 2404
 2424
 2442
 2458
 2472
 2484
 2490
 2494
 2508
 2528
 2544
 2560
 2574
 2588
 2602
 2612
 2622
 2632
 2640
 2650
 2658
 2666
 2676
 2682
 2692
 2706
 2716
 2724
 2722
 2708
 2696
 2684
 2664
 2634
 2594
 2540
 2486
 2422
 2358
 2288
 2214
 2136
 2054
 1974
 1894
 1818
 1748
 1684
 1626
 1570
 1530
 1512
 1502
 1496
 1500
 1508
 1524
 1542
 1562
 1586
 1616
 1644
 1672
 1700
 1728
 1754
 1784
 1812
 1838
 1868
 1910
 1954
 1994
 2028
 2056
 2088
 2116
