65
183
185
257
363
371
429
522
680
727
789
871
923
975
1042
1115
1187
1245
1311
1373
1440
1516
1584
1651
1656
1715
1796
1854
1905
1963
2036
2077
2122
2186
2262
2311
2379
2432
2488
2559
2619
2667
2718
2786
2795
2901
2955
2998
3051
3109
3175
3242
3321
3326
3396
3454
3515
3570
3633
3686
3760
3836
3913
4004
4078
4097
4150
4247
4248
4326
4338
4402
4477
4551
4627
4630
4691
4759
4818
4877
4931
4984
5035
5103
5149
5208
5282
5359
5367
5408
5417
5481
5562
5644
5703
5762
5843
5908
5963
6027
6078
6165
6239
6304
6361
6411
6482
6562
6623
6682
6726
6855
6991
7009
7118
7310
7426
7506
7609
7634
7909
7994
8045
8120
8187
8238
8309
8372
8426
8430
8481
8519
8576
8642
8707
8769
8838
8907
8973
9048
9104
9168
9223
9247
9472
9481
9691
9959
10071
10121
10198
10204
10250
10359
10421
10484
10548
10602
10674
10736
10800
10875
10961
11000
11062
11118
11192
11257
11328
11389
11441
11496
11551
11599
11659
11724
11862
11863
11921
12051
12126
12183
