10
17
85
166
242
319
396
476
555
627
699
754
778
837
890
1029
1030
1097
1177
1262
1340
1405
1472
1540
1611
1663
1867
1879
1960
2026
2095
2160
2225
2291
2358
2430
2501
2566
2634
2703
2774
2856
2958
3184
3273
3351
3426
3433
3502
3572
3653
3655
3720
3789
3856
3918
3983
4044
4104
4182
4244
4305
4380
4385
4436
4508
4581
4642
4712
4772
4836
4898
4971
5046
5107
5181
5243
5299
5360
5445
5511
5596
5684
5745
5816
5882
5941
6003
6070
6151
6159
6242
6312
6379
6455
6525
6602
6672
6742
6815
6887
6957
7032
7103
7168
7240
7310
7391
7452
7520
7581
7640
7762
7763
7825
7886
7983
8053
8125
8188
8267
8337
8409
8488
8561
8623
8691
8757
8824
8896
8910
