 1094
 1180
 1276
 1388
 1502
 1616
 1732
 1844
 1946
 2040
 2130
 2212
 2292
 2372
 2454
 2532
 2606
 2664
 2716
 2766
 2810
 2848
 2884
 2914
 2936
 2960
 2982
 2996
 3012
 3026
 3034
 3038
 3038
 3036
 3046
 3058
 3066
 3072
 3082
 3088
 3092
 3088
 3080
 3072
 3062
 3048
 3040
 3028
 3020
 3012
 3004
 3000
 2994
 2986
 2978
 2974
 2982
 2986
 2990
 2998
 3000
 3004
 3008
 3008
 3014
 3016
 3006
 3000
 2994
 2984
 2978
 2968
 2954
 2936
 2910
 2884
 2860
 2830
 2786
 2736
 2684
 2626
 2562
 2488
 2408
 2326
 2244
 2162
 2084
 2004
 1924
 1848
 1776
 1712
 1652
 1602
 1570
 1542
 1532
 1530
 1542
 1556
 1574
 1600
 1622
 1650
 1682
 1712
 1748
 1784
 1828
 1884
 1928
 1968
 2014
 2062
 2104
 2142
 2182
 2224
 2258
 2296
 2334
 2366
 2398
 2426
 2454
 2480
 2508
 2536
 2560
 2578
 2594
 2618
 2644
 2664
 2690
 2716
 2734
 2754
 2774
 2792
 2812
 2824
 2834
 2844
 2854
 2864
 2874
 2880
 2884
 2892
 2910
 2926
 2938
 2952
 2956
 2966
 2970
 2966
 2962
 2942
 2908
 2870
 2826
 2778
 2720
 2662
 2596
 2528
 2470
 2410
 2346
 2286
 2224
 2162
 2094
 2030
 1962
 1894
 1822
 1756
 1692
 1628
 1572
 1520
 1480
 1438
 1410
 1400
 1398
 1412
 1434
 1466
 1500
 1544
 1592
 1634
 1682
 1728
 1772
 1818
 1860
 1904
 1950
 1996
 2040
 2086
 2136
 2178
 2222
 2270
 2310
 2350
 2390
 2426
 2462
 2496
 2522
 2550
 2578
 2606
 2636
 2662
 2684
 2702
 2728
 2756
 2782
 2806
 2830
 2850
 2872
 2890
 2908
 2926
 2936
 2940
 2944
 2944
 2944
 2938
 2928
 2920
 2902
 2886
 2878
 2866
 2840
 2820
 2792
 2760
 2724
 2682
 2636
 2580
 2520
 2462
 2404
 2350
 2298
 2248
 2198
 2136
 2074
 2018
 1958
 1906
 1862
 1828
 1800
 1792
 1788
 1800
 1814
 1832
 1856
 1886
 1918
 1954
 1994
 2032
 2078
 2126
 2170
 2216
 2268
 2312
 2350
 2392
 2432
 2466
 2498
 2530
 2556
 2586
 2614
 2640
 2664
 2682
 2698
 2730
 2760
 2788
 2818
 2846
 2868
 2896
 2914
 2934
 2954
 2968
 2974
 2982
 2990
 2994
 2990
 2986
 2978
 2974
 2980
 2978
 2968
 2958
 2934
 2908
 2876
 2836
 2792
 2744
 2690
 2640
 2592
 2542
 2498
 2456
 2410
 2350
 2290
 2226
 2146
 2074
 2008
 1942
 1884
 1834
 1790
 1746
 1708
 1678
 1660
 1654
 1664
 1684
 1706
 1738
 1788
 1840
 1892
 1946
 2004
 2056
 2102
 2140
 2164
 2178
 2182
 2182
 2184
 2188
 2192
 2198
 2204
 2210
 2218
 2220
 2226
 2236
 2248
 2264
 2276
 2276
 2272
 2272
 2276
 2282
 2280
 2270
 2260
 2250
 2242
 2232
 2228
 2222
 2212
 2198
 2188
 2184
 2176
 2156
 2142
 2118
 2088
 2054
 2022
 1986
 1942
 1890
 1834
 1778
 1722
 1670
 1622
 1570
 1520
 1466
 1412
 1366
 1310
 1260
 1218
 1182
 1144
 1108
 1072
 1032
 996
 966
 946
 952
 976
 1006
 1038
 1080
 1116
 1142
 1178
 1210
 1244
 1280
 1318
 1358
 1400
 1454
 1502
 1550
 1610
 1656
 1700
 1742
 1776
 1808
 1838
 1866
 1892
 1910
 1930
 1958
 1984
 2004
 2024
 2046
 2066
 2082
 2098
 2110
 2124
 2130
 2132
 2136
 2138
 2140
 2144
 2146
 2146
 2146
 2140
 2136
 2146
 2158
 2166
 2174
 2182
 2184
 2188
 2188
 2186
 2184
 2170
 2150
 2130
 2104
 2078
 2046
 2010
 1974
 1934
 1890
 1846
 1806
 1756
 1712
 1672
 1634
 1600
 1566
 1528
 1484
 1444
 1402
 1370
 1352
 1336
 1314
 1294
 1280
 1266
 1254
 1250
 1252
 1254
 1274
 1304
 1342
 1380
 1430
 1478
 1524
 1574
 1616
 1658
 1698
 1734
 1766
 1796
 1828
 1860
 1884
 1916
 1950
 1980
 2004
 2032
 2054
 2078
 2098
 2116
 2134
 2146
 2152
 2158
 2168
 2176
 2182
 2186
 2190
 2194
 2192
 2190
 2200
 2212
 2218
 2226
 2230
 2230
 2232
 2234
 2238
 2244
 2240
 2236
 2232
 2228
 2222
 2216
 2210
 2204
 2196
 2184
 2166
 2156
 2144
 2120
 2094
 2064
 2028
 1990
 1952
 1908
 1862
 1814
 1768
 1726
 1686
 1646
 1610
 1576
 1542
 1502
 1466
 1444
 1424
 1408
 1404
 1408
 1420
 1438
 1466
 1494
 1524
 1562
 1598
 1634
 1668
 1700
 1732
 1770
 1800
 1830
 1858
 1894
 1936
 1970
 2002
 2036
 2064
 2096
 2128
 2154
 2178
 2200
 2222
 2238
 2256
 2270
 2286
 2296
 2306
 2316
 2324
 2330
 2330
 2332
 2346
 2360
 2372
 2388
 2402
 2412
 2424
 2432
 2442
 2450
 2446
 2440
 2430
 2416
 2396
 2376
 2352
 2324
 2296
 2268
 2234
 2196
 2150
 2108
 2072
 2026
 1980
 1938
 1896
 1852
 1810
 1764
 1716
 1664
 1608
 1556
 1510
 1468
 1440
 1420
 1412
 1412
 1422
 1438
 1460
 1496
 1536
 1574
 1624
 1670
 1714
 1758
 1804
 1844
 1884
 1922
 1954
 1986
 2020
 2048
 2078
 2106
 2132
 2156
 2180
 2202
 2224
 2256
 2292
 2322
 2346
 2374
 2394
 2418
 2440
 2458
 2474
 2486
 2492
 2496
 2500
 2504
 2506
 2510
 2516
 2516
 2516
 2514
 2508
 2516
 2530
 2538
 2550
 2564
 2572
 2580
 2584
 2586
 2584
 2574
 2556
 2534
 2506
 2478
 2446
 2406
 2366
 2318
 2272
 2234
 2184
 2130
 2076
 2022
 1970
 1926
 1878
 1824
 1768
 1708
 1648
 1590
 1532
 1476
 1432
 1392
 1354
 1330
 1322
 1322
 1330
 1352
 1388
 1430
 1482
 1538
 1590
 1654
 1720
 1786
 1850
 1910
 1976
 2034
 2086
 2138
 2200
 2256
 2310
 2358
 2404
 2442
 2478
 2514
 2548
 2572
 2594
 2610
 2628
 2640
 2654
 2662
 2670
 2672
 2668
 2674
 2686
 2698
 2708
 2722
 2724
 2720
 2714
 2696
 2670
 2636
 2592
 2544
 2494
 2438
 2382
 2326
 2268
 2208
 2146
 2096
 2038
 1974
 1912
 1852
 1792
 1738
 1686
 1632
 1582
 1532
 1490
 1462
 1450
 1452
 1470
 1502
 1546
 1602
 1670
 1746
 1818
 1894
 1976
 2052
 2128
 2202
 2264
 2318
 2368
 2412
 2452
 2492
 2530
 2566
 2608
 2652
 2696
 2742
 2772
 2798
 2830
 2852
 2862
 2872
 2882
 2894
 2906
 2908
 2918
 2924
 2922
 2918
 2908
 2898
 2886
 2878
 2866
 2852
 2844
 2844
 2848
 2848
 2820
 2804
 2808
 2818
 2830
 2856
 2864
 2866
 2862
 2852
 2840
 2814
 2776
 2734
 2688
 2640
 2588
 2540
 2490
 2446
 2400
 2354
 2304
 2254
 2214
 2166
 2112
 2062
 2014
 1962
 1912
 1862
 1816
 1776
 1740
 1712
 1698
 1694
 1704
 1728
 1758
 1794
 1834
 1876
 1928
 1986
 2042
 2094
 2150
 2208
 2266
 2324
 2386
 2442
 2490
 2526
 2558
 2586
 2610
 2636
 2662
 2688
 2712
 2734
 2752
 2770
 2802
 2842
 2870
 2904
 2942
 2968
 2982
 2982
 2966
 2948
 2924
 2892
 2862
 2832
 2810
 2788
 2764
 2738
 2718
 2692
 2664
 2628
 2600
 2576
 2538
 2508
 2470
 2412
 2362
 2316
 2272
 2230
 2186
 2156
 2138
 2126
 2120
 2108
 2102
 2106
 2114
 2146
 2180
 2220
 2274
 2332
 2382
 2420
 2458
 2494
 2524
 2562
 2594
 2622
 2648
 2678
 2712
 2742
 2762
 2776
 2790
 2816
 2848
 2874
 2902
 2936
 2964
 2988
 3008
 3030
 3052
 3054
 3054
 3062
 3066
 3070
 3078
 3084
 3088
 3088
 3082
 3078
 3070
 3046
 3010
 2968
 2902
 2824
 2752
 2690
 2638
 2588
 2556
 2546
 2540
 2534
 2558
 2584
 2606
 2622
 2640
 2640
 2616
 2588
 2570
 2546
 2564
 2628
 2688
 2754
 2838
 2944
 3072
 3214
 3358
 3492
 3602
 3700
 3812
 3928
 4026
 4094
 4094
 4094
 4094
 4094
 4094
 4094
 4094
 4094
 4094
 4094
 4094
 4094
 4094
 4094
 4094
 4094
 4094
 4094
 4094
 4094
 4094
 4094
 4066
 4004
 3922
 3848
 3770
 3692
 3634
 3610
 3596
 3608
 3588
 3526
 3458
 3430
 3396
 3308
 3202
 3124
 3054
 2986
 2926
 2890
 2880
 2896
 2936
 3016
 3152
 3334
 3536
 3756
 3946
 4088
 4094
 4094
 4094
 4094
 4094
 4094
 4094
 4094
 4094
 4094
 4094
 4094
 4094
 4094
 4094
 4094
 4094
 4094
 4094
 4094
 4094
 4094
 4084
 3896
 3708
 3514
 3342
 3186
 3040
 2902
 2788
 2700
 2602
 2504
 2418
 2316
 2214
 2132
 2044
 1968
 1898
 1838
 1784
 1734
 1706
 1694
 1696
 1716
 1760
 1816
 1880
 1944
 1998
 2040
 2082
 2136
 2176
 2218
 2260
 2316
 2366
 2420
 2476
 2528
 2580
 2630
 2678
 2724
 2766
 2810
 2848
 2880
 2902
 2916
 2940
 2974
 3006
 3036
 3060
 3064
 3064
 3050
 3028
 3000
 2966
 2924
 2880
 2842
 2804
 2762
 2716
 2664
 2602
 2532
 2468
 2388
 2312
 2234
 2154
 2066
 1982
 1898
 1804
 1716
 1638
 1568
 1502
 1438
 1382
 1328
 1240
 1120
 1022
 932
 848
 790
 768
 768
 794
 862
 960
 1080
 1208
 1314
 1420
 1522
 1620
 1720
 1804
 1880
 1948
 2014
 2080
 2138
 2202
 2264
 2326
 2382
 2428
 2472
 2514
 2556
 2598
 2644
 2686
 2732
 2764
 2794
 2820
 2848
 2886
 2920
 2948
 2980
 3006
 3024
 3050
 3074
 3094
 3106
 3102
 3090
 3076
 3064
 3044
 3020
 2990
 2950
 2906
 2866
 2824
 2778
 2726
 2672
 2616
 2560
 2510
 2454
 2402
 2346
 2290
 2238
 2198
 2176
 2178
 2200
 2204
 2212
 2246
 2284
 2338
 2392
 2450
 2504
 2562
 2616
 2668
 2720
 2764
 2810
 2852
 2890
 2938
 2986
 3026
 3038
 3046
 3064
 3090
 3114
 3132
 3154
 3168
 3182
 3198
 3210
 3226
 3238
 3246
 3250
 3250
 3252
 3250
 3250
 3250
 3244
 3236
 3246
 3256
 3260
 3260
 3248
 3228
 3206
 3168
 3124
 3072
 3008
 2940
 2868
 2792
 2720
 2652
 2578
 2500
 2428
 2358
 2276
 2192
 2114
 2034
 1942
 1856
 1768
 1682
 1610
 1550
 1508
 1484
 1480
 1496
 1520
 1560
 1608
 1656
 1716
 1774
 1832
 1892
 1952
 2008
 2062
 2118
 2170
 2222
 2280
 2340
 2400
 2456
 2504
 2554
 2614
 2668
 2716
 2766
 2814
 2854
 2896
 2930
 2962
 2994
 3018
 3036
 3056
 3072
 3084
 3094
 3106
 3110
 3116
 3130
 3148
 3160
 3168
 3174
 3162
 3144
 3120
 3092
 3058
 3010
 2958
 2900
 2840
 2780
 2716
 2654
 2586
 2514
 2446
 2368
 2286
 2208
 2134
 2050
 1972
 1890
 1800
 1716
 1628
 1546
 1476
 1418
 1384
 1368
 1370
 1388
 1424
 1464
 1516
 1584
 1654
 1716
 1776
 1838
 1890
 1942
 1994
 2044
 2094
 2142
 2190
 2236
 2282
 2320
 2372
 2424
 2468
 2508
 2552
 2586
 2624
 2666
 2700
 2734
 2766
 2790
 2816
 2844
 2868
 2894
 2918
 2940
 2960
 2974
 2980
 2988
 3002
 3004
 2994
 2974
 2946
 2918
 2888
 2850
 2814
 2770
 2722
 2674
 2628
 2580
 2540
 2498
 2460
 2420
 2374
 2318
 2252
 2196
 2152
 2120
 2104
 2110
 2122
 2132
 2154
 2186
 2224
 2264
 2310
 2364
 2418
 2468
 2516
 2566
 2628
 2688
 2744
 2798
 2852
 2900
 2942
 2982
 3018
 3050
 3074
 3090
 3102
 3114
 3118
 3120
 3120
 3116
 3094
 3072
 3050
 3014
 2968
 2924
 2872
 2812
 2752
 2688
 2622
 2552
 2482
 2410
 2336
 2264
 2196
 2126
 2046
 1968
 1892
 1800
 1714
 1636
 1570
 1508
 1458
 1416
 1380
 1362
 1356
 1364
 1384
 1414
 1462
 1512
 1560
 1622
 1682
 1742
 1806
 1872
 1942
 2006
 2074
 2134
 2188
 2238
 2282
 2328
 2370
 2410
 2456
 2498
 2538
 2572
 2606
 2650
 2686
 2722
 2758
 2792
 2824
 2852
 2878
 2904
 2932
 2952
 2970
 2988
 3006
 3024
 3040
 3050
 3056
 3066
 3070
 3072
 3086
 3100
 3106
 3108
 3100
 3078
 3056
 3022
 2984
 2942
 2886
 2826
 2762
 2698
 2632
 2570
 2510
 2450
 2380
 2310
 2252
 2196
 2138
 2088
 2042
 1994
 1952
 1920
 1894
 1882
 1878
 1880
 1892
 1912
 1938
 1972
 2008
 2038
 2074
 2120
 2160
 2202
 2246
 2290
 2332
 2372
 2414
 2452
 2488
 2524
 2554
 2580
 2604
 2634
 2664
 2694
 2724
 2748
 2780
 2822
 2852
 2882
 2920
 2954
 2982
 3012
 3040
 3058
 3062
 3052
 3044
 3034
 3020
 3004
 2978
 2946
 2908
 2854
 2792
 2726
 2658
 2582
 2510
 2444
 2376
 2310
 2248
 2184
 2118
 2046
 1974
 1898
 1818
 1744
 1688
 1634
 1578
 1536
 1510
 1496
 1496
 1500
 1518
 1546
 1588
 1632
 1676
 1728
 1776
 1836
 1892
 1948
 2008
 2066
 2120
 2172
 2228
 2286
 2340
 2394
 2454
 2512
 2558
 2612
 2664
 2730
 2772
 2796
 2816
 2840
 2866
 2898
 2930
 2952
 2964
 2974
 2980
 2984
 3002
 3014
 3020
 3032
 3038
 3032
 3016
 2994
 2960
 2912
 2854
 2784
 2714
 2638
 2562
 2488
 2414
 2342
 2264
 2188
 2120
 2040
 1958
 1874
 1792
 1702
 1618
 1542
 1462
 1386
 1320
 1274
 1246
 1242
 1260
 1290
 1330
 1380
 1444
 1508
 1570
 1642
 1712
 1772
 1834
 1894
 1952
 2006
 2054
 2102
 2148
 2190
 2228
 2266
 2302
 2340
 2380
 2424
 2474
 2520
 2562
 2606
 2648
 2684
 2722
 2756
 2790
 2822
 2848
 2868
 2882
 2888
 2892
 2892
 2880
 2864
 2834
 2796
 2754
 2718
 2680
 2634
 2584
 2538
 2486
 2434
 2386
 2332
 2278
 2218
 2156
 2098
 2032
 1964
 1904
 1846
 1796
 1752
 1716
 1702
 1700
 1708
 1724
 1756
 1796
 1838
 1888
 1934
 1978
 2020
 2062
 2106
 2144
 2184
 2222
 2260
 2294
 2320
 2350
 2388
 2420
 2448
 2480
 2504
 2528
 2552
 2574
 2596
 2618
 2636
 2656
 2676
 2696
 2716
 2736
 2750
 2764
 2776
 2784
 2806
 2828
 2842
 2860
 2878
 2888
 2902
 2912
 2922
 2934
 2940
 2944
 2946
 2948
 2952
 2958
 2962
 2962
 2962
 2978
 2994
 3004
 3014
 3022
 3024
 3022
 3014
 3002
 2980
 2954
 2920
 2886
 2844
 2806
 2768
 2724
 2676
 2638
 2602
 2552
 2496
 2446
 2396
 2346
 2300
 2252
 2204
 2156
 2110
 2062
 2000
 1944
 1904
 1876
 1860
 1866
 1880
 1900
 1928
 1964
 2014
 2068
 2112
 2154
 2194
 2248
 2314
 2366
 2402
 2432
 2486
 2530
 2556
 2562
 2588
 2618
 2636
 2656
 2682
 2706
 2730
 2758
 2788
 2824
 2876
 2946
 3010
 3050
 3092
 3152
 3218
 3294
 3386
 3506
 3630
 3722
 3826
 3914
 3982
 4034
 4068
 4094
 4094
 4094
 4094
 4094
 4094
 4094
 4094
 4094
 4094
 4094
 4094
 4030
 3856
 3706
 3558
 3406
 3282
 3192
 3118
 3054
 3006
 2980
 2958
 2934
 2916
 2902
 2880
 2850
 2802
 2734
 2670
 2602
 2532
 2468
 2404
 2356
 2322
 2286
 2254
 2210
 2164
 2132
 2080
 2022
 1978
 1928
 1896
 1866
 1832
 1788
 1760
 1724
 1712
 1682
 1614
 1524
 1418
 1330
 1224
 1098
 966
 862
 762
 666
 582
 488
 382
 288
 272
 286
 278
 294
 338
 392
 460
 520
 568
 606
 642
 674
 714
 774
 838
 904
 986
 1068
 1140
 1212
 1278
 1338
 1402
 1470
 1538
 1594
 1644
 1698
 1756
 1818
 1870
 1920
 1976
 2044
 2106
 2154
 2206
 2248
 2288
 2326
 2364
 2400
 2434
 2464
 2496
 2520
 2546
 2570
 2586
 2600
 2616
 2630
 2632
 2628
 2618
 2600
 2576
 2540
 2500
 2450
 2390
 2334
 2270
 2198
 2122
 2048
 1970
 1892
 1816
 1748
 1678
 1616
 1548
 1486
 1448
 1430
 1428
 1446
 1470
 1500
 1536
 1580
 1638
 1698
 1762
 1826
 1884
 1934
 1978
 2018
 2058
 2104
 2148
 2190
 2232
 2270
 2306
 2346
 2384
 2420
 2448
 2472
 2496
 2518
 2538
 2558
 2572
 2584
 2588
 2596
 2612
 2630
 2638
 2650
 2670
 2688
 2694
 2682
 2662
 2642
 2620
 2588
 2556
 2518
 2482
 2442
 2408
 2374
 2330
 2286
 2242
 2200
 2166
 2128
 2094
 2048
 2002
 1966
 1936
 1912
 1898
 1892
 1890
 1900
 1916
 1942
 1974
 2014
 2068
 2136
 2200
 2260
 2324
 2388
 2446
 2504
 2554
 2586
 2614
 2624
 2630
 2632
 2636
 2642
 2646
 2646
 2642
 2638
 2646
 2662
 2670
 2676
 2688
 2686
 2676
 2666
 2646
 2620
 2578
 2528
 2472
 2408
 2346
 2286
 2226
 2166
 2106
 2040
 1978
 1908
 1830
 1764
 1704
 1642
 1584
 1538
 1500
 1470
 1454
 1452
 1468
 1494
 1532
 1576
 1624
 1670
 1716
 1760
 1814
 1864
 1910
 1958
 2014
 2064
 2110
 2154
 2192
 2228
 2260
 2286
 2314
 2342
 2370
 2400
 2424
 2448
 2466
 2480
 2500
 2528
 2552
 2572
 2596
 2616
 2632
 2648
 2662
 2676
 2688
 2694
 2698
 2700
 2704
 2708
 2710
 2714
 2716
 2716
 2718
 2710
 2720
 2738
 2750
 2758
 2760
 2748
 2726
 2696
 2658
 2612
 2558
 2498
 2440
 2378
 2318
 2256
 2192
 2118
 2050
 1986
 1916
 1842
 1774
 1696
 1612
 1530
 1460
 1396
 1332
 1282
 1238
 1202
 1178
 1170
 1178
 1192
 1216
 1256
 1300
 1346
 1392
 1444
 1500
 1548
 1598
 1650
 1696
 1742
 1784
 1834
 1876
 1920
 1966
 2006
 2048
 2086
 2122
 2158
 2198
 2234
 2270
 2300
 2336
 2380
 2424
 2464
 2498
 2532
 2558
 2584
 2610
 2630
 2652
 2670
 2680
 2692
 2702
 2712
 2722
 2736
 2742
 2750
 2754
 2752
 2760
 2776
 2786
 2792
 2796
 2786
 2772
 2754
 2730
 2700
 2660
 2610
 2556
 2500
 2440
 2376
 2314
 2256
 2196
 2138
 2082
 2020
 1966
 1918
 1854
 1796
 1742
 1692
 1644
 1606
 1580
 1564
 1560
 1564
 1582
 1606
 1638
 1682
 1728
 1774
 1824
 1870
 1916
 1974
 2032
 2084
 2134
 2186
 2234
 2280
 2328
 2374
 2416
 2462
 2500
 2532
 2562
 2594
 2626
 2656
 2682
 2704
 2718
 2740
 2768
 2792
 2808
 2826
 2830
 2826
 2816
 2800
 2786
 2762
 2726
 2682
 2630
 2570
 2504
 2436
 2370
 2306
 2236
 2170
 2130
 2122
 2122
 2118
 2106
 2082
 2046
 1998
 1932
 1852
 1770
 1692
 1622
 1564
 1528
 1520
 1528
 1540
 1568
 1612
 1658
 1708
 1768
 1836
 1902
 1962
 2028
 2092
 2142
 2202
 2254
 2308
 2358
 2402
 2450
 2498
 2546
 2590
 2628
 2674
 2722
 2768
 2806
 2844
 2882
 2912
 2940
 2964
 2984
 3002
 3008
 3014
 3014
 3012
 3010
 3008
 3004
 3000
 2996
 2988
 2964
 2936
 2916
 2880
 2822
 2762
 2692
 2616
 2542
 2464
 2382
 2300
 2214
 2128
 2040
 1958
 1878
 1792
 1710
 1628
 1540
 1464
 1386
 1310
 1254
 1212
 1182
 1170
 1172
 1188
 1214
 1250
 1296
 1354
 1412
 1474
 1546
 1614
 1676
 1732
 1798
 1866
 1934
 2002
 2074
 2140
 2192
 2248
 2304
 2368
 2424
 2452
 2470
 2496
 2522
 2554
 2600
 2648
 2680
 2700
 2724
 2746
 2766
 2794
 2824
 2846
 2868
 2890
 2906
 2926
 2954
 2964
 2960
 2940
 2912
 2870
 2824
 2770
 2708
 2644
 2582
 2520
 2454
 2388
 2340
 2280
 2204
 2132
 2062
 1982
 1900
 1818
 1730
 1640
 1554
 1470
 1396
 1328
 1272
 1234
 1214
 1210
 1216
 1240
 1276
 1316
 1366
 1424
 1490
 1554
 1616
 1678
 1732
 1790
 1848
 1902
 1954
 2004
 2054
 2104
 2152
 2194
 2228
 2268
 2318
 2360
 2402
 2444
 2484
 2522
 2560
 2600
 2634
 2670
 2704
 2734
 2758
 2782
 2804
 2822
 2840
 2842
 2844
 2844
 2848
 2866
 2888
 2900
 2912
 2912
 2910
 2912
 2904
 2892
 2870
 2840
 2802
 2760
 2714
 2670
 2614
 2560
 2508
 2452
 2388
 2330
 2278
 2212
 2148
 2084
 2016
 1946
 1878
 1812
 1748
 1686
 1624
 1576
 1536
 1508
 1494
 1498
 1510
 1526
 1556
 1604
 1652
 1702
 1754
 1810
 1864
 1916
 1972
 2022
 2068
 2116
 2156
 2198
 2236
 2278
 2324
 2368
 2406
 2446
 2486
 2520
 2562
 2604
 2640
 2674
 2706
 2732
 2764
 2794
 2820
 2844
 2866
 2878
 2888
 2896
 2902
 2904
 2912
 2916
 2916
 2914
 2904
 2908
 2922
 2920
 2904
 2886
 2858
 2818
 2772
 2718
 2660
 2596
 2522
 2452
 2380
 2302
 2230
 2162
 2096
 2022
 1948
 1882
 1804
 1724
 1652
 1584
 1524
 1472
 1434
 1404
 1392
 1390
 1396
 1416
 1440
 1476
 1520
 1568
 1622
 1674
 1736
 1792
 1848
 1904
 1964
 2024
 2078
 2132
 2182
 2228
 2272
 2310
 2346
 2390
 2430
 2466
 2504
 2538
 2566
 2594
 2616
 2646
 2684
 2718
 2744
 2780
 2806
 2826
 2854
 2874
 2894
 2912
 2926
 2928
 2926
 2928
 2932
 2932
 2932
 2936
 2938
 2930
 2924
 2910
 2910
 2920
 2912
 2898
 2884
 2850
 2810
 2764
 2714
 2670
 2626
 2580
 2528
 2442
 2348
 2268
 2202
 2150
 2122
 2090
 2012
 1914
 1830
 1760
 1702
 1656
 1626
 1608
 1616
 1632
 1646
 1666
 1688
 1712
 1744
 1776
 1818
 1870
 1922
 1970
 2014
 2066
 2126
 2188
 2254
 2318
 2384
 2442
 2496
 2552
 2600
 2646
 2688
 2724
 2756
 2784
 2812
 2834
 2856
 2878
 2892
 2896
 2900
 2902
 2890
 2858
 2822
 2776
 2720
 2668
 2606
 2536
 2462
 2382
 2304
 2228
 2144
 2070
 2000
 1922
 1836
 1752
 1670
 1570
 1470
 1380
 1300
 1222
 1166
 1120
 1086
 1072
 1074
 1088
 1118
 1160
 1216
 1280
 1342
 1402
 1476
 1546
 1614
 1686
 1760
 1832
 1898
 1962
 2022
 2074
 2130
 2176
 2220
 2266
 2308
 2348
 2390
 2426
 2462
 2498
 2524
 2560
 2604
 2640
 2674
 2710
 2744
 2772
 2806
 2836
 2866
 2892
 2914
 2930
 2942
 2950
 2956
 2962
 2962
 2960
 2950
 2928
 2908
 2884
 2836
 2778
 2712
 2636
 2558
 2478
 2394
 2312
 2228
 2142
 2058
 1976
 1894
 1814
 1738
 1662
 1576
 1490
 1414
 1320
 1238
 1166
 1108
 1062
 1030
 1014
 1006
 1016
 1032
 1068
 1114
 1166
 1232
 1300
 1368
 1432
 1502
 1580
 1644
 1708
 1778
 1846
 1904
 1964
 2022
 2072
 2120
 2164
 2208
 2252
 2296
 2344
 2390
 2428
 2464
 2504
 2544
 2594
 2658
 2706
 2732
 2752
 2764
 2778
 2796
 2814
 2840
 2866
 2894
 2922
 2926
 2922
 2916
 2914
 2916
 2914
 2912
 2916
 2914
 2908
 2892
 2888
 2896
 2902
 2904
 2904
 2894
 2888
 2874
 2848
 2812
 2766
 2718
 2666
 2610
 2556
 2500
 2442
 2382
 2320
 2258
 2196
 2136
 2070
 2002
 1944
 1872
 1800
 1730
 1668
 1604
 1542
 1496
 1458
 1434
 1430
 1438
 1454
 1482
 1520
 1568
 1620
 1672
 1724
 1788
 1850
 1910
 1968
 2024
 2078
 2124
 2174
 2220
 2256
 2294
 2334
 2372
 2408
 2444
 2476
 2508
 2528
 2546
 2572
 2598
 2626
 2650
 2680
 2702
 2714
 2730
 2740
 2752
 2750
 2732
 2712
 2682
 2644
 2600
 2550
 2500
 2440
 2370
 2304
 2240
 2168
 2092
 2020
 1946
 1870
 1794
 1722
 1642
 1566
 1492
 1428
 1378
 1344
 1324
 1332
 1348
 1372
 1410
 1468
 1524
 1594
 1674
 1742
 1804
 1868
 1930
 1984
 2038
 2090
 2140
 2186
 2226
 2274
 2316
 2354
 2398
 2436
 2484
 2534
 2582
 2630
 2680
 2724
 2762
 2802
 2834
 2866
 2890
 2904
 2914
 2920
 2918
 2914
 2902
 2880
 2850
 2808
 2756
 2704
 2658
 2604
 2542
 2480
 2414
 2346
 2280
 2218
 2154
 2090
 2016
 1946
 1872
 1794
 1716
 1638
 1558
 1480
 1398
 1322
 1256
 1208
 1164
 1142
 1138
 1154
 1184
 1230
 1286
 1346
 1408
 1472
 1534
 1596
 1650
 1706
 1770
 1828
 1880
 1930
 1988
 2046
 2098
 2154
 2210
 2262
 2318
 2382
 2450
 2510
 2550
 2572
 2602
 2632
 2660
 2690
 2728
 2772
 2818
 2850
 2852
 2858
 2882
 2904
 2916
 2930
 2936
 2930
 2918
 2904
 2886
 2854
 2806
 2752
 2692
 2626
 2558
 2486
 2412
 2340
 2264
 2186
 2114
 2042
 1960
 1878
 1798
 1714
 1624
 1538
 1458
 1384
 1318
 1262
 1218
 1196
 1190
 1208
 1238
 1280
 1328
 1386
 1450
 1510
 1572
 1638
 1708
 1768
 1830
 1888
 1938
 1990
 2038
 2084
 2132
 2176
 2222
 2268
 2308
 2344
 2382
 2428
 2476
 2522
 2566
 2608
 2646
 2684
 2720
 2760
 2796
 2824
 2848
 2866
 2878
 2886
 2890
 2892
 2886
 2882
 2894
 2904
 2908
 2918
 2920
 2904
 2886
 2858
 2820
 2782
 2730
 2676
 2614
 2546
 2480
 2412
 2338
 2260
 2188
 2112
 2032
 1958
 1890
 1822
 1754
 1698
 1636
 1580
 1526
 1474
 1436
 1410
 1404
 1418
 1434
 1460
 1502
 1540
 1586
 1638
 1694
 1752
 1812
 1870
 1920
 1970
 2018
 2064
 2112
 2156
 2202
 2252
 2294
 2332
 2376
 2422
 2466
 2504
 2544
 2580
 2610
 2642
 2668
 2692
 2710
 2720
 2726
 2732
 2734
 2742
 2750
 2756
 2760
 2764
 2778
 2792
 2804
 2814
 2828
 2834
 2842
 2852
 2862
 2870
 2872
 2876
 2876
 2878
 2880
 2886
 2888
 2888
 2882
 2884
 2894
 2892
 2880
 2866
 2838
 2802
 2758
 2708
 2652
 2588
 2520
 2452
 2386
 2318
 2254
 2198
 2134
 2066
 2004
 1936
 1864
 1798
 1740
 1674
 1608
 1550
 1488
 1438
 1394
 1362
 1344
 1342
 1358
 1388
 1426
 1480
 1552
 1606
 1658
 1716
 1778
 1836
 1894
 1968
 2042
 2100
 2136
 2174
 2222
 2264
 2308
 2348
 2390
 2426
 2456
 2496
 2536
 2572
 2608
 2648
 2682
 2718
 2754
 2788
 2816
 2838
 2858
 2876
 2892
 2908
 2920
 2930
 2936
 2944
 2964
 2980
 2990
 3004
 3012
 3022
 3032
 3040
 3048
 3048
 3038
 3012
 2980
 2936
 2886
 2834
 2774
 2712
 2654
 2584
 2510
 2436
 2372
 2298
 2226
 2154
 2080
 2004
 1928
 1858
 1788
 1720
 1660
 1596
 1528
 1470
 1418
 1378
 1358
 1356
 1368
 1390
 1422
 1462
 1506
 1552
 1600
 1650
 1700
 1752
 1802
 1844
 1888
 1936
 1984
 2032
 2076
 2122
 2162
 2204
 2242
 2280
 2316
 2354
 2390
 2422
 2452
 2486
 2520
 2544
 2568
 2598
 2628
 2656
 2682
 2712
 2736
 2762
 2792
 2818
 2840
 2840
 2832
 2814
 2786
 2746
 2700
 2650
 2584
 2508
 2432
 2354
 2266
 2180
 2096
 2012
 1924
 1844
 1760
 1676
 1590
 1508
 1426
 1350
 1280
 1216
 1156
 1106
 1080
 1064
 1068
 1086
 1122
 1168
 1228
 1292
 1352
 1416
 1476
 1532
 1584
 1630
 1678
 1730
 1774
 1820
 1872
 1916
 1962
 2008
 2054
 2096
 2144
 2188
 2234
 2280
 2318
 2356
 2402
 2446
 2488
 2530
 2568
 2600
 2624
 2656
 2692
 2720
 2750
 2784
 2810
 2834
 2860
 2882
 2908
 2928
 2936
 2934
 2908
 2876
 2838
 2790
 2730
 2660
 2590
 2516
 2432
 2352
 2274
 2194
 2122
 2048
 1978
 1906
 1830
 1756
 1684
 1614
 1546
 1482
 1426
 1368
 1316
 1284
 1270
 1270
 1288
 1322
 1378
 1446
 1522
 1596
 1666
 1734
 1792
 1844
 1892
 1938
 1980
 2022
 2064
 2096
 2134
 2184
 2232
 2280
 2330
 2388
 2450
 2512
 2546
 2564
 2586
 2614
 2640
 2668
 2696
 2726
 2756
 2780
 2800
 2824
 2842
 2850
 2864
 2880
 2882
 2862
 2834
 2792
 2742
 2688
 2626
 2560
 2486
 2408
 2330
 2254
 2180
 2110
 2044
 1970
 1890
 1820
 1748
 1660
 1582
 1512
 1448
 1382
 1332
 1288
 1256
 1252
 1262
 1286
 1326
 1380
 1452
 1528
 1596
 1672
 1750
 1824
 1898
 1966
 2036
 2098
 2162
 2224
 2274
 2318
 2360
 2402
 2442
 2480
 2514
 2554
 2586
 2618
 2648
 2672
 2702
 2744
 2778
 2808
 2842
 2866
 2890
 2914
 2932
 2946
 2942
 2922
 2892
 2856
 2808
 2756
 2700
 2640
 2580
 2518
 2446
 2378
 2314
 2240
 2168
 2102
 2040
 1974
 1916
 1860
 1800
 1744
 1692
 1654
 1632
 1626
 1638
 1660
 1696
 1732
 1784
 1846
 1906
 1972
 2036
 2100
 2158
 2216
 2274
 2322
 2374
 2420
 2464
 2504
 2542
 2582
 2618
 2650
 2682
 2708
 2730
 2764
 2798
 2826
 2856
 2888
 2912
 2938
 2964
 2988
 3010
 3026
 3036
 3048
 3058
 3062
 3068
 3068
 3062
 3044
 3010
 2972
 2938
 2892
 2834
 2778
 2716
 2648
 2584
 2520
 2448
 2374
 2296
 2220
 2144
 2072
 2002
 1934
 1874
 1806
 1736
 1682
 1630
 1580
 1548
 1532
 1524
 1530
 1550
 1576
 1606
 1640
 1674
 1712
 1752
 1796
 1846
 1898
 1942
 1986
 2040
 2100
 2154
 2214
 2274
 2328
 2382
 2438
 2490
 2542
 2586
 2634
 2686
 2728
 2762
 2786
 2808
 2830
 2856
 2880
 2920
 2982
 3020
 3030
 3042
 3056
 3058
 3050
 3036
 3008
 2970
 2922
 2862
 2796
 2724
 2648
 2572
 2496
 2422
 2346
 2270
 2202
 2120
 2036
 1960
 1886
 1812
 1736
 1666
 1600
 1538
 1480
 1438
 1412
 1402
 1414
 1444
 1476
 1514
 1568
 1618
 1670
 1730
 1792
 1848
 1902
 1958
 2010
 2056
 2102
 2146
 2196
 2242
 2288
 2334
 2378
 2420
 2456
 2498
 2540
 2574
 2606
 2646
 2682
 2710
 2738
 2768
 2794
 2818
 2840
 2860
 2884
 2906
 2928
 2944
 2960
 2968
 2976
 2994
 3012
 3024
 3026
 3010
 2986
 2960
 2920
 2872
 2816
 2748
 2674
 2600
 2532
 2462
 2398
 2324
 2248
 2176
 2100
 2012
 1924
 1844
 1768
 1694
 1626
 1558
 1498
 1444
 1402
 1376
 1366
 1374
 1398
 1430
 1466
 1522
 1576
 1642
 1714
 1786
 1854
 1918
 1986
 2046
 2104
 2160
 2216
 2268
 2316
 2368
 2418
 2466
 2514
 2552
 2592
 2640
 2684
 2724
 2770
 2808
 2840
 2876
 2906
 2934
 2960
 2976
 2994
 3008
 3018
 3032
 3044
 3054
 3062
 3066
 3070
 3080
 3098
 3106
 3116
 3124
 3116
 3100
 3070
 3030
 2982
 2930
 2872
 2804
 2740
 2674
 2608
 2548
 2488
 2418
 2354
 2296
 2226
 2158
 2094
 2030
 1964
 1902
 1836
 1768
 1698
 1628
 1570
 1522
 1486
 1470
 1468
 1472
 1488
 1520
 1552
 1578
 1612
 1650
 1686
 1724
 1772
 1816
 1864
 1912
 1958
 2000
 2042
 2086
 2130
 2172
 2212
 2246
 2288
 2330
 2368
 2400
 2434
 2460
 2486
 2514
 2538
 2564
 2588
 2606
 2628
 2650
 2670
 2694
 2716
 2738
 2762
 2784
 2820
 2854
 2882
 2912
 2938
 2958
 2978
 2998
 3016
 3030
 3034
 3028
 3010
 2992
 2966
 2930
 2884
 2836
 2784
 2724
 2666
 2618
 2560
 2476
 2382
 2302
 2226
 2154
 2084
 2016
 1948
 1880
 1814
 1768
 1730
 1706
 1690
 1690
 1706
 1724
 1768
 1828
 1876
 1922
 1970
 2022
 2070
 2124
 2176
 2220
 2276
 2322
 2370
 2414
 2454
 2496
 2538
 2578
 2610
 2648
 2700
 2748
 2790
 2834
 2874
 2910
 2942
 2972
 2998
 3018
 3022
 3020
 3014
 2996
 2974
 2946
 2912
 2872
 2822
 2774
 2722
 2658
 2594
 2534
 2470
 2402
 2338
 2268
 2196
 2116
 2038
 1964
 1886
 1814
 1750
 1694
 1642
 1592
 1560
 1550
 1548
 1568
 1594
 1640
 1692
 1750
 1816
 1876
 1936
 1998
 2058
 2114
 2162
 2214
 2264
 2316
 2368
 2414
 2458
 2510
 2558
 2604
 2650
 2696
 2734
 2776
 2818
 2854
 2888
 2918
 2938
 2962
 2980
 2998
 3016
 3026
 3036
 3038
 3028
 3012
 2998
 2964
 2922
 2878
 2824
 2756
 2686
 2610
 2532
 2450
 2364
 2282
 2204
 2126
 2050
 1974
 1902
 1822
 1736
 1660
 1574
 1494
 1428
 1376
 1340
 1328
 1336
 1350
 1384
 1430
 1488
 1552
 1614
 1680
 1748
 1814
 1872
 1932
 1986
 2034
 2080
 2126
 2170
 2212
 2256
 2296
 2336
 2376
 2416
 2456
 2494
 2534
 2574
 2614
 2652
 2684
 2720
 2762
 2798
 2832
 2866
 2896
 2920
 2944
 2966
 2986
 3002
 3012
 3024
 3032
 3040
 3048
 3058
 3064
 3066
 3066
 3076
 3090
 3096
 3086
 3064
 3030
 2988
 2936
 2882
 2818
 2744
 2664
 2586
 2510
 2434
 2366
 2300
 2236
 2166
 2104
 2046
 1980
 1922
 1870
 1816
 1768
 1730
 1690
 1660
 1644
 1642
 1654
 1676
 1712
 1764
 1822
 1878
 1940
 2010
 2078
 2148
 2214
 2280
 2354
 2440
 2506
 2554
 2594
 2630
 2664
 2698
 2730
 2762
 2796
 2828
 2854
 2878
 2900
 2928
 2960
 2982
 3006
 3030
 3046
 3062
 3074
 3086
 3094
 3084
 3052
 3012
 2960
 2900
 2832
 2760
 2686
 2606
 2530
 2458
 2384
 2310
 2242
 2172
 2100
 2038
 1978
 1918
 1864
 1812
 1774
 1754
 1750
 1762
 1780
 1806
 1846
 1886
 1930
 1978
 2028
 2072
 2118
 2162
 2196
 2246
 2292
 2332
 2376
 2418
 2464
 2508
 2542
 2578
 2622
 2666
 2710
 2752
 2794
 2830
 2868
 2902
 2932
 2964
 2986
 2996
 3006
 3006
 2994
 2972
 2934
 2878
 2818
 2758
 2688
 2608
 2532
 2446
 2366
 2282
 2194
 2110
 2032
 1960
 1890
 1822
 1758
 1696
 1628
 1568
 1504
 1442
 1392
 1360
 1340
 1342
 1358
 1382
 1416
 1458
 1510
 1566
 1620
 1676
 1728
 1772
 1820
 1866
 1906
 1950
 1992
 2030
 2064
 2100
 2130
 2164
 2192
 2218
 2244
 2268
 2296
 2328
 2358
 2382
 2410
 2450
 2484
 2520
 2552
 2584
 2608
 2630
 2656
 2678
 2700
 2722
 2742
 2764
 2788
 2814
 2838
 2854
 2878
 2908
 2934
 2950
 2970
 2984
 3000
 3016
 3034
 3050
 3064
 3076
 3090
 3102
 3112
 3122
 3130
 3128
 3126
 3138
 3146
 3150
 3142
 3122
 3090
 3058
 3026
 2986
 2936
 2874
 2806
 2734
 2660
 2584
 2512
 2438
 2356
 2284
 2212
 2136
 2062
 2000
 1936
 1876
 1822
 1770
 1722
 1682
 1656
 1646
 1650
 1670
 1700
 1732
 1770
 1818
 1860
 1910
 1960
 2010
 2056
 2106
 2154
 2204
 2258
 2312
 2364
 2410
 2450
 2494
 2540
 2576
 2624
 2684
 2730
 2764
 2798
 2832
 2864
 2894
 2922
 2946
 2968
 2974
 2980
 2988
 2998
 3010
 3024
 3028
 3034
 3050
 3068
 3084
 3100
 3118
 3126
 3140
 3144
 3140
 3124
 3096
 3052
 3000
 2940
 2874
 2798
 2714
 2640
 2562
 2482
 2400
 2324
 2246
 2170
 2094
 2020
 1942
 1864
 1788
 1708
 1628
 1552
 1470
 1386
 1302
 1200
 1110
 1032
 964
 906
 862
 818
 786
 764
 770
 824
 878
 910
 924
 924
 918
 880
 828
 792
 762
 714
 658
 590
 490
 350
 216
 116
 52
 40
 52
 64
 114
 200
 312
 428
 538
 640
 754
 868
 968
 1070
 1168
 1262
 1352
 1440
 1530
 1628
 1714
 1796
 1872
 1942
 2018
 2086
 2142
 2178
 2224
 2278
 2328
 2382
 2440
 2490
 2538
 2590
 2642
 2684
 2722
 2766
 2820
 2860
 2896
 2930
 2962
 2992
 3018
 3038
 3062
 3084
 3106
 3122
 3138
 3152
 3164
 3170
 3178
 3182
 3184
 3184
 3178
 3180
 3186
 3190
 3194
 3198
 3196
 3198
 3202
 3206
 3210
 3208
 3208
 3206
 3204
 3196
 3188
 3184
 3178
 3172
 3162
 3156
 3158
 3152
 3136
 3118
 3090
 3058
 3024
 2982
 2934
 2880
 2822
 2762
 2706
 2654
 2608
 2562
 2520
 2492
 2472
 2458
 2454
 2460
 2470
 2486
 2508
 2530
 2552
 2574
 2596
 2620
 2644
 2672
 2698
 2722
 2742
 2764
 2794
 2820
 2850
 2878
 2902
 2922
 2946
 2962
 2978
 2990
 3000
 3008
 3014
 3022
 3032
 3040
 3042
 3040
 3048
 3062
 3072
 3088
 3106
 3120
 3132
 3144
 3162
 3172
 3174
 3168
 3158
 3156
 3148
 3136
 3128
 3114
 3108
 3114
 3120
 3124
 3130
 3134
 3130
 3126
 3118
 3100
 3074
 3034
 2986
 2930
 2872
 2816
 2760
 2706
 2644
 2590
 2542
 2482
 2428
 2378
 2328
 2278
 2234
 2192
 2154
 2126
 2108
 2100
 2100
 2112
 2134
 2162
 2188
 2222
 2264
 2302
 2342
 2382
 2422
 2462
 2500
 2536
 2572
 2602
 2630
 2656
 2682
 2702
 2726
 2748
 2766
 2778
 2790
 2814
 2838
 2856
 2876
 2892
 2906
 2922
 2938
 2952
 2958
 2960
 2962
 2964
 2966
 2970
 2974
 2976
 2972
 2984
 2996
 3002
 3008
 3022
 3028
 3036
 3046
 3048
 3042
 3024
 2996
 2964
 2928
 2884
 2836
 2778
 2716
 2660
 2600
 2542
 2494
 2444
 2388
 2344
 2298
 2252
 2210
 2170
 2138
 2114
 2104
 2106
 2104
 2110
 2118
 2108
 2090
 2082
 2078
 2078
 2088
 2094
 2104
 2114
 2122
 2130
 2138
 2144
 2152
 2152
 2148
 2150
 2152
 2158
 2176
 2196
 2216
 2244
 2270
 2296
 2328
 2364
 2396
 2436
 2478
 2516
 2554
 2586
 2624
 2656
 2694
 2732
 2768
 2802
 2838
 2872
 2904
 2932
 2956
 2976
 2988
 3000
 3012
 3018
 3022
 3028
 3042
 3050
 3054
 3060
 3062
 3064
 3070
 3078
 3082
 3076
 3064
 3048
 3026
 3000
 2966
 2932
 2886
 2824
 2762
 2692
 2616
 2548
 2484
 2420
 2352
 2294
 2236
 2176
 2118
 2056
 2002
 1946
 1896
 1858
 1828
 1808
 1808
 1818
 1836
 1866
 1910
 1956
 2002
 2060
 2114
 2166
 2220
 2274
 2326
 2384
 2440
 2494
 2550
 2594
 2634
 2688
 2736
 2778
 2824
 2866
 2896
 2928
 2956
 2980
 3000
 3022
 3044
 3058
 3066
 3062
 3062
 3062
 3060
 3056
 3056
 3058
 3060
 3060
 3058
 3046
 3030
 3000
 2962
 2910
 2844
 2776
 2704
 2632
 2566
 2502
 2438
 2368
 2298
 2232
 2156
 2080
 2008
 1936
 1862
 1794
 1734
 1672
 1618
 1580
 1562
 1562
 1578
 1606
 1646
 1688
 1744
 1808
 1866
 1932
 2000
 2062
 2116
 2172
 2218
 2258
 2298
 2336
 2372
 2410
 2450
 2494
 2534
 2568
 2602
 2642
 2680
 2720
 2752
 2794
 2828
 2860
 2892
 2918
 2946
 2960
 2966
 2970
 2968
 2958
 2934
 2908
 2876
 2830
 2788
 2736
 2674
 2612
 2548
 2482
 2412
 2342
 2260
 2168
 2070
 1976
 1886
 1802
 1722
 1652
 1586
 1524
 1476
 1450
 1436
 1440
 1458
 1490
 1532
 1580
 1640
 1696
 1752
 1804
 1856
 1906
 1954
 2002
 2050
 2096
 2132
 2170
 2212
 2252
 2290
 2336
 2380
 2424
 2462
 2500
 2534
 2566
 2600
 2632
 2660
 2692
 2722
 2750
 2776
 2798
 2814
 2838
 2866
 2892
 2916
 2938
 2950
 2962
 2972
 2982
 2990
 2990
 2992
 2992
 2992
 2992
 2994
 2994
 2982
 2966
 2938
 2908
 2878
 2832
 2784
 2734
 2678
 2626
 2572
 2518
 2462
 2404
 2342
 2280
 2218
 2160
 2104
 2050
 1994
 1932
 1880
 1826
 1768
 1728
 1700
 1686
 1684
 1696
 1712
 1740
 1772
 1810
 1852
 1894
 1940
 1990
 2040
 2078
 2120
 2168
 2220
 2276
 2324
 2376
 2418
 2462
 2506
 2544
 2584
 2620
 2654
 2688
 2718
 2750
 2784
 2822
 2850
 2874
 2890
 2912
 2940
 2966
 2990
 3016
 3042
 3052
 3066
 3078
 3082
 3070
 3048
 3026
 3002
 2974
 2942
 2908
 2880
 2858
 2830
 2792
 2740
 2688
 2646
 2624
 2588
 2544
 2494
 2444
 2390
 2344
 2296
 2244
 2192
 2130
 2060
 1994
 1928
 1866
 1812
 1768
 1738
 1722
 1716
 1728
 1754
 1784
 1824
 1874
 1926
 1972
 2022
 2074
 2118
 2164
 2206
 2248
 2288
 2326
 2366
 2406
 2442
 2476
 2510
 2552
 2588
 2628
 2664
 2702
 2734
 2764
 2796
 2826
 2852
 2874
 2892
 2906
 2918
 2930
 2944
 2954
 2964
 2966
 2968
 2984
 3000
 3010
 3016
 3014
 2996
 2978
 2946
 2906
 2866
 2814
 2756
 2698
 2636
 2574
 2514
 2454
 2392
 2330
 2272
 2214
 2148
 2090
 2034
 1974
 1918
 1868
 1816
 1772
 1740
 1722
 1722
 1734
 1756
 1792
 1832
 1874
 1922
 1976
 2028
 2076
 2122
 2170
 2214
 2260
 2306
 2344
 2388
 2430
 2474
 2526
 2572
 2626
 2682
 2726
 2764
 2802
 2830
 2856
 2884
 2904
 2922
 2938
 2952
 2958
 2968
 2980
 2988
 2988
 2972
 2950
 2922
 2884
 2842
 2802
 2756
 2712
 2664
 2610
 2550
 2492
 2436
 2374
 2310
 2254
 2192
 2130
 2060
 1986
 1908
 1826
 1742
 1668
 1602
 1542
 1494
 1464
 1452
 1450
 1464
 1490
 1522
 1558
 1604
 1654
 1708
 1764
 1826
 1884
 1934
 1982
 2022
 2062
 2100
 2132
 2168
 2206
 2244
 2280
 2314
 2354
 2394
 2436
 2476
 2514
 2552
 2588
 2624
 2658
 2694
 2722
 2748
 2776
 2804
 2830
 2856
 2878
 2896
 2912
 2924
 2936
 2952
 2976
 2992
 3008
 3024
 3028
 3020
 3008
 2988
 2964
 2930
 2892
 2854
 2808
 2758
 2712
 2668
 2626
 2582
 2526
 2476
 2432
 2384
 2332
 2276
 2218
 2162
 2108
 2056
 2008
 1970
 1942
 1924
 1918
 1924
 1942
 1970
 2004
 2048
 2096
 2146
 2202
 2258
 2316
 2370
 2424
 2476
 2522
 2572
 2612
 2646
 2688
 2722
 2754
 2788
 2818
 2852
 2880
 2904
 2926
 2942
 2952
 2970
 2996
 3012
 3026
 3038
 3042
 3042
 3038
 3026
 3006
 2978
 2942
 2902
 2862
 2814
 2768
 2720
 2672
 2624
 2576
 2524
 2470
 2420
 2360
 2298
 2242
 2190
 2136
 2096
 2064
 2038
 2026
 2024
 2028
 2042
 2064
 2092
 2130
 2166
 2204
 2242
 2284
 2334
 2376
 2422
 2468
 2510
 2552
 2594
 2636
 2674
 2710
 2742
 2772
 2802
 2832
 2862
 2888
 2910
 2920
 2938
 2964
 2984
 3004
 3024
 3036
 3048
 3060
 3072
 3080
 3084
 3082
 3070
 3054
 3028
 2998
 2960
 2920
 2870
 2828
 2784
 2736
 2688
 2642
 2592
 2540
 2490
 2438
 2386
 2334
 2280
 2228
 2176
 2130
 2090
 2056
 2026
 2008
 2008
 2014
 2030
 2058
 2094
 2132
 2178
 2224
 2266
 2308
 2348
 2386
 2424
 2462
 2498
 2534
 2566
 2598
 2638
 2678
 2714
 2752
 2788
 2820
 2852
 2882
 2910
 2934
 2954
 2970
 2984
 2996
 3006
 3016
 3026
 3030
 3026
 3024
 3036
 3038
 3036
 3024
 3002
 2972
 2936
 2896
 2852
 2796
 2740
 2684
 2626
 2572
 2524
 2474
 2422
 2362
 2300
 2244
 2178
 2114
 2050
 1988
 1928
 1872
 1822
 1776
 1744
 1718
 1710
 1716
 1732
 1762
 1802
 1850
 1902
 1950
 2012
 2076
 2132
 2190
 2246
 2296
 2346
 2400
 2446
 2490
 2534
 2574
 2610
 2648
 2684
 2720
 2754
 2784
 2810
 2836
 2862
 2886
 2920
 2948
 2970
 2990
 3006
 3014
 3022
 3016
 3006
 2984
 2948
 2910
 2874
 2828
 2784
 2742
 2704
 2662
 2616
 2578
 2544
 2518
 2504
 2454
 2360
 2280
 2242
 2226
 2184
 2114
 2056
 2028
 2016
 2014
 2030
 2054
 2080
 2110
 2150
 2202
 2250
 2300
 2356
 2414
 2466
 2522
 2572
 2618
 2662
 2704
 2740
 2776
 2808
 2842
 2872
 2898
 2916
 2928
 2950
 2974
 2984
 2986
 2974
 2948
 2918
 2878
 2830
 2776
 2710
 2644
 2580
 2516
 2458
 2416
 2378
 2326
 2266
 2204
 2126
 2040
 1950
 1854
 1750
 1654
 1570
 1488
 1414
 1346
 1292
 1252
 1228
 1228
 1244
 1266
 1300
 1348
 1398
 1460
 1530
 1600
 1664
 1730
 1794
 1850
 1904
 1958
 2014
 2068
 2118
 2168
 2216
 2256
 2296
 2348
 2398
 2444
 2490
 2534
 2572
 2612
 2650
 2686
 2724
 2758
 2788
 2818
 2844
 2868
 2892
 2910
 2928
 2938
 2952
 2972
 2986
 2994
 2998
 2994
 2976
 2952
 2920
 2886
 2846
 2798
 2752
 2700
 2646
 2592
 2542
 2490
 2434
 2372
 2318
 2260
 2196
 2132
 2076
 2018
 1960
 1910
 1858
 1814
 1776
 1752
 1738
 1736
 1750
 1772
 1802
 1836
 1880
 1934
 1984
 2046
 2102
 2156
 2202
 2246
 2294
 2334
 2374
 2410
 2442
 2480
 2516
 2554
 2588
 2620
 2644
 2670
 2700
 2732
 2760
 2790
 2818
 2842
 2870
 2896
 2920
 2942
 2960
 2976
 2986
 2992
 2998
 3002
 3004
 3000
 3000
 3014
 3028
 3036
 3048
 3058
 3062
 3070
 3082
 3100
 3108
 3106
 3090
 3062
 3032
 2996
 2956
 2912
 2864
 2808
 2758
 2710
 2652
 2592
 2536
 2478
 2420
 2366
 2314
 2260
 2202
 2144
 2090
 2034
 1984
 1942
 1900
 1862
 1838
 1822
 1820
 1826
 1848
 1876
 1914
 1960
 2006
 2052
 2100
 2144
 2194
 2240
 2284
 2330
 2372
 2408
 2444
 2486
 2518
 2556
 2596
 2630
 2662
 2698
 2728
 2758
 2784
 2806
 2828
 2846
 2864
 2884
 2900
 2912
 2920
 2928
 2946
 2962
 2966
 2964
 2946
 2924
 2896
 2860
 2822
 2774
 2726
 2672
 2612
 2556
 2500
 2444
 2380
 2310
 2246
 2184
 2112
 2044
 1980
 1914
 1846
 1786
 1730
 1678
 1634
 1598
 1572
 1564
 1568
 1590
 1622
 1658
 1704
 1758
 1808
 1868
 1934
 1992
 2046
 2100
 2148
 2188
 2232
 2272
 2310
 2354
 2398
 2442
 2486
 2522
 2554
 2590
 2626
 2660
 2694
 2730
 2760
 2790
 2822
 2848
 2876
 2900
 2916
 2934
 2948
 2952
 2958
 2960
 2960
 2956
 2952
 2954
 2942
 2918
 2892
 2858
 2814
 2774
 2728
 2680
 2626
 2568
 2508
 2448
 2388
 2328
 2270
 2208
 2130
 2060
 1994
 1916
 1846
 1788
 1738
 1700
 1682
 1676
 1682
 1696
 1720
 1752
 1788
 1826
 1870
 1910
 1942
 1984
 2026
 2068
 2118
 2168
 2216
 2260
 2310
 2356
 2396
 2438
 2478
 2514
 2554
 2596
 2638
 2678
 2712
 2742
 2772
 2812
 2850
 2888
 2928
 2964
 2990
 3004
 3002
 2982
 2948
 2904
 2858
 2812
 2762
 2714
 2666
 2622
 2582
 2542
 2504
 2458
 2402
 2348
 2312
 2282
 2242
 2200
 2152
 2116
 2090
 2074
 2070
 2082
 2104
 2134
 2170
 2202
 2246
 2294
 2340
 2390
 2446
 2502
 2556
 2614
 2666
 2716
 2770
 2826
 2882
 2932
 2970
 3004
 3022
 3030
 3030
 3030
 3032
 3020
 2996
 2970
 2932
 2896
 2856
 2810
 2760
 2708
 2648
 2598
 2542
 2488
 2438
 2394
 2346
 2288
 2236
 2174
 2100
 2026
 1942
 1842
 1748
 1656
 1562
 1472
 1388
 1312
 1248
 1198
 1170
 1162
 1160
 1166
 1188
 1212
 1240
 1282
 1328
 1382
 1440
 1500
 1554
 1608
 1662
 1714
 1764
 1812
 1858
 1904
 1942
 1978
 2016
 2048
 2088
 2130
 2176
 2220
 2262
 2306
 2344
 2382
 2418
 2450
 2486
 2520
 2550
 2582
 2610
 2634
 2662
 2694
 2728
 2762
 2794
 2826
 2850
 2872
 2892
 2912
 2930
 2942
 2954
 2964
 2976
 2984
 2994
 2996
 2998
 3004
 3008
 2994
 2976
 2954
 2918
 2882
 2840
 2794
 2742
 2682
 2626
 2566
 2514
 2460
 2406
 2348
 2294
 2238
 2178
 2122
 2070
 2022
 1976
 1932
 1896
 1866
 1844
 1834
 1836
 1848
 1870
 1902
 1932
 1970
 2012
 2052
 2098
 2140
 2184
 2228
 2274
 2316
 2356
 2394
 2430
 2466
 2500
 2532
 2570
 2604
 2632
 2664
 2700
 2734
 2770
 2806
 2836
 2868
 2900
 2926
 2954
 2976
 2992
 3008
 3022
 3030
 3040
 3040
 3032
 3026
 3022
 3004
 2980
 2954
 2920
 2886
 2848
 2808
 2766
 2718
 2670
 2624
 2582
 2542
 2508
 2474
 2422
 2366
 2316
 2266
 2218
 2174
 2136
 2102
 2080
 2064
 2062
 2068
 2078
 2092
 2114
 2142
 2180
 2220
 2258
 2296
 2340
 2390
 2440
 2490
 2542
 2588
 2634
 2680
 2724
 2768
 2808
 2844
 2880
 2910
 2940
 2970
 2992
 3014
 3024
 3032
 3048
 3066
 3070
 3064
 3052
 3028
 3004
 2968
 2908
 2850
 2790
 2732
 2672
 2616
 2562
 2508
 2456
 2402
 2342
 2290
 2244
 2188
 2132
 2080
 2026
 1966
 1908
 1850
 1792
 1744
 1704
 1678
 1664
 1672
 1700
 1738
 1782
 1826
 1880
 1938
 1992
 2050
 2104
 2160
 2212
 2268
 2316
 2360
 2402
 2444
 2486
 2526
 2564
 2604
 2638
 2670
 2696
 2730
 2768
 2800
 2830
 2864
 2886
 2910
 2934
 2956
 2978
 2994
 3004
 3008
 3006
 2998
 2978
 2946
 2906
 2854
 2802
 2754
 2696
 2632
 2574
 2514
 2446
 2390
 2330
 2270
 2208
 2144
 2084
 2018
 1952
 1892
 1832
 1768
 1704
 1652
 1598
 1558
 1538
 1534
 1542
 1560
 1590
 1624
 1664
 1704
 1744
 1788
 1828
 1870
 1914
 1952
 1992
 2040
 2082
 2126
 2168
 2210
 2248
 2288
 2328
 2364
 2398
 2432
 2462
 2496
 2526
 2556
 2588
 2616
 2640
 2668
 2706
 2738
 2770
 2806
 2838
 2866
 2898
 2928
 2952
 2974
 2992
 3004
 3014
 3018
 3022
 3014
 2990
 2958
 2926
 2884
 2834
 2776
 2720
 2658
 2602
 2546
 2486
 2428
 2364
 2304
 2244
 2186
 2130
 2078
 2022
 1964
 1914
 1858
 1804
 1754
 1718
 1694
 1682
 1684
 1694
 1714
 1744
 1784
 1828
 1876
 1928
 1988
 2040
 2096
 2158
 2216
 2264
 2308
 2350
 2388
 2430
 2472
 2504
 2540
 2572
 2600
 2632
 2664
 2692
 2724
 2754
 2782
 2810
 2842
 2870
 2892
 2912
 2926
 2938
 2950
 2966
 2980
 2988
 2998
 3004
 3012
 3012
 3012
 3004
 2992
 2972
 2938
 2900
 2868
 2824
 2772
 2722
 2670
 2614
 2564
 2510
 2452
 2394
 2332
 2276
 2218
 2158
 2104
 2050
 1992
 1926
 1864
 1808
 1748
 1704
 1674
 1660
 1658
 1670
 1690
 1718
 1754
 1794
 1836
 1884
 1932
 1982
 2036
 2080
 2122
 2172
 2222
 2270
 2318
 2366
 2408
 2446
 2484
 2516
 2548
 2576
 2602
 2632
 2660
 2686
 2712
 2740
 2768
 2788
 2810
 2844
 2874
 2902
 2930
 2952
 2960
 2952
 2940
 2918
 2888
 2850
 2808
 2762
 2712
 2662
 2618
 2570
 2520
 2466
 2416
 2360
 2300
 2244
 2188
 2130
 2076
 2026
 1970
 1918
 1870
 1828
 1798
 1782
 1782
 1796
 1814
 1836
 1874
 1908
 1948
 1990
 2034
 2076
 2116
 2158
 2198
 2242
 2284
 2324
 2366
 2402
 2440
 2476
 2508
 2534
 2556
 2590
 2618
 2646
 2674
 2704
 2730
 2760
 2790
 2824
 2858
 2890
 2918
 2942
 2960
 2976
 2984
 2984
 2984
 2986
 2982
 2956
 2928
 2898
 2856
 2812
 2764
 2710
 2652
 2590
 2528
 2466
 2404
 2348
 2292
 2234
 2178
 2126
 2070
 2016
 1966
 1922
 1878
 1838
 1808
 1780
 1766
 1770
 1786
 1810
 1824
 1844
 1880
 1916
 1956
 2012
 2082
 2166
 2228
 2266
 2294
 2332
 2374
 2414
 2454
 2490
 2526
 2560
 2596
 2630
 2666
 2702
 2732
 2760
 2796
 2830
 2860
 2888
 2922
 2944
 2962
 2976
 2990
 3002
 3014
 3022
 3022
 3026
 3030
 3036
 3030
 3006
 2984
 2958
 2914
 2860
 2806
 2742
 2678
 2618
 2558
 2498
 2436
 2372
 2312
 2254
 2198
 2146
 2088
 2032
 1980
 1924
 1870
 1818
 1772
 1732
 1704
 1680
 1666
 1666
 1674
 1692
 1718
 1750
 1790
 1822
 1860
 1906
 1946
 1992
 2036
 2090
 2144
 2200
 2254
 2304
 2356
 2404
 2450
 2490
 2530
 2570
 2612
 2650
 2682
 2720
 2762
 2802
 2840
 2874
 2902
 2928
 2954
 2976
 3002
 3018
 3024
 3010
 2990
 2964
 2928
 2874
 2820
 2766
 2702
 2636
 2570
 2508
 2444
 2384
 2328
 2268
 2208
 2150
 2092
 2038
 1986
 1938
 1890
 1846
 1818
 1798
 1792
 1794
 1810
 1834
 1864
 1906
 1946
 1986
 2028
 2076
 2120
 2162
 2208
 2252
 2288
 2328
 2374
 2412
 2452
 2492
 2524
 2556
 2594
 2622
 2650
 2674
 2692
 2706
 2724
 2742
 2758
 2774
 2784
 2800
 2824
 2844
 2868
 2892
 2916
 2940
 2964
 2988
 3012
 3026
 3032
 3030
 3016
 2996
 2972
 2934
 2884
 2832
 2778
 2712
 2644
 2584
 2518
 2454
 2396
 2338
 2284
 2228
 2174
 2122
 2072
 2022
 1978
 1926
 1880
 1836
 1790
 1762
 1746
 1742
 1754
 1774
 1802
 1838
 1888
 1936
 1990
 2046
 2102
 2158
 2212
 2266
 2322
 2372
 2424
 2478
 2534
 2586
 2648
 2714
 2782
 2826
 2844
 2854
 2866
 2878
 2892
 2910
 2920
 2928
 2942
 2968
 3000
 3034
 3058
 3062
 3062
 3062
 3056
 3040
 3008
 2968
 2918
 2866
 2818
 2764
 2710
 2650
 2576
 2508
 2442
 2372
 2308
 2250
 2194
 2140
 2094
 2046
 2004
 1962
 1920
 1886
 1852
 1830
 1820
 1826
 1834
 1854
 1886
 1918
 1970
 2032
 2094
 2152
 2210
 2270
 2328
 2384
 2434
 2482
 2526
 2568
 2614
 2656
 2696
 2734
 2772
 2816
 2856
 2890
 2920
 2946
 2968
 2990
 3006
 3008
 2994
 2970
 2934
 2890
 2838
 2780
 2718
 2652
 2578
 2500
 2432
 2356
 2272
 2198
 2120
 2036
 1960
 1884
 1804
 1726
 1650
 1580
 1516
 1460
 1412
 1380
 1350
 1340
 1346
 1358
 1382
 1418
 1466
 1516
 1574
 1626
 1672
 1718
 1762
 1810
 1858
 1904
 1950
 1998
 2036
 2072
 2118
 2158
 2198
 2242
 2288
 2330
 2374
 2422
 2468
 2518
 2564
 2602
 2640
 2680
 2716
 2752
 2782
 2804
 2832
 2866
 2894
 2920
 2944
 2960
 2962
 2952
 2934
 2914
 2880
 2832
 2786
 2736
 2682
 2628
 2570
 2504
 2438
 2376
 2306
 2242
 2186
 2128
 2068
 2008
 1942
 1868
 1796
 1724
 1654
 1586
 1518
 1460
 1404
 1364
 1340
 1326
 1330
 1344
 1372
 1404
 1448
 1494
 1536
 1584
 1628
 1672
 1720
 1766
 1820
 1870
 1922
 1976
 2024
 2080
 2138
 2196
 2254
 2314
 2374
 2432
 2488
 2542
 2592
 2642
 2692
 2742
 2784
 2816
 2842
 2870
 2904
 2932
 2960
 2986
 3006
 3024
 3046
 3066
 3074
 3082
 3092
 3098
 3102
 3096
 3082
 3060
 3030
 2992
 2950
 2910
 2866
 2814
 2768
 2732
 2690
 2640
 2576
 2524
 2474
 2424
 2374
 2330
 2282
 2242
 2202
 2168
 2132
 2110
 2108
 2128
 2172
 2240
 2322
 2424
 2546
 2700
 2870
 3050
 3240
 3436
 3628
 3774
 3852
 3916
 3962
 4020
 4070
 4094
 4094
 4094
 4094
 4094
 4094
 4034
 3870
 3650
 3410
 3190
 2980
 2772
 2594
 2422
 2254
 2100
 1950
 1816
 1694
 1568
 1454
 1350
 1268
 1190
 1130
 1072
 1042
 1034
 1040
 1054
 1076
 1102
 1132
 1152
 1178
 1208
 1240
 1272
 1306
 1330
 1362
 1392
 1416
 1440
 1472
 1498
 1518
 1538
 1554
 1568
 1584
 1598
 1620
 1638
 1650
 1646
 1642
 1636
 1636
 1636
 1644
 1648
 1652
 1654
 1660
 1662
 1668
 1672
 1666
 1670
 1676
 1680
 1682
 1688
 1694
 1702
 1722
 1742
 1760
 1776
 1798
 1824
 1848
 1870
 1886
 1900
 1922
 1942
 1962
 1986
 2012
 2032
 2058
 2082
 2104
 2134
 2158
 2180
 2200
 2218
 2238
 2250
 2258
 2270
 2290
 2304
 2314
 2318
 2306
 2286
 2266
 2236
 2192
 2142
 2084
 2024
 1964
 1902
 1844
 1782
 1720
 1672
 1620
 1574
 1544
 1506
 1450
 1396
 1360
 1330
 1310
 1300
 1304
 1310
 1330
 1366
 1398
 1426
 1460
 1502
 1558
 1614
 1658
 1692
 1746
 1796
 1824
 1856
 1890
 1928
 1970
 2008
 2048
 2084
 2110
 2134
 2162
 2196
 2226
 2254
 2284
 2318
 2344
 2362
 2368
 2364
 2348
 2326
 2296
 2258
 2212
 2162
 2110
 2052
 1990
 1932
 1868
 1802
 1740
 1676
 1614
 1556
 1500
 1444
 1390
 1342
 1296
 1260
 1232
 1222
 1228
 1236
 1256
 1280
 1302
 1334
 1372
 1408
 1442
 1480
 1522
 1560
 1600
 1634
 1672
 1710
 1750
 1792
 1832
 1868
 1902
 1938
 1970
 2004
 2038
 2074
 2102
 2134
 2166
 2194
 2216
 2236
 2254
 2268
 2284
 2298
 2312
 2326
 2336
 2344
 2356
 2374
 2388
 2400
 2412
 2422
 2434
 2444
 2456
 2474
 2484
 2494
 2500
 2502
 2492
 2480
 2460
 2436
 2406
 2370
 2326
 2288
 2240
 2182
 2128
 2078
 2024
 1978
 1934
 1886
 1840
 1792
 1748
 1706
 1664
 1630
 1606
 1586
 1572
 1570
 1576
 1582
 1592
 1614
 1634
 1662
 1698
 1734
 1774
 1814
 1870
 1924
 1970
 2014
 2058
 2098
 2132
 2164
 2200
 2238
 2276
 2318
 2360
 2394
 2426
 2460
 2490
 2518
 2540
 2554
 2568
 2578
 2582
 2578
 2564
 2538
 2502
 2464
 2426
 2372
 2314
 2256
 2192
 2128
 2068
 2008
 1944
 1880
 1812
 1750
 1690
 1632
 1580
 1530
 1470
 1416
 1370
 1318
 1284
 1266
 1270
 1284
 1310
 1342
 1378
 1422
 1462
 1500
 1540
 1578
 1626
 1672
 1712
 1748
 1788
 1828
 1862
 1902
 1944
 1984
 2024
 2066
 2106
 2146
 2186
 2222
 2258
 2294
 2328
 2364
 2398
 2430
 2454
 2480
 2512
 2544
 2574
 2604
 2630
 2640
 2642
 2638
 2622
 2602
 2568
 2532
 2490
 2440
 2390
 2340
 2286
 2234
 2182
 2126
 2076
 2026
 1964
 1906
 1854
 1802
 1744
 1694
 1638
 1574
 1514
 1454
 1392
 1328
 1276
 1238
 1222
 1220
 1226
 1244
 1280
 1314
 1360
 1414
 1472
 1528
 1594
 1660
 1716
 1770
 1820
 1872
 1930
 1988
 2042
 2094
 2146
 2194
 2236
 2272
 2312
 2350
 2384
 2422
 2466
 2504
 2550
 2594
 2632
 2662
 2688
 2708
 2724
 2738
 2746
 2752
 2756
 2754
 2744
 2722
 2694
 2668
 2630
 2590
 2548
 2498
 2442
 2388
 2336
 2278
 2228
 2208
 2184
 2148
 2116
 2072
 2028
 1974
 1902
 1812
 1716
 1612
 1506
 1404
 1316
 1242
 1200
 1178
 1148
 1114
 1084
 1050
 1006
 944
 866
 770
 686
 610
 510
 390
 246
 78
 0
 0
 0
 0
 0
 0
 0
 0
 0
 0
 0
 62
 152
 234
 324
 410
 486
 564
 642
 724
 794
 862
 924
 988
 1062
 1132
 1200
 1274
 1338
 1398
 1462
 1516
 1578
 1636
 1698
 1760
 1820
 1872
 1922
 1968
 2010
 2054
 2098
 2142
 2196
 2248
 2294
 2336
 2378
 2414
 2446
 2476
 2510
 2546
 2584
 2620
 2654
 2684
 2720
 2760
 2796
 2828
 2858
 2890
 2922
 2956
 2990
 3022
 3056
 3088
 3118
 3144
 3168
 3184
 3196
 3214
 3228
 3238
 3244
 3248
 3256
 3268
 3272
 3278
 3282
 3278
 3278
 3278
 3276
 3274
 3270
 3266
 3264
 3262
 3252
 3246
 3248
 3256
 3260
 3262
 3266
 3266
 3264
 3260
 3250
 3236
 3216
 3200
 3192
 3164
 3114
 3048
 2990
 2934
 2876
 2814
 2762
 2720
 2682
 2654
 2624
 2588
 2566
 2564
 2570
 2570
 2572
 2592
 2618
 2632
 2636
 2658
 2684
 2706
 2720
 2736
 2756
 2786
 2810
 2834
 2862
 2888
 2910
 2932
 2952
 2970
 2990
 3008
 3024
 3038
 3052
 3066
 3078
 3090
 3092
 3098
 3112
 3128
 3138
 3152
 3164
 3172
 3182
 3188
 3192
 3188
 3176
 3156
 3132
 3092
 3050
 3008
 2960
 2910
 2868
 2822
 2768
 2714
 2666
 2622
 2578
 2534
 2486
 2434
 2378
 2322
 2268
 2220
 2182
 2156
 2142
 2142
 2154
 2168
 2180
 2204
 2228
 2254
 2278
 2304
 2324
 2346
 2370
 2392
 2420
 2450
 2482
 2516
 2542
 2568
 2600
 2628
 2656
 2684
 2712
 2738
 2762
 2788
 2812
 2832
 2846
 2854
 2864
 2874
 2882
 2892
 2900
 2902
 2906
 2910
 2922
 2936
 2946
 2960
 2970
 2978
 2988
 2994
 3002
 3004
 3004
 3004
 3004
 3006
 3008
 3008
 3010
 3010
 3008
 3010
 3020
 3026
 3032
 3040
 3042
 3044
 3042
 3032
 3022
 2994
 2958
 2912
 2864
 2818
 2768
 2716
 2668
 2616
 2558
 2510
 2456
 2398
 2338
 2276
 2212
 2148
 2090
 2032
 1976
 1918
 1860
 1812
 1764
 1730
 1708
 1700
 1704
 1716
 1736
 1764
 1788
 1820
 1858
 1892
 1934
 1978
 2016
 2054
 2088
 2120
 2152
 2184
 2218
 2256
 2294
 2326
 2360
 2386
 2416
 2450
 2478
 2502
 2526
 2550
 2568
 2592
 2612
 2630
 2650
 2664
 2684
 2704
 2722
 2742
 2764
 2788
 2802
 2816
 2824
 2842
 2870
 2896
 2916
 2938
 2948
 2944
 2940
 2926
 2906
 2876
 2840
 2802
 2764
 2710
 2666
 2618
 2570
 2518
 2464
 2414
 2358
 2292
 2228
 2170
 2114
 2070
 2050
 2020
 1960
 1884
 1828
 1792
 1782
 1784
 1802
 1832
 1868
 1904
 1950
 1998
 2046
 2096
 2150
 2202
 2254
 2310
 2360
 2402
 2444
 2480
 2510
 2544
 2576
 2610
 2640
 2666
 2688
 2720
 2752
 2778
 2804
 2832
 2856
 2878
 2904
 2926
 2936
 2932
 2914
 2882
 2844
 2802
 2756
 2698
 2636
 2574
 2500
 2418
 2340
 2266
 2192
 2116
 2046
 1978
 1912
 1844
 1778
 1716
 1660
 1612
 1572
 1548
 1538
 1536
 1540
 1548
 1566
 1586
 1612
 1642
 1656
 1650
 1648
 1650
 1654
 1664
 1678
 1688
 1702
 1716
 1728
 1744
 1760
 1772
 1782
 1796
 1806
 1818
 1828
 1844
 1864
 1886
 1912
 1938
 1968
 2002
 2038
 2078
 2116
 2156
 2198
 2240
 2278
 2314
 2354
 2390
 2428
 2470
 2510
 2548
 2586
 2624
 2666
 2706
 2744
 2780
 2812
 2840
 2864
 2888
 2914
 2934
 2952
 2972
 2982
 2994
 3002
 3002
 3010
 3022
 3036
 3046
 3054
 3058
 3056
 3050
 3038
 3028
 3008
 2980
 2954
 2920
 2882
 2844
 2798
 2736
 2672
 2608
 2532
 2454
 2376
 2294
 2212
 2136
 2054
 1974
 1898
 1822
 1742
 1646
 1560
 1494
 1432
 1382
 1358
 1348
 1358
 1386
 1422
 1462
 1508
 1548
 1586
 1630
 1676
 1724
 1776
 1826
 1874
 1916
 1958
 1998
 2038
 2080
 2124
 2164
 2206
 2244
 2278
 2314
 2348
 2382
 2418
 2452
 2486
 2522
 2554
 2582
 2614
 2656
 2700
 2732
 2756
 2790
 2818
 2856
 2898
 2920
 2936
 2940
 2946
 2954
 2974
 2980
 2968
 2956
 2944
 2936
 2922
 2884
 2842
 2804
 2758
 2708
 2658
 2602
 2542
 2476
 2408
 2342
 2276
 2210
 2144
 2074
 2002
 1940
 1870
 1806
 1748
 1704
 1670
 1652
 1648
 1654
 1668
 1694
 1728
 1764
 1806
 1852
 1896
 1940
 1990
 2036
 2092
 2152
 2208
 2258
 2308
 2358
 2406
 2448
 2490
 2526
 2564
 2602
 2638
 2672
 2702
 2728
 2758
 2788
 2820
 2846
 2876
 2898
 2916
 2928
 2938
 2944
 2946
 2944
 2944
 2940
 2932
 2912
 2878
 2842
 2804
 2754
 2698
 2638
 2582
 2518
 2460
 2396
 2330
 2262
 2196
 2126
 2052
 1982
 1916
 1848
 1778
 1714
 1660
 1608
 1574
 1554
 1552
 1562
 1588
 1620
 1666
 1712
 1758
 1804
 1850
 1896
 1944
 1984
 2020
 2060
 2100
 2140
 2178
 2218
 2254
 2296
 2340
 2378
 2416
 2452
 2486
 2518
 2552
 2584
 2618
 2650
 2672
 2698
 2730
 2758
 2784
 2808
 2828
 2846
 2864
 2880
 2896
 2900
 2894
 2882
 2858
 2826
 2796
 2760
 2722
 2672
 2620
 2572
 2518
 2460
 2404
 2348
 2294
 2238
 2186
 2130
 2074
 2016
 1958
 1908
 1862
 1826
 1798
 1778
 1772
 1782
 1798
 1824
 1862
 1910
 1960
 2008
 2058
 2106
 2156
 2208
 2260
 2308
 2354
 2392
 2432
 2474
 2512
 2546
 2584
 2626
 2662
 2694
 2720
 2742
 2764
 2786
 2806
 2826
 2842
 2858
 2876
 2894
 2908
 2926
 2936
 2944
 2954
 2960
 2964
 2970
 2984
 2984
 2976
 2970
 2948
 2922
 2894
 2860
 2822
 2778
 2726
 2670
 2614
 2558
 2502
 2450
 2398
 2346
 2288
 2232
 2182
 2124
 2072
 2028
 1990
 1954
 1930
 1916
 1910
 1916
 1928
 1948
 1974
 2004
 2042
 2084
 2128
 2164
 2208
 2262
 2308
 2352
 2400
 2446
 2488
 2528
 2568
 2604
 2638
 2668
 2696
 2722
 2746
 2770
 2794
 2816
 2836
 2852
 2864
 2888
 2908
 2924
 2944
 2968
 2976
 2986
 3000
 3010
 3014
 3008
 2992
 2970
 2946
 2918
 2886
 2850
 2812
 2772
 2730
 2692
 2642
 2584
 2528
 2478
 2422
 2372
 2320
 2266
 2212
 2154
 2094
 2040
 1986
 1940
 1904
 1876
 1858
 1852
 1864
 1874
 1886
 1906
 1932
 1950
 1982
 2012
 2036
 2070
 2102
 2136
 2176
 2214
 2254
 2292
 2334
 2368
 2406
 2446
 2484
 2524
 2562
 2600
 2630
 2662
 2694
 2722
 2750
 2778
 2802
 2828
 2856
 2880
 2902
 2920
 2924
 2934
 2948
 2958
 2960
 2952
 2928
 2902
 2868
 2826
 2772
 2710
 2644
 2578
 2516
 2462
 2406
 2350
 2286
 2222
 2162
 2088
 2012
 1938
 1866
 1788
 1722
 1662
 1608
 1560
 1528
 1508
 1508
 1516
 1538
 1574
 1614
 1656
 1702
 1748
 1800
 1852
 1908
 1962
 2012
 2058
 2100
 2142
 2182
 2216
 2260
 2300
 2344
 2384
 2416
 2446
 2480
 2520
 2554
 2590
 2630
 2666
 2698
 2732
 2762
 2792
 2820
 2842
 2866
 2890
 2904
 2916
 2932
 2942
 2946
 2958
 2974
 2980
 2976
 2962
 2938
 2908
 2870
 2830
 2784
 2728
 2674
 2616
 2560
 2504
 2452
 2400
 2352
 2296
 2238
 2180
 2116
 2048
 1984
 1924
 1870
 1824
 1786
 1754
 1736
 1728
 1734
 1746
 1768
