23
95
154
219
282
347
409
482
550
615
689
764
835
932
1207
1232
1282
1307
1356
1429
1437
1497
1558
1634
1644
1704
1769
1837
1905
1987
1990
2066
2137
2210
2277
2349
2424
2502
2576
2639
2711
2781
2856
2969
3214
3299
3360
3429
3499
3570
3644
3713
3777
3841
3908
3974
4041
4115
4188
4260
4317
4381
4399
4480
4548
4617
4686
4701
4747
4820
4895
4966
5030
5098
5162
5218
5286
5356
5428
5494
5561
5628
5693
5760
5838
5901
5988
5989
6061
6121
6191
6268
6344
6416
6479
6544
6610
6675
6742
6800
6861
6929
7004
7073
7138
7217
7282
7298
7385
7460
7527
7593
7660
7721
7790
7862
7925
7995
8054
8118
8249
8251
8357
8372
8450
8464
8519
8600
8671
8740
8819
8892
