33
34
83
181
203
270
364
377
478
487
585
602
705
720
817
835
944
954
1061
1070
1157
1254
1358
1449
1518
1595
1681
1764
1840
1929
2027
2034
2125
2221
2309
2385
2457
2538
2610
2690
2765
2851
2932
3017
3106
3213
3226
3303
3396
3502
3516
3600
3618
3712
3727
3813
3830
3918
3935
4000
4015
4080
4172
4256
4347
4433
4536
4554
4630
4726
4809
4821
4885
4900
4971
5046
5121
5188
5270
5344
5414
5486
5560
5654
5746
5838
5908
5990
6061
6140
6218
6298
6377
6465
6480
6553
6633
6717
6799
6876
6957
7035
7110
7181
7262
7337
7426
7439
7501
7512
7579
7686
7695
7771
7858
7952
8048
8137
8209
8306
8323
8410
8499
8585
8682
8782
8796
8877
