 3292
 3232
 3178
 3122
 3062
 3002
 2950
 2904
 2862
 2826
 2804
 2784
 2758
 2736
 2710
 2674
 2634
 2596
 2558
 2528
 2512
 2506
 2506
 2516
 2534
 2556
 2582
 2614
 2646
 2666
 2682
 2694
 2706
 2726
 2752
 2782
 2810
 2848
 2890
 2922
 2962
 3004
 3048
 3092
 3136
 3172
 3198
 3220
 3240
 3260
 3282
 3308
 3336
 3358
 3378
 3396
 3414
 3430
 3446
 3460
 3476
 3496
 3508
 3518
 3532
 3540
 3544
 3528
 3480
 3414
 3358
 3298
 3238
 3186
 3138
 3094
 3054
 3020
 2982
 2934
 2892
 2848
 2804
 2766
 2726
 2684
 2644
 2600
 2558
 2520
 2488
 2458
 2436
 2420
 2414
 2418
 2434
 2450
 2470
 2488
 2502
 2520
 2546
 2574
 2600
 2628
 2656
 2684
 2716
 2752
 2796
 2834
 2866
 2902
 2932
 2964
 3004
 3046
 3090
 3136
 3182
 3226
 3266
 3304
 3340
 3378
 3418
 3462
 3502
 3524
 3548
 3570
 3590
 3602
 3612
 3622
 3630
 3636
 3642
 3642
 3638
 3618
 3596
 3568
 3532
 3488
 3440
 3376
 3306
 3236
 3166
 3102
 3040
 2982
 2926
 2872
 2822
 2774
 2732
 2694
 2666
 2636
 2604
 2576
 2544
 2512
 2482
 2450
 2430
 2418
 2412
 2414
 2422
 2436
 2454
 2472
 2488
 2508
 2528
 2550
 2574
 2594
 2618
 2646
 2666
 2692
 2722
 2746
 2770
 2798
 2828
 2850
 2870
 2892
 2908
 2926
 2942
 2960
 2984
 3006
 3028
 3052
 3078
 3094
 3112
 3124
 3138
 3154
 3172
 3182
 3196
 3212
 3226
 3242
 3256
 3270
 3286
 3300
 3314
 3328
 3340
 3354
 3366
 3378
 3388
 3400
 3406
 3416
 3422
 3424
 3414
 3398
 3380
 3352
 3316
 3272
 3226
 3180
 3134
 3086
 3040
 2994
 2944
 2898
 2854
 2806
 2764
 2728
 2696
 2666
 2640
 2612
 2580
 2548
 2520
 2492
 2466
 2442
 2420
 2402
 2382
 2368
 2362
 2358
 2362
 2374
 2392
 2414
 2442
 2474
 2502
 2530
 2556
 2588
 2614
 2640
 2670
 2700
 2732
 2768
 2796
 2826
 2858
 2886
 2914
 2946
 2980
 3018
 3060
 3094
 3124
 3158
 3186
 3212
 3232
 3248
 3268
 3290
 3312
 3334
 3354
 3370
 3390
 3414
 3428
 3444
 3466
 3492
 3520
 3534
 3540
 3538
 3532
 3512
 3484
 3454
 3422
 3384
 3348
 3306
 3256
 3206
 3160
 3108
 3054
 3008
 2960
 2912
 2864
 2814
 2764
 2714
 2666
 2624
 2580
 2536
 2494
 2458
 2414
 2372
 2340
 2308
 2286
 2278
 2276
 2280
 2290
 2308
 2326
 2348
 2374
 2400
 2432
 2460
 2492
 2524
 2558
 2586
 2620
 2650
 2682
 2716
 2748
 2786
 2822
 2864
 2902
 2936
 2970
 2998
 3026
 3054
 3082
 3112
 3134
 3156
 3176
 3200
 3230
 3254
 3280
 3302
 3320
 3334
 3350
 3364
 3376
 3390
 3398
 3402
 3404
 3402
 3400
 3398
 3388
 3366
 3344
 3316
 3278
 3232
 3184
 3130
 3074
 3018
 2960
 2902
 2844
 2786
 2732
 2678
 2628
 2580
 2534
 2486
 2436
 2392
 2340
 2290
 2248
 2208
 2170
 2136
 2104
 2072
 2042
 2022
 2010
 2006
 2008
 2020
 2042
 2060
 2090
 2122
 2146
 2178
 2210
 2242
 2272
 2304
 2336
 2368
 2400
 2430
 2462
 2498
 2528
 2562
 2598
 2636
 2672
 2704
 2740
 2772
 2806
 2846
 2882
 2920
 2956
 2990
 3022
 3054
 3086
 3112
 3138
 3168
 3196
 3224
 3254
 3276
 3298
 3318
 3336
 3352
 3368
 3386
 3400
 3408
 3410
 3396
 3376
 3354
 3322
 3286
 3242
 3194
 3144
 3094
 3044
 2996
 2948
 2900
 2856
 2810
 2754
 2706
 2660
 2612
 2568
 2524
 2482
 2438
 2398
 2358
 2314
 2270
 2230
 2194
 2164
 2136
 2120
 2116
 2116
 2122
 2136
 2152
 2166
 2190
 2214
 2246
 2274
 2306
 2338
 2366
 2394
 2426
 2456
 2488
 2520
 2556
 2594
 2630
 2664
 2704
 2740
 2776
 2816
 2856
 2896
 2926
 2962
 2994
 3022
 3052
 3078
 3104
 3128
 3154
 3178
 3200
 3222
 3242
 3256
 3274
 3286
 3296
 3304
 3308
 3302
 3288
 3272
 3248
 3220
 3186
 3144
 3098
 3048
 3000
 2952
 2902
 2854
 2800
 2754
 2704
 2654
 2610
 2568
 2530
 2492
 2460
 2424
 2386
 2350
 2314
 2278
 2244
 2208
 2184
 2166
 2154
 2148
 2152
 2158
 2172
 2192
 2218
 2248
 2282
 2314
 2342
 2372
 2400
 2432
 2464
 2490
 2522
 2556
 2588
 2616
 2652
 2692
 2726
 2762
 2802
 2838
 2872
 2910
 2948
 2980
 3008
 3034
 3060
 3088
 3116
 3140
 3164
 3186
 3206
 3220
 3228
 3244
 3254
 3264
 3280
 3284
 3274
 3264
 3248
 3222
 3188
 3146
 3096
 3038
 2974
 2908
 2848
 2786
 2730
 2676
 2622
 2576
 2528
 2484
 2446
 2410
 2374
 2336
 2302
 2264
 2222
 2180
 2136
 2094
 2054
 2020
 1990
 1970
 1954
 1946
 1948
 1950
 1960
 1978
 2000
 2028
 2064
 2102
 2134
 2162
 2196
 2228
 2260
 2286
 2316
 2350
 2386
 2422
 2458
 2498
 2548
 2600
 2656
 2704
 2748
 2792
 2832
 2870
 2902
 2930
 2950
 2968
 2992
 3018
 3042
 3066
 3092
 3120
 3144
 3166
 3184
 3204
 3222
 3238
 3252
 3260
 3260
 3250
 3234
 3212
 3176
 3136
 3096
 3048
 2994
 2940
 2888
 2834
 2782
 2724
 2666
 2612
 2558
 2508
 2462
 2422
 2386
 2352
 2322
 2292
 2260
 2228
 2198
 2168
 2140
 2116
 2098
 2086
 2078
 2078
 2084
 2090
 2102
 2118
 2142
 2164
 2190
 2218
 2246
 2272
 2298
 2324
 2354
 2382
 2412
 2446
 2480
 2514
 2550
 2588
 2620
 2654
 2692
 2726
 2758
 2798
 2832
 2860
 2892
 2920
 2944
 2968
 2990
 3014
 3036
 3054
 3074
 3094
 3110
 3132
 3150
 3164
 3180
 3196
 3204
 3194
 3182
 3164
 3142
 3114
 3074
 3028
 2978
 2922
 2868
 2816
 2766
 2720
 2672
 2622
 2574
 2524
 2472
 2422
 2372
 2324
 2280
 2240
 2200
 2158
 2116
 2074
 2036
 2004
 1976
 1956
 1950
 1950
 1954
 1970
 1984
 2000
 2022
 2048
 2070
 2098
 2128
 2158
 2186
 2214
 2248
 2284
 2320
 2356
 2396
 2442
 2480
 2514
 2550
 2582
 2614
 2652
 2688
 2722
 2760
 2800
 2838
 2874
 2908
 2940
 2968
 2992
 3016
 3042
 3064
 3088
 3110
 3128
 3150
 3172
 3182
 3186
 3180
 3160
 3130
 3094
 3052
 3004
 2954
 2906
 2856
 2806
 2752
 2698
 2644
 2594
 2546
 2500
 2450
 2404
 2362
 2318
 2278
 2242
 2206
 2168
 2134
 2098
 2060
 2024
 1992
 1968
 1954
 1948
 1952
 1966
 1990
 2026
 2060
 2098
 2142
 2178
 2218
 2260
 2300
 2342
 2384
 2428
 2466
 2506
 2542
 2578
 2616
 2654
 2688
 2730
 2766
 2800
 2832
 2860
 2896
 2928
 2956
 2992
 3020
 3040
 3056
 3074
 3088
 3106
 3128
 3146
 3164
 3176
 3176
 3160
 3140
 3112
 3076
 3038
 2990
 2940
 2890
 2836
 2778
 2724
 2666
 2606
 2554
 2504
 2450
 2398
 2352
 2302
 2252
 2206
 2162
 2124
 2082
 2040
 2004
 1974
 1948
 1928
 1920
 1922
 1926
 1940
 1958
 1982
 2010
 2044
 2082
 2116
 2150
 2194
 2236
 2276
 2318
 2356
 2398
 2440
 2484
 2524
 2560
 2600
 2632
 2664
 2696
 2728
 2762
 2796
 2832
 2868
 2898
 2918
 2938
 2958
 2976
 2996
 3014
 3028
 3038
 3044
 3044
 3034
 3028
 3016
 2996
 2972
 2946
 2912
 2876
 2840
 2796
 2740
 2686
 2632
 2582
 2536
 2494
 2458
 2424
 2390
 2360
 2328
 2294
 2264
 2232
 2196
 2166
 2134
 2106
 2078
 2058
 2046
 2038
 2040
 2048
 2060
 2078
 2102
 2130
 2166
 2202
 2240
 2272
 2306
 2342
 2372
 2412
 2450
 2486
 2522
 2564
 2606
 2644
 2686
 2724
 2760
 2798
 2836
 2874
 2908
 2938
 2964
 2990
 3016
 3036
 3060
 3084
 3104
 3122
 3142
 3158
 3172
 3188
 3198
 3206
 3208
 3194
 3176
 3154
 3126
 3094
 3052
 3008
 2964
 2920
 2870
 2814
 2764
 2708
 2650
 2598
 2552
 2502
 2458
 2418
 2376
 2330
 2286
 2242
 2200
 2158
 2116
 2078
 2046
 2024
 2006
 1996
 1996
 2000
 2008
 2024
 2046
 2076
 2106
 2142
 2178
 2212
 2248
 2284
 2318
 2354
 2388
 2424
 2462
 2500
 2538
 2578
 2616
 2654
 2692
 2730
 2770
 2810
 2846
 2882
 2918
 2954
 2986
 3016
 3050
 3088
 3114
 3130
 3142
 3152
 3156
 3154
 3154
 3148
 3134
 3116
 3080
 3032
 2982
 2930
 2874
 2820
 2766
 2710
 2652
 2592
 2536
 2484
 2436
 2390
 2348
 2312
 2276
 2244
 2210
 2174
 2144
 2110
 2074
 2044
 2012
 1982
 1956
 1942
 1930
 1928
 1938
 1950
 1968
 1994
 2026
 2062
 2106
 2152
 2194
 2242
 2294
 2340
 2392
 2442
 2490
 2536
 2582
 2632
 2678
 2726
 2776
 2820
 2862
 2898
 2936
 2964
 2996
 3028
 3056
 3078
 3102
 3126
 3142
 3158
 3166
 3158
 3146
 3128
 3102
 3072
 3030
 2982
 2934
 2880
 2824
 2760
 2702
 2648
 2600
 2554
 2504
 2454
 2406
 2352
 2308
 2266
 2226
 2188
 2152
 2116
 2074
 2032
 1996
 1968
 1948
 1938
 1936
 1942
 1954
 1974
 1994
 2022
 2050
 2072
 2104
 2134
 2162
 2188
 2220
 2248
 2276
 2310
 2342
 2376
 2412
 2448
 2490
 2536
 2580
 2624
 2668
 2708
 2738
 2770
 2800
 2826
 2852
 2884
 2916
 2948
 2976
 2998
 3024
 3046
 3062
 3072
 3080
 3088
 3100
 3108
 3102
 3092
 3076
 3048
 3018
 2982
 2934
 2880
 2820
 2754
 2684
 2606
 2528
 2454
 2384
 2320
 2260
 2208
 2158
 2112
 2070
 2026
 1984
 1932
 1884
 1840
 1792
 1760
 1738
 1726
 1720
 1724
 1738
 1752
 1774
 1802
 1836
 1870
 1906
 1942
 1980
 2020
 2052
 2092
 2132
 2170
 2212
 2254
 2296
 2334
 2376
 2416
 2452
 2490
 2526
 2560
 2598
 2634
 2666
 2696
 2728
 2758
 2788
 2812
 2840
 2866
 2886
 2906
 2922
 2934
 2942
 2950
 2960
 2968
 2976
 2974
 2970
 2958
 2940
 2918
 2886
 2844
 2796
 2734
 2676
 2620
 2562
 2512
 2464
 2420
 2374
 2330
 2282
 2232
 2184
 2136
 2090
 2044
 1998
 1956
 1918
 1886
 1854
 1836
 1822
 1812
 1808
 1810
 1818
 1828
 1844
 1862
 1880
 1898
 1918
 1946
 1974
 2002
 2030
 2062
 2096
 2138
 2180
 2228
 2278
 2316
 2360
 2402
 2440
 2472
 2506
 2536
 2560
 2580
 2598
 2616
 2630
 2640
 2646
 2650
 2648
 2638
 2622
 2596
 2564
 2534
 2494
 2454
 2410
 2366
 2318
 2270
 2222
 2172
 2122
 2074
 2026
 1984
 1940
 1898
 1856
 1814
 1772
 1724
 1678
 1638
 1596
 1568
 1550
 1546
 1548
 1558
 1578
 1600
 1626
 1656
 1690
 1724
 1758
 1796
 1840
 1888
 1928
 1968
 2010
 2048
 2090
 2140
 2184
 2224
 2268
 2316
 2358
 2400
 2444
 2484
 2524
 2560
 2596
 2636
 2696
 2772
 2836
 2886
 2926
 2952
 2970
 2972
 2966
 2954
 2938
 2924
 2914
 2900
 2882
 2856
 2820
 2784
 2740
 2692
 2646
 2602
 2556
 2510
 2468
 2428
 2380
 2340
 2298
 2254
 2210
 2168
 2122
 2078
 2040
 2004
 1966
 1932
 1902
 1880
 1868
 1864
 1870
 1880
 1898
 1920
 1944
 1978
 2010
 2044
 2086
 2128
 2168
 2214
 2258
 2300
 2336
 2372
 2410
 2448
 2488
 2524
 2562
 2598
 2632
 2668
 2692
 2720
 2750
 2774
 2802
 2826
 2848
 2866
 2884
 2898
 2908
 2914
 2912
 2898
 2872
 2836
 2794
 2750
 2706
 2662
 2612
 2566
 2522
 2472
 2428
 2386
 2344
 2304
 2270
 2236
 2198
 2158
 2118
 2080
 2046
 2014
 1980
 1948
 1918
 1896
 1888
 1882
 1888
 1896
 1914
 1938
 1966
 2002
 2036
 2070
 2108
 2148
 2190
 2234
 2284
 2336
 2386
 2430
 2476
 2522
 2558
 2596
 2634
 2668
 2698
 2730
 2758
 2780
 2802
 2820
 2836
 2854
 2870
 2886
 2902
 2918
 2934
 2948
 2964
 2986
 3004
 3020
 3030
 3030
 3010
 2988
 2950
 2896
 2838
 2778
 2716
 2658
 2596
 2540
 2484
 2436
 2386
 2336
 2286
 2242
 2190
 2138
 2090
 2044
 1996
 1948
 1906
 1856
 1808
 1764
 1722
 1692
 1670
 1660
 1666
 1678
 1698
 1720
 1748
 1786
 1816
 1846
 1876
 1902
 1926
 1956
 1986
 2012
 2040
 2072
 2102
 2134
 2168
 2200
 2240
 2282
 2326
 2368
 2406
 2442
 2478
 2504
 2528
 2546
 2558
 2568
 2586
 2602
 2616
 2636
 2658
 2678
 2692
 2702
 2712
 2716
 2714
 2710
 2700
 2684
 2662
 2630
 2600
 2564
 2520
 2476
 2434
 2394
 2352
 2312
 2274
 2234
 2196
 2158
 2124
 2090
 2052
 2018
 1982
 1946
 1912
 1874
 1840
 1818
 1806
 1798
 1798
 1804
 1818
 1836
 1862
 1894
 1928
 1960
 1998
 2036
 2072
 2104
 2136
 2172
 2204
 2240
 2272
 2308
 2354
 2396
 2440
 2494
 2542
 2588
 2638
 2682
 2718
 2748
 2774
 2794
 2804
 2808
 2800
 2780
 2748
 2708
 2664
 2614
 2560
 2512
 2462
 2410
 2368
 2326
 2282
 2242
 2206
 2170
 2132
 2094
 2058
 2024
 1988
 1946
 1908
 1874
 1840
 1802
 1760
 1728
 1684
 1636
 1594
 1574
 1572
 1582
 1598
 1618
 1646
 1680
 1716
 1758
 1798
 1838
 1884
 1928
 1968
 2012
 2060
 2100
 2140
 2184
 2230
 2274
 2318
 2358
 2398
 2438
 2476
 2516
 2556
 2598
 2638
 2682
 2728
 2772
 2814
 2854
 2904
 2944
 2986
 3026
 3064
 3092
 3122
 3148
 3168
 3184
 3188
 3186
 3176
 3158
 3132
 3100
 3060
 3018
 2966
 2920
 2868
 2808
 2748
 2684
 2620
 2556
 2496
 2440
 2384
 2330
 2276
 2228
 2184
 2140
 2100
 2068
 2036
 2000
 1972
 1950
 1936
 1930
 1930
 1936
 1950
 1976
 2000
 2026
 2062
 2094
 2128
 2168
 2206
 2248
 2296
 2334
 2378
 2420
 2458
 2502
 2548
 2590
 2628
 2672
 2714
 2754
 2794
 2832
 2866
 2904
 2936
 2970
 3004
 3038
 3064
 3078
 3096
 3104
 3106
 3096
 3068
 3036
 2998
 2948
 2888
 2824
 2754
 2684
 2618
 2552
 2490
 2434
 2384
 2326
 2276
 2232
 2178
 2132
 2094
 2056
 2026
 2000
 1968
 1928
 1888
 1848
 1806
 1764
 1718
 1680
 1650
 1626
 1610
 1608
 1606
 1624
 1644
 1668
 1692
 1722
 1754
 1782
 1812
 1840
 1872
 1910
 1950
 1992
 2036
 2082
 2120
 2162
 2206
 2246
 2294
 2348
 2400
 2450
 2504
 2552
 2592
 2636
 2674
 2712
 2754
 2794
 2836
 2876
 2916
 2952
 2976
 2998
 3030
 3056
 3084
 3110
 3136
 3160
 3184
 3204
 3218
 3234
 3246
 3254
 3256
 3250
 3236
 3216
 3186
 3152
 3112
 3068
 3014
 2958
 2892
 2812
 2738
 2668
 2604
 2548
 2500
 2452
 2402
 2350
 2304
 2270
 2240
 2208
 2180
 2150
 2116
 2068
 2018
 1968
 1896
 1824
 1760
 1704
 1656
 1614
 1576
 1542
 1514
 1488
 1462
 1434
 1402
 1364
 1324
 1278
 1230
 1186
 1134
 1102
 1100
 1124
 1144
 1158
 1176
 1186
 1180
 1164
 1146
 1128
 1098
 1086
 1098
 1120
 1134
 1148
 1182
 1226
 1256
 1290
 1336
 1384
 1428
 1472
 1514
 1552
 1586
 1618
 1652
 1690
 1722
 1750
 1770
 1786
 1802
 1834
 1864
 1892
 1920
 1948
 1972
 2000
 2030
 2060
 2090
 2118
 2144
 2166
 2186
 2208
 2236
 2266
 2302
 2328
 2354
 2384
 2416
 2454
 2488
 2516
 2542
 2570
 2598
 2622
 2644
 2660
 2674
 2688
 2704
 2722
 2742
 2762
 2782
 2796
 2804
 2812
 2816
 2814
 2812
 2804
 2792
 2780
 2766
 2750
 2726
 2700
 2672
 2642
 2612
 2582
 2552
 2520
 2492
 2460
 2424
 2390
 2356
 2316
 2280
 2246
 2210
 2178
 2148
 2116
 2086
 2056
 2032
 2016
 2002
 1998
 2000
 2004
 2006
 2018
 2022
 2028
 2038
 2048
 2060
 2074
 2092
 2112
 2130
 2150
 2168
 2188
 2208
 2228
 2252
 2268
 2280
 2294
 2306
 2320
 2336
 2354
 2374
 2394
 2416
 2434
 2452
 2470
 2490
 2510
 2526
 2544
 2566
 2582
 2592
 2608
 2622
 2632
 2648
 2668
 2686
 2702
 2722
 2738
 2754
 2764
 2772
 2778
 2784
 2786
 2788
 2786
 2782
 2770
 2754
 2742
 2718
 2690
 2658
 2624
 2586
 2554
 2524
 2492
 2460
 2426
 2390
 2356
 2322
 2286
 2256
 2230
 2204
 2176
 2148
 2124
 2100
 2086
 2078
 2074
 2078
 2088
 2104
 2122
 2142
 2160
 2178
 2200
 2220
 2242
 2266
 2292
 2318
 2340
 2360
 2388
 2408
 2428
 2452
 2478
 2506
 2540
 2574
 2604
 2632
 2660
 2688
 2712
 2736
 2762
 2786
 2812
 2834
 2860
 2878
 2892
 2910
 2920
 2926
 2938
 2954
 2964
 2974
 2986
 2996
 3006
 3010
 3010
 3006
 2998
 2984
 2970
 2950
 2930
 2906
 2878
 2840
 2802
 2762
 2714
 2664
 2610
 2556
 2506
 2462
 2414
 2370
 2330
 2288
 2250
 2210
 2170
 2132
 2096
 2062
 2030
 1998
 1978
 1962
 1956
 1956
 1962
 1976
 1994
 2016
 2038
 2062
 2088
 2112
 2140
 2170
 2200
 2234
 2266
 2298
 2324
 2356
 2388
 2418
 2454
 2492
 2526
 2560
 2598
 2632
 2664
 2698
 2730
 2762
 2794
 2822
 2858
 2894
 2930
 2964
 2992
 3018
 3048
 3078
 3108
 3152
 3208
 3256
 3286
 3304
 3306
 3294
 3262
 3216
 3160
 3094
 3018
 2942
 2872
 2802
 2736
 2664
 2596
 2532
 2464
 2402
 2344
 2292
 2236
 2182
 2128
 2068
 2010
 1952
 1902
 1858
 1820
 1794
 1784
 1786
 1788
 1802
 1822
 1838
 1862
 1894
 1928
 1966
 2004
 2044
 2080
 2116
 2154
 2192
 2230
 2264
 2298
 2338
 2378
 2418
 2450
 2486
 2522
 2554
 2586
 2616
 2646
 2678
 2714
 2748
 2782
 2814
 2842
 2870
 2900
 2926
 2950
 2976
 2998
 3020
 3042
 3064
 3074
 3084
 3078
 3048
 3018
 2976
 2924
 2868
 2812
 2748
 2684
 2616
 2552
 2490
 2426
 2366
 2308
 2252
 2200
 2152
 2100
 2044
 1996
 1938
 1880
 1830
 1784
 1736
 1694
 1662
 1638
 1626
 1628
 1638
 1654
 1676
 1704
 1736
 1776
 1816
 1858
 1898
 1948
 1990
 2034
 2088
 2140
 2188
 2236
 2286
 2334
 2376
 2422
 2464
 2508
 2556
 2606
 2652
 2700
 2744
 2788
 2828
 2862
 2896
 2930
 2952
 2974
 3002
 3026
 3052
 3072
 3092
 3104
 3120
 3128
 3132
 3134
 3126
 3112
 3092
 3064
 3028
 2984
 2928
 2866
 2808
 2746
 2680
 2618
 2558
 2496
 2438
 2390
 2340
 2292
 2244
 2198
 2160
 2118
 2080
 2044
 2008
 1978
 1956
 1938
 1932
 1938
 1942
 1952
 1970
 1996
 2022
 2058
 2096
 2130
 2168
 2208
 2246
 2284
 2324
 2366
 2414
 2470
 2522
 2566
 2606
 2648
 2682
 2716
 2754
 2796
 2834
 2874
 2918
 2950
 2980
 3004
 3024
 3042
 3056
 3064
 3064
 3062
 3056
 3042
 3024
 3006
 2976
 2938
 2896
 2848
 2798
 2748
 2696
 2638
 2582
 2522
 2468
 2418
 2366
 2322
 2278
 2240
 2204
 2164
 2130
 2090
 2042
 1998
 1962
 1930
 1906
 1894
 1890
 1892
 1906
 1922
 1950
 1984
 2022
 2062
 2110
 2152
 2192
 2240
 2284
 2324
 2370
 2418
 2464
 2514
 2570
 2620
 2666
 2712
 2758
 2802
 2844
 2886
 2928
 2968
 3012
 3058
 3110
 3160
 3204
 3238
 3256
 3258
 3236
 3194
 3142
 3080
 3010
 2938
 2862
 2786
 2714
 2644
 2576
 2514
 2454
 2396
 2346
 2292
 2236
 2184
 2124
 2066
 2016
 1962
 1906
 1860
 1818
 1776
 1748
 1730
 1720
 1724
 1732
 1754
 1782
 1818
 1854
 1894
 1946
 1994
 2032
 2080
 2130
 2178
 2228
 2282
 2336
 2382
 2434
 2478
 2522
 2568
 2614
 2660
 2706
 2752
 2796
 2838
 2874
 2916
 2952
 2978
 2988
 2986
 2976
 2956
 2928
 2896
 2858
 2824
 2786
 2746
 2700
 2652
 2596
 2538
 2482
 2426
 2374
 2318
 2258
 2204
 2144
 2086
 2032
 1982
 1936
 1898
 1874
 1854
 1848
 1852
 1864
 1886
 1914
 1952
 1994
 2040
 2092
 2140
 2190
 2244
 2290
 2352
 2414
 2472
 2530
 2590
 2654
 2710
 2766
 2814
 2862
 2910
 2950
 2990
 3030
 3068
 3102
 3136
 3162
 3190
 3218
 3230
 3230
 3218
 3192
 3160
 3122
 3076
 3018
 2956
 2886
 2816
 2742
 2672
 2606
 2544
 2486
 2428
 2362
 2300
 2246
 2180
 2124
 2072
 2018
 1960
 1906
 1858
 1808
 1762
 1726
 1702
 1692
 1694
 1700
 1720
 1746
 1774
 1804
 1840
 1872
 1910
 1954
 1996
 2036
 2076
 2120
 2160
 2200
 2238
 2276
 2324
 2376
 2426
 2478
 2532
 2582
 2626
 2676
 2718
 2762
 2810
 2850
 2878
 2908
 2934
 2946
 2956
 2956
 2948
 2930
 2904
 2868
 2828
 2786
 2742
 2688
 2638
 2588
 2528
 2474
 2422
 2368
 2322
 2274
 2226
 2172
 2114
 2056
 2002
 1952
 1898
 1852
 1808
 1774
 1748
 1736
 1736
 1738
 1748
 1766
 1792
 1826
 1862
 1906
 1942
 1988
 2032
 2074
 2122
 2166
 2214
 2260
 2310
 2360
 2408
 2454
 2504
 2548
 2596
 2642
 2686
 2730
 2774
 2818
 2856
 2894
 2930
 2962
 2984
 2996
 3000
 2992
 2976
 2954
 2922
 2880
 2830
 2782
 2732
 2678
 2626
 2576
 2528
 2482
 2436
 2392
 2348
 2300
 2252
 2210
 2168
 2126
 2084
 2048
 2016
 1992
 1972
 1966
 1964
 1968
 1978
 1996
 2022
 2050
 2086
 2116
 2148
 2178
 2208
 2246
 2280
 2314
 2352
 2394
 2434
 2480
 2522
 2564
 2610
 2650
 2688
 2730
 2766
 2802
 2840
 2880
 2912
 2946
 2972
 2994
 3006
 3014
 3016
 3016
 3006
 2990
 2966
 2938
 2900
 2854
 2810
 2754
 2702
 2650
 2596
 2544
 2494
 2444
 2396
 2348
 2292
 2236
 2186
 2128
 2068
 2010
 1952
 1900
 1848
 1800
 1770
 1748
 1738
 1736
 1744
 1766
 1792
 1826
 1852
 1878
 1904
 1928
 1956
 1984
 2016
 2058
 2102
 2148
 2198
 2240
 2294
 2342
 2382
 2426
 2464
 2500
 2540
 2582
 2620
 2656
 2694
 2730
 2766
 2804
 2840
 2876
 2914
 2950
 2984
 3018
 3036
 3052
 3070
 3076
 3082
 3088
 3090
 3096
 3108
 3120
 3130
 3136
 3130
 3114
 3100
 3074
 3042
 3010
 2970
 2928
 2882
 2832
 2774
 2724
 2666
 2616
 2566
 2516
 2468
 2420
 2376
 2330
 2286
 2240
 2194
 2152
 2112
 2072
 2042
 2020
 2012
 2010
 2016
 2028
 2038
 2060
 2086
 2120
 2156
 2194
 2238
 2276
 2314
 2354
 2396
 2446
 2496
 2542
 2590
 2638
 2684
 2732
 2778
 2816
 2854
 2898
 2938
 2978
 3012
 3044
 3066
 3090
 3108
 3116
 3112
 3090
 3054
 3014
 2968
 2920
 2874
 2828
 2782
 2736
 2686
 2630
 2582
 2530
 2474
 2426
 2380
 2332
 2282
 2234
 2182
 2124
 2064
 2002
 1942
 1888
 1836
 1796
 1768
 1758
 1760
 1764
 1782
 1810
 1830
 1860
 1898
 1936
 1972
 2012
 2054
 2092
 2130
 2164
 2200
 2242
 2280
 2326
 2376
 2428
 2480
 2532
 2574
 2612
 2658
 2696
 2734
 2772
 2810
 2844
 2886
 2932
 2976
 3026
 3070
 3110
 3144
 3170
 3186
 3196
 3192
 3182
 3164
 3136
 3100
 3054
 3000
 2936
 2870
 2808
 2744
 2682
 2624
 2564
 2506
 2446
 2392
 2338
 2292
 2248
 2204
 2160
 2116
 2074
 2032
 1984
 1942
 1902
 1858
 1826
 1808
 1802
 1802
 1812
 1832
 1850
 1876
 1902
 1932
 1962
 1996
 2036
 2082
 2126
 2170
 2208
 2252
 2298
 2336
 2382
 2428
 2472
 2516
 2560
 2606
 2646
 2692
 2738
 2784
 2828
 2872
 2912
 2952
 2992
 3028
 3064
 3086
 3106
 3134
 3150
 3164
 3172
 3164
 3140
 3118
 3088
 3046
 2998
 2944
 2892
 2840
 2784
 2728
 2674
 2618
 2568
 2516
 2462
 2414
 2360
 2308
 2256
 2206
 2152
 2100
 2050
 1994
 1942
 1892
 1850
 1822
 1806
 1802
 1810
 1826
 1848
 1870
 1898
 1934
 1958
 1990
 2024
 2060
 2096
 2134
 2172
 2212
 2252
 2288
 2326
 2368
 2406
 2442
 2478
 2516
 2552
 2588
 2618
 2654
 2690
 2720
 2754
 2784
 2812
 2840
 2872
 2906
 2938
 2966
 2988
 3014
 3026
 3036
 3044
 3050
 3050
 3042
 3024
 3004
 2974
 2942
 2906
 2858
 2810
 2762
 2712
 2664
 2618
 2574
 2530
 2486
 2438
 2394
 2352
 2308
 2268
 2228
 2194
 2160
 2130
 2104
 2082
 2072
 2068
 2068
 2074
 2090
 2108
 2130
 2158
 2184
 2212
 2238
 2266
 2296
 2326
 2354
 2386
 2418
 2450
 2488
 2518
 2540
 2572
 2604
 2630
 2666
 2700
 2728
 2756
 2794
 2828
 2860
 2892
 2920
 2944
 2960
 2974
 2990
 3010
 3028
 3048
 3062
 3064
 3052
 3036
 3010
 2966
 2918
 2866
 2810
 2756
 2704
 2652
 2600
 2550
 2496
 2450
 2404
 2356
 2312
 2266
 2222
 2176
 2124
 2072
 2022
 1962
 1910
 1862
 1820
 1786
 1766
 1760
 1760
 1770
 1788
 1810
 1840
 1872
 1908
 1948
 1990
 2030
 2066
 2110
 2148
 2182
 2222
 2258
 2292
 2332
 2376
 2420
 2454
 2488
 2526
 2564
 2604
 2642
 2678
 2718
 2760
 2798
 2836
 2874
 2910
 2956
 2996
 3032
 3066
 3096
 3112
 3122
 3122
 3106
 3078
 3042
 2998
 2948
 2892
 2836
 2778
 2720
 2660
 2602
 2542
 2482
 2430
 2368
 2314
 2266
 2222
 2178
 2132
 2084
 2026
 1964
 1900
 1838
 1776
 1718
 1664
 1622
 1594
 1580
 1574
 1586
 1598
 1616
 1642
 1674
 1704
 1738
 1778
 1814
 1848
 1884
 1918
 1952
 1984
 2016
 2050
 2086
 2124
 2158
 2186
 2224
 2258
 2284
 2318
 2354
 2386
 2418
 2450
 2484
 2514
 2546
 2574
 2604
 2638
 2670
 2704
 2742
 2778
 2814
 2852
 2890
 2918
 2948
 2978
 2990
 2990
 2978
 2958
 2932
 2896
 2854
 2802
 2752
 2700
 2648
 2596
 2542
 2490
 2440
 2392
 2348
 2302
 2250
 2196
 2144
 2078
 2018
 1960
 1898
 1838
 1786
 1738
 1690
 1656
 1634
 1632
 1636
 1648
 1668
 1698
 1732
 1764
 1796
 1836
 1870
 1902
 1944
 1986
 2024
 2064
 2108
 2148
 2184
 2220
 2256
 2296
 2336
 2374
 2414
 2460
 2504
 2550
 2598
 2636
 2680
 2726
 2764
 2804
 2844
 2886
 2924
 2960
 2992
 3012
 3022
 3016
 2998
 2976
 2946
 2908
 2872
 2828
 2784
 2740
 2692
 2634
 2574
 2520
 2458
 2402
 2352
 2308
 2266
 2228
 2190
 2146
 2100
 2050
 2004
 1958
 1912
 1872
 1840
 1820
 1816
 1818
 1822
 1838
 1858
 1872
 1898
 1932
 1970
 2016
 2080
 2140
 2188
 2240
 2284
 2330
 2374
 2412
 2446
 2484
 2522
 2562
 2602
 2640
 2680
 2726
 2772
 2816
 2866
 2918
 2964
 3006
 3044
 3072
 3084
 3076
 3054
 3020
 2976
 2928
 2880
 2830
 2782
 2736
 2692
 2642
 2590
 2544
 2488
 2430
 2376
 2326
 2278
 2232
 2188
 2136
 2084
 2036
 1984
 1940
 1900
 1858
 1826
 1810
 1804
 1812
 1820
 1840
 1870
 1892
 1926
 1962
 2002
 2040
 2080
 2128
 2168
 2212
 2258
 2300
 2352
 2402
 2450
 2496
 2546
 2594
 2648
 2700
 2744
 2790
 2840
 2884
 2926
 2966
 3008
 3044
 3078
 3106
 3132
 3156
 3174
 3192
 3208
 3222
 3232
 3236
 3224
 3202
 3172
 3130
 3072
 3014
 2948
 2876
 2808
 2740
 2670
 2604
 2542
 2480
 2422
 2362
 2302
 2248
 2190
 2136
 2086
 2038
 1996
 1952
 1906
 1874
 1846
 1828
 1822
 1828
 1838
 1858
 1884
 1912
 1940
 1976
 2010
 2048
 2086
 2128
 2172
 2220
 2266
 2308
 2352
 2398
 2440
 2482
 2524
 2566
 2610
 2652
 2698
 2740
 2778
 2816
 2854
 2884
 2908
 2926
 2944
 2960
 2976
 2994
 3000
 3010
 3014
 3014
 3012
 3006
 2992
 2970
 2950
 2922
 2888
 2854
 2812
 2764
 2722
 2674
 2626
 2580
 2536
 2488
 2444
 2394
 2342
 2296
 2240
 2184
 2122
 2060
 1994
 1930
 1872
 1812
 1756
 1706
 1658
 1622
 1596
 1586
 1586
 1598
 1620
 1642
 1662
 1692
 1712
 1722
 1734
 1750
 1766
 1782
 1808
 1836
 1856
 1878
 1896
 1920
 1944
 1970
 1994
 2026
 2058
 2096
 2134
 2172
 2212
 2262
 2304
 2354
 2404
 2450
 2496
 2544
 2590
 2630
 2670
 2708
 2746
 2786
 2822
 2854
 2890
 2926
 2960
 2996
 3028
 3048
 3072
 3096
 3116
 3136
 3154
 3172
 3180
 3176
 3154
 3120
 3064
 2990
 2918
 2844
 2768
 2698
 2638
 2580
 2526
 2468
 2414
 2366
 2312
 2268
 2228
 2190
 2152
 2116
 2078
 2036
 1992
 1946
 1902
 1864
 1832
 1814
 1812
 1822
 1832
 1852
 1880
 1908
 1940
 1980
 2022
 2068
 2116
 2160
 2200
 2238
 2278
 2318
 2362
 2406
 2450
 2496
 2542
 2588
 2634
 2676
 2712
 2750
 2786
 2814
 2846
 2880
 2912
 2944
 2972
 2996
 3014
 3040
 3060
 3080
 3098
 3110
 3118
 3122
 3118
 3106
 3088
 3062
 3028
 2986
 2930
 2876
 2822
 2756
 2694
 2634
 2574
 2514
 2462
 2412
 2362
 2318
 2274
 2236
 2198
 2162
 2130
 2100
 2074
 2052
 2030
 2002
 1982
 1972
 1964
 1964
 1972
 1984
 2000
 2026
 2060
 2092
 2126
 2164
 2202
 2242
 2284
 2328
 2376
 2426
 2480
 2534
 2582
 2628
 2678
 2726
 2774
 2826
 2876
 2926
 2972
 3016
 3052
 3086
 3112
 3130
 3144
 3146
 3146
 3146
 3140
 3132
 3120
 3104
 3080
 3044
 3000
 2956
 2902
 2840
 2782
 2718
 2656
 2600
 2548
 2494
 2440
 2390
 2342
 2300
 2258
 2218
 2180
 2138
 2096
 2052
 2004
 1952
 1896
 1844
 1788
 1740
 1708
 1692
 1690
 1700
 1720
 1748
 1780
 1816
 1852
 1892
 1932
 1974
 2024
 2070
 2120
 2164
 2206
 2250
 2298
 2344
 2394
 2450
 2504
 2556
 2608
 2658
 2702
 2748
 2792
 2840
 2886
 2924
 2964
 2996
 3040
 3108
 3180
 3234
 3280
 3328
 3360
 3388
 3422
 3464
 3512
 3562
 3596
 3606
 3596
 3572
 3536
 3488
 3424
 3348
 3272
 3202
 3144
 3080
 3008
 2942
 2874
 2796
 2718
 2634
 2552
 2472
 2394
 2316
 2230
 2144
 2060
 1982
 1908
 1836
 1776
 1722
 1682
 1662
 1662
 1662
 1668
 1692
 1728
 1768
 1812
 1866
 1914
 1962
 2014
 2064
 2116
 2164
 2212
 2272
 2334
 2392
 2448
 2506
 2556
 2606
 2652
 2694
 2730
 2768
 2808
 2846
 2880
 2920
 2962
 3006
 3054
 3096
 3140
 3180
 3214
 3246
 3276
 3296
 3310
 3328
 3346
 3360
 3372
 3382
 3374
 3352
 3322
 3284
 3236
 3178
 3112
 3048
 2984
 2922
 2858
 2796
 2738
 2682
 2618
 2560
 2506
 2446
 2394
 2348
 2302
 2248
 2200
 2152
 2100
 2048
 1998
 1954
 1916
 1888
 1876
 1878
 1892
 1904
 1930
 1960
 1984
 2018
 2056
 2094
 2130
 2170
 2210
 2244
 2286
 2330
 2378
 2428
 2474
 2522
 2572
 2620
 2668
 2706
 2746
 2792
 2826
 2866
 2906
 2948
 2994
 3042
 3092
 3134
 3174
 3204
 3228
 3252
 3272
 3294
 3316
 3338
 3358
 3376
 3388
 3390
 3388
 3346
 3276
 3182
 3074
 2972
 2878
 2796
 2714
 2636
 2564
 2496
 2432
 2372
 2316
 2262
 2214
 2170
 2126
 2080
 2040
 1998
 1956
 1922
 1888
 1858
 1826
 1796
 1768
 1740
 1722
 1714
 1714
 1726
 1742
 1768
 1802
 1842
 1874
 1916
 1960
 1992
 2028
 2072
 2110
 2146
 2182
 2218
 2248
 2284
 2318
 2352
 2388
 2424
 2460
 2502
 2542
 2580
 2622
 2660
 2692
 2730
 2768
 2806
 2848
 2892
 2942
 2992
 3042
 3084
 3120
 3154
 3182
 3204
 3222
 3232
 3238
 3238
 3236
 3238
 3240
 3242
 3244
 3226
 3202
 3178
 3142
 3098
 3046
 2994
 2936
 2876
 2816
 2744
 2674
 2602
 2538
 2482
 2426
 2372
 2318
 2262
 2212
 2164
 2112
 2056
 2010
 1956
 1902
 1860
 1824
 1796
 1780
 1776
 1780
 1790
 1808
 1830
 1856
 1882
 1912
 1944
 1978
 2018
 2060
 2096
 2136
 2174
 2208
 2250
 2292
 2336
 2376
 2428
 2476
 2518
 2558
 2594
 2628
 2662
 2692
 2722
 2750
 2778
 2804
 2830
 2850
 2866
 2892
 2916
 2940
 2966
 3000
 3024
 3044
 3064
 3072
 3074
 3062
 3042
 3022
 2998
 2968
 2934
 2894
 2852
 2806
 2756
 2704
 2654
 2600
 2546
 2492
 2442
 2396
 2350
 2304
 2258
 2210
 2160
 2110
 2066
 2024
 1984
 1956
 1940
 1934
 1932
 1942
 1954
 1968
 1988
 2010
 2032
 2058
 2086
 2116
 2144
 2176
 2214
 2252
 2286
 2328
 2370
 2418
 2464
 2506
 2546
 2588
 2630
 2664
 2700
 2732
 2762
 2792
 2818
 2844
 2866
 2884
 2902
 2914
 2926
 2930
 2922
 2908
 2888
 2864
 2834
 2798
 2768
 2728
 2688
 2646
 2602
 2552
 2502
 2456
 2400
 2346
 2294
 2250
 2212
 2176
 2144
 2114
 2080
 2040
 2008
 1976
 1944
 1930
 1922
 1926
 1936
 1960
 1990
 2022
 2062
 2104
 2150
 2196
 2242
 2290
 2348
 2400
 2448
 2498
 2538
 2580
 2622
 2664
 2706
 2750
 2794
 2832
 2874
 2908
 2944
 2972
 2996
 3026
 3062
 3096
 3124
 3150
 3182
 3206
 3218
 3204
 3176
 3138
 3094
 3040
 2976
 2908
 2836
 2764
 2696
 2626
 2558
 2494
 2434
 2372
 2310
 2258
 2210
 2156
 2108
 2058
 2006
 1954
 1906
 1854
 1804
 1756
 1710
 1670
 1642
 1624
 1626
 1638
 1650
 1670
 1702
 1726
 1760
 1800
 1842
 1892
 1942
 1996
 2044
 2086
 2130
 2172
 2216
 2256
 2302
 2350
 2402
 2450
 2496
 2536
 2582
 2624
 2668
 2712
 2748
 2782
 2812
 2840
 2858
 2868
 2872
 2874
 2878
 2894
 2918
 2940
 2966
 2982
 2982
 2966
 2934
 2896
 2850
 2798
 2750
 2698
 2646
 2598
 2554
 2510
 2466
 2420
 2374
 2332
 2290
 2246
 2204
 2160
 2114
 2062
 2014
 1968
 1920
 1880
 1850
 1834
 1828
 1834
 1848
 1864
 1888
 1914
 1948
 1982
 2020
 2062
 2106
 2150
 2190
 2226
 2270
 2310
 2348
 2390
 2430
 2466
 2506
 2548
 2586
 2622
 2658
 2690
 2722
 2754
 2786
 2820
 2854
 2890
 2924
 2960
 2988
 3018
 3060
 3102
 3142
 3178
 3206
 3222
 3228
 3226
 3214
 3196
 3178
 3160
 3140
 3112
 3082
 3050
 3014
 2978
 2934
 2886
 2838
 2806
 2774
 2744
 2716
 2684
 2650
 2610
 2568
 2516
 2468
 2416
 2366
 2326
 2294
 2272
 2260
 2260
 2270
 2282
 2302
 2328
 2348
 2376
 2408
 2440
 2476
 2516
 2558
 2592
 2628
 2662
 2700
 2738
 2776
 2818
 2868
 2912
 2960
 3012
 3064
 3122
 3174
 3222
 3268
 3310
 3350
 3386
 3418
 3442
 3460
 3468
 3458
 3434
 3402
 3362
 3312
 3264
 3208
 3154
 3096
 3030
 2960
 2872
 2786
 2716
 2648
 2578
 2520
 2480
 2454
 2470
 2492
 2482
 2460
 2438
 2422
 2392
 2350
 2306
 2272
 2238
 2188
 2140
 2102
 2060
 2012
 1966
 1930
 1898
 1878
 1872
 1868
 1880
 1898
 1920
 1940
 1956
 1974
 1994
 2008
 2026
 2040
 2054
 2054
 2056
 2064
 2082
 2098
 2108
 2116
 2134
 2154
 2176
 2206
 2242
 2276
 2306
 2346
 2382
 2428
 2478
 2520
 2564
 2612
 2654
 2694
 2734
 2772
 2806
 2840
 2876
 2910
 2946
 2982
 3018
 3052
 3082
 3102
 3122
 3146
 3158
 3166
 3160
 3140
 3116
 3090
 3056
 3022
 2980
 2938
 2896
 2850
 2802
 2756
 2712
 2666
 2618
 2578
 2534
 2490
 2454
 2414
 2378
 2342
 2310
 2274
 2238
 2204
 2164
 2124
 2084
 2052
 2028
 2010
 2002
 2006
 2016
 2034
 2054
 2078
 2108
 2130
 2144
 2154
 2162
 2168
 2174
 2184
 2194
 2202
 2212
 2222
 2232
 2242
 2254
 2268
 2284
 2304
 2326
 2352
 2372
 2394
 2424
 2450
 2480
 2508
 2538
 2564
 2594
 2626
 2650
 2676
 2698
 2722
 2746
 2766
 2788
 2814
 2838
 2862
 2882
 2894
 2898
 2908
 2916
 2924
 2936
 2944
 2940
 2928
 2916
 2894
 2866
 2834
 2798
 2760
 2718
 2672
 2628
 2586
 2548
 2510
 2474
 2432
 2398
 2362
 2322
 2290
 2256
 2222
 2188
 2158
 2124
 2092
 2066
 2048
 2036
 2030
 2032
 2040
 2054
 2074
 2100
 2128
 2158
 2188
 2226
 2266
 2312
 2366
 2416
 2464
 2512
 2560
 2602
 2640
 2676
 2710
 2748
 2786
 2822
 2858
 2896
 2946
 3006
 3068
 3124
 3178
 3232
 3274
 3312
 3346
 3366
 3382
 3394
 3414
 3472
 3558
 3640
 3698
 3742
 3764
 3764
 3754
 3732
 3702
 3666
 3620
 3566
 3514
 3460
 3394
 3324
 3250
 3176
 3106
 3046
 2984
 2928
 2868
 2810
 2750
 2692
 2638
 2584
 2538
 2504
 2478
 2460
 2446
 2440
 2444
 2448
 2454
 2466
 2480
 2500
 2520
 2548
 2574
 2600
 2628
 2656
 2686
 2716
 2744
 2778
 2814
 2850
 2888
 2922
 2952
 2972
 3000
 3026
 3048
 3078
 3104
 3128
 3156
 3186
 3214
 3238
 3258
 3272
 3286
 3296
 3292
 3288
 3282
 3274
 3262
 3240
 3212
 3180
 3150
 3112
 3068
 3018
 2964
 2904
 2844
 2784
 2730
 2680
 2634
 2584
 2536
 2490
 2446
 2402
 2362
 2330
 2304
 2288
 2280
 2282
 2288
 2294
 2312
 2334
 2358
 2390
 2426
 2462
 2496
 2534
 2574
 2618
 2662
 2712
 2760
 2810
 2864
 2918
 2968
 3010
 3042
 3076
 3104
 3134
 3164
 3194
 3218
 3244
 3272
 3296
 3314
 3326
 3328
 3318
 3302
 3272
 3234
 3190
 3140
 3088
 3026
 2960
 2888
 2818
 2740
 2666
 2600
 2538
 2474
 2410
 2352
 2292
 2234
 2174
 2106
 2038
 1966
 1894
 1830
 1770
 1710
 1660
 1612
 1570
 1540
 1510
 1496
 1490
 1496
 1506
 1524
 1552
 1578
 1610
 1642
 1680
 1722
 1762
 1802
 1844
 1886
 1930
 1970
 2010
 2056
 2100
 2144
 2190
 2238
 2288
 2342
 2396
 2440
 2480
 2522
 2566
 2612
 2664
 2714
 2760
 2798
 2828
 2852
 2882
 2912
 2934
 2958
 2994
 3022
 3036
 3032
 3016
 2996
 2968
 2922
 2870
 2814
 2752
 2686
 2624
 2562
 2498
 2438
 2382
 2326
 2272
 2218
 2162
 2102
 2044
 1984
 1924
 1872
 1824
 1778
 1734
 1698
 1662
 1632
 1612
 1600
 1596
 1600
 1610
 1626
 1646
 1672
 1700
 1730
 1760
 1802
 1836
 1870
 1912
 1954
 1990
 2030
 2078
 2124
 2162
 2214
 2264
 2318
 2370
 2420
 2470
 2526
 2580
 2642
 2708
 2770
 2826
 2886
 2942
 2994
 3036
 3074
 3108
 3140
 3166
 3186
 3208
 3228
 3248
 3268
 3286
 3304
 3322
 3342
 3358
 3372
 3372
 3354
 3328
 3280
 3206
 3132
 3060
 2982
 2906
 2828
 2744
 2670
 2598
 2526
 2456
 2388
 2322
 2262
 2202
 2144
 2094
 2048
 1990
 1938
 1892
 1846
 1800
 1758
 1720
 1682
 1650
 1632
 1622
 1624
 1632
 1648
 1674
 1696
 1724
 1758
 1782
 1812
 1842
 1876
 1912
 1950
 1994
 2030
 2064
 2096
 2124
 2154
 2188
 2226
 2276
 2328
 2376
 2420
 2468
 2512
 2556
 2606
 2654
 2694
 2740
 2786
 2818
 2840
 2854
 2862
 2870
 2874
 2874
 2870
 2864
 2852
 2840
 2826
 2802
 2778
 2752
 2716
 2678
 2638
 2594
 2548
 2508
 2470
 2430
 2396
 2370
 2350
 2326
 2294
 2254
 2210
 2166
 2120
 2064
 2012
 1956
 1898
 1850
 1804
 1768
 1738
 1724
 1716
 1714
 1724
 1740
 1762
 1786
 1810
 1838
 1866
 1896
 1926
 1948
 1978
 2002
 2022
 2052
 2078
 2102
 2124
 2154
 2182
 2208
 2240
 2274
 2310
 2344
 2378
 2416
 2458
 2498
 2538
 2582
 2624
 2666
 2698
 2736
 2768
 2796
 2822
 2842
 2858
 2870
 2886
 2898
 2912
 2926
 2934
 2932
 2918
 2898
 2878
 2850
 2814
 2774
 2736
 2696
 2658
 2622
 2580
 2546
 2508
 2470
 2434
 2396
 2358
 2320
 2286
 2250
 2208
 2170
 2130
 2092
 2056
 2022
 1992
 1966
 1950
 1946
 1950
 1952
 1962
 1976
 1986
 2000
 2024
 2050
 2076
 2106
 2138
 2164
 2190
 2218
 2244
 2274
 2302
 2332
 2366
 2400
 2442
 2478
 2514
 2554
 2592
 2628
 2666
 2702
 2736
 2772
 2812
 2842
 2872
 2902
 2924
 2950
 2982
 3018
 3054
 3084
 3112
 3128
 3132
 3128
 3116
 3090
 3056
 3014
 2968
 2914
 2860
 2804
 2748
 2692
 2640
 2588
 2538
 2490
 2442
 2398
 2356
 2312
 2266
 2224
 2180
 2128
 2078
 2030
 1982
 1940
 1902
 1874
 1852
 1838
 1834
 1838
 1850
 1864
 1886
 1914
 1948
 1980
 2012
 2052
 2080
 2110
 2140
 2174
 2206
 2244
 2286
 2322
 2358
 2396
 2438
 2484
 2530
 2576
 2622
 2666
 2712
 2750
 2790
 2828
 2868
 2916
 2950
 2984
 3016
 3038
 3056
 3086
 3116
 3138
 3162
 3180
 3198
 3218
 3240
 3256
 3274
 3292
 3310
 3326
 3336
 3336
 3334
 3322
 3296
 3248
 3190
 3126
 3062
 2998
 2930
 2864
 2802
 2738
 2680
 2624
 2568
 2516
 2468
 2422
 2376
 2322
 2264
 2216
 2158
 2098
 2044
 1992
 1942
 1896
 1860
 1824
 1796
 1782
 1776
 1784
 1796
 1816
 1842
 1878
 1916
 1950
 1986
 2030
 2064
 2096
 2132
 2170
 2208
 2246
 2292
 2332
 2368
 2408
 2442
 2478
 2514
 2550
 2588
 2630
 2670
 2708
 2752
 2790
 2828
 2878
 2918
 2962
 3002
 3040
 3066
 3092
 3116
 3134
 3156
 3170
 3184
 3198
 3212
 3226
 3238
 3248
 3260
 3268
 3280
 3282
 3290
 3308
 3320
 3332
 3334
 3302
 3256
 3212
 3148
 3076
 3000
 2916
 2836
 2762
 2690
 2622
 2558
 2500
 2446
 2384
 2326
 2268
 2196
 2134
 2078
 2028
 1978
 1934
 1896
 1854
 1816
 1776
 1744
 1718
 1706
 1708
 1722
 1736
 1758
 1798
 1832
 1870
 1914
 1958
 2002
 2044
 2090
 2130
 2170
 2212
 2254
 2302
 2350
 2402
 2458
 2512
 2564
 2630
 2710
 2788
 2876
 2964
 3044
 3110
 3174
 3224
 3260
 3282
 3296
 3304
 3310
 3314
 3310
 3292
 3268
 3244
 3226
 3206
 3180
 3158
 3130
 3100
 3060
 3014
 2956
 2890
 2810
 2724
 2644
 2572
 2500
 2434
 2380
 2320
 2258
 2204
 2140
 2084
 2030
 1978
 1930
 1892
 1866
 1844
 1836
 1836
 1846
 1860
 1884
 1916
 1952
 1986
 2020
 2056
 2096
 2130
 2176
 2218
 2260
 2306
 2356
 2400
 2438
 2480
 2522
 2564
 2602
 2642
 2682
 2722
 2768
 2812
 2854
 2892
 2920
 2946
 2966
 2978
 2988
 2988
 2988
 2994
 3004
 3016
 3026
 3034
 3034
 3028
 3014
 2990
 2962
 2928
 2890
 2850
 2798
 2748
 2698
 2642
 2594
 2548
 2506
 2462
 2422
 2384
 2350
 2320
 2296
 2286
 2280
 2282
 2294
 2308
 2328
 2350
 2376
 2400
 2428
 2454
 2478
 2506
 2536
 2570
 2602
 2636
 2666
 2692
 2716
 2734
 2754
 2774
 2794
 2812
 2830
 2848
 2860
 2878
 2892
 2906
 2928
 2944
 2960
 2978
 3002
 3024
 3044
 3062
 3070
 3068
 3054
 3032
 2998
 2956
 2900
 2840
 2774
 2708
 2644
 2586
 2532
 2474
 2420
 2370
 2318
 2272
 2230
 2188
 2144
 2104
 2062
 2012
 1960
 1906
 1850
 1800
 1754
 1712
 1686
 1676
 1672
 1676
 1692
 1708
 1728
 1758
 1792
 1828
 1868
 1912
 1952
 1994
 2038
 2076
 2118
 2164
 2208
 2260
 2314
 2368
 2416
 2462
 2514
 2564
 2610
 2658
 2706
 2754
 2794
 2832
 2858
 2880
 2902
 2916
 2928
 2930
 2922
 2900
 2878
 2846
 2810
 2764
 2716
 2670
 2616
 2564
 2512
 2464
 2434
 2432
 2414
 2370
 2324
 2266
 2194
 2122
 2040
 1942
 1848
 1750
 1646
 1550
 1454
 1360
 1280
 1198
 1124
 1058
 992
 926
 852
 780
 710
 644
 582
 520
 474
 450
 476
 512
 538
 600
 668
 730
 792
 856
 924
 984
 1042
 1098
 1152
 1212
 1266
 1316
 1368
 1414
 1450
 1486
 1518
 1550
 1590
 1630
 1674
 1718
 1762
 1804
 1846
 1888
 1922
 1964
 2002
 2042
 2084
 2130
 2178
 2220
 2268
 2308
 2348
 2388
 2426
 2466
 2506
 2548
 2590
 2634
 2674
 2708
 2746
 2780
 2816
 2850
 2882
 2910
 2938
 2964
 2982
 3000
 3006
 3008
 3002
 2974
 2938
 2898
 2856
 2810
 2762
 2714
 2664
 2614
 2564
 2516
 2472
 2430
 2392
 2358
 2324
 2282
 2246
 2216
 2176
 2144
 2116
 2086
 2054
 2026
 2000
 1978
 1964
 1958
 1964
 1976
 1992
 2018
 2050
 2084
 2104
 2128
 2156
 2174
 2200
 2232
 2262
 2292
 2330
 2366
 2394
 2428
 2458
 2490
 2524
 2560
 2602
 2644
 2686
 2728
 2770
 2804
 2838
 2876
 2906
 2928
 2954
 2976
 2994
 3014
 3032
 3044
 3054
 3062
 3066
 3062
 3056
 3050
 3038
 3020
 2998
 2968
 2932
 2898
 2856
 2808
 2764
 2718
 2670
 2624
 2582
 2538
 2494
 2446
 2400
 2356
 2316
 2278
 2246
 2226
 2214
 2206
 2208
 2214
 2224
 2240
 2260
 2284
 2310
 2340
 2374
 2402
 2434
 2464
 2498
 2532
 2566
 2600
 2634
 2668
 2704
 2734
 2762
 2794
 2820
 2850
 2882
 2912
 2938
 2966
 2986
 3004
 3020
 3036
 3046
 3052
 3058
 3058
 3056
 3040
 3020
 2994
 2962
 2924
 2888
 2842
 2796
 2752
 2708
 2662
 2616
 2568
 2520
 2472
 2424
 2378
 2334
 2292
 2252
 2218
 2184
 2152
 2124
 2100
 2084
 2076
 2072
 2074
 2082
 2098
 2118
 2144
 2172
 2200
 2236
 2272
 2306
 2344
 2384
 2426
 2470
 2512
 2558
 2604
 2646
 2680
 2722
 2758
 2792
 2828
 2864
 2894
 2926
 2960
 2990
 3014
 3042
 3062
 3082
 3096
 3100
 3096
 3086
 3072
 3052
 3026
 2990
 2946
 2902
 2852
 2796
 2738
 2684
 2630
 2582
 2538
 2492
 2454
 2416
 2378
 2344
 2306
 2266
 2228
 2192
 2160
 2134
 2110
 2094
 2092
 2092
 2098
 2110
 2130
 2154
 2182
 2218
 2252
 2290
 2328
 2370
 2412
 2452
 2492
 2538
 2580
 2626
 2674
 2724
 2770
 2822
 2876
 2922
 2968
 3016
 3050
 3078
 3108
 3134
 3156
 3168
 3174
 3172
 3160
 3134
 3102
 3060
 3014
 2964
 2912
 2852
 2788
 2720
 2654
 2592
 2522
 2460
 2404
 2350
 2298
 2252
 2208
 2166
 2126
 2088
 2050
 2014
 1974
 1934
 1904
 1884
 1874
 1874
 1876
 1890
 1910
 1926
 1958
 1994
 2032
 2072
 2116
 2160
 2200
 2242
 2290
 2334
 2382
 2426
 2474
 2526
 2576
 2626
 2672
 2710
 2750
 2798
 2840
 2886
 2934
 2976
 3010
 3042
 3070
 3088
 3096
 3098
 3104
 3106
 3110
 3106
 3102
 3102
 3098
 3094
 3080
 3048
 3020
 2986
 2934
 2880
 2824
 2762
 2694
 2628
 2564
 2502
 2438
 2376
 2318
 2262
 2206
 2154
 2106
 2058
 2014
 1962
 1914
 1872
 1824
 1788
 1762
 1742
 1734
 1732
 1742
 1752
 1770
 1790
 1812
 1842
 1876
 1914
 1956
 2000
 2044
 2086
 2136
 2178
 2226
 2280
 2334
 2388
 2442
 2494
 2544
 2592
 2640
 2686
 2730
 2778
 2824
 2872
 2920
 2970
 3016
 3060
 3110
 3160
 3202
 3236
 3258
 3256
 3236
 3204
 3142
 3058
 2964
 2866
 2774
 2674
 2582
 2502
 2430
 2366
 2302
 2240
 2184
 2122
 2062
 2008
 1954
 1898
 1842
 1788
 1728
 1668
 1614
 1558
 1510
 1466
 1424
 1390
 1370
 1356
 1350
 1358
 1368
 1382
 1402
 1432
 1462
 1498
 1540
 1578
 1614
 1650
 1686
 1726
 1768
 1814
 1862
 1912
 1956
 1990
 2034
 2078
 2124
 2176
 2222
 2262
 2302
 2346
 2384
 2418
 2458
 2490
 2522
 2558
 2592
 2630
 2670
 2710
 2748
 2780
 2810
 2842
 2870
 2896
 2922
 2936
 2934
 2922
 2896
 2862
 2822
 2778
 2726
 2672
 2614
 2558
 2500
 2444
 2390
 2338
 2284
 2234
 2190
 2138
 2094
 2050
 2008
 1966
 1924
 1880
 1834
 1790
 1742
 1700
 1660
 1628
 1606
 1598
 1604
 1612
 1626
 1654
 1676
 1704
 1742
 1788
 1832
 1872
 1920
 1958
 1996
 2036
 2072
 2110
 2146
 2184
 2224
 2268
 2310
 2352
 2392
 2436
 2474
 2510
 2546
 2580
 2614
 2646
 2680
 2708
 2734
 2762
 2788
 2812
 2834
 2854
 2874
 2896
 2920
 2952
 2972
 2982
 2988
 2980
 2956
 2924
 2888
 2844
 2794
 2738
 2676
 2614
 2548
 2486
 2426
 2370
 2320
 2280
 2244
 2210
 2170
 2126
 2088
 2042
 1996
 1956
 1912
 1866
 1824
 1788
 1758
 1740
 1730
 1730
 1738
 1752
 1772
 1802
 1836
 1868
 1902
 1940
 1968
 2000
 2036
 2076
 2118
 2158
 2198
 2236
 2274
 2314
 2354
 2392
 2430
 2470
 2514
 2558
 2606
 2650
 2690
 2734
 2776
 2810
 2844
 2878
 2906
 2932
 2962
 2990
 3012
 3032
 3042
 3058
 3074
 3082
 3094
 3100
 3100
 3086
 3056
 3022
 2984
 2932
 2874
 2810
 2748
 2684
 2622
 2560
 2500
 2442
 2380
 2324
 2276
 2224
 2174
 2122
 2070
 2020
 1962
 1906
 1846
 1784
 1734
 1694
 1662
 1642
 1636
 1636
 1648
 1666
 1686
 1720
 1754
 1800
 1844
 1892
 1936
 1972
 2016
 2050
 2080
 2110
 2144
 2182
 2220
 2258
 2296
 2330
 2362
 2394
 2424
 2456
 2488
 2520
 2554
 2586
 2614
 2642
 2670
 2708
 2740
 2772
 2804
 2836
 2864
 2892
 2922
 2952
 2972
 2984
 2988
 2980
 2964
 2936
 2902
 2864
 2822
 2778
 2722
 2662
 2606
 2546
 2490
 2438
 2388
 2340
 2292
 2246
 2194
 2142
 2086
 2032
 1982
 1936
 1888
 1844
 1798
 1760
 1722
 1700
 1688
 1678
 1682
 1692
 1710
 1728
 1754
 1784
 1814
 1846
 1876
 1908
 1940
 1972
 2004
 2042
 2078
 2114
 2146
 2184
 2220
 2252
 2296
 2350
 2410
 2468
 2526
 2578
 2624
 2670
 2710
 2748
 2774
 2800
 2824
 2850
 2876
 2900
 2924
 2938
 2956
 2982
 3000
 3012
 3024
 3034
 3042
 3048
 3050
 3044
 3030
 3008
 2982
 2950
 2910
 2868
 2824
 2776
 2724
 2674
 2622
 2568
 2516
 2472
 2418
 2376
 2332
 2288
 2244
 2198
 2148
 2094
 2042
 1990
 1938
 1890
 1842
 1798
 1770
 1754
 1750
 1748
 1760
 1778
 1794
 1822
 1854
 1888
 1928
 1970
 2010
 2048
 2086
 2122
 2160
 2198
 2238
 2282
 2330
 2384
 2444
 2490
 2530
 2580
 2626
 2672
 2716
 2758
 2798
 2836
 2874
 2908
 2944
 2974
 3002
 3032
 3062
 3092
 3120
 3148
 3170
 3190
 3198
 3184
 3166
 3138
 3098
 3052
 2998
 2938
 2874
 2810
 2746
 2676
 2610
 2544
 2486
 2432
 2376
 2320
 2266
 2212
 2160
 2106
 2046
 1992
 1934
 1876
 1822
 1764
 1710
 1660
 1620
 1584
 1560
 1550
 1552
 1560
 1582
 1608
 1644
 1688
 1730
 1768
 1812
 1858
 1892
 1936
 1986
 2034
 2080
 2126
 2172
 2214
 2256
 2300
 2348
 2394
 2442
 2488
 2534
 2578
 2622
 2662
 2702
 2736
 2772
 2814
 2848
 2888
 2934
 2992
 3056
 3110
 3160
 3198
 3230
 3250
 3250
 3236
 3208
 3168
 3122
 3070
 3014
 2954
 2890
 2816
 2742
 2668
 2592
 2524
 2456
 2392
 2334
 2280
 2228
 2176
 2126
 2074
 2030
 1988
 1944
 1898
 1862
 1832
 1812
 1798
 1798
 1806
 1816
 1840
 1868
 1904
 1940
 1982
 2026
 2066
 2106
 2146
 2186
 2228
 2268
 2316
 2366
 2418
 2468
 2512
 2552
 2596
 2636
 2674
 2714
 2754
 2792
 2828
 2864
 2890
 2906
 2920
 2932
 2938
 2942
 2940
 2936
 2928
 2912
 2892
 2864
 2826
 2794
 2758
 2714
 2668
 2622
 2576
 2530
 2484
 2438
 2390
 2344
 2298
 2256
 2216
 2172
 2130
 2096
 2062
 2024
 1988
 1954
 1914
 1882
 1858
 1842
 1836
 1838
 1848
 1862
 1882
 1902
 1928
 1958
 1990
 2026
 2066
 2108
 2142
 2182
 2218
 2248
 2286
 2320
 2354
 2394
 2436
 2476
 2510
 2548
 2580
 2618
 2656
 2694
 2734
 2776
 2816
 2866
 2918
 2968
 3014
 3068
 3110
 3148
 3178
 3196
 3208
 3204
 3190
 3162
 3120
 3066
 3002
 2936
 2868
 2800
 2732
 2668
 2608
 2548
 2488
 2436
 2380
 2322
 2270
 2224
 2180
 2138
 2096
 2044
 1994
 1940
 1890
 1840
 1798
 1764
 1746
 1744
 1748
 1762
 1784
 1806
 1840
 1880
 1926
 1970
 2020
 2072
 2118
 2164
 2212
 2260
 2310
 2362
 2420
 2480
 2544
 2606
 2662
 2708
 2754
 2798
 2836
 2874
 2908
 2938
 2964
 2992
 3018
 3038
 3054
 3056
 3046
 3026
 2992
 2952
 2902
 2844
 2780
 2710
 2640
 2578
 2514
 2452
 2392
 2330
 2262
 2198
 2142
 2078
 2010
 1940
 1868
 1794
 1716
 1636
 1560
 1488
 1408
 1332
 1260
 1180
 1112
 1042
 984
 924
 872
 828
 794
 784
 792
 814
 846
 888
 942
 1002
 1064
 1128
 1190
 1248
 1312
 1380
 1440
 1494
 1546
 1598
 1640
 1680
 1716
 1754
 1792
 1828
 1864
 1902
 1944
 1984
 2024
 2054
 2092
 2126
 2162
 2206
 2248
 2288
 2338
 2388
 2434
 2474
 2512
 2548
 2582
 2618
 2650
 2684
 2724
 2762
 2800
 2838
 2874
 2906
 2938
 2974
 3002
 3028
 3046
 3064
 3076
 3088
 3094
 3088
 3072
 3050
 3024
 2994
 2954
 2910
 2866
 2818
 2772
 2718
 2664
 2614
 2562
 2516
 2474
 2434
 2396
 2362
 2330
 2298
 2264
 2230
 2202
 2170
 2140
 2118
 2104
 2094
 2094
 2102
 2110
 2126
 2146
 2172
 2202
 2232
 2260
 2286
 2310
 2336
 2366
 2398
 2434
 2472
 2508
 2542
 2568
 2600
 2632
 2662
 2692
 2724
 2754
 2790
 2832
 2872
 2910
 2942
 2970
 2990
 3010
 3028
 3046
 3062
 3068
 3060
 3048
 3034
 3000
 2964
 2922
 2876
 2828
 2780
 2730
 2678
 2626
 2574
 2520
 2468
 2416
 2368
 2324
 2278
 2228
 2186
 2140
 2088
 2036
 1984
 1928
 1878
 1838
 1798
 1762
 1740
 1726
 1726
 1734
 1746
 1770
 1796
 1820
 1846
 1886
 1912
 1948
 1984
 2026
 2066
 2108
 2152
 2192
 2234
 2280
 2324
 2374
 2422
 2468
 2516
 2564
 2614
 2654
 2694
 2742
 2776
 2810
 2844
 2878
 2908
 2934
 2958
 2976
 2996
 3010
 3020
 3028
 3032
 3024
 3010
 2988
 2960
 2928
 2888
 2838
 2794
 2744
 2688
 2634
 2582
 2530
 2480
 2436
 2390
 2346
 2302
 2260
 2220
 2180
 2138
 2098
 2058
 2016
 1968
 1914
 1870
 1830
 1796
 1776
 1768
 1770
 1776
 1794
 1816
 1836
 1864
 1892
 1924
 1958
 1990
 2024
 2062
 2104
 2150
 2198
 2242
 2288
 2330
 2366
 2408
 2450
 2488
 2528
 2572
 2612
 2652
 2692
 2728
 2766
 2802
 2836
 2868
 2900
 2932
 2960
 2990
 3022
 3046
 3068
 3092
 3108
 3114
 3118
 3106
 3080
 3046
 3006
 2956
 2902
 2844
 2782
 2720
 2656
 2594
 2536
 2482
 2430
 2384
 2340
 2298
 2252
 2210
 2166
 2116
 2072
 2032
 1988
 1942
 1898
 1862
 1826
 1800
 1782
 1778
 1784
 1796
 1814
 1838
 1868
 1900
 1926
 1960
 1992
 2018
 2052
 2084
 2116
 2146
 2180
 2220
 2256
 2294
 2330
 2368
 2410
 2446
 2486
 2526
 2562
 2596
 2622
 2654
 2682
 2706
 2752
 2806
 2870
 2938
 2998
 3042
 3076
 3094
 3092
 3074
 3036
 2984
 2922
 2860
 2794
 2722
 2652
 2584
 2518
 2458
 2404
 2358
 2312
 2274
 2236
 2190
 2146
 2102
 2056
 2012
 1968
 1926
 1886
 1842
 1800
 1766
 1732
 1716
 1706
 1708
 1718
 1734
 1762
 1786
 1814
 1846
 1878
 1910
 1936
 1966
 2002
 2038
 2074
 2116
 2152
 2192
 2238
 2280
 2318
 2356
 2398
 2436
 2472
 2506
 2538
 2572
 2608
 2640
 2676
 2714
 2756
 2800
 2840
 2874
 2910
 2934
 2956
 2972
 2978
 2968
 2942
 2910
 2864
 2814
 2764
 2708
 2652
 2598
 2548
 2498
 2454
 2410
 2370
 2332
 2290
 2252
 2220
 2182
 2150
 2116
 2084
 2046
 2004
 1964
 1920
 1874
 1824
 1780
 1742
 1706
 1674
 1658
 1656
 1670
 1680
 1702
 1732
 1760
 1792
 1834
 1882
 1934
 2000
 2070
 2138
 2222
 2308
 2386
 2458
 2526
 2586
 2648
 2704
 2752
 2800
 2844
 2892
 2948
 3010
 3078
 3138
 3186
 3224
 3260
 3278
 3282
 3270
 3246
 3208
 3160
 3098
 3032
 2964
 2896
 2826
 2760
 2688
 2620
 2560
 2498
 2444
 2394
 2346
 2300
 2254
 2210
 2162
 2110
 2060
 2008
 1964
 1928
 1900
 1888
 1890
 1900
 1910
 1932
 1954
 1972
 2002
 2036
 2066
 2104
 2144
 2190
 2230
 2270
 2308
 2350
 2398
 2446
 2498
 2550
 2598
 2646
 2688
 2722
 2758
 2788
 2822
 2854
 2884
 2910
 2934
 2952
 2968
 2982
 2986
 2984
 2978
 2962
 2934
 2898
 2858
 2810
 2762
 2710
 2656
 2610
 2558
 2512
 2468
 2426
 2380
 2338
 2296
 2250
 2204
 2158
 2110
 2068
 2024
 1982
 1946
 1912
 1880
 1850
 1834
 1822
 1822
 1826
 1836
 1854
 1872
 1900
 1926
 1952
 1982
 2010
 2042
 2076
 2106
 2140
 2176
 2214
 2248
 2286
 2322
 2354
 2388
 2422
 2454
 2486
 2520
 2552
 2580
 2608
 2634
 2660
 2690
 2720
 2748
 2778
 2804
 2830
 2850
 2866
 2888
 2890
 2878
 2862
 2842
 2814
 2796
 2780
 2760
 2738
 2696
 2650
 2604
 2558
 2512
 2470
 2428
 2380
 2338
 2292
 2244
 2200
 2154
 2110
 2072
 2040
 2014
 1994
 1966
 1938
 1922
 1914
 1918
 1934
 1952
 1964
 1980
 1988
 1996
 2004
 2014
 2020
 2028
 2040
 2048
 2052
 2058
 2060
 2062
 2070
 2082
 2100
 2114
 2132
 2154
 2164
 2176
 2188
 2200
 2216
 2238
 2262
 2290
 2324
 2356
 2392
 2436
 2492
 2554
 2616
 2668
 2726
 2778
 2830
 2880
 2918
 2948
 2964
 2976
 2986
 2994
 2998
 2998
 2996
 2986
 2974
 2952
 2922
 2886
 2834
 2782
 2726
 2672
 2614
 2556
 2492
 2426
 2366
 2306
 2248
 2192
 2136
 2086
 2038
 1986
 1938
 1892
 1842
 1792
 1750
 1702
 1668
 1648
 1638
 1640
 1654
 1676
 1702
 1734
 1770
 1808
 1846
 1892
 1936
 1982
 2026
 2062
 2106
 2144
 2182
 2230
 2282
 2332
 2386
 2440
 2492
 2542
 2596
 2650
 2702
 2752
 2802
 2852
 2906
 2956
 2998
 3030
 3058
 3088
 3112
 3136
 3158
 3174
 3190
 3208
 3226
 3246
 3266
 3288
 3308
 3336
 3360
 3382
 3408
 3434
 3458
 3474
 3476
 3472
 3454
 3410
 3360
 3298
 3228
 3152
 3078
 2998
 2910
 2830
 2750
 2674
 2602
 2530
 2468
 2410
 2356
 2302
 2250
 2204
 2148
 2102
 2060
 2020
 1982
 1946
 1918
 1884
 1864
 1858
 1866
 1882
 1906
 1938
 1976
 2008
 2042
 2082
 2108
 2138
 2174
 2216
 2256
 2310
 2362
 2414
 2464
 2512
 2570
 2626
 2678
 2730
 2782
 2832
 2872
 2916
 2962
 2998
 3028
 3058
 3088
 3116
 3144
 3166
 3184
 3196
 3200
 3202
 3194
 3184
 3168
 3146
 3120
 3080
 3042
 3002
 2952
 2906
 2854
 2806
 2758
 2706
 2654
 2600
 2550
 2502
 2458
 2418
 2380
 2340
 2306
 2268
 2220
 2180
 2140
 2094
 2062
 2036
 2018
 2008
 2010
 2016
 2030
 2052
 2072
 2098
 2132
 2166
 2206
 2252
 2292
 2330
 2372
 2418
 2460
 2508
 2554
 2596
 2640
 2686
 2730
 2770
 2808
 2846
 2884
 2918
 2954
 2988
 3022
 3056
 3088
 3116
 3134
 3150
 3166
 3178
 3190
 3200
 3196
 3184
 3166
 3142
 3108
 3068
 3022
 2976
 2930
 2878
 2824
 2776
 2728
 2682
 2630
 2580
 2534
 2484
 2434
 2390
 2350
 2310
 2270
 2230
 2184
 2132
 2080
 2032
 1984
 1944
 1910
 1894
 1888
 1894
 1904
 1924
 1952
 1974
 2006
