 2682
 2710
 2732
 2746
 2752
 2750
 2732
 2702
 2652
 2600
 2530
 2474
 2408
 2332
 2246
 2154
 2058
 1958
 1862
 1770
 1670
 1576
 1482
 1392
 1312
 1232
 1158
 1080
 1020
 970
 926
 896
 880
 880
 892
 926
 976
 1036
 1100
 1178
 1262
 1350
 1440
 1528
 1602
 1690
 1784
 1868
 1944
 2018
 2084
 2142
 2202
 2262
 2322
 2384
 2440
 2496
 2552
 2600
 2650
 2694
 2752
 2804
 2846
 2880
 2904
 2920
 2924
 2932
 2924
 2910
 2892
 2858
 2826
 2786
 2736
 2680
 2614
 2564
 2512
 2446
 2376
 2298
 2212
 2118
 2030
 1938
 1842
 1742
 1638
 1534
 1436
 1342
 1254
 1168
 1110
 1076
 1052
 1046
 1048
 1066
 1078
 1086
 1094
 1106
 1124
 1154
 1192
 1234
 1276
 1314
 1350
 1400
 1462
 1512
 1556
 1590
 1614
 1630
 1644
 1658
 1666
 1666
 1662
 1648
 1636
 1624
 1620
 1616
 1634
 1668
 1696
 1734
 1776
 1820
 1860
 1906
 1956
 2008
 2060
 2112
 2162
 2216
 2268
 2324
 2376
 2446
 2510
 2566
 2618
 2668
 2708
 2748
 2790
 2824
 2854
 2878
 2892
 2898
 2892
 2870
 2838
 2796
 2758
 2706
 2640
 2574
 2502
 2426
 2342
 2264
 2190
 2110
 2032
 1956
 1880
 1806
 1724
 1638
 1558
 1480
 1412
 1338
 1272
 1208
 1164
 1136
 1132
 1158
 1204
 1268
 1344
 1422
 1506
 1592
 1666
 1736
 1802
 1888
 1968
 2034
 2100
 2164
 2220
 2276
 2336
 2394
 2444
 2492
 2542
 2584
 2620
 2646
 2660
 2654
 2656
 2638
 2600
 2552
 2492
 2414
 2326
 2238
 2148
 2052
 1954
 1852
 1756
 1664
 1572
 1484
 1394
 1320
 1254
 1184
 1122
 1062
 1016
 978
 968
 982
 1014
 1062
 1128
 1208
 1294
 1382
 1472
 1552
 1656
 1772
 1880
 1978
 2064
 2146
 2212
 2280
 2344
 2406
 2466
 2524
 2578
 2630
 2680
 2728
 2768
 2804
 2856
 2890
 2914
 2936
 2952
 2964
 2972
 2984
 2988
 2990
 2986
 2980
 2962
 2934
 2900
 2854
 2800
 2744
 2698
 2640
 2572
 2496
 2416
 2332
 2244
 2162
 2076
 1990
 1904
 1818
 1736
 1664
 1592
 1520
 1452
 1388
 1346
 1302
 1266
 1242
 1234
 1242
 1268
 1308
 1356
 1408
 1468
 1532
 1600
 1670
 1742
 1814
 1880
 1956
 2038
 2108
 2172
 2228
 2276
 2316
 2354
 2402
 2448
 2492
 2532
 2572
 2610
 2648
 2686
 2720
 2750
 2774
 2816
 2846
 2868
 2888
 2902
 2912
 2914
 2922
 2928
 2928
 2924
 2916
 2902
 2886
 2860
 2826
 2790
 2748
 2698
 2650
 2610
 2556
 2494
 2430
 2362
 2292
 2220
 2154
 2084
 2012
 1940
 1870
 1804
 1740
 1690
 1648
 1624
 1616
 1622
 1652
 1690
 1734
 1782
 1830
 1878
 1924
 1970
 2018
 2064
 2114
 2166
 2214
 2262
 2308
 2354
 2396
 2442
 2480
 2534
 2586
 2628
 2666
 2700
 2730
 2756
 2786
 2816
 2842
 2868
 2890
 2912
 2934
 2950
 2966
 2974
 2974
 2964
 2958
 2950
 2930
 2904
 2868
 2828
 2780
 2728
 2674
 2614
 2556
 2494
 2432
 2368
 2304
 2246
 2186
 2122
 2062
 2000
 1956
 1912
 1864
 1814
 1764
 1720
 1684
 1668
 1668
 1684
 1710
 1744
 1790
 1842
 1898
 1954
 2008
 2060
 2106
 2166
 2222
 2274
 2320
 2364
 2402
 2430
 2464
 2494
 2526
 2558
 2582
 2608
 2632
 2656
 2678
 2696
 2714
 2730
 2758
 2780
 2798
 2812
 2822
 2830
 2834
 2840
 2846
 2846
 2838
 2830
 2818
 2798
 2774
 2744
 2704
 2660
 2606
 2562
 2510
 2446
 2378
 2302
 2228
 2150
 2080
 2010
 1948
 1900
 1872
 1864
 1874
 1900
 1932
 1972
 2012
 2066
 2126
 2180
 2228
 2270
 2310
 2340
 2378
 2418
 2450
 2482
 2512
 2540
 2564
 2588
 2608
 2624
 2636
 2648
 2676
 2692
 2708
 2720
 2732
 2744
 2756
 2770
 2786
 2804
 2822
 2840
 2862
 2880
 2900
 2916
 2932
 2944
 2958
 2972
 2976
 2978
 2978
 2974
 2968
 2964
 2964
 2964
 2962
 2960
 2962
 2960
 2960
 2954
 2942
 2920
 2894
 2858
 2832
 2794
 2748
 2694
 2630
 2562
 2484
 2412
 2336
 2258
 2178
 2094
 2008
 1920
 1836
 1754
 1672
 1596
 1518
 1460
 1406
 1354
 1326
 1314
 1320
 1344
 1384
 1438
 1504
 1574
 1646
 1726
 1806
 1880
 1954
 2022
 2080
 2142
 2216
 2280
 2340
 2398
 2446
 2488
 2526
 2566
 2604
 2638
 2672
 2704
 2738
 2770
 2802
 2828
 2848
 2862
 2866
 2880
 2872
 2856
 2834
 2802
 2762
 2714
 2668
 2614
 2552
 2484
 2406
 2328
 2248
 2168
 2082
 2002
 1918
 1846
 1772
 1682
 1582
 1478
 1374
 1268
 1166
 1068
 978
 902
 850
 812
 796
 792
 802
 834
 880
 944
 1030
 1120
 1218
 1314
 1404
 1488
 1566
 1648
 1724
 1800
 1868
 1934
 1998
 2060
 2118
 2178
 2232
 2294
 2368
 2432
 2490
 2542
 2592
 2632
 2670
 2710
 2748
 2784
 2820
 2856
 2890
 2922
 2952
 2976
 2998
 3014
 3044
 3062
 3070
 3074
 3068
 3060
 3042
 3028
 3010
 2990
 2960
 2920
 2878
 2830
 2782
 2732
 2672
 2608
 2550
 2498
 2440
 2376
 2312
 2246
 2180
 2118
 2060
 2004
 1946
 1896
 1856
 1832
 1830
 1844
 1870
 1904
 1948
 2006
 2056
 2104
 2148
 2192
 2234
 2274
 2312
 2354
 2398
 2436
 2476
 2512
 2552
 2590
 2626
 2658
 2710
 2758
 2800
 2838
 2872
 2902
 2926
 2952
 2976
 3000
 3020
 3036
 3048
 3060
 3068
 3074
 3064
 3068
 3062
 3042
 3014
 2976
 2932
 2878
 2826
 2766
 2698
 2630
 2560
 2486
 2416
 2342
 2272
 2204
 2158
 2116
 2070
 2030
 1994
 1970
 1956
 1970
 2004
 2054
 2118
 2188
 2260
 2330
 2396
 2452
 2498
 2564
 2628
 2672
 2716
 2752
 2784
 2812
 2840
 2862
 2880
 2894
 2902
 2910
 2920
 2928
 2930
 2920
 2924
 2932
 2934
 2940
 2948
 2958
 2960
 2972
 2982
 2988
 2996
 3000
 3004
 3006
 3000
 2992
 2980
 2986
 2992
 2988
 2984
 2982
 2980
 2976
 2974
 2978
 2978
 2980
 2984
 2984
 2986
 2986
 2982
 2972
 2974
 2972
 2958
 2944
 2928
 2902
 2870
 2840
 2800
 2760
 2710
 2656
 2600
 2544
 2484
 2422
 2358
 2314
 2262
 2202
 2142
 2080
 2022
 1966
 1930
 1904
 1894
 1902
 1922
 1954
 1990
 2036
 2078
 2122
 2172
 2238
 2294
 2344
 2390
 2434
 2472
 2508
 2548
 2586
 2624
 2662
 2700
 2736
 2774
 2810
 2848
 2882
 2914
 2944
 2986
 3018
 3048
 3080
 3110
 3134
 3154
 3176
 3194
 3208
 3216
 3216
 3208
 3192
 3166
 3134
 3094
 3050
 3000
 2948
 2884
 2828
 2774
 2712
 2650
 2582
 2514
 2444
 2374
 2304
 2236
 2166
 2098
 2028
 1968
 1910
 1862
 1820
 1790
 1780
 1784
 1816
 1856
 1902
 1952
 1998
 2048
 2094
 2146
 2196
 2244
 2298
 2346
 2392
 2438
 2484
 2526
 2568
 2610
 2648
 2690
 2742
 2786
 2828
 2864
 2894
 2920
 2944
 2972
 2998
 3022
 3044
 3068
 3092
 3118
 3142
 3162
 3182
 3202
 3214
 3230
 3240
 3240
 3230
 3206
 3176
 3134
 3086
 3036
 2982
 2926
 2866
 2806
 2746
 2684
 2622
 2558
 2494
 2430
 2366
 2312
 2250
 2188
 2128
 2064
 2004
 1944
 1892
 1840
 1792
 1754
 1730
 1722
 1732
 1750
 1784
 1824
 1866
 1924
 1976
 2028
 2078
 2122
 2166
 2206
 2248
 2296
 2344
 2388
 2432
 2476
 2520
 2554
 2580
 2604
 2640
 2680
 2710
 2738
 2760
 2780
 2798
 2818
 2840
 2860
 2882
 2902
 2922
 2942
 2956
 2968
 2968
 2960
 2950
 2940
 2912
 2874
 2832
 2782
 2728
 2668
 2610
 2550
 2486
 2418
 2350
 2282
 2218
 2150
 2086
 2016
 1960
 1912
 1854
 1800
 1746
 1700
 1658
 1632
 1626
 1638
 1662
 1700
 1754
 1812
 1880
 1952
 2022
 2082
 2162
 2238
 2304
 2364
 2418
 2468
 2510
 2552
 2592
 2632
 2670
 2706
 2744
 2780
 2818
 2854
 2890
 2922
 2964
 3012
 3048
 3072
 3098
 3120
 3130
 3136
 3132
 3116
 3088
 3054
 3014
 2970
 2926
 2876
 2824
 2764
 2700
 2632
 2574
 2518
 2456
 2390
 2326
 2258
 2188
 2120
 2058
 1996
 1934
 1876
 1824
 1780
 1748
 1732
 1734
 1754
 1786
 1840
 1906
 1972
 2044
 2112
 2180
 2242
 2304
 2364
 2418
 2472
 2522
 2570
 2618
 2664
 2710
 2752
 2790
 2822
 2868
 2904
 2934
 2962
 2988
 3010
 3026
 3052
 3076
 3100
 3124
 3148
 3170
 3194
 3218
 3236
 3248
 3258
 3258
 3254
 3252
 3226
 3194
 3152
 3106
 3052
 2990
 2934
 2876
 2818
 2756
 2692
 2630
 2566
 2504
 2442
 2380
 2320
 2262
 2206
 2164
 2114
 2064
 2014
 1962
 1914
 1872
 1846
 1834
 1836
 1854
 1884
 1924
 1972
 2028
 2086
 2144
 2200
 2258
 2328
 2392
 2450
 2504
 2552
 2596
 2634
 2674
 2716
 2754
 2792
 2826
 2862
 2896
 2928
 2964
 2994
 3020
 3042
 3072
 3096
 3110
 3114
 3110
 3100
 3078
 3056
 3030
 2998
 2964
 2928
 2892
 2856
 2816
 2782
 2742
 2702
 2664
 2622
 2596
 2564
 2526
 2490
 2452
 2420
 2394
 2382
 2386
 2400
 2422
 2452
 2484
 2522
 2562
 2604
 2646
 2688
 2728
 2782
 2830
 2870
 2898
 2920
 2942
 2962
 2986
 3012
 3040
 3068
 3098
 3130
 3160
 3190
 3218
 3242
 3262
 3276
 3292
 3298
 3288
 3262
 3226
 3176
 3122
 3068
 3010
 2950
 2886
 2824
 2760
 2696
 2630
 2558
 2488
 2412
 2348
 2284
 2214
 2142
 2066
 1994
 1922
 1856
 1792
 1734
 1678
 1632
 1602
 1596
 1610
 1640
 1688
 1746
 1826
 1906
 1982
 2054
 2120
 2178
 2234
 2290
 2346
 2402
 2454
 2504
 2550
 2594
 2636
 2672
 2702
 2746
 2786
 2824
 2858
 2884
 2910
 2930
 2946
 2966
 2982
 3000
 3016
 3034
 3050
 3070
 3084
 3094
 3100
 3116
 3122
 3120
 3112
 3094
 3070
 3040
 3010
 2978
 2942
 2902
 2864
 2824
 2782
 2742
 2700
 2656
 2608
 2572
 2534
 2484
 2432
 2374
 2314
 2250
 2190
 2134
 2074
 2014
 1958
 1906
 1870
 1852
 1850
 1868
 1894
 1940
 2000
 2060
 2122
 2182
 2238
 2288
 2334
 2382
 2428
 2470
 2510
 2550
 2590
 2630
 2666
 2702
 2736
 2786
 2828
 2862
 2892
 2916
 2934
 2946
 2958
 2968
 2968
 2952
 2930
 2890
 2838
 2778
 2704
 2626
 2538
 2466
 2390
 2310
 2230
 2150
 2074
 1998
 1930
 1864
 1794
 1720
 1650
 1580
 1508
 1440
 1370
 1306
 1250
 1210
 1168
 1144
 1146
 1170
 1220
 1282
 1364
 1450
 1540
 1622
 1710
 1794
 1878
 1962
 2038
 2102
 2174
 2248
 2316
 2378
 2432
 2486
 2534
 2582
 2628
 2672
 2716
 2758
 2804
 2852
 2892
 2926
 2942
 2946
 2952
 2936
 2906
 2860
 2796
 2716
 2630
 2544
 2448
 2352
 2252
 2148
 2050
 1950
 1848
 1752
 1656
 1576
 1494
 1418
 1352
 1292
 1234
 1184
 1150
 1136
 1140
 1172
 1224
 1304
 1396
 1492
 1582
 1682
 1796
 1896
 1986
 2064
 2134
 2194
 2250
 2304
 2350
 2396
 2436
 2476
 2510
 2538
 2560
 2568
 2574
 2582
 2582
 2586
 2592
 2604
 2612
 2624
 2634
 2650
 2662
 2674
 2686
 2694
 2700
 2700
 2694
 2706
 2710
 2708
 2706
 2702
 2698
 2694
 2700
 2708
 2714
 2722
 2734
 2750
 2764
 2776
 2784
 2806
 2832
 2856
 2876
 2896
 2906
 2908
 2912
 2910
 2900
 2876
 2840
 2796
 2742
 2684
 2614
 2556
 2488
 2404
 2314
 2218
 2116
 2008
 1904
 1800
 1692
 1584
 1478
 1378
 1282
 1190
 1094
 1026
 964
 914
 880
 860
 844
 834
 832
 838
 858
 888
 928
 976
 1030
 1088
 1136
 1204
 1268
 1332
 1398
 1460
 1518
 1574
 1638
 1698
 1756
 1814
 1874
 1934
 1996
 2056
 2108
 2158
 2226
 2286
 2336
 2382
 2422
 2454
 2488
 2524
 2558
 2592
 2626
 2660
 2692
 2724
 2758
 2790
 2824
 2860
 2892
 2918
 2944
 2976
 3000
 3022
 3038
 3052
 3058
 3064
 3074
 3084
 3092
 3098
 3104
 3108
 3106
 3100
 3084
 3060
 3032
 3000
 2960
 2912
 2866
 2818
 2780
 2726
 2668
 2608
 2544
 2478
 2408
 2346
 2278
 2214
 2150
 2088
 2028
 1974
 1926
 1886
 1852
 1836
 1830
 1842
 1868
 1912
 1968
 2026
 2090
 2148
 2204
 2246
 2288
 2332
 2374
 2410
 2448
 2484
 2520
 2552
 2584
 2618
 2648
 2676
 2702
 2724
 2754
 2784
 2808
 2834
 2858
 2882
 2904
 2928
 2954
 2980
 3004
 3028
 3056
 3084
 3110
 3132
 3146
 3148
 3134
 3106
 3064
 3030
 2984
 2932
 2872
 2804
 2734
 2658
 2586
 2518
 2450
 2382
 2314
 2250
 2188
 2132
 2078
 2020
 1962
 1908
 1854
 1808
 1764
 1714
 1656
 1598
 1542
 1490
 1450
 1424
 1410
 1414
 1434
 1468
 1516
 1572
 1630
 1690
 1752
 1814
 1892
 1964
 2028
 2090
 2142
 2192
 2238
 2282
 2330
 2376
 2422
 2466
 2508
 2550
 2590
 2632
 2672
 2706
 2750
 2798
 2838
 2874
 2906
 2936
 2958
 2974
 2996
 3016
 3038
 3058
 3080
 3102
 3124
 3148
 3170
 3192
 3206
 3224
 3246
 3258
 3258
 3254
 3246
 3230
 3200
 3168
 3124
 3078
 3024
 2968
 2904
 2842
 2776
 2712
 2644
 2578
 2518
 2466
 2422
 2368
 2314
 2256
 2194
 2130
 2066
 2004
 1942
 1882
 1818
 1762
 1708
 1664
 1628
 1606
 1602
 1610
 1640
 1682
 1728
 1784
 1840
 1900
 1960
 2016
 2074
 2130
 2184
 2234
 2286
 2334
 2386
 2434
 2482
 2522
 2570
 2624
 2670
 2712
 2748
 2786
 2814
 2842
 2872
 2900
 2920
 2940
 2960
 2980
 3004
 3026
 3044
 3066
 3084
 3118
 3146
 3168
 3186
 3206
 3218
 3226
 3236
 3240
 3248
 3256
 3262
 3264
 3264
 3252
 3234
 3202
 3160
 3110
 3070
 3026
 2972
 2914
 2854
 2792
 2724
 2660
 2596
 2530
 2464
 2394
 2326
 2260
 2200
 2142
 2086
 2030
 1984
 1946
 1906
 1870
 1840
 1820
 1812
 1816
 1838
 1874
 1918
 1970
 2022
 2082
 2142
 2200
 2256
 2306
 2370
 2432
 2492
 2548
 2598
 2644
 2686
 2728
 2770
 2808
 2846
 2882
 2918
 2952
 2984
 3014
 3036
 3054
 3082
 3096
 3098
 3088
 3064
 3032
 2994
 2958
 2914
 2870
 2818
 2756
 2684
 2614
 2542
 2466
 2390
 2316
 2256
 2188
 2118
 2052
 1986
 1928
 1874
 1830
 1796
 1770
 1754
 1750
 1754
 1770
 1790
 1816
 1846
 1888
 1940
 1986
 2034
 2082
 2128
 2166
 2208
 2248
 2284
 2322
 2360
 2396
 2436
 2476
 2514
 2556
 2592
 2630
 2686
 2732
 2770
 2806
 2838
 2870
 2898
 2930
 2962
 2990
 3012
 3034
 3060
 3084
 3108
 3128
 3146
 3160
 3172
 3192
 3196
 3198
 3194
 3184
 3172
 3150
 3130
 3108
 3076
 3040
 3004
 2966
 2926
 2886
 2844
 2796
 2748
 2698
 2664
 2628
 2588
 2548
 2504
 2462
 2422
 2388
 2362
 2346
 2346
 2362
 2390
 2428
 2470
 2514
 2554
 2592
 2636
 2694
 2744
 2792
 2838
 2882
 2922
 2956
 2990
 3018
 3046
 3070
 3094
 3112
 3128
 3136
 3136
 3118
 3088
 3058
 3014
 2960
 2902
 2834
 2764
 2694
 2626
 2558
 2490
 2424
 2352
 2284
 2222
 2158
 2098
 2038
 1994
 1952
 1910
 1876
 1858
 1858
 1872
 1902
 1942
 1990
 2042
 2096
 2154
 2216
 2272
 2328
 2378
 2432
 2498
 2550
 2596
 2638
 2674
 2708
 2738
 2772
 2800
 2828
 2858
 2886
 2914
 2946
 2972
 2996
 3016
 3042
 3074
 3096
 3112
 3124
 3138
 3146
 3154
 3164
 3174
 3182
 3186
 3190
 3188
 3184
 3174
 3160
 3138
 3104
 3072
 3048
 3010
 2966
 2918
 2870
 2818
 2770
 2726
 2680
 2632
 2588
 2542
 2498
 2458
 2418
 2376
 2340
 2306
 2296
 2290
 2294
 2306
 2328
 2358
 2390
 2426
 2462
 2502
 2540
 2578
 2618
 2658
 2700
 2740
 2776
 2804
 2838
 2872
 2886
 2900
 2904
 2898
 2878
 2840
 2796
 2748
 2694
 2632
 2566
 2496
 2426
 2350
 2274
 2194
 2126
 2056
 1982
 1906
 1830
 1754
 1678
 1610
 1546
 1488
 1438
 1406
 1394
 1406
 1438
 1488
 1552
 1626
 1722
 1816
 1904
 1990
 2068
 2140
 2206
 2274
 2334
 2390
 2446
 2502
 2554
 2606
 2654
 2700
 2738
 2784
 2832
 2870
 2902
 2932
 2958
 2980
 3008
 3032
 3052
 3070
 3082
 3092
 3098
 3090
 3068
 3034
 2988
 2946
 2892
 2824
 2754
 2678
 2600
 2518
 2440
 2358
 2278
 2196
 2112
 2032
 1958
 1884
 1816
 1750
 1700
 1656
 1606
 1568
 1536
 1518
 1516
 1530
 1564
 1610
 1664
 1728
 1800
 1878
 1958
 2038
 2106
 2188
 2266
 2334
 2394
 2448
 2492
 2538
 2582
 2624
 2662
 2698
 2730
 2764
 2794
 2820
 2838
 2846
 2868
 2870
 2864
 2850
 2824
 2788
 2746
 2698
 2646
 2586
 2520
 2452
 2384
 2320
 2252
 2184
 2114
 2064
 2008
 1946
 1886
 1826
 1772
 1720
 1684
 1666
 1666
 1684
 1720
 1768
 1834
 1902
 1970
 2030
 2102
 2178
 2242
 2304
 2358
 2410
 2454
 2496
 2540
 2578
 2618
 2656
 2690
 2728
 2762
 2794
 2822
 2860
 2904
 2940
 2970
 2996
 3022
 3042
 3066
 3084
 3100
 3108
 3110
 3102
 3082
 3050
 3008
 2960
 2908
 2866
 2812
 2754
 2694
 2630
 2562
 2494
 2430
 2362
 2290
 2218
 2148
 2080
 2016
 1954
 1890
 1834
 1788
 1736
 1690
 1654
 1632
 1628
 1640
 1670
 1716
 1770
 1826
 1888
 1952
 2014
 2080
 2140
 2212
 2276
 2334
 2390
 2442
 2484
 2524
 2564
 2604
 2640
 2674
 2706
 2740
 2772
 2802
 2824
 2850
 2882
 2902
 2922
 2938
 2952
 2958
 2966
 2976
 2990
 3004
 3018
 3032
 3048
 3064
 3078
 3088
 3102
 3118
 3122
 3116
 3094
 3064
 3028
 2990
 2950
 2904
 2856
 2804
 2750
 2696
 2638
 2580
 2512
 2444
 2368
 2310
 2244
 2172
 2102
 2030
 1958
 1892
 1832
 1774
 1722
 1680
 1648
 1632
 1636
 1652
 1676
 1704
 1740
 1756
 1764
 1776
 1794
 1816
 1840
 1870
 1896
 1922
 1944
 1968
 1990
 2010
 2026
 2030
 2044
 2062
 2068
 2074
 2076
 2076
 2072
 2078
 2090
 2100
 2118
 2138
 2166
 2196
 2228
 2254
 2288
 2334
 2372
 2408
 2442
 2476
 2502
 2534
 2566
 2596
 2626
 2654
 2680
 2708
 2736
 2756
 2780
 2816
 2842
 2864
 2882
 2898
 2904
 2916
 2926
 2936
 2944
 2946
 2946
 2942
 2928
 2902
 2862
 2834
 2798
 2754
 2704
 2648
 2590
 2530
 2474
 2420
 2364
 2310
 2256
 2206
 2162
 2118
 2080
 2048
 2040
 2038
 2046
 2066
 2092
 2126
 2164
 2204
 2246
 2290
 2332
 2374
 2416
 2456
 2494
 2526
 2562
 2608
 2642
 2674
 2698
 2720
 2738
 2758
 2776
 2792
 2810
 2828
 2844
 2860
 2876
 2888
 2896
 2906
 2928
 2944
 2956
 2964
 2972
 2978
 2986
 2992
 2994
 2998
 3004
 3012
 3020
 3028
 3040
 3044
 3048
 3046
 3054
 3048
 3038
 3018
 2992
 2956
 2918
 2878
 2840
 2794
 2742
 2694
 2648
 2600
 2556
 2508
 2460
 2412
 2376
 2342
 2304
 2268
 2228
 2190
 2156
 2134
 2124
 2128
 2146
 2172
 2204
 2236
 2274
 2312
 2350
 2386
 2430
 2476
 2516
 2550
 2584
 2614
 2642
 2670
 2700
 2726
 2754
 2784
 2810
 2840
 2870
 2898
 2926
 2944
 2966
 2984
 2992
 2990
 2980
 2962
 2934
 2900
 2862
 2818
 2770
 2718
 2664
 2610
 2556
 2498
 2440
 2378
 2330
 2278
 2218
 2154
 2084
 2014
 1942
 1880
 1824
 1778
 1746
 1738
 1746
 1776
 1822
 1876
 1938
 1998
 2076
 2148
 2214
 2274
 2326
 2374
 2414
 2456
 2496
 2538
 2578
 2616
 2656
 2698
 2736
 2774
 2810
 2844
 2890
 2928
 2952
 2976
 2998
 3018
 3034
 3052
 3070
 3084
 3096
 3100
 3100
 3086
 3064
 3030
 2990
 2940
 2898
 2848
 2790
 2722
 2648
 2580
 2508
 2444
 2378
 2312
 2244
 2176
 2112
 2050
 1990
 1932
 1878
 1830
 1802
 1770
 1750
 1744
 1752
 1774
 1810
 1856
 1910
 1962
 2018
 2076
 2132
 2188
 2242
 2294
 2348
 2410
 2462
 2510
 2554
 2592
 2624
 2656
 2690
 2720
 2750
 2780
 2810
 2838
 2870
 2900
 2926
 2946
 2980
 3014
 3036
 3060
 3082
 3106
 3124
 3144
 3166
 3190
 3212
 3234
 3256
 3276
 3294
 3302
 3298
 3276
 3252
 3222
 3176
 3124
 3064
 3002
 2936
 2870
 2808
 2736
 2666
 2594
 2522
 2454
 2386
 2316
 2248
 2178
 2122
 2060
 1992
 1918
 1842
 1762
 1682
 1610
 1544
 1488
 1450
 1428
 1422
 1440
 1470
 1520
 1576
 1652
 1728
 1802
 1874
 1946
 2012
 2072
 2134
 2190
 2244
 2294
 2344
 2392
 2444
 2494
 2540
 2578
 2628
 2676
 2714
 2748
 2778
 2804
 2830
 2856
 2880
 2902
 2924
 2944
 2960
 2978
 2994
 3006
 3006
 3010
 3010
 2996
 2974
 2940
 2898
 2844
 2788
 2730
 2670
 2610
 2546
 2484
 2422
 2362
 2300
 2238
 2174
 2124
 2070
 2006
 1940
 1870
 1804
 1736
 1680
 1634
 1602
 1590
 1598
 1626
 1668
 1720
 1780
 1840
 1908
 1982
 2054
 2118
 2180
 2240
 2292
 2340
 2390
 2436
 2482
 2520
 2558
 2590
 2622
 2652
 2680
 2698
 2718
 2738
 2748
 2748
 2740
 2720
 2688
 2652
 2608
 2558
 2504
 2448
 2386
 2320
 2258
 2192
 2128
 2056
 2002
 1950
 1890
 1830
 1768
 1712
 1656
 1612
 1580
 1560
 1560
 1582
 1618
 1678
 1746
 1816
 1886
 1950
 2034
 2110
 2176
 2240
 2298
 2352
 2404
 2458
 2506
 2554
 2600
 2646
 2688
 2732
 2772
 2808
 2840
 2862
 2888
 2898
 2894
 2874
 2842
 2802
 2748
 2696
 2634
 2568
 2494
 2416
 2336
 2256
 2178
 2098
 2020
 1944
 1886
 1822
 1752
 1682
 1612
 1542
 1472
 1402
 1332
 1266
 1212
 1178
 1166
 1176
 1208
 1260
 1318
 1388
 1482
 1572
 1662
 1750
 1828
 1898
 1968
 2038
 2106
 2168
 2224
 2276
 2328
 2380
 2430
 2476
 2518
 2572
 2626
 2672
 2716
 2756
 2798
 2834
 2870
 2904
 2926
 2940
 2942
 2936
 2916
 2882
 2826
 2762
 2688
 2624
 2550
 2460
 2362
 2252
 2142
 2030
 1918
 1806
 1688
 1574
 1462
 1358
 1262
 1170
 1086
 1010
 958
 930
 906
 902
 914
 944
 984
 1036
 1098
 1172
 1252
 1336
 1426
 1518
 1608
 1696
 1770
 1860
 1944
 2016
 2082
 2142
 2194
 2242
 2294
 2346
 2392
 2436
 2478
 2516
 2556
 2590
 2618
 2638
 2674
 2700
 2720
 2738
 2756
 2774
 2794
 2814
 2832
 2848
 2866
 2880
 2894
 2898
 2896
 2878
 2842
 2810
 2768
 2712
 2648
 2580
 2508
 2432
 2360
 2286
 2204
 2124
 2040
 1962
 1886
 1812
 1736
 1664
 1604
 1534
 1470
 1406
 1348
 1296
 1262
 1246
 1246
 1256
 1284
 1324
 1382
 1444
 1512
 1572
 1644
 1722
 1794
 1864
 1932
 1998
 2056
 2116
 2176
 2228
 2284
 2338
 2388
 2438
 2486
 2532
 2572
 2610
 2658
 2698
 2736
 2772
 2802
 2828
 2852
 2880
 2908
 2934
 2954
 2976
 2994
 3004
 3016
 3028
 3040
 3044
 3058
 3070
 3070
 3062
 3048
 3022
 2988
 2952
 2914
 2864
 2814
 2764
 2710
 2658
 2602
 2548
 2492
 2436
 2380
 2336
 2292
 2242
 2188
 2130
 2076
 2018
 1964
 1916
 1870
 1832
 1804
 1792
 1796
 1818
 1852
 1890
 1932
 1974
 2034
 2094
 2148
 2202
 2248
 2294
 2336
 2382
 2424
 2464
 2502
 2540
 2574
 2604
 2636
 2670
 2700
 2732
 2758
 2786
 2824
 2850
 2874
 2892
 2906
 2918
 2924
 2932
 2936
 2938
 2938
 2936
 2928
 2914
 2892
 2862
 2824
 2780
 2732
 2696
 2654
 2602
 2548
 2486
 2422
 2354
 2290
 2230
 2168
 2110
 2048
 1990
 1934
 1886
 1846
 1814
 1806
 1816
 1854
 1900
 1954
 2016
 2078
 2144
 2204
 2268
 2330
 2388
 2446
 2500
 2552
 2602
 2650
 2694
 2734
 2770
 2818
 2860
 2894
 2922
 2946
 2962
 2970
 2984
 2992
 2998
 2998
 3000
 2994
 2984
 2964
 2934
 2898
 2852
 2818
 2774
 2726
 2674
 2618
 2562
 2500
 2444
 2386
 2326
 2270
 2216
 2162
 2114
 2070
 2028
 1998
 1974
 1984
 2000
 2032
 2072
 2118
 2166
 2212
 2260
 2312
 2364
 2416
 2470
 2520
 2572
 2622
 2670
 2710
 2754
 2800
 2840
 2874
 2900
 2924
 2938
 2946
 2954
 2958
 2960
 2960
 2954
 2944
 2928
 2906
 2874
 2834
 2784
 2746
 2698
 2644
 2582
 2518
 2452
 2382
 2318
 2254
 2188
 2126
 2066
 2012
 1962
 1920
 1884
 1856
 1850
 1862
 1878
 1906
 1946
 1990
 2040
 2092
 2148
 2202
 2256
 2310
 2370
 2428
 2486
 2538
 2586
 2634
 2694
 2744
 2786
 2820
 2848
 2874
 2894
 2916
 2940
 2960
 2984
 3014
 3048
 3088
 3124
 3164
 3200
 3250
 3298
 3332
 3366
 3392
 3414
 3426
 3436
 3446
 3454
 3456
 3452
 3442
 3418
 3386
 3342
 3288
 3228
 3184
 3132
 3068
 3000
 2926
 2852
 2774
 2706
 2634
 2566
 2496
 2428
 2360
 2298
 2238
 2180
 2120
 2074
 2040
 2004
 1986
 1982
 1996
 2026
 2068
 2120
 2176
 2234
 2290
 2348
 2404
 2462
 2516
 2568
 2610
 2668
 2716
 2754
 2792
 2826
 2858
 2884
 2912
 2936
 2956
 2974
 2994
 3010
 3026
 3042
 3052
 3062
 3066
 3082
 3088
 3094
 3094
 3088
 3076
 3060
 3046
 3036
 3034
 3034
 3040
 3048
 3060
 3070
 3080
 3080
 3100
 3118
 3124
 3124
 3120
 3114
 3100
 3092
 3082
 3070
 3060
 3044
 3022
 2994
 2958
 2914
 2868
 2832
 2782
 2726
 2670
 2612
 2556
 2508
 2470
 2440
 2424
 2420
 2430
 2450
 2476
 2496
 2532
 2574
 2610
 2648
 2680
 2714
 2742
 2776
 2808
 2840
 2870
 2902
 2930
 2956
 2978
 2996
 3022
 3036
 3044
 3048
 3046
 3036
 3020
 3008
 2988
 2964
 2930
 2892
 2850
 2800
 2748
 2692
 2658
 2618
 2572
 2522
 2470
 2412
 2352
 2300
 2246
 2190
 2138
 2092
 2062
 2046
 2044
 2058
 2096
 2134
 2178
 2230
 2282
 2328
 2376
 2422
 2466
 2510
 2550
 2594
 2636
 2678
 2712
 2752
 2800
 2832
 2862
 2886
 2908
 2924
 2946
 2966
 2986
 3010
 3040
 3072
 3104
 3134
 3158
 3176
 3200
 3204
 3184
 3160
 3124
 3084
 3030
 2978
 2924
 2866
 2802
 2734
 2664
 2596
 2530
 2458
 2390
 2330
 2274
 2204
 2126
 2042
 1962
 1884
 1812
 1748
 1686
 1630
 1582
 1544
 1526
 1530
 1550
 1582
 1620
 1678
 1744
 1812
 1880
 1940
 2002
 2056
 2110
 2162
 2210
 2256
 2304
 2350
 2396
 2438
 2480
 2516
 2548
 2592
 2628
 2664
 2696
 2726
 2756
 2780
 2810
 2838
 2866
 2892
 2914
 2932
 2942
 2946
 2932
 2896
 2836
 2774
 2696
 2612
 2520
 2424
 2316
 2202
 2088
 1970
 1848
 1722
 1590
 1454
 1328
 1212
 1098
 996
 896
 826
 760
 706
 668
 636
 620
 616
 636
 674
 720
 776
 838
 912
 996
 1088
 1180
 1268
 1370
 1478
 1570
 1656
 1738
 1812
 1878
 1944
 2004
 2062
 2120
 2174
 2226
 2278
 2328
 2378
 2428
 2478
 2540
 2594
 2640
 2684
 2726
 2760
 2796
 2830
 2864
 2892
 2918
 2936
 2952
 2958
 2962
 2958
 2948
 2928
 2912
 2882
 2848
 2804
 2752
 2692
 2632
 2576
 2520
 2464
 2408
 2358
 2308
 2258
 2204
 2148
 2094
 2044
 2002
 1954
 1902
 1848
 1796
 1746
 1708
 1684
 1674
 1680
 1702
 1736
 1786
 1844
 1902
 1962
 2020
 2096
 2166
 2232
 2286
 2338
 2388
 2430
 2476
 2518
 2558
 2598
 2634
 2670
 2704
 2736
 2768
 2794
 2830
 2868
 2900
 2926
 2952
 2976
 2998
 3020
 3040
 3060
 3082
 3104
 3128
 3150
 3174
 3194
 3212
 3226
 3246
 3256
 3260
 3252
 3236
 3208
 3172
 3136
 3096
 3048
 2998
 2948
 2898
 2848
 2800
 2746
 2692
 2636
 2594
 2552
 2504
 2448
 2392
 2338
 2280
 2222
 2164
 2108
 2050
 1996
 1944
 1898
 1860
 1828
 1812
 1808
 1826
 1856
 1890
 1934
 1978
 2028
 2074
 2122
 2172
 2222
 2272
 2320
 2366
 2412
 2458
 2502
 2544
 2580
 2632
 2676
 2716
 2752
 2782
 2814
 2840
 2870
 2898
 2924
 2948
 2966
 2986
 3006
 3030
 3052
 3074
 3092
 3104
 3116
 3110
 3092
 3070
 3042
 3010
 2970
 2932
 2888
 2842
 2794
 2750
 2702
 2660
 2616
 2570
 2526
 2480
 2436
 2398
 2366
 2326
 2284
 2240
 2194
 2148
 2106
 2072
 2048
 2038
 2046
 2070
 2106
 2150
 2202
 2256
 2310
 2364
 2420
 2486
 2544
 2600
 2654
 2706
 2750
 2790
 2828
 2860
 2890
 2918
 2940
 2960
 2974
 2988
 3004
 3014
 3024
 3028
 3048
 3060
 3070
 3078
 3078
 3078
 3074
 3070
 3060
 3046
 3024
 2994
 2960
 2922
 2880
 2838
 2794
 2746
 2698
 2648
 2610
 2564
 2514
 2460
 2406
 2354
 2298
 2250
 2202
 2158
 2116
 2076
 2044
 2028
 2024
 2036
 2054
 2084
 2112
 2160
 2206
 2252
 2296
 2340
 2380
 2418
 2454
 2488
 2522
 2554
 2584
 2614
 2644
 2674
 2708
 2734
 2762
 2786
 2824
 2858
 2890
 2920
 2944
 2968
 2984
 3008
 3030
 3052
 3072
 3086
 3100
 3116
 3128
 3140
 3142
 3142
 3136
 3134
 3122
 3096
 3062
 3022
 2974
 2926
 2874
 2824
 2772
 2718
 2664
 2608
 2556
 2504
 2452
 2400
 2350
 2298
 2262
 2220
 2176
 2134
 2088
 2044
 2000
 1968
 1944
 1934
 1938
 1960
 1994
 2036
 2078
 2124
 2170
 2220
 2282
 2342
 2396
 2446
 2490
 2534
 2578
 2620
 2662
 2702
 2744
 2782
 2824
 2864
 2894
 2922
 2944
 2980
 3010
 3032
 3050
 3064
 3078
 3086
 3098
 3108
 3116
 3122
 3130
 3132
 3134
 3132
 3126
 3108
 3090
 3066
 3030
 2988
 2942
 2890
 2832
 2778
 2726
 2672
 2618
 2564
 2512
 2460
 2412
 2360
 2312
 2262
 2226
 2192
 2152
 2116
 2078
 2050
 2028
 2022
 2032
 2056
 2088
 2128
 2178
 2232
 2286
 2342
 2394
 2450
 2512
 2566
 2618
 2666
 2712
 2754
 2792
 2832
 2868
 2900
 2926
 2954
 2980
 3002
 3026
 3044
 3060
 3078
 3104
 3116
 3114
 3098
 3072
 3036
 2990
 2942
 2888
 2830
 2770
 2708
 2642
 2578
 2516
 2452
 2386
 2324
 2274
 2218
 2158
 2092
 2024
 1956
 1888
 1828
 1766
 1714
 1682
 1674
 1686
 1722
 1770
 1824
 1876
 1942
 2016
 2088
 2158
 2222
 2282
 2342
 2404
 2462
 2520
 2574
 2624
 2670
 2716
 2758
 2796
 2834
 2866
 2910
 2952
 2988
 3016
 3040
 3064
 3084
 3108
 3130
 3152
 3170
 3192
 3216
 3236
 3254
 3268
 3280
 3286
 3296
 3298
 3282
 3250
 3210
 3160
 3102
 3042
 2980
 2916
 2844
 2772
 2702
 2634
 2570
 2506
 2442
 2378
 2324
 2276
 2222
 2170
 2116
 2060
 2004
 1948
 1894
 1842
 1792
 1752
 1728
 1724
 1738
 1764
 1802
 1850
 1916
 1984
 2054
 2122
 2182
 2242
 2296
 2350
 2400
 2450
 2498
 2546
 2590
 2634
 2676
 2718
 2752
 2796
 2840
 2876
 2906
 2934
 2958
 2976
 2996
 3012
 3030
 3046
 3064
 3078
 3094
 3110
 3126
 3138
 3150
 3168
 3180
 3192
 3198
 3202
 3194
 3180
 3160
 3128
 3086
 3038
 2986
 2932
 2878
 2824
 2764
 2704
 2648
 2604
 2552
 2502
 2448
 2394
 2340
 2286
 2236
 2184
 2132
 2080
 2034
 1988
 1952
 1914
 1888
 1868
 1872
 1884
 1904
 1934
 1968
 2008
 2046
 2090
 2132
 2176
 2220
 2266
 2312
 2356
 2400
 2442
 2480
 2524
 2572
 2612
 2650
 2684
 2712
 2738
 2764
 2792
 2818
 2842
 2864
 2886
 2906
 2924
 2944
 2964
 2978
 2992
 3012
 3012
 3006
 2984
 2954
 2916
 2876
 2834
 2784
 2730
 2676
 2620
 2564
 2512
 2460
 2404
 2352
 2298
 2262
 2222
 2178
 2134
 2084
 2038
 1988
 1942
 1896
 1854
 1816
 1792
 1782
 1786
 1802
 1826
 1860
 1894
 1944
 1996
 2046
 2100
 2148
 2196
 2240
 2286
 2332
 2376
 2418
 2456
 2490
 2528
 2566
 2602
 2634
 2664
 2702
 2746
 2782
 2814
 2840
 2866
 2886
 2904
 2920
 2930
 2930
 2932
 2934
 2930
 2920
 2902
 2876
 2844
 2806
 2770
 2736
 2692
 2644
 2596
 2542
 2484
 2430
 2376
 2320
 2264
 2208
 2150
 2096
 2046
 1994
 1948
 1900
 1864
 1836
 1810
 1796
 1794
 1804
 1828
 1866
 1910
 1956
 2004
 2052
 2098
 2144
 2194
 2238
 2280
 2320
 2378
 2426
 2470
 2512
 2550
 2586
 2618
 2654
 2686
 2718
 2750
 2782
 2812
 2844
 2878
 2908
 2940
 2968
 3010
 3042
 3068
 3086
 3104
 3118
 3126
 3132
 3130
 3120
 3102
 3072
 3032
 2990
 2940
 2886
 2828
 2768
 2720
 2664
 2602
 2540
 2478
 2410
 2342
 2278
 2214
 2148
 2084
 2018
 1960
 1910
 1860
 1816
 1776
 1766
 1762
 1774
 1798
 1830
 1870
 1916
 1968
 2020
 2072
 2124
 2176
 2226
 2276
 2324
 2372
 2412
 2474
 2526
 2574
 2616
 2654
 2690
 2722
 2754
 2784
 2808
 2834
 2854
 2874
 2890
 2898
 2898
 2890
 2892
 2886
 2868
 2844
 2810
 2768
 2722
 2680
 2636
 2586
 2538
 2488
 2436
 2386
 2330
 2274
 2212
 2168
 2120
 2072
 2028
 1984
 1950
 1922
 1908
 1908
 1922
 1946
 1984
 2028
 2078
 2126
 2174
 2218
 2280
 2334
 2386
 2434
 2480
 2522
 2558
 2600
 2636
 2674
 2708
 2738
 2768
 2800
 2828
 2856
 2876
 2908
 2940
 2964
 2992
 3016
 3038
 3050
 3064
 3078
 3088
 3096
 3098
 3096
 3090
 3076
 3052
 3020
 2976
 2938
 2900
 2850
 2792
 2730
 2664
 2594
 2528
 2464
 2398
 2330
 2260
 2192
 2124
 2060
 1990
 1928
 1864
 1816
 1772
 1728
 1688
 1658
 1642
 1640
 1652
 1674
 1706
 1742
 1784
 1832
 1882
 1932
 1984
 2028
 2088
 2150
 2206
 2260
 2312
 2362
 2404
 2450
 2498
 2544
 2586
 2626
 2666
 2704
 2740
 2774
 2800
 2830
 2868
 2892
 2912
 2930
 2944
 2952
 2958
 2966
 2978
 2990
 3002
 3016
 3032
 3052
 3072
 3090
 3106
 3132
 3148
 3146
 3136
 3110
 3074
 3032
 2988
 2940
 2890
 2836
 2782
 2726
 2674
 2622
 2570
 2516
 2462
 2420
 2382
 2336
 2294
 2250
 2206
 2160
 2120
 2078
 2046
 2020
 2004
 2004
 2018
 2036
 2064
 2092
 2132
 2184
 2230
 2276
 2322
 2362
 2396
 2434
 2470
 2504
 2536
 2564
 2590
 2616
 2642
 2666
 2688
 2712
 2748
 2776
 2802
 2824
 2844
 2862
 2880
 2900
 2918
 2934
 2948
 2958
 2968
 2982
 2994
 3002
 3008
 3022
 3038
 3044
 3050
 3048
 3046
 3036
 3028
 3012
 2986
 2956
 2922
 2884
 2844
 2806
 2762
 2718
 2672
 2630
 2598
 2556
 2506
 2452
 2394
 2336
 2280
 2228
 2178
 2126
 2078
 2036
 1996
 1966
 1940
 1926
 1920
 1932
 1960
 1992
 2036
 2078
 2122
 2166
 2210
 2262
 2310
 2350
 2390
 2422
 2452
 2484
 2508
 2528
 2546
 2572
 2598
 2620
 2640
 2660
 2682
 2702
 2728
 2752
 2776
 2800
 2826
 2846
 2862
 2874
 2876
 2868
 2848
 2828
 2798
 2752
 2702
 2640
 2574
 2502
 2430
 2354
 2274
 2188
 2100
 2004
 1916
 1828
 1738
 1646
 1554
 1474
 1394
 1322
 1266
 1228
 1214
 1214
 1240
 1284
 1348
 1422
 1502
 1586
 1668
 1752
 1830
 1908
 2002
 2084
 2160
 2228
 2290
 2344
 2396
 2448
 2498
 2546
 2590
 2632
 2678
 2718
 2762
 2796
 2840
 2892
 2934
 2972
 3004
 3032
 3050
 3068
 3084
 3094
 3092
 3076
 3048
 3010
 2962
 2904
 2840
 2774
 2720
 2654
 2586
 2514
 2434
 2348
 2260
 2170
 2074
 1976
 1880
 1788
 1700
 1610
 1526
 1440
 1362
 1298
 1238
 1194
 1166
 1154
 1166
 1200
 1248
 1302
 1362
 1426
 1498
 1572
 1646
 1718
 1780
 1860
 1934
 1998
 2060
 2116
 2168
 2212
 2260
 2302
 2342
 2382
 2418
 2454
 2488
 2518
 2546
 2578
 2616
 2646
 2672
 2694
 2712
 2726
 2742
 2758
 2776
 2794
 2810
 2828
 2846
 2866
 2882
 2888
 2890
 2872
 2834
 2786
 2732
 2674
 2608
 2550
 2492
 2434
 2374
 2318
 2262
 2210
 2160
 2112
 2062
 2022
 1988
 1946
 1904
 1858
 1814
 1774
 1746
 1732
 1732
 1746
 1774
 1810
 1858
 1912
 1968
 2022
 2080
 2146
 2204
 2260
 2316
 2362
 2402
 2442
 2478
 2508
 2540
 2564
 2588
 2610
 2634
 2654
 2676
 2690
 2716
 2744
 2758
 2766
 2766
 2760
 2742
 2722
 2688
 2646
 2598
 2540
 2478
 2416
 2354
 2290
 2224
 2164
 2118
 2058
 1996
 1934
 1878
 1826
 1788
 1766
 1756
 1746
 1736
 1724
 1726
 1736
 1762
 1788
 1836
 1886
 1926
 1966
 2000
 2028
 2050
 2070
 2084
 2094
 2102
 2108
 2114
 2120
 2126
 2122
 2122
 2138
 2144
 2154
 2168
 2184
 2202
 2228
 2260
 2292
 2330
 2372
 2414
 2460
 2510
 2552
 2596
 2662
 2714
 2760
 2800
 2832
 2860
 2890
 2920
 2942
 2966
 2990
 3008
 3026
 3038
 3044
 3034
 3028
 3010
 2976
 2936
 2890
 2836
 2770
 2708
 2644
 2578
 2504
 2432
 2360
 2290
 2218
 2144
 2070
 2008
 1932
 1846
 1746
 1638
 1528
 1416
 1304
 1186
 1066
 946
 830
 724
 620
 524
 428
 352
 280
 208
 144
 88
 30
 0
 0
 0
 0
 0
 0
 0
 0
 0
 0
 0
 76
 174
 286
 402
 510
 608
 700
 794
 880
 962
 1040
 1118
 1196
 1274
 1348
 1424
 1500
 1600
 1696
 1776
 1848
 1916
 1976
 2030
 2084
 2134
 2176
 2220
 2258
 2296
 2336
 2374
 2416
 2454
 2492
 2542
 2584
 2618
 2650
 2678
 2702
 2724
 2752
 2776
 2802
 2828
 2854
 2882
 2912
 2942
 2974
 3002
 3026
 3060
 3104
 3140
 3166
 3186
 3208
 3226
 3242
 3260
 3272
 3288
 3300
 3308
 3318
 3320
 3320
 3320
 3306
 3286
 3254
 3222
 3178
 3126
 3068
 3002
 2936
 2868
 2800
 2732
 2662
 2592
 2524
 2456
 2392
 2328
 2260
 2198
 2140
 2098
 2052
 2012
 1972
 1932
 1902
 1878
 1866
 1870
 1882
 1908
 1940
 1982
 2028
 2076
 2126
 2174
 2236
 2294
 2354
 2410
 2462
 2510
 2552
 2596
 2638
 2682
 2726
 2764
 2806
 2842
 2878
 2910
 2944
 2978
 2998
 3006
 3012
 3016
 3016
 3020
 3028
 3034
 3042
 3052
 3062
 3072
 3078
 3082
 3076
 3072
 3058
 3030
 2996
 2954
 2908
 2852
 2800
 2748
 2690
 2636
 2582
 2526
 2474
 2422
 2370
 2316
 2278
 2244
 2202
 2162
 2120
 2082
 2048
 2030
 2028
 2038
 2060
 2092
 2130
 2176
 2220
 2266
 2306
 2356
 2410
 2458
 2500
 2534
 2564
 2588
 2616
 2644
 2670
 2696
 2724
 2750
 2774
 2800
 2824
 2844
 2866
 2892
 2924
 2948
 2962
 2968
 2972
 2974
 2974
 2974
 2972
 2962
 2952
 2934
 2912
 2880
 2846
 2810
 2772
 2728
 2692
 2660
 2618
 2572
 2522
 2468
 2414
 2358
 2308
 2260
 2214
 2172
 2134
 2102
 2084
 2080
 2090
 2112
 2142
 2178
 2232
 2282
 2332
 2378
 2422
 2466
 2502
 2542
 2578
 2614
 2646
 2678
 2710
 2740
 2774
 2800
 2830
 2856
 2894
 2932
 2962
 2992
 3016
 3044
 3064
 3084
 3104
 3118
 3130
 3140
 3148
 3152
 3154
 3154
 3146
 3132
 3108
 3092
 3070
 3036
 2996
 2952
 2904
 2852
 2798
 2748
 2696
 2644
 2590
 2538
 2484
 2434
 2384
 2334
 2286
 2244
 2214
 2180
 2148
 2122
 2102
 2094
 2094
 2104
 2124
 2150
 2178
 2210
 2244
 2286
 2328
 2370
 2408
 2452
 2504
 2550
 2594
 2634
 2674
 2706
 2738
 2770
 2804
 2834
 2866
 2898
 2932
 2966
 2996
 3024
 3044
 3078
 3114
 3144
 3168
 3192
 3214
 3230
 3252
 3272
 3292
 3310
 3330
 3354
 3372
 3390
 3400
 3410
 3408
 3416
 3406
 3380
 3344
 3298
 3246
 3184
 3128
 3070
 3012
 2950
 2890
 2834
 2776
 2720
 2660
 2606
 2550
 2508
 2468
 2420
 2370
 2318
 2264
 2208
 2156
 2106
 2058
 2020
 2000
 2000
 2022
 2052
 2092
 2132
 2190
 2258
 2324
 2386
 2446
 2502
 2552
 2600
 2648
 2696
 2740
 2784
 2826
 2868
 2914
 2950
 2980
 3016
 3062
 3096
 3126
 3150
 3172
 3192
 3206
 3222
 3238
 3250
 3266
 3280
 3290
 3294
 3300
 3296
 3302
 3316
 3316
 3324
 3328
 3334
 3336
 3342
 3350
 3354
 3354
 3344
 3322
 3296
 3260
 3212
 3160
 3096
 3052
 2998
 2942
 2882
 2820
 2756
 2690
 2628
 2566
 2502
 2440
 2376
 2314
 2254
 2190
 2128
 2066
 2020
 1966
 1916
 1870
 1832
 1812
 1810
 1830
 1866
 1914
 1970
 2034
 2102
 2170
 2234
 2292
 2356
 2434
 2502
 2564
 2620
 2674
 2720
 2768
 2816
 2860
 2902
 2940
 2976
 3016
 3054
 3090
 3116
 3146
 3184
 3212
 3232
 3250
 3266
 3280
 3292
 3308
 3316
 3328
 3340
 3356
 3368
 3382
 3394
 3394
 3392
 3388
 3362
 3326
 3282
 3234
 3180
 3120
 3064
 3004
 2942
 2878
 2812
 2748
 2686
 2624
 2564
 2500
 2454
 2412
 2362
 2312
 2262
 2210
 2154
 2104
 2056
 2010
 1968
 1938
 1920
 1918
 1928
 1948
 1976
 2014
 2066
 2114
 2166
 2214
 2256
 2298
 2342
 2384
 2424
 2466
 2504
 2544
 2582
 2624
 2662
 2698
 2730
 2768
 2808
 2838
 2862
 2882
 2900
 2912
 2926
 2938
 2946
 2954
 2964
 2976
 2984
 2994
 3004
 3012
 3018
 3020
 3030
 3040
 3042
 3040
 3032
 3018
 2994
 2966
 2934
 2898
 2858
 2816
 2772
 2724
 2676
 2630
 2582
 2534
 2488
 2438
 2406
 2370
 2330
 2286
 2238
 2190
 2140
 2094
 2052
 2016
 1990
 1982
 1990
 2012
 2044
 2086
 2126
 2170
 2212
 2272
 2332
 2386
 2438
 2480
 2520
 2556
 2594
 2632
 2670
 2706
 2742
 2768
 2794
 2820
 2842
 2860
 2874
 2882
 2896
 2896
 2882
 2864
 2842
 2818
 2786
 2750
 2710
 2664
 2616
 2566
 2516
 2464
 2414
 2362
 2310
 2258
 2204
 2156
 2116
 2068
 2016
 1962
 1906
 1852
 1804
 1770
 1752
 1754
 1772
 1804
 1850
 1908
 1968
 2030
 2094
 2158
 2234
 2300
 2358
 2412
 2460
 2502
 2540
 2578
 2616
 2654
 2690
 2726
 2762
 2798
 2836
 2870
 2904
 2928
 2948
 2958
 2944
 2922
 2890
 2846
 2796
 2740
 2686
 2626
 2564
 2498
 2432
 2368
 2302
 2240
 2174
 2112
 2054
 2010
 1968
 1924
 1882
 1842
 1808
 1784
 1780
 1794
 1820
 1856
 1902
 1954
 2008
 2066
 2118
 2170
 2218
 2274
 2332
 2384
 2438
 2488
 2534
 2572
 2610
 2646
 2682
 2718
 2750
 2784
 2816
 2850
 2886
 2920
 2956
 2980
 3016
 3038
 3048
 3058
 3056
 3042
 3020
 2994
 2960
 2924
 2882
 2834
 2784
 2732
 2682
 2632
 2576
 2518
 2462
 2410
 2364
 2310
 2252
 2192
 2132
 2074
 2014
 1956
 1900
 1840
 1782
 1732
 1692
 1676
 1680
 1700
 1736
 1786
 1856
 1930
 1998
 2070
 2138
 2202
 2264
 2326
 2386
 2440
 2492
 2540
 2584
 2630
 2672
 2714
 2748
 2786
 2832
 2870
 2902
 2928
 2948
 2964
 2980
 3002
 3020
 3036
 3054
 3074
 3094
 3116
 3132
 3150
 3164
 3188
 3218
 3240
 3260
 3276
 3288
 3286
 3280
 3266
 3242
 3208
 3168
 3122
 3072
 3018
 2968
 2914
 2854
 2790
 2738
 2688
 2630
 2574
 2512
 2450
 2384
 2322
 2260
 2198
 2138
 2078
 2018
 1966
 1918
 1876
 1844
 1826
 1838
 1860
 1892
 1936
 1986
 2044
 2098
 2156
 2212
 2268
 2324
 2374
 2424
 2472
 2518
 2560
 2592
 2640
 2682
 2720
 2756
 2790
 2818
 2842
 2868
 2892
 2912
 2930
 2942
 2948
 2944
 2932
 2918
 2890
 2856
 2828
 2788
 2742
 2688
 2630
 2566
 2502
 2440
 2378
 2312
 2246
 2182
 2120
 2060
 2004
 1950
 1896
 1854
 1822
 1786
 1762
 1746
 1750
 1764
 1798
 1844
 1896
 1952
 2006
 2064
 2122
 2180
 2234
 2290
 2338
 2398
 2458
 2512
 2558
 2602
 2642
 2678
 2714
 2750
 2786
 2822
 2856
 2888
 2918
 2944
 2970
 2992
 3014
 3034
 3064
 3094
 3114
 3126
 3130
 3120
 3102
 3070
 3040
 3000
 2954
 2900
 2844
 2784
 2724
 2664
 2604
 2544
 2482
 2418
 2350
 2300
 2244
 2184
 2120
 2054
 1986
 1916
 1846
 1778
 1708
 1642
 1582
 1532
 1502
 1492
 1504
 1528
 1570
 1626
 1698
 1772
 1848
 1922
 1988
 2054
 2110
 2166
 2220
 2272
 2322
 2374
 2426
 2478
 2534
 2596
 2656
 2714
 2764
 2828
 2890
 2942
 2988
 3032
 3068
 3094
 3120
 3146
 3170
 3192
 3214
 3230
 3246
 3254
 3260
 3254
 3234
 3200
 3164
 3128
 3076
 3018
 2952
 2882
 2810
 2736
 2664
 2594
 2524
 2454
 2384
 2316
 2250
 2186
 2116
 2046
 1978
 1922
 1874
 1822
 1774
 1732
 1698
 1674
 1664
 1672
 1700
 1740
 1792
 1848
 1910
 1980
 2048
 2112
 2176
 2238
 2316
 2390
 2456
 2516
 2574
 2626
 2672
 2718
 2762
 2806
 2848
 2890
 2928
 2966
 3000
 3022
 3042
 3046
 3046
 3038
 3012
 2976
 2932
 2884
 2828
 2774
 2720
 2666
 2612
 2560
 2508
 2460
 2416
 2368
 2324
 2278
 2244
 2208
 2170
 2134
 2098
 2072
 2054
 2050
 2060
 2080
 2108
 2140
 2176
 2218
 2258
 2298
 2334
 2370
 2418
 2456
 2492
 2526
 2556
 2584
 2606
 2634
 2658
 2680
 2700
 2720
 2738
 2754
 2766
 2772
 2770
 2770
 2762
 2736
 2702
 2656
 2604
 2546
 2486
 2428
 2368
 2308
 2244
 2176
 2110
 2046
 1978
 1914
 1860
 1822
 1780
 1742
 1712
 1690
 1678
 1682
 1696
 1718
 1740
 1750
 1754
 1756
 1764
 1776
 1796
 1818
 1856
 1890
 1918
 1950
 1976
 1998
 2014
 2030
 2042
 2054
 2064
 2072
 2078
 2086
 2092
 2094
 2088
 2100
 2112
 2118
 2128
 2136
 2146
 2152
 2168
 2186
 2206
 2230
 2254
 2278
 2304
 2324
 2342
 2358
 2388
 2412
 2432
 2450
 2466
 2478
 2490
 2504
 2518
 2532
 2550
 2568
 2584
 2602
 2616
 2630
 2642
 2668
 2688
 2708
 2726
 2746
 2764
 2782
 2802
 2826
 2846
 2870
 2894
 2914
 2924
 2934
 2942
 2942
 2954
 2978
 2992
 3000
 2996
 2982
 2958
 2926
 2892
 2852
 2806
 2758
 2708
 2652
 2598
 2540
 2482
 2426
 2370
 2328
 2276
 2214
 2152
 2086
 2024
 1958
 1904
 1850
 1798
 1754
 1714
 1684
 1674
 1678
 1708
 1748
 1814
 1886
 1954
 2022
 2088
 2148
 2200
 2254
 2306
 2358
 2410
 2460
 2508
 2560
 2606
 2654
 2696
 2756
 2818
 2880
 2952
 3032
 3116
 3190
 3252
 3306
 3346
 3380
 3406
 3422
 3438
 3452
 3466
 3472
 3488
 3504
 3508
 3508
 3504
 3490
 3460
 3430
 3388
 3336
 3276
 3208
 3144
 3080
 3014
 2944
 2874
 2804
 2754
 2694
 2630
 2566
 2498
 2430
 2362
 2302
 2246
 2194
 2150
 2112
 2086
 2078
 2086
 2106
 2140
 2182
 2244
 2300
 2354
 2406
 2450
 2492
 2534
 2576
 2616
 2654
 2694
 2728
 2762
 2794
 2826
 2854
 2880
 2900
 2924
 2952
 2964
 2980
 2986
 2992
 2996
 2998
 3000
 3000
 2994
 2984
 2966
 2944
 2918
 2880
 2836
 2784
 2724
 2676
 2612
 2534
 2450
 2358
 2260
 2152
 2046
 1934
 1824
 1716
 1612
 1518
 1436
 1364
 1294
 1234
 1188
 1170
 1164
 1172
 1198
 1230
 1276
 1324
 1380
 1438
 1500
 1566
 1632
 1702
 1774
 1844
 1914
 1978
 2046
 2128
 2198
 2266
 2328
 2384
 2434
 2488
 2542
 2594
 2646
 2694
 2744
 2790
 2836
 2874
 2908
 2936
 2986
 3048
 3118
 3176
 3220
 3256
 3284
 3310
 3336
 3362
 3380
 3400
 3420
 3438
 3458
 3474
 3492
 3510
 3544
 3566
 3558
 3532
 3488
 3428
 3352
 3270
 3184
 3096
 3004
 2912
 2824
 2742
 2660
 2576
 2494
 2412
 2350
 2284
 2212
 2140
 2064
 1988
 1912
 1844
 1788
 1742
 1718
 1716
 1738
 1774
 1822
 1878
 1930
 2002
 2074
 2142
 2210
 2272
 2326
 2374
 2428
 2476
 2520
 2562
 2600
 2638
 2676
 2712
 2744
 2772
 2808
 2848
 2882
 2914
 2940
 2968
 2988
 3012
 3040
 3062
 3080
 3102
 3124
 3150
 3174
 3196
 3214
 3228
 3260
 3280
 3290
 3292
 3284
 3264
 3234
 3196
 3154
 3108
 3056
 3006
 2954
 2904
 2856
 2808
 2760
 2710
 2676
 2638
 2592
 2546
 2494
 2444
 2396
 2352
 2316
 2288
 2272
 2268
 2276
 2296
 2320
 2348
 2380
 2412
 2446
 2494
 2534
 2576
 2614
 2656
 2696
 2734
 2776
 2816
 2858
 2898
 2940
 2980
 3018
 3054
 3084
 3116
 3142
 3176
 3200
 3202
 3192
 3170
 3136
 3090
 3044
 2992
 2938
 2882
 2824
 2766
 2710
 2658
 2604
 2548
 2492
 2436
 2394
 2346
 2294
 2238
 2180
 2122
 2066
 2014
 1964
 1920
 1882
 1860
 1860
 1874
 1902
 1942
 1980
 2026
 2072
 2134
 2188
 2240
 2288
 2334
 2376
 2416
 2452
 2490
 2524
 2558
 2588
 2616
 2646
 2676
 2702
 2728
 2752
 2774
 2808
 2840
 2868
 2892
 2908
 2920
 2930
 2942
 2954
 2968
 2980
 2994
 3010
 3022
 3036
 3048
 3062
 3074
 3086
 3088
 3096
 3092
 3076
 3052
 3014
 2972
 2926
 2878
 2834
 2786
 2740
 2698
 2656
 2618
 2580
 2544
 2514
 2472
 2432
 2386
 2352
 2318
 2276
 2236
 2186
 2138
 2088
 2040
 1998
 1954
 1914
 1876
 1852
 1848
 1862
 1894
 1934
 1980
 2024
 2082
 2146
 2208
 2270
 2328
 2384
 2438
 2490
 2544
 2598
 2652
 2706
 2756
 2806
 2856
 2906
 2944
 2976
 2992
 3016
 3022
 3012
 2994
 2964
 2922
 2872
 2816
 2760
 2702
 2640
 2578
 2514
 2450
 2390
 2328
 2264
 2204
 2146
 2104
 2056
 2008
 1962
 1920
 1892
 1878
 1886
 1910
 1948
 1996
 2052
 2114
 2180
 2244
 2306
 2362
 2412
 2480
 2544
 2590
 2632
 2670
 2704
 2732
 2760
 2790
 2822
 2852
 2884
 2910
 2934
 2952
 2962
 2964
 2958
 2936
 2914
 2870
 2820
 2764
 2700
 2636
 2564
 2492
 2422
 2352
 2284
 2216
 2146
 2082
 2020
 1956
 1894
 1834
 1788
 1742
 1698
 1658
 1628
 1616
 1624
 1650
 1696
 1754
 1816
 1884
 1956
 2032
 2108
 2178
 2240
 2298
 2362
 2406
 2438
 2464
 2484
 2508
 2528
 2552
 2576
 2600
 2628
 2652
 2680
 2706
 2734
 2762
 2792
 2816
 2848
 2860
 2854
 2832
 2796
 2756
 2704
 2650
 2592
 2528
 2460
 2388
 2312
 2236
 2164
 2088
 2014
 1942
 1876
 1822
 1762
 1702
 1640
 1580
 1520
 1462
 1418
 1384
 1372
 1380
 1408
 1460
 1526
 1606
 1684
 1766
 1844
 1942
 2030
 2104
 2168
 2228
 2288
 2340
 2398
 2456
 2518
 2582
 2644
 2706
 2768
 2828
 2886
 2938
 2986
 3028
 3078
 3114
 3138
 3152
 3154
 3140
 3110
 3074
 3028
 2978
 2916
 2846
 2776
 2708
 2638
 2574
 2506
 2438
 2370
 2318
 2264
 2208
 2152
 2096
 2048
 2002
 1968
 1950
 1952
 1976
 2016
 2068
 2128
 2186
 2242
 2298
 2350
 2410
 2472
 2524
 2576
 2626
 2680
 2732
 2784
 2842
 2896
 2950
 3002
 3050
 3096
 3132
 3164
 3192
 3214
 3230
 3244
 3236
 3208
 3162
 3106
 3042
 2968
 2898
 2824
 2744
 2668
 2590
 2512
 2438
 2366
 2286
 2210
 2132
 2070
 2000
 1926
 1854
 1778
 1706
 1634
 1572
 1520
 1486
 1474
 1488
 1526
 1584
 1648
 1720
 1788
 1864
 1950
 2028
 2102
 2174
 2244
 2306
 2366
 2424
 2482
 2540
 2598
 2654
 2708
 2764
 2816
 2864
 2914
 2976
 3028
 3072
 3112
 3140
 3166
 3180
 3192
 3196
 3194
 3182
 3160
 3122
 3076
 3028
 2968
 2900
 2824
 2762
 2690
 2616
 2542
 2462
 2382
 2298
 2222
 2144
 2066
 1990
 1914
 1842
 1774
 1710
 1652
 1596
 1558
 1528
 1512
 1514
 1528
 1558
 1596
 1648
 1702
 1760
 1818
 1878
 1940
 2010
 2076
 2142
 2198
 2268
 2330
 2388
 2444
 2498
 2552
 2600
 2654
 2702
 2750
 2792
 2830
 2864
 2894
 2916
 2934
 2946
 2968
 2994
 3016
 3036
 3056
 3074
 3088
 3100
 3114
 3122
 3124
 3118
 3102
 3072
 3036
 2992
 2940
 2876
 2818
 2760
 2694
 2626
 2556
 2482
 2406
 2332
 2260
 2184
 2108
 2032
 1956
 1886
 1820
 1756
 1698
 1640
 1600
 1564
 1534
 1508
 1482
 1478
 1480
 1502
 1536
 1580
 1634
 1696
 1768
 1846
 1926
 2002
 2080
 2154
 2236
 2322
 2394
 2462
 2526
 2584
 2634
 2684
 2734
 2780
 2826
 2870
 2910
 2944
 2978
 3010
 3040
 3062
 3094
 3124
 3142
 3152
 3156
 3150
 3136
 3118
 3096
 3066
 3028
 2984
 2936
 2886
 2834
 2780
 2718
 2660
 2598
 2548
 2494
 2436
 2376
 2310
 2248
 2182
 2124
 2068
 2014
 1960
 1912
 1870
 1838
 1820
 1818
 1836
 1868
 1922
 1976
 2034
 2094
 2152
 2208
 2256
 2310
 2358
 2412
 2462
 2512
 2562
 2612
 2658
 2704
 2746
 2794
 2846
 2894
 2938
 2976
 3012
 3042
 3064
 3088
 3108
 3126
 3138
 3150
 3156
 3162
 3162
 3152
 3136
 3112
 3092
 3058
 3012
 2954
 2894
 2830
 2764
 2700
 2636
 2572
 2508
 2440
 2374
 2308
 2242
 2176
 2114
 2052
 2006
 1956
 1908
 1860
 1812
 1774
 1738
 1718
 1718
 1734
 1766
 1806
 1856
 1910
 1964
 2020
 2076
 2140
 2212
 2274
 2338
 2396
 2452
 2504
 2556
 2610
 2660
 2706
 2750
 2792
 2836
 2876
 2912
 2948
 2974
 3008
 3040
 3054
 3054
 3042
 3020
 2990
 2954
 2914
 2866
 2812
 2750
 2686
 2616
 2546
 2472
 2396
 2324
 2252
 2198
 2144
 2088
 2034
 1980
 1930
 1876
 1834
 1794
 1756
 1730
 1718
 1724
 1748
 1788
 1838
 1900
 1960
 2036
 2108
 2174
 2236
 2294
 2348
 2396
 2448
 2498
 2546
 2590
 2634
 2680
 2728
 2776
 2816
 2856
 2890
 2936
 2978
 3008
 3038
 3060
 3076
 3086
 3098
 3106
 3102
 3088
 3062
 3024
 2980
 2926
 2866
 2804
 2738
 2686
 2624
 2558
 2486
 2410
 2330
 2248
 2176
 2100
 2024
 1950
 1876
 1808
 1748
 1688
 1630
 1584
 1544
 1522
 1502
 1496
 1504
 1530
 1568
 1614
 1670
 1728
 1788
 1852
 1914
 1980
 2050
 2116
 2180
 2238
 2306
 2376
 2444
 2506
 2562
 2616
 2664
 2712
 2760
 2804
 2844
 2886
 2926
 2968
 3008
 3042
 3072
 3092
 3126
 3154
 3174
 3188
 3190
 3188
 3178
 3168
 3148
 3118
 3076
 3032
 2982
 2930
 2874
 2814
 2752
 2688
 2640
 2584
 2526
 2466
 2400
 2338
 2276
 2218
 2162
 2108
 2056
 2004
 1960
 1924
 1898
 1884
 1884
 1900
 1934
 1970
 2010
 2054
 2096
 2140
 2182
 2228
 2278
 2322
 2366
 2408
 2448
 2486
 2522
 2554
 2582
 2620
 2650
 2676
 2702
 2720
 2738
 2754
 2770
 2786
 2802
 2816
 2834
 2848
 2866
 2880
 2890
 2890
 2886
 2884
 2864
 2832
 2788
 2738
 2686
 2628
 2572
 2514
 2454
 2388
 2322
 2254
 2194
 2128
 2066
 2002
 1958
 1916
 1870
 1826
 1778
 1734
 1692
 1658
 1638
 1630
 1636
 1656
 1688
 1730
 1774
 1822
 1866
 1922
 1982
 2038
 2096
 2154
 2210
 2258
 2310
 2364
 2420
 2476
 2532
 2586
 2640
 2692
 2738
 2778
 2832
 2886
 2930
 2968
 3002
 3032
 3056
 3076
 3100
 3122
 3142
 3156
 3170
 3178
 3182
 3178
 3154
 3112
 3078
 3032
 2972
 2908
 2838
 2764
 2686
 2614
 2544
 2470
 2396
 2318
 2242
 2170
 2102
 2038
 1980
 1934
 1918
 1904
 1888
 1878
 1874
 1884
 1902
 1930
 1964
 1996
 2028
 2060
 2090
 2114
 2132
 2146
 2154
 2174
 2190
 2196
 2202
 2204
 2204
 2196
 2196
 2196
 2194
 2202
 2210
 2222
 2238
 2256
 2276
 2296
 2316
 2358
 2392
 2422
 2450
 2478
 2500
 2522
 2548
 2576
 2604
 2634
 2664
 2696
 2728
 2758
 2786
 2820
 2862
 2894
 2920
 2938
 2950
 2958
 2962
 2968
 2972
 2972
 2972
 2966
 2956
 2932
 2892
 2840
 2786
 2740
 2678
 2598
 2506
 2408
 2302
 2192
 2086
 1974
 1862
 1752
 1644
 1540
 1446
 1352
 1262
 1182
 1122
 1054
 994
 932
 876
 830
 792
 764
 746
 740
 748
 760
 780
 796
 824
 844
 876
 910
 940
 976
 1012
 1050
 1086
 1128
 1168
 1216
 1264
 1312
 1360
 1414
 1468
 1522
 1574
 1642
 1706
 1768
 1824
 1876
 1922
 1970
 2018
 2064
 2108
 2150
 2190
 2228
 2270
 2308
 2346
 2380
 2424
 2468
 2500
 2532
 2560
 2586
 2608
 2632
 2658
 2682
 2706
 2732
 2756
 2782
 2806
 2838
 2872
 2906
 2938
 2972
 3018
 3040
 3046
 3038
 3014
 2982
 2940
 2898
 2850
 2802
 2750
 2698
 2646
 2598
 2550
 2506
 2456
 2408
 2360
 2332
 2304
 2298
 2306
 2322
 2348
 2370
 2398
 2422
 2448
 2476
 2508
 2544
 2584
 2636
 2688
 2738
 2794
 2854
 2930
 2996
 3050
 3100
 3148
 3190
 3226
 3264
 3300
 3334
 3368
 3398
 3422
 3450
 3476
 3496
 3508
 3522
 3538
 3538
 3528
 3498
 3448
 3386
 3316
 3248
 3176
 3102
 3030
 2956
 2884
 2814
 2742
 2672
 2604
 2546
 2492
 2432
 2366
 2296
 2226
 2154
 2086
 2022
 1962
 1912
 1878
 1858
 1858
 1868
 1892
 1922
 1958
 2006
 2044
 2082
 2120
 2152
 2180
 2210
 2240
 2272
 2304
 2334
 2364
 2394
 2424
 2456
 2484
 2510
 2554
 2592
 2624
 2658
 2682
 2704
 2726
 2750
 2772
 2790
 2806
 2822
 2840
 2858
 2878
 2896
 2914
 2924
 2952
 2970
 2980
 2988
 2988
 2982
 2968
 2946
 2914
 2878
 2832
 2788
 2738
 2686
 2636
 2586
 2530
 2476
 2418
 2368
 2320
 2266
 2206
 2142
 2080
 2014
 1952
 1894
 1836
 1782
 1734
 1698
 1678
 1678
 1696
 1728
 1768
 1816
 1864
 1930
 1992
 2050
 2106
 2160
 2214
 2260
 2308
 2352
 2398
 2444
 2484
 2522
 2558
 2588
 2622
 2646
 2670
 2686
 2708
 2728
 2734
 2732
 2718
 2696
 2664
 2626
 2586
 2538
 2486
 2432
 2372
 2308
 2244
 2178
 2108
 2038
 1972
 1910
 1862
 1802
 1740
 1676
 1612
 1556
 1510
 1482
 1470
 1480
 1510
 1554
 1612
 1676
 1744
 1812
 1882
 1946
 2022
 2098
 2164
 2232
 2290
 2342
 2388
 2430
 2474
 2516
 2558
 2598
 2638
 2678
 2716
 2748
 2780
 2812
 2834
 2870
 2896
 2914
 2926
 2928
 2926
 2914
 2898
 2878
 2848
 2814
 2770
 2722
 2672
 2620
 2570
 2512
 2454
 2392
 2346
 2286
 2224
 2158
 2092
 2026
 1962
 1902
 1848
 1792
 1748
 1710
 1686
 1686
 1706
 1736
 1782
 1836
 1906
 1980
 2048
 2112
 2170
 2228
 2276
 2328
 2378
 2426
 2472
 2516
 2562
 2608
 2656
 2700
 2746
 2786
 2836
 2880
 2912
 2934
 2948
 2958
 2962
 2964
 2964
 2958
 2954
 2948
 2940
 2922
 2894
 2856
 2808
 2758
 2700
 2656
 2608
 2552
 2494
 2428
 2364
 2292
 2224
 2156
 2092
 2030
 1968
 1914
 1866
 1828
 1800
 1782
 1782
 1794
 1830
 1876
 1924
 1978
 2028
 2082
 2132
 2186
 2240
 2290
 2340
 2386
 2434
 2482
 2528
 2576
 2622
 2668
 2708
 2754
 2806
 2852
 2892
 2926
 2958
 2982
 3000
 3022
 3038
 3054
 3064
 3066
 3064
 3058
 3046
 3032
 3008
 2980
 2944
 2916
 2882
 2840
 2792
 2742
 2688
 2632
 2574
 2514
 2450
 2382
 2318
 2250
 2184
 2122
 2062
 2004
 1946
 1894
 1842
 1806
 1772
 1736
 1714
 1700
 1708
 1730
 1766
 1814
 1868
 1928
 1990
 2054
 2118
 2184
 2246
 2308
 2374
 2436
 2512
 2580
 2646
 2710
 2774
 2840
 2902
 2964
 3016
 3068
 3112
 3156
 3198
 3234
 3270
 3298
 3316
 3320
 3326
 3328
 3320
 3304
 3278
 3242
 3196
 3142
 3084
 3022
 2952
 2884
 2814
 2746
 2678
 2608
 2532
 2458
 2384
 2328
 2262
 2194
 2126
 2054
 1982
 1908
 1834
 1758
 1676
 1596
 1516
 1444
 1386
 1338
 1312
 1306
 1318
 1350
 1388
 1440
 1496
 1554
 1618
 1678
 1742
 1806
 1868
 1930
 1990
 2054
 2118
 2180
 2242
 2296
 2368
 2434
 2496
 2552
 2604
 2652
 2694
 2740
 2782
 2824
 2866
 2906
 2948
 2990
 3030
 3064
 3090
 3116
 3152
 3174
 3182
 3180
 3166
 3146
 3116
 3082
 3036
 2988
 2938
 2886
 2832
 2778
 2724
 2668
 2614
 2556
 2508
 2468
 2418
 2366
 2310
 2250
 2190
 2130
 2072
 2012
 1952
 1894
 1842
 1796
 1762
 1740
 1724
 1722
 1726
 1748
 1776
 1806
 1838
 1870
 1906
 1938
 1974
 2008
 2042
 2076
 2110
 2142
 2176
 2208
 2244
 2282
 2316
 2348
 2384
 2424
 2456
 2484
 2510
 2528
 2546
 2562
 2580
 2596
 2614
 2632
 2652
 2670
 2690
 2710
 2728
 2742
 2762
 2776
 2794
 2808
 2808
 2804
 2788
 2770
 2744
 2712
 2676
 2634
 2588
 2538
 2484
 2426
 2368
 2308
 2250
 2188
 2124
 2062
 1994
 1940
 1878
 1802
 1722
 1638
 1558
 1476
 1400
 1324
 1248
 1166
 1084
 1000
 924
 848
 778
 720
 676
 650
 648
 658
 686
 726
 784
 854
 930
 1016
 1102
 1186
 1272
 1356
 1442
 1532
 1624
 1710
 1794
 1870
 1954
 2024
 2080
 2132
 2180
 2222
 2264
 2308
 2356
 2406
 2456
 2506
 2554
 2602
 2654
 2702
 2748
 2790
 2838
 2864
 2880
 2894
 2906
 2916
 2920
 2932
 2942
 2950
 2950
 2944
 2932
 2916
 2890
 2854
 2808
 2762
 2724
 2672
 2616
 2554
 2486
 2420
 2348
 2282
 2212
 2144
 2076
 2010
 1952
 1894
 1838
 1792
 1748
 1728
 1716
 1714
 1726
 1748
 1790
 1840
 1902
 1964
 2026
 2086
 2138
 2190
 2240
 2286
 2330
 2370
 2410
 2460
 2500
 2538
 2572
 2602
 2628
 2654
 2682
 2708
 2728
 2746
 2758
 2764
 2766
 2754
 2734
 2700
 2672
 2640
 2596
 2542
 2482
 2414
 2342
 2270
 2196
 2118
 2038
 1958
 1876
 1798
 1722
 1648
 1580
 1514
 1470
 1426
 1392
 1376
 1374
 1394
 1426
 1474
 1536
 1604
 1676
 1756
 1834
 1918
 1998
 2074
 2144
 2236
 2316
 2394
 2468
 2536
 2602
 2668
 2734
 2792
 2846
 2894
 2938
 2982
 3022
 3058
 3088
 3102
 3118
 3124
 3114
 3090
 3052
 3006
 2948
 2890
 2830
 2766
 2700
 2632
 2560
 2488
 2420
 2346
 2278
 2208
 2156
 2098
 2038
 1978
 1914
 1852
 1792
 1742
 1700
 1674
 1668
 1680
 1710
 1754
 1802
 1860
 1920
 1990
 2064
 2134
 2200
 2264
 2324
 2378
 2438
 2498
 2560
 2624
 2684
 2746
 2806
 2870
 2928
 2986
 3036
 3092
 3130
 3146
 3158
 3162
 3158
 3146
 3132
 3108
 3078
 3036
 2994
 2946
 2894
 2842
 2784
 2722
 2660
 2606
 2552
 2492
 2428
 2358
 2288
 2216
 2146
 2080
 2010
 1946
 1886
 1834
 1790
 1760
 1744
 1748
 1764
 1810
 1864
 1920
 1980
 2038
 2102
 2160
 2218
 2278
 2334
 2390
 2446
 2498
 2554
 2610
 2666
 2718
 2768
 2832
 2888
 2936
 2980
 3020
 3052
 3078
 3098
 3118
 3136
 3152
 3168
 3178
 3188
 3196
 3198
 3192
 3178
 3168
 3142
 3102
 3054
 2996
 2936
 2874
 2812
 2748
 2680
 2614
 2548
 2486
 2426
 2368
 2306
 2246
 2194
 2148
 2094
 2042
 1984
 1928
 1874
 1826
 1786
 1762
 1752
 1760
 1786
 1824
 1874
 1922
 1976
 2020
 2082
 2146
 2200
 2252
 2304
 2352
 2394
 2440
 2486
 2532
 2574
 2616
 2658
 2702
 2746
 2786
 2824
 2852
 2884
 2894
 2888
 2866
 2832
 2786
 2726
 2666
 2598
 2528
 2452
 2374
 2300
 2230
 2160
 2092
 2026
 1968
 1918
 1858
 1804
 1750
 1702
 1658
 1628
 1620
 1630
 1656
 1694
 1740
 1794
 1856
 1916
 1974
 2028
 2094
 2152
 2208
 2260
 2308
 2354
 2402
 2450
 2496
 2542
 2590
 2636
 2678
 2724
 2770
 2818
 2862
 2904
 2958
 3002
 3034
 3062
 3090
 3112
 3132
 3152
 3170
 3182
 3186
 3182
 3168
 3146
 3116
 3074
 3028
 2972
 2920
 2864
 2804
 2740
 2672
 2606
 2536
 2470
 2404
 2338
 2274
 2210
 2146
 2090
 2040
 1988
 1944
 1894
 1860
 1820
 1782
 1744
 1712
 1692
 1678
 1688
 1706
 1738
 1778
 1826
 1880
 1938
 1994
 2052
 2110
 2166
 2236
 2294
 2352
 2416
 2480
 2540
 2592
 2650
 2698
 2736
 2776
 2812
 2848
 2884
 2918
 2946
 2966
 2980
 3006
 3014
 3014
 3006
 2988
 2964
 2928
 2890
 2844
 2792
 2734
 2674
 2610
 2546
 2482
 2416
 2350
 2284
 2230
 2180
 2128
 2078
 2022
 1972
 1920
 1874
 1834
 1808
 1794
 1796
 1814
 1846
 1890
 1940
 1990
 2046
 2106
 2176
 2238
 2292
 2338
 2382
 2424
 2462
 2500
 2540
 2578
 2618
 2658
 2698
 2738
 2776
 2816
 2846
 2872
 2886
 2878
 2860
 2832
 2798
 2754
 2710
 2662
 2612
 2558
 2502
 2444
 2384
 2324
 2262
 2206
 2142
 2100
 2056
 2010
 1966
 1926
 1890
 1866
 1858
 1864
 1882
 1914
 1954
 2000
 2052
 2106
 2164
 2216
 2282
 2348
 2406
 2460
 2504
 2552
 2592
 2640
 2692
 2740
 2788
 2838
 2884
 2932
 2980
 3018
 3048
 3080
 3104
 3114
 3110
 3094
 3064
 3020
 2974
 2924
 2866
 2804
 2742
 2676
 2612
 2542
 2476
 2404
 2346
 2292
 2228
 2162
 2094
 2026
 1958
 1896
 1838
 1778
 1720
 1672
 1636
 1624
 1622
 1634
 1654
 1702
 1758
 1820
 1888
 1952
 2022
 2086
 2152
 2218
 2282
 2350
 2420
 2492
 2566
 2636
 2706
 2768
 2846
 2920
 2982
 3050
 3130
 3204
 3268
 3328
 3374
 3404
 3428
 3446
 3458
 3460
 3454
 3434
 3402
 3356
 3320
 3268
 3210
 3146
 3082
 3012
 2938
 2870
 2802
 2734
 2662
 2594
 2524
 2458
 2396
 2332
 2274
 2214
 2172
 2130
 2088
 2046
 2006
 1976
 1954
 1948
 1954
 1970
 1994
 2022
 2054
 2092
 2132
 2172
 2216
 2258
 2316
 2370
 2418
 2466
 2512
 2554
 2590
 2628
 2664
 2690
 2718
 2744
 2764
 2786
 2806
 2830
 2852
 2874
 2892
 2924
 2954
 2984
 3016
 3048
 3084
 3116
 3150
 3190
 3224
 3256
 3284
 3312
 3334
 3350
 3358
 3348
 3324
 3280
 3238
 3192
 3130
 3064
 2996
 2924
 2850
 2776
 2702
 2628
 2556
 2482
 2412
 2342
 2278
 2212
 2150
 2090
 2038
 1994
 1942
 1896
 1850
 1810
 1780
 1766
 1768
 1784
 1814
 1854
 1902
 1958
 2016
 2076
 2136
 2192
 2256
 2324
 2386
 2446
 2498
 2548
 2592
 2636
 2678
 2718
 2762
 2804
 2844
 2882
 2916
 2950
 2980
 3006
 3028
 3064
 3086
 3100
 3112
 3120
 3122
 3118
 3110
 3096
 3072
 3036
 2994
 2948
 2898
 2848
 2794
 2738
 2676
 2630
 2578
 2520
 2460
 2394
 2328
 2260
 2194
 2134
 2074
 2016
 1964
 1920
 1882
 1858
 1844
 1848
 1860
 1894
 1936
 1982
 2034
 2084
 2138
 2190
 2244
 2292
 2342
 2390
 2440
 2488
 2538
 2586
 2632
 2678
 2720
 2782
 2834
 2882
 2928
 2970
 3010
 3042
 3076
 3104
 3132
 3160
 3186
 3214
 3240
 3268
 3294
 3316
 3334
 3362
 3390
 3404
 3410
 3406
 3388
 3358
 3324
 3282
 3230
 3170
 3108
 3046
 2982
 2920
 2862
 2804
 2748
 2692
 2648
 2610
 2562
 2514
 2462
 2408
 2352
 2296
 2244
 2192
 2140
 2090
 2048
 2014
 1998
 1994
 2002
 2024
 2052
 2096
 2138
 2184
 2228
 2272
 2314
 2352
 2396
 2438
 2476
 2514
 2554
 2592
 2632
 2668
 2700
 2734
 2772
 2820
 2860
 2898
 2930
 2954
 2978
 3000
 3028
 3052
 3074
 3094
 3114
 3136
 3154
 3170
 3184
 3196
 3208
 3236
 3258
 3276
 3292
 3306
 3318
 3326
 3340
 3354
 3364
 3372
 3372
 3368
 3356
 3334
 3300
 3252
 3202
 3162
 3116
 3062
 3006
 2950
 2890
 2828
 2770
 2712
 2652
 2594
 2536
 2482
 2432
 2378
 2328
 2276
 2236
 2202
 2162
 2128
 2096
 2076
 2068
 2078
 2104
 2138
 2180
 2226
 2272
 2322
 2374
 2424
 2472
 2520
 2576
 2626
 2676
 2722
 2766
 2804
 2842
 2882
 2922
 2958
 2992
 3026
 3056
 3082
 3108
 3136
 3160
 3196
 3232
 3256
 3280
 3300
 3316
 3326
 3338
 3348
 3354
 3354
 3344
 3328
 3304
 3270
 3224
 3170
 3110
 3052
 3002
 2942
 2878
 2806
 2740
 2668
 2598
 2538
 2476
 2414
 2358
 2308
 2262
 2224
 2192
 2170
 2154
 2156
 2176
 2200
 2232
 2270
 2310
 2354
 2400
 2448
 2498
 2546
 2596
 2646
 2696
 2746
 2796
 2846
 2888
 2942
 3002
 3048
 3092
 3138
 3176
 3208
 3238
 3272
 3300
 3326
 3348
 3370
 3386
 3400
 3406
 3402
 3384
 3352
 3318
 3280
 3226
 3168
 3102
 3036
 2966
 2894
 2828
 2758
 2692
 2622
 2554
 2488
 2428
 2366
 2302
 2244
 2192
 2148
 2100
 2050
 2004
 1958
 1920
 1894
 1886
 1892
 1910
 1944
 1984
 2032
 2082
 2138
 2192
 2248
 2318
 2380
 2444
 2504
 2558
 2610
 2658
 2710
 2758
 2808
 2854
 2900
 2942
 2984
 3026
 3064
 3098
 3142
 3180
 3214
 3246
 3272
 3294
 3312
 3334
 3350
 3362
 3364
 3356
 3332
 3298
 3250
 3194
 3128
 3072
 3018
 2954
 2886
 2816
 2746
 2674
 2606
 2538
 2472
 2402
 2336
 2268
 2206
 2146
 2088
 2032
 1998
 1974
 1956
 1948
 1942
 1938
 1922
 1912
 1908
 1912
 1930
 1950
 1972
 1996
 2014
 2034
 2056
 2092
 2116
 2136
 2154
 2168
 2176
 2180
 2184
 2182
 2182
 2180
 2178
 2182
 2190
 2196
 2198
 2210
 2230
 2246
 2266
 2284
 2306
 2322
 2346
 2376
 2408
 2440
 2478
 2516
 2552
 2592
 2626
 2662
 2718
 2764
 2806
 2844
 2878
 2902
 2922
 2948
 2968
 2990
 3004
 3014
 3024
 3030
 3032
 3024
 3016
 3006
 2978
 2940
 2894
 2844
 2786
 2728
 2676
 2622
 2568
 2512
 2456
 2402
 2350
 2296
 2238
 2188
 2152
 2110
 2068
 2028
 1988
 1956
 1934
 1932
 1944
 1968
 1998
 2034
 2076
 2122
 2170
 2218
 2260
 2320
 2380
 2434
 2484
 2534
 2578
 2614
 2652
 2690
 2726
 2760
 2792
 2822
 2852
 2880
 2910
 2936
 2956
 2972
 3000
 3014
 3030
 3048
 3064
 3076
 3088
 3102
 3120
 3138
 3158
 3178
 3196
 3216
 3234
 3244
 3248
 3236
 3232
 3214
 3178
 3134
 3080
 3020
 2954
 2892
 2822
 2754
 2688
 2622
 2554
 2490
 2430
 2364
 2304
 2244
 2196
 2152
 2104
 2060
 2016
 1978
 1942
 1922
 1916
 1920
 1936
 1960
 1990
 2028
 2066
 2112
 2150
 2198
 2252
 2302
 2354
 2402
 2448
 2490
 2532
 2576
 2618
 2658
 2694
 2732
 2770
 2804
 2836
 2860
 2892
 2932
 2964
 2992
 3018
 3038
 3052
 3068
 3086
 3104
 3122
 3134
 3148
 3168
 3182
 3194
 3198
 3202
 3204
 3192
 3172
 3136
 3094
 3044
 2988
 2932
 2870
 2808
 2746
 2684
 2624
 2562
 2496
 2430
 2374
 2326
 2268
 2212
 2154
 2096
 2038
 1984
 1936
 1892
 1858
 1840
 1838
 1858
 1884
 1916
 1950
 2002
 2050
 2098
 2148
 2198
 2244
 2288
 2334
 2378
 2422
 2466
 2508
 2554
 2600
 2646
 2688
 2722
 2772
 2808
 2844
 2876
 2904
 2930
 2954
 2980
 3004
 3028
 3052
 3078
 3102
 3124
 3144
 3164
 3178
 3196
 3212
 3214
 3210
 3202
 3182
 3146
 3110
 3070
 3030
 2984
 2934
 2882
 2830
 2776
 2722
 2662
 2604
 2550
 2508
 2458
 2406
 2352
 2296
 2240
 2188
 2140
 2092
 2044
 2000
 1964
 1936
 1924
 1928
 1946
 1974
 2018
 2076
 2136
 2196
 2258
 2320
 2376
 2432
 2484
 2534
 2586
 2632
 2676
 2718
 2758
 2798
 2834
 2856
 2878
 2890
 2886
 2880
 2874
 2868
 2864
 2862
 2866
 2870
 2878
 2886
 2894
 2904
 2918
 2936
 2948
 2962
 2972
 2994
 3004
 2998
 2984
 2958
 2922
 2880
 2836
 2790
 2740
 2688
 2636
 2586
 2536
 2484
 2436
 2382
 2332
 2282
 2246
 2202
 2154
 2108
 2062
 2016
 1972
 1934
 1904
 1880
 1878
 1886
 1906
 1940
 1978
 2020
 2068
 2110
 2170
 2226
 2278
 2328
 2374
 2418
 2460
 2500
 2540
 2576
 2612
 2648
 2684
 2718
 2752
 2786
 2818
 2842
 2872
 2896
 2904
 2900
 2888
 2874
 2852
 2830
 2804
 2772
 2742
 2704
 2666
 2628
 2586
 2544
 2498
 2450
 2400
 2362
 2322
 2274
 2224
 2166
 2110
 2050
 1990
 1928
 1868
 1816
 1764
 1726
 1706
 1704
 1718
 1744
 1782
 1836
 1908
 1980
 2052
 2120
 2186
 2246
 2308
 2372
 2438
 2500
 2564
 2630
 2692
 2754
 2816
 2876
 2936
 2996
 3068
 3130
 3178
 3220
 3256
 3280
 3300
 3320
 3338
 3352
 3364
 3368
 3368
 3356
 3338
 3306
 3260
 3200
 3152
 3092
 3028
 2960
 2890
 2818
 2746
 2676
 2610
 2542
 2472
 2400
 2330
 2262
 2196
 2128
 2058
 1990
 1938
 1882
 1828
 1782
 1748
 1730
 1730
 1744
 1774
 1816
 1866
 1922
 1984
 2048
 2108
 2168
 2228
 2302
 2372
 2432
 2492
 2552
 2602
 2646
 2694
 2738
 2782
 2824
 2864
 2902
 2938
 2966
 2990
 3002
 3016
 3016
 2998
 2970
 2934
 2888
 2836
 2784
 2730
 2674
 2616
 2558
 2496
 2436
 2374
 2308
 2242
 2188
 2138
 2078
 2020
 1960
 1902
 1846
 1798
 1764
 1744
 1738
 1746
 1768
 1804
 1848
 1898
 1948
 2008
 2080
 2146
 2214
 2276
 2332
 2384
 2436
 2490
 2540
 2586
 2632
 2672
 2712
 2748
 2776
 2798
 2818
 2848
 2862
 2866
 2866
 2858
 2840
 2816
 2786
 2748
 2704
 2654
 2598
 2544
 2490
 2428
 2370
 2310
 2270
 2220
 2170
 2114
 2052
 1988
 1922
 1860
 1798
 1738
 1684
 1638
 1608
 1594
 1594
 1608
 1628
 1672
 1718
 1764
 1814
 1860
 1910
 1960
 2010
 2058
 2108
 2158
 2206
 2254
 2304
 2354
 2406
 2452
 2504
 2562
 2606
 2650
 2690
 2724
 2752
 2782
 2816
 2844
 2874
 2904
 2932
 2956
 2980
 3002
 3024
 3036
 3064
 3084
 3094
 3098
 3094
 3080
 3058
 3034
 3002
 2964
 2920
 2864
 2812
 2758
 2702
 2646
 2592
 2534
 2484
 2440
 2386
 2332
 2272
 2208
 2148
 2088
 2028
 1968
 1908
 1852
 1806
 1770
 1752
 1744
 1754
 1774
 1812
 1860
 1910
 1962
 2016
 2068
 2118
 2166
 2216
 2266
 2314
 2364
 2414
 2454
 2500
 2536
 2564
 2590
 2620
 2652
 2676
 2692
 2704
 2708
 2704
 2696
 2682
 2658
 2626
 2586
 2542
 2494
 2446
 2394
 2338
 2284
 2228
 2186
 2130
 2066
 2000
 1926
 1854
 1780
 1716
 1656
 1598
 1546
 1508
 1488
 1484
 1500
 1524
 1564
 1608
 1672
 1734
 1800
 1866
 1930
 1996
 2054
 2114
 2176
 2236
 2300
 2362
 2420
 2480
 2540
 2594
 2646
 2692
 2748
 2804
 2852
 2896
 2934
 2970
 2996
 3022
 3052
 3080
 3106
 3130
 3152
 3168
 3178
 3184
 3170
 3144
 3102
 3064
 3022
 2966
 2904
 2840
 2772
 2702
 2638
 2574
 2510
 2442
 2374
 2310
 2246
 2182
 2122
 2062
 2004
 1960
 1926
 1890
 1868
 1854
 1856
 1870
 1896
 1930
 1974
 2024
 2080
 2132
 2192
 2254
 2314
 2372
 2426
 2480
 2548
 2614
 2672
 2728
 2780
 2832
 2882
 2936
 2986
 3036
 3082
 3122
 3164
 3202
 3238
 3272
 3296
 3314
 3330
 3354
 3364
 3366
 3360
 3350
 3330
 3300
 3264
 3222
 3172
 3118
 3060
 2998
 2938
 2878
 2814
 2748
 2680
 2628
 2578
 2524
 2472
 2418
 2366
 2314
 2262
 2218
 2174
 2138
 2114
 2104
 2110
 2128
 2156
 2190
 2232
 2274
 2336
 2394
 2452
 2510
 2564
 2614
 2658
 2704
 2752
 2796
 2842
 2886
 2928
 2974
 3016
 3052
 3090
 3122
 3160
 3204
 3234
 3256
 3274
 3286
 3286
 3282
 3270
 3246
 3208
 3160
 3106
 3048
 2988
 2928
 2862
 2796
 2728
 2674
 2622
 2564
 2510
 2452
 2396
 2342
 2288
 2238
 2188
 2144
 2106
 2082
 2072
 2078
 2092
 2120
 2152
 2200
 2254
 2306
 2364
 2418
 2466
 2514
 2558
 2606
 2652
 2700
 2744
 2788
 2832
 2874
 2918
 2956
 2990
 3026
 3070
 3100
 3132
 3156
 3178
 3196
 3208
 3220
 3232
 3240
 3242
 3238
 3232
 3218
 3200
 3176
 3138
 3094
 3042
 3002
 2952
 2896
 2836
 2772
 2706
 2640
 2580
 2516
 2452
 2386
 2320
 2254
 2190
 2134
 2078
 2026
 1980
 1944
 1926
 1908
 1908
 1916
 1934
 1962
 1996
 2038
 2086
 2136
 2184
 2232
 2282
 2332
 2386
 2440
 2488
 2538
 2600
 2652
 2700
 2744
 2780
 2814
 2842
 2870
 2898
 2922
 2942
 2964
 2986
 3010
 3036
 3058
 3078
 3100
 3132
 3146
 3142
 3136
 3118
 3088
 3050
 3008
 2958
 2902
 2844
 2782
 2716
 2648
 2580
 2510
 2440
 2370
 2316
 2266
 2212
 2164
 2108
 2052
 1992
 1934
 1878
 1820
 1760
 1704
 1662
 1636
 1628
 1634
 1654
 1682
 1728
 1780
 1832
 1892
 1952
 2014
 2074
 2136
 2192
 2252
 2308
 2360
 2408
 2458
 2506
 2550
 2594
 2632
 2680
 2728
 2766
 2802
 2830
 2856
 2878
 2898
 2916
 2936
 2952
 2966
 2978
 2978
 2974
 2962
 2940
 2908
 2874
 2846
 2804
 2758
 2710
 2658
 2606
 2552
 2500
 2450
 2398
 2344
 2292
 2244
 2202
 2162
 2124
 2100
 2082
 2092
 2108
 2134
 2170
 2208
 2256
 2304
 2356
 2412
 2468
 2526
 2584
 2638
 2696
 2750
 2798
 2840
 2868
 2900
 2932
 2942
 2944
 2936
 2918
 2888
 2848
 2806
 2754
 2700
 2638
 2574
 2506
 2438
 2368
 2298
 2230
 2168
 2122
 2066
 2008
 1946
 1880
 1818
 1756
 1698
 1648
 1604
 1572
 1554
 1546
 1552
 1572
 1592
 1618
 1644
 1676
 1694
 1702
 1710
 1716
 1732
 1750
 1774
 1798
 1820
 1840
 1866
 1888
 1912
 1930
 1942
 1952
 1956
 1974
 1982
 1988
 1994
 1994
 1994
 1994
 1998
 2008
 2018
 2030
 2042
 2058
 2078
 2098
 2120
 2136
 2168
 2206
 2240
 2278
 2312
 2348
 2380
 2412
 2446
 2480
 2512
 2550
 2584
 2620
 2652
 2686
 2718
 2754
 2796
 2824
 2840
 2844
 2840
 2822
 2800
 2776
 2744
 2704
 2660
 2610
 2560
 2510
 2458
 2404
 2350
 2298
 2256
 2202
 2146
 2088
 2028
 1970
 1910
 1858
 1808
 1764
 1726
 1702
 1692
 1696
 1710
 1730
 1756
 1784
 1826
 1864
 1908
 1952
 1990
 2032
 2070
 2112
 2152
 2190
 2226
 2266
 2304
 2342
 2380
 2416
 2454
 2488
 2534
 2576
 2610
 2640
 2664
 2688
 2702
 2720
 2736
 2754
 2768
 2786
 2802
 2822
 2838
 2862
 2886
 2908
 2930
 2948
 2986
 3018
 3042
 3062
 3074
 3086
 3092
 3098
 3100
 3094
 3082
 3064
 3046
 3020
 2988
 2954
 2916
 2874
 2828
 2772
 2726
 2684
 2634
 2582
 2526
 2470
 2412
 2354
 2296
 2240
 2186
 2130
 2072
 2020
 1972
 1924
 1880
 1838
 1804
 1784
 1776
 1772
 1784
 1800
 1826
 1858
 1890
 1928
 1970
 2014
 2058
 2102
 2146
 2192
 2238
 2282
 2326
 2374
 2434
 2486
 2530
 2570
 2608
 2644
 2674
 2712
 2744
 2776
 2808
 2838
 2866
 2888
 2910
 2920
 2918
 2908
 2904
 2884
 2858
 2822
 2780
 2728
 2672
 2618
 2560
 2502
 2440
 2378
 2314
 2250
 2182
 2114
 2050
 1982
 1928
 1874
 1818
 1768
 1716
 1670
 1636
 1614
 1602
 1608
 1630
 1658
 1698
 1744
 1794
 1844
 1896
 1940
 2000
 2064
 2120
 2176
 2224
 2268
 2312
 2354
 2400
 2444
 2484
 2524
 2562
 2596
 2632
 2660
 2688
 2710
 2742
 2774
 2798
 2818
 2836
 2848
 2856
 2860
 2860
 2856
 2842
 2822
 2796
 2764
 2728
 2688
 2648
 2604
 2558
 2512
 2474
 2426
 2370
 2310
 2244
 2178
 2108
 2042
 1974
 1910
 1846
 1784
 1736
 1700
 1680
 1674
 1686
 1708
 1756
 1804
 1862
 1922
 1978
 2040
 2096
 2158
 2216
 2272
 2322
 2374
 2426
 2476
 2528
 2574
 2620
 2662
 2718
 2764
 2808
 2852
 2888
 2920
 2948
 2976
 3002
 3026
 3050
 3078
 3102
 3124
 3148
 3170
 3190
 3200
 3216
 3234
 3244
 3240
 3226
 3196
 3154
 3106
 3052
 2996
 2932
 2864
 2796
 2726
 2656
 2588
 2520
 2446
 2374
 2302
 2242
 2176
 2104
 2030
 1954
 1882
 1810
 1740
 1676
 1614
 1560
 1522
 1504
 1510
 1538
 1582
 1640
 1696
 1774
 1854
 1932
 2012
 2082
 2154
 2220
 2288
 2354
 2420
 2480
 2540
 2596
 2654
 2710
 2764
 2818
 2872
 2938
 3000
 3056
 3108
 3154
 3196
 3234
 3270
 3300
 3326
 3344
 3360
 3370
 3370
 3360
 3334
 3298
 3248
 3206
 3158
 3098
 3040
 2976
 2914
 2850
 2788
 2728
 2668
 2604
 2542
 2480
 2420
 2360
 2304
 2246
 2192
 2138
 2102
 2058
 2022
 1992
 1978
 1980
 1992
 2022
 2060
 2106
 2152
 2202
 2256
 2312
 2368
 2426
 2480
 2536
 2606
 2666
 2720
 2770
 2818
 2858
 2896
 2936
 2970
 3004
 3038
 3070
 3102
 3130
 3152
 3170
 3168
 3162
 3154
 3122
 3080
 3030
 2976
 2914
 2850
 2786
 2724
 2660
 2594
 2530
 2468
 2406
 2344
 2282
 2226
 2176
 2136
 2094
 2058
 2030
 2018
 2020
 2038
 2066
 2104
 2144
 2188
 2234
 2282
 2332
 2378
 2424
 2466
 2508
 2560
 2598
 2634
 2666
 2692
 2716
 2736
 2756
 2772
 2790
 2804
 2816
 2820
 2818
 2810
 2788
 2762
 2720
 2690
 2652
 2602
 2552
 2490
 2424
 2358
 2294
 2228
 2164
 2098
 2032
 1968
 1908
 1854
 1798
 1752
 1706
 1674
 1652
 1630
 1624
 1628
 1648
 1680
 1720
 1768
 1816
 1870
 1924
 1982
 2042
 2106
 2164
 2220
 2270
 2326
 2386
 2434
 2476
 2510
 2542
 2572
 2604
 2640
 2678
 2720
 2764
 2810
 2854
 2896
 2934
 2960
 2974
 2980
 2988
 2972
 2944
 2906
 2856
 2804
 2742
 2682
 2624
 2560
 2496
 2430
 2364
 2296
 2230
 2162
 2096
 2032
 1972
 1922
 1864
 1810
 1752
 1702
 1652
 1612
 1582
 1570
 1570
 1584
 1608
 1648
 1702
 1760
 1814
 1874
 1924
 1988
 2048
 2102
 2156
 2210
 2262
 2308
 2354
 2392
 2422
 2454
 2480
 2502
 2522
 2536
 2546
 2552
 2550
 2542
 2524
 2508
 2486
 2450
 2408
 2358
 2300
 2236
 2168
 2100
 2026
 1954
 1878
 1798
 1718
 1642
 1576
 1508
 1440
 1376
 1312
 1262
 1228
 1202
 1200
 1210
 1240
 1282
 1330
 1388
 1450
 1520
 1588
 1658
 1734
 1812
 1896
 1982
 2062
 2146
 2222
 2304
 2392
 2470
 2546
 2624
 2710
 2786
 2856
 2930
 2998
 3064
 3126
 3186
 3242
 3294
 3336
 3376
 3416
 3446
 3468
 3470
 3474
 3482
 3474
 3462
 3442
 3418
 3382
 3332
 3280
 3216
 3150
 3080
 3008
 2932
 2856
 2778
 2702
 2632
 2560
 2484
 2414
 2348
 2292
 2230
 2164
 2094
 2022
 1958
 1892
 1836
 1784
 1740
 1710
 1700
 1708
 1738
 1784
 1840
 1902
 1974
 2042
 2128
 2208
 2280
 2346
 2404
 2456
 2498
 2542
 2586
 2628
 2664
 2698
 2728
 2754
 2782
 2802
 2816
 2826
 2830
 2836
 2832
 2816
 2796
 2760
 2720
 2672
 2620
 2566
 2510
 2450
 2390
 2324
 2262
 2194
 2126
 2062
 1996
 1934
 1888
 1832
 1774
 1716
 1662
 1614
 1578
 1558
 1556
 1572
 1606
 1648
 1698
 1756
 1816
 1878
 1936
 1996
 2066
 2128
 2192
 2252
 2308
 2360
 2408
 2460
 2510
 2558
 2610
 2660
 2710
 2764
 2810
 2854
 2892
 2934
 2986
 3028
 3062
 3092
 3114
 3132
 3142
 3152
 3150
 3140
 3120
 3088
 3050
 3004
 2948
 2886
 2826
 2760
 2712
 2652
 2588
 2520
 2450
 2380
 2308
 2240
 2172
 2106
 2042
 1978
 1918
 1866
 1820
 1778
 1756
 1746
 1766
 1796
 1836
 1888
 1940
 2000
 2056
 2118
 2180
 2242
 2304
 2364
 2422
 2476
 2530
 2578
 2622
 2654
 2700
 2736
 2762
 2784
 2800
 2820
 2836
 2862
 2890
 2924
 2960
 3000
 3048
 3096
 3148
 3194
 3240
 3280
 3330
 3388
 3430
 3464
 3488
 3506
 3510
 3506
 3496
 3474
 3436
 3384
 3326
 3260
 3190
 3118
 3042
 2962
 2878
 2802
 2738
 2664
 2588
 2508
 2430
 2352
 2274
 2200
 2132
 2062
 1996
 1934
 1880
 1834
 1800
 1772
 1762
 1762
 1786
 1814
 1850
 1894
 1940
 1988
 2032
 2082
 2134
 2188
 2242
 2298
 2354
 2414
 2474
 2530
 2586
 2634
 2696
 2756
 2808
 2858
 2898
 2930
 2948
 2968
 2984
 2994
 3002
 3000
 2996
 2986
 2968
 2944
 2906
 2866
 2816
 2774
 2732
 2678
 2620
 2554
 2486
 2414
 2340
 2270
 2196
 2120
 2048
 1976
 1910
 1854
 1800
 1754
 1718
 1696
 1690
 1688
 1698
 1714
 1736
 1766
 1798
 1836
 1880
 1924
 1970
 2016
 2064
 2114
 2164
 2212
 2254
 2316
 2378
 2432
 2486
 2534
 2582
 2626
 2672
 2716
 2758
 2802
 2840
 2876
 2910
 2938
 2950
 2948
 2930
 2916
 2882
 2836
 2782
 2718
 2648
 2572
 2494
 2412
 2316
 2218
 2110
 2002
 1902
 1806
 1722
 1640
 1582
 1542
 1512
 1502
 1500
 1500
 1498
 1498
 1508
 1528
 1558
 1596
 1634
 1672
 1704
 1736
 1758
 1788
 1814
 1832
 1850
 1862
 1874
 1876
 1880
 1884
 1888
 1892
 1894
 1904
 1916
 1928
 1940
 1948
 1974
 2000
 2028
 2060
 2092
 2124
 2156
 2194
 2234
 2274
 2312
 2350
 2390
 2432
 2476
 2514
 2564
 2624
 2672
 2718
 2760
 2798
 2838
 2876
 2916
 2954
 2990
 3022
 3054
 3088
 3120
 3148
 3164
 3188
 3198
 3192
 3172
 3142
 3104
 3054
 3004
 2948
 2890
 2826
 2766
 2706
 2650
 2594
 2540
 2482
 2440
 2398
 2346
 2298
 2244
 2192
 2136
 2086
 2038
 1992
 1956
 1936
 1930
 1940
 1960
 1984
 2016
 2052
 2116
 2182
 2250
 2318
 2382
 2442
 2500
 2568
 2618
 2654
 2676
 2700
 2750
 2802
 2848
 2898
 2952
 3002
 3050
 3082
 3092
 3088
 3068
 3032
 2974
 2908
 2832
 2748
 2652
 2546
 2436
 2322
 2208
 2094
 1982
 1868
 1756
 1646
 1528
 1420
 1318
 1232
 1152
 1090
 1046
 1022
 1026
 1056
 1098
 1154
 1226
 1310
 1390
 1478
 1572
 1648
 1724
 1792
 1854
 1912
 1976
 2038
 2100
 2156
 2214
 2272
 2326
 2380
 2440
 2496
 2558
 2626
 2684
 2740
 2786
 2830
 2866
 2900
 2930
 2954
 2978
 2998
 3018
 3034
 3050
 3066
 3080
 3084
 3096
 3102
 3088
 3062
 3028
 2986
 2934
 2882
 2826
 2764
 2698
 2626
 2554
 2484
 2416
 2354
 2286
 2224
 2164
 2114
 2058
 1996
 1928
 1854
 1782
 1708
 1640
 1576
 1518
 1468
 1432
 1416
 1418
 1430
 1446
 1468
 1492
 1524
 1550
 1574
 1602
 1632
 1666
 1690
 1716
 1740
 1760
 1778
 1792
 1812
 1832
 1852
 1874
 1892
 1900
 1916
 1926
 1926
 1922
 1910
 1900
 1880
 1854
 1824
 1784
 1738
 1680
 1624
 1574
 1530
 1484
 1442
 1398
 1364
 1338
 1312
 1300
 1302
 1324
 1354
 1400
 1448
 1494
 1534
 1572
 1606
 1636
 1672
 1704
 1736
 1760
 1794
 1824
 1838
 1852
 1852
 1840
 1818
 1792
 1764
 1736
 1722
 1716
 1728
 1746
 1776
 1806
 1832
 1874
 1928
 1988
 2052
 2126
 2210
 2304
 2394
 2492
 2582
 2664
 2744
 2820
 2888
 2948
 3004
 3048
 3080
 3094
 3108
 3116
 3104
 3074
 3032
 2980
 2918
 2858
 2798
 2728
 2660
 2590
 2520
 2456
 2398
 2338
 2280
 2224
 2182
 2134
 2082
 2034
 1982
 1938
 1896
 1860
 1828
 1798
 1778
 1770
 1776
 1794
 1814
 1838
 1858
 1890
 1918
 1942
 1970
 1994
 2020
 2044
 2070
 2098
 2124
 2152
 2176
 2200
 2228
 2256
 2280
 2300
 2318
 2348
 2364
 2378
 2388
 2392
 2394
 2394
 2390
 2380
 2366
 2342
 2314
 2280
 2238
 2190
 2140
 2086
 2030
 1974
 1924
 1878
 1812
 1744
 1674
 1600
 1530
 1460
 1394
 1326
 1258
 1192
 1128
 1062
 994
 930
 870
 816
 768
 716
 666
 624
 594
 558
 522
 486
 454
 424
 392
 364
 334
 304
 292
 276
 266
 260
