32
120
211
297
391
489
587
679
768
855
937
1018
1106
1193
1283
1376
1470
1559
1649
1742
1838
1930
2023
2120
2214
2302
2388
2480
2573
2666
2759
2856
2951
3046
3139
3228
3319
3412
3506
3596
3690
3784
3878
3974
4066
4159
4250
4344
4439
4533
4634
4735
4834
4937
5037
5131
5224
5319
5415
5509
5610
5704
5791
5879
5962
6052
6147
6243
6338
6437
6530
6622
6717
6810
6905
7000
7097
7187
7275
7366
7455
7550
7646
7740
7835
7928
8014
8099
8183
8269
8352
8434
8512
8595
8677
8759
8837
8913
8986
9060
9144
9234
9330
9433
9537
9635
9727
9809
9887
9969
10061
10161
10263
10364
10463
10550
10638
10723
10806
10887
10976
11069
11166
11268
11369
11465
11560
11654
11742
11829
11919
12013
12110
12203
12301
12404
12508
12605
12696
12787
12880
12980
13079
13181
13287
13391
13489
13583
13678
13769
13855
13946
14042
14135
14228
14325
14422
14518
14608
14703
14800
14902
15005
15107
15204
15296
15385
15471
15553
15634
15723
15818
15910
16006
16102
16191
16276
16364
16455
16543
16635
16735
16835
16934
17033
17123
17207
17291
17381
17473
17563
17658
17759
17856
17954
18054
18152
18244
18334
18424
18511
18599
18691
18787
18882
18984
19084
19181
19275
19372
19469
19562
19653
19746
19839
19925
20012
20106
20200
20292
20386
20479
20564
20648
20737
20826
20918
21016
21106
21194
21286
21375
21464
21558
21654
21744
21837
21930
22019
22109
22202
22291
22373
22453
22535
22617
22679
22763
22839
22911
22981
23054
23145
23234
23332
23432
23525
23613
23694
23775
23861
23952
24042
24131
24222
24314
24405
24489
24572
24659
24754
24854
24948
25039
25134
25230
25323
25413
25505
25600
25693
25787
25877
25966
26054
26148
26236
26320
26410
26506
26599
26697
26792
26884
26969
27058
27153
27253
27345
27442
27542
27641
27731
27821
27914
28010
28101
28195
28294
28385
28479
28577
28671
28762
28857
28952
29049
29145
29240
29333
29423
29511
29597
29687
29779
29869
29954
30040
30128
30214
30304
30399
30494
30585
30678
30769
30859
30946
31034
31122
31210
31294
31377
31458
31542
31633
31720
31814
31913
32010
32103
32196
32288
32370
32454
32535
32615
32697
32782
32869
32959
33052
33138
33222
33306
33394
33481
33565
33650
33738
33828
33911
33993
34077
34158
34244
34335
34424
34515
34608
34700
34793
34888
34984
35080
35177
35272
35368
35461
35551
