78
167
257
348
447
545
636
727
820
912
1003
1097
1193
1288
1386
1481
1569
1658
1748
1838
1929
2028
2130
2227
2325
2420
2510
2602
2698
2788
2881
2973
3065
3153
3242
3327
3414
3503
3591
3683
3776
3865
3956
4044
4128
4215
4302
4390
4482
4575
4661
4749
4836
4921
5005
5088
5171
5253
5332
5410
5486
5563
5639
5716
5795
5873
5953
6036
6115
6196
6280
6362
6446
6533
6621
6709
6793
6880
6968
7049
7126
7203
7277
7354
7434
7515
7597
7681
7762
7845
7930
8011
8094
8177
8256
8334
8412
8488
8564
8644
8724
8806
8891
8974
9062
9151
9235
9322
9405
9482
9558
9635
9711
9789
9872
9954
10037
10123
10207
10290
10373
10454
10534
10611
10693
10775
10856
10937
11022
11106
11194
11287
11375
11458
11542
11625
11705
11787
11866
11943
12019
12098
12179
12262
12348
12433
12517
12601
12682
12762
12840
12919
12999
13077
13158
13240
13324
13411
13497
13580
13664
13748
13837
13924
14009
14092
14171
14248
14326
14403
14478
14553
14628
14704
14782
14862
14945
15028
15109
15190
15270
15348
15427
15506
15584
15660
15740
15820
15898
15977
16056
16135
16214
16303
16394
16482
16568
16650
16729
16805
16881
16959
17035
17113
17192
17274
17356
17441
17524
17606
17691
17775
17856
17937
18019
18098
18177
18257
18341
18424
18508
18592
18674
18760
18842
18921
18999
19074
19148
19223
19299
19375
19453
19533
19612
19692
19771
19849
19927
20006
20113
20208
20300
20389
20471
20550
20630
20711
20789
20867
20945
21027
21110
21196
21285
21376
21459
21537
21612
21685
21757
21829
21902
21975
22050
22127
22209
22288
22368
22447
22527
22604
22683
22762
22843
22921
22997
23073
23148
23223
23299
23379
23473
23564
23655
23751
23848
23940
24030
24118
24205
24288
24371
24456
24544
24631
24718
24807
24898
24988
25077
25165
25253
25338
25423
25513
25606
25698
25796
25894
25989
26083
26178
26269
26355
