 2262
 2170
 2072
 1970
 1868
 1780
 1714
 1640
 1540
 1444
 1330
 1218
 1104
 1010
 936
 884
 870
 892
 968
 1098
 1252
 1424
 1596
 1746
 1902
 2048
 2170
 2272
 2354
 2450
 2526
 2584
 2618
 2638
 2652
 2670
 2688
 2706
 2730
 2732
 2736
 2742
 2736
 2706
 2636
 2604
 2556
 2480
 2408
 2320
 2236
 2160
 2086
 2008
 1932
 1856
 1808
 1774
 1746
 1714
 1660
 1616
 1568
 1530
 1498
 1478
 1478
 1498
 1542
 1600
 1670
 1720
 1780
 1860
 1952
 2028
 2094
 2152
 2202
 2268
 2334
 2386
 2438
 2494
 2540
 2578
 2600
 2622
 2634
 2638
 2634
 2632
 2650
 2688
 2712
 2724
 2724
 2716
 2684
 2638
 2578
 2502
 2412
 2306
 2184
 2054
 1924
 1796
 1672
 1554
 1428
 1290
 1154
 1040
 942
 848
 760
 686
 624
 584
 578
 608
 666
 732
 808
 890
 972
 1056
 1128
 1190
 1244
 1286
 1316
 1354
 1404
 1464
 1520
 1576
 1634
 1680
 1722
 1768
 1814
 1862
 1912
 1958
 2000
 2042
 2078
 2114
 2144
 2172
 2192
 2206
 2216
 2216
 2234
 2258
 2286
 2316
 2340
 2366
 2392
 2426
 2448
 2468
 2474
 2470
 2454
 2428
 2392
 2342
 2280
 2208
 2126
 2032
 1932
 1838
 1748
 1674
 1592
 1510
 1420
 1330
 1246
 1174
 1110
 1052
 1004
 960
 930
 922
 932
 958
 990
 1020
 1044
 1076
 1120
 1168
 1222
 1298
 1362
 1432
 1488
 1540
 1594
 1652
 1714
 1772
 1826
 1880
 1930
 1984
 2032
 2078
 2122
 2168
 2212
 2248
 2278
 2314
 2356
 2416
 2464
 2506
 2538
 2564
 2586
 2606
 2626
 2640
 2648
 2644
 2628
 2602
 2570
 2532
 2498
 2488
 2460
 2422
 2432
 2478
 2552
 2676
 2802
 2878
 2916
 2934
 2938
 2944
 2952
 2960
 2968
 2974
 2976
 2978
 2984
 2990
 2992
 2986
 2970
 2956
 2934
 2920
 2916
 2902
 2882
 2872
 2864
 2862
 2864
 2866
 2874
 2876
 2878
 2880
 2884
 2886
 2884
 2880
 2870
 2852
 2838
 2830
 2832
 2846
 2850
 2864
 2876
 2888
 2896
 2904
 2918
 2928
 2936
 2946
 2952
 2958
 2964
 2968
 2966
 2956
 2946
 2946
 2958
 2958
 2950
 2936
 2912
 2886
 2854
 2816
 2764
 2692
 2598
 2490
 2370
 2240
 2104
 1966
 1832
 1700
 1584
 1488
 1414
 1338
 1270
 1208
 1152
 1108
 1086
 1088
 1106
 1142
 1184
 1238
 1304
 1370
 1440
 1504
 1562
 1614
 1672
 1736
 1818
 1894
 1964
 2026
 2078
 2124
 2168
 2212
 2248
 2278
 2300
 2322
 2342
 2360
 2374
 2384
 2394
 2402
 2404
 2404
 2410
 2428
 2466
 2496
 2526
 2548
 2568
 2588
 2610
 2634
 2652
 2668
 2678
 2688
 2692
 2694
 2688
 2680
 2662
 2638
 2612
 2576
 2532
 2482
 2432
 2396
 2352
 2294
 2232
 2158
 2080
 2002
 1922
 1830
 1728
 1620
 1510
 1398
 1286
 1174
 1058
 940
 822
 714
 616
 532
 472
 450
 464
 514
 582
 672
 768
 864
 962
 1062
 1162
 1258
 1350
 1430
 1508
 1582
 1654
 1718
 1778
 1836
 1890
 1932
 1968
 2002
 2044
 2100
 2150
 2190
 2226
 2254
 2280
 2312
 2342
 2372
 2394
 2412
 2428
 2444
 2454
 2460
 2466
 2462
 2456
 2448
 2430
 2406
 2374
 2348
 2332
 2312
 2280
 2248
 2198
 2146
 2096
 2048
 1994
 1936
 1876
 1810
 1742
 1682
 1622
 1570
 1530
 1502
 1490
 1490
 1496
 1520
 1556
 1612
 1674
 1728
 1780
 1826
 1868
 1912
 1956
 1996
 2036
 2072
 2100
 2128
 2150
 2172
 2186
 2202
 2212
 2222
 2230
 2232
 2236
 2248
 2278
 2312
 2340
 2364
 2380
 2392
 2408
 2424
 2440
 2456
 2464
 2468
 2474
 2480
 2486
 2492
 2496
 2496
 2498
 2498
 2492
 2484
 2486
 2496
 2502
 2498
 2488
 2474
 2454
 2428
 2412
 2384
 2358
 2320
 2274
 2230
 2182
 2128
 2068
 2006
 1944
 1876
 1802
 1728
 1674
 1626
 1596
 1554
 1518
 1486
 1460
 1454
 1458
 1480
 1508
 1536
 1566
 1600
 1630
 1660
 1680
 1698
 1714
 1722
 1730
 1748
 1780
 1828
 1872
 1912
 1946
 1972
 1996
 2014
 2038
 2058
 2080
 2096
 2112
 2124
 2136
 2140
 2140
 2142
 2138
 2128
 2130
 2150
 2186
 2216
 2240
 2260
 2274
 2282
 2300
 2316
 2332
 2342
 2346
 2350
 2352
 2346
 2332
 2312
 2286
 2254
 2212
 2174
 2142
 2122
 2084
 2034
 1972
 1894
 1816
 1740
 1668
 1596
 1526
 1456
 1380
 1314
 1252
 1182
 1106
 1030
 958
 904
 886
 900
 948
 1008
 1082
 1164
 1246
 1330
 1426
 1522
 1614
 1700
 1776
 1848
 1912
 1972
 2024
 2072
 2108
 2138
 2164
 2202
 2254
 2306
 2352
 2388
 2420
 2448
 2472
 2496
 2518
 2536
 2550
 2558
 2566
 2574
 2582
 2586
 2592
 2594
 2590
 2578
 2570
 2572
 2586
 2586
 2582
 2568
 2550
 2526
 2502
 2474
 2436
 2390
 2332
 2268
 2198
 2118
 2030
 1936
 1832
 1730
 1622
 1512
 1402
 1308
 1224
 1158
 1078
 1006
 928
 846
 774
 722
 690
 680
 692
 724
 774
 838
 908
 982
 1062
 1140
 1216
 1286
 1342
 1400
 1468
 1546
 1624
 1688
 1746
 1792
 1834
 1870
 1910
 1946
 1980
 2012
 2038
 2060
 2080
 2094
 2108
 2116
 2126
 2134
 2140
 2146
 2154
 2172
 2212
 2246
 2278
 2306
 2326
 2348
 2374
 2404
 2430
 2456
 2474
 2486
 2496
 2502
 2500
 2490
 2474
 2448
 2416
 2374
 2322
 2264
 2210
 2160
 2102
 2024
 1944
 1854
 1760
 1672
 1590
 1510
 1426
 1340
 1248
 1156
 1062
 970
 878
 790
 706
 624
 552
 488
 448
 436
 466
 512
 574
 646
 718
 798
 882
 976
 1064
 1150
 1232
 1310
 1382
 1448
 1508
 1564
 1620
 1668
 1706
 1736
 1770
 1810
 1868
 1920
 1966
 2008
 2044
 2078
 2112
 2146
 2178
 2208
 2234
 2256
 2278
 2302
 2322
 2344
 2360
 2380
 2394
 2400
 2396
 2390
 2390
 2396
 2382
 2362
 2330
 2288
 2240
 2192
 2140
 2074
 2000
 1918
 1832
 1740
 1644
 1546
 1444
 1340
 1238
 1130
 1018
 922
 840
 770
 702
 636
 584
 548
 526
 530
 558
 602
 650
 702
 756
 812
 876
 940
 1004
 1074
 1144
 1218
 1290
 1364
 1442
 1534
 1620
 1694
 1764
 1818
 1868
 1916
 1968
 2010
 2048
 2078
 2102
 2122
 2140
 2156
 2170
 2188
 2206
 2222
 2232
 2238
 2248
 2268
 2310
 2348
 2378
 2406
 2426
 2446
 2468
 2494
 2514
 2528
 2530
 2520
 2504
 2480
 2446
 2406
 2356
 2296
 2226
 2142
 2044
 1942
 1848
 1764
 1672
 1576
 1474
 1368
 1264
 1162
 1060
 960
 858
 758
 666
 576
 494
 424
 370
 336
 328
 336
 358
 402
 470
 554
 656
 754
 852
 946
 1036
 1120
 1208
 1296
 1376
 1450
 1508
 1566
 1618
 1666
 1708
 1742
 1776
 1800
 1820
 1840
 1868
 1912
 1962
 2004
 2044
 2074
 2098
 2122
 2150
 2174
 2196
 2214
 2232
 2250
 2266
 2278
 2292
 2302
 2312
 2324
 2330
 2332
 2332
 2336
 2350
 2348
 2334
 2310
 2274
 2226
 2174
 2112
 2036
 1954
 1862
 1766
 1674
 1582
 1490
 1398
 1302
 1208
 1114
 1018
 918
 830
 758
 700
 644
 590
 550
 526
 526
 554
 608
 678
 762
 860
 964
 1070
 1176
 1282
 1386
 1488
 1588
 1680
 1762
 1840
 1918
 2000
 2090
 2162
 2228
 2288
 2340
 2386
 2430
 2476
 2514
 2548
 2574
 2596
 2616
 2632
 2644
 2654
 2662
 2668
 2676
 2682
 2682
 2682
 2690
 2714
 2746
 2766
 2780
 2782
 2774
 2762
 2748
 2730
 2702
 2668
 2622
 2574
 2522
 2462
 2396
 2332
 2268
 2204
 2142
 2068
 1986
 1908
 1840
 1784
 1736
 1678
 1622
 1556
 1492
 1432
 1388
 1354
 1338
 1340
 1354
 1384
 1422
 1466
 1520
 1576
 1632
 1688
 1736
 1776
 1814
 1858
 1914
 1964
 2004
 2034
 2056
 2076
 2096
 2126
 2156
 2178
 2198
 2214
 2228
 2244
 2258
 2270
 2282
 2294
 2308
 2320
 2326
 2336
 2354
 2388
 2432
 2466
 2500
 2522
 2540
 2558
 2578
 2594
 2602
 2602
 2588
 2566
 2536
 2498
 2452
 2400
 2340
 2272
 2194
 2106
 2004
 1908
 1820
 1746
 1658
 1566
 1472
 1374
 1282
 1198
 1120
 1046
 976
 912
 864
 832
 824
 836
 862
 904
 952
 1006
 1064
 1140
 1230
 1330
 1424
 1508
 1582
 1648
 1708
 1764
 1822
 1876
 1926
 1968
 2008
 2046
 2084
 2120
 2152
 2180
 2204
 2220
 2234
 2256
 2288
 2338
 2380
 2422
 2456
 2484
 2512
 2544
 2580
 2610
 2638
 2660
 2678
 2694
 2702
 2706
 2704
 2696
 2682
 2658
 2624
 2584
 2546
 2520
 2498
 2458
 2416
 2362
 2304
 2246
 2188
 2128
 2062
 1992
 1920
 1848
 1776
 1706
 1642
 1580
 1518
 1460
 1406
 1352
 1310
 1288
 1294
 1324
 1360
 1410
 1464
 1520
 1584
 1652
 1720
 1784
 1850
 1910
 1968
 2018
 2060
 2096
 2128
 2158
 2186
 2208
 2226
 2246
 2276
 2322
 2372
 2412
 2450
 2478
 2504
 2532
 2562
 2594
 2622
 2646
 2668
 2684
 2700
 2716
 2726
 2732
 2732
 2726
 2712
 2684
 2646
 2602
 2564
 2544
 2508
 2466
 2416
 2352
 2284
 2214
 2144
 2068
 1984
 1894
 1800
 1714
 1628
 1546
 1468
 1392
 1316
 1246
 1180
 1120
 1072
 1052
 1062
 1114
 1180
 1258
 1342
 1428
 1518
 1610
 1708
 1798
 1886
 1970
 2044
 2114
 2174
 2224
 2268
 2304
 2336
 2368
 2398
 2422
 2446
 2474
 2522
 2578
 2624
 2670
 2708
 2740
 2772
 2808
 2842
 2874
 2902
 2924
 2940
 2954
 2960
 2960
 2944
 2918
 2880
 2836
 2784
 2722
 2658
 2594
 2546
 2508
 2458
 2398
 2330
 2250
 2164
 2080
 1994
 1898
 1802
 1704
 1606
 1510
 1418
 1324
 1238
 1158
 1100
 1060
 1040
 1044
 1082
 1150
 1248
 1354
 1464
 1570
 1670
 1764
 1854
 1940
 2018
 2094
 2160
 2222
 2278
 2332
 2380
 2428
 2472
 2514
 2556
 2588
 2616
 2646
 2684
 2742
 2796
 2842
 2884
 2912
 2938
 2960
 2982
 3002
 3012
 3012
 3000
 2978
 2948
 2906
 2854
 2792
 2726
 2656
 2576
 2486
 2392
 2292
 2194
 2086
 1974
 1876
 1770
 1672
 1590
 1528
 1472
 1422
 1386
 1364
 1366
 1392
 1436
 1486
 1544
 1610
 1678
 1742
 1808
 1878
 1960
 2048
 2122
 2196
 2258
 2314
 2370
 2426
 2480
 2528
 2574
 2616
 2648
 2680
 2706
 2726
 2746
 2764
 2776
 2782
 2784
 2790
 2808
 2834
 2836
 2838
 2822
 2798
 2766
 2732
 2694
 2648
 2604
 2556
 2492
 2424
 2344
 2260
 2174
 2080
 1986
 1888
 1782
 1678
 1588
 1514
 1456
 1394
 1338
 1284
 1236
 1208
 1212
 1240
 1290
 1354
 1430
 1512
 1598
 1684
 1766
 1842
 1914
 1974
 2024
 2070
 2120
 2180
 2250
 2308
 2364
 2412
 2450
 2484
 2518
 2548
 2572
 2594
 2608
 2616
 2616
 2618
 2622
 2634
 2644
 2660
 2668
 2676
 2676
 2688
 2714
 2764
 2800
 2830
 2844
 2842
 2832
 2818
 2796
 2764
 2724
 2676
 2618
 2556
 2482
 2398
 2304
 2202
 2092
 1982
 1862
 1738
 1624
 1520
 1434
 1344
 1258
 1172
 1086
 1006
 946
 918
 918
 944
 1000
 1064
 1146
 1252
 1356
 1466
 1564
 1662
 1744
 1810
 1872
 1934
 2000
 2078
 2142
 2202
 2250
 2292
 2332
 2370
 2412
 2446
 2478
 2502
 2526
 2550
 2572
 2592
 2610
 2628
 2648
 2662
 2676
 2686
 2700
 2726
 2768
 2796
 2814
 2818
 2806
 2786
 2764
 2740
 2710
 2676
 2632
 2582
 2528
 2472
 2410
 2334
 2270
 2214
 2166
 2114
 2060
 2000
 1954
 1920
 1906
 1882
 1860
 1840
 1826
 1824
 1840
 1874
 1912
 1954
 1998
 2040
 2086
 2134
 2180
 2226
 2270
 2318
 2362
 2396
 2426
 2456
 2498
 2558
 2614
 2658
 2698
 2730
 2758
 2786
 2820
 2846
 2872
 2896
 2914
 2932
 2950
 2962
 2972
 2974
 2970
 2970
 2974
 2982
 2982
 2988
 3010
 3042
 3052
 3046
 3030
 3000
 2960
 2918
 2876
 2822
 2766
 2706
 2634
 2566
 2492
 2408
 2324
 2238
 2146
 2050
 1950
 1846
 1748
 1656
 1580
 1516
 1448
 1384
 1316
 1246
 1188
 1148
 1140
 1150
 1184
 1232
 1292
 1368
 1444
 1522
 1600
 1672
 1742
 1798
 1842
 1888
 1940
 2006
 2062
 2106
 2160
 2214
 2264
 2306
 2348
 2388
 2418
 2444
 2464
 2486
 2504
 2528
 2550
 2572
 2592
 2616
 2638
 2658
 2676
 2694
 2728
 2782
 2834
 2878
 2918
 2946
 2962
 2972
 2980
 2978
 2968
 2948
 2914
 2878
 2836
 2786
 2730
 2672
 2606
 2542
 2472
 2396
 2314
 2244
 2192
 2146
 2090
 2038
 1988
 1934
 1882
 1834
 1798
 1770
 1758
 1754
 1768
 1792
 1828
 1866
 1908
 1952
 1996
 2038
 2076
 2110
 2150
 2202
 2268
 2332
 2382
 2436
 2478
 2518
 2556
 2598
 2636
 2670
 2700
 2722
 2742
 2760
 2776
 2788
 2798
 2806
 2816
 2826
 2828
 2828
 2836
 2858
 2896
 2908
 2912
 2898
 2874
 2840
 2804
 2774
 2738
 2694
 2632
 2556
 2466
 2374
 2270
 2160
 2042
 1922
 1800
 1684
 1568
 1470
 1392
 1338
 1296
 1256
 1222
 1184
 1156
 1136
 1146
 1180
 1230
 1290
 1358
 1432
 1512
 1602
 1702
 1800
 1900
 1982
 2052
 2116
 2180
 2250
 2324
 2378
 2430
 2470
 2504
 2530
 2556
 2582
 2598
 2612
 2614
 2620
 2622
 2624
 2628
 2628
 2626
 2626
 2632
 2638
 2652
 2682
 2730
 2774
 2812
 2846
 2868
 2886
 2902
 2924
 2940
 2946
 2940
 2920
 2892
 2854
 2806
 2760
 2704
 2644
 2576
 2504
 2424
 2342
 2274
 2216
 2146
 2066
 1984
 1892
 1802
 1716
 1638
 1554
 1468
 1378
 1278
 1184
 1092
 1008
 928
 850
 780
 720
 684
 664
 678
 730
 820
 940
 1072
 1210
 1344
 1478
 1612
 1750
 1878
 2002
 2120
 2228
 2332
 2430
 2522
 2616
 2702
 2782
 2854
 2914
 2960
 3000
 3046
 3110
 3164
 3208
 3244
 3268
 3294
 3316
 3338
 3358
 3368
 3370
 3362
 3336
 3298
 3244
 3176
 3100
 3012
 2920
 2820
 2708
 2592
 2486
 2392
 2290
 2184
 2078
 1962
 1846
 1732
 1624
 1516
 1412
 1314
 1218
 1132
 1066
 1022
 1002
 1000
 1012
 1040
 1074
 1128
 1202
 1294
 1394
 1494
 1592
 1682
 1764
 1840
 1920
 1994
 2062
 2126
 2180
 2238
 2290
 2340
 2384
 2428
 2468
 2502
 2528
 2548
 2580
 2622
 2642
 2638
 2636
 2624
 2622
 2624
 2636
 2642
 2648
 2652
 2656
 2656
 2660
 2658
 2648
 2642
 2632
 2618
 2604
 2598
 2608
 2636
 2648
 2668
 2688
 2708
 2730
 2758
 2788
 2812
 2834
 2858
 2882
 2914
 2944
 2972
 2998
 3020
 3040
 3058
 3084
 3130
 3170
 3200
 3214
 3212
 3202
 3182
 3156
 3118
 3074
 3022
 2958
 2886
 2804
 2710
 2608
 2504
 2396
 2280
 2156
 2040
 1936
 1834
 1722
 1614
 1496
 1378
 1274
 1194
 1142
 1120
 1132
 1166
 1220
 1290
 1366
 1450
 1534
 1622
 1700
 1766
 1824
 1886
 1954
 2022
 2078
 2124
 2162
 2192
 2224
 2258
 2290
 2314
 2334
 2348
 2364
 2376
 2396
 2414
 2424
 2424
 2428
 2426
 2416
 2412
 2422
 2454
 2476
 2496
 2514
 2526
 2540
 2560
 2588
 2608
 2626
 2644
 2652
 2664
 2676
 2688
 2702
 2714
 2726
 2736
 2740
 2742
 2750
 2770
 2800
 2804
 2798
 2780
 2748
 2710
 2668
 2620
 2550
 2468
 2364
 2240
 2104
 1954
 1792
 1622
 1456
 1292
 1120
 948
 792
 644
 498
 338
 182
 40
 0
 0
 0
 0
 0
 0
 0
 0
 60
 222
 360
 484
 602
 716
 830
 952
 1078
 1218
 1356
 1476
 1590
 1686
 1762
 1816
 1854
 1864
 1838
 1772
 1660
 1504
 1312
 1064
 762
 430
 82
 0
 0
 0
 0
 0
 0
 0
 0
 0
 0
 0
 0
 0
 0
 0
 0
 0
 0
 0
 0
 0
 0
 0
 0
 0
 0
 0
 0
 0
 0
 0
 0
 0
 0
 0
 0
 0
 0
 0
 0
 0
 0
 0
 0
 0
 0
 0
 0
 0
 0
 0
 0
 0
 0
 0
 0
 0
 0
 0
 0
 0
 0
 0
 0
 0
 0
 0
 0
 0
 0
 0
 0
 0
 0
 0
 0
 0
 0
 0
 0
 0
 0
 0
 0
 0
 0
 0
 0
 0
 0
 0
 0
 0
 0
 0
 0
 0
 0
 0
 0
 0
 0
 0
 0
 0
 0
 0
 0
 0
 0
 0
 0
 0
 0
 0
 0
 0
 0
 0
 0
 0
 0
 0
 0
 0
 0
 0
 0
 0
 0
 0
 0
 0
 0
 0
 0
 164
 414
 650
 856
 1060
 1246
 1390
 1504
 1598
 1702
 1810
 1912
 2022
 2142
 2250
 2350
 2458
 2548
 2640
 2734
 2820
 2902
 2974
 3042
 3096
 3142
 3186
 3224
 3252
 3278
 3298
 3312
 3322
 3332
 3336
 3338
 3336
 3342
 3362
 3378
 3392
 3400
 3400
 3398
 3400
 3404
 3410
 3408
 3402
 3394
 3388
 3380
 3372
 3362
 3356
 3352
 3348
 3344
 3342
 3340
 3338
 3334
 3328
 3332
 3346
 3358
 3372
 3376
 3366
 3362
 3358
 3366
 3366
 3360
 3350
 3342
 3332
 3314
 3294
 3274
 3260
 3248
 3234
 3226
 3216
 3202
 3194
 3192
 3202
 3216
 3224
 3230
 3228
 3224
 3218
 3214
 3208
 3196
 3182
 3168
 3156
 3146
 3132
 3118
 3108
 3098
 3090
 3080
 3066
 3052
 3050
 3062
 3070
 3078
 3090
 3090
 3086
 3092
 3106
 3120
 3130
 3138
 3144
 3144
 3144
 3140
 3136
 3126
 3112
 3102
 3096
 3100
 3112
 3118
 3124
 3128
 3126
 3124
 3124
 3128
 3130
 3132
 3128
 3124
 3122
 3116
 3112
 3104
 3092
 3076
 3070
 3068
 3080
 3092
 3098
 3104
 3106
 3102
 3100
 3100
 3102
 3104
 3098
 3094
 3092
 3090
 3084
 3078
 3070
 3058
 3046
 3036
 3030
 3044
 3052
 3060
 3064
 3064
 3064
 3064
 3068
 3070
 3066
 3060
 3052
 3046
 3040
 3034
 3026
 3016
 3008
 3000
 2988
 2978
 2974
 2986
 3000
 3006
 3014
 3014
 3014
 3016
 3014
 3014
 3012
 3010
 3006
 3002
 2998
 2996
 2992
 2990
 2984
 2982
 2976
 2970
 2960
 2952
 2952
 2968
 2980
 2988
 2992
 2992
 2990
 2988
 2990
 2990
 2990
 2986
 2982
 2982
 2974
 2968
 2960
 2952
 2944
 2938
 2926
 2914
 2902
 2898
 2904
 2920
 2928
 2938
 2944
 2940
 2936
 2938
 2942
 2942
 2940
 2938
 2934
 2932
 2928
 2922
 2914
 2908
 2898
 2890
 2882
 2874
 2868
 2870
 2886
 2896
 2896
 2900
 2898
 2894
 2896
 2896
 2898
 2896
 2896
 2892
 2888
 2884
 2878
 2872
 2866
 2856
 2850
 2844
 2836
 2828
 2826
 2834
 2852
 2862
 2870
 2876
 2876
 2878
 2884
 2884
 2882
 2882
 2878
 2874
 2870
 2864
 2860
 2852
 2848
 2842
 2836
 2828
 2820
 2822
 2836
 2852
 2858
 2866
 2872
 2878
 2884
 2892
 2896
 2900
 2896
 2890
 2884
 2878
 2870
 2864
 2854
 2846
 2840
 2830
 2818
 2816
 2820
 2838
 2848
 2858
 2866
 2868
 2870
 2876
 2876
 2876
 2872
 2870
 2866
 2862
 2858
 2852
 2846
 2840
 2834
 2826
 2816
 2812
 2816
 2832
 2844
 2854
 2862
 2866
 2870
 2874
 2882
 2884
 2886
 2880
 2872
 2868
 2860
 2856
 2848
 2840
 2830
 2818
 2808
 2804
 2812
 2828
 2836
 2846
 2850
 2852
 2854
 2854
 2846
 2828
 2802
 2768
 2728
 2680
 2616
 2540
 2456
 2364
 2266
 2150
 2028
 1910
 1802
 1700
 1608
 1530
 1460
 1416
 1388
 1392
 1418
 1462
 1514
 1572
 1636
 1700
 1762
 1820
 1876
 1928
 1976
 2026
 2084
 2148
 2214
 2270
 2324
 2372
 2414
 2456
 2502
 2546
 2584
 2618
 2652
 2682
 2710
 2736
 2756
 2778
 2796
 2804
 2810
 2816
 2832
 2858
 2876
 2892
 2902
 2904
 2906
 2910
 2918
 2922
 2922
 2918
 2912
 2910
 2908
 2902
 2898
 2894
 2890
 2882
 2874
 2864
 2862
 2876
 2886
 2894
 2900
 2900
 2900
 2904
 2906
 2906
 2906
 2904
 2902
 2900
 2894
 2890
 2886
 2880
 2874
 2868
 2860
 2850
 2844
 2846
 2862
 2874
 2882
 2888
 2888
 2884
 2884
 2890
 2892
 2894
 2890
 2888
 2886
 2884
 2878
 2872
 2864
 2860
 2854
 2846
 2840
 2834
 2836
 2850
 2862
 2872
 2878
 2880
 2880
 2880
 2882
 2882
 2882
 2878
 2876
 2870
 2868
 2862
 2858
 2852
 2848
 2846
 2838
 2830
 2824
 2826
 2838
 2852
 2860
 2870
 2872
 2872
 2876
 2882
 2884
 2882
 2878
 2874
 2870
 2866
 2860
 2854
 2848
 2842
 2838
 2834
 2828
 2822
 2814
 2816
 2830
 2844
 2852
 2860
 2862
 2864
 2868
 2874
 2880
 2878
 2874
 2868
 2862
 2850
 2830
 2800
 2762
 2712
 2654
 2588
 2516
 2438
 2364
 2296
 2242
 2190
 2144
 2108
 2078
 2058
 2046
 2044
 2044
 2052
 2064
 2086
 2114
 2150
 2188
 2230
 2274
 2320
 2366
 2406
 2446
 2490
 2536
 2586
 2628
 2666
 2694
 2718
 2738
 2758
 2778
 2794
 2804
 2814
 2820
 2824
 2828
 2830
 2832
 2832
 2830
 2826
 2818
 2812
 2812
 2828
 2844
 2854
 2864
 2866
 2870
 2874
 2880
 2888
 2892
 2890
 2884
 2880
 2878
 2872
 2866
 2862
 2856
 2852
 2844
 2838
 2830
 2830
 2842
 2858
 2866
 2876
 2876
 2878
 2878
 2880
 2878
 2878
 2876
 2874
 2870
 2866
 2862
 2856
 2852
 2846
 2844
 2838
 2830
 2822
 2818
 2828
 2846
 2856
 2866
 2868
 2872
 2874
 2878
 2886
 2884
 2880
 2876
 2870
 2866
 2860
 2852
 2846
 2838
 2832
 2826
 2820
 2810
 2802
 2804
 2820
 2828
 2836
 2838
 2840
 2842
 2846
 2854
 2856
 2858
 2860
 2858
 2858
 2854
 2850
 2848
 2842
 2838
 2834
 2828
 2820
 2816
 2820
 2836
 2850
 2860
 2864
 2864
 2864
 2868
 2874
 2880
 2882
 2882
 2882
 2876
 2870
 2864
 2860
 2852
 2848
 2844
 2840
 2832
 2826
 2826
 2840
 2860
 2870
 2880
 2880
 2878
 2878
 2882
 2886
 2888
 2886
 2884
 2880
 2878
 2870
 2862
 2856
 2848
 2844
 2838
 2830
 2820
 2820
 2826
 2846
 2858
 2870
 2876
 2880
 2880
 2880
 2886
 2890
 2890
 2888
 2886
 2882
 2878
 2872
 2866
 2854
 2846
 2836
 2826
 2812
 2798
 2782
 2764
 2730
 2688
 2638
 2576
 2516
 2452
 2386
 2314
 2238
 2160
 2082
 2006
 1934
 1868
 1808
 1760
 1722
 1694
 1688
 1708
 1750
 1814
 1876
 1938
 1994
 2048
 2096
 2150
 2202
 2242
 2252
 2244
 2236
 2234
 2240
 2256
 2278
 2302
 2320
 2340
 2360
 2388
 2420
 2436
 2448
 2454
 2456
 2458
 2458
 2466
 2484
 2514
 2542
 2572
 2604
 2642
 2674
 2698
 2714
 2728
 2742
 2764
 2794
 2816
 2838
 2852
 2864
 2874
 2886
 2900
 2910
 2914
 2916
 2914
 2914
 2912
 2910
 2906
 2898
 2888
 2880
 2878
 2892
 2900
 2904
 2906
 2902
 2898
 2896
 2892
 2876
 2842
 2794
 2736
 2672
 2602
 2528
 2448
 2364
 2280
 2192
 2102
 2010
 1926
 1854
 1790
 1726
 1666
 1598
 1532
 1480
 1446
 1426
 1422
 1434
 1462
 1512
 1576
 1644
 1714
 1788
 1860
 1934
 2000
 2062
 2120
 2176
 2240
 2310
 2374
 2432
 2486
 2534
 2574
 2614
 2652
 2688
 2720
 2746
 2768
 2786
 2800
 2812
 2822
 2828
 2832
 2838
 2842
 2846
 2844
 2842
 2848
 2872
 2890
 2904
 2914
 2920
 2922
 2922
 2928
 2930
 2922
 2906
 2884
 2852
 2814
 2766
 2710
 2646
 2580
 2508
 2430
 2350
 2266
 2178
 2090
 2008
 1934
 1860
 1778
 1694
 1604
 1512
 1420
 1338
 1264
 1200
 1152
 1124
 1124
 1148
 1198
 1272
 1364
 1462
 1564
 1660
 1750
 1834
 1910
 1984
 2070
 2152
 2222
 2284
 2338
 2390
 2440
 2486
 2526
 2564
 2596
 2624
 2650
 2674
 2692
 2710
 2726
 2742
 2754
 2766
 2776
 2784
 2786
 2790
 2804
 2832
 2850
 2866
 2874
 2880
 2880
 2878
 2880
 2878
 2868
 2850
 2822
 2786
 2742
 2692
 2634
 2570
 2500
 2428
 2348
 2262
 2174
 2088
 2014
 1948
 1872
 1798
 1718
 1628
 1544
 1478
 1430
 1392
 1368
 1362
 1374
 1406
 1450
 1508
 1578
 1654
 1730
 1804
 1874
 1942
 2012
 2088
 2174
 2246
 2312
 2372
 2426
 2472
 2518
 2562
 2602
 2636
 2666
 2690
 2712
 2734
 2748
 2762
 2774
 2786
 2794
 2802
 2806
 2812
 2830
 2858
 2878
 2898
 2908
 2914
 2918
 2924
 2932
 2938
 2942
 2938
 2938
 2940
 2936
 2932
 2924
 2914
 2902
 2882
 2860
 2828
 2790
 2764
 2736
 2698
 2652
 2598
 2542
 2480
 2420
 2360
 2292
 2222
 2146
 2070
 1994
 1918
 1844
 1770
 1698
 1624
 1560
 1500
 1460
 1444
 1458
 1490
 1538
 1606
 1680
 1766
 1856
 1950
 2042
 2130
 2212
 2286
 2352
 2414
 2468
 2516
 2556
 2592
 2614
 2634
 2656
 2678
 2708
 2742
 2768
 2792
 2808
 2820
 2832
 2846
 2860
 2872
 2882
 2888
 2892
 2892
 2888
 2886
 2886
 2884
 2882
 2878
 2872
 2864
 2862
 2872
 2890
 2900
 2910
 2914
 2910
 2906
 2904
 2902
 2892
 2878
 2856
 2830
 2796
 2760
 2716
 2672
 2620
 2566
 2510
 2450
 2382
 2316
 2258
 2214
 2168
 2128
 2102
 2082
 2074
 2082
 2106
 2140
 2178
 2224
 2272
 2324
 2378
 2432
 2480
 2520
 2558
 2592
 2622
 2648
 2666
 2684
 2708
 2742
 2776
 2804
 2826
 2840
 2852
 2864
 2880
 2892
 2902
 2908
 2912
 2912
 2908
 2902
 2898
 2896
 2890
 2886
 2882
 2880
 2876
 2866
 2864
 2876
 2892
 2900
 2902
 2898
 2888
 2876
 2862
 2842
 2816
 2786
 2748
 2706
 2668
 2630
 2590
 2550
 2504
 2454
 2406
 2352
 2296
 2238
 2190
 2152
 2116
 2076
 2036
 1992
 1952
 1924
 1912
 1918
 1938
 1968
 2006
 2050
 2098
 2150
 2200
 2248
 2296
 2338
 2378
 2416
 2448
 2484
 2530
 2578
 2616
 2652
 2676
 2694
 2712
 2732
 2750
 2764
 2774
 2784
 2790
 2794
 2800
 2798
 2798
 2796
 2794
 2790
 2784
 2784
 2796
 2820
 2838
 2852
 2864
 2868
 2874
 2880
 2888
 2888
 2886
 2882
 2876
 2872
 2868
 2862
 2860
 2854
 2850
 2846
 2838
 2830
 2824
 2830
 2838
 2840
 2838
 2824
 2806
 2786
 2762
 2730
 2696
 2654
 2606
 2554
 2498
 2436
 2370
 2294
 2212
 2130
 2048
 1960
 1880
 1812
 1758
 1716
 1680
 1662
 1656
 1666
 1694
 1736
 1786
 1842
 1900
 1956
 2010
 2068
 2120
 2170
 2214
 2256
 2292
 2320
 2346
 2372
 2408
 2454
 2492
 2522
 2548
 2566
 2584
 2606
 2626
 2644
 2658
 2670
 2678
 2686
 2692
 2698
 2702
 2704
 2708
 2708
 2706
 2704
 2706
 2720
 2744
 2762
 2776
 2784
 2790
 2794
 2802
 2814
 2820
 2828
 2830
 2832
 2832
 2834
 2832
 2830
 2828
 2828
 2828
 2826
 2824
 2818
 2810
 2810
 2822
 2834
 2834
 2834
 2822
 2810
 2796
 2782
 2762
 2736
 2704
 2664
 2618
 2570
 2516
 2456
 2394
 2324
 2252
 2178
 2104
 2024
 1936
 1846
 1768
 1700
 1636
 1568
 1508
 1452
 1410
 1390
 1394
 1424
 1466
 1520
 1580
 1648
 1722
 1792
 1858
 1920
 1976
 2030
 2082
 2126
 2162
 2198
 2240
 2294
 2342
 2380
 2414
 2438
 2460
 2484
 2508
 2532
 2550
 2566
 2580
 2590
 2602
 2612
 2620
 2626
 2632
 2638
 2644
 2646
 2646
 2648
 2658
 2688
 2716
 2736
 2754
 2762
 2772
 2782
 2798
 2812
 2822
 2830
 2836
 2840
 2844
 2846
 2848
 2852
 2856
 2860
 2866
 2868
 2866
 2862
 2860
 2868
 2882
 2880
 2874
 2858
 2834
 2806
 2778
 2744
 2704
 2658
 2606
 2546
 2484
 2412
 2328
 2238
 2144
 2046
 1948
 1848
 1744
 1644
 1562
 1494
 1438
 1382
 1334
 1288
 1256
 1242
 1254
 1284
 1330
 1380
 1434
 1494
 1558
 1624
 1690
 1756
 1820
 1878
 1930
 1980
 2030
 2092
 2160
 2216
 2266
 2306
 2344
 2380
 2416
 2450
 2480
 2508
 2528
 2546
 2564
 2578
 2590
 2600
 2608
 2612
 2616
 2614
 2612
 2618
 2634
 2668
 2692
 2712
 2726
 2738
 2746
 2760
 2780
 2792
 2802
 2810
 2814
 2818
 2820
 2820
 2822
 2820
 2818
 2814
 2806
 2788
 2768
 2754
 2754
 2750
 2736
 2714
 2678
 2638
 2600
 2562
 2514
 2458
 2396
 2324
 2246
 2162
 2076
 1980
 1882
 1782
 1682
 1584
 1486
 1394
 1316
 1258
 1206
 1158
 1128
 1114
 1126
 1164
 1230
 1310
 1404
 1508
 1612
 1716
 1818
 1916
 2010
 2096
 2178
 2246
 2302
 2348
 2398
 2458
 2528
 2586
 2638
 2684
 2724
 2758
 2792
 2828
 2858
 2886
 2914
 2934
 2952
 2966
 2974
 2982
 2988
 2994
 2996
 2996
 2990
 2984
 2982
 2996
 3012
 3018
 3018
 3004
 2988
 2966
 2948
 2924
 2888
 2840
 2786
 2724
 2658
 2592
 2518
 2434
 2346
 2250
 2148
 2038
 1936
 1848
 1776
 1694
 1606
 1518
 1422
 1328
 1256
 1204
 1166
 1146
 1138
 1146
 1170
 1200
 1234
 1268
 1312
 1360
 1408
 1452
 1504
 1568
 1646
 1718
 1778
 1830
 1868
 1906
 1942
 1980
 2018
 2052
 2086
 2116
 2144
 2172
 2198
 2220
 2240
 2260
 2274
 2282
 2292
 2302
 2326
 2366
 2394
 2420
 2444
 2460
 2478
 2498
 2530
 2560
 2584
 2604
 2626
 2644
 2660
 2670
 2680
 2692
 2704
 2710
 2700
 2680
 2660
 2648
 2644
 2622
 2586
 2536
 2474
 2402
 2330
 2254
 2158
 2054
 1942
 1824
 1714
 1606
 1500
 1396
 1292
 1194
 1104
 1016
 940
 880
 834
 802
 780
 778
 792
 822
 876
 948
 1032
 1122
 1216
 1310
 1406
 1492
 1574
 1654
 1728
 1800
 1864
 1918
 1968
 2024
 2088
 2158
 2214
 2264
 2304
 2344
 2380
 2420
 2458
 2494
 2528
 2558
 2588
 2614
 2640
 2662
 2684
 2702
 2720
 2738
 2754
 2762
 2768
 2780
 2810
 2846
 2868
 2888
 2894
 2894
 2890
 2884
 2876
 2856
 2826
 2784
 2740
 2696
 2644
 2588
 2528
 2464
 2396
 2326
 2250
 2162
 2062
 1970
 1896
 1838
 1770
 1700
 1622
 1544
 1476
 1424
 1394
 1382
 1396
 1426
 1476
 1540
 1618
 1694
 1776
 1856
 1924
 1984
 2028
 2058
 2090
 2126
 2170
 2198
 2198
 2202
 2200
 2198
 2204
 2214
 2222
 2222
 2222
 2220
 2218
 2218
 2216
 2212
 2202
 2198
 2186
 2174
 2164
 2156
 2168
 2196
 2222
 2254
 2280
 2302
 2330
 2364
 2400
 2432
 2466
 2494
 2520
 2550
 2582
 2610
 2642
 2670
 2696
 2716
 2734
 2758
 2800
 2842
 2874
 2906
 2930
 2950
 2972
 2998
 3022
 3040
 3056
 3064
 3068
 3062
 3048
 3026
 3000
 2966
 2926
 2878
 2826
 2780
 2748
 2710
 2664
 2614
 2558
 2498
 2440
 2382
 2318
 2246
 2164
 2072
 1974
 1872
 1764
 1656
 1560
 1480
 1414
 1366
 1336
 1332
 1356
 1412
 1482
 1556
 1638
 1716
 1788
 1862
 1938
 2018
 2096
 2166
 2228
 2282
 2336
 2382
 2424
 2462
 2494
 2526
 2554
 2576
 2594
 2620
 2662
 2714
 2756
 2796
 2826
 2850
 2874
 2904
 2934
 2958
 2982
 2996
 3008
 3020
 3026
 3030
 3032
 3030
 3028
 3026
 3014
 3000
 2988
 2998
 3028
 3044
 3058
 3060
 3054
 3042
 3032
 3018
 2994
 2966
 2930
 2886
 2840
 2792
 2744
 2700
 2652
 2606
 2560
 2512
 2464
 2422
 2394
 2382
 2362
 2340
 2314
 2282
 2254
 2230
 2212
 2190
 2170
 2154
 2144
 2146
 2158
 2176
 2198
 2222
 2246
 2266
 2288
 2312
 2338
 2374
 2428
 2468
 2510
 2542
 2566
 2596
 2628
 2662
 2690
 2716
 2732
 2742
 2758
 2770
 2780
 2790
 2796
 2804
 2810
 2816
 2818
 2822
 2840
 2868
 2880
 2878
 2858
 2826
 2790
 2760
 2732
 2696
 2650
 2600
 2538
 2476
 2412
 2338
 2264
 2182
 2092
 1992
 1888
 1776
 1662
 1562
 1476
 1388
 1312
 1234
 1146
 1056
 988
 936
 906
 898
 910
 942
 990
 1048
 1122
 1206
 1288
 1368
 1438
 1504
 1566
 1628
 1702
 1792
 1866
 1936
 1994
 2038
 2076
 2122
 2170
 2210
 2248
 2278
 2308
 2340
 2374
 2406
 2434
 2458
 2486
 2506
 2524
 2540
 2560
 2598
 2652
 2692
 2728
 2762
 2788
 2810
 2836
 2862
 2882
 2892
 2894
 2884
 2868
 2844
 2808
 2766
 2710
 2648
 2574
 2490
 2396
 2290
 2190
 2100
 1998
 1892
 1778
 1656
 1534
 1418
 1310
 1200
 1090
 986
 888
 798
 716
 652
 610
 592
 598
 630
 682
 760
 864
 992
 1132
 1258
 1384
 1500
 1602
 1694
 1786
 1868
 1944
 2010
 2066
 2118
 2168
 2208
 2248
 2280
 2312
 2344
 2376
 2400
 2428
 2472
 2530
 2578
 2624
 2662
 2696
 2730
 2766
 2806
 2844
 2878
 2908
 2936
 2962
 2986
 3006
 3016
 3016
 3006
 2990
 2956
 2914
 2858
 2808
 2770
 2726
 2664
 2598
 2514
 2418
 2318
 2222
 2118
 2008
 1898
 1778
 1654
 1526
 1392
 1256
 1118
 982
 848
 720
 604
 512
 460
 450
 486
 552
 642
 756
 882
 1008
 1140
 1270
 1392
 1510
 1618
 1718
 1814
 1900
 1982
 2054
 2122
 2184
 2236
 2286
 2334
 2390
 2464
 2532
 2594
 2652
 2704
 2750
 2798
 2850
 2894
 2938
 2978
 3010
 3040
 3068
 3090
 3108
 3118
 3128
 3132
 3128
 3120
 3110
 3110
 3112
 3094
 3068
 3028
 2976
 2922
 2868
 2810
 2742
 2670
 2590
 2508
 2420
 2322
 2216
 2104
 1986
 1864
 1734
 1600
 1474
 1364
 1272
 1184
 1102
 1038
 990
 970
 984
 1034
 1112
 1208
 1316
 1434
 1554
 1672
 1784
 1886
 1982
 2070
 2150
 2216
 2274
 2334
 2406
 2482
 2544
 2606
 2658
 2702
 2742
 2786
 2828
 2866
 2904
 2934
 2962
 2986
 3006
 3024
 3038
 3048
 3062
 3070
 3070
 3070
 3072
 3090
 3124
 3148
 3166
 3170
 3168
 3156
 3142
 3124
 3096
 3058
 3010
 2954
 2894
 2828
 2758
 2684
 2606
 2526
 2446
 2360
 2266
 2176
 2096
 2034
 1966
 1896
 1828
 1756
 1690
 1640
 1612
 1602
 1606
 1626
 1656
 1700
 1752
 1808
 1870
 1928
 1988
 2038
 2082
 2124
 2170
 2232
 2304
 2362
 2416
 2458
 2496
 2530
 2570
 2608
 2640
 2672
 2700
 2724
 2748
 2768
 2786
 2806
 2822
 2842
 2858
 2868
 2880
 2898
 2934
 2978
 3004
 3026
 3038
 3046
 3054
 3064
 3070
 3068
 3058
 3040
 3010
 2976
 2934
 2882
 2826
 2762
 2696
 2624
 2542
 2456
 2376
 2310
 2250
 2172
 2094
 2006
 1912
 1822
 1738
 1656
 1576
 1504
 1442
 1402
 1386
 1392
 1418
 1456
 1506
 1562
 1620
 1674
 1734
 1800
 1880
 1964
 2032
 2094
 2144
 2186
 2228
 2270
 2308
 2340
 2366
 2386
 2408
 2430
 2446
 2464
 2480
 2496
 2512
 2520
 2526
 2538
 2562
 2604
 2636
 2664
 2690
 2706
 2720
 2740
 2764
 2786
 2806
 2826
 2846
 2862
 2882
 2900
 2918
 2934
 2948
 2958
 2960
 2958
 2956
 2956
 2968
 2996
 3010
 3016
 3010
 2994
 2974
 2956
 2938
 2912
 2880
 2842
 2802
 2758
 2718
 2672
 2626
 2580
 2534
 2484
 2438
 2384
 2326
 2266
 2214
 2178
 2150
 2112
 2074
 2028
 1982
 1938
 1906
 1882
 1862
 1854
 1854
 1860
 1872
 1890
 1910
 1936
 1964
 1992
 2018
 2042
 2058
 2076
 2106
 2150
 2202
 2246
 2286
 2314
 2342
 2372
 2410
 2448
 2480
 2510
 2536
 2562
 2588
 2612
 2630
 2654
 2672
 2690
 2712
 2730
 2746
 2760
 2786
 2826
 2878
 2912
 2942
 2968
 2990
 3010
 3034
 3060
 3074
 3082
 3082
 3068
 3048
 3020
 2984
 2942
 2894
 2840
 2780
 2714
 2638
 2568
 2510
 2462
 2404
 2334
 2258
 2166
 2074
 1982
 1892
 1796
 1698
 1600
 1506
 1414
 1326
 1242
 1162
 1096
 1046
 1018
 1012
 1036
 1090
 1170
 1270
 1372
 1476
 1572
 1662
 1750
 1842
 1928
 2010
 2088
 2156
 2222
 2282
 2338
 2384
 2430
 2470
 2498
 2522
 2548
 2586
 2644
 2696
 2740
 2782
 2818
 2852
 2886
 2926
 2960
 2988
 3014
 3036
 3056
 3068
 3068
 3056
 3028
 2978
 2906
 2808
 2692
 2568
 2444
 2320
 2168
 1992
 1782
 1548
 1302
 1032
 740
 428
 130
 0
 0
 0
 0
 0
 0
 0
 0
 0
 0
 0
 0
 0
 0
 0
 0
 0
 0
 0
 0
 0
 130
 328
 498
 652
 792
 918
 1044
 1166
 1290
 1402
 1506
 1602
 1694
 1792
 1892
 1980
 2058
 2124
 2178
 2224
 2272
 2318
 2356
 2390
 2406
 2394
 2376
 2360
 2344
 2336
 2334
 2336
 2338
 2340
 2338
 2332
 2324
 2326
 2344
 2360
 2372
 2378
 2378
 2374
 2374
 2378
 2380
 2388
 2398
 2412
 2428
 2444
 2468
 2492
 2510
 2532
 2552
 2568
 2582
 2598
 2630
 2680
 2724
 2762
 2798
 2826
 2858
 2890
 2932
 2972
 3004
 3030
 3056
 3080
 3104
 3126
 3140
 3154
 3162
 3168
 3164
 3152
 3124
 3088
 3054
 3030
 3000
 2956
 2910
 2852
 2790
 2728
 2666
 2596
 2520
 2440
 2356
 2270
 2182
 2092
 2002
 1914
 1830
 1748
 1668
 1604
 1566
 1562
 1584
 1632
 1686
 1750
 1818
 1882
 1946
 2016
 2084
 2146
 2206
 2256
 2306
 2352
 2392
 2428
 2462
 2492
 2520
 2544
 2560
 2576
 2598
 2640
 2686
 2720
 2754
 2778
 2796
 2816
 2842
 2868
 2888
 2910
 2924
 2940
 2956
 2970
 2984
 2998
 3012
 3028
 3040
 3046
 3054
 3064
 3090
 3134
 3164
 3190
 3216
 3234
 3244
 3256
 3270
 3276
 3278
 3268
 3250
 3228
 3204
 3174
 3134
 3088
 3036
 2978
 2920
 2852
 2778
 2706
 2642
 2584
 2520
 2446
 2378
 2298
 2222
 2148
 2084
 2014
 1946
 1882
 1824
 1786
 1766
 1762
 1776
 1802
 1844
 1890
 1942
 1994
 2052
 2122
 2204
 2274
 2340
 2402
 2454
 2504
 2558
 2614
 2662
 2706
 2742
 2772
 2798
 2822
 2840
 2854
 2868
 2882
 2890
 2892
 2894
 2898
 2914
 2950
 2984
 3010
 3034
 3048
 3058
 3070
 3088
 3106
 3120
 3126
 3128
 3132
 3134
 3136
 3136
 3132
 3132
 3130
 3126
 3116
 3108
 3112
 3138
 3164
 3176
 3184
 3180
 3174
 3172
 3172
 3166
 3154
 3144
 3126
 3106
 3084
 3058
 3030
 2996
 2958
 2918
 2872
 2816
 2756
 2700
 2654
 2620
 2574
 2528
 2474
 2412
 2354
 2302
 2254
 2206
 2160
 2116
 2080
 2056
 2042
 2042
 2052
 2070
 2088
 2110
 2132
 2162
 2202
 2260
 2316
 2364
 2408
 2440
 2472
 2506
 2542
 2574
 2602
 2624
 2644
 2662
 2676
 2688
 2704
 2718
 2734
 2744
 2748
 2752
 2764
 2790
 2826
 2850
 2874
 2888
 2902
 2914
 2928
 2944
 2948
 2948
 2946
 2940
 2936
 2930
 2922
 2914
 2908
 2906
 2900
 2890
 2882
 2882
 2900
 2922
 2932
 2936
 2928
 2912
 2894
 2876
 2854
 2826
 2792
 2754
 2712
 2670
 2628
 2582
 2532
 2488
 2448
 2402
 2356
 2318
 2294
 2290
 2286
 2286
 2292
 2300
 2316
 2340
 2370
 2398
 2424
 2450
 2472
 2498
 2526
 2550
 2572
 2592
 2614
 2634
 2648
 2660
 2678
 2712
 2760
 2794
 2826
 2848
 2864
 2882
 2906
 2928
 2946
 2960
 2968
 2972
 2978
 2986
 2992
 2994
 2996
 3002
 3004
 3004
 2998
 2994
 3010
 3044
 3068
 3086
 3098
 3104
 3110
 3118
 3130
 3138
 3146
 3150
 3152
 3154
 3150
 3148
 3150
 3150
 3148
 3146
 3136
 3118
 3094
 3066
 3048
 3038
 3014
 2992
 2958
 2916
 2870
 2826
 2778
 2726
 2670
 2612
 2550
 2486
 2418
 2348
 2278
 2210
 2140
 2060
 1970
 1888
 1818
 1766
 1724
 1680
 1646
 1612
 1592
 1590
 1614
 1652
 1698
 1752
 1808
 1870
 1932
 1996
 2050
 2108
 2158
 2198
 2232
 2266
 2308
 2364
 2416
 2458
 2498
 2532
 2562
 2596
 2634
 2666
 2700
 2728
 2752
 2778
 2798
 2812
 2818
 2810
 2788
 2762
 2742
 2736
 2746
 2772
 2788
 2806
 2816
 2822
 2828
 2832
 2834
 2830
 2826
 2818
 2812
 2808
 2804
 2802
 2798
 2788
 2780
 2776
 2786
 2818
 2852
 2880
 2906
 2928
 2942
 2964
 2984
 3000
 3014
 3030
 3040
 3052
 3064
 3074
 3086
 3092
 3090
 3086
 3088
 3104
 3128
 3140
 3144
 3136
 3122
 3102
 3080
 3050
 3014
 2968
 2912
 2850
 2784
 2710
 2630
 2546
 2452
 2348
 2230
 2102
 1978
 1862
 1752
 1632
 1514
 1388
 1258
 1130
 1010
 896
 790
 704
 640
 602
 596
 616
 676
 772
 896
 1034
 1176
 1314
 1452
 1590
 1734
 1864
 1986
 2094
 2188
 2270
 2346
 2422
 2488
 2548
 2600
 2648
 2690
 2728
 2764
 2792
 2818
 2842
 2866
 2884
 2898
 2908
 2922
 2950
 2990
 3018
 3048
 3064
 3076
 3088
 3104
 3122
 3132
 3142
 3146
 3148
 3144
 3134
 3116
 3094
 3064
 3030
 2988
 2934
 2870
 2800
 2730
 2672
 2618
 2548
 2474
 2386
 2292
 2194
 2096
 1992
 1880
 1766
 1644
 1518
 1394
 1272
 1152
 1036
 914
 798
 692
 610
 556
 538
 558
 620
 710
 808
 910
 1010
 1104
 1200
 1298
 1388
 1474
 1554
 1632
 1712
 1784
 1854
 1920
 1982
 2042
 2092
 2132
 2172
 2218
 2278
 2334
 2380
 2420
 2454
 2484
 2512
 2548
 2580
 2604
 2628
 2646
 2666
 2686
 2702
 2722
 2740
 2762
 2780
 2798
 2812
 2824
 2846
 2884
 2916
 2940
 2956
 2962
 2964
 2964
 2962
 2956
 2942
 2916
 2882
 2838
 2790
 2738
 2682
 2620
 2552
 2474
 2394
 2304
 2210
 2122
 2044
 1954
 1856
 1756
 1648
 1542
 1442
 1348
 1258
 1176
 1102
 1040
 1004
 994
 1006
 1038
 1088
 1150
 1224
 1300
 1382
 1472
 1576
 1672
 1760
 1840
 1910
 1972
 2034
 2094
 2150
 2202
 2248
 2294
 2340
 2382
 2418
 2454
 2486
 2516
 2540
 2558
 2576
 2602
 2646
 2694
 2732
 2770
 2802
 2828
 2850
 2876
 2898
 2914
 2928
 2940
 2948
 2958
 2960
 2958
 2952
 2944
 2928
 2906
 2876
 2840
 2810
 2790
 2760
 2722
 2678
 2622
 2562
 2504
 2436
 2360
 2268
 2150
 2014
 1866
 1700
 1524
 1340
 1146
 952
 756
 562
 378
 226
 96
 0
 0
 0
 0
 0
 0
 0
 0
 4
 68
 136
 202
 272
 342
 418
 504
 596
 684
 776
 878
 988
 1112
 1230
 1346
 1458
 1558
 1648
 1734
 1820
 1900
 1974
 2038
 2098
 2158
 2216
 2268
 2322
 2366
 2400
 2432
 2462
 2504
 2556
 2600
 2640
 2674
 2700
 2722
 2748
 2780
 2804
 2828
 2848
 2864
 2880
 2896
 2908
 2918
 2928
 2932
 2928
 2924
 2922
 2928
 2938
 2934
 2924
 2902
 2870
 2836
 2802
 2766
 2724
 2678
 2624
 2564
 2500
 2428
 2354
 2276
 2194
 2110
 2016
 1918
 1820
 1732
 1656
 1574
 1494
 1420
 1352
 1304
 1278
 1282
 1314
 1362
 1434
 1514
 1604
 1694
 1780
 1862
 1940
 2016
 2082
 2134
 2186
 2238
 2304
 2362
 2404
 2440
 2462
 2478
 2498
 2522
 2540
 2556
 2568
 2574
 2582
 2590
 2596
 2600
 2602
 2602
 2604
 2604
 2598
 2598
 2612
 2640
 2664
 2684
 2700
 2710
 2718
 2728
 2746
 2756
 2770
 2780
 2786
 2794
 2802
 2806
 2804
 2804
 2804
 2808
 2810
 2810
 2810
 2810
 2820
 2838
 2840
 2834
 2818
 2790
 2758
 2728
 2692
 2640
 2578
 2512
 2436
 2358
 2274
 2182
 2086
 1984
 1870
 1746
 1610
 1452
 1304
 1166
 1038
 906
 768
 638
 518
 426
 368
 354
 372
 408
 456
 518
 594
 678
 766
 854
 946
 1024
 1086
 1128
 1166
 1204
 1236
 1250
 1236
 1198
 1130
 1038
 918
 756
 542
 300
 34
 0
 0
 0
 0
 0
 0
 0
 0
 0
 0
 0
 0
 0
 0
 0
 0
 0
 0
 0
 0
 0
 0
 0
 0
 0
 0
 0
 0
 0
 0
 0
 0
 0
 0
 0
 0
 0
 0
 0
 0
 0
 0
 0
 0
 0
 0
 0
 0
 0
 46
 136
 234
 332
 420
 494
 558
 616
 670
 730
 784
 828
 860
 894
 926
 950
 964
 978
 990
 1006
 1020
 1036
 1054
 1090
 1122
 1146
 1166
 1178
 1190
 1200
 1208
 1186
 1140
 1052
 928
 758
 528
 234
 0
 0
 0
 0
 0
 0
 0
 0
 0
 0
 0
 0
 0
 0
 0
 0
 0
 0
 0
 0
 0
 0
 0
 0
 0
 0
 0
 0
 0
 0
 0
 0
 0
 0
 22
 276
 524
 744
 946
 1124
 1282
 1418
 1524
 1620
 1692
 1748
 1794
 1834
 1872
 1918
 1974
 2030
 2086
 2146
 2206
 2270
 2332
 2392
 2438
 2476
 2508
 2540
 2594
 2648
 2692
 2732
 2766
 2792
 2816
 2840
 2864
 2882
 2896
 2904
 2898
 2868
 2834
 2808
 2790
 2780
 2784
 2788
 2792
 2802
 2830
 2852
 2868
 2882
 2884
 2884
 2884
 2882
 2876
 2868
 2860
 2852
 2848
 2850
 2858
 2864
 2870
 2878
 2884
 2890
 2898
 2920
 2948
 2966
 2982
 2994
 2998
 3004
 3014
 3024
 3032
 3036
 3036
 3036
 3038
 3040
 3042
 3038
 3038
 3036
 3032
 3022
 3014
 3022
 3044
 3054
 3066
 3066
 3066
 3064
 3064
 3068
 3066
 3066
 3060
 3056
 3052
 3050
 3046
 3042
 3038
 3032
 3020
 3012
 3000
 2992
 2996
 3014
 3024
 3032
 3034
 3030
 3024
 3022
 3024
 3026
 3022
 3014
 3006
 2998
 2990
 2982
 2974
 2966
 2962
 2958
 2952
 2946
 2942
 2942
 2956
 2978
 2990
 3004
 3010
 3012
 3014
 3014
 3022
 3024
 3020
 3012
 3000
 2988
 2978
 2968
 2958
 2946
 2932
 2922
 2910
 2900
 2888
 2884
 2894
 2912
 2920
 2926
 2926
 2924
 2926
 2928
 2930
 2930
 2930
 2924
 2916
 2910
 2900
 2886
 2878
 2874
 2868
 2864
 2858
 2852
 2844
 2844
 2858
 2882
 2892
 2900
 2906
 2910
 2914
 2920
 2922
 2920
 2916
 2912
 2906
 2904
 2902
 2902
 2900
 2900
 2902
 2898
 2892
 2888
 2884
 2890
 2908
 2918
 2930
 2938
 2946
 2950
 2962
 2972
 2980
 2982
 2976
 2974
 2968
 2960
 2946
 2930
 2900
 2832
 2718
 2578
 2438
 2312
 2194
 2080
 1990
 1932
 1916
 1928
 1958
 1998
 2034
 2058
 2082
 2102
 2124
 2146
 2160
 2174
 2186
 2194
 2196
 2210
 2226
 2246
 2250
 2248
 2246
 2244
 2244
 2250
 2262
 2268
 2272
 2272
 2272
 2268
 2264
 2258
 2248
 2236
 2228
 2222
 2228
 2246
 2268
 2308
 2356
 2396
 2438
 2478
 2518
 2564
 2612
 2654
 2702
 2748
 2788
 2822
 2846
 2868
 2880
 2900
 2934
 2964
 2982
 2992
 2998
 3000
 3000
 3000
 3000
 3002
 3006
 3014
 3020
 3026
 3032
 3030
 3026
 3020
 3020
 3036
 3050
 3060
 3064
 3064
 3062
 3066
 3074
 3078
 3080
 3082
 3080
 3080
 3078
 3078
 3074
 3066
 3056
 3046
 3042
 3058
 3068
 3078
 3082
 3080
 3082
 3084
 3092
 3092
 3090
 3088
 3082
 3080
 3076
 3072
 3066
 3062
 3054
 3042
 3030
 3026
 3038
 3050
 3056
 3060
 3058
 3060
 3060
 3064
 3062
 3060
 3056
 3052
 3050
 3046
 3042
 3038
 3032
 3026
 3018
 3008
 3000
 2996
 3008
 3020
 3028
 3036
 3038
 3038
 3038
 3046
 3052
 3054
 3052
 3044
 3038
 3036
 3030
 3026
 3020
 3014
 3008
 3000
 2988
 2978
 2980
 2994
 3004
 3010
 3012
 3012
 3010
 3012
 3014
 3010
 3006
 2998
 2990
 2982
 2974
 2964
 2952
 2942
 2930
 2914
 2896
 2880
 2866
 2864
 2864
 2858
 2850
 2838
 2830
 2824
 2824
 2826
 2828
 2830
 2834
 2838
 2844
 2848
 2854
 2858
 2860
 2862
 2860
 2858
 2860
 2868
 2888
 2906
 2912
 2914
 2912
 2912
 2916
 2922
 2928
 2928
 2926
 2926
 2924
 2922
 2920
 2916
 2912
 2906
 2898
 2888
 2880
 2876
 2882
 2894
 2900
 2906
 2908
 2906
 2908
 2910
 2916
 2918
 2916
 2912
 2906
 2900
 2892
 2878
 2860
 2838
 2812
 2780
 2734
 2688
 2644
 2604
 2554
 2492
 2422
 2344
 2258
 2180
 2110
 2040
 1976
 1918
 1872
 1840
 1824
 1822
 1832
 1852
 1876
 1900
 1924
 1958
 1996
 2044
 2086
 2126
 2164
 2198
 2234
 2272
 2308
 2342
 2374
 2400
 2424
 2448
 2466
 2482
 2500
 2514
 2526
 2532
 2544
 2560
 2588
 2608
 2626
 2640
 2650
 2662
 2674
 2688
 2702
 2712
 2720
 2728
 2736
 2742
 2746
 2746
 2748
 2750
 2748
 2744
 2742
 2748
 2768
 2784
 2798
 2810
 2818
 2824
 2834
 2846
 2858
 2868
 2874
 2878
 2880
 2882
 2882
 2884
 2880
 2876
 2866
 2854
 2838
 2822
 2814
 2812
 2802
 2784
 2756
 2720
 2680
 2640
 2602
 2556
 2510
 2462
 2416
 2368
 2320
 2262
 2198
 2130
 2060
 1986
 1908
 1828
 1756
 1688
 1628
 1568
 1516
 1468
 1430
 1406
 1400
 1420
 1452
 1494
 1544
 1604
 1670
 1740
 1812
 1882
 1952
 2018
 2076
 2128
 2174
 2222
 2278
 2330
 2374
 2414
 2450
 2484
 2514
 2552
 2580
 2610
 2636
 2658
 2678
 2694
 2706
 2718
 2726
 2732
 2736
 2738
 2742
 2748
 2766
 2792
 2810
 2830
 2842
 2850
 2860
 2870
 2884
 2892
 2898
 2898
 2894
 2886
 2880
 2870
 2856
 2842
 2822
 2804
 2774
 2750
 2726
 2708
 2678
 2638
 2590
 2536
 2474
 2418
 2364
 2302
 2240
 2174
 2112
 2050
 1984
 1912
 1834
 1756
 1680
 1610
 1552
 1514
 1494
 1504
 1526
 1560
 1606
 1654
 1708
 1766
 1828
 1888
 1938
 1984
 2026
 2060
 2096
 2128
 2160
 2186
 2212
 2236
 2258
 2284
 2322
 2360
 2392
 2422
 2448
 2468
 2492
 2518
 2546
 2566
 2586
 2600
 2614
 2626
 2634
 2642
 2648
 2656
 2660
 2660
 2660
 2666
 2684
 2712
 2732
 2750
 2754
 2760
 2766
 2780
 2796
 2810
 2818
 2824
 2828
 2836
 2840
 2842
 2844
 2838
 2834
 2832
 2828
 2816
 2806
 2808
 2822
 2830
 2834
 2828
 2816
 2804
 2794
 2782
 2760
 2728
 2686
 2638
 2584
 2522
 2446
 2362
 2268
 2174
 2076
 1978
 1878
 1792
 1712
 1636
 1554
 1474
 1398
 1326
 1266
 1232
 1220
 1230
 1256
 1298
 1356
 1434
 1518
 1604
 1686
 1766
 1832
 1892
 1944
 1996
 2054
 2118
 2174
 2228
 2274
 2314
 2352
 2390
 2428
 2462
 2494
 2522
 2548
 2572
 2594
 2616
 2634
 2652
 2668
 2680
 2686
 2694
 2710
 2740
 2766
 2784
 2802
 2812
 2820
 2832
 2844
 2858
 2868
 2874
 2878
 2884
 2884
 2884
 2882
 2880
 2880
 2876
 2872
 2870
 2874
 2890
 2914
 2928
 2944
 2950
 2956
 2958
 2966
 2974
 2978
 2978
 2972
 2964
 2954
 2942
 2926
 2902
 2872
 2842
 2806
 2764
 2722
 2682
 2652
 2618
 2576
 2536
 2490
 2440
 2390
 2344
 2294
 2240
 2188
 2138
 2094
 2060
 2034
 2022
 2018
 2026
 2038
 2058
 2078
 2110
 2152
 2202
 2244
 2282
 2308
 2330
 2348
 2370
 2394
 2412
 2430
 2444
 2460
 2476
 2490
 2502
 2516
 2530
 2540
 2548
 2556
 2570
 2594
 2630
 2656
 2678
 2698
 2712
 2724
 2742
 2760
 2772
 2786
 2796
 2802
 2810
 2816
 2818
 2820
 2824
 2826
 2824
 2824
 2826
 2840
 2870
 2892
 2912
 2924
 2930
 2934
 2936
 2936
 2934
 2930
 2926
 2918
 2906
 2890
 2872
 2846
 2814
 2776
 2732
 2678
 2622
 2568
 2520
 2458
 2386
 2302
 2212
 2122
 2034
 1954
 1874
 1800
 1732
 1676
 1634
 1612
 1610
 1626
 1660
 1700
 1746
 1802
 1864
 1932
 2006
 2066
 2126
 2178
 2226
 2266
 2308
 2346
 2376
 2406
 2424
 2422
 2406
 2390
 2380
 2376
 2380
 2384
 2388
 2390
 2394
 2410
 2432
 2444
 2452
 2452
 2452
 2450
 2452
 2452
 2446
 2444
 2446
 2460
 2480
 2500
 2514
 2532
 2544
 2554
 2566
 2584
 2618
 2662
 2694
 2728
 2754
 2778
 2802
 2826
 2850
 2870
 2888
 2902
 2918
 2932
 2944
 2950
 2956
 2964
 2972
 2976
 2978
 2984
 3010
 3046
 3076
 3098
 3110
 3120
 3132
 3146
 3162
 3174
 3184
 3192
 3202
 3206
 3212
 3214
 3214
 3210
 3198
 3186
 3164
 3140
 3102
 3062
 3028
 3002
 2964
 2920
 2866
 2810
 2752
 2692
 2632
 2562
 2486
 2400
 2308
 2214
 2116
 2010
 1902
 1792
 1684
 1584
 1490
 1408
 1344
 1308
 1302
 1336
 1392
 1464
 1548
 1642
 1742
 1840
 1944
 2044
 2140
 2232
 2312
 2388
 2456
 2520
 2574
 2620
 2662
 2698
 2726
 2752
 2772
 2802
 2844
 2884
 2920
 2950
 2972
 2992
 3012
 3034
 3052
 3072
 3086
 3090
 3094
 3098
 3098
 3096
 3092
 3088
 3090
 3090
 3088
 3082
 3078
 3088
 3112
 3132
 3146
 3154
 3158
 3158
 3160
 3160
 3156
 3150
 3136
 3118
 3094
 3064
 3030
 2994
 2950
 2896
 2840
 2778
 2708
 2638
 2570
 2516
 2468
 2412
 2360
 2298
 2230
 2162
 2096
 2036
 1978
 1928
 1886
 1858
 1844
 1850
 1872
 1908
 1954
 2010
 2074
 2138
 2196
 2254
 2314
 2388
 2462
 2524
 2580
 2626
 2668
 2708
 2746
 2782
 2812
 2842
 2866
 2890
 2908
 2926
 2940
 2948
 2960
 2972
 2980
 2984
 2988
 3006
 3036
 3058
 3072
 3080
 3080
 3084
 3086
 3090
 3090
 3084
 3070
 3048
 3024
 2992
 2956
 2912
 2866
 2812
 2750
 2686
 2628
 2574
 2528
 2470
 2410
 2340
 2264
 2186
 2110
 2030
 1942
 1854
 1764
 1676
 1592
 1512
 1438
 1374
 1324
 1292
 1280
 1294
 1336
 1404
 1482
 1562
 1640
 1720
 1800
 1874
 1952
 2024
 2092
 2158
 2218
 2274
 2328
 2376
 2424
 2468
 2498
 2528
 2558
 2592
 2638
 2674
 2704
 2728
 2748
 2766
 2786
 2806
 2822
 2840
 2854
 2864
 2876
 2880
 2882
 2884
 2886
 2886
 2884
 2882
 2888
 2912
 2934
 2952
 2966
 2978
 2986
 2996
 3008
 3014
 3018
 3020
 3014
 3004
 2988
 2968
 2948
 2920
 2886
 2844
 2800
 2750
 2698
 2656
 2626
 2584
 2536
 2482
 2422
 2368
 2314
 2266
 2214
 2162
 2110
 2056
 2000
 1950
 1904
 1868
 1844
 1834
 1838
 1852
 1876
 1910
 1956
 2020
 2092
 2160
 2226
 2284
 2336
 2388
 2438
 2484
 2524
 2560
 2590
 2620
 2644
 2664
 2682
 2698
 2714
 2728
 2742
 2756
 2766
 2774
 2790
 2820
 2850
 2876
 2900
 2916
 2934
 2952
 2966
 2980
 2994
 3004
 3016
 3022
 3022
 3022
 3014
 3000
 2982
 2960
 2934
 2902
 2868
 2826
 2792
 2770
 2736
 2694
 2648
 2590
 2530
 2468
 2410
 2344
 2280
 2208
 2136
 2062
 1990
 1916
 1842
 1768
 1692
 1622
 1562
 1514
 1486
 1482
 1506
 1550
 1602
 1660
 1726
 1794
 1868
 1942
 2014
 2082
 2148
 2206
 2258
 2306
 2350
 2396
 2436
 2476
 2510
 2536
 2560
 2582
 2616
 2656
 2690
 2720
 2746
 2762
 2780
 2798
 2820
 2840
 2856
 2870
 2880
 2888
 2892
 2896
 2900
 2904
 2908
 2906
 2904
 2902
 2906
 2920
 2940
 2948
 2952
 2948
 2938
 2924
 2910
 2892
 2864
 2826
 2778
 2728
 2672
 2614
 2552
 2482
 2412
 2332
 2250
 2166
 2086
 2012
 1942
 1868
 1796
 1724
 1652
 1594
 1550
 1528
 1524
 1536
 1564
 1606
 1664
 1736
 1808
 1884
 1958
 2030
 2098
 2160
 2228
 2298
 2374
 2438
 2498
 2542
 2578
 2604
 2626
 2638
 2638
 2628
 2610
 2580
 2546
 2506
 2460
 2408
 2356
 2298
 2238
 2172
 2106
 2038
 1964
 1874
 1786
 1676
 1544
 1406
 1274
 1134
 988
 848
 708
 572
 432
 288
 138
 0
 0
 0
 0
 0
 0
 0
 0
 0
 0
 0
 0
 0
 0
 0
 0
 0
 0
 0
 0
 0
 0
 0
 0
 0
 0
 0
 0
 0
 0
 0
 0
 6
 64
 118
 154
 176
 174
 148
 96
 10
 0
 0
 0
 0
 0
 0
 0
 0
 0
 0
 0
 0
 0
 0
 0
 0
 0
 0
 0
 0
 0
 0
 0
 0
 0
 0
 0
 0
 0
 0
 0
 0
 0
 0
 0
 0
 0
 0
 0
 0
 0
 0
 0
 0
 0
 0
 0
 0
 0
 0
 0
 0
 0
 0
 0
 0
 0
 0
 0
 0
 0
 0
 0
 0
 6
 168
 330
 494
 640
 764
 890
 1018
 1124
 1226
 1322
 1408
 1482
 1552
 1620
 1690
 1754
 1806
 1856
 1894
 1924
 1954
 1986
 2020
 2038
 2046
 2046
 2038
 2024
 2018
 2016
 2008
 1994
 1982
 1974
 1968
 1966
 1966
 1966
 1966
 1964
 1966
 1974
 1992
 2002
 2010
 2012
 2008
 2016
 2034
 2060
 2084
 2110
 2140
 2172
 2208
 2244
 2278
 2306
 2334
 2364
 2396
 2442
 2482
 2518
 2546
 2572
 2602
 2638
 2676
 2710
 2744
 2766
 2788
 2806
 2820
 2828
 2834
 2842
 2842
 2830
 2824
 2824
 2820
 2822
 2826
 2836
 2850
 2866
 2878
 2882
 2886
 2886
 2880
 2870
 2860
 2850
 2842
 2834
 2830
 2830
 2840
 2862
 2902
 2938
 2976
 3010
 3038
 3064
 3086
 3112
 3132
 3150
 3166
 3178
 3186
 3196
 3200
 3202
 3200
 3200
 3198
 3198
 3208
 3224
 3236
 3244
 3246
 3240
 3236
 3234
 3238
 3242
 3242
 3238
 3234
 3228
 3224
 3218
 3212
 3206
 3204
 3198
 3194
 3190
 3182
 3178
 3180
 3190
 3198
 3202
 3206
 3202
 3200
 3198
 3200
 3204
 3204
 3204
 3200
 3196
 3194
 3190
 3184
 3180
 3176
 3174
 3170
 3166
 3160
 3154
 3146
 3140
 3140
 3144
 3142
 3142
 3138
 3130
 3126
 3124
 3126
 3126
 3126
 3124
 3120
 3118
 3114
 3108
 3102
 3094
 3088
 3086
 3078
 3070
 3064
 3056
 3050
 3050
 3056
 3068
 3070
 3074
 3072
 3070
 3070
 3074
 3080
 3086
 3086
 3088
 3088
 3088
 3084
 3078
 3074
 3072
 3070
 3066
 3062
 3058
 3056
 3050
 3046
 3050
 3062
 3072
 3078
 3078
 3074
 3074
 3074
 3076
 3078
 3080
 3082
 3084
 3084
 3084
 3082
 3080
 3074
 3072
 3070
 3064
 3062
 3058
 3052
 3046
 3044
 3050
 3058
 3058
 3058
 3052
 3052
 3050
 3052
 3058
 3060
 3064
 3066
 3066
 3060
 3054
 3048
 3044
 3040
 3034
 3030
 3028
 3024
 3018
 3016
 3020
 3032
 3038
 3040
 3040
 3036
 3034
 3036
 3042
 3040
 3038
 3036
 3034
 3032
 3028
 3022
 3018
 3012
 3008
 3002
 2996
 2990
 2986
 2988
 2998
 3002
 3004
 3004
 3000
 2998
 2996
 2996
 3000
 2998
 2998
 2996
 2994
 2990
 2986
 2980
 2972
 2966
 2958
 2950
 2942
 2940
 2944
 2954
 2956
 2956
 2954
 2950
 2946
 2944
 2942
 2940
 2936
 2932
 2928
 2924
 2918
 2912
 2906
 2902
 2900
 2900
 2898
 2896
 2898
 2902
 2912
 2918
 2922
 2922
 2922
 2920
 2918
 2922
 2924
 2922
 2922
 2918
 2916
 2914
 2908
 2900
 2894
 2890
 2882
 2874
 2868
 2866
 2872
 2880
 2884
 2888
 2884
 2884
 2884
 2884
 2884
 2884
 2882
 2882
 2880
 2874
 2872
 2870
 2866
 2858
 2854
 2850
 2848
 2842
 2836
 2838
 2848
 2860
 2862
 2868
 2868
 2868
 2870
 2872
 2878
 2882
 2884
 2884
 2884
 2878
 2870
 2866
 2858
 2854
 2850
 2846
 2844
 2842
 2838
 2838
 2846
 2862
 2868
 2876
 2874
 2872
 2870
 2872
 2878
 2880
 2880
 2880
 2878
 2874
 2866
 2858
 2850
 2842
 2838
 2834
 2812
 2750
 2658
 2542
 2402
 2264
 2140
 2036
 1964
 1942
 1952
 1976
 2008
 2044
 2080
 2120
 2160
 2194
 2226
 2256
 2284
 2312
 2338
 2360
 2378
 2394
 2406
 2412
 2416
 2420
 2430
 2446
 2456
 2462
 2456
 2438
 2424
 2412
 2410
 2412
 2418
 2424
 2430
 2432
 2432
 2428
 2424
 2420
 2416
 2412
 2406
 2404
 2408
 2418
 2428
 2442
 2452
 2458
 2460
 2466
 2474
 2486
 2498
 2514
 2530
 2550
 2568
 2584
 2598
 2612
 2620
 2630
 2642
 2662
 2684
 2698
 2712
 2718
 2724
 2726
 2732
 2738
 2744
 2746
 2748
 2750
 2750
 2750
 2748
 2748
 2746
 2740
 2738
 2738
 2748
 2760
 2768
 2774
 2774
 2776
 2782
 2786
 2792
 2798
 2802
 2804
 2806
 2806
 2804
 2802
 2798
 2796
 2792
 2788
 2786
 2792
 2808
 2820
 2828
 2834
 2834
 2838
 2842
 2848
 2854
 2860
 2864
 2866
 2866
 2866
 2866
 2866
 2864
 2864
 2862
 2862
 2860
 2862
 2874
 2890
 2896
 2902
 2906
 2906
 2906
 2908
 2912
 2914
 2916
 2914
 2914
 2914
 2912
 2908
 2908
 2904
 2900
 2898
 2894
 2890
 2886
 2886
 2900
 2910
 2912
 2910
 2908
 2904
 2904
 2906
 2904
 2904
 2904
 2902
 2900
 2898
 2896
 2894
 2894
 2886
 2880
 2874
 2868
 2862
 2856
 2858
 2868
 2876
 2882
 2884
 2880
 2880
 2880
 2886
 2884
 2882
 2878
 2874
 2868
 2860
 2850
 2842
 2836
 2834
 2832
 2832
 2828
 2824
 2824
 2834
 2846
 2852
 2856
 2854
 2852
 2848
 2844
 2840
 2834
 2828
 2818
 2808
 2800
 2792
 2784
 2778
 2770
 2766
 2760
 2758
 2754
 2748
 2748
 2758
 2772
 2778
 2784
 2782
 2782
 2784
 2786
 2790
 2790
 2792
 2792
 2790
 2792
 2790
 2788
 2786
 2780
 2774
 2766
 2754
 2742
 2734
 2740
 2740
 2738
 2738
 2734
 2730
 2730
 2734
 2738
 2744
 2744
 2744
 2744
 2744
 2744
 2744
 2742
 2738
 2732
 2726
 2722
 2724
 2736
 2752
 2762
 2768
 2772
 2774
 2776
 2782
 2790
 2794
 2796
 2798
 2800
 2800
 2802
 2800
 2796
 2792
 2786
 2780
 2772
 2772
 2782
 2800
 2808
 2816
 2820
 2822
 2826
 2832
 2838
 2842
 2846
 2848
 2848
 2850
 2846
 2844
 2840
 2836
 2830
 2822
 2816
 2808
 2810
 2822
 2830
 2830
 2828
 2824
 2822
 2828
 2844
 2862
 2876
 2882
 2876
 2858
 2826
 2782
 2730
 2670
 2610
 2548
 2482
 2420
 2372
 2336
 2316
 2300
 2296
 2298
 2304
 2320
 2340
 2370
 2392
 2418
 2442
 2466
 2488
 2512
 2536
 2558
 2576
 2590
 2606
 2620
 2640
 2668
 2692
 2708
 2724
 2732
 2740
 2746
 2754
 2760
 2768
 2774
 2778
 2778
 2784
 2788
 2792
 2796
 2796
 2796
 2792
 2790
 2798
 2802
 2804
 2808
 2808
 2808
 2810
 2816
 2816
 2816
 2814
 2810
 2804
 2800
 2794
 2788
 2786
 2776
 2770
 2766
 2774
 2796
 2810
 2826
 2840
 2852
 2864
 2878
 2894
 2906
 2918
 2922
 2924
 2928
 2930
 2932
 2932
 2928
 2924
 2922
 2924
 2942
 2956
 2962
 2970
 2972
 2972
 2970
 2976
 2980
 2986
 2988
 2990
 2994
 2996
 2996
 2996
 2996
 2994
 2990
 2984
 2976
 2976
 2990
 2998
 3002
 3000
 2994
 2986
 2980
 2978
 2966
 2950
 2932
 2914
 2896
 2876
 2852
 2824
 2796
 2766
 2736
 2708
 2678
 2648
 2614
 2586
 2566
 2554
 2530
 2508
 2480
 2450
 2422
 2398
 2380
 2366
 2356
 2350
 2348
 2352
 2360
 2368
 2382
 2398
 2412
 2430
 2444
 2458
 2472
 2486
 2506
 2536
 2562
 2586
 2604
 2618
 2634
 2650
 2672
 2688
 2704
 2716
 2728
 2738
 2748
 2758
 2768
 2774
 2782
 2786
 2792
 2798
 2802
 2804
 2812
 2828
 2854
 2870
 2886
 2896
 2902
 2908
 2918
 2932
 2942
 2952
 2956
 2960
 2964
 2966
 2964
 2960
 2954
 2946
 2934
 2916
 2894
 2868
 2842
 2816
 2794
 2760
 2710
 2652
 2580
 2502
 2424
 2342
 2254
 2160
 2064
 1966
 1868
 1770
 1668
