10
104
149
198
283
324
439
515
600
691
780
861
938
1017
1103
1200
1303
1406
1448
1504
1602
1692
1784
1878
1974
2074
2180
2278
2375
2472
2565
2656
2746
2835
2929
3035
3137
3234
3327
3414
3504
3597
3691
3786
3876
3962
4053
4146
4184
4235
4324
4416
4456
4504
4594
4686
4775
4866
4960
5000
5051
5145
5187
5238
5279
5328
5421
5462
5513
5603
5701
5799
5900
5940
5997
6094
6185
6278
6378
6477
6574
6673
6773
6872
6970
7010
7063
7159
7255
7348
7451
7552
7657
7756
7855
7948
8041
8136
8233
8328
8418
8502
8586
8672
8769
8868
8960
9046
9126
9205
9289
9368
9446
9529
9615
9701
9789
9871
9952
10033
10111
10186
10260
10338
10423
10511
10602
10700
10739
10793
10881
10923
10967
11005
11049
11130
11214
11299
11357
11485
11582
11622
11685
11725
11781
11867
11907
11956
11995
12039
12121
12206
12292
12379
12473
12566
12652
12735
12814
12891
12968
13007
13046
13125
13211
13296
13379
13463
13545
13624
13703
13785
13826
13865
13944
14027
14067
14107
14188
14273
14359
14445
14535
14624
14711
14795
14877
14955
15035
15118
15205
15295
15389
15481
15574
15663
15747
15829
15913
16000
16089
16186
16277
16362
16444
16523
16599
16673
16747
16823
16904
16992
17082
17172
17258
17343
17385
17425
17504
17583
17625
17660
17701
17737
17815
17896
17934
17973
18050
18130
18210
18289
18372
18460
18497
18545
18632
18720
18808
18901
18942
18992
19079
19167
19252
19292
19334
19413
19490
19566
19650
19734
19821
19908
19994
20080
20166
20249
20336
20425
20513
20606
20646
20698
20787
20877
20917
20964
21052
21145
21238
21337
21382
21439
21530
21620
21703
21799
21892
21955
22021
22082
22161
22257
22297
22338
22420
22503
22585
22672
22762
22850
22937
22980
23022
23063
23102
23146
23184
23224
23268
23308
23350
23432
23515
23599
23686
23771
23852
23932
24018
24102
24189
24282
24320
24374
24465
24505
24553
24637
24723
24808
24894
24989
25086
25182
25280
25369
25459
25545
25630
25720
25809
25899
25992
26085
26183
26277
26375
26466
26551
26633
26715
26799
26891
26982
27078
27174
27264
27356
27396
27445
27537
27633
27674
27727
27825
27923
28021
28115
28215
28313
28409
28507
28549
28602
28696
28790
28830
28876
28961
29043
29120
29158
29198
29275
29355
29434
29512
29597
29678
29759
29842
29924
30007
30092
30175
30260
30345
30432
30529
30626
30721
30815
30903
30987
31073
31159
31241
31327
31412
31496
31584
31671
31754
31834
31912
31990
32066
32140
32211
32284
32361
32442
32521
32599
32681
32767
32859
32950
33041
33135
33229
33326
33430
33522
33610
33693
33774
33857
33944
34028
34114
34201
34287
34369
34448
34525
34600
34674
34750
34831
34914
35009
35104
35194
35284
35323
35366
35445
35526
35610
35693
