66
152
236
323
416
511
603
694
790
890
991
1088
1182
1276
1372
1467
1559
1657
1757
1851
1950
2052
2152
2243
2336
2431
2526
2616
2706
2796
2891
2988
3077
3157
3236
3320
3413
3504
3589
3671
3758
3850
3945
4040
4134
4226
4319
4410
4504
4601
4700
4800
4900
4997
5086
5175
5267
5359
5447
5541
5637
5736
5830
5926
6019
6114
6206
6292
6379
6471
6563
6654
6743
6835
6928
7016
7105
7195
7285
7371
7457
7546
7637
7726
7818
7914
8009
8098
8187
8276
8362
8443
8526
8616
8711
8804
8902
9001
9099
9189
9278
9365
9450
9538
9627
9725
9825
9920
10016
10113
10207
10296
10382
10469
10553
10637
10728
10822
10915
11009
11104
11199
11284
11371
11458
11554
11643
11732
11822
11913
11999
12088
12180
12275
12364
12451
12537
12624
12710
12798
12891
12990
13088
13178
13271
13359
13445
13524
13604
13690
13783
13877
13972
14072
14171
14261
14349
14437
14524
14608
14693
14784
14880
14972
15067
15161
15254
15342
15429
15515
15596
15678
15765
15862
15957
16057
16157
16257
16350
16441
16532
16619
16701
16784
16871
16964
17060
17154
17249
17347
17438
17529
17620
17714
17806
17894
17986
18082
18174
18263
18355
18447
18533
18618
18706
18799
18887
18977
19069
19166
19258
19351
19444
19536
19623
19716
19814
19914
20013
20105
20197
20288
20380
20465
20551
20637
20726
20813
20901
20992
21086
21174
21263
21351
21436
21517
21601
21692
21782
21878
21977
22075
22172
22271
22367
22458
22546
22632
22718
22803
22885
22973
23068
23165
23257
23346
23434
23522
23608
23697
23792
23890
23984
24077
24168
24256
24340
24424
24511
24605
24694
24787
24881
24971
25060
25148
25237
25319
25406
25495
25582
25668
25759
25854
25942
26029
26116
26205
26288
26370
26456
26545
26631
26716
26804
26896
26984
27073
27162
27252
27337
27421
27507
27592
27679
27767
27857
27944
28028
28121
28218
28311
28404
28498
28586
28672
28758
28841
28923
29008
29098
29187
29278
29374
29467
29561
29654
29747
29833
29920
30002
30087
30175
30271
30366
30458
30552
30647
30741
30832
30924
31017
31111
31202
31295
31388
31480
31570
31663
31758
31853
31942
32034
32127
32216
32302
32391
32483
32573
32662
32754
32847
32934
33024
33116
33207
33292
33381
33471
33561
33649
33740
33834
33927
34016
34105
34197
34292
34382
34477
34575
34671
34761
34851
34939
35028
35117
35206
35303
35406
35508
35605
