23
58
133
206
287
329
379
465
559
656
748
838
928
967
1013
1095
1183
1272
1358
1440
1528
1620
1706
1785
1868
1952
2035
2120
2212
2298
2382
2467
2548
2628
2714
2798
2881
2970
3059
3143
3227
3312
3396
3482
3569
3654
3741
3830
3918
4009
4098
4186
4275
4363
4455
4555
4652
4747
4840
4932
5034
5136
5242
5345
5441
5538
5628
5717
5812
5906
6007
6108
6210
6311
6410
6510
6609
6707
6804
6908
7008
7104
7206
7303
7404
7502
7600
7702
7798
7898
7997
8089
8185
8281
8377
8482
8585
8690
8799
8900
9003
9105
9202
9300
9401
9502
9600
9706
9810
9907
10008
10106
10199
10291
10376
10452
10527
10602
10674
10748
10831
10921
11017
11110
11206
11299
11387
11472
11550
11632
11715
11800
11884
11977
12067
12155
12248
12287
12341
12430
12520
12613
12708
12804
12901
12993
13086
13180
13273
13377
13479
13585
13685
13779
13876
13971
14060
14162
14271
14372
14479
14580
14683
14781
14877
14977
15080
15179
15278
15381
15482
15584
15691
15795
15899
16008
16112
16212
16316
16418
16516
16615
16714
16816
16918
17017
17116
17218
17316
17410
17506
17597
17680
17759
17842
17925
18007
18094
18186
18274
18357
18442
18523
18601
18676
18750
18822
18895
18965
19038
19115
19196
19275
19361
19448
19487
19529
19608
19682
19760
19838
19916
20003
20091
20176
20263
20348
20429
20508
20587
20667
20746
20832
20915
20996
21082
21168
21251
21330
21410
21487
21563
21639
21717
21796
21872
21951
22031
22112
22191
22272
22351
22427
22506
22587
22668
22754
22842
22932
23028
23119
23207
23298
23385
23469
23556
23647
23738
23836
23936
24027
24117
24198
24282
24376
24471
24568
24672
24771
24867
24963
25055
25143
25227
25311
25402
25493
25588
25685
25779
25871
25962
26052
26147
26246
26345
26445
26546
26647
26743
26844
26946
27045
27145
27243
27337
27437
27536
27634
27737
27841
27939
28031
28130
28227
28328
28441
28546
28644
28744
28839
28928
29017
29107
29188
29273
29354
29430
29511
29588
29667
29751
29835
29917
29998
30080
30162
30240
30318
30399
30479
30559
30648
30736
30823
30911
30995
31075
31150
31226
31298
31373
31456
31543
31638
31678
31728
31810
31896
31936
31979
32062
32145
32232
32316
32402
32493
32581
32664
32752
32836
