37
125
212
296
378
460
544
629
716
797
873
952
1038
1130
1224
1311
1403
1497
1594
1686
1772
1858
1943
2029
2114
2204
2300
2403
2507
2603
2702
2803
2903
3000
3088
3172
3257
3346
3435
3525
3623
3724
3820
3919
4019
4117
4206
4296
4387
4478
4565
4652
4743
4838
4930
5023
5116
5211
5300
5387
5475
5565
5652
5735
5822
5913
6010
6102
6195
6290
6386
6473
6560
6649
6737
6821
6910
7007
7103
7194
7286
7382
7474
7561
7649
7738
7829
7914
8001
8091
8182
8269
8357
8447
8540
8628
8717
8807
8898
8983
9071
9160
9252
9339
9429
9521
9614
9703
9789
9874
9965
10054
10141
10227
10320
10409
10497
10585
10671
10755
10839
10928
11019
11106
11195
11290
11386
11479
11565
11647
11729
11812
11892
11976
12071
12171
12266
12362
12458
12547
12635
12721
12807
12896
12985
13079
13178
13278
13369
13459
13548
13634
13715
13797
13882
13975
14067
14163
14262
14358
14452
14547
14643
14731
14815
14898
14989
15077
15164
15253
15349
15443
15539
15636
15734
15822
15904
15984
16067
16150
16236
16327
16422
16521
16615
16700
16779
16853
16923
16991
17063
17138
17226
17321
17423
17517
17607
17696
17786
17873
17952
18035
18122
18218
18310
18401
18491
18587
18685
18776
18868
18963
19061
19149
19236
19323
19407
19486
19560
19637
19714
19787
19867
19948
20022
20096
20180
20277
20377
20476
20566
20656
20744
20833
20919
21004
21090
21179
21273
21367
21464
21559
21654
21746
21838
21929
22019
22111
22203
22298
22394
22491
22580
22670
22762
22854
22938
23019
23104
23195
23285
23375
23467
23561
23653
23738
23824
23912
24005
24100
24188
24278
24371
24463
24554
24643
24730
24819
24902
24989
25079
25168
25256
25347
25443
25536
25626
25715
25803
25888
25971
26058
26147
26233
26322
26407
26487
26562
26638
26714
26792
26868
26940
27015
27093
27178
27270
27367
27463
27546
27624
27697
27771
27846
27928
28018
28118
28220
28313
28407
28503
28593
28682
28771
28858
28941
29023
29110
29202
29295
29393
29490
29584
29676
29770
29860
29945
30029
30106
30176
30245
30314
30388
30474
30575
30680
30782
30875
30969
31063
31155
31243
31327
31411
31497
31589
31676
31769
31863
31955
32045
32134
32225
32310
32393
32478
32575
32677
32775
32875
32975
33067
33159
33253
33345
33429
33510
33595
33691
33786
33882
33979
34069
34153
34237
34326
34410
34495
34584
34675
34765
34851
34938
35029
35122
35216
35304
35389
35475
35567
