89
189
292
388
489
589
686
790
894
992
1095
1195
1287
1372
1463
1563
1662
1766
1861
1954
2051
2146
2239
2338
2431
2521
2621
2722
2815
2909
3005
3100
3192
3281
3372
3470
3566
3664
3767
3861
3958
4059
4156
4257
4360
4458
4562
4666
4763
4865
4968
5062
5165
5270
5368
5469
5573
5669
5770
5872
5969
6071
6172
6267
6370
6473
6567
6667
6770
6868
6967
7068
7167
7262
7361
7462
7556
7657
7757
7854
7953
8055
8154
8248
8347
8449
8546
8641
8743
8844
8938
9040
9140
9235
9335
9440
9536
9635
9738
9839
9935
10037
10138
10232
10333
10435
10529
10630
10734
10831
10927
11028
11126
11222
11326
11426
11522
11623
11725
11822
11922
12026
12130
12226
12328
12434
12534
12635
12738
12836
12941
13048
13151
13253
13360
13466
13562
13666
13771
13868
13970
14073
14169
14273
14379
14481
14586
14695
14794
14901
15010
15111
15215
15319
15415
15517
15620
15719
15822
15925
16021
16124
16228
16325
16429
16534
16631
16735
16846
16950
17051
17157
17260
17359
17462
17563
17658
17760
17863
17959
18062
18166
18263
18365
18467
18566
18664
18765
18857
18941
19025
19110
19226
19330
19425
19527
19630
19722
19822
19923
20018
20116
20217
20312
20409
20513
20618
20715
20819
20921
21018
21120
21219
21316
21416
21517
21613
21714
21813
21909
22011
22114
22211
22313
22415
22510
22612
22716
22812
22911
23013
23112
23207
23311
23413
23509
23613
23719
23823
23922
24011
24121
24214
24311
24415
24513
24619
24730
24833
24925
25031
25140
25240
25343
25451
25551
25655
25760
25862
25959
26064
26168
26264
26367
26468
26563
26667
26774
26875
26974
27080
27185
27282
27386
27489
27591
27691
27796
27896
27996
28102
28202
28298
28402
28507
28608
28704
28807
28906
29000
29089
29176
29268
29361
29481
29587
29682
29785
29886
29982
30084
30187
30285
30389
30493
30590
30693
30797
30894
30997
31102
31203
31299
31402
31508
31606
31700
31800
31901
31997
32099
32202
32300
32395
32497
32597
32691
32792
32894
32988
33088
33189
33287
33383
33482
33582
33679
33775
33878
33980
34075
34179
34280
34378
34480
34584
34681
34783
34887
34986
35084
35188
35289
35385
35490
35593
35689
35791
35893
35991
36095
36199
36295
36397
36500
36595
36699
36802
36897
36998
37100
37194
37298
37401
37498
37602
37706
37804
37908
38010
38105
38207
38309
38406
38509
38612
38708
38811
38915
39013
39114
39216
39312
39415
39518
39616
39719
39826
39924
40029
40132
40230
40335
40438
40539
40642
40740
40841
40943
41039
41139
41240
41336
41437
41540
41638
41743
41845
41942
42041
42135
42224
42311
42423
42524
42621
42723
42820
42918
43021
43121
43217
43319
43422
43518
43620
43723
43819
43922
44027
44124
44228
44331
44427
44529
44634
44736
44832
44934
45033
45131
45235
45337
45434
45537
45641
45741
45847
45958
46062
46165
46276
46381
46482
46586
46687
46784
46887
46993
47094
47203
47311
47413
47521
47628
47729
47835
47936
48034
48136
48235
48337
48442
48546
48655
48766
48867
48973
49078
49178
49282
49385
49484
49590
49692
49791
49894
49996
50094
50199
50304
50400
50503
50609
50707
50811
50913
51010
51114
51220
51317
51422
51535
51638
51746
51854
51955
52062
52169
52267
52370
52472
52570
52675
52778
52874
52978
53082
53179
53277
53370
53453
53543
53632
53746
53856
53954
54063
54171
54263
54369
54473
54566
54671
54779
54876
54981
55088
55189
55286
55395
55511
55608
55708
55808
55906
56007
56118
56223
56332
56443
56553
56653
56765
56878
56984
57097
57213
57320
57429
57543
57649
57750
57862
57970
58079
58200
58311
58417
58528
58634
58737
58847
58952
59054
59166
59275
59376
59482
59589
59685
59791
59896
59992
60094
60200
60301
60403
60505
60603
60708
60818
60920
61023
61134
61238
61340
61448
61548
61652
61762
61861
61952
62054
62157
62254
62357
62464
62565
62674
62781
62876
62978
63082
63177
63282
63395
63496
63605
63709
63805
63912
64018
64121
64230
64335
64432
64538
64642
64741
64847
64942
65034
65136
65241
65342
65448
65551
65651
65758
65853
65940
66028
66113
66213
66319
66413
66516
66626
66727
66826
66931
67030
67129
67233
67329
67430
67538
67638
67734
67832
67929
68023
68131
68237
68333
68439
68549
68648
68751
68856
68952
69056
69162
69263
69363
69469
69578
69671
69772
69874
69970
70072
70179
70282
70378
70480
70585
70679
70778
70881
70973
71073
71175
71270
71371
71476
71572
71669
71772
71881
71980
72087
72195
72292
72395
72505
72601
72702
72807
72906
73007
73114
73218
73318
73424
73524
73616
73719
73817
73910
74013
74111
74214
74318
74418
74510
74612
74713
74814
74906
74992
75082
75169
75268
75378
75476
75583
75688
75788
75890
75991
76084
76185
76291
76388
76492
76599
76701
76796
76895
76994
77086
77185
77286
77380
77479
77581
77676
77782
77888
77982
78083
78190
78287
78385
78490
78591
78689
78794
78899
78990
79092
79195
79290
79389
79489
79583
79685
79790
79893
79997
80098
80194
80297
80402
80506
80613
80712
80816
80914
81006
81109
81214
81309
81411
81515
81613
