33
74
117
158
199
285
375
465
556
650
692
743
836
877
928
1018
1110
1151
1202
1292
1384
1476
1566
1653
1733
1814
1901
1990
2091
2191
2288
2385
2476
2518
2564
2654
2694
2745
2848
2890
2951
2991
3048
3148
3189
3243
3336
3431
3472
3522
3613
3705
3747
3794
3879
3959
4036
4111
4188
4268
4352
4392
4436
4526
4567
4618
4659
4703
4786
4826
4865
4941
5020
5096
5172
5246
5319
5389
5427
5461
5530
5603
5640
5690
5728
5777
5817
5860
5901
5937
5978
6015
6054
6094
6133
6174
6213
6255
6294
6338
6422
6510
6598
6687
6773
6859
6900
6943
7026
7111
7152
7192
7272
7352
7429
7508
7586
7663
7740
7816
7892
7971
8051
8133
8173
8215
8293
8374
8412
8453
8530
8605
8677
8749
8819
8888
8957
8996
9035
9074
9120
9157
9203
9242
9283
9323
9361
9401
9436
9510
9587
9668
9768
9874
9977
10084
10186
10283
10380
10472
10563
10655
10744
10839
10937
11036
11136
11229
11319
11405
11492
11580
11668
11762
11857
11947
12039
12124
12204
12281
12356
12438
12525
12615
12715
12812
12904
12995
13037
13082
13166
13248
13331
13416
13504
13593
13688
13729
13779
13869
13959
14000
14045
14132
14219
14307
14405
14501
14594
14687
14728
14776
14864
14951
15034
15119
15203
15287
15371
15455
15537
15618
15699
15784
15872
15961
16048
16135
16175
16219
16301
16385
16469
16553
16649
16745
16844
16942
17030
17114
17200
17288
17376
17461
17547
17630
17708
17785
17864
17944
18030
18070
18114
18155
18196
18279
18319
18361
18400
18444
18527
18614
18653
18698
18782
18869
18908
18951
19032
19115
19157
19194
19273
19355
19435
19475
19515
19593
19671
19747
19789
19826
19866
19907
19989
20030
20070
20110
20147
20227
20308
20346
20390
20477
20581
20677
20772
20813
20868
20957
21046
21136
21232
21338
21439
21536
21630
21724
21814
21903
22000
22094
22193
22289
22382
22476
22564
22648
22736
22825
22915
23004
23092
23176
23255
23332
23372
23409
23487
23567
23607
23647
23687
23726
23809
23892
23934
23976
24013
24056
24137
24221
24259
24306
24400
24501
24539
24597
24695
24736
24792
24885
24974
25059
25151
25266
25369
25471
25571
25669
25767
25864
25961
26052
26139
26223
26304
26387
26473
26560
26649
26742
26833
26928
26970
27025
27065
27113
27198
27283
27370
27467
27573
27678
27786
27885
27984
28081
28176
28274
28366
28456
28551
28646
28741
28841
28935
29030
29123
29215
29308
29349
29396
29480
29562
29643
29731
29822
29911
30005
30098
30137
30185
30273
30359
30443
30529
30623
30719
30825
30929
31025
31120
31211
31298
31385
31484
31582
31685
31792
31888
31977
32058
32145
32232
32322
32420
32461
32517
32554
32605
32694
32734
32777
32858
32941
32982
33023
33106
33191
33232
33277
33360
33441
33518
33592
33667
33705
33745
33825
33916
33955
34010
34049
34100
34142
34192
34231
34279
34320
34363
34404
34450
34489
34537
34623
34713
34752
34801
34893
34933
34986
35028
35077
35166
35205
35253
35341
35433
35528
35631
35673
35736
