77
159
241
327
411
492
572
655
742
833
917
995
1071
1150
1231
1315
1408
1510
1612
1707
1798
1887
1970
2049
2128
2214
2306
2398
2492
2588
2682
2774
2868
2963
3060
3149
3235
3324
3419
3506
3595
3688
3782
3874
3962
4053
4146
4238
4325
4415
4508
4594
4678
4763
4843
4921
4998
5077
5155
5235
5312
5391
5470
5546
5624
5702
5779
5853
5932
6013
6089
6161
6234
6304
6374
6440
6505
6574
6651
6729
6809
6893
6977
7055
7124
7192
7264
7332
7404
7480
7560
7639
7721
7808
7893
7972
8050
8127
8198
8273
8351
8435
8520
8602
8684
8768
8845
8922
9005
9098
9192
9285
9379
9464
9542
9616
9689
9763
9839
9920
10002
10089
10182
10267
10350
10430
10508
10584
10661
10741
10819
10900
10981
11063
11139
11218
11298
11379
11462
11551
11641
11732
11813
11891
11969
12044
12118
12195
12281
12371
12460
12549
12636
12715
12797
12878
12959
13036
13115
13194
13278
13357
13436
13516
13595
13672
13751
13836
13924
14010
14100
14190
14273
14350
14426
14502
14575
14654
14740
14834
14923
15011
15097
15178
15257
15338
15417
15496
15577
15658
15738
15819
15901
15985
16064
16143
16226
16314
16397
16485
16577
16660
16737
16815
16894
16972
17049
17129
17213
17301
17385
17471
17557
17637
17716
17793
17870
17944
18020
18099
18183
18267
18354
18443
18527
18612
18700
18790
18875
18962
19046
19125
19199
19274
19354
19433
19518
19608
19699
19785
19868
19949
20025
20103
20184
20270
20361
20450
20543
20638
20731
20817
20900
20982
21064
21149
21241
21339
21432
21514
21596
21678
21757
21835
21914
21995
22074
22157
22246
22333
22414
22493
22570
22644
22713
22782
22853
22927
23001
23071
23148
23234
23324
23414
23496
23567
23636
23704
23781
23876
23977
24076
24174
24272
24372
24472
24570
24669
24768
24868
24967
25067
25168
25270
25374
25478
25582
25685
25787
25881
25969
26062
26158
26258
26348
