95
107
165
237
304
369
433
519
523
591
599
654
729
798
860
959
1058
1169
1229
1292
1364
1463
1542
1554
1759
1771
2076
2145
2209
2272
2386
2426
2483
2499
2594
2663
2722
2787
2842
2897
2953
3005
3061
3171
3239
3291
3344
3411
3471
3587
3689
3690
3752
3756
3865
3867
3955
4027
4083
4162
4164
4189
4254
4310
4405
4406
4449
4550
4629
4634
4713
4714
4765
4824
4931
4990
5048
5105
5159
5225
5288
5349
5421
5429
5489
5503
5580
5645
5702
5754
5843
5850
5904
5956
6029
6041
6133
6191
6259
6317
6371
6421
6485
6545
6600
6674
6786
6867
6875
6937
6990
7054
7117
7175
7234
7289
7349
7401
7474
7529
7598
7605
7694
7752
7823
7888
7944
8001
8072
8141
8196
8213
8298
8358
8424
8469
8560
8626
8690
8749
8807
8865
8922
