 2426
 2378
 2330
 2286
 2248
 2210
 2174
 2134
 2096
 2060
 2030
 2002
 1980
 1964
 1954
 1954
 1962
 1974
 1996
 2022
 2052
 2084
 2122
 2160
 2208
 2262
 2314
 2368
 2424
 2478
 2536
 2590
 2638
 2688
 2736
 2794
 2850
 2904
 2948
 2984
 3018
 3052
 3086
 3126
 3164
 3200
 3228
 3244
 3244
 3232
 3206
 3172
 3134
 3090
 3044
 2994
 2940
 2886
 2838
 2786
 2738
 2684
 2626
 2570
 2514
 2462
 2414
 2370
 2326
 2284
 2240
 2200
 2162
 2138
 2120
 2116
 2122
 2134
 2156
 2182
 2210
 2248
 2290
 2338
 2396
 2452
 2502
 2546
 2592
 2638
 2686
 2736
 2788
 2840
 2888
 2938
 2984
 3028
 3070
 3106
 3136
 3168
 3194
 3220
 3242
 3266
 3296
 3332
 3360
 3380
 3392
 3394
 3388
 3372
 3346
 3308
 3264
 3218
 3168
 3116
 3066
 3018
 2970
 2924
 2880
 2838
 2800
 2760
 2722
 2688
 2654
 2624
 2590
 2552
 2514
 2482
 2460
 2452
 2456
 2472
 2494
 2524
 2556
 2594
 2634
 2678
 2722
 2764
 2804
 2840
 2878
 2910
 2942
 2974
 3000
 3032
 3068
 3098
 3130
 3154
 3180
 3208
 3236
 3264
 3282
 3284
 3272
 3248
 3222
 3192
 3156
 3118
 3072
 3024
 2980
 2934
 2880
 2832
 2788
 2738
 2700
 2664
 2620
 2570
 2532
 2506
 2488
 2486
 2490
 2504
 2524
 2548
 2570
 2598
 2636
 2674
 2708
 2742
 2778
 2814
 2848
 2884
 2924
 2968
 3010
 3044
 3074
 3098
 3122
 3148
 3170
 3192
 3212
 3232
 3244
 3252
 3254
 3248
 3224
 3190
 3162
 3122
 3080
 3036
 2986
 2936
 2888
 2844
 2802
 2750
 2702
 2654
 2604
 2552
 2512
 2482
 2448
 2422
 2404
 2394
 2400
 2420
 2444
 2478
 2520
 2552
 2576
 2608
 2646
 2674
 2700
 2728
 2762
 2796
 2828
 2856
 2882
 2910
 2944
 2968
 2992
 3014
 3036
 3050
 3062
 3072
 3076
 3074
 3064
 3044
 3016
 2986
 2952
 2914
 2868
 2824
 2782
 2746
 2706
 2662
 2614
 2562
 2508
 2458
 2410
 2364
 2318
 2270
 2224
 2180
 2142
 2108
 2080
 2054
 2030
 2010
 1992
 1978
 1970
 1974
 1986
 2006
 2034
 2062
 2094
 2122
 2152
 2186
 2218
 2254
 2286
 2318
 2346
 2370
 2390
 2414
 2440
 2466
 2494
 2520
 2548
 2572
 2598
 2622
 2654
 2688
 2716
 2736
 2756
 2778
 2804
 2830
 2858
 2886
 2910
 2926
 2936
 2944
 2948
 2942
 2928
 2908
 2880
 2842
 2796
 2750
 2700
 2652
 2598
 2540
 2478
 2418
 2360
 2304
 2250
 2196
 2142
 2088
 2038
 1990
 1948
 1914
 1882
 1858
 1840
 1826
 1818
 1822
 1832
 1854
 1880
 1906
 1932
 1960
 1992
 2028
 2066
 2106
 2144
 2186
 2226
 2268
 2318
 2368
 2412
 2458
 2500
 2540
 2576
 2614
 2658
 2708
 2754
 2794
 2828
 2860
 2896
 2938
 2980
 3016
 3042
 3062
 3072
 3076
 3070
 3058
 3042
 3016
 2986
 2946
 2894
 2842
 2794
 2744
 2698
 2648
 2594
 2534
 2470
 2412
 2352
 2296
 2240
 2184
 2132
 2084
 2044
 2018
 2006
 2008
 2014
 2024
 2042
 2064
 2086
 2120
 2156
 2196
 2230
 2272
 2316
 2360
 2404
 2446
 2492
 2536
 2580
 2622
 2664
 2706
 2748
 2788
 2818
 2846
 2874
 2908
 2946
 2974
 2986
 2982
 2966
 2952
 2940
 2930
 2922
 2916
 2914
 2906
 2902
 2896
 2892
 2892
 2886
 2880
 2878
 2880
 2894
 2904
 2910
 2914
 2918
 2926
 2940
 2960
 2982
 3002
 3022
 3040
 3058
 3074
 3092
 3108
 3118
 3124
 3124
 3122
 3110
 3082
 3042
 2996
 2946
 2892
 2836
 2782
 2726
 2666
 2604
 2544
 2490
 2440
 2394
 2346
 2296
 2252
 2212
 2180
 2146
 2110
 2072
 2038
 2010
 1988
 1976
 1976
 1982
 1992
 2006
 2024
 2048
 2076
 2104
 2136
 2164
 2188
 2216
 2246
 2286
 2328
 2372
 2410
 2446
 2482
 2518
 2556
 2598
 2640
 2686
 2732
 2776
 2820
 2864
 2906
 2940
 2972
 2992
 3004
 3016
 3014
 3008
 2994
 2982
 2964
 2932
 2896
 2854
 2806
 2760
 2710
 2660
 2610
 2556
 2502
 2444
 2388
 2336
 2288
 2238
 2188
 2142
 2100
 2058
 2016
 1976
 1944
 1916
 1896
 1886
 1882
 1884
 1894
 1912
 1936
 1966
 2000
 2040
 2080
 2122
 2162
 2208
 2256
 2302
 2348
 2390
 2434
 2478
 2520
 2562
 2606
 2658
 2724
 2792
 2846
 2892
 2934
 2968
 3000
 3026
 3048
 3056
 3050
 3026
 2994
 2956
 2914
 2866
 2814
 2756
 2696
 2636
 2570
 2506
 2444
 2382
 2330
 2270
 2210
 2146
 2082
 2022
 1966
 1910
 1856
 1804
 1756
 1710
 1672
 1646
 1632
 1628
 1638
 1654
 1674
 1698
 1732
 1764
 1806
 1850
 1894
 1934
 1974
 2012
 2050
 2082
 2110
 2146
 2184
 2226
 2268
 2310
 2356
 2400
 2442
 2482
 2522
 2558
 2600
 2640
 2692
 2746
 2792
 2830
 2864
 2898
 2928
 2956
 2974
 2984
 2982
 2970
 2948
 2918
 2884
 2840
 2786
 2724
 2656
 2582
 2514
 2452
 2400
 2350
 2294
 2240
 2178
 2118
 2060
 2006
 1952
 1902
 1852
 1800
 1744
 1696
 1652
 1614
 1584
 1566
 1556
 1554
 1562
 1582
 1606
 1642
 1676
 1716
 1752
 1788
 1830
 1868
 1908
 1948
 1988
 2026
 2064
 2104
 2150
 2194
 2240
 2284
 2332
 2380
 2422
 2464
 2506
 2556
 2612
 2668
 2714
 2758
 2794
 2830
 2860
 2886
 2908
 2912
 2906
 2890
 2868
 2842
 2808
 2766
 2724
 2680
 2636
 2594
 2552
 2508
 2462
 2420
 2376
 2338
 2302
 2262
 2224
 2186
 2158
 2142
 2136
 2142
 2154
 2172
 2192
 2216
 2244
 2278
 2316
 2356
 2396
 2434
 2478
 2524
 2568
 2612
 2664
 2720
 2786
 2850
 2904
 2950
 2990
 3022
 3052
 3074
 3084
 3078
 3058
 3026
 2986
 2940
 2888
 2828
 2766
 2702
 2642
 2582
 2524
 2466
 2410
 2358
 2312
 2270
 2224
 2176
 2122
 2066
 2008
 1950
 1898
 1852
 1812
 1782
 1768
 1764
 1772
 1788
 1814
 1848
 1888
 1926
 1968
 2016
 2064
 2114
 2172
 2230
 2286
 2342
 2396
 2454
 2512
 2564
 2610
 2654
 2696
 2740
 2784
 2828
 2872
 2902
 2910
 2896
 2870
 2838
 2802
 2758
 2712
 2662
 2608
 2552
 2490
 2424
 2360
 2294
 2228
 2166
 2102
 2040
 1982
 1928
 1884
 1848
 1826
 1816
 1820
 1830
 1854
 1886
 1930
 1988
 2046
 2102
 2154
 2206
 2258
 2306
 2360
 2416
 2472
 2530
 2586
 2638
 2688
 2736
 2782
 2830
 2878
 2918
 2956
 2992
 3020
 3042
 3042
 3022
 2988
 2942
 2888
 2828
 2766
 2704
 2638
 2570
 2502
 2434
 2368
 2304
 2240
 2178
 2116
 2052
 1988
 1930
 1878
 1832
 1788
 1748
 1714
 1692
 1682
 1686
 1704
 1732
 1762
 1798
 1836
 1876
 1922
 1974
 2026
 2078
 2134
 2188
 2238
 2292
 2344
 2408
 2474
 2532
 2584
 2632
 2678
 2726
 2772
 2818
 2866
 2900
 2928
 2946
 2954
 2948
 2932
 2906
 2874
 2832
 2780
 2726
 2668
 2614
 2560
 2498
 2440
 2380
 2322
 2266
 2210
 2152
 2096
 2034
 1974
 1914
 1858
 1808
 1764
 1720
 1680
 1638
 1608
 1588
 1580
 1582
 1594
 1614
 1636
 1662
 1696
 1732
 1770
 1812
 1854
 1896
 1938
 1986
 2038
 2092
 2146
 2202
 2262
 2320
 2382
 2448
 2530
 2610
 2682
 2746
 2802
 2858
 2916
 2976
 3030
 3072
 3096
 3098
 3086
 3056
 3016
 2960
 2902
 2838
 2770
 2698
 2628
 2562
 2500
 2446
 2392
 2338
 2280
 2220
 2160
 2106
 2054
 2004
 1956
 1906
 1862
 1828
 1806
 1800
 1808
 1824
 1848
 1880
 1918
 1962
 2008
 2068
 2128
 2188
 2240
 2292
 2354
 2414
 2476
 2536
 2596
 2654
 2712
 2762
 2814
 2866
 2912
 2954
 2994
 3026
 3058
 3084
 3102
 3114
 3104
 3076
 3038
 2988
 2934
 2872
 2814
 2748
 2680
 2612
 2544
 2482
 2426
 2374
 2328
 2282
 2236
 2190
 2152
 2128
 2120
 2114
 2116
 2128
 2148
 2172
 2202
 2244
 2290
 2340
 2392
 2446
 2508
 2568
 2624
 2668
 2716
 2766
 2812
 2856
 2898
 2942
 2994
 3050
 3102
 3150
 3190
 3216
 3224
 3214
 3192
 3158
 3108
 3044
 2974
 2900
 2828
 2750
 2674
 2598
 2520
 2440
 2368
 2300
 2240
 2178
 2120
 2060
 2002
 1954
 1924
 1906
 1904
 1910
 1922
 1942
 1966
 1998
 2034
 2072
 2116
 2158
 2202
 2254
 2302
 2358
 2414
 2464
 2506
 2538
 2566
 2594
 2620
 2652
 2684
 2716
 2746
 2774
 2806
 2844
 2880
 2920
 2952
 2978
 3004
 3028
 3054
 3070
 3062
 3044
 3012
 2976
 2934
 2886
 2836
 2780
 2724
 2664
 2604
 2546
 2494
 2442
 2390
 2332
 2276
 2226
 2178
 2140
 2100
 2058
 2010
 1964
 1924
 1894
 1874
 1866
 1866
 1876
 1888
 1910
 1940
 1974
 2016
 2064
 2112
 2160
 2210
 2264
 2328
 2388
 2440
 2484
 2528
 2574
 2618
 2664
 2708
 2752
 2794
 2836
 2874
 2914
 2954
 2994
 3032
 3066
 3090
 3102
 3100
 3086
 3064
 3030
 2980
 2924
 2866
 2806
 2744
 2682
 2620
 2556
 2490
 2424
 2362
 2304
 2248
 2196
 2146
 2096
 2046
 1998
 1960
 1926
 1904
 1888
 1882
 1886
 1898
 1920
 1950
 1986
 2024
 2064
 2108
 2154
 2200
 2250
 2304
 2358
 2408
 2458
 2508
 2556
 2608
 2666
 2734
 2810
 2876
 2932
 2982
 3030
 3072
 3112
 3140
 3148
 3138
 3112
 3074
 3026
 2968
 2910
 2852
 2792
 2728
 2656
 2592
 2530
 2476
 2426
 2374
 2320
 2264
 2210
 2162
 2118
 2076
 2038
 2000
 1964
 1932
 1914
 1908
 1916
 1934
 1956
 1980
 2002
 2032
 2076
 2136
 2198
 2258
 2312
 2360
 2404
 2448
 2488
 2530
 2572
 2616
 2656
 2696
 2736
 2784
 2830
 2876
 2920
 2958
 2990
 3018
 3036
 3050
 3046
 3018
 2980
 2930
 2876
 2816
 2754
 2694
 2634
 2572
 2512
 2450
 2394
 2340
 2290
 2242
 2196
 2146
 2102
 2062
 2026
 1994
 1962
 1934
 1912
 1904
 1906
 1920
 1940
 1966
 1994
 2024
 2056
 2092
 2132
 2176
 2224
 2266
 2306
 2348
 2388
 2434
 2472
 2508
 2544
 2584
 2632
 2684
 2738
 2792
 2840
 2880
 2920
 2956
 2992
 3022
 3046
 3060
 3058
 3040
 3012
 2978
 2946
 2900
 2846
 2786
 2726
 2666
 2606
 2550
 2498
 2444
 2390
 2336
 2278
 2226
 2182
 2144
 2116
 2100
 2098
 2114
 2142
 2184
 2228
 2266
 2300
 2338
 2378
 2420
 2462
 2508
 2550
 2590
 2628
 2664
 2704
 2746
 2794
 2840
 2880
 2914
 2948
 2990
 3040
 3090
 3130
 3166
 3198
 3224
 3242
 3248
 3238
 3216
 3182
 3138
 3082
 3020
 2962
 2898
 2832
 2764
 2692
 2628
 2568
 2514
 2458
 2402
 2338
 2276
 2218
 2162
 2112
 2066
 2020
 1974
 1930
 1890
 1860
 1846
 1846
 1854
 1868
 1886
 1914
 1948
 1988
 2030
 2076
 2122
 2166
 2218
 2274
 2326
 2376
 2426
 2480
 2534
 2586
 2640
 2696
 2754
 2808
 2856
 2902
 2948
 3000
 3056
 3108
 3150
 3174
 3180
 3174
 3152
 3116
 3074
 3020
 2964
 2900
 2836
 2774
 2714
 2654
 2596
 2538
 2478
 2418
 2366
 2312
 2266
 2224
 2178
 2132
 2086
 2046
 2014
 1994
 1988
 1992
 2004
 2020
 2052
 2098
 2154
 2206
 2256
 2310
 2368
 2418
 2464
 2512
 2582
 2646
 2706
 2760
 2806
 2848
 2892
 2940
 2986
 3024
 3056
 3090
 3118
 3132
 3132
 3112
 3070
 3016
 2950
 2874
 2798
 2724
 2660
 2594
 2530
 2470
 2412
 2372
 2344
 2328
 2318
 2310
 2300
 2292
 2288
 2292
 2302
 2312
 2320
 2324
 2332
 2340
 2352
 2358
 2360
 2356
 2344
 2338
 2336
 2344
 2358
 2372
 2392
 2416
 2440
 2474
 2516
 2564
 2614
 2670
 2732
 2804
 2876
 2930
 2972
 3008
 3044
 3076
 3112
 3152
 3182
 3200
 3206
 3198
 3180
 3158
 3120
 3072
 3020
 2966
 2916
 2856
 2784
 2712
 2638
 2570
 2506
 2446
 2386
 2328
 2272
 2214
 2156
 2104
 2054
 1996
 1942
 1886
 1834
 1796
 1762
 1738
 1722
 1714
 1718
 1734
 1758
 1786
 1822
 1856
 1896
 1940
 1988
 2042
 2096
 2150
 2208
 2272
 2350
 2428
 2500
 2574
 2636
 2694
 2746
 2798
 2850
 2898
 2948
 2994
 3040
 3086
 3130
 3170
 3206
 3232
 3246
 3258
 3264
 3264
 3248
 3210
 3164
 3108
 3046
 2984
 2920
 2856
 2788
 2722
 2656
 2588
 2526
 2464
 2406
 2348
 2290
 2226
 2166
 2112
 2064
 2020
 1978
 1934
 1894
 1862
 1842
 1838
 1848
 1860
 1884
 1908
 1932
 1960
 1994
 2030
 2072
 2116
 2160
 2202
 2252
 2302
 2364
 2424
 2480
 2530
 2578
 2626
 2676
 2730
 2786
 2842
 2898
 2950
 3000
 3044
 3084
 3124
 3162
 3194
 3220
 3228
 3218
 3196
 3166
 3128
 3072
 3008
 2942
 2872
 2804
 2736
 2668
 2602
 2536
 2470
 2402
 2340
 2282
 2228
 2176
 2128
 2078
 2032
 1992
 1964
 1958
 1964
 1980
 2004
 2036
 2076
 2124
 2184
 2248
 2320
 2388
 2448
 2494
 2538
 2598
 2660
 2728
 2798
 2860
 2920
 2974
 3028
 3090
 3144
 3186
 3222
 3246
 3252
 3238
 3204
 3154
 3094
 3028
 2956
 2882
 2808
 2736
 2668
 2602
 2540
 2480
 2418
 2358
 2304
 2256
 2202
 2136
 2072
 2020
 1978
 1950
 1942
 1942
 1958
 1982
 2012
 2046
 2086
 2132
 2190
 2254
 2324
 2390
 2448
 2502
 2554
 2620
 2688
 2758
 2830
 2904
 2974
 3036
 3096
 3150
 3192
 3228
 3246
 3244
 3220
 3180
 3126
 3058
 2982
 2896
 2810
 2728
 2648
 2576
 2502
 2428
 2352
 2278
 2204
 2138
 2072
 2008
 1950
 1898
 1856
 1836
 1834
 1844
 1866
 1896
 1930
 1970
 2014
 2066
 2128
 2192
 2254
 2316
 2378
 2442
 2508
 2576
 2644
 2714
 2782
 2852
 2920
 2990
 3060
 3124
 3182
 3230
 3268
 3292
 3296
 3286
 3262
 3218
 3156
 3086
 3012
 2938
 2862
 2786
 2710
 2630
 2552
 2474
 2402
 2334
 2274
 2216
 2160
 2108
 2054
 2006
 1968
 1940
 1928
 1926
 1932
 1946
 1968
 2002
 2044
 2088
 2134
 2182
 2234
 2290
 2346
 2406
 2468
 2530
 2592
 2654
 2710
 2764
 2820
 2878
 2946
 3010
 3064
 3110
 3148
 3186
 3228
 3268
 3306
 3324
 3322
 3306
 3276
 3234
 3182
 3124
 3062
 3000
 2936
 2866
 2796
 2726
 2660
 2602
 2542
 2478
 2414
 2348
 2286
 2226
 2170
 2118
 2066
 2018
 1976
 1942
 1926
 1922
 1932
 1952
 1984
 2024
 2072
 2118
 2164
 2224
 2290
 2362
 2430
 2492
 2554
 2616
 2682
 2746
 2812
 2878
 2938
 2998
 3056
 3108
 3158
 3206
 3246
 3276
 3292
 3292
 3282
 3260
 3224
 3166
 3100
 3028
 2956
 2884
 2814
 2744
 2672
 2600
 2530
 2464
 2402
 2344
 2290
 2234
 2182
 2126
 2074
 2026
 1984
 1954
 1936
 1924
 1920
 1924
 1942
 1968
 2002
 2042
 2086
 2138
 2192
 2250
 2308
 2374
 2446
 2522
 2594
 2658
 2720
 2780
 2844
 2912
 2970
 3016
 3060
 3096
 3132
 3170
 3208
 3240
 3266
 3280
 3276
 3256
 3222
 3172
 3118
 3054
 2988
 2916
 2840
 2770
 2698
 2636
 2576
 2514
 2452
 2388
 2332
 2284
 2240
 2208
 2188
 2180
 2182
 2198
 2228
 2270
 2322
 2376
 2436
 2494
 2552
 2612
 2680
 2758
 2832
 2896
 2956
 3008
 3058
 3108
 3158
 3206
 3252
 3290
 3324
 3352
 3376
 3380
 3366
 3338
 3298
 3248
 3186
 3126
 3066
 3010
 2948
 2878
 2808
 2738
 2672
 2610
 2550
 2494
 2436
 2378
 2320
 2266
 2216
 2174
 2140
 2118
 2106
 2104
 2116
 2140
 2176
 2228
 2284
 2340
 2392
 2442
 2496
 2552
 2608
 2666
 2722
 2778
 2832
 2886
 2940
 2996
 3048
 3094
 3136
 3174
 3208
 3240
 3280
 3328
 3372
 3406
 3434
 3448
 3448
 3426
 3390
 3344
 3284
 3220
 3150
 3080
 3008
 2934
 2860
 2790
 2724
 2658
 2592
 2534
 2478
 2432
 2382
 2332
 2280
 2232
 2190
 2158
 2136
 2122
 2120
 2126
 2138
 2160
 2190
 2228
 2274
 2326
 2376
 2426
 2478
 2532
 2594
 2668
 2732
 2790
 2842
 2892
 2944
 2994
 3044
 3098
 3144
 3180
 3216
 3248
 3268
 3268
 3250
 3220
 3176
 3108
 3034
 2974
 2912
 2850
 2780
 2704
 2632
 2562
 2494
 2430
 2372
 2316
 2262
 2208
 2162
 2130
 2114
 2114
 2128
 2156
 2190
 2230
 2276
 2328
 2382
 2450
 2520
 2584
 2644
 2698
 2752
 2802
 2852
 2902
 2954
 3000
 3042
 3082
 3120
 3156
 3182
 3200
 3214
 3212
 3194
 3162
 3120
 3078
 3030
 2968
 2902
 2832
 2758
 2692
 2626
 2564
 2504
 2442
 2378
 2314
 2254
 2196
 2144
 2094
 2046
 2000
 1960
 1934
 1920
 1922
 1932
 1950
 1972
 2000
 2036
 2080
 2128
 2178
 2230
 2282
 2334
 2384
 2438
 2496
 2558
 2622
 2680
 2732
 2784
 2836
 2896
 2946
 2986
 3018
 3048
 3074
 3098
 3124
 3158
 3186
 3212
 3238
 3260
 3284
 3304
 3312
 3306
 3290
 3276
 3268
 3268
 3278
 3282
 3284
 3282
 3274
 3270
 3266
 3264
 3262
 3250
 3236
 3222
 3214
 3214
 3218
 3216
 3214
 3216
 3224
 3238
 3256
 3274
 3288
 3304
 3320
 3334
 3344
 3354
 3364
 3364
 3350
 3326
 3298
 3264
 3210
 3148
 3088
 3030
 2976
 2908
 2836
 2766
 2692
 2622
 2554
 2490
 2430
 2368
 2306
 2242
 2188
 2136
 2096
 2054
 2020
 2000
 1986
 1986
 1992
 2006
 2026
 2050
 2082
 2116
 2158
 2202
 2244
 2286
 2326
 2368
 2416
 2468
 2524
 2578
 2632
 2690
 2748
 2814
 2886
 2946
 2994
 3038
 3078
 3118
 3158
 3200
 3238
 3270
 3298
 3318
 3326
 3328
 3318
 3298
 3266
 3224
 3174
 3128
 3078
 3022
 2966
 2912
 2862
 2806
 2752
 2686
 2606
 2538
 2476
 2416
 2364
 2308
 2260
 2220
 2190
 2174
 2176
 2188
 2210
 2240
 2278
 2320
 2364
 2410
 2460
 2514
 2578
 2644
 2704
 2756
 2806
 2856
 2904
 2954
 3004
 3054
 3102
 3152
 3192
 3228
 3268
 3304
 3334
 3356
 3372
 3368
 3352
 3310
 3258
 3194
 3126
 3064
 2998
 2924
 2848
 2766
 2686
 2612
 2540
 2470
 2400
 2326
 2252
 2178
 2110
 2046
 1988
 1932
 1880
 1832
 1790
 1754
 1732
 1722
 1726
 1742
 1764
 1790
 1822
 1856
 1894
 1936
 1980
 2024
 2072
 2118
 2162
 2210
 2262
 2314
 2370
 2426
 2482
 2536
 2588
 2642
 2698
 2760
 2814
 2860
 2902
 2942
 2982
 3024
 3064
 3104
 3142
 3174
 3204
 3228
 3246
 3264
 3274
 3274
 3262
 3236
 3196
 3152
 3104
 3058
 3006
 2946
 2884
 2818
 2756
 2696
 2638
 2582
 2522
 2464
 2404
 2344
 2288
 2236
 2188
 2142
 2100
 2058
 2028
 2008
 2002
 2006
 2018
 2038
 2060
 2092
 2128
 2168
 2210
 2254
 2300
 2342
 2384
 2424
 2468
 2516
 2564
 2614
 2656
 2698
 2744
 2794
 2852
 2910
 2956
 2994
 3034
 3074
 3114
 3152
 3190
 3224
 3254
 3278
 3290
 3298
 3298
 3286
 3266
 3234
 3192
 3140
 3088
 3036
 2988
 2936
 2880
 2820
 2758
 2698
 2640
 2584
 2530
 2474
 2418
 2362
 2310
 2258
 2214
 2176
 2144
 2124
 2114
 2112
 2120
 2142
 2170
 2210
 2256
 2302
 2350
 2398
 2448
 2500
 2548
 2596
 2646
 2700
 2754
 2810
 2864
 2912
 2956
 3004
 3050
 3092
 3130
 3156
 3178
 3194
 3200
 3198
 3184
 3150
 3104
 3050
 2990
 2926
 2862
 2794
 2724
 2654
 2586
 2520
 2462
 2402
 2342
 2278
 2216
 2160
 2106
 2052
 2004
 1964
 1928
 1906
 1890
 1884
 1884
 1898
 1924
 1958
 2000
 2044
 2092
 2140
 2182
 2222
 2262
 2308
 2356
 2408
 2456
 2510
 2560
 2606
 2652
 2698
 2750
 2800
 2844
 2882
 2916
 2954
 2988
 3020
 3054
 3084
 3110
 3134
 3150
 3162
 3166
 3158
 3136
 3102
 3060
 3008
 2954
 2898
 2836
 2780
 2720
 2656
 2592
 2530
 2474
 2420
 2368
 2316
 2264
 2214
 2162
 2114
 2074
 2040
 2016
 2004
 2000
 2002
 2016
 2036
 2066
 2100
 2140
 2180
 2222
 2266
 2314
 2364
 2416
 2466
 2512
 2558
 2602
 2650
 2696
 2742
 2784
 2826
 2860
 2894
 2928
 2968
 3010
 3048
 3078
 3104
 3130
 3154
 3178
 3204
 3230
 3246
 3254
 3246
 3230
 3208
 3178
 3138
 3096
 3052
 3004
 2952
 2904
 2856
 2816
 2768
 2716
 2662
 2606
 2554
 2504
 2456
 2410
 2368
 2326
 2292
 2266
 2252
 2250
 2256
 2272
 2296
 2324
 2358
 2396
 2438
 2490
 2544
 2592
 2636
 2678
 2722
 2768
 2816
 2866
 2912
 2954
 2986
 3012
 3040
 3070
 3100
 3126
 3146
 3164
 3168
 3164
 3142
 3110
 3074
 3036
 3002
 2960
 2910
 2856
 2800
 2742
 2684
 2624
 2566
 2508
 2452
 2396
 2344
 2298
 2260
 2228
 2206
 2196
 2200
 2216
 2234
 2248
 2276
 2320
 2366
 2410
 2444
 2476
 2520
 2564
 2598
 2632
 2668
 2706
 2746
 2794
 2840
 2888
 2938
 2986
 3030
 3060
 3080
 3096
 3108
 3110
 3094
 3072
 3044
 3016
 2980
 2932
 2876
 2818
 2758
 2702
 2646
 2590
 2530
 2470
 2406
 2344
 2286
 2234
 2188
 2144
 2104
 2070
 2046
 2030
 2024
 2036
 2050
 2082
 2120
 2162
 2204
 2244
 2288
 2334
 2380
 2424
 2470
 2518
 2562
 2606
 2652
 2702
 2752
 2800
 2842
 2880
 2908
 2932
 2954
 2976
 3004
 3034
 3058
 3078
 3102
 3122
 3138
 3152
 3160
 3158
 3144
 3120
 3086
 3048
 3004
 2956
 2904
 2852
 2796
 2736
 2676
 2618
 2562
 2508
 2448
 2386
 2324
 2264
 2208
 2158
 2110
 2064
 2020
 1980
 1946
 1922
 1912
 1914
 1924
 1940
 1960
 1984
 2018
 2056
 2100
 2150
 2196
 2238
 2278
 2322
 2370
 2418
 2468
 2516
 2560
 2602
 2646
 2688
 2734
 2778
 2822
 2866
 2904
 2938
 2974
 3010
 3054
 3098
 3134
 3162
 3186
 3200
 3206
 3198
 3184
 3154
 3114
 3068
 3018
 2968
 2918
 2864
 2808
 2754
 2698
 2640
 2584
 2528
 2480
 2434
 2382
 2330
 2274
 2218
 2166
 2120
 2074
 2032
 2000
 1976
 1966
 1968
 1980
 2002
 2032
 2068
 2110
 2152
 2196
 2244
 2298
 2362
 2422
 2478
 2526
 2574
 2624
 2674
 2722
 2770
 2816
 2862
 2904
 2940
 2974
 3004
 3030
 3056
 3078
 3094
 3096
 3080
 3060
 3032
 3008
 2972
 2926
 2878
 2824
 2772
 2718
 2662
 2606
 2546
 2488
 2428
 2372
 2316
 2270
 2226
 2186
 2150
 2124
 2106
 2096
 2100
 2116
 2148
 2188
 2234
 2290
 2344
 2400
 2460
 2522
 2588
 2644
 2690
 2728
 2772
 2816
 2860
 2902
 2944
 2984
 3016
 3052
 3082
 3114
 3150
 3176
 3184
 3164
 3130
 3082
 3024
 2968
 2912
 2852
 2788
 2724
 2658
 2586
 2520
 2454
 2390
 2328
 2266
 2210
 2160
 2112
 2068
 2036
 2012
 2006
 2008
 2020
 2040
 2066
 2102
 2144
 2192
 2242
 2298
 2352
 2406
 2458
 2510
 2562
 2612
 2662
 2710
 2756
 2798
 2834
 2874
 2918
 2972
 3022
 3066
 3100
 3126
 3152
 3174
 3186
 3182
 3166
 3136
 3098
 3052
 2998
 2936
 2870
 2798
 2724
 2640
 2560
 2484
 2420
 2358
 2296
 2234
 2170
 2106
 2046
 1986
 1930
 1880
 1838
 1806
 1788
 1786
 1794
 1808
 1826
 1846
 1868
 1894
 1924
 1962
 2006
 2050
 2096
 2140
 2190
 2240
 2288
 2336
 2382
 2422
 2458
 2494
 2528
 2566
 2600
 2628
 2654
 2680
 2704
 2726
 2734
 2740
 2740
 2740
 2742
 2750
 2756
 2760
 2762
 2760
 2756
 2752
 2752
 2752
 2746
 2740
 2736
 2742
 2754
 2772
 2792
 2808
 2824
 2842
 2868
 2902
 2940
 2982
 3022
 3058
 3088
 3116
 3152
 3190
 3224
 3254
 3282
 3316
 3360
 3404
 3438
 3456
 3458
 3442
 3420
 3384
 3338
 3286
 3226
 3164
 3094
 3026
 2962
 2896
 2826
 2754
 2682
 2616
 2560
 2500
 2440
 2378
 2318
 2260
 2208
 2160
 2116
 2078
 2040
 2016
 2008
 2016
 2044
 2084
 2130
 2172
 2218
 2268
 2326
 2394
 2472
 2544
 2604
 2664
 2720
 2770
 2818
 2864
 2914
 2964
 3004
 3038
 3070
 3102
 3122
 3144
 3176
 3200
 3198
 3170
 3126
 3074
 3018
 2948
 2866
 2780
 2696
 2612
 2532
 2456
 2384
 2318
 2248
 2172
 2096
 2026
 1968
 1922
 1886
 1862
 1850
 1842
 1846
 1858
 1886
 1920
 1958
 1994
 2032
 2074
 2122
 2172
 2230
 2288
 2348
 2406
 2460
 2512
 2562
 2612
 2662
 2708
 2746
 2780
 2814
 2858
 2910
 2956
 2992
 3026
 3048
 3072
 3098
 3130
 3156
 3174
 3176
 3162
 3136
 3100
 3056
 3004
 2946
 2882
 2810
 2736
 2660
 2590
 2524
 2450
 2378
 2308
 2242
 2178
 2120
 2064
 2008
 1952
 1890
 1832
 1776
 1728
 1684
 1644
 1608
 1580
 1568
 1560
 1566
 1584
 1608
 1640
 1674
 1716
 1762
 1816
 1872
 1928
 1988
 2044
 2102
 2168
 2236
 2304
 2374
 2440
 2504
 2566
 2632
 2708
 2784
 2850
 2912
 2964
 3014
 3060
 3104
 3146
 3182
 3214
 3236
 3252
 3262
 3258
 3242
 3212
 3176
 3130
 3074
 3016
 2966
 2910
 2844
 2774
 2704
 2634
 2568
 2506
 2444
 2384
 2322
 2266
 2206
 2148
 2096
 2052
 2016
 1986
 1968
 1966
 1974
 2000
 2034
 2074
 2116
 2162
 2212
 2268
 2328
 2388
 2446
 2500
 2546
 2590
 2636
 2684
 2736
 2790
 2840
 2886
 2926
 2966
 3012
 3066
 3112
 3148
 3182
 3212
 3246
 3278
 3306
 3322
 3324
 3310
 3284
 3248
 3198
 3146
 3088
 3026
 2958
 2886
 2816
 2746
 2684
 2626
 2576
 2524
 2468
 2404
 2338
 2290
 2262
 2248
 2244
 2248
 2262
 2282
 2312
 2350
 2394
 2446
 2496
 2550
 2602
 2652
 2704
 2758
 2824
 2890
 2938
 2980
 3018
 3056
 3094
 3128
 3164
 3200
 3232
 3258
 3282
 3300
 3322
 3336
 3338
 3322
 3292
 3254
 3204
 3150
 3094
 3042
 2990
 2928
 2860
 2790
 2724
 2662
 2600
 2542
 2484
 2428
 2370
 2314
 2264
 2226
 2198
 2184
 2178
 2184
 2194
 2212
 2238
 2272
 2318
 2366
 2412
 2456
 2500
 2546
 2592
 2640
 2690
 2736
 2778
 2818
 2856
 2894
 2930
 2964
 2994
 3022
 3048
 3078
 3110
 3144
 3188
 3228
 3258
 3282
 3300
 3316
 3328
 3332
 3326
 3306
 3270
 3226
 3174
 3120
 3066
 3006
 2948
 2890
 2826
 2762
 2700
 2642
 2600
 2548
 2496
 2442
 2392
 2352
 2318
 2298
 2288
 2284
 2288
 2300
 2318
 2348
 2388
 2432
 2476
 2522
 2570
 2618
 2666
 2722
 2784
 2840
 2884
 2922
 2960
 2994
 3028
 3062
 3098
 3126
 3150
 3170
 3190
 3208
 3224
 3226
 3214
 3190
 3150
 3100
 3046
 2990
 2938
 2878
 2810
 2740
 2668
 2602
 2538
 2474
 2408
 2342
 2276
 2212
 2148
 2094
 2048
 2014
 1992
 1980
 1976
 1988
 2006
 2040
 2084
 2130
 2176
 2224
 2276
 2328
 2386
 2442
 2492
 2534
 2574
 2618
 2664
 2710
 2758
 2804
 2848
 2890
 2926
 2960
 2994
 3034
 3074
 3110
 3138
 3166
 3186
 3196
 3200
 3190
 3170
 3136
 3094
 3046
 2996
 2942
 2886
 2826
 2770
 2716
 2666
 2614
 2564
 2518
 2472
 2436
 2396
 2356
 2316
 2280
 2258
 2254
 2260
 2274
 2296
 2328
 2364
 2404
 2440
 2478
 2522
 2574
 2632
 2684
 2732
 2772
 2814
 2858
 2912
 2968
 3014
 3050
 3078
 3102
 3126
 3150
 3176
 3198
 3216
 3218
 3206
 3182
 3146
 3102
 3054
 3002
 2942
 2878
 2812
 2742
 2674
 2612
 2556
 2502
 2444
 2386
 2326
 2266
 2216
 2170
 2130
 2098
 2076
 2066
 2062
 2074
 2096
 2128
 2168
 2212
 2264
 2316
 2368
 2424
 2482
 2550
 2612
 2668
 2714
 2754
 2796
 2842
 2890
 2940
 2988
 3030
 3064
 3094
 3122
 3154
 3182
 3202
 3214
 3210
 3186
 3142
 3086
 3034
 2974
 2906
 2838
 2768
 2702
 2638
 2574
 2512
 2446
 2382
 2316
 2250
 2188
 2134
 2084
 2036
 1986
 1948
 1924
 1914
 1920
 1932
 1954
 1982
 2016
 2056
 2102
 2150
 2204
 2258
 2308
 2352
 2396
 2442
 2490
 2538
 2586
 2628
 2674
 2724
 2782
 2846
 2900
 2936
 2964
 2984
 3006
 3026
 3050
 3078
 3104
 3126
 3144
 3160
 3176
 3196
 3216
 3234
 3232
 3214
 3186
 3154
 3122
 3084
 3030
 2972
 2910
 2848
 2786
 2722
 2660
 2598
 2534
 2468
 2404
 2346
 2294
 2244
 2196
 2142
 2088
 2040
 1996
 1960
 1926
 1888
 1854
 1822
 1798
 1786
 1790
 1800
 1820
 1846
 1874
 1908
 1948
 1994
 2042
 2094
 2146
 2192
 2240
 2292
 2354
 2416
 2470
 2520
 2570
 2624
 2678
 2730
 2786
 2830
 2856
 2882
 2914
 2946
 2972
 2992
 3006
 3002
 2984
 2948
 2896
 2840
 2784
 2734
 2678
 2618
 2552
 2480
 2410
 2346
 2284
 2224
 2164
 2104
 2040
 1980
 1922
 1870
 1822
 1780
 1742
 1708
 1680
 1670
 1670
 1688
 1716
 1752
 1792
 1836
 1882
 1938
 1996
 2052
 2110
 2168
 2218
 2268
 2320
 2374
 2432
 2488
 2544
 2592
 2636
 2678
 2716
 2760
 2802
 2842
 2876
 2906
 2936
 2970
 3000
 3024
 3042
 3044
 3032
 3006
 2972
 2928
 2878
 2826
 2770
 2706
 2640
 2574
 2508
 2452
 2396
 2340
 2282
 2224
 2168
 2118
 2070
 2026
 1986
 1952
 1926
 1914
 1914
 1924
 1942
 1964
 1990
 2016
 2050
 2090
 2140
 2194
 2244
 2288
 2330
 2376
 2420
 2468
 2516
 2564
 2608
 2652
 2690
 2730
 2768
 2808
 2842
 2868
 2896
 2922
 2954
 2994
 3028
 3052
 3066
 3080
 3094
 3096
 3092
 3082
 3068
 3054
 3044
 3040
 3040
 3042
 3040
 3034
 3034
 3034
 3042
 3046
 3044
 3042
 3038
 3040
 3044
 3054
 3070
 3084
 3096
 3106
 3120
 3138
 3158
 3178
 3196
 3212
 3234
 3264
 3288
 3308
 3322
 3328
 3322
 3304
 3282
 3250
 3208
 3154
 3096
 3034
 2972
 2910
 2844
 2778
 2714
 2656
 2600
 2542
 2480
 2418
 2358
 2302
 2248
 2198
 2150
 2104
 2060
 2026
 2004
 1996
 2002
 2010
 2026
 2056
 2094
 2144
 2206
 2272
 2336
 2396
 2450
 2506
 2556
 2600
 2648
 2694
 2740
 2792
 2842
 2886
 2936
 2986
 3032
 3078
 3118
 3150
 3176
 3202
 3228
 3248
 3270
 3276
 3262
 3234
 3200
 3152
 3090
 3022
 2948
 2872
 2796
 2720
 2646
 2570
 2500
 2432
 2366
 2298
 2236
 2178
 2128
 2082
 2034
 1990
 1948
 1914
 1892
 1882
 1888
 1900
 1920
 1944
 1974
 2012
 2056
 2102
 2148
 2198
 2248
 2296
 2332
 2366
 2404
 2444
 2494
 2544
 2588
 2630
 2666
 2704
 2744
 2782
 2820
 2856
 2886
 2912
 2932
 2942
 2940
 2926
 2900
 2862
 2812
 2754
 2688
 2620
 2554
 2490
 2434
 2372
 2310
 2250
 2190
 2136
 2084
 2032
 1980
 1928
 1876
 1828
 1788
 1766
 1758
 1768
 1788
 1816
 1844
 1882
 1922
 1972
 2024
 2068
 2106
 2140
 2166
 2194
 2214
 2236
 2260
 2284
 2312
 2344
 2380
 2420
 2462
 2504
 2540
 2570
 2600
 2632
 2668
 2698
 2718
 2730
 2740
 2748
 2756
 2760
 2766
 2762
 2752
 2738
 2726
 2720
 2720
 2720
 2716
 2716
 2722
 2730
 2742
 2750
 2750
 2746
 2742
 2736
 2734
 2730
 2730
 2728
 2724
 2724
 2728
 2740
 2752
 2762
 2770
 2784
 2806
 2838
 2866
 2890
 2912
 2934
 2958
 2986
 3018
 3046
 3064
 3072
 3070
 3056
 3034
 2998
 2948
 2898
 2844
 2792
 2738
 2674
 2606
 2540
 2474
 2412
 2352
 2294
 2238
 2182
 2124
 2066
 2010
 1962
 1912
 1864
 1818
 1776
 1748
 1730
 1714
 1706
 1708
 1720
 1742
 1772
 1810
 1852
 1894
 1936
 1980
 2028
 2078
 2132
 2190
 2248
 2310
 2372
 2450
 2532
 2604
 2662
 2716
 2766
 2820
 2876
 2928
 2980
 3018
 3050
 3076
 3096
 3106
 3110
 3102
 3078
 3046
 3006
 2954
 2900
 2846
 2800
 2750
 2694
 2634
 2578
 2538
 2500
 2456
 2404
 2350
 2290
 2228
 2190
 2166
 2162
 2162
 2172
 2196
 2222
 2262
 2306
 2348
 2392
 2440
 2496
 2558
 2614
 2662
 2708
 2752
 2794
 2838
 2884
 2926
 2966
 3002
 3036
 3064
 3086
 3100
 3102
 3086
 3054
 3010
 2958
 2896
 2830
 2766
 2698
 2636
 2570
 2500
 2430
 2360
 2294
 2232
 2176
 2118
 2062
 2004
 1942
 1880
 1820
 1764
 1716
 1676
 1648
 1630
 1622
 1628
 1644
 1668
 1706
 1740
 1776
 1812
 1848
 1886
 1926
 1972
 2016
 2064
 2110
 2158
 2206
 2252
 2298
 2342
 2392
 2436
 2476
 2518
 2558
 2612
 2664
 2708
 2742
 2772
 2804
 2838
 2872
 2908
 2942
 2972
 2994
 3006
 3010
 3008
 2996
 2972
 2936
 2886
 2828
 2766
 2710
 2660
 2602
 2542
 2478
 2414
 2348
 2286
 2228
 2168
 2112
 2056
 1998
 1948
 1900
 1854
 1810
 1766
 1722
 1688
 1662
 1652
 1650
 1658
 1674
 1698
 1734
 1774
 1820
 1870
 1922
 1972
 2022
 2068
 2122
 2178
 2238
 2296
 2350
 2406
 2460
 2518
 2582
 2640
 2688
 2732
 2774
 2820
 2868
 2916
 2966
 3012
 3050
 3086
 3108
 3126
 3132
 3126
 3108
 3070
 3022
 2970
 2918
 2872
 2818
 2758
 2694
 2630
 2568
 2510
 2452
 2396
 2336
 2274
 2212
 2152
 2094
 2042
 1994
 1952
 1908
 1868
 1834
 1814
 1806
 1810
 1820
 1838
 1862
 1898
 1944
 1994
 2050
 2102
 2154
 2202
 2248
 2296
 2348
 2404
 2462
 2516
 2568
 2614
 2664
 2710
 2764
 2820
 2870
 2906
 2940
 2970
 3006
 3042
 3074
 3098
 3104
 3094
 3070
 3036
 2994
 2942
 2884
 2822
 2760
 2698
 2624
 2552
 2492
 2436
 2388
 2338
 2280
 2222
 2168
 2116
 2074
 2046
 2026
 2022
 2026
 2036
 2056
 2090
 2134
 2180
 2228
 2272
 2322
 2378
 2434
 2494
 2552
 2614
 2678
 2736
 2784
 2828
 2874
 2912
 2950
 2986
 3022
 3052
 3074
 3094
 3112
 3126
 3130
 3122
 3100
 3070
 3026
 2974
 2918
 2858
 2802
 2744
 2680
 2614
 2546
 2482
 2424
 2366
 2312
 2262
 2214
 2172
 2140
 2120
 2116
 2122
 2136
 2160
 2188
 2220
 2258
 2304
 2354
 2420
 2488
 2546
 2596
 2640
 2686
 2732
 2780
 2826
 2870
 2910
 2942
 2972
 3006
 3036
 3064
 3088
 3106
 3118
 3118
 3106
 3084
 3056
 3022
 2974
 2916
 2856
 2792
 2732
 2672
 2614
 2556
 2494
 2432
 2370
 2312
 2260
 2208
 2160
 2112
 2064
 2018
 1980
 1948
 1922
 1900
 1886
 1882
 1886
 1904
 1930
 1964
 2004
 2048
 2096
 2150
 2208
 2266
 2328
 2390
 2448
 2504
 2560
 2616
 2682
 2752
 2812
 2864
 2906
 2946
 2988
 3028
 3070
 3110
 3144
 3168
 3190
 3200
 3202
 3192
 3168
 3134
 3092
 3040
 2990
 2934
 2882
 2828
 2768
 2704
 2638
 2578
 2520
 2462
 2404
 2344
 2282
 2222
 2164
 2114
 2076
 2048
 2032
 2030
 2036
 2052
 2080
 2114
 2166
 2222
 2282
 2340
 2400
 2458
 2520
 2582
 2642
 2702
 2756
 2808
 2860
 2912
 2962
 3010
 3056
 3092
 3126
 3150
 3170
 3190
 3210
 3232
 3250
 3254
 3240
 3210
 3168
 3120
 3066
 3014
 2954
 2892
 2826
 2756
 2686
 2624
 2566
 2512
 2456
 2404
 2348
 2292
 2244
 2200
 2168
 2138
 2116
 2102
 2100
 2112
 2136
 2168
 2210
 2254
 2300
 2348
 2398
 2450
 2510
 2568
 2622
 2676
 2728
 2774
 2820
 2868
 2918
 2972
 3020
 3058
 3090
 3116
 3142
 3178
 3212
 3240
 3260
 3264
 3244
 3212
 3178
 3134
 3086
 3032
 2978
 2924
 2864
 2806
 2752
 2702
 2662
 2618
 2566
 2516
 2468
 2430
 2402
 2388
 2384
 2388
 2398
 2416
 2442
 2478
 2522
 2572
 2624
 2678
 2728
 2774
 2816
 2858
 2906
 2964
 3016
 3054
 3078
 3100
 3122
 3148
 3170
 3192
 3206
 3206
 3192
 3168
 3134
 3096
 3054
 3008
 2958
 2904
 2852
 2794
 2742
 2690
 2648
 2608
 2560
 2508
 2454
 2400
 2352
 2308
 2272
 2242
 2222
 2212
 2212
 2224
 2248
 2280
 2324
 2370
 2424
 2478
 2534
 2592
 2650
 2716
 2776
 2824
 2870
 2912
 2956
 2998
 3034
 3076
 3110
 3138
 3162
 3182
 3204
 3226
 3238
 3236
 3220
 3190
 3148
 3102
 3054
 3010
 2962
 2902
 2836
 2768
 2700
 2640
 2580
 2522
 2460
 2400
 2340
 2280
 2224
 2174
 2128
 2088
 2058
 2036
 2026
 2034
 2050
 2084
 2120
 2162
 2204
 2250
 2302
 2356
 2414
 2474
 2534
 2588
 2640
 2694
 2750
 2806
 2860
 2910
 2958
 2998
 3036
 3072
 3114
 3158
 3196
 3226
 3252
 3272
 3276
 3268
 3248
 3216
 3172
 3118
 3056
 2996
 2936
 2874
 2808
 2738
 2668
 2598
 2534
 2478
 2426
 2380
 2334
 2284
 2232
 2176
 2128
 2086
 2056
 2036
 2026
 2028
 2042
 2060
 2082
 2112
 2156
 2216
 2278
 2344
 2400
 2448
 2510
 2588
 2666
 2724
 2774
 2818
 2862
 2910
 2954
 3000
 3040
 3074
 3098
 3114
 3122
 3118
 3106
 3078
 3042
 3000
 2948
 2892
 2836
 2778
 2728
 2672
 2612
 2552
 2494
 2438
 2384
 2330
 2274
 2220
 2168
 2116
 2068
 2028
 2002
 1988
 1984
 1990
 2006
 2024
 2046
 2076
 2116
 2174
 2240
 2308
 2370
 2428
 2484
 2534
 2584
 2636
 2690
 2746
 2802
 2858
 2912
 2958
 3000
 3028
 3052
 3072
 3086
 3082
 3064
 3036
 3008
 2966
 2912
 2852
 2786
 2718
 2654
 2586
 2520
 2454
 2386
 2318
 2250
 2182
 2118
 2058
 1996
 1940
 1882
 1826
 1776
 1730
 1694
 1658
 1622
 1586
 1552
 1532
 1522
 1522
 1532
 1546
 1568
 1592
 1622
 1662
 1710
 1768
 1830
 1894
 1954
 2020
 2090
 2168
 2250
 2324
 2390
 2454
 2520
 2582
 2644
 2704
 2764
 2820
 2870
 2918
 2960
 3000
 3034
 3068
 3094
 3118
 3134
 3142
 3150
 3154
 3144
 3120
 3084
 3044
 3000
 2952
 2898
 2844
 2784
 2724
 2664
 2606
 2552
 2500
 2448
 2394
 2338
 2284
 2232
 2188
 2148
 2104
 2056
 2008
 1962
 1922
 1894
 1874
 1862
 1858
 1860
 1870
 1888
 1916
 1950
 1986
 2030
 2074
 2122
 2172
 2230
 2296
 2360
 2418
 2474
 2528
 2582
 2636
 2690
 2740
 2788
 2834
 2876
 2918
 2958
 2998
 3032
 3064
 3090
 3112
 3120
 3118
 3104
 3086
 3058
 3018
 2970
 2916
 2864
 2812
 2760
 2704
 2646
 2584
 2526
 2464
 2406
 2350
 2298
 2246
 2196
 2150
 2114
 2090
 2084
 2092
 2118
 2150
 2182
 2214
 2260
 2310
 2366
 2428
 2490
 2544
 2592
 2636
 2690
 2736
 2784
 2830
 2872
 2906
 2938
 2970
 2988
 2994
 2988
 2970
 2940
 2906
 2860
 2804
 2748
 2688
 2634
 2582
 2528
 2472
 2414
 2354
 2292
 2232
 2178
 2132
 2088
 2054
 2034
 2026
 2032
 2044
 2068
 2102
 2146
 2202
 2260
 2314
 2368
 2422
 2476
 2530
 2584
 2638
 2690
 2736
 2780
 2820
 2856
 2892
 2920
 2936
 2942
 2948
 2948
 2936
 2916
 2886
 2858
 2820
 2772
 2718
 2664
 2606
 2554
 2500
 2446
 2390
 2332
 2276
 2220
 2166
 2118
 2074
 2028
 1984
 1944
 1908
 1878
 1860
 1854
 1866
 1884
 1906
 1932
 1964
 2004
 2052
 2108
 2166
 2224
 2280
 2334
 2384
 2438
 2494
 2552
 2610
 2670
 2726
 2776
 2828
 2878
 2932
 2992
 3042
 3074
 3104
 3126
 3136
 3128
 3102
 3066
 3018
 2962
 2900
 2836
 2772
 2708
 2642
 2580
 2520
 2460
 2400
 2344
 2292
 2246
 2198
 2148
 2098
 2048
 2008
 1976
 1952
 1940
 1934
 1938
 1950
 1966
 1990
 2022
 2058
 2102
 2146
 2196
 2252
 2318
 2392
 2462
 2522
 2574
 2624
 2676
 2728
 2782
 2834
 2882
 2926
 2968
 3004
 3040
 3068
 3092
 3106
 3112
 3100
 3078
 3048
 3018
 2986
 2944
 2894
 2840
 2784
 2726
 2672
 2618
 2560
 2504
 2444
 2384
 2328
 2276
 2230
 2186
 2148
 2114
 2090
 2082
 2086
 2102
 2130
 2164
 2204
 2244
 2294
 2352
 2416
 2482
 2546
 2602
 2656
 2706
 2756
 2810
 2860
 2910
 2958
 3008
 3058
 3102
 3132
 3156
 3186
 3218
 3240
 3236
 3218
 3188
 3156
 3114
 3064
 3004
 2932
 2852
 2778
 2714
 2646
 2576
 2508
 2444
 2386
 2328
 2274
 2224
 2174
 2134
 2108
 2096
 2098
 2112
 2136
 2172
 2216
 2266
 2320
 2374
 2432
 2488
 2544
 2596
 2648
 2702
 2750
 2794
 2830
 2872
 2916
 2950
 2976
 3002
 3018
 3040
 3066
 3082
 3088
 3086
 3080
 3066
 3038
 3002
 2956
 2900
 2830
 2760
 2692
 2626
 2560
 2492
 2430
 2368
 2306
 2242
 2188
 2136
 2090
 2046
 1992
 1938
 1884
 1836
 1800
 1778
 1772
 1776
 1790
 1810
 1832
 1864
 1906
 1956
 2014
 2074
 2132
 2186
 2242
 2302
 2368
 2442
 2510
 2566
 2620
 2670
 2720
 2768
 2814
 2860
 2900
 2936
 2964
 2980
 2978
 2960
 2930
 2890
 2842
 2784
 2728
 2672
 2618
 2566
 2510
 2450
 2384
 2318
 2258
 2196
 2138
 2084
 2030
 1982
 1932
 1892
 1866
 1856
 1858
 1872
 1890
 1916
 1954
 1996
 2048
 2100
 2152
 2198
 2244
 2298
 2356
 2416
 2474
 2526
 2578
 2628
 2674
 2724
 2780
 2834
 2884
 2924
 2952
 2974
 2988
 2996
 2992
 2968
 2930
 2878
 2822
 2764
 2710
 2652
 2592
 2528
 2462
 2396
 2334
 2278
 2224
 2168
 2110
 2048
 1992
 1944
 1902
 1864
 1826
 1790
 1758
 1738
 1734
 1744
 1766
 1798
 1834
 1876
 1922
 1976
 2040
 2106
 2174
 2238
 2304
 2376
 2452
 2530
 2608
 2676
 2738
 2790
 2834
 2870
 2906
 2950
 2998
 3038
 3064
 3064
 3046
 3016
 2976
 2928
 2878
 2822
 2760
 2694
 2628
 2574
 2520
 2464
 2404
 2342
 2282
 2228
 2176
 2124
 2074
 2024
 1972
 1920
 1870
 1828
 1798
 1780
 1774
 1776
 1788
 1810
 1846
 1894
 1954
 2012
 2070
 2124
 2180
 2240
 2300
 2364
 2426
 2482
 2528
 2568
 2604
 2642
 2686
 2734
 2784
 2832
 2872
 2908
 2940
 2980
 3020
 3052
 3076
 3094
 3100
 3096
 3084
 3062
 3032
 2986
 2932
 2870
 2816
 2758
 2700
 2644
 2588
 2530
 2464
 2398
 2336
 2278
 2234
 2184
 2132
 2080
 2026
 1978
 1940
 1906
 1880
 1862
 1850
 1848
 1856
 1876
 1904
 1938
 1978
 2018
 2064
 2114
 2166
 2230
 2294
 2354
 2410
 2460
 2508
 2558
 2606
 2656
 2710
 2760
 2810
 2858
 2906
 2950
 2988
 3022
 3042
 3046
 3034
 3014
 2986
 2956
 2914
 2856
 2792
 2722
 2652
 2580
 2512
 2448
 2380
 2312
 2244
 2180
 2116
 2056
 2000
 1946
 1892
 1838
 1790
 1754
 1726
 1708
 1700
 1698
 1710
 1734
 1768
 1808
 1852
 1896
 1944
 1990
 2036
 2082
 2132
 2184
 2236
 2280
 2322
 2372
 2430
 2500
 2568
 2620
 2664
 2702
 2742
 2786
 2828
 2870
 2908
 2938
 2964
 2988
 3008
 3020
 3022
 3012
 2986
 2942
 2896
 2854
 2816
 2770
 2712
 2654
 2588
 2528
 2474
 2416
 2346
 2270
 2204
 2140
 2078
 2018
 1962
 1908
 1854
 1802
 1756
 1726
 1708
 1708
 1716
 1736
 1760
 1790
 1834
 1882
 1940
 2000
 2060
 2126
 2192
 2260
 2328
 2396
 2460
 2522
 2578
 2630
 2684
 2744
 2816
 2888
 2946
 2992
 3030
 3062
 3094
 3130
 3162
 3180
 3182
 3166
 3134
 3090
 3042
 2982
 2924
 2862
 2794
 2722
 2652
 2586
 2534
 2478
 2416
 2356
 2296
 2242
 2196
 2152
 2114
 2082
 2058
 2044
 2044
 2058
 2084
 2118
 2162
 2212
 2264
 2318
 2378
 2438
 2512
 2586
 2652
 2712
 2766
 2818
 2876
 2934
 2994
 3050
 3096
 3132
 3160
 3184
 3208
 3230
 3248
 3258
 3260
 3244
 3212
 3170
 3122
 3080
 3034
 2976
 2910
 2840
 2770
 2700
 2636
 2570
 2502
 2432
 2358
 2288
 2222
 2162
 2106
 2054
 2002
 1956
 1908
 1868
 1838
 1822
 1818
 1822
 1834
 1854
 1884
 1926
 1970
 2022
 2074
 2126
 2176
 2230
 2282
 2338
 2396
 2456
 2520
 2578
 2630
 2680
 2732
 2788
 2850
 2900
 2938
 2968
 2994
 3024
 3056
 3090
 3122
 3146
 3158
 3158
 3142
 3114
 3078
 3034
 2984
 2930
 2870
 2810
 2750
 2700
 2650
 2594
 2536
 2474
 2412
 2350
 2292
 2234
 2174
 2116
 2058
 2008
 1970
 1946
 1936
 1936
 1942
 1954
 1970
 1994
 2024
 2066
 2110
 2154
 2196
 2240
 2290
 2346
 2402
 2460
 2514
 2566
 2622
 2684
 2744
 2800
 2856
 2906
 2952
 2990
 3024
 3058
 3090
 3132
 3172
 3200
 3206
 3196
 3172
 3142
 3102
 3054
 2996
 2938
 2876
 2808
 2746
 2688
 2630
 2574
 2516
 2462
 2408
 2354
 2300
 2252
 2210
 2170
 2128
 2088
 2052
 2028
 2018
 2018
 2026
 2040
 2060
 2090
 2126
 2166
 2226
 2290
 2340
 2378
 2422
 2470
 2512
 2554
 2594
 2640
 2696
 2750
 2792
 2832
 2888
 2942
 2980
 3002
 3018
 3026
 3014
 2988
 2950
 2902
 2850
 2792
 2728
 2664
 2598
 2534
 2470
 2408
 2346
 2284
 2232
 2184
 2134
 2090
 2050
 2020
 2006
 2006
 2018
 2040
 2066
 2100
 2134
 2172
 2216
 2260
 2306
 2356
 2408
 2458
 2504
 2554
 2606
 2666
 2724
 2766
 2796
 2820
 2846
 2876
 2906
 2928
 2936
 2930
 2912
 2878
 2836
 2788
 2734
 2670
 2602
 2532
 2464
 2398
 2332
 2264
 2206
 2148
 2094
 2044
 2000
 1964
 1938
 1928
 1926
 1932
 1942
 1952
 1966
 1984
 2008
 2038
 2066
 2096
 2126
 2160
 2204
 2246
 2270
 2280
 2280
 2278
 2280
 2278
 2286
 2294
 2302
 2304
 2304
 2304
 2310
 2314
 2314
 2314
 2316
 2320
 2328
 2332
 2336
 2338
 2342
 2350
 2366
 2388
 2416
 2442
 2472
 2506
 2538
 2576
 2610
 2640
 2666
 2688
 2718
 2752
 2776
 2800
 2818
 2832
 2850
 2870
 2890
 2904
 2912
 2908
 2894
 2868
 2834
 2792
 2742
 2688
 2634
 2582
 2520
 2456
 2388
 2322
 2258
 2196
 2136
 2078
 2020
 1962
 1902
 1844
 1788
 1738
 1688
 1636
 1598
 1580
 1582
 1594
 1612
 1640
 1674
 1722
 1774
 1828
 1878
 1936
 1992
 2052
 2116
 2182
 2252
 2322
 2392
 2456
 2512
 2568
 2632
 2708
 2778
 2840
 2894
 2942
 2986
 3032
 3076
 3118
 3150
 3178
 3198
 3204
 3194
 3166
 3124
 3074
 3014
 2952
 2884
 2810
 2738
 2666
 2606
 2538
 2466
 2394
 2326
 2260
 2196
 2136
 2074
 2012
 1950
 1890
 1836
 1790
 1752
 1728
 1718
 1724
 1740
 1762
 1790
 1832
 1874
 1938
 2008
 2074
 2138
 2198
 2258
 2316
 2372
 2430
 2488
 2546
 2598
 2648
 2698
 2748
 2796
 2846
 2894
 2940
 2978
 3004
 3026
 3044
 3058
 3054
 3028
 2982
 2928
 2860
 2786
 2716
 2644
 2570
 2494
 2412
 2330
 2246
 2170
 2094
 2024
 1954
 1882
 1808
 1744
 1676
 1616
 1560
 1502
 1446
 1400
 1364
 1346
 1344
 1356
 1378
 1412
 1454
 1504
 1566
 1634
 1704
 1776
 1842
 1908
 1980
 2052
 2140
 2224
 2302
 2370
 2432
 2490
 2544
 2600
 2652
 2706
 2760
 2812
 2864
 2916
 2966
 3010
 3048
 3068
 3076
 3072
 3056
 3032
 2998
 2946
 2884
 2814
 2742
 2670
 2598
 2532
 2464
 2400
 2332
 2266
 2204
 2146
 2090
 2034
 1978
 1926
 1878
 1838
 1804
 1768
 1738
 1714
 1704
 1710
 1726
 1754
 1790
 1830
 1876
 1924
 1980
 2042
 2106
 2174
 2232
 2288
 2342
 2400
 2474
 2546
 2614
 2674
 2732
 2794
 2852
 2908
 2964
 3016
 3062
 3102
 3134
 3166
 3186
 3192
 3182
 3156
 3114
 3066
 3014
 2968
 2920
 2860
 2794
 2722
 2650
 2580
 2510
 2442
 2374
 2306
 2236
 2166
 2102
 2046
 1996
 1950
 1916
 1886
 1866
 1864
 1874
 1898
 1934
 1974
 2022
 2068
 2122
 2178
 2240
 2300
 2360
 2416
 2472
 2524
 2576
 2630
 2684
 2734
 2784
 2828
 2868
 2906
 2948
 2998
 3054
 3098
 3136
 3170
 3200
 3230
 3258
 3276
 3280
 3264
 3230
 3188
 3138
 3084
 3022
 2956
 2888
 2824
 2756
 2686
 2624
 2568
 2512
 2458
 2404
 2350
 2282
 2216
 2180
 2168
 2160
 2158
 2162
 2176
 2198
 2230
 2270
 2316
 2368
 2424
 2480
 2530
 2580
 2626
 2678
 2738
 2792
 2838
 2878
 2914
 2952
 2994
 3034
 3070
 3094
 3110
 3120
 3126
 3124
 3108
 3080
 3040
 2992
 2924
 2844
 2764
 2692
 2626
 2550
 2474
 2398
 2326
 2256
 2186
 2122
 2060
 2006
 1958
 1918
 1896
 1890
 1896
 1912
 1934
 1962
 1996
 2038
 2084
 2132
 2178
 2218
 2256
 2298
 2340
 2378
 2418
 2458
 2494
 2530
 2562
 2594
 2626
 2660
 2692
 2718
 2742
 2770
 2808
 2856
 2902
 2942
 2972
 2994
 3004
 3002
 2992
 2972
 2940
 2896
 2840
 2778
 2718
 2656
 2596
 2536
 2470
 2406
 2346
 2294
 2246
 2194
 2140
 2086
 2028
 1978
 1932
 1894
 1864
 1842
 1828
 1822
 1828
 1846
 1872
 1908
 1952
 1998
 2048
 2104
 2166
 2236
 2302
 2360
 2416
 2470
 2530
 2586
 2642
 2698
 2752
 2804
 2854
 2902
 2948
 2988
 3020
 3042
 3058
 3068
 3064
 3052
 3028
 3002
 2970
 2922
 2860
 2798
 2730
 2666
 2602
 2536
 2472
 2400
 2328
 2256
 2190
 2126
 2068
 2012
 1960
 1910
 1864
 1818
 1772
 1740
 1714
 1704
 1706
 1716
 1736
 1766
 1802
 1846
 1898
 1950
 2004
 2058
 2110
 2164
 2226
 2290
 2356
 2420
 2480
 2538
 2596
 2648
 2700
 2756
 2814
 2886
 2956
 3012
 3058
 3098
 3136
 3164
 3180
 3178
 3158
 3126
 3082
 3028
 2972
 2914
 2852
 2786
 2720
 2656
 2596
 2530
 2464
 2404
 2344
 2296
 2244
 2190
 2134
 2080
 2032
 1986
 1948
 1916
 1888
 1866
 1858
 1860
 1876
 1902
 1948
 2016
 2094
 2178
 2258
 2330
 2402
 2480
 2564
 2640
 2706
 2758
 2802
 2842
 2878
 2914
 2950
 2984
 3014
 3040
 3054
 3062
 3064
 3054
 3030
 2992
 2944
 2888
 2830
 2770
 2712
 2646
 2574
 2504
 2446
 2394
 2352
 2314
 2274
 2224
 2166
 2110
 2054
 2012
 1986
 1978
 1974
 1974
 1980
 1992
 2014
 2040
 2070
 2106
 2144
 2184
 2222
 2260
 2300
 2338
 2372
 2402
 2430
 2458
 2484
 2508
 2534
 2554
 2572
 2596
 2626
 2668
 2702
 2724
 2738
 2746
 2756
 2766
 2778
 2784
 2784
 2772
 2750
 2716
 2676
 2634
 2588
 2536
 2476
 2418
 2362
 2312
 2264
 2212
 2160
 2108
 2060
 2020
 1988
 1964
 1950
 1946
 1950
 1964
 1988
 2020
 2056
 2090
 2120
 2148
 2182
 2220
 2268
 2310
 2342
 2370
 2394
 2420
 2448
 2476
 2504
 2524
 2530
 2530
 2526
 2526
 2532
 2542
 2554
 2560
 2562
 2566
 2572
 2588
 2604
 2614
 2618
 2614
 2612
 2616
 2628
 2640
 2650
 2660
 2672
 2684
 2706
 2736
 2776
 2814
 2848
 2880
 2914
 2954
 3008
 3054
 3088
 3118
 3146
 3172
 3194
 3212
 3224
 3228
 3222
 3198
 3164
 3126
 3084
 3036
 2978
 2910
 2844
 2778
 2718
 2658
 2586
 2512
 2436
 2358
 2288
 2222
 2160
 2096
 2032
 1966
 1902
 1846
 1798
 1760
 1734
 1718
 1716
 1722
 1736
 1766
 1802
 1856
 1918
 1982
 2050
 2118
 2186
 2254
 2324
 2400
 2472
 2540
 2600
 2654
 2710
 2776
 2842
 2910
 2974
 3036
 3090
 3132
 3162
 3190
 3224
 3264
 3294
 3296
 3280
 3246
 3202
 3144
 3080
 3008
 2926
 2836
 2742
 2648
 2560
 2478
 2396
 2320
 2242
 2170
 2104
 2038
 1972
 1912
 1852
 1802
 1748
 1692
 1634
 1580
 1538
 1508
 1494
 1492
 1504
 1524
 1554
 1590
 1640
 1698
 1762
 1834
 1906
 1978
 2046
 2114
 2186
 2260
 2342
 2418
 2488
 2550
 2606
 2664
 2722
 2784
 2846
 2902
 2948
 2988
 3020
 3052
 3082
 3108
 3122
 3114
 3084
 3040
 2988
 2932
 2880
 2824
 2756
 2682
 2602
 2522
 2446
 2370
 2294
 2216
 2138
 2054
 1974
 1890
 1812
 1738
 1666
 1600
 1534
 1478
 1430
 1384
 1344
 1304
 1264
 1228
 1206
 1198
 1200
 1212
 1230
 1250
 1270
 1286
 1306
 1328
 1354
 1374
 1388
 1400
 1422
 1448
 1476
 1500
 1524
 1542
 1562
 1584
 1600
 1620
 1640
 1656
 1668
 1678
 1686
 1698
 1704
 1714
 1718
 1710
 1704
 1694
 1694
 1698
 1702
 1716
 1738
 1776
 1828
 1894
 1968
 2046
 2120
 2192
 2262
 2336
 2410
 2482
 2552
 2616
 2678
 2738
 2794
 2862
 2930
 2976
 3006
 3028
 3046
 3060
 3062
 3050
 3028
 2986
 2934
 2874
 2810
 2748
 2686
 2622
 2560
 2492
 2420
 2356
 2298
 2254
 2206
 2152
 2096
 2038
 1988
 1942
 1900
 1864
 1832
 1806
 1788
 1786
 1794
 1818
 1852
 1894
 1940
 1988
 2042
 2104
 2182
 2258
 2332
 2396
 2460
 2528
 2594
 2660
 2722
 2778
 2830
 2880
 2928
 2974
 3016
 3058
 3098
 3136
 3168
 3198
 3230
 3274
 3322
 3362
 3390
 3416
 3432
 3438
 3430
 3406
 3370
 3322
 3266
 3200
 3132
 3058
 2986
 2912
 2842
 2770
 2696
 2630
 2566
 2514
 2462
 2406
 2350
 2294
 2242
 2192
 2154
 2130
 2122
 2128
 2144
 2176
 2220
 2264
 2308
 2356
 2412
 2468
 2526
 2584
 2652
 2730
 2802
 2864
 2922
 2966
 3008
 3050
 3092
 3132
 3164
 3188
 3206
 3224
 3238
 3242
 3234
 3212
 3178
 3126
 3064
 2996
 2932
 2872
 2802
 2722
 2640
 2562
 2490
 2422
 2356
 2296
 2240
 2186
 2136
 2100
 2080
 2076
 2084
 2100
 2124
 2154
 2196
 2248
 2314
 2380
 2444
 2506
 2564
 2626
 2690
 2756
 2826
 2888
 2942
 2984
 3024
 3066
 3110
 3154
 3196
 3230
 3256
 3278
 3304
 3328
 3336
 3318
 3278
 3222
 3160
 3094
 3028
 2958
 2878
 2792
 2708
 2628
 2554
 2486
 2420
 2356
 2288
 2222
 2162
 2114
 2074
 2030
 1984
 1942
 1910
 1888
 1880
 1886
 1900
 1916
 1942
 1972
 2008
 2052
 2108
 2170
 2232
 2294
 2358
 2432
 2520
 2604
 2678
 2746
 2810
 2866
 2924
 2978
 3032
 3080
 3126
 3168
 3196
 3216
 3232
 3244
 3238
 3212
 3170
 3116
 3062
 3012
 2954
 2888
 2818
 2742
 2664
 2588
 2518
 2454
 2390
 2326
 2262
 2202
 2150
 2106
 2072
 2048
 2038
 2042
 2058
 2086
 2132
 2178
 2224
 2264
 2306
 2352
 2400
 2454
 2510
 2566
 2618
 2668
 2718
 2770
 2822
 2874
 2922
 2960
 2988
 3014
 3046
 3088
 3126
 3154
 3176
 3192
 3202
 3200
 3190
 3170
 3140
 3100
 3050
 2994
 2938
 2882
 2828
 2770
 2706
 2642
 2582
 2528
 2484
 2442
 2396
 2354
 2314
 2290
 2282
 2286
 2298
 2314
 2336
 2352
 2366
 2390
 2428
 2480
 2538
 2590
 2642
 2694
 2756
 2824
 2874
 2912
 2940
 2958
 2972
 2986
 3004
 3024
 3038
 3050
 3056
 3060
 3052
 3040
 3028
 3016
 3008
 3008
 3020
 3046
 3060
 3062
 3050
 3034
 3024
 3018
 3014
 3004
 2994
 2990
 2988
 2994
 3002
 3010
 3016
 3018
 3018
 3032
 3064
 3098
 3126
 3152
 3178
 3196
 3218
 3240
 3264
 3282
 3290
 3290
 3284
 3272
 3252
 3218
 3168
 3118
 3070
 3022
 2964
 2894
 2824
 2752
 2682
 2614
 2554
 2494
 2432
 2366
 2298
 2234
 2174
 2122
 2066
 2010
 1966
 1924
 1894
 1870
 1850
 1836
 1834
 1838
 1848
 1870
 1898
 1930
 1964
 1994
 2020
 2050
 2088
 2132
 2182
 2234
 2288
 2346
 2414
 2480
 2536
 2590
 2642
 2694
 2746
 2798
 2852
 2900
 2942
 2976
 2994
 3006
 3010
 3004
 2992
 2964
 2924
 2880
 2832
 2790
 2740
 2678
 2614
 2552
 2490
 2434
 2382
 2332
 2278
 2224
 2168
 2112
 2058
 2008
 1962
 1916
 1870
 1822
 1778
 1742
 1718
 1706
 1702
 1706
 1716
 1738
 1768
 1804
 1848
 1894
 1946
 2000
 2048
 2094
 2142
 2190
 2238
 2284
 2330
 2376
 2424
 2472
 2530
 2596
 2654
 2704
 2752
 2798
 2846
 2892
 2936
 2976
 3008
 3032
 3050
 3060
 3060
 3048
 3024
 2986
 2940
 2882
 2816
 2750
 2686
 2630
 2574
 2514
 2450
 2386
 2324
 2266
 2210
 2156
 2100
 2046
 1988
 1928
 1874
 1824
 1778
 1736
 1702
 1676
 1658
 1654
 1662
 1680
 1714
 1748
 1790
 1834
 1878
 1928
 1978
 2028
 2080
 2128
 2180
 2232
 2290
 2354
 2420
 2478
 2528
 2574
 2624
 2682
 2746
 2828
 2902
 2966
 3032
 3082
 3118
 3142
 3168
 3190
 3200
 3192
 3162
 3114
 3052
 2984
 2906
 2824
 2740
 2654
 2564
 2480
 2404
 2340
 2274
 2210
 2146
 2086
 2028
 1972
 1920
 1868
 1816
 1764
 1718
 1682
 1660
 1656
 1666
 1680
 1698
 1726
 1766
 1810
 1866
 1928
 1986
 2044
 2104
 2166
 2224
 2282
 2344
 2400
 2454
 2502
 2546
 2590
 2634
 2678
 2720
 2760
 2796
 2832
 2868
 2908
 2954
 2988
 3010
 3034
 3056
 3082
 3110
 3134
 3156
 3164
 3160
 3136
 3100
 3056
 3006
 2958
 2902
 2838
 2770
 2702
 2638
 2584
 2528
 2470
 2406
 2344
 2280
 2220
 2164
 2106
 2052
 1998
 1944
 1894
 1854
 1826
 1810
 1804
 1808
 1816
 1836
 1864
 1902
 1950
 2002
 2054
 2106
 2152
 2198
 2242
 2288
 2338
 2388
 2436
 2482
 2528
 2574
 2620
 2668
 2712
 2756
 2794
 2830
 2866
 2906
 2954
 2996
 3030
 3058
 3084
 3108
 3122
 3126
 3116
 3090
 3050
 3000
 2946
 2892
 2840
 2786
 2726
 2670
 2612
 2550
 2488
 2430
 2380
 2338
 2290
 2242
 2192
 2144
 2104
 2070
 2046
 2032
 2032
 2036
 2048
 2070
 2100
 2136
 2180
 2226
 2272
 2320
 2366
 2412
 2460
 2516
 2578
 2638
 2696
 2744
 2788
 2830
 2872
 2912
 2950
 2986
 3018
 3046
 3070
 3084
 3098
 3096
 3080
 3054
 3016
 2972
 2924
 2882
 2846
 2804
 2756
 2702
 2646
 2594
 2544
 2496
 2450
 2396
 2346
 2298
 2252
 2210
 2178
 2156
 2142
 2138
 2148
 2162
 2190
 2222
 2256
 2298
 2346
 2392
 2442
 2488
 2530
 2574
 2622
 2670
 2714
 2758
 2800
 2840
 2880
 2918
 2950
 2974
 2996
 3014
 3020
 3002
 2962
 2916
 2870
 2820
 2760
 2692
 2626
 2558
 2492
 2430
 2370
 2310
 2248
 2188
 2126
 2068
 2016
 1970
 1922
 1880
 1846
 1816
 1792
 1778
 1780
 1790
 1812
 1838
 1868
 1894
 1924
 1958
 1996
 2038
 2082
 2126
 2166
 2202
 2240
 2280
 2324
 2366
 2410
 2452
 2496
 2534
 2566
 2590
 2618
 2654
 2684
 2712
 2740
 2768
 2798
 2828
 2854
 2870
 2876
 2872
 2854
 2828
 2790
 2748
 2702
 2648
 2592
 2536
 2474
 2414
 2358
 2304
 2260
 2212
 2160
 2106
 2056
 2008
 1964
 1926
 1888
 1856
 1828
 1810
 1804
 1814
 1830
 1854
 1884
 1922
 1964
 2008
 2058
 2110
 2174
 2246
 2308
 2366
 2418
 2472
 2528
 2582
 2634
 2686
 2730
 2772
 2812
 2844
 2878
 2910
 2938
 2962
 2986
 3002
 2998
 2982
 2956
 2928
 2898
 2852
 2798
 2738
 2674
 2612
 2548
 2482
 2412
 2342
 2272
 2200
 2132
 2070
 2016
 1964
 1916
 1878
 1850
 1830
 1828
 1836
 1856
 1884
 1918
 1954
 1998
 2050
 2106
 2170
 2238
 2310
 2376
 2436
 2490
 2540
 2594
 2652
 2710
 2770
 2822
 2868
 2908
 2944
 2984
 3034
 3074
 3104
 3132
 3160
 3186
 3206
 3212
 3206
 3184
 3150
 3104
 3048
 2990
 2932
 2874
 2810
 2744
 2674
 2606
 2540
 2478
 2424
 2376
 2324
 2270
 2218
 2166
 2120
 2078
 2044
 2014
 1994
 1982
 1980
 1990
 2010
 2038
 2072
 2114
 2158
 2206
 2258
 2312
 2376
 2448
 2514
 2576
 2634
 2686
 2740
 2796
 2850
 2904
 2956
 3004
 3048
 3088
 3130
 3174
 3214
 3242
 3258
 3272
 3266
 3250
 3220
 3184
 3146
 3096
 3038
 2974
 2906
 2842
 2774
 2706
 2638
 2568
 2500
 2430
 2364
 2306
 2252
 2198
 2150
 2102
 2060
 2016
 1986
 1968
 1966
 1978
 1998
 2026
 2060
 2106
 2158
 2212
 2268
 2330
 2386
 2442
 2496
 2550
 2604
 2658
 2712
 2764
 2814
 2856
 2892
 2928
 2964
 3010
 3062
 3104
 3134
 3158
 3182
 3208
 3232
 3252
 3268
 3280
 3290
 3298
 3290
 3272
 3244
 3210
 3166
 3114
 3054
 2992
 2930
 2874
 2822
 2764
 2700
 2638
 2576
 2522
 2472
 2424
 2378
 2330
 2280
 2234
 2192
 2158
 2136
 2124
 2122
 2128
 2140
 2162
 2194
 2238
 2298
 2356
 2412
 2462
 2514
 2562
 2612
 2662
 2712
 2762
 2808
 2852
 2892
 2930
 2964
 2994
 3024
 3050
 3070
 3086
 3108
 3136
 3176
 3214
 3236
 3260
 3276
 3284
 3278
 3256
 3226
 3180
 3124
 3064
 3000
 2936
 2872
 2806
 2740
 2674
 2608
 2540
 2476
 2414
 2362
 2312
 2260
 2202
 2148
 2098
 2054
 2022
 1998
 1988
 1986
 1996
 2016
 2048
 2092
 2146
 2212
 2286
 2362
 2434
 2506
 2572
 2644
 2720
 2786
 2840
 2884
 2922
 2958
 2992
 3022
 3052
 3078
 3096
 3110
 3120
 3122
 3118
 3104
 3078
 3042
 2996
 2948
 2896
 2846
 2798
 2744
 2686
 2630
 2574
 2526
 2478
 2434
 2388
 2342
 2294
 2248
 2202
 2164
 2130
 2100
 2076
 2060
 2050
 2048
 2060
 2080
 2118
 2164
 2208
 2252
 2296
 2342
 2392
 2442
 2492
 2538
 2584
 2628
 2672
 2720
 2768
 2816
 2860
 2894
 2924
 2950
 2958
 2946
 2920
 2884
 2846
 2810
 2768
 2718
 2664
 2602
 2544
 2486
 2430
 2372
 2316
 2258
 2196
 2138
 2082
 2034
 1986
 1942
 1908
 1884
 1872
 1868
 1878
 1902
 1932
 1980
 2030
 2076
 2128
 2178
 2232
 2284
 2336
 2390
 2446
 2500
 2552
 2598
 2648
 2700
 2750
 2794
 2838
 2878
 2916
 2946
 2974
 3000
 3024
 3046
 3056
 3042
 3012
 2968
 2916
 2860
 2798
 2732
 2662
 2590
 2514
 2438
 2368
 2304
 2244
 2182
 2124
 2066
 2002
 1944
 1892
 1844
 1806
 1772
 1746
 1728
 1726
 1738
 1770
 1814
 1862
 1916
 1970
 2020
 2070
 2124
 2176
 2228
 2286
 2340
 2394
 2450
 2510
 2578
 2646
 2698
 2746
 2788
 2832
 2880
 2926
 2970
 3010
 3040
 3064
 3084
 3102
 3114
 3116
 3102
 3070
 3028
 2980
 2932
 2888
 2840
 2780
 2714
 2644
 2576
 2510
 2448
 2386
 2324
 2262
 2200
 2138
 2082
 2034
 1988
 1944
 1902
 1864
 1838
 1826
 1826
 1836
 1852
 1874
 1906
 1946
 1990
 2042
 2098
 2152
 2208
 2262
 2316
 2378
 2440
 2504
 2568
 2622
 2674
 2726
 2778
 2840
 2904
 2954
 2992
 3028
 3060
 3092
 3126
 3164
 3194
 3216
 3218
 3206
 3180
 3144
 3102
 3054
 3000
 2940
 2878
 2816
 2756
 2706
 2654
 2602
 2542
 2482
 2422
 2366
 2314
 2268
 2222
 2178
 2138
 2110
 2100
 2106
 2128
 2160
 2202
 2250
 2292
 2336
 2386
 2438
 2504
 2568
 2622
 2676
 2726
 2774
 2826
 2874
 2920
 2964
 3004
 3042
 3076
 3108
 3142
 3172
 3198
 3216
 3230
 3226
 3206
 3180
 3144
 3116
 3084
 3038
 2984
 2922
 2856
 2788
 2716
 2644
 2570
 2496
 2420
 2346
 2272
 2208
 2144
 2084
 2026
 1974
 1924
 1876
 1832
 1798
 1776
 1768
 1766
 1778
 1796
 1826
 1866
 1916
 1968
 2030
 2094
 2160
 2228
 2294
 2358
 2424
 2488
 2550
 2612
 2668
 2718
 2772
 2824
 2884
 2946
 2994
 3030
 3060
 3090
 3122
 3156
 3186
 3214
 3234
 3240
 3232
 3214
 3192
 3164
 3128
 3086
 3042
 2988
 2930
 2874
 2824
 2774
 2720
 2666
 2612
 2558
 2510
 2462
 2420
 2376
 2336
 2298
 2262
 2230
 2210
 2206
 2214
 2224
 2240
 2254
 2270
 2300
 2338
 2392
 2454
 2504
 2550
 2592
 2634
 2680
 2722
 2768
 2808
 2846
 2884
 2920
 2954
 2986
 3018
 3050
 3076
 3094
 3102
 3102
 3098
 3092
 3074
 3040
 2996
 2946
 2892
 2838
 2778
 2716
 2648
 2582
 2514
 2450
 2382
 2314
 2250
 2190
 2132
 2074
 2022
 1974
 1936
 1900
 1860
 1824
 1790
 1762
 1748
 1746
 1754
 1768
 1792
 1820
 1854
 1890
 1936
 1988
 2042
 2098
 2158
 2210
 2260
 2312
 2366
 2432
 2498
 2554
 2606
 2654
