42
111
178
245
317
390
492
569
624
681
763
830
892
954
1049
1109
1171
1246
1251
1386
1403
1643
1692
1750
1810
1861
1936
1943
2014
2082
2248
2249
2301
2417
2486
2562
2619
2681
2743
2798
2854
2913
2984
3053
3064
3153
3163
3224
3284
3337
3393
3453
3507
3575
3635
3697
3766
3841
3929
3998
4060
4126
4190
4275
4279
4302
4361
4373
4480
4557
4614
4678
4742
4807
4881
4902
4968
5041
5106
5165
5227
5282
5346
5396
5458
5519
5589
5655
5704
5767
5777
5865
5927
5946
6018
6078
6144
6216
6288
6296
6346
6394
6449
6515
6573
6637
6700
6769
6839
6901
6962
7041
7117
7126
7177
7230
7289
7344
7399
7470
7549
7614
7680
7753
7835
7904
7996
7998
8069
8138
8206
8270
8338
8445
8510
8581
8645
8698
8756
8814
8874
8937
