42
197
228
249
382
386
464
466
513
572
587
641
669
741
809
874
950
1018
1091
1158
1228
1292
1354
1432
1505
1588
1659
1721
1801
1873
1966
2057
2130
2199
2273
2349
2427
2499
2574
2648
2722
2792
2872
2944
3012
3105
3180
3251
3321
3399
3474
3540
3613
3687
3759
3842
3923
4006
4090
4161
4236
4325
4391
4463
4544
4609
4685
4755
4842
4917
4926
4989
5054
5138
5221
5297
5378
5464
5541
5620
5696
5767
5850
5938
6021
6106
6188
6269
6347
6424
6497
6581
6666
6734
6806
6886
6958
7038
7113
7190
7272
7359
7435
7522
7595
7675
7760
7833
7909
7985
8060
8127
8149
8213
8294
8373
8453
8534
8612
8691
8761
8846
8923
9002
9086
9169
9251
9338
9410
9491
9576
9652
9731
9805
9888
9952
10026
10118
10193
10266
10346
10438
10439
10504
10606
10607
10690
10771
10866
10957
11032
11119
11190
11277
11367
11438
11515
11596
11666
11739
11804
11879
11959
12033
12109
12178
12265
12353
12432
12517
12604
12673
12749
12825
12897
12982
13056
13135
13210
13285
13343
13431
13507
13595
13668
13732
13807
13880
13951
14036
14120
14193
14268
14349
14420
14492
14572
14691
14764
14841
14914
14984
15073
15153
15239
15316
15397
15480
15574
15653
15738
15817
15892
15966
16037
16115
16192
16277
16343
16421
16496
16585
16657
16679
16755
16829
16916
16989
17068
17148
17218
17295
17376
17455
17539
17618
17698
17777
17852
17944
18023
18095
18177
18264
18339
18432
18516
18594
18676
18695
18761
18829
18903
18985
19062
19158
19251
19340
19419
19505
19588
19665
19742
19815
19907
19978
20050
20134
20217
20302
20378
