 2904
 2906
 2906
 2906
 2904
 2896
 2884
 2874
 2854
 2832
 2804
 2770
 2734
 2696
 2654
 2606
 2560
 2510
 2456
 2402
 2348
 2288
 2228
 2170
 2120
 2068
 2012
 1952
 1888
 1828
 1762
 1700
 1642
 1588
 1536
 1494
 1464
 1452
 1456
 1476
 1512
 1558
 1616
 1680
 1748
 1818
 1892
 1964
 2044
 2128
 2204
 2272
 2334
 2390
 2438
 2474
 2516
 2554
 2586
 2616
 2642
 2668
 2688
 2708
 2724
 2740
 2756
 2770
 2784
 2796
 2800
 2806
 2822
 2842
 2862
 2878
 2892
 2902
 2908
 2910
 2912
 2908
 2902
 2898
 2896
 2894
 2886
 2882
 2878
 2878
 2876
 2874
 2874
 2872
 2870
 2864
 2868
 2878
 2886
 2892
 2894
 2888
 2878
 2862
 2842
 2818
 2790
 2758
 2722
 2684
 2642
 2598
 2550
 2500
 2448
 2394
 2340
 2284
 2224
 2164
 2112
 2064
 2014
 1962
 1906
 1850
 1796
 1736
 1680
 1628
 1578
 1536
 1500
 1478
 1472
 1480
 1506
 1542
 1590
 1646
 1710
 1780
 1848
 1918
 2000
 2082
 2156
 2222
 2282
 2338
 2380
 2426
 2466
 2504
 2538
 2568
 2594
 2620
 2640
 2658
 2678
 2694
 2712
 2728
 2742
 2752
 2760
 2774
 2796
 2818
 2838
 2854
 2868
 2878
 2880
 2884
 2880
 2878
 2876
 2872
 2872
 2868
 2864
 2862
 2860
 2858
 2858
 2862
 2864
 2866
 2860
 2860
 2868
 2880
 2888
 2896
 2898
 2896
 2888
 2874
 2856
 2828
 2798
 2766
 2730
 2694
 2656
 2612
 2566
 2520
 2472
 2424
 2372
 2322
 2270
 2214
 2162
 2116
 2076
 2036
 1992
 1944
 1898
 1852
 1800
 1752
 1708
 1664
 1626
 1594
 1574
 1570
 1578
 1596
 1626
 1666
 1718
 1774
 1830
 1880
 1932
 1988
 2050
 2114
 2174
 2228
 2282
 2332
 2370
 2404
 2436
 2468
 2498
 2528
 2554
 2580
 2604
 2626
 2648
 2670
 2692
 2714
 2736
 2754
 2764
 2776
 2800
 2824
 2848
 2868
 2884
 2896
 2904
 2910
 2914
 2918
 2912
 2908
 2904
 2902
 2900
 2894
 2890
 2890
 2886
 2886
 2886
 2886
 2880
 2876
 2882
 2888
 2890
 2888
 2878
 2860
 2830
 2794
 2756
 2712
 2666
 2620
 2570
 2514
 2460
 2398
 2336
 2274
 2208
 2144
 2080
 2014
 1946
 1884
 1828
 1774
 1722
 1664
 1606
 1550
 1494
 1442
 1402
 1370
 1348
 1340
 1350
 1370
 1396
 1424
 1456
 1488
 1522
 1558
 1590
 1628
 1672
 1726
 1784
 1838
 1892
 1948
 2002
 2048
 2092
 2134
 2174
 2218
 2256
 2294
 2326
 2366
 2404
 2438
 2474
 2508
 2540
 2568
 2592
 2626
 2666
 2706
 2740
 2768
 2794
 2812
 2826
 2840
 2850
 2860
 2868
 2874
 2880
 2884
 2888
 2890
 2888
 2886
 2886
 2886
 2880
 2878
 2884
 2886
 2882
 2868
 2842
 2810
 2768
 2722
 2670
 2616
 2560
 2500
 2436
 2370
 2300
 2228
 2156
 2082
 2010
 1942
 1868
 1798
 1736
 1682
 1628
 1572
 1512
 1454
 1398
 1344
 1298
 1264
 1242
 1234
 1248
 1274
 1314
 1360
 1412
 1466
 1518
 1572
 1620
 1668
 1728
 1796
 1862
 1926
 1982
 2040
 2094
 2142
 2188
 2234
 2286
 2330
 2370
 2406
 2438
 2470
 2498
 2530
 2558
 2588
 2616
 2636
 2656
 2682
 2716
 2750
 2780
 2802
 2824
 2840
 2850
 2860
 2870
 2876
 2882
 2888
 2892
 2896
 2898
 2902
 2898
 2896
 2898
 2898
 2902
 2894
 2894
 2904
 2920
 2932
 2940
 2942
 2940
 2928
 2912
 2888
 2858
 2822
 2786
 2744
 2704
 2660
 2612
 2562
 2512
 2460
 2404
 2350
 2292
 2228
 2168
 2114
 2066
 2014
 1958
 1896
 1838
 1778
 1716
 1660
 1602
 1544
 1486
 1430
 1386
 1358
 1346
 1350
 1372
 1406
 1452
 1506
 1560
 1618
 1682
 1762
 1844
 1920
 1992
 2062
 2126
 2182
 2230
 2280
 2328
 2380
 2428
 2468
 2506
 2542
 2574
 2604
 2632
 2658
 2684
 2708
 2724
 2740
 2770
 2802
 2834
 2860
 2882
 2902
 2914
 2916
 2918
 2924
 2926
 2928
 2930
 2928
 2930
 2930
 2930
 2928
 2928
 2930
 2928
 2920
 2910
 2908
 2900
 2884
 2856
 2820
 2778
 2728
 2674
 2618
 2560
 2496
 2432
 2362
 2292
 2220
 2146
 2070
 1994
 1922
 1854
 1782
 1716
 1660
 1606
 1558
 1508
 1458
 1422
 1396
 1382
 1388
 1404
 1434
 1472
 1524
 1578
 1638
 1702
 1764
 1828
 1894
 1954
 2012
 2076
 2150
 2222
 2292
 2354
 2410
 2462
 2504
 2540
 2574
 2604
 2634
 2658
 2680
 2700
 2722
 2740
 2758
 2774
 2788
 2798
 2808
 2830
 2856
 2882
 2904
 2920
 2934
 2944
 2948
 2954
 2952
 2950
 2950
 2948
 2948
 2944
 2942
 2940
 2940
 2940
 2934
 2928
 2930
 2936
 2940
 2936
 2924
 2906
 2882
 2846
 2806
 2762
 2714
 2664
 2612
 2560
 2504
 2444
 2382
 2318
 2252
 2190
 2124
 2058
 1998
 1950
 1898
 1846
 1790
 1736
 1686
 1636
 1594
 1564
 1546
 1542
 1552
 1574
 1608
 1656
 1714
 1776
 1842
 1908
 1970
 2034
 2104
 2182
 2260
 2328
 2394
 2458
 2512
 2554
 2596
 2634
 2666
 2696
 2724
 2748
 2770
 2788
 2806
 2822
 2838
 2854
 2864
 2872
 2884
 2906
 2920
 2934
 2946
 2958
 2964
 2966
 2968
 2968
 2970
 2970
 2968
 2966
 2964
 2962
 2962
 2958
 2956
 2954
 2946
 2926
 2902
 2882
 2858
 2830
 2794
 2750
 2704
 2652
 2598
 2544
 2484
 2422
 2358
 2292
 2228
 2160
 2094
 2026
 1958
 1894
 1832
 1768
 1710
 1660
 1618
 1582
 1550
 1528
 1518
 1526
 1544
 1576
 1616
 1662
 1712
 1768
 1824
 1882
 1942
 2000
 2062
 2126
 2184
 2238
 2290
 2348
 2412
 2472
 2526
 2574
 2620
 2658
 2688
 2712
 2738
 2762
 2780
 2798
 2812
 2824
 2836
 2846
 2858
 2866
 2876
 2878
 2880
 2888
 2908
 2924
 2934
 2942
 2950
 2954
 2956
 2954
 2956
 2954
 2954
 2954
 2950
 2946
 2942
 2932
 2918
 2896
 2868
 2830
 2786
 2748
 2714
 2676
 2632
 2584
 2536
 2484
 2426
 2366
 2306
 2240
 2172
 2102
 2032
 1966
 1894
 1824
 1758
 1696
 1640
 1584
 1540
 1512
 1502
 1506
 1526
 1564
 1614
 1672
 1732
 1800
 1872
 1940
 2006
 2068
 2130
 2188
 2240
 2292
 2338
 2380
 2422
 2460
 2508
 2552
 2594
 2628
 2660
 2686
 2708
 2724
 2740
 2756
 2766
 2778
 2788
 2800
 2812
 2820
 2832
 2844
 2854
 2860
 2868
 2888
 2912
 2926
 2940
 2950
 2962
 2966
 2970
 2972
 2974
 2976
 2976
 2974
 2974
 2970
 2970
 2968
 2962
 2958
 2956
 2946
 2940
 2942
 2946
 2946
 2938
 2924
 2902
 2874
 2840
 2802
 2760
 2716
 2670
 2622
 2570
 2518
 2464
 2408
 2352
 2292
 2234
 2176
 2114
 2058
 2010
 1966
 1922
 1876
 1832
 1790
 1758
 1734
 1728
 1732
 1748
 1772
 1806
 1848
 1892
 1942
 1996
 2052
 2108
 2162
 2210
 2254
 2306
 2366
 2420
 2472
 2518
 2560
 2596
 2624
 2650
 2676
 2696
 2716
 2734
 2750
 2764
 2776
 2790
 2800
 2812
 2822
 2832
 2840
 2846
 2860
 2882
 2900
 2918
 2932
 2944
 2950
 2948
 2948
 2948
 2946
 2944
 2942
 2940
 2938
 2936
 2936
 2932
 2930
 2930
 2930
 2926
 2918
 2920
 2930
 2940
 2950
 2954
 2958
 2960
 2958
 2956
 2948
 2942
 2936
 2930
 2926
 2922
 2918
 2912
 2910
 2908
 2904
 2900
 2894
 2884
 2870
 2862
 2854
 2842
 2824
 2800
 2774
 2740
 2704
 2668
 2626
 2586
 2544
 2498
 2452
 2404
 2354
 2306
 2256
 2206
 2156
 2110
 2058
 2012
 1976
 1952
 1938
 1934
 1936
 1952
 1976
 2000
 2032
 2070
 2108
 2146
 2186
 2224
 2262
 2300
 2338
 2378
 2420
 2458
 2492
 2520
 2548
 2580
 2620
 2656
 2688
 2716
 2740
 2760
 2774
 2786
 2798
 2810
 2818
 2826
 2834
 2842
 2848
 2856
 2860
 2866
 2870
 2874
 2872
 2878
 2892
 2904
 2916
 2928
 2936
 2944
 2942
 2942
 2944
 2942
 2942
 2938
 2934
 2932
 2932
 2930
 2926
 2922
 2922
 2920
 2918
 2910
 2910
 2918
 2926
 2934
 2932
 2932
 2928
 2922
 2918
 2914
 2904
 2896
 2884
 2868
 2850
 2828
 2804
 2776
 2746
 2718
 2684
 2644
 2606
 2574
 2548
 2520
 2490
 2452
 2414
 2374
 2328
 2286
 2242
 2200
 2166
 2138
 2120
 2112
 2116
 2126
 2146
 2172
 2204
 2240
 2276
 2310
 2354
 2410
 2464
 2512
 2556
 2596
 2632
 2658
 2684
 2708
 2730
 2748
 2766
 2782
 2794
 2804
 2812
 2820
 2830
 2838
 2844
 2850
 2848
 2854
 2870
 2886
 2902
 2914
 2918
 2922
 2920
 2920
 2918
 2916
 2914
 2910
 2908
 2906
 2902
 2898
 2896
 2896
 2892
 2888
 2884
 2878
 2872
 2872
 2878
 2886
 2894
 2898
 2900
 2898
 2894
 2888
 2882
 2872
 2858
 2842
 2822
 2798
 2768
 2742
 2710
 2676
 2638
 2598
 2558
 2514
 2466
 2422
 2382
 2344
 2304
 2260
 2214
 2166
 2118
 2066
 2020
 1976
 1942
 1916
 1902
 1900
 1912
 1934
 1966
 2008
 2052
 2098
 2150
 2196
 2240
 2286
 2342
 2400
 2462
 2516
 2564
 2604
 2638
 2662
 2686
 2708
 2726
 2742
 2756
 2768
 2776
 2784
 2792
 2800
 2808
 2814
 2822
 2828
 2828
 2836
 2854
 2872
 2888
 2898
 2906
 2912
 2914
 2914
 2912
 2912
 2910
 2908
 2906
 2898
 2892
 2888
 2884
 2880
 2880
 2880
 2878
 2872
 2868
 2874
 2882
 2888
 2894
 2898
 2894
 2890
 2882
 2870
 2852
 2830
 2806
 2776
 2746
 2712
 2676
 2636
 2594
 2552
 2510
 2464
 2412
 2360
 2316
 2274
 2230
 2182
 2128
 2076
 2020
 1962
 1908
 1852
 1796
 1740
 1686
 1642
 1610
 1590
 1588
 1604
 1632
 1672
 1722
 1774
 1840
 1920
 2000
 2078
 2152
 2218
 2282
 2334
 2378
 2422
 2470
 2512
 2550
 2584
 2614
 2640
 2666
 2690
 2712
 2732
 2750
 2758
 2772
 2792
 2816
 2840
 2858
 2876
 2888
 2892
 2890
 2888
 2890
 2890
 2888
 2884
 2882
 2880
 2878
 2874
 2872
 2870
 2870
 2868
 2862
 2862
 2868
 2878
 2886
 2892
 2888
 2880
 2868
 2850
 2832
 2806
 2776
 2744
 2710
 2670
 2632
 2590
 2546
 2500
 2454
 2406
 2356
 2308
 2252
 2196
 2148
 2102
 2054
 2004
 1952
 1900
 1852
 1798
 1750
 1712
 1678
 1660
 1652
 1658
 1680
 1716
 1760
 1812
 1872
 1932
 2000
 2066
 2126
 2178
 2238
 2310
 2376
 2434
 2486
 2530
 2570
 2600
 2626
 2652
 2674
 2696
 2714
 2730
 2744
 2756
 2768
 2778
 2790
 2796
 2806
 2816
 2824
 2826
 2830
 2846
 2860
 2876
 2888
 2896
 2902
 2900
 2896
 2894
 2892
 2888
 2886
 2882
 2880
 2878
 2874
 2870
 2868
 2868
 2866
 2868
 2868
 2866
 2860
 2866
 2874
 2882
 2890
 2894
 2898
 2898
 2888
 2884
 2878
 2874
 2872
 2866
 2862
 2856
 2854
 2850
 2850
 2850
 2850
 2852
 2852
 2852
 2848
 2850
 2860
 2868
 2874
 2874
 2872
 2860
 2838
 2808
 2774
 2738
 2700
 2662
 2622
 2584
 2540
 2496
 2452
 2406
 2360
 2312
 2264
 2212
 2160
 2114
 2074
 2032
 1986
 1934
 1880
 1826
 1766
 1710
 1656
 1602
 1544
 1482
 1424
 1374
 1332
 1298
 1278
 1272
 1286
 1312
 1348
 1396
 1460
 1540
 1622
 1704
 1784
 1862
 1934
 1994
 2056
 2116
 2174
 2232
 2286
 2336
 2384
 2430
 2474
 2514
 2554
 2588
 2620
 2642
 2668
 2704
 2738
 2770
 2796
 2818
 2836
 2848
 2858
 2866
 2872
 2876
 2880
 2882
 2876
 2870
 2868
 2868
 2866
 2864
 2864
 2864
 2858
 2856
 2862
 2870
 2880
 2886
 2888
 2886
 2878
 2864
 2846
 2822
 2790
 2756
 2718
 2680
 2636
 2590
 2544
 2494
 2444
 2390
 2336
 2282
 2224
 2162
 2106
 2056
 2008
 1956
 1902
 1848
 1796
 1742
 1690
 1646
 1604
 1574
 1554
 1552
 1562
 1586
 1624
 1672
 1728
 1792
 1860
 1932
 2006
 2074
 2134
 2194
 2266
 2330
 2392
 2444
 2492
 2540
 2578
 2608
 2638
 2664
 2688
 2712
 2730
 2746
 2760
 2774
 2784
 2794
 2806
 2814
 2824
 2834
 2838
 2840
 2844
 2858
 2874
 2892
 2902
 2910
 2912
 2908
 2906
 2906
 2906
 2902
 2898
 2894
 2892
 2888
 2884
 2880
 2878
 2876
 2874
 2870
 2862
 2854
 2840
 2828
 2818
 2804
 2784
 2758
 2730
 2698
 2660
 2624
 2582
 2538
 2494
 2444
 2392
 2342
 2290
 2234
 2182
 2126
 2070
 2014
 1962
 1906
 1854
 1810
 1772
 1738
 1706
 1678
 1662
 1660
 1666
 1690
 1724
 1764
 1816
 1874
 1936
 2000
 2062
 2122
 2182
 2240
 2294
 2346
 2392
 2438
 2488
 2544
 2592
 2638
 2674
 2708
 2734
 2754
 2770
 2788
 2800
 2812
 2820
 2826
 2834
 2840
 2844
 2850
 2854
 2860
 2866
 2868
 2864
 2868
 2884
 2898
 2912
 2922
 2928
 2926
 2922
 2920
 2918
 2914
 2910
 2904
 2902
 2898
 2894
 2890
 2888
 2884
 2884
 2884
 2878
 2870
 2862
 2860
 2858
 2852
 2838
 2818
 2792
 2762
 2726
 2690
 2648
 2606
 2560
 2514
 2468
 2418
 2366
 2316
 2266
 2216
 2170
 2122
 2072
 2018
 1974
 1936
 1898
 1858
 1818
 1780
 1746
 1716
 1698
 1690
 1696
 1710
 1730
 1760
 1796
 1834
 1878
 1924
 1970
 2022
 2070
 2112
 2162
 2216
 2272
 2322
 2366
 2406
 2444
 2472
 2498
 2524
 2548
 2570
 2592
 2614
 2630
 2646
 2662
 2678
 2692
 2708
 2724
 2734
 2744
 2758
 2784
 2808
 2828
 2846
 2862
 2872
 2878
 2880
 2886
 2886
 2888
 2888
 2886
 2880
 2874
 2870
 2866
 2866
 2864
 2866
 2866
 2860
 2856
 2862
 2872
 2878
 2880
 2872
 2860
 2838
 2810
 2780
 2746
 2708
 2670
 2626
 2582
 2536
 2488
 2440
 2392
 2344
 2294
 2244
 2192
 2136
 2080
 2030
 1986
 1944
 1902
 1856
 1810
 1766
 1720
 1682
 1652
 1630
 1626
 1632
 1652
 1684
 1730
 1788
 1852
 1918
 1986
 2058
 2126
 2192
 2248
 2308
 2378
 2450
 2510
 2564
 2612
 2654
 2684
 2710
 2734
 2754
 2772
 2790
 2802
 2816
 2826
 2834
 2844
 2854
 2862
 2868
 2874
 2882
 2886
 2884
 2890
 2904
 2912
 2920
 2926
 2930
 2930
 2930
 2926
 2928
 2926
 2922
 2912
 2906
 2898
 2896
 2892
 2886
 2882
 2882
 2882
 2882
 2880
 2878
 2868
 2862
 2860
 2852
 2840
 2822
 2794
 2764
 2728
 2688
 2648
 2602
 2554
 2506
 2454
 2400
 2344
 2286
 2228
 2174
 2114
 2052
 1996
 1938
 1880
 1824
 1778
 1738
 1704
 1674
 1650
 1642
 1646
 1664
 1696
 1738
 1788
 1848
 1914
 1980
 2046
 2108
 2168
 2224
 2276
 2324
 2370
 2412
 2450
 2488
 2530
 2572
 2610
 2640
 2666
 2688
 2702
 2714
 2728
 2736
 2746
 2752
 2758
 2764
 2770
 2774
 2780
 2786
 2794
 2802
 2812
 2814
 2816
 2830
 2850
 2870
 2888
 2902
 2906
 2908
 2906
 2906
 2908
 2904
 2902
 2900
 2898
 2898
 2894
 2890
 2890
 2890
 2890
 2882
 2878
 2870
 2868
 2876
 2882
 2888
 2892
 2890
 2882
 2866
 2846
 2822
 2798
 2766
 2736
 2700
 2660
 2620
 2580
 2536
 2492
 2448
 2402
 2352
 2300
 2252
 2210
 2168
 2124
 2076
 2024
 1974
 1918
 1864
 1816
 1768
 1730
 1700
 1682
 1684
 1698
 1728
 1772
 1828
 1890
 1956
 2020
 2082
 2156
 2238
 2312
 2380
 2436
 2490
 2534
 2566
 2600
 2628
 2654
 2676
 2698
 2714
 2728
 2742
 2756
 2768
 2780
 2792
 2802
 2810
 2816
 2830
 2852
 2870
 2888
 2902
 2912
 2918
 2920
 2916
 2914
 2912
 2908
 2906
 2902
 2898
 2896
 2894
 2894
 2892
 2890
 2890
 2890
 2884
 2880
 2888
 2896
 2906
 2912
 2914
 2914
 2912
 2908
 2906
 2900
 2888
 2876
 2862
 2844
 2818
 2790
 2760
 2730
 2700
 2668
 2634
 2598
 2560
 2512
 2470
 2434
 2396
 2354
 2310
 2262
 2212
 2160
 2104
 2050
 1996
 1942
 1886
 1838
 1802
 1776
 1766
 1772
 1796
 1834
 1880
 1934
 1992
 2048
 2102
 2166
 2232
 2296
 2356
 2406
 2458
 2504
 2538
 2570
 2600
 2628
 2652
 2676
 2694
 2712
 2730
 2744
 2758
 2772
 2782
 2794
 2802
 2812
 2814
 2818
 2832
 2852
 2870
 2886
 2896
 2904
 2904
 2904
 2902
 2904
 2900
 2896
 2894
 2892
 2890
 2886
 2882
 2880
 2878
 2880
 2876
 2876
 2876
 2872
 2868
 2872
 2880
 2886
 2892
 2890
 2878
 2864
 2844
 2820
 2794
 2766
 2734
 2700
 2662
 2620
 2578
 2532
 2486
 2438
 2388
 2338
 2288
 2236
 2180
 2132
 2088
 2046
 2004
 1958
 1910
 1870
 1832
 1800
 1782
 1776
 1782
 1798
 1824
 1858
 1900
 1942
 1988
 2036
 2084
 2134
 2184
 2226
 2266
 2312
 2364
 2410
 2450
 2484
 2514
 2536
 2556
 2574
 2590
 2606
 2620
 2634
 2648
 2658
 2670
 2680
 2694
 2706
 2720
 2734
 2742
 2750
 2768
 2794
 2820
 2840
 2858
 2874
 2882
 2886
 2892
 2890
 2888
 2888
 2886
 2884
 2882
 2878
 2878
 2876
 2878
 2876
 2874
 2868
 2866
 2872
 2872
 2872
 2864
 2850
 2832
 2802
 2772
 2742
 2706
 2666
 2622
 2578
 2530
 2478
 2424
 2366
 2312
 2256
 2196
 2136
 2084
 2034
 1990
 1942
 1892
 1844
 1792
 1738
 1688
 1646
 1610
 1586
 1574
 1574
 1592
 1628
 1670
 1724
 1788
 1854
 1926
 1994
 2070
 2150
 2226
 2294
 2354
 2410
 2456
 2494
 2536
 2574
 2606
 2636
 2662
 2682
 2704
 2716
 2732
 2748
 2762
 2774
 2784
 2790
 2792
 2800
 2820
 2836
 2854
 2864
 2876
 2884
 2884
 2886
 2890
 2884
 2878
 2876
 2872
 2870
 2864
 2862
 2862
 2860
 2862
 2866
 2870
 2874
 2876
 2876
 2864
 2866
 2876
 2884
 2894
 2900
 2902
 2904
 2902
 2900
 2900
 2898
 2894
 2892
 2888
 2882
 2878
 2874
 2872
 2868
 2868
 2866
 2866
 2864
 2860
 2856
 2848
 2826
 2808
 2794
 2776
 2756
 2726
 2690
 2654
 2608
 2562
 2514
 2464
 2410
 2356
 2300
 2242
 2182
 2120
 2060
 1998
 1940
 1882
 1824
 1764
 1708
 1652
 1596
 1542
 1498
 1462
 1432
 1410
 1398
 1406
 1424
 1450
 1486
 1530
 1578
 1632
 1688
 1746
 1802
 1862
 1924
 1982
 2040
 2094
 2146
 2196
 2244
 2282
 2324
 2380
 2434
 2484
 2528
 2564
 2602
 2628
 2648
 2668
 2688
 2704
 2720
 2732
 2744
 2754
 2764
 2774
 2782
 2792
 2802
 2814
 2824
 2834
 2836
 2842
 2858
 2878
 2898
 2912
 2922
 2926
 2926
 2924
 2924
 2924
 2916
 2910
 2906
 2900
 2898
 2894
 2888
 2888
 2886
 2886
 2886
 2886
 2886
 2884
 2880
 2882
 2886
 2890
 2890
 2884
 2872
 2854
 2832
 2806
 2780
 2750
 2716
 2678
 2640
 2600
 2556
 2510
 2464
 2418
 2372
 2322
 2276
 2228
 2176
 2126
 2082
 2038
 1992
 1948
 1898
 1852
 1812
 1774
 1750
 1738
 1740
 1756
 1786
 1826
 1878
 1936
 1998
 2064
 2132
 2200
 2262
 2320
 2370
 2418
 2476
 2538
 2590
 2634
 2670
 2702
 2724
 2740
 2756
 2772
 2782
 2794
 2804
 2810
 2816
 2824
 2830
 2838
 2846
 2850
 2856
 2864
 2866
 2866
 2876
 2890
 2898
 2906
 2910
 2916
 2918
 2914
 2914
 2914
 2912
 2910
 2904
 2900
 2898
 2894
 2890
 2886
 2886
 2884
 2884
 2884
 2880
 2872
 2868
 2874
 2882
 2884
 2886
 2888
 2890
 2886
 2882
 2880
 2878
 2872
 2866
 2854
 2842
 2828
 2810
 2788
 2770
 2744
 2716
 2686
 2654
 2618
 2574
 2536
 2504
 2468
 2430
 2384
 2334
 2284
 2228
 2172
 2116
 2060
 2004
 1944
 1886
 1828
 1770
 1714
 1660
 1612
 1568
 1536
 1516
 1510
 1520
 1550
 1596
 1656
 1720
 1790
 1862
 1930
 1988
 2044
 2102
 2154
 2206
 2252
 2298
 2344
 2386
 2426
 2462
 2496
 2530
 2562
 2590
 2610
 2634
 2668
 2702
 2734
 2758
 2780
 2800
 2814
 2822
 2832
 2838
 2844
 2852
 2854
 2858
 2862
 2868
 2872
 2874
 2876
 2878
 2878
 2876
 2872
 2876
 2888
 2896
 2908
 2914
 2920
 2922
 2914
 2908
 2906
 2902
 2898
 2894
 2888
 2884
 2880
 2876
 2872
 2870
 2868
 2868
 2870
 2868
 2864
 2858
 2858
 2868
 2876
 2884
 2884
 2882
 2874
 2858
 2836
 2814
 2784
 2754
 2722
 2686
 2648
 2604
 2560
 2514
 2466
 2418
 2366
 2312
 2260
 2206
 2148
 2090
 2042
 1998
 1952
 1904
 1850
 1800
 1750
 1696
 1650
 1610
 1578
 1554
 1544
 1546
 1562
 1590
 1626
 1672
 1726
 1780
 1836
 1900
 1958
 2012
 2064
 2122
 2182
 2238
 2290
 2336
 2376
 2418
 2448
 2478
 2504
 2526
 2552
 2572
 2592
 2608
 2622
 2636
 2652
 2668
 2680
 2696
 2712
 2726
 2738
 2746
 2760
 2784
 2808
 2830
 2846
 2862
 2876
 2882
 2886
 2892
 2896
 2890
 2888
 2886
 2884
 2882
 2878
 2876
 2876
 2876
 2876
 2874
 2878
 2878
 2872
 2870
 2876
 2880
 2886
 2886
 2878
 2862
 2838
 2810
 2782
 2752
 2720
 2684
 2646
 2604
 2560
 2514
 2466
 2418
 2366
 2312
 2260
 2208
 2150
 2092
 2040
 1994
 1948
 1900
 1846
 1796
 1748
 1704
 1668
 1644
 1632
 1636
 1652
 1682
 1728
 1780
 1842
 1908
 1974
 2040
 2106
 2168
 2224
 2284
 2352
 2416
 2474
 2524
 2568
 2606
 2634
 2660
 2686
 2708
 2726
 2742
 2758
 2770
 2782
 2790
 2804
 2814
 2824
 2836
 2844
 2844
 2850
 2866
 2884
 2900
 2914
 2924
 2930
 2932
 2932
 2932
 2928
 2922
 2916
 2912
 2910
 2904
 2900
 2896
 2896
 2894
 2894
 2892
 2892
 2884
 2884
 2892
 2900
 2910
 2912
 2910
 2902
 2886
 2868
 2844
 2816
 2784
 2750
 2712
 2670
 2626
 2580
 2534
 2486
 2438
 2388
 2340
 2290
 2230
 2178
 2130
 2086
 2040
 1990
 1936
 1884
 1832
 1778
 1730
 1686
 1650
 1622
 1608
 1604
 1616
 1634
 1664
 1700
 1742
 1786
 1834
 1882
 1928
 1980
 2044
 2106
 2168
 2226
 2278
 2326
 2364
 2400
 2432
 2466
 2496
 2528
 2556
 2582
 2606
 2628
 2650
 2672
 2694
 2714
 2732
 2748
 2758
 2778
 2806
 2828
 2850
 2868
 2882
 2890
 2896
 2900
 2902
 2902
 2902
 2900
 2898
 2888
 2882
 2878
 2880
 2882
 2882
 2882
 2880
 2874
 2864
 2862
 2860
 2852
 2840
 2822
 2802
 2774
 2742
 2708
 2670
 2632
 2590
 2548
 2502
 2452
 2398
 2344
 2290
 2238
 2182
 2128
 2072
 2016
 1962
 1914
 1872
 1832
 1788
 1744
 1706
 1672
 1648
 1640
 1644
 1664
 1698
 1742
 1794
 1854
 1916
 1982
 2050
 2118
 2184
 2246
 2304
 2354
 2406
 2470
 2530
 2582
 2630
 2670
 2706
 2728
 2750
 2770
 2786
 2802
 2814
 2826
 2836
 2842
 2848
 2854
 2862
 2868
 2874
 2880
 2884
 2874
 2874
 2884
 2898
 2910
 2918
 2926
 2930
 2930
 2928
 2928
 2926
 2924
 2922
 2918
 2914
 2908
 2904
 2900
 2898
 2896
 2894
 2894
 2892
 2886
 2876
 2872
 2870
 2860
 2848
 2828
 2804
 2774
 2740
 2704
 2664
 2622
 2574
 2524
 2472
 2418
 2362
 2302
 2238
 2174
 2110
 2054
 2000
 1948
 1898
 1856
 1824
 1794
 1772
 1748
 1736
 1736
 1744
 1760
 1788
 1822
 1860
 1900
 1940
 1980
 2016
 2052
 2086
 2118
 2150
 2184
 2214
 2240
 2262
 2292
 2330
 2364
 2394
 2420
 2444
 2466
 2482
 2496
 2512
 2526
 2542
 2556
 2568
 2580
 2594
 2610
 2626
 2642
 2660
 2676
 2692
 2708
 2734
 2768
 2798
 2826
 2848
 2866
 2878
 2886
 2894
 2898
 2902
 2908
 2912
 2912
 2914
 2916
 2916
 2916
 2908
 2902
 2890
 2874
 2868
 2858
 2842
 2822
 2794
 2762
 2726
 2686
 2644
 2602
 2556
 2506
 2454
 2398
 2340
 2276
 2216
 2156
 2094
 2028
 1968
 1914
 1868
 1818
 1764
 1708
 1652
 1596
 1538
 1490
 1450
 1424
 1410
 1416
 1436
 1474
 1530
 1594
 1666
 1738
 1812
 1886
 1968
 2054
 2134
 2204
 2274
 2336
 2384
 2424
 2464
 2500
 2536
 2566
 2594
 2622
 2648
 2672
 2698
 2720
 2744
 2766
 2788
 2798
 2816
 2842
 2870
 2896
 2916
 2932
 2944
 2948
 2952
 2958
 2962
 2964
 2956
 2950
 2948
 2944
 2940
 2936
 2934
 2936
 2938
 2940
 2940
 2942
 2944
 2936
 2936
 2942
 2950
 2958
 2964
 2966
 2960
 2948
 2932
 2912
 2884
 2850
 2816
 2778
 2738
 2694
 2648
 2602
 2556
 2508
 2458
 2410
 2360
 2306
 2248
 2194
 2136
 2074
 2010
 1954
 1900
 1848
 1796
 1742
 1692
 1648
 1608
 1582
 1570
 1574
 1592
 1624
 1666
 1714
 1768
 1828
 1890
 1952
 2014
 2078
 2138
 2198
 2256
 2310
 2352
 2390
 2438
 2488
 2534
 2570
 2602
 2634
 2656
 2672
 2688
 2702
 2716
 2728
 2736
 2744
 2750
 2758
 2764
 2774
 2782
 2794
 2806
 2816
 2828
 2840
 2850
 2852
 2862
 2878
 2898
 2918
 2926
 2934
 2940
 2942
 2942
 2944
 2944
 2942
 2942
 2940
 2938
 2936
 2932
 2932
 2930
 2930
 2930
 2928
 2928
 2924
 2918
 2900
 2888
 2880
 2866
 2848
 2824
 2798
 2770
 2734
 2700
 2664
 2622
 2578
 2530
 2480
 2428
 2372
 2316
 2256
 2196
 2136
 2076
 2016
 1958
 1898
 1836
 1784
 1738
 1698
 1662
 1626
 1600
 1584
 1582
 1594
 1622
 1662
 1716
 1776
 1842
 1908
 1974
 2036
 2102
 2168
 2230
 2288
 2344
 2394
 2436
 2476
 2526
 2574
 2618
 2658
 2690
 2718
 2738
 2754
 2772
 2788
 2802
 2814
 2822
 2830
 2838
 2844
 2850
 2856
 2868
 2874
 2884
 2890
 2892
 2892
 2902
 2920
 2936
 2948
 2952
 2954
 2954
 2952
 2952
 2950
 2950
 2948
 2944
 2942
 2938
 2934
 2930
 2930
 2930
 2928
 2926
 2926
 2924
 2918
 2916
 2926
 2932
 2940
 2944
 2944
 2944
 2940
 2936
 2932
 2920
 2908
 2894
 2876
 2856
 2830
 2802
 2774
 2740
 2706
 2670
 2632
 2586
 2536
 2490
 2454
 2412
 2366
 2314
 2256
 2200
 2136
 2072
 2010
 1948
 1888
 1824
 1760
 1698
 1634
 1578
 1528
 1490
 1468
 1466
 1478
 1502
 1546
 1606
 1680
 1760
 1838
 1912
 1984
 2044
 2098
 2152
 2204
 2252
 2296
 2342
 2384
 2422
 2456
 2494
 2528
 2560
 2592
 2620
 2638
 2664
 2702
 2734
 2764
 2788
 2812
 2830
 2842
 2852
 2860
 2870
 2876
 2880
 2884
 2884
 2876
 2872
 2870
 2870
 2872
 2870
 2868
 2864
 2870
 2886
 2898
 2908
 2916
 2924
 2928
 2924
 2924
 2924
 2922
 2920
 2916
 2914
 2910
 2906
 2904
 2896
 2890
 2888
 2884
 2882
 2876
 2868
 2852
 2842
 2838
 2828
 2816
 2796
 2770
 2740
 2702
 2662
 2620
 2576
 2532
 2484
 2434
 2384
 2330
 2276
 2220
 2166
 2114
 2058
 2004
 1956
 1908
 1858
 1812
 1778
 1752
 1734
 1720
 1714
 1720
 1734
 1750
 1776
 1808
 1840
 1884
 1924
 1966
 2004
 2040
 2076
 2112
 2148
 2184
 2220
 2262
 2296
 2328
 2364
 2412
 2454
 2494
 2528
 2558
 2582
 2600
 2620
 2636
 2654
 2668
 2684
 2696
 2706
 2714
 2724
 2736
 2746
 2758
 2772
 2784
 2794
 2800
 2810
 2834
 2854
 2872
 2884
 2894
 2904
 2908
 2908
 2912
 2912
 2914
 2912
 2906
 2900
 2896
 2894
 2892
 2890
 2890
 2892
 2890
 2892
 2886
 2880
 2886
 2894
 2898
 2896
 2892
 2882
 2866
 2846
 2822
 2796
 2770
 2742
 2710
 2680
 2646
 2608
 2572
 2532
 2494
 2452
 2410
 2366
 2320
 2270
 2228
 2194
 2156
 2118
 2072
 2028
 1982
 1938
 1902
 1874
 1858
 1854
 1862
 1882
 1914
 1952
 1998
 2052
 2106
 2162
 2220
 2276
 2326
 2368
 2420
 2478
 2528
 2572
 2612
 2648
 2676
 2696
 2714
 2730
 2746
 2760
 2772
 2784
 2794
 2804
 2812
 2820
 2828
 2838
 2846
 2856
 2862
 2860
 2864
 2880
 2896
 2912
 2926
 2934
 2934
 2930
 2930
 2928
 2926
 2924
 2922
 2918
 2916
 2914
 2910
 2906
 2904
 2906
 2906
 2904
 2906
 2906
 2902
 2898
 2902
 2912
 2920
 2928
 2932
 2934
 2932
 2930
 2928
 2926
 2916
 2908
 2902
 2898
 2894
 2888
 2884
 2880
 2876
 2876
 2872
 2868
 2866
 2858
 2842
 2832
 2830
 2822
 2812
 2796
 2776
 2754
 2726
 2696
 2666
 2632
 2598
 2560
 2520
 2476
 2430
 2382
 2334
 2286
 2238
 2190
 2144
 2104
 2062
 2026
 2002
 1994
 2000
 2018
 2046
 2080
 2122
 2158
 2196
 2238
 2282
 2326
 2368
 2408
 2446
 2482
 2510
 2538
 2564
 2588
 2610
 2632
 2650
 2666
 2674
 2692
 2720
 2744
 2766
 2782
 2798
 2810
 2816
 2820
 2826
 2830
 2836
 2840
 2840
 2844
 2846
 2848
 2852
 2856
 2860
 2866
 2872
 2876
 2876
 2876
 2886
 2900
 2914
 2926
 2934
 2938
 2938
 2938
 2938
 2938
 2930
 2924
 2918
 2914
 2910
 2904
 2902
 2900
 2900
 2900
 2898
 2898
 2894
 2890
 2894
 2904
 2910
 2916
 2918
 2916
 2910
 2896
 2884
 2868
 2846
 2824
 2798
 2772
 2742
 2712
 2680
 2650
 2616
 2584
 2550
 2512
 2470
 2432
 2400
 2368
 2332
 2290
 2244
 2196
 2144
 2088
 2034
 1978
 1924
 1866
 1812
 1760
 1716
 1684
 1668
 1670
 1694
 1732
 1782
 1838
 1908
 1994
 2084
 2168
 2242
 2312
 2376
 2426
 2470
 2514
 2558
 2596
 2626
 2654
 2678
 2700
 2718
 2738
 2758
 2774
 2792
 2808
 2818
 2822
 2840
 2862
 2884
 2904
 2918
 2928
 2928
 2926
 2924
 2924
 2918
 2914
 2908
 2902
 2896
 2892
 2890
 2890
 2890
 2890
 2894
 2894
 2894
 2888
 2888
 2896
 2906
 2916
 2922
 2926
 2930
 2926
 2922
 2922
 2920
 2918
 2910
 2900
 2892
 2884
 2872
 2858
 2840
 2822
 2800
 2778
 2756
 2732
 2696
 2664
 2640
 2618
 2590
 2556
 2516
 2472
 2422
 2370
 2318
 2262
 2206
 2146
 2082
 2020
 1956
 1892
 1826
 1762
 1700
 1642
 1588
 1532
 1482
 1444
 1420
 1416
 1424
 1450
 1492
 1544
 1600
 1662
 1730
 1800
 1870
 1940
 2004
 2066
 2120
 2170
 2222
 2276
 2326
 2374
 2418
 2454
 2488
 2532
 2580
 2622
 2660
 2692
 2722
 2742
 2756
 2772
 2788
 2802
 2812
 2822
 2828
 2836
 2842
 2848
 2854
 2858
 2866
 2874
 2878
 2876
 2880
 2892
 2906
 2920
 2930
 2938
 2942
 2940
 2938
 2940
 2938
 2928
 2924
 2918
 2912
 2906
 2902
 2898
 2894
 2894
 2894
 2894
 2890
 2882
 2880
 2890
 2892
 2896
 2890
 2882
 2864
 2838
 2812
 2780
 2746
 2708
 2672
 2630
 2588
 2540
 2490
 2438
 2384
 2326
 2266
 2208
 2144
 2078
 2016
 1962
 1914
 1866
 1812
 1758
 1704
 1648
 1596
 1552
 1512
 1484
 1470
 1472
 1492
 1530
 1580
 1644
 1718
 1796
 1876
 1956
 2022
 2082
 2146
 2214
 2274
 2326
 2366
 2404
 2438
 2458
 2480
 2504
 2524
 2548
 2572
 2594
 2620
 2644
 2666
 2690
 2712
 2734
 2752
 2772
 2786
 2792
 2804
 2830
 2852
 2874
 2888
 2898
 2908
 2910
 2912
 2914
 2914
 2912
 2910
 2908
 2906
 2898
 2890
 2886
 2884
 2882
 2878
 2878
 2878
 2872
 2868
 2872
 2882
 2890
 2898
 2902
 2902
 2898
 2888
 2874
 2854
 2830
 2804
 2774
 2740
 2708
 2674
 2638
 2604
 2570
 2532
 2496
 2458
 2416
 2366
 2326
 2290
 2254
 2216
 2172
 2124
 2078
 2026
 1974
 1922
 1870
 1820
 1764
 1710
 1658
 1602
 1552
 1504
 1460
 1428
 1412
 1410
 1424
 1454
 1500
 1564
 1630
 1698
 1764
 1834
 1894
 1954
 2014
 2070
 2124
 2176
 2222
 2264
 2304
 2340
 2378
 2422
 2460
 2498
 2530
 2556
 2594
 2638
 2678
 2714
 2744
 2772
 2792
 2808
 2820
 2832
 2844
 2854
 2860
 2866
 2870
 2878
 2882
 2886
 2892
 2896
 2890
 2880
 2884
 2896
 2906
 2916
 2922
 2924
 2924
 2916
 2904
 2884
 2860
 2830
 2794
 2754
 2712
 2666
 2618
 2568
 2518
 2470
 2416
 2358
 2304
 2256
 2210
 2158
 2100
 2040
 1980
 1912
 1848
 1786
 1722
 1660
 1598
 1538
 1490
 1454
 1436
 1436
 1454
 1492
 1548
 1620
 1696
 1776
 1862
 1948
 2024
 2084
 2136
 2184
 2218
 2246
 2270
 2292
 2312
 2330
 2346
 2358
 2372
 2382
 2396
 2410
 2426
 2444
 2462
 2482
 2504
 2524
 2540
 2572
 2614
 2654
 2690
 2722
 2750
 2774
 2796
 2814
 2828
 2836
 2842
 2844
 2846
 2848
 2850
 2852
 2856
 2860
 2866
 2872
 2876
 2884
 2890
 2890
 2886
 2892
 2900
 2910
 2918
 2924
 2926
 2924
 2918
 2910
 2900
 2884
 2864
 2838
 2808
 2776
 2740
 2702
 2662
 2618
 2572
 2522
 2474
 2424
 2366
 2306
 2252
 2200
 2144
 2084
 2016
 1950
 1880
 1808
 1738
 1670
 1602
 1534
 1464
 1394
 1324
 1254
 1192
 1140
 1104
 1084
 1086
 1110
 1150
 1204
 1272
 1360
 1450
 1544
 1630
 1710
 1774
 1832
 1888
 1944
 2000
 2050
 2098
 2144
 2188
 2230
 2274
 2322
 2370
 2416
 2458
 2492
 2528
 2574
 2622
 2666
 2704
 2738
 2768
 2790
 2806
 2824
 2840
 2854
 2864
 2872
 2876
 2882
 2886
 2890
 2896
 2902
 2900
 2904
 2898
 2894
 2902
 2914
 2926
 2934
 2940
 2942
 2940
 2934
 2926
 2914
 2894
 2864
 2828
 2790
 2750
 2708
 2666
 2624
 2580
 2532
 2484
 2432
 2374
 2324
 2280
 2236
 2190
 2136
 2080
 2022
 1964
 1904
 1846
 1788
 1734
 1678
 1630
 1590
 1562
 1552
 1558
 1584
 1628
 1678
 1732
 1792
 1862
 1946
 2024
 2098
 2162
 2224
 2278
 2318
 2356
 2390
 2426
 2462
 2488
 2514
 2536
 2556
 2574
 2592
 2610
 2626
 2644
 2656
 2664
 2684
 2710
 2736
 2760
 2776
 2790
 2802
 2806
 2814
 2820
 2822
 2826
 2830
 2834
 2836
 2838
 2842
 2850
 2856
 2866
 2876
 2884
 2886
 2894
 2914
 2932
 2952
 2960
 2966
 2972
 2974
 2972
 2972
 2974
 2970
 2970
 2968
 2966
 2962
 2960
 2956
 2956
 2950
 2944
 2942
 2936
 2922
 2908
 2900
 2890
 2874
 2852
 2822
 2786
 2748
 2706
 2662
 2616
 2566
 2516
 2462
 2408
 2350
 2288
 2224
 2162
 2096
 2026
 1960
 1890
 1818
 1754
 1700
 1650
 1596
 1542
 1492
 1454
 1424
 1410
 1414
 1434
 1470
 1520
 1584
 1658
 1736
 1822
 1902
 1972
 2038
 2098
 2148
 2194
 2234
 2284
 2338
 2394
 2440
 2482
 2518
 2548
 2572
 2594
 2620
 2642
 2664
 2686
 2706
 2722
 2736
 2750
 2766
 2782
 2796
 2808
 2822
 2836
 2840
 2850
 2874
 2894
 2908
 2920
 2930
 2936
 2936
 2938
 2938
 2940
 2938
 2940
 2936
 2936
 2932
 2932
 2928
 2926
 2926
 2924
 2924
 2926
 2918
 2906
 2900
 2906
 2914
 2922
 2926
 2930
 2928
 2924
 2918
 2916
 2912
 2908
 2902
 2896
 2890
 2886
 2882
 2878
 2876
 2874
 2874
 2876
 2878
 2876
 2872
 2868
 2874
 2884
 2892
 2900
 2902
 2904
 2902
 2886
 2874
 2858
 2836
 2810
 2782
 2754
 2720
 2686
 2650
 2616
 2580
 2540
 2502
 2458
 2414
 2366
 2326
 2294
 2260
 2222
 2178
 2130
 2080
 2024
 1972
 1920
 1868
 1814
 1760
 1706
 1652
 1598
 1550
 1506
 1472
 1454
 1450
 1458
 1478
 1520
 1574
 1630
 1688
 1744
 1800
 1852
 1896
 1942
 1988
 2034
 2082
 2122
 2162
 2200
 2234
 2268
 2304
 2340
 2370
 2398
 2428
 2470
 2514
 2552
 2586
 2618
 2644
 2662
 2676
 2694
 2708
 2722
 2734
 2744
 2754
 2762
 2770
 2778
 2790
 2800
 2806
 2810
 2826
 2846
 2868
 2886
 2898
 2908
 2912
 2910
 2906
 2906
 2904
 2900
 2898
 2896
 2892
 2890
 2888
 2886
 2886
 2888
 2888
 2890
 2886
 2880
 2880
 2888
 2892
 2890
 2882
 2870
 2852
 2824
 2790
 2754
 2718
 2682
 2642
 2600
 2556
 2508
 2460
 2408
 2358
 2306
 2254
 2198
 2142
 2084
 2026
 1962
 1904
 1854
 1812
 1766
 1722
 1676
 1634
 1594
 1562
 1542
 1536
 1544
 1570
 1606
 1654
 1712
 1776
 1852
 1926
 2000
 2074
 2144
 2214
 2280
 2338
 2382
 2426
 2480
 2532
 2578
 2618
 2648
 2678
 2696
 2712
 2726
 2738
 2748
 2758
 2764
 2770
 2772
 2776
 2784
 2786
 2792
 2796
 2804
 2812
 2818
 2826
 2830
 2830
 2838
 2854
 2870
 2886
 2890
 2896
 2900
 2896
 2896
 2896
 2894
 2894
 2892
 2890
 2886
 2884
 2880
 2878
 2876
 2874
 2874
 2876
 2876
 2876
 2876
 2870
 2864
 2868
 2876
 2878
 2876
 2872
 2866
 2858
 2840
 2820
 2798
 2772
 2748
 2722
 2692
 2658
 2624
 2590
 2554
 2520
 2484
 2446
 2410
 2370
 2332
 2286
 2238
 2200
 2168
 2132
 2096
 2054
 2018
 1986
 1962
 1948
 1946
 1956
 1978
 2008
 2040
 2080
 2120
 2164
 2210
 2256
 2302
 2346
 2392
 2432
 2462
 2492
 2528
 2568
 2602
 2630
 2654
 2674
 2690
 2702
 2716
 2726
 2736
 2746
 2756
 2762
 2768
 2774
 2782
 2790
 2798
 2806
 2814
 2824
 2826
 2830
 2846
 2864
 2882
 2898
 2908
 2918
 2920
 2912
 2912
 2908
 2906
 2902
 2894
 2884
 2880
 2874
 2870
 2868
 2866
 2864
 2866
 2862
 2856
 2856
 2868
 2876
 2886
 2890
 2890
 2892
 2890
 2886
 2882
 2880
 2876
 2872
 2870
 2864
 2860
 2858
 2856
 2854
 2856
 2858
 2856
 2852
 2856
 2868
 2880
 2894
 2904
 2910
 2908
 2900
 2894
 2886
 2872
 2856
 2838
 2816
 2792
 2766
 2738
 2710
 2678
 2648
 2618
 2584
 2544
 2512
 2484
 2458
 2428
 2390
 2352
 2308
 2260
 2208
 2160
 2110
 2058
 2006
 1952
 1896
 1838
 1780
 1724
 1670
 1620
 1574
 1526
 1484
 1456
 1442
 1442
 1454
 1480
 1522
 1568
 1614
 1662
 1716
 1772
 1830
 1886
 1938
 1988
 2040
 2090
 2138
 2182
 2226
 2266
 2300
 2330
 2368
 2410
 2456
 2492
 2524
 2552
 2576
 2592
 2608
 2624
 2638
 2652
 2664
 2676
 2686
 2694
 2704
 2718
 2730
 2740
 2754
 2766
 2770
 2776
 2792
 2810
 2830
 2848
 2862
 2872
 2876
 2878
 2884
 2886
 2888
 2890
 2886
 2880
 2874
 2868
 2862
 2860
 2860
 2858
 2854
 2848
 2836
 2816
 2790
 2770
 2750
 2722
 2688
 2646
 2598
 2542
 2480
 2418
 2352
 2284
 2212
 2138
 2064
 1986
 1908
 1832
 1760
 1688
 1614
 1544
 1476
 1406
 1338
 1278
 1224
 1172
 1124
 1076
 1028
 990
 962
 944
 944
 954
 978
 1008
 1050
 1102
 1158
 1216
 1274
 1332
 1396
 1456
 1512
 1566
 1618
 1688
 1760
 1826
 1890
 1950
 2008
 2060
 2102
 2146
 2190
 2238
 2282
 2320
 2358
 2394
 2428
 2464
 2498
 2532
 2564
 2596
 2624
 2642
 2670
 2708
 2744
 2776
 2804
 2826
 2844
 2856
 2868
 2878
 2888
 2894
 2894
 2892
 2894
 2894
 2896
 2898
 2898
 2900
 2904
 2902
 2890
 2884
 2880
 2868
 2850
 2818
 2782
 2740
 2686
 2632
 2574
 2512
 2444
 2374
 2300
 2224
 2148
 2070
 1990
 1914
 1840
 1762
 1686
 1616
 1552
 1498
 1442
 1384
 1324
 1266
 1214
 1164
 1130
 1106
 1100
 1110
 1132
 1170
 1216
 1270
 1340
 1410
 1478
 1542
 1614
 1692
 1774
 1848
 1914
 1974
 2034
 2078
 2120
 2162
 2200
 2240
 2278
 2314
 2348
 2384
 2416
 2454
 2488
 2522
 2546
 2574
 2620
 2662
 2702
 2736
 2766
 2794
 2810
 2824
 2840
 2854
 2864
 2874
 2884
 2890
 2894
 2900
 2904
 2910
 2916
 2916
 2912
 2918
 2932
 2944
 2946
 2944
 2936
 2920
 2896
 2868
 2836
 2798
 2756
 2712
 2666
 2614
 2562
 2510
 2454
 2398
 2342
 2282
 2216
 2162
 2112
 2064
 2014
 1960
 1900
 1844
 1784
 1726
 1672
 1616
 1564
 1516
 1476
 1452
 1442
 1452
 1476
 1516
 1570
 1632
 1704
 1780
 1868
 1964
 2048
 2124
 2188
 2244
 2288
 2324
 2362
 2398
 2432
 2464
 2494
 2524
 2552
 2582
 2614
 2644
 2678
 2706
 2732
 2752
 2782
 2822
 2858
 2890
 2912
 2930
 2938
 2942
 2946
 2950
 2954
 2954
 2956
 2956
 2956
 2956
 2954
 2954
 2954
 2954
 2954
 2950
 2942
 2944
 2956
 2966
 2976
 2980
 2984
 2984
 2980
 2972
 2964
 2952
 2940
 2922
 2900
 2874
 2846
 2818
 2790
 2756
 2724
 2688
 2650
 2606
 2562
 2522
 2488
 2450
 2410
 2360
 2312
 2260
 2206
 2158
 2114
 2078
 2048
 2030
 2026
 2034
 2052
 2082
 2124
 2170
 2220
 2274
 2328
 2376
 2424
 2484
 2548
 2602
 2650
 2692
 2730
 2758
 2780
 2802
 2822
 2840
 2856
 2868
 2880
 2886
 2886
 2886
 2890
 2892
 2896
 2898
 2900
 2896
 2896
 2908
 2920
 2934
 2944
 2952
 2956
 2954
 2952
 2950
 2950
 2948
 2944
 2940
 2938
 2934
 2930
 2926
 2924
 2922
 2922
 2922
 2922
 2918
 2912
 2916
 2928
 2932
 2934
 2936
 2936
 2934
 2930
 2926
 2924
 2922
 2920
 2918
 2914
 2914
 2912
 2910
 2908
 2906
 2906
 2902
 2898
 2890
 2874
 2862
 2860
 2854
 2846
 2832
 2812
 2788
 2760
 2730
 2700
 2666
 2630
 2594
 2558
 2520
 2478
 2436
 2394
 2350
 2308
 2266
 2226
 2182
 2140
 2104
 2076
 2046
 2010
 1966
 1922
 1878
 1836
 1802
 1778
 1764
 1758
 1768
 1788
 1822
 1862
 1908
 1960
 2014
 2066
 2114
 2164
 2226
 2292
 2356
 2410
 2458
 2502
 2536
 2562
 2588
 2610
 2630
 2650
 2668
 2686
 2700
 2712
 2722
 2738
 2750
 2756
 2762
 2776
 2798
 2818
 2840
 2852
 2866
 2874
 2878
 2880
 2884
 2886
 2882
 2878
 2876
 2874
 2874
 2872
 2872
 2876
 2876
 2876
 2864
 2866
 2878
 2888
 2900
 2906
 2912
 2912
 2912
 2910
 2906
 2904
 2902
 2898
 2896
 2892
 2888
 2886
 2884
 2882
 2880
 2880
 2880
 2880
 2876
 2868
 2874
 2882
 2890
 2894
 2886
 2880
 2866
 2850
 2830
 2808
 2780
 2754
 2724
 2690
 2656
 2616
 2576
 2536
 2494
 2450
 2406
 2358
 2314
 2266
 2214
 2164
 2122
 2082
 2040
 1996
 1944
 1896
 1846
 1790
 1742
 1692
 1644
 1598
 1554
 1520
 1496
 1486
 1492
 1510
 1548
 1592
 1642
 1698
 1754
 1810
 1862
 1922
 1986
 2050
 2110
 2162
 2210
 2252
 2282
 2314
 2340
 2368
 2392
 2414
 2434
 2454
 2472
 2490
 2510
 2530
 2552
 2572
 2592
 2612
 2634
 2646
 2660
 2684
 2710
 2738
 2760
 2780
 2796
 2808
 2816
 2824
 2830
 2836
 2840
 2844
 2846
 2848
 2852
 2852
 2856
 2860
 2864
 2868
 2872
 2878
 2886
 2884
 2880
 2888
 2892
 2898
 2902
 2898
 2888
 2872
 2848
 2820
 2792
 2758
 2722
 2682
 2640
 2596
 2550
 2500
 2450
 2402
 2352
 2298
 2242
 2184
 2124
 2060
 1998
 1942
 1890
 1834
 1776
 1712
 1652
 1592
 1532
 1478
 1430
 1392
 1364
 1350
 1352
 1372
 1412
 1468
 1538
 1616
 1700
 1784
 1854
 1914
 1962
 2016
 2074
 2124
 2164
 2202
 2234
 2264
 2286
 2302
 2322
 2340
 2358
 2372
 2388
 2404
 2420
 2440
 2462
 2486
 2510
 2536
 2564
 2592
 2612
 2634
 2674
 2710
 2744
 2772
 2794
 2814
 2828
 2838
 2850
 2860
 2866
 2872
 2878
 2880
 2882
 2890
 2896
 2900
 2904
 2904
 2904
 2904
 2902
 2894
 2894
 2902
 2908
 2914
 2920
 2922
 2920
 2912
 2904
 2900
 2896
 2892
 2888
 2884
 2882
 2880
 2878
 2878
 2878
 2878
 2880
 2880
 2882
 2876
 2874
 2878
 2890
 2898
 2902
 2904
 2900
 2892
 2872
 2850
 2824
 2794
 2762
 2728
 2690
 2650
 2606
 2560
 2512
 2462
 2414
 2362
 2306
 2250
 2202
 2160
 2116
 2068
 2012
 1952
 1892
 1822
 1756
 1692
 1626
 1560
 1494
 1426
 1364
 1308
 1260
 1230
 1220
 1232
 1260
 1308
 1372
 1460
 1558
 1652
 1728
 1800
 1860
 1906
 1948
 1990
 2026
 2060
 2090
 2118
 2148
 2178
 2210
 2250
 2288
 2326
 2362
 2388
 2420
 2464
 2508
 2550
 2586
 2618
 2648
 2672
 2690
 2706
 2724
 2742
 2754
 2766
 2776
 2788
 2796
 2806
 2816
 2826
 2838
 2848
 2860
 2860
 2864
 2880
 2896
 2914
 2926
 2934
 2934
 2932
 2930
 2928
 2928
 2924
 2920
 2918
 2914
 2912
 2902
 2894
 2890
 2886
 2880
 2872
 2858
 2842
 2820
 2790
 2760
 2738
 2716
 2686
 2654
 2616
 2574
 2526
 2478
 2430
 2376
 2322
 2262
 2200
 2134
 2068
 2000
 1930
 1862
 1792
 1730
 1668
 1604
 1546
 1490
 1440
 1400
 1378
 1374
 1386
 1416
 1456
 1512
 1572
 1630
 1700
 1774
 1844
 1918
 1986
 2048
 2106
 2160
 2212
 2262
 2314
 2362
 2408
 2450
 2492
 2530
 2556
 2586
 2628
 2666
 2702
 2732
 2754
 2776
 2786
 2798
 2808
 2816
 2822
 2826
 2832
 2836
 2840
 2842
 2846
 2852
 2860
 2866
 2872
 2878
 2886
 2888
 2890
 2898
 2912
 2922
 2930
 2936
 2940
 2942
 2938
 2938
 2938
 2934
 2932
 2922
 2914
 2906
 2898
 2894
 2888
 2880
 2874
 2866
 2854
 2836
 2812
 2782
 2760
 2742
 2724
 2704
 2676
 2638
 2598
 2548
 2498
 2442
 2386
 2324
 2262
 2198
 2130
 2062
 1994
 1928
 1864
 1798
 1738
 1680
 1622
 1572
 1538
 1520
 1514
 1526
 1554
 1598
 1648
 1698
 1758
 1822
 1890
 1956
 2018
 2078
 2134
 2184
 2236
 2284
 2334
 2382
 2426
 2462
 2494
 2534
 2578
 2620
 2654
 2684
 2712
 2734
 2746
 2760
 2774
 2784
 2796
 2804
 2810
 2816
 2822
 2826
 2836
 2840
 2850
 2864
 2870
 2870
 2876
 2894
 2904
 2914
 2918
 2920
 2920
 2916
 2912
 2912
 2910
 2908
 2904
 2900
 2898
 2896
 2894
 2886
 2882
 2882
 2882
 2884
 2886
 2882
 2880
 2888
 2900
 2912
 2922
 2930
 2934
 2934
 2930
 2928
 2924
 2916
 2906
 2890
 2870
 2848
 2822
 2796
 2770
 2742
 2710
 2678
 2642
 2600
 2556
 2522
 2488
 2454
 2412
 2366
 2318
 2262
 2204
 2148
 2088
 2024
 1960
 1890
 1822
 1756
 1688
 1628
 1576
 1536
 1512
 1504
 1514
 1538
 1586
 1656
 1744
 1836
 1924
 2002
 2070
 2122
 2166
 2208
 2252
 2290
 2324
 2352
 2378
 2404
 2430
 2456
 2482
 2508
 2534
 2560
 2584
 2600
 2620
 2650
 2682
 2708
 2730
 2746
 2762
 2770
 2776
 2782
 2786
 2790
 2790
 2792
 2792
 2792
 2794
 2796
 2798
 2802
 2806
 2814
 2822
 2828
 2832
 2828
 2830
 2844
 2856
 2868
 2876
 2876
 2876
 2872
 2868
 2866
 2862
 2856
 2852
 2846
 2840
 2834
 2828
 2822
 2816
 2812
 2808
 2800
 2792
 2778
 2762
 2736
 2710
 2692
 2674
 2650
 2618
 2582
 2540
 2494
 2444
 2396
 2342
 2288
 2234
 2174
 2120
 2062
 2006
 1956
 1912
 1878
 1854
 1842
 1840
 1848
 1862
 1884
 1924
 1972
 2020
 2064
 2104
 2144
 2178
 2204
 2234
 2264
 2290
 2320
 2348
 2374
 2400
 2422
 2442
 2464
 2488
 2510
 2536
 2560
 2582
 2598
 2622
 2660
 2696
 2732
 2762
 2786
 2810
 2824
 2836
 2850
 2864
 2872
 2880
 2886
 2888
 2890
 2890
 2890
 2892
 2886
 2884
 2882
 2882
 2878
 2874
 2880
 2898
 2918
 2934
 2942
 2948
 2952
 2954
 2956
 2960
 2960
 2960
 2960
 2956
 2954
 2946
 2936
 2924
 2912
 2892
 2870
 2848
 2820
 2786
 2754
 2730
 2702
 2674
 2640
 2604
 2562
 2516
 2462
 2408
 2348
 2288
 2224
 2156
 2092
 2030
 1968
 1908
 1854
 1800
 1756
 1728
 1712
 1712
 1728
 1764
 1818
 1874
 1932
 1988
 2044
 2094
 2136
 2180
 2224
 2264
 2302
 2336
 2368
 2396
 2424
 2450
 2478
 2504
 2528
 2556
 2578
 2596
 2622
 2660
 2698
 2732
 2762
 2786
 2808
 2822
 2836
 2848
 2860
 2872
 2882
 2892
 2902
 2910
 2916
 2924
 2928
 2938
 2946
 2952
 2946
 2944
 2956
 2974
 3002
 3020
 3032
 3036
 3032
 3030
 3028
 3028
 3020
 3008
 2990
 2968
 2942
 2912
 2878
 2846
 2810
 2774
 2738
 2698
 2652
 2618
 2592
 2558
 2520
 2474
 2426
 2372
 2312
 2252
 2194
 2134
 2072
 2008
 1940
 1874
 1816
 1762
 1726
 1702
 1694
 1706
 1734
 1770
 1818
 1884
 1966
 2048
 2128
 2204
 2274
 2332
 2378
 2422
 2462
 2496
 2528
 2556
 2580
 2600
 2620
 2640
 2658
 2678
 2694
 2710
 2728
 2742
 2750
 2760
 2784
 2814
 2840
 2862
 2880
 2894
 2902
 2906
 2912
 2918
 2922
 2924
 2924
 2926
 2926
 2926
 2928
 2928
 2930
 2936
 2940
 2942
 2946
 2950
 2942
 2944
 2956
 2968
 2980
 2990
 2996
 2992
 2988
 2984
 2984
 2982
 2978
 2976
 2972
 2966
 2958
 2946
 2932
 2914
 2892
 2870
 2842
 2814
 2784
 2750
 2710
 2670
 2638
 2606
 2574
 2536
 2490
 2444
 2394
 2338
 2282
 2224
 2164
 2100
 2034
 1964
 1890
 1818
 1748
 1686
 1638
 1608
 1590
 1592
 1616
 1654
 1702
 1758
 1834
 1920
 2008
 2090
 2162
 2228
 2282
 2322
 2368
 2410
 2448
 2484
 2518
 2548
 2576
 2604
 2628
 2654
 2682
 2708
 2734
 2758
 2782
 2804
 2814
 2828
 2854
 2880
 2906
 2926
 2940
 2950
 2952
 2946
 2944
 2940
 2934
 2928
 2924
 2918
 2912
 2904
 2898
 2892
 2890
 2890
 2892
 2896
 2896
 2898
 2892
 2896
 2906
 2918
 2930
 2936
 2942
 2946
 2942
 2942
 2940
 2938
 2938
 2934
 2930
 2928
 2924
 2922
 2914
 2908
 2906
 2902
 2900
 2890
 2878
 2856
 2840
 2828
 2812
 2792
 2766
 2738
 2706
 2668
 2630
 2590
 2546
 2498
 2448
 2394
 2336
 2274
 2210
 2146
 2080
 2012
 1944
 1880
 1810
 1744
 1684
 1634
 1582
 1536
 1492
 1460
 1440
 1432
 1442
 1472
 1514
 1572
 1644
 1732
 1822
 1904
 1976
 2038
 2090
 2138
 2174
 2204
 2236
 2290
 2342
 2388
 2428
 2464
 2498
 2524
 2546
 2570
 2596
 2622
 2646
 2666
 2688
 2708
 2730
 2750
 2770
 2788
 2808
 2818
 2828
 2852
 2878
 2900
 2914
 2922
 2930
 2932
 2936
 2936
 2936
 2936
 2936
 2934
 2932
 2928
 2926
 2926
 2924
 2924
 2926
 2926
 2918
 2916
 2924
 2934
 2944
 2952
 2954
 2952
 2944
 2940
 2934
 2928
 2916
 2902
 2882
 2858
 2834
 2804
 2772
 2742
 2716
 2692
 2668
 2638
 2604
 2562
 2510
 2460
 2418
 2374
 2328
 2272
 2210
 2148
 2076
 2006
 1942
 1876
 1812
 1746
 1680
 1614
 1558
 1510
 1478
 1464
 1472
 1498
 1542
 1600
 1670
 1744
 1824
 1906
 2000
 2094
 2182
 2252
 2312
 2362
 2400
 2430
 2468
 2502
 2532
 2560
 2582
 2604
 2622
 2638
 2654
 2668
 2684
 2700
 2716
 2730
 2746
 2762
 2774
 2780
 2792
 2816
 2840
 2862
 2880
 2894
 2904
 2900
 2900
 2902
 2902
 2900
 2900
 2896
 2896
 2894
 2892
 2892
 2890
 2892
 2896
 2898
 2898
 2902
 2904
 2898
 2894
 2896
 2904
 2912
 2918
 2924
 2924
 2918
 2908
 2896
 2878
 2854
 2830
 2798
 2766
 2732
 2698
 2662
 2630
 2594
 2556
 2514
 2466
 2416
 2362
 2300
 2238
 2180
 2126
 2068
 2006
 1940
 1874
 1806
 1736
 1672
 1610
 1550
 1490
 1434
 1386
 1360
 1348
 1356
 1388
 1440
 1510
 1592
 1680
 1766
 1842
 1910
 1984
 2054
 2112
 2160
 2206
 2244
 2270
 2290
 2308
 2330
 2350
 2372
 2392
 2412
 2430
 2448
 2466
 2490
 2514
 2538
 2566
 2596
 2620
 2640
 2670
 2716
 2754
 2788
 2814
 2838
 2860
 2866
 2878
 2886
 2884
 2884
 2882
 2880
 2878
 2874
 2870
 2870
 2868
 2870
 2868
 2868
 2868
 2866
 2860
 2860
 2872
 2882
 2894
 2898
 2900
 2902
 2900
 2898
 2898
 2894
 2892
 2888
 2886
 2882
 2874
 2868
 2862
 2860
 2860
 2858
 2858
 2858
 2856
 2846
 2848
 2854
 2856
 2852
 2840
 2824
 2800
 2766
 2732
 2696
 2654
 2614
 2568
 2520
 2468
 2412
 2356
 2298
 2244
 2184
 2124
 2068
 2006
 1944
 1886
 1836
 1790
 1740
 1686
 1628
 1572
 1512
 1450
 1400
 1348
 1310
 1282
 1264
 1262
 1276
 1304
 1346
 1400
 1460
 1530
 1604
 1674
 1744
 1818
 1898
 1968
 2030
 2088
 2138
 2182
 2222
 2258
 2294
 2326
 2356
 2384
 2406
 2430
 2452
 2478
 2502
 2528
 2554
 2576
 2592
 2618
 2654
 2688
 2718
 2742
 2764
 2782
 2792
 2804
 2812
 2822
 2828
 2832
 2836
 2838
 2844
 2846
 2850
 2856
 2860
 2868
 2874
 2880
 2876
 2880
 2892
 2902
 2912
 2914
 2912
 2904
 2886
 2868
 2842
 2812
 2778
 2738
 2696
 2650
 2600
 2550
 2498
 2444
 2390
 2336
 2276
 2216
 2154
 2092
 2020
 1956
 1898
 1846
 1790
 1730
 1672
 1614
 1554
 1498
 1452
 1418
 1396
 1388
 1394
 1414
 1448
 1490
 1546
 1612
 1686
 1766
 1848
 1926
 2002
 2072
 2130
 2190
 2260
 2320
 2378
 2434
 2482
 2524
 2556
 2584
 2612
 2638
 2662
 2686
 2704
 2724
 2740
 2756
 2768
 2782
 2796
 2808
 2818
 2830
 2840
 2848
 2848
 2858
 2876
 2894
 2904
 2912
 2920
 2924
 2924
 2922
 2922
 2924
 2924
 2922
 2918
 2916
 2914
 2912
 2912
 2910
 2910
 2910
 2912
 2912
 2912
 2908
 2898
 2900
 2910
 2910
 2912
 2910
 2906
 2896
 2880
 2862
 2842
 2820
 2794
 2770
 2742
 2710
 2678
 2642
 2606
 2568
 2528
 2488
 2446
 2404
 2362
 2312
 2266
 2226
 2194
 2160
 2130
 2100
 2078
 2066
 2060
 2066
 2084
 2108
 2140
 2174
 2214
 2252
 2292
 2332
 2374
 2414
 2454
 2492
 2530
 2562
 2588
 2608
 2642
 2682
 2716
 2748
 2770
 2792
 2808
 2818
 2830
 2840
 2846
 2852
 2860
 2864
 2868
 2870
 2874
 2878
 2884
 2888
 2894
 2892
 2890
 2884
 2886
 2898
 2910
 2926
 2932
 2940
 2944
 2942
 2940
 2938
 2938
 2936
 2932
 2928
 2924
 2922
 2918
 2910
 2904
 2900
 2900
 2900
 2896
 2888
 2890
 2898
 2906
 2914
 2916
 2916
 2912
 2904
 2892
 2878
 2860
 2840
 2816
 2788
 2758
 2726
 2692
 2660
 2622
 2580
 2538
 2490
 2432
 2380
 2336
 2292
 2244
 2190
 2134
 2076
 2016
 1958
 1912
 1870
 1838
 1814
 1804
 1804
 1818
 1842
 1878
 1924
 1976
 2030
 2080
 2136
 2202
 2270
 2332
 2386
 2436
 2478
 2510
 2538
 2566
 2588
 2612
 2632
 2652
 2668
 2682
 2694
 2710
 2724
 2738
 2752
 2766
 2770
 2780
 2802
 2826
 2846
 2864
 2878
 2890
 2894
 2896
 2898
 2900
 2900
 2900
 2902
 2900
 2896
 2896
 2896
 2896
 2896
 2890
 2888
 2888
 2886
 2882
 2874
 2880
 2890
 2902
 2912
 2918
 2922
 2922
 2920
 2920
 2918
 2916
 2912
 2906
 2902
 2898
 2892
 2890
 2888
 2884
 2882
 2882
 2882
 2882
 2884
 2882
 2874
 2870
 2876
 2884
 2886
 2888
 2888
 2888
 2882
 2874
 2868
 2856
 2840
 2824
 2804
 2782
 2756
 2726
 2696
 2664
 2632
 2598
 2562
 2524
 2482
 2438
 2384
 2330
 2282
 2238
 2190
 2138
 2080
 2020
 1958
 1888
 1822
 1760
 1696
 1632
 1566
 1498
 1432
 1368
 1310
 1264
 1236
 1226
 1234
 1274
 1328
 1394
 1470
 1560
 1668
 1770
 1860
 1934
 2000
 2050
 2084
 2114
 2140
 2164
 2192
 2214
 2232
 2248
 2262
 2278
 2292
 2308
 2324
 2340
 2360
 2380
 2390
 2408
 2444
 2480
 2514
 2542
 2566
 2590
 2608
 2622
 2636
 2652
 2668
 2686
 2704
 2720
 2734
 2748
 2764
 2778
 2792
 2804
 2816
 2830
 2842
 2844
 2844
 2858
 2876
 2894
 2910
 2920
 2928
 2922
 2918
 2914
 2914
 2912
 2908
 2902
 2898
 2892
 2888
 2880
 2874
 2872
 2870
 2868
 2866
 2862
 2850
 2830
 2810
 2800
 2782
 2760
 2732
 2696
 2656
 2608
 2556
 2500
 2436
 2366
 2290
 2210
 2132
 2050
 1968
 1888
 1810
 1730
 1652
 1574
 1506
 1440
 1374
 1316
 1276
 1252
 1242
 1248
 1274
 1322
 1380
 1442
 1512
 1582
 1658
 1724
 1784
 1836
 1880
 1918
 1952
 1984
 2014
 2040
 2066
 2090
 2110
 2120
 2140
 2180
 2214
 2244
 2266
 2288
 2306
 2316
 2324
 2334
 2342
 2352
 2360
 2368
 2376
 2384
 2392
 2402
 2416
 2430
 2444
 2462
 2480
 2498
 2508
 2524
 2556
 2590
 2620
 2646
 2670
 2688
 2702
 2710
 2718
 2730
 2742
 2752
 2762
 2774
 2782
 2794
 2804
 2816
 2826
 2838
 2844
 2850
 2856
 2856
 2854
 2868
 2886
 2904
 2920
 2932
 2938
 2938
 2934
 2926
 2908
 2880
 2846
 2812
 2772
 2732
 2694
 2652
 2612
 2570
 2524
 2474
 2422
 2368
 2306
 2248
 2198
 2150
 2094
 2032
 1968
 1902
 1834
 1764
 1700
 1636
 1578
 1520
 1464
 1414
 1376
 1354
 1350
 1364
 1394
 1440
 1506
 1572
 1640
 1716
 1806
 1898
 1986
 2062
 2134
 2198
 2246
 2290
 2336
 2374
 2412
 2452
 2488
 2518
 2546
 2574
 2602
 2630
 2656
 2680
 2704
 2722
 2740
 2768
 2802
 2832
 2862
 2880
 2898
 2908
 2912
 2914
 2916
 2916
 2916
 2914
 2902
 2890
 2880
 2872
 2868
 2864
 2864
 2866
 2866
 2862
 2866
 2880
 2892
 2904
 2908
 2906
 2898
 2886
 2876
 2862
 2842
 2820
 2796
 2770
 2744
 2716
 2688
 2662
 2638
 2612
 2586
 2562
 2532
 2492
 2456
 2430
 2402
 2368
 2324
 2276
 2222
 2160
 2096
 2034
 1968
 1906
 1838
 1772
 1702
 1632
 1564
 1500
 1440
 1380
 1322
 1274
 1234
 1198
 1180
 1184
 1216
 1262
 1320
 1382
 1448
 1524
 1586
 1652
 1718
 1782
 1844
 1900
 1954
 2002
 2050
 2094
 2140
 2184
 2228
 2272
 2316
 2350
 2394
 2448
 2496
 2540
 2580
 2614
 2642
 2662
 2682
 2702
 2720
 2734
 2748
 2760
 2772
 2782
 2792
 2802
 2816
 2828
 2842
 2852
 2856
 2864
 2886
 2908
 2930
 2944
 2948
 2954
 2952
 2952
 2952
 2952
 2948
 2948
 2946
 2944
 2940
 2936
 2934
 2932
 2930
 2926
 2920
 2912
 2896
 2872
 2852
 2840
 2822
 2800
 2768
 2734
 2694
 2642
 2590
 2532
 2472
 2406
 2338
 2266
 2190
 2112
 2034
 1956
 1880
 1806
 1730
 1656
 1584
 1514
 1438
 1376
 1320
 1272
 1226
 1178
 1138
 1110
 1094
 1094
 1116
 1156
 1210
 1278
 1352
 1434
 1526
 1612
 1700
 1790
 1870
 1946
 2016
 2076
 2126
 2180
 2248
 2312
 2370
 2418
 2460
 2500
 2528
 2556
 2580
 2606
 2630
 2650
 2670
 2686
 2704
 2720
 2738
 2758
 2774
 2792
 2812
 2824
 2832
 2846
 2874
 2902
 2926
 2946
 2960
 2972
 2966
 2966
 2968
 2968
 2966
 2964
 2962
 2958
 2956
 2954
 2950
 2948
 2950
 2948
 2950
 2950
 2950
 2942
 2940
 2950
 2956
 2964
 2972
 2974
 2972
 2964
 2956
 2942
 2924
 2902
 2876
 2846
 2816
 2786
 2752
 2718
 2684
 2650
 2614
 2574
 2536
 2498
 2446
 2396
 2354
 2320
 2282
 2240
 2188
 2134
 2078
 2016
 1954
 1898
 1844
 1798
 1760
 1736
 1728
 1732
 1754
 1790
 1840
 1898
 1964
 2034
 2100
 2164
 2228
 2308
 2382
 2446
 2502
 2550
 2592
 2622
 2648
 2672
 2694
 2712
 2732
 2744
 2758
 2770
 2782
 2796
 2808
 2820
 2830
 2838
 2844
 2846
 2856
 2878
 2896
 2912
 2924
 2932
 2938
 2938
 2938
 2940
 2938
 2936
 2934
 2928
 2926
 2920
 2918
 2918
 2916
 2914
 2916
 2914
 2908
 2908
 2916
 2926
 2934
 2942
 2944
 2944
 2940
 2940
 2938
 2936
 2932
 2928
 2926
 2922
 2918
 2916
 2914
 2912
 2912
 2910
 2902
 2898
 2904
 2916
 2922
 2928
 2932
 2930
 2922
 2908
 2890
 2866
 2840
 2812
 2772
 2732
 2694
 2656
 2618
 2582
 2540
 2500
 2454
 2402
 2350
 2304
 2262
 2216
 2164
 2104
 2042
 1976
 1902
 1832
 1766
 1700
 1634
 1566
 1500
 1442
 1394
 1362
 1346
 1348
 1374
 1420
 1478
 1546
 1626
 1728
 1832
 1932
 2022
 2104
 2178
 2236
 2286
 2336
 2382
 2428
 2466
 2500
 2530
 2556
 2580
 2600
 2620
 2638
 2656
 2674
 2692
 2706
 2714
 2722
 2746
 2768
 2792
 2810
 2824
 2838
 2842
 2848
 2854
 2856
 2860
 2862
 2864
 2864
 2864
 2866
 2868
 2872
 2876
 2880
 2886
 2892
 2898
 2904
 2906
 2892
 2892
 2902
 2914
 2926
 2932
 2936
 2938
 2936
 2936
 2932
 2930
 2928
 2926
 2924
 2914
 2908
 2904
 2900
 2898
 2896
 2898
 2900
 2904
 2906
 2908
 2906
 2894
 2878
 2866
 2852
 2834
 2810
 2778
 2746
 2708
 2664
 2620
 2570
 2518
 2460
 2394
 2326
 2256
 2184
 2114
 2048
 1982
 1916
 1850
 1782
 1714
 1648
 1578
 1508
 1446
 1390
 1342
 1298
 1250
 1208
 1180
 1162
 1156
 1176
 1212
 1264
 1332
 1402
 1480
 1566
 1652
 1734
 1806
 1870
 1928
 1976
 2022
 2064
 2098
 2130
 2170
 2218
 2258
 2294
 2324
 2354
 2378
 2392
 2410
 2428
 2448
 2468
 2488
 2508
 2528
 2550
 2572
 2598
 2626
 2656
 2688
 2718
 2746
 2772
 2792
 2810
 2834
 2866
 2894
 2916
 2930
 2944
 2950
 2952
 2954
 2958
 2962
 2966
 2968
 2962
 2958
 2954
 2952
 2948
 2946
 2944
 2944
 2944
 2946
 2944
 2938
 2934
 2942
 2952
 2960
 2966
 2970
 2972
 2970
 2964
 2960
 2954
 2944
 2932
 2912
 2894
 2870
 2844
 2814
 2782
 2752
 2720
 2686
 2652
 2618
 2580
 2538
 2500
 2468
 2430
 2386
 2334
 2280
 2222
 2156
 2094
 2034
 1972
 1914
 1850
 1786
 1722
 1656
 1594
 1538
 1482
 1432
 1390
 1356
 1334
 1332
 1352
 1392
 1448
 1510
 1578
 1650
 1716
 1778
 1848
 1906
 1960
 2004
 2042
 2076
 2106
 2138
 2170
 2202
 2242
 2276
 2304
 2338
 2390
 2440
 2490
 2534
 2574
 2612
 2642
 2668
 2690
 2712
 2732
 2752
 2770
 2782
 2796
 2808
 2818
 2830
 2840
 2848
 2850
 2860
 2884
 2904
 2928
 2944
 2952
 2956
 2958
 2958
 2962
 2964
 2964
 2964
 2964
 2964
 2962
 2960
 2958
 2960
 2958
 2950
 2944
 2936
 2924
 2920
 2926
 2932
 2938
 2938
 2936
 2928
 2916
 2902
 2890
 2874
 2850
 2828
 2802
 2770
 2742
 2708
 2674
 2634
 2592
 2546
 2498
 2448
 2400
 2352
 2294
 2236
 2188
 2146
 2100
 2052
 1998
 1944
 1888
 1828
 1770
 1718
 1668
 1616
 1564
 1518
 1482
 1458
 1448
 1456
 1482
 1524
 1576
 1638
 1708
 1782
 1854
 1920
 1978
 2042
 2108
 2166
 2212
 2248
 2282
 2304
 2320
 2336
 2352
 2372
 2390
 2410
 2430
 2452
 2474
 2500
 2524
 2552
 2576
 2602
 2628
 2654
 2676
 2696
 2708
 2720
 2746
 2772
 2796
 2816
 2832
 2846
 2854
 2860
 2864
 2868
 2874
 2876
 2876
 2878
 2878
 2870
 2866
 2866
 2864
 2866
 2866
 2866
 2868
 2870
 2872
 2872
 2864
 2866
 2878
 2890
 2902
 2910
 2914
 2916
 2914
 2908
 2906
 2902
 2898
 2892
 2884
 2876
 2864
 2852
 2838
 2822
 2804
 2782
 2762
 2742
 2714
 2686
 2650
 2608
 2566
 2534
 2500
 2464
 2422
 2372
 2320
 2268
 2208
 2152
 2094
 2030
 1966
 1900
 1832
 1764
 1688
 1618
 1560
 1512
 1480
 1464
 1468
 1490
 1520
 1562
 1614
 1680
 1754
 1824
 1890
 1958
 2016
 2060
 2100
 2138
 2174
 2206
 2236
 2260
 2284
 2310
 2336
 2360
 2384
 2410
 2436
 2462
 2488
 2510
 2526
 2552
 2590
 2624
 2658
 2684
 2708
 2728
 2742
 2752
 2764
 2776
 2786
 2794
 2798
 2804
 2810
 2816
 2822
 2828
 2836
 2844
 2852
 2862
 2866
 2864
 2872
 2890
 2906
 2922
 2930
 2928
 2928
 2920
 2916
 2908
 2896
 2884
 2868
 2846
 2820
 2788
 2752
 2720
 2690
 2654
 2622
 2590
 2556
 2512
 2472
 2440
 2412
 2386
 2354
 2318
 2278
 2232
 2178
 2126
 2074
 2016
 1954
 1886
 1818
 1746
 1676
 1614
 1562
 1518
 1490
 1480
 1484
 1502
 1536
 1590
 1660
 1740
 1816
 1890
 1962
 2028
 2084
 2140
 2192
 2242
 2286
 2326
 2362
 2394
 2422
 2452
 2480
 2506
 2530
 2556
 2582
 2602
 2614
 2632
 2664
 2696
 2728
 2752
 2774
 2792
 2806
 2816
 2826
 2836
 2844
 2850
 2856
 2860
 2862
 2864
 2870
 2876
 2880
 2888
 2892
 2892
 2892
 2886
 2882
 2892
 2906
 2920
 2932
 2938
 2944
 2944
 2940
 2938
 2938
 2934
 2930
 2924
 2918
 2914
 2910
 2906
 2904
 2902
 2902
 2902
 2902
 2904
 2906
 2908
 2902
 2900
 2904
 2900
 2896
 2880
 2852
 2824
 2788
 2754
 2720
 2686
 2648
 2612
 2572
 2530
 2488
 2444
 2400
 2354
 2310
 2266
 2216
 2168
 2114
 2060
 1998
 1934
 1882
 1836
 1786
 1742
 1696
 1660
 1634
 1616
 1618
 1636
 1668
 1710
 1756
 1810
 1864
 1922
 1980
 2042
 2104
 2166
 2220
 2274
 2322
 2362
 2392
 2426
 2476
 2522
 2566
 2604
 2634
 2662
 2680
 2700
 2718
 2734
 2748
 2760
 2770
 2776
 2784
 2790
 2796
 2802
 2808
 2816
 2822
 2828
 2836
 2846
 2848
 2844
 2852
 2870
 2888
 2904
 2916
 2922
 2920
 2914
 2910
 2910
 2906
 2904
 2900
 2898
 2896
 2894
 2896
 2898
 2900
 2902
 2902
 2900
 2902
 2900
 2896
 2888
 2894
 2906
 2918
 2930
 2938
 2936
 2932
 2918
 2906
 2892
 2864
 2836
 2804
 2772
 2736
 2698
 2660
 2620
 2580
 2538
 2490
 2446
 2398
 2342
 2294
 2254
 2214
 2170
 2122
 2066
 2012
 1954
 1894
 1836
 1772
 1706
 1646
 1592
 1552
 1530
 1526
 1542
 1578
 1626
 1688
 1756
 1824
 1890
 1960
 2042
 2126
 2200
 2260
 2314
 2360
 2394
 2422
 2450
 2478
 2506
 2532
 2558
 2580
 2602
 2624
 2652
 2678
 2702
 2724
 2746
 2760
 2774
 2796
 2826
 2850
 2874
 2888
 2902
 2908
 2912
 2912
 2916
 2916
 2914
 2914
 2902
 2894
 2888
 2884
 2882
 2884
 2886
 2896
 2908
 2918
 2914
 2910
 2918
 2924
 2928
 2932
 2930
 2930
 2926
 2922
 2920
 2918
 2914
 2912
 2910
 2906
 2902
 2896
 2894
 2892
 2888
 2886
 2888
 2890
 2890
 2892
 2890
 2882
 2884
 2888
 2882
 2872
 2860
 2840
 2816
 2784
 2754
 2720
 2682
 2640
 2596
 2546
 2492
 2436
 2378
 2318
 2256
 2196
 2130
 2064
 1998
 1936
 1872
 1806
 1740
 1670
 1610
 1556
 1500
 1454
 1430
 1416
 1422
 1448
 1488
 1538
 1594
 1656
 1720
 1784
 1854
 1922
 1984
 2046
 2104
 2158
 2210
 2254
 2288
 2330
 2382
 2430
 2470
 2504
 2536
 2562
 2580
 2596
 2614
 2630
 2646
 2662
 2674
 2682
 2692
 2704
 2714
 2726
 2738
 2746
 2762
 2774
 2778
 2780
 2796
 2818
 2838
 2856
 2870
 2880
 2882
 2882
 2884
 2884
 2884
 2882
 2880
 2878
 2876
 2874
 2872
 2868
 2870
 2870
 2872
 2876
 2876
 2870
 2872
 2884
 2888
 2896
 2900
 2902
 2900
 2892
 2880
 2866
 2846
 2824
 2796
 2766
 2732
 2698
 2660
 2624
 2590
 2552
 2510
 2470
 2426
 2376
 2334
 2296
 2258
 2218
 2168
 2114
 2062
 2000
 1938
 1882
 1824
 1766
 1706
 1648
 1596
 1552
 1522
 1508
 1514
 1536
 1578
 1630
 1688
 1758
 1842
 1934
 2018
 2098
 2168
 2228
 2274
 2310
 2346
 2380
 2410
 2438
 2464
 2488
 2510
 2534
 2556
 2580
 2604
 2628
 2652
 2676
 2688
 2700
 2730
 2756
 2782
 2802
 2816
 2830
 2838
 2844
 2848
 2852
 2856
 2858
 2860
 2860
 2860
 2860
 2860
 2862
 2866
 2870
 2876
 2880
 2884
 2888
 2882
 2872
 2878
 2888
 2900
 2908
 2912
 2916
 2916
 2914
 2914
 2912
 2910
 2906
 2902
 2896
 2888
 2882
 2880
 2876
 2874
 2872
 2870
 2872
 2872
 2874
 2874
 2874
 2866
 2864
 2878
 2892
 2904
 2914
 2916
 2914
 2894
 2878
 2858
 2836
 2810
 2782
 2752
 2718
 2686
 2650
 2614
 2580
 2544
 2508
 2466
 2422
 2376
 2330
 2276
 2220
 2170
 2124
 2074
 2018
 1958
 1896
 1830
 1756
 1688
 1622
 1560
 1504
 1456
 1418
 1398
 1394
 1410
 1446
 1502
 1570
 1650
 1732
 1812
 1878
 1934
 1988
 2054
 2110
 2160
 2198
 2232
 2260
 2276
 2288
 2300
 2314
 2326
 2340
 2352
 2364
 2378
 2392
 2406
 2424
 2442
 2464
 2488
 2514
 2538
 2552
 2576
 2614
 2650
 2686
 2716
 2742
 2764
 2778
 2788
 2798
 2810
 2822
 2830
 2834
 2840
 2846
 2850
 2852
 2854
 2858
 2864
 2868
 2874
 2876
 2874
 2868
 2878
 2892
 2906
 2918
 2916
 2918
 2914
 2910
 2908
 2906
 2902
 2900
 2896
 2892
 2886
 2880
 2874
 2872
 2872
 2870
 2868
 2870
 2870
 2866
 2862
 2872
 2886
 2900
 2910
 2910
 2906
 2896
 2878
 2862
 2832
 2802
 2772
 2740
 2706
 2670
 2634
 2596
 2560
 2520
 2478
 2436
 2388
 2336
 2280
 2224
 2178
 2132
 2084
 2026
 1966
 1904
 1838
 1768
 1708
 1648
 1586
 1524
 1460
 1398
 1340
 1290
 1256
 1240
 1246
 1280
 1334
 1402
 1480
 1562
 1660
 1760
 1846
 1922
 1982
 2040
 2080
 2106
 2132
 2154
 2174
 2190
 2206
 2218
 2230
 2242
 2256
 2272
 2290
 2306
 2326
 2344
 2366
 2376
 2390
 2424
 2458
 2486
 2510
 2528
 2544
 2552
 2556
 2562
 2570
 2580
 2590
 2600
 2610
 2622
 2638
 2656
 2674
 2694
 2718
 2740
 2762
 2782
 2800
 2808
 2816
 2838
 2864
 2886
 2904
 2910
 2914
 2914
 2914
 2912
 2912
 2908
 2906
 2902
 2900
 2894
 2890
 2888
 2884
 2882
 2882
 2882
 2880
 2882
 2884
 2882
 2876
 2878
 2890
 2898
 2896
 2888
 2878
 2864
 2840
 2812
 2784
 2752
 2720
 2686
 2648
 2610
 2566
 2520
 2472
 2422
 2374
 2324
 2272
 2220
 2170
 2112
 2054
 2004
 1962
 1920
 1872
 1818
 1766
 1710
 1654
 1602
 1560
 1526
 1504
 1498
 1504
 1530
 1576
 1634
 1710
 1792
 1868
 1936
 2000
 2052
 2094
 2130
 2182
 2230
 2272
 2306
 2334
 2358
 2374
 2382
 2392
 2404
 2418
 2434
 2448
 2462
 2472
 2488
 2502
 2520
 2534
 2550
 2570
 2592
 2614
 2630
 2644
 2680
 2716
 2752
 2780
 2804
 2824
 2838
 2848
 2856
 2864
 2872
 2874
 2876
 2878
 2878
 2880
 2880
 2880
 2880
 2884
 2884
 2888
 2882
 2874
 2864
 2864
 2876
 2888
 2898
 2906
 2912
 2914
 2910
 2908
 2908
 2906
 2900
 2896
 2892
 2886
 2884
 2882
 2876
 2874
 2870
 2862
 2852
 2840
 2822
 2794
 2766
 2746
 2728
 2708
 2680
 2644
 2606
 2560
 2510
 2460
 2408
 2354
 2298
 2234
 2168
 2100
 2028
 1960
 1890
 1824
 1754
 1688
 1632
 1572
 1514
 1468
 1438
 1426
 1426
 1444
 1480
 1536
 1596
 1658
 1730
 1806
 1876
 1944
 2002
 2052
 2092
 2128
 2158
 2186
 2210
 2232
 2252
 2274
 2290
 2300
 2324
 2358
 2390
 2416
 2436
 2454
 2466
 2470
 2476
 2480
 2486
 2492
 2496
 2502
 2508
 2516
 2524
 2534
 2546
 2558
 2572
 2588
 2606
 2622
 2638
 2646
 2666
 2702
 2734
 2764
 2786
 2806
 2822
 2830
 2840
 2848
 2856
 2862
 2866
 2870
 2872
 2872
 2874
 2872
 2876
 2878
 2880
 2884
 2888
 2890
 2894
 2892
 2878
 2878
 2890
 2900
 2910
 2914
 2918
 2918
 2914
 2912
 2910
 2906
 2902
 2898
 2894
 2886
 2882
 2876
 2872
 2872
 2868
 2866
 2868
 2868
 2866
 2868
 2866
 2858
 2866
 2880
 2894
 2908
 2916
 2920
 2920
 2906
 2892
 2876
 2856
 2830
 2802
 2770
 2734
 2696
 2658
 2618
 2574
 2532
 2486
 2436
 2388
 2332
 2272
 2202
 2144
 2088
 2030
 1968
 1896
 1824
 1752
 1672
 1598
 1526
 1452
 1380
 1302
 1222
 1140
 1058
 980
 910
 854
 816
 800
 820
 862
 930
 1016
 1130
 1258
 1370
 1468
 1548
 1620
 1670
 1704
 1734
 1764
 1790
 1818
 1844
 1864
 1880
 1898
 1918
 1938
 1956
 1974
 1994
 2014
 2026
 2036
 2068
 2102
 2138
 2166
 2188
 2208
 2216
 2220
 2224
 2228
 2236
 2242
 2246
 2252
 2256
 2262
 2270
 2282
 2294
 2306
 2316
 2330
 2344
 2348
 2354
 2380
 2406
 2432
 2452
 2466
 2482
 2488
 2492
 2496
 2502
 2506
 2510
 2514
 2518
 2520
 2526
 2530
 2536
 2542
 2548
 2558
 2564
 2574
 2586
 2594
 2594
 2608
 2630
 2654
 2678
 2700
 2718
 2738
 2746
 2756
 2768
 2780
 2796
 2812
 2832
 2850
 2862
 2874
 2882
 2886
 2886
 2882
 2864
 2844
 2822
 2798
 2762
 2722
 2688
 2658
 2618
 2574
 2518
 2454
 2384
 2302
 2226
 2142
 2058
 1974
 1882
 1788
 1694
 1596
 1502
 1412
 1326
 1242
 1162
 1082
 1010
 932
 864
 812
 778
 760
 762
 780
 818
 868
 914
 968
 1038
 1106
 1174
 1234
 1290
 1346
 1398
 1448
 1504
 1558
 1618
 1680
 1738
 1788
 1834
 1894
 1958
 2022
 2082
 2134
 2184
 2228
 2258
 2292
 2328
 2368
 2406
 2440
 2470
 2500
 2530
 2558
 2588
 2618
 2648
 2678
 2706
 2724
 2738
 2768
 2806
 2840
 2870
 2892
 2912
 2916
 2916
 2920
 2924
 2926
 2926
 2924
 2924
 2922
 2920
 2918
 2918
 2920
 2922
 2926
 2926
 2922
 2914
 2918
 2930
 2940
 2946
 2940
 2930
 2912
 2880
 2846
 2810
 2768
 2724
 2676
 2620
 2560
 2498
 2434
 2366
 2302
 2234
 2164
 2094
 2016
 1934
 1858
 1786
 1710
 1634
 1552
 1470
 1394
 1316
 1250
 1200
 1162
 1142
 1142
 1162
 1206
 1268
 1346
 1430
 1510
 1578
 1642
 1696
 1742
 1784
 1830
 1888
 1936
 1980
 2012
 2042
 2064
 2074
 2082
 2094
 2108
 2124
 2140
 2156
 2172
 2192
 2212
 2234
 2258
 2286
 2314
 2340
 2366
 2392
 2406
 2420
 2456
 2490
 2518
 2542
 2560
 2576
 2582
 2586
 2590
 2600
 2606
 2616
 2626
 2640
 2654
 2670
 2688
 2708
 2730
 2752
 2774
 2798
 2820
 2840
 2850
 2858
 2882
 2914
 2936
 2956
 2968
 2980
 2984
 2980
 2976
 2968
 2952
 2936
 2914
 2888
 2864
 2834
 2802
 2770
 2738
 2704
 2670
 2632
 2592
 2552
 2502
 2448
 2404
 2366
 2322
 2278
 2222
 2164
 2102
 2030
 1960
 1892
 1822
 1752
 1678
 1600
 1524
 1446
 1374
 1310
 1264
 1234
 1224
 1244
 1278
 1328
 1394
 1478
 1578
 1676
 1768
 1852
 1930
 2000
 2048
 2098
 2144
 2186
 2226
 2264
 2298
 2330
 2358
 2386
 2418
 2446
 2478
 2506
 2532
 2546
 2572
 2616
 2660
 2704
 2740
 2768
 2792
 2806
 2818
 2830
 2840
 2848
 2854
 2862
 2868
 2872
 2878
 2884
 2890
 2898
 2906
 2916
 2920
 2918
 2928
 2950
 2974
 2994
 2998
 3002
 3004
 3002
 3002
 3002
 2998
 2998
 2994
 2990
 2986
 2980
 2978
 2978
 2976
 2974
 2972
 2962
 2962
 2974
 2984
 2996
 3002
 3000
 2992
 2970
 2944
 2912
 2876
 2836
 2794
 2748
 2696
 2640
 2584
 2526
 2468
 2408
 2344
 2284
 2218
 2144
 2078
 2020
 1964
 1906
 1846
 1780
 1718
 1650
 1584
 1526
 1468
 1424
 1388
 1368
 1366
 1384
 1424
 1482
 1558
 1640
 1720
 1792
 1860
 1920
 1966
 2008
 2062
 2110
 2148
 2178
 2202
 2218
 2222
 2226
 2228
 2230
 2232
 2234
 2236
 2236
 2236
 2238
 2240
 2246
 2252
 2258
 2266
 2272
 2280
 2288
 2292
 2290
 2296
 2320
 2342
 2364
 2380
 2394
 2402
 2404
 2406
 2410
 2414
 2418
 2420
 2422
 2424
 2428
 2432
 2436
 2442
 2448
 2458
 2468
 2480
 2490
 2502
 2512
 2514
 2532
 2568
 2600
 2632
 2660
 2684
 2704
 2716
 2728
 2744
 2760
 2776
 2790
 2806
 2822
 2838
 2856
 2874
 2888
 2898
 2898
 2892
 2876
 2854
 2812
 2762
 2722
 2692
 2660
 2622
 2574
 2516
 2452
 2376
 2302
 2224
 2144
 2062
 1974
 1884
 1792
 1694
 1598
 1506
 1418
 1330
 1240
 1154
 1070
 980
 898
 826
 762
 704
 656
 618
 596
 596
 624
 692
 788
 906
 1030
 1134
 1234
 1320
 1396
 1462
 1518
 1568
 1614
 1654
 1694
 1726
 1762
 1812
 1864
 1910
 1948
 1988
 2034
 2068
 2096
 2122
 2152
 2178
 2202
 2226
 2248
 2272
 2298
 2328
 2356
 2388
 2420
 2450
 2482
 2510
 2530
 2564
 2616
 2662
 2706
 2744
 2776
 2804
 2818
 2834
 2850
 2864
 2880
 2890
 2898
 2906
 2912
 2918
 2924
 2930
 2940
 2944
 2950
 2958
 2956
 2952
 2966
 2984
 3002
 3016
 3024
 3026
 3026
 3022
 3018
 3010
 2994
 2974
 2950
 2924
 2892
 2852
 2810
 2768
 2722
 2672
 2618
 2548
 2468
 2388
 2322
 2256
 2182
 2104
 2014
 1922
 1826
 1726
 1634
 1542
 1452
 1360
 1266
 1170
 1076
 982
 892
 802
 720
 640
 558
 494
 444
 404
 380
 368
 370
 390
 426
 472
 528
 606
 688
 784
 880
 982
 1094
 1202
 1312
 1420
 1524
 1616
 1696
 1768
 1850
 1938
 2018
 2092
 2158
 2218
 2272
 2320
 2366
 2412
 2450
 2490
 2528
 2564
 2596
 2626
 2658
 2690
 2722
 2752
 2780
 2800
 2816
 2846
 2884
 2918
 2950
 2970
 2986
 2996
 3002
 3008
 3012
 3016
 3018
 3018
 3018
 3008
 2998
 2992
 2986
 2978
 2968
 2956
 2944
 2932
 2912
 2882
 2862
 2850
 2828
 2806
 2776
 2740
 2698
 2644
 2594
 2538
 2474
 2406
 2334
 2260
 2178
 2090
 2000
 1910
 1818
 1728
 1638
 1548
 1464
 1390
 1322
 1260
 1218
 1196
 1194
 1208
 1236
 1286
 1354
 1424
 1500
 1582
 1670
 1756
 1838
 1920
 1996
 2066
 2128
 2192
 2246
 2300
 2348
 2390
 2432
 2474
 2504
 2530
 2566
 2616
 2660
 2700
 2730
 2754
 2776
 2790
 2802
 2814
 2820
 2826
 2832
 2836
 2838
 2842
 2842
 2846
 2850
 2854
 2858
 2862
 2868
 2878
 2884
 2884
 2888
 2908
 2932
 2954
 2974
 2986
 2996
 3000
 3002
 3006
 3010
 3008
 3006
 3004
 3002
 3002
 2998
 2996
 2994
 2996
 2998
 2996
 2998
 3002
 3002
 2998
 2994
 3002
 3016
 3028
 3038
 3034
 3030
 3024
 3018
 3012
 3008
 3002
 2996
 2992
 2986
 2980
 2976
 2972
 2970
 2968
 2968
 2966
 2968
 2970
 2968
 2958
 2960
 2972
 2984
 2998
 3004
 3006
 3006
 3004
 3000
 2996
 2990
 2982
 2978
 2970
 2962
 2954
 2946
 2938
 2930
 2916
 2902
 2888
 2878
 2862
 2840
 2826
 2820
 2812
 2802
 2786
 2766
 2740
 2708
 2676
 2642
 2606
 2568
 2526
 2484
 2438
 2388
 2336
 2288
 2242
 2198
 2160
 2136
 2118
 2110
 2118
 2146
 2186
 2232
 2278
 2328
 2374
 2414
 2450
 2488
 2526
 2564
 2596
 2626
 2656
 2680
 2704
 2726
 2748
 2766
 2786
 2804
 2818
 2824
 2844
 2868
 2890
 2912
 2928
 2940
 2948
 2950
 2952
 2952
 2952
 2952
 2948
 2946
 2944
 2940
 2936
 2936
 2934
 2934
 2938
 2930
 2922
 2912
 2918
 2930
 2942
 2952
 2958
 2964
 2964
 2960
 2958
 2958
 2954
 2952
 2946
 2942
 2938
 2930
 2928
 2922
 2920
 2920
 2920
 2920
 2918
 2914
 2906
 2910
 2922
 2930
 2942
 2946
 2950
 2950
 2944
 2942
 2940
 2936
 2932
 2928
 2922
 2916
 2912
 2906
 2896
 2890
 2886
 2882
 2882
 2882
 2880
 2872
 2870
 2880
 2890
 2902
 2910
 2914
 2916
 2910
 2900
 2890
 2876
 2860
 2840
 2818
 2792
 2764
 2732
 2702
 2670
 2638
 2602
 2566
 2528
 2492
 2444
 2396
 2358
 2326
 2288
 2248
 2196
 2142
 2082
 2018
 1952
 1890
 1828
 1766
 1702
 1644
 1596
 1560
 1546
 1550
 1578
 1624
 1682
 1756
 1828
 1898
 1964
 2044
 2116
 2180
 2230
 2270
 2304
 2328
 2344
 2356
 2368
 2376
 2384
 2390
 2396
 2400
 2404
 2414
 2422
 2430
 2438
 2450
 2458
 2458
 2472
 2500
 2528
 2554
 2574
 2590
 2604
 2608
 2614
 2618
 2624
 2626
 2632
 2638
 2642
 2650
 2656
 2666
 2672
 2682
 2692
 2704
 2708
 2718
 2744
 2776
 2804
 2828
 2848
 2864
 2872
 2876
 2882
 2884
 2888
 2888
 2888
 2888
 2880
 2872
 2870
 2866
 2866
 2866
 2866
 2868
 2864
 2858
 2862
 2874
 2888
 2900
 2908
 2916
 2924
 2926
 2930
 2932
 2930
 2924
 2918
 2906
 2892
 2870
 2848
 2824
 2796
 2766
 2730
 2692
 2656
 2614
 2562
 2518
 2480
 2444
 2406
 2362
 2314
 2264
 2202
 2140
 2080
 2018
 1958
 1894
 1828
 1762
 1696
 1630
 1568
 1510
 1450
 1398
 1348
 1294
 1244
 1204
 1176
 1152
 1132
 1114
 1106
 1116
 1138
 1172
 1220
 1274
 1342
 1406
 1468
 1532
 1592
 1656
 1718
 1784
 1846
 1904
 1954
 2000
 2058
 2118
 2174
 2228
 2276
 2320
 2352
 2376
 2406
 2430
 2458
 2480
 2504
 2526
 2548
 2570
 2594
 2618
 2644
 2670
 2686
 2700
 2726
 2760
 2794
 2822
 2842
 2860
 2872
 2876
 2882
 2888
 2890
 2888
 2886
 2882
 2878
 2876
 2872
 2872
 2872
 2872
 2876
 2878
 2870
 2870
 2884
 2896
 2904
 2910
 2914
 2920
 2914
 2908
 2896
 2878
 2858
 2834
 2804
 2768
 2732
 2692
 2650
 2608
 2560
 2512
 2462
 2408
 2354
 2294
 2224
 2154
 2094
 2036
 1976
 1910
 1840
 1770
 1696
 1622
 1550
 1480
 1410
 1336
 1260
 1182
 1104
 1030
 972
 928
 904
 906
 932
 988
 1070
 1168
 1266
 1350
 1440
 1534
 1618
 1690
 1752
 1808
 1854
 1884
 1910
 1938
 1970
 2000
 2024
 2048
 2064
 2082
 2098
 2118
 2138
 2166
 2204
 2242
 2282
 2322
 2362
 2392
 2420
 2462
 2508
 2552
 2594
 2626
 2654
 2678
 2694
 2712
 2730
 2744
 2758
 2768
 2780
 2788
 2800
 2808
 2818
 2830
 2840
 2852
 2862
 2872
 2882
 2892
 2888
 2892
 2906
 2916
 2926
 2934
 2938
 2944
 2940
 2938
 2938
 2938
 2936
 2932
 2922
 2904
 2884
 2860
 2830
 2798
 2762
 2728
 2686
 2640
 2592
 2534
 2466
 2402
 2346
 2286
 2222
 2152
 2076
 1998
 1914
 1828
 1746
 1662
 1580
 1492
 1400
 1310
 1220
 1136
 1056
 982
 912
 852
 816
 798
 802
 836
 904
 1006
 1130
 1260
 1374
 1474
 1554
 1608
 1656
 1702
 1742
 1784
 1818
 1848
 1876
 1900
 1924
 1950
 1974
 1996
 2020
 2052
 2074
 2096
 2136
 2180
 2218
 2254
 2284
 2312
 2330
 2342
 2356
 2372
 2388
 2404
 2418
 2432
 2444
 2460
 2474
 2492
 2512
 2532
 2554
 2580
 2604
 2616
 2632
 2666
 2696
 2728
 2752
 2772
 2788
 2796
 2806
 2814
 2824
 2832
 2842
 2852
 2860
 2866
 2874
 2880
 2890
 2896
 2904
 2912
 2918
 2918
 2916
 2908
 2906
 2922
 2936
 2952
 2966
 2978
 2988
 2984
 2982
 2972
 2958
 2942
 2918
 2890
 2858
 2828
 2792
 2752
 2716
 2676
 2638
 2592
 2548
 2500
 2448
 2388
 2330
 2278
 2230
 2178
 2120
 2058
 1996
 1930
 1862
 1802
 1744
 1694
 1650
 1616
 1600
 1600
 1624
 1666
 1722
 1788
 1862
 1928
 1990
 2042
 2080
 2112
 2160
 2206
 2246
 2278
 2306
 2336
 2356
 2368
 2380
 2396
 2410
 2426
 2442
 2456
 2470
 2488
 2508
 2528
 2552
 2574
 2600
 2628
 2652
 2670
 2688
 2728
 2770
 2806
 2838
 2862
 2886
 2902
 2910
 2920
 2928
 2928
 2928
 2928
 2928
 2928
 2926
 2926
 2926
 2928
 2928
 2930
 2930
 2926
 2922
 2926
 2940
 2954
 2966
 2974
 2980
 2978
 2976
 2974
 2972
 2970
 2966
 2962
 2956
 2950
 2948
 2934
 2928
 2922
 2920
 2920
 2916
 2908
 2906
 2918
 2928
 2942
 2950
 2952
 2956
 2948
 2936
 2920
 2902
 2884
 2862
 2832
 2802
 2770
 2734
 2696
 2654
 2610
 2566
 2516
 2462
 2418
 2376
 2330
 2278
 2216
 2152
 2084
 2012
 1946
 1882
 1820
 1754
 1688
 1624
 1560
 1506
 1466
 1438
 1432
 1448
 1488
 1540
 1606
 1690
 1790
 1884
 1962
 2028
 2084
 2126
 2160
 2194
 2224
 2252
 2278
 2300
 2322
 2342
 2360
 2380
 2400
 2420
 2442
 2464
 2488
 2512
 2536
 2554
 2564
 2590
 2626
 2656
 2684
 2702
 2716
 2722
 2716
 2710
 2708
 2710
 2714
 2720
 2728
 2736
 2746
 2758
 2772
 2788
 2800
 2814
 2826
 2838
 2848
 2858
 2866
 2876
 2882
 2884
 2880
 2886
 2894
 2906
 2916
 2922
 2928
 2928
 2924
 2922
 2922
 2918
 2914
 2912
 2906
 2902
 2896
 2892
 2888
 2886
 2884
 2884
 2884
 2884
 2882
 2884
 2886
 2888
 2884
 2886
 2898
 2910
 2908
 2906
 2896
 2886
 2868
 2844
 2818
 2792
 2762
 2726
 2690
 2646
 2598
 2548
 2500
 2446
 2394
 2340
 2280
 2220
 2152
 2086
 2020
 1948
 1872
 1806
 1748
 1696
 1644
 1588
 1532
 1482
 1432
 1390
 1370
 1366
 1382
 1414
 1460
 1522
 1600
 1680
 1756
 1828
 1890
 1946
 2000
 2048
 2090
 2130
 2160
 2182
 2218
 2256
 2288
 2322
 2342
 2354
 2358
 2358
 2362
 2364
 2368
 2374
 2380
 2386
 2392
 2400
 2410
 2420
 2428
 2440
 2454
 2464
 2478
 2494
 2508
 2514
 2526
 2558
 2592
 2626
 2656
 2678
 2700
 2712
 2724
 2734
 2744
 2752
 2764
 2772
 2778
 2786
 2794
 2806
 2814
 2822
 2834
 2842
 2844
 2850
 2854
 2848
 2848
 2864
 2882
 2900
 2912
 2922
 2926
 2926
 2924
 2924
 2924
 2912
 2906
 2900
 2894
 2888
 2882
 2878
 2876
 2874
 2876
 2874
 2874
 2874
 2874
 2864
 2864
 2874
 2884
 2896
 2904
 2910
 2912
 2914
 2914
 2914
 2908
 2898
 2890
 2878
 2862
 2844
 2824
 2804
 2786
 2766
 2748
 2728
 2708
 2686
 2658
 2632
 2614
 2600
 2584
 2562
 2538
 2510
 2478
 2442
 2410
 2378
 2342
 2306
 2266
 2224
 2178
 2130
 2078
 2026
 1974
 1916
 1860
 1810
 1758
 1702
 1656
 1620
 1588
 1556
 1524
 1496
 1478
 1472
 1482
 1510
 1558
 1618
 1682
 1750
 1814
 1870
 1918
 1958
 1988
 2010
 2032
 2052
 2072
 2086
 2108
 2156
 2198
 2242
 2280
 2318
 2354
 2380
 2402
 2422
 2442
 2460
 2476
 2490
 2500
 2514
 2528
 2544
 2562
 2578
 2592
 2610
 2630
 2642
 2648
 2666
 2700
 2730
 2758
 2780
 2798
 2818
 2826
 2838
 2846
 2858
 2870
 2882
 2890
 2898
 2902
 2900
 2898
 2898
 2902
 2902
 2904
 2908
 2910
 2904
 2900
 2908
 2920
 2932
 2944
 2948
 2950
 2950
 2946
 2946
 2944
 2940
 2938
 2932
 2928
 2924
 2918
 2916
 2912
 2910
 2912
 2912
 2912
 2914
 2916
 2906
 2888
 2884
 2876
 2864
 2848
 2824
 2798
 2768
 2732
 2696
 2654
 2604
 2552
 2494
 2432
 2372
 2312
 2250
 2190
 2130
 2070
 2010
 1948
 1888
 1830
 1770
 1706
 1650
 1598
 1548
 1500
 1444
 1388
 1336
 1290
 1256
 1242
 1250
 1276
 1316
 1378
 1446
 1518
 1584
 1648
 1706
 1758
 1806
 1852
 1896
 1940
 1978
 2008
 2032
 2072
 2118
 2154
 2182
 2204
 2220
 2228
 2234
 2240
 2248
 2260
 2270
 2280
 2292
 2306
 2320
 2336
 2352
 2372
 2392
 2410
 2432
 2454
 2476
 2498
 2520
 2532
 2550
 2586
 2620
 2652
 2680
 2704
 2724
 2736
 2746
 2756
 2766
 2776
 2786
 2792
 2800
 2806
 2812
 2818
 2826
 2832
 2840
 2846
 2854
 2860
 2868
 2876
 2882
 2878
 2880
 2894
 2912
 2930
 2942
 2950
 2950
 2944
 2938
 2936
 2932
 2926
 2922
 2918
 2912
 2910
 2902
 2900
 2898
 2896
 2894
 2894
 2894
 2896
 2898
 2898
 2890
 2888
 2898
 2912
 2924
 2926
 2926
 2922
 2912
 2894
 2876
 2852
 2826
 2798
 2766
 2736
 2700
 2662
 2626
 2588
 2548
 2508
 2464
 2416
 2366
 2318
 2262
 2206
 2154
 2104
 2050
 1988
 1916
 1842
 1764
 1682
 1608
 1540
 1474
 1412
 1360
 1318
 1292
 1290
 1306
 1344
 1404
 1474
 1550
 1628
 1700
 1756
 1802
 1852
 1906
 1958
 1994
 2026
 2054
 2076
 2092
 2110
 2130
 2148
 2172
 2194
 2216
 2234
 2248
 2262
 2278
 2296
 2314
 2330
 2348
 2366
 2382
 2392
 2420
 2458
 2494
 2526
 2552
 2576
 2594
 2608
 2620
 2632
 2646
 2658
 2672
 2684
 2696
 2708
 2722
 2738
 2754
 2772
 2786
 2804
 2820
 2832
 2836
 2852
 2876
 2894
 2912
 2922
 2930
 2936
 2932
 2932
 2930
 2930
 2928
 2924
 2920
 2914
 2912
 2908
 2900
 2892
 2888
 2886
 2886
 2886
 2886
 2880
 2872
 2878
 2890
 2902
 2912
 2916
 2922
 2920
 2918
 2916
 2920
 2922
 2920
 2920
 2916
 2910
 2902
 2890
 2880
 2866
 2856
 2842
 2828
 2814
 2794
 2764
 2736
 2716
 2700
 2680
 2654
 2618
 2582
 2540
 2494
 2454
 2412
 2368
 2326
 2274
 2222
 2170
 2114
 2060
 2010
 1960
 1912
 1864
 1814
 1768
 1720
 1670
 1624
 1592
 1564
 1542
 1522
 1506
 1504
 1514
 1534
 1570
 1618
 1672
 1734
 1794
 1852
 1904
 1948
 1978
 2000
 2022
 2048
 2070
 2090
 2110
 2120
 2132
 2162
 2194
 2228
 2254
 2280
 2306
 2322
 2334
 2346
 2362
 2378
 2392
 2404
 2416
 2430
 2444
 2458
 2472
 2488
 2504
 2524
 2540
 2560
 2580
 2592
 2602
 2628
 2664
 2698
 2728
 2752
 2772
 2788
 2796
 2806
 2814
 2824
 2832
 2836
 2842
 2848
 2852
 2856
 2858
 2864
 2868
 2874
 2878
 2882
 2890
 2896
 2894
 2890
 2898
 2906
 2916
 2930
 2934
 2942
 2946
 2944
 2944
 2944
 2942
 2934
 2926
 2912
 2898
 2882
 2862
 2842
 2820
 2796
 2770
 2748
 2718
 2692
 2660
 2620
 2574
 2536
 2504
 2468
 2426
 2376
 2322
 2264
 2196
 2124
 2054
 1980
 1906
 1824
 1734
 1644
 1550
 1456
 1364
 1278
 1196
 1114
 1034
 960
 894
 840
 806
 798
 822
 872
 948
 1040
 1142
 1234
 1308
 1378
 1450
 1514
 1574
 1628
 1680
 1722
 1758
 1788
 1814
 1840
 1866
 1892
 1918
 1944
 1972
 1990
 2024
 2066
 2104
 2136
 2164
 2190
 2212
 2222
 2236
 2252
 2270
 2284
 2300
 2316
 2330
 2344
 2358
 2374
 2392
 2410
 2434
 2454
 2476
 2500
 2522
 2534
 2554
 2594
 2636
 2674
 2704
 2730
 2752
 2764
 2776
 2786
 2796
 2806
 2820
 2828
 2840
 2848
 2854
 2864
 2874
 2882
 2888
 2894
 2902
 2906
 2912
 2918
 2920
 2904
 2904
 2918
 2932
 2948
 2958
 2962
 2968
 2962
 2958
 2952
 2944
 2934
 2924
 2908
 2888
 2868
 2846
 2822
 2798
 2774
 2746
 2712
 2674
 2632
 2590
 2538
 2486
 2440
 2404
 2364
 2322
 2268
 2212
 2152
 2090
 2028
 1970
 1910
 1850
 1788
 1724
 1658
 1592
 1530
 1478
 1440
 1416
 1412
 1432
 1474
 1526
 1584
 1652
 1734
 1816
 1888
 1946
 1998
 2042
 2074
 2098
 2118
 2136
 2152
 2166
 2180
 2194
 2206
 2224
 2242
 2262
 2280
 2300
 2320
 2342
 2362
 2372
 2394
 2438
 2474
 2508
 2536
 2560
 2580
 2592
 2602
 2612
 2624
 2636
 2650
 2662
 2674
 2686
 2698
 2712
 2730
 2744
 2760
 2780
 2802
 2814
 2826
 2858
 2894
 2926
 2952
 2970
 2986
 2992
 2986
 2984
 2982
 2982
 2980
 2978
 2972
 2970
 2970
 2972
 2972
 2972
 2972
 2970
 2966
 2950
 2938
 2936
 2936
 2934
 2924
 2910
 2890
 2866
 2838
 2808
 2776
 2742
 2700
 2656
 2606
 2554
 2498
 2444
 2388
 2332
 2276
 2222
 2164
 2102
 2050
 2008
 1970
 1932
 1892
 1850
 1812
 1776
 1746
 1736
 1740
 1758
 1784
 1816
 1846
 1876
 1908
 1944
 1980
 2016
 2052
 2086
 2116
 2138
 2160
 2204
 2250
 2292
 2330
 2362
 2392
 2414
 2426
 2440
 2458
 2476
 2494
 2510
 2526
 2540
 2558
 2574
 2592
 2612
 2630
 2648
 2668
 2686
 2694
 2708
 2744
 2780
 2812
 2838
 2858
 2878
 2888
 2896
 2906
 2916
 2920
 2926
 2928
 2930
 2930
 2930
 2930
 2932
 2934
 2938
 2938
 2940
 2944
 2938
 2930
 2936
 2950
 2964
 2978
 2986
 2992
 2994
 2990
 2986
 2984
 2974
 2966
 2958
 2950
 2944
 2936
 2932
 2928
 2926
 2926
 2924
 2924
 2928
 2928
 2918
 2910
 2914
 2916
 2918
 2912
 2898
 2884
 2862
 2836
 2812
 2784
 2756
 2718
 2678
 2628
 2578
 2530
 2482
 2434
 2382
 2326
 2272
 2218
 2160
 2096
 2042
 1996
 1946
 1890
 1830
 1764
 1694
 1616
 1540
 1472
 1402
 1338
 1264
 1188
 1116
 1046
 988
 946
 920
 914
 928
 956
 998
 1058
 1134
 1218
 1300
 1374
 1442
 1502
 1552
 1600
 1654
 1706
 1750
 1790
 1826
 1860
 1896
 1930
 1972
 2014
 2052
 2086
 2116
 2164
 2216
 2264
 2310
 2350
 2390
 2422
 2448
 2476
 2502
 2530
 2558
 2580
 2602
 2622
 2646
 2668
 2690
 2710
 2728
 2738
 2756
 2786
 2816
 2842
 2866
 2884
 2896
 2902
 2908
 2912
 2914
 2918
 2918
 2920
 2918
 2918
 2916
 2918
 2922
 2920
 2924
 2926
 2930
 2924
 2918
 2932
 2944
 2960
 2970
 2972
 2972
 2962
 2950
 2932
 2900
 2866
 2830
 2790
 2746
 2698
 2650
 2596
 2536
 2476
 2408
 2336
 2258
 2180
 2104
 2018
 1930
 1850
 1778
 1708
 1634
 1552
 1470
 1386
 1296
 1214
 1134
 1058
 980
 898
 820
 744
 668
 594
 526
 468
 416
 370
 336
 322
 332
 356
 396
 456
 532
 620
 710
 798
 892
 980
 1062
 1146
 1232
 1314
 1398
 1472
 1544
 1610
 1676
 1744
 1814
 1884
 1950
 2016
 2078
 2140
 2190
 2236
 2294
 2354
 2414
 2464
 2508
 2548
 2580
 2604
 2630
 2652
 2670
 2686
 2700
 2712
 2722
 2732
 2742
 2758
 2772
 2786
 2802
 2816
 2834
 2848
 2862
 2864
 2872
 2894
 2914
 2934
 2950
 2962
 2968
 2966
 2968
 2970
 2972
 2968
 2966
 2962
 2960
 2956
 2950
 2940
 2932
 2918
 2902
 2884
 2858
 2830
 2798
 2764
 2718
 2668
 2624
 2578
 2528
 2470
 2404
 2336
 2262
 2182
 2108
 2026
 1946
 1860
 1768
 1672
 1582
 1488
 1400
 1316
 1240
 1168
 1098
 1030
 970
 916
 858
 810
 774
 754
 752
 760
 786
 830
 886
 950
 1026
 1108
 1194
 1280
 1364
 1444
 1518
 1590
 1658
 1720
 1778
 1830
 1882
 1930
 1980
 2022
 2062
 2116
 2174
 2230
 2280
 2324
 2368
 2404
 2438
 2476
 2508
 2540
 2574
 2604
 2630
 2658
 2682
 2708
 2734
 2758
 2782
 2804
 2824
 2848
 2866
 2878
 2884
 2900
 2920
 2940
 2958
 2968
 2978
 2982
 2982
 2984
 2986
 2986
 2984
 2978
 2972
 2964
 2954
 2938
 2920
 2900
 2878
 2854
 2826
 2794
 2762
 2724
 2678
 2626
 2580
 2538
 2488
 2432
 2364
 2292
 2220
 2136
 2056
 1974
 1890
 1806
 1718
 1628
 1538
 1448
 1362
 1280
 1208
 1146
 1098
 1062
 1040
 1032
 1038
 1062
 1112
 1192
 1290
 1398
 1504
 1606
 1694
 1762
 1832
 1896
 1954
 2002
 2044
 2084
 2118
 2148
 2174
 2200
 2230
 2256
 2282
 2310
 2336
 2358
 2374
 2406
 2448
 2488
 2524
 2554
 2582
 2606
 2622
 2640
 2658
 2678
 2696
 2716
 2734
 2752
 2766
 2782
 2796
 2810
 2826
 2840
 2852
 2864
 2880
 2894
 2896
 2906
 2930
 2948
 2968
 2984
 2996
 3006
 3006
 3006
 3008
 3010
 3008
 3000
 2994
 2990
 2986
 2982
 2978
 2976
 2976
 2976
 2976
 2976
 2978
 2978
 2972
 2970
 2978
 2990
 3002
 3008
 3014
 3016
 3014
 3012
 3010
 3008
 3004
 2998
 2994
 2990
 2986
 2980
 2978
 2972
 2970
 2970
 2962
 2956
 2956
 2954
 2946
 2940
 2944
 2956
 2966
 2974
 2978
 2980
 2978
 2974
 2974
 2972
 2966
 2964
 2960
 2958
 2952
 2946
 2942
 2940
 2938
 2934
 2932
 2932
 2932
 2930
 2922
 2924
 2934
 2944
 2952
 2948
 2944
 2942
 2936
 2928
 2918
 2906
 2894
 2878
 2862
 2844
 2822
 2800
 2774
 2750
 2726
 2700
 2674
 2648
 2612
 2578
 2548
 2522
 2492
 2456
 2418
 2380
 2338
 2292
 2246
 2204
 2160
 2120
 2080
 2046
 2024
 2010
 2010
 2026
 2052
 2086
 2130
 2178
 2222
 2268
 2332
 2392
 2446
 2492
 2530
 2566
 2590
 2606
 2622
 2638
 2656
 2672
 2688
 2700
 2712
 2726
 2740
 2754
 2770
 2782
 2798
 2812
 2818
 2822
 2838
 2860
 2882
 2900
 2912
 2922
 2920
 2916
 2916
 2916
 2914
 2910
 2910
 2906
 2904
 2902
 2898
 2896
 2898
 2898
 2898
 2898
 2898
 2894
 2888
 2896
 2906
 2916
 2924
 2930
 2934
 2932
 2928
 2926
 2924
 2922
 2918
 2912
 2908
 2904
 2898
 2888
 2882
 2878
 2874
 2872
 2872
 2872
 2872
 2870
 2864
 2870
 2876
 2882
 2882
 2876
 2862
 2846
 2818
 2790
 2760
 2728
 2694
 2658
 2622
 2586
 2548
 2504
 2458
 2412
 2366
 2320
 2270
 2224
 2174
 2120
 2068
 2026
 1986
 1944
 1900
 1854
 1808
 1758
 1706
 1662
 1620
 1584
 1550
 1522
 1508
 1510
 1522
 1552
 1596
 1648
 1706
 1770
 1834
 1896
 1946
 2008
 2074
 2134
 2186
 2234
 2274
 2310
 2336
 2358
 2380
 2404
 2430
 2452
 2472
 2492
 2512
 2534
 2556
 2576
 2600
 2622
 2642
 2664
 2682
 2690
 2708
 2736
 2764
 2790
 2810
 2828
 2840
 2846
 2850
 2858
 2864
 2868
 2872
 2872
 2872
 2876
 2878
 2878
 2882
 2882
 2880
 2876
 2878
 2878
 2874
 2866
 2870
 2882
 2896
 2910
 2918
 2920
 2918
 2906
 2894
 2874
 2852
 2828
 2798
 2766
 2734
 2698
 2660
 2624
 2584
 2544
 2502
 2454
 2402
 2344
 2276
 2204
 2134
 2070
 2010
 1948
 1880
 1810
 1742
 1672
 1602
 1538
 1474
 1414
 1348
 1292
 1246
 1216
 1204
 1216
 1254
 1320
 1402
 1484
 1564
 1648
 1716
 1772
 1828
 1894
 1952
 2000
 2040
 2072
 2100
 2120
 2136
 2150
 2164
 2178
 2188
 2198
 2208
 2218
 2226
 2236
 2250
 2262
 2276
 2290
 2306
 2322
 2340
 2344
 2356
 2384
 2414
 2440
 2462
 2480
 2498
 2510
 2516
 2524
 2534
 2542
 2552
 2560
 2568
 2576
 2588
 2602
 2614
 2630
 2646
 2664
 2686
 2706
 2726
 2738
 2752
 2784
 2816
 2846
 2872
 2892
 2910
 2918
 2924
 2932
 2928
 2924
 2922
 2920
 2920
 2916
 2914
 2912
 2910
 2908
 2908
 2908
 2908
 2910
 2908
 2902
 2906
 2920
 2932
 2940
 2934
 2926
 2914
 2894
 2874
 2852
 2822
 2792
 2760
 2726
 2688
 2648
 2602
 2552
 2504
 2450
 2396
 2340
 2282
 2214
 2150
 2092
 2042
 1994
 1940
 1882
 1822
 1760
 1688
 1618
 1550
 1482
 1418
 1362
 1320
 1282
 1244
 1242
 1272
 1338
 1424
 1514
 1598
 1666
 1728
 1790
 1856
 1908
 1952
 1986
 2020
 2048
 2072
 2094
 2118
 2146
 2174
 2200
 2226
 2252
 2278
 2308
 2342
 2374
 2406
 2440
 2474
 2500
 2522
 2554
 2594
 2632
 2668
 2696
 2724
 2740
 2754
 2766
 2780
 2790
 2800
 2808
 2812
 2818
 2822
 2828
 2836
 2842
 2850
 2858
 2868
 2878
 2878
 2878
 2892
 2910
 2928
 2940
 2946
 2948
 2932
 2916
 2896
 2874
 2846
 2812
 2776
 2740
 2702
 2662
 2618
 2570
 2522
 2470
 2414
 2354
 2290
 2216
 2140
 2076
 2012
 1946
 1876
 1796
 1716
 1638
 1552
 1476
 1402
 1330
 1258
 1184
 1110
 1038
 976
 930
 904
 904
 918
 958
 1020
 1090
 1168
 1256
 1354
 1464
 1566
 1656
 1734
 1808
 1866
 1916
 1970
 2022
 2072
 2118
 2158
 2196
 2232
 2270
 2310
 2352
 2390
 2428
 2464
 2498
 2534
 2562
 2582
 2614
 2656
 2692
 2728
 2754
 2778
 2796
 2810
 2822
 2834
 2844
 2854
 2862
 2870
 2874
 2878
 2886
 2890
 2896
 2904
 2910
 2910
 2910
 2914
 2914
 2908
 2908
 2920
 2934
 2946
 2956
 2960
 2964
 2962
 2958
 2958
 2956
 2952
 2946
 2942
 2936
 2922
 2910
 2894
 2874
 2854
 2830
 2806
 2778
 2750
 2722
 2684
 2640
 2606
 2574
 2538
 2500
 2450
 2398
 2344
 2282
 2222
 2158
 2090
 2022
 1948
 1872
 1794
 1714
 1634
 1560
 1486
 1416
 1354
 1304
 1270
 1254
 1254
 1278
 1334
 1414
 1506
 1600
 1686
 1762
 1824
 1876
 1924
 1966
 2002
 2034
 2060
 2084
 2104
 2124
 2142
 2164
 2184
 2200
 2220
 2240
 2258
 2270
 2292
 2328
 2360
 2390
 2412
 2432
 2448
 2456
 2464
 2472
 2480
 2486
 2492
 2496
 2502
 2506
 2510
 2518
 2528
 2540
 2552
 2564
 2580
 2592
 2600
 2620
 2656
 2686
 2716
 2740
 2762
 2782
 2792
 2804
 2816
 2828
 2840
 2850
 2862
 2874
 2884
 2894
 2904
 2908
 2914
 2918
 2924
 2930
 2934
 2932
 2940
 2960
 2978
 2994
 3008
 3018
 3024
 3022
 3014
 3006
 2994
 2980
 2962
 2940
 2918
 2896
 2874
 2852
 2830
 2806
 2782
 2756
 2722
 2684
 2656
 2632
 2602
 2570
 2532
 2490
 2444
 2396
 2350
 2304
 2256
 2208
 2158
 2108
 2058
 2008
 1960
 1914
 1872
 1840
 1814
 1800
 1796
 1816
 1856
 1908
 1962
 2016
 2072
 2124
 2166
 2210
 2254
 2298
 2340
 2378
 2410
 2438
 2464
 2490
 2518
 2542
 2566
 2590
 2612
 2628
 2648
 2684
 2716
 2750
 2776
 2798
 2814
 2826
 2836
 2848
 2854
 2864
 2868
 2874
 2880
 2884
 2888
 2894
 2898
 2904
 2912
 2920
 2928
 2924
 2918
 2930
 2948
 2964
 2974
 2982
 2988
 2988
 2984
 2982
 2980
 2978
 2974
 2970
 2962
 2956
 2950
 2946
 2944
 2938
 2938
 2938
 2940
 2942
 2940
 2930
 2928
 2940
 2950
 2960
 2966
 2970
 2972
 2968
 2964
 2960
 2956
 2950
 2946
 2930
 2914
 2896
 2878
 2854
 2830
 2804
 2780
 2752
 2724
 2696
 2664
 2620
 2574
 2540
 2506
 2468
 2424
 2376
 2322
 2260
 2196
 2132
 2064
 1996
 1924
 1848
 1768
 1686
 1600
 1518
 1436
 1356
 1276
 1198
 1130
 1064
 1004
 962
 946
 958
 994
 1058
 1142
 1244
 1348
 1432
 1512
 1584
 1648
 1702
 1746
 1784
 1814
 1844
 1878
 1908
 1938
 1962
 1990
 2014
 2034
 2044
 2062
 2092
 2126
 2154
 2176
 2196
 2212
 2218
 2224
 2228
 2236
 2244
 2252
 2258
 2264
 2272
 2280
 2292
 2306
 2322
 2340
 2356
 2374
 2394
 2412
 2420
 2434
 2470
 2500
 2528
 2552
 2570
 2588
 2596
 2604
 2612
 2620
 2630
 2638
 2646
 2652
 2660
 2664
 2670
 2678
 2688
 2698
 2714
 2730
 2742
 2760
 2774
 2782
 2794
 2822
 2850
 2878
 2900
 2918
 2930
 2936
 2942
 2938
 2936
 2934
 2934
 2934
 2930
 2930
 2928
 2928
 2928
 2928
 2932
 2936
 2940
 2942
 2942
 2934
 2918
 2912
 2912
 2904
 2896
 2878
 2858
 2834
 2802
 2770
 2738
 2700
 2662
 2620
 2572
 2518
 2462
 2408
 2350
 2292
 2234
 2172
 2110
 2052
 1994
 1930
 1872
 1816
 1768
 1722
 1680
 1644
 1624
 1622
 1634
 1668
 1718
 1780
 1848
 1914
 1976
 2032
 2082
 2128
 2172
 2208
 2240
 2270
 2304
 2328
 2342
 2366
 2404
 2436
 2464
 2484
 2504
 2516
 2522
 2528
 2534
 2542
 2548
 2556
 2562
 2572
 2578
 2588
 2600
 2614
 2628
 2646
 2664
 2684
 2698
 2708
 2736
 2776
 2810
 2842
 2866
 2886
 2904
 2906
 2910
 2918
 2924
 2930
 2934
 2938
 2942
 2946
 2948
 2950
 2954
 2956
 2958
 2962
 2960
 2954
 2950
 2960
 2970
 2974
 2978
 2982
 2984
 2980
 2974
 2970
 2968
 2964
 2962
 2958
 2952
 2948
 2944
 2942
 2940
 2940
 2942
 2946
 2952
 2952
 2946
 2950
 2962
 2972
 2982
 2986
 2990
 2992
 2988
 2978
 2970
 2956
 2942
 2924
 2896
 2870
 2840
 2810
 2780
 2748
 2712
 2670
 2622
 2566
 2500
 2438
 2382
 2328
 2270
 2208
 2140
 2074
 2002
 1928
 1862
 1796
 1730
 1666
 1598
 1540
 1490
 1456
 1442
 1452
 1486
 1538
 1606
 1684
 1756
 1828
 1890
 1956
 2026
 2086
 2134
 2172
 2204
 2226
 2238
 2254
 2270
 2282
 2294
 2304
 2312
 2318
 2326
 2336
 2344
 2354
 2366
 2378
 2390
 2406
 2418
 2432
 2438
 2442
 2464
 2492
 2514
 2536
 2550
 2566
 2574
 2576
 2582
 2588
 2592
 2598
 2602
 2608
 2612
 2616
 2618
 2618
 2620
 2624
 2630
 2636
 2650
 2660
 2672
 2686
 2698
 2702
 2714
 2742
 2770
 2798
 2818
 2834
 2850
 2856
 2862
 2868
 2874
 2880
 2886
 2892
 2898
 2902
 2908
 2912
 2912
 2914
 2914
 2918
 2922
 2930
 2940
 2948
 2956
 2956
 2946
 2942
 2944
 2940
 2934
 2916
 2894
 2868
 2834
 2798
 2756
 2708
 2660
 2604
 2546
 2480
 2412
 2342
 2270
 2202
 2132
 2062
 1996
 1926
 1858
 1796
 1730
 1660
 1600
 1550
 1508
 1468
 1424
 1380
 1340
 1308
 1288
 1294
 1318
 1364
 1424
 1494
 1560
 1626
 1692
 1756
 1816
 1870
 1918
 1960
 2000
 2038
 2068
 2088
 2112
 2152
 2186
 2216
 2240
 2260
 2276
 2282
 2284
 2288
 2294
 2300
 2306
 2312
 2318
 2326
 2334
 2344
 2356
 2366
 2378
 2390
 2402
 2414
 2426
 2432
 2434
 2452
 2482
 2508
 2530
 2548
 2564
 2574
 2578
 2582
 2590
 2594
 2596
 2600
 2602
 2604
 2608
 2612
 2620
 2626
 2636
 2646
 2656
 2668
 2680
 2690
 2694
 2708
 2740
 2766
 2792
 2810
 2826
 2838
 2842
 2844
 2850
 2852
 2854
 2854
 2850
 2846
 2844
 2840
 2840
 2842
 2846
 2850
 2856
 2864
 2876
 2888
 2896
 2916
 2950
 2976
 2996
 3004
 3004
 3000
 2976
 2954
 2930
 2904
 2872
 2826
 2768
 2710
 2650
 2590
 2526
 2462
 2398
 2330
 2264
 2204
 2132
 2060
 2000
 1948
 1892
 1836
 1770
 1698
 1628
 1550
 1476
 1408
 1340
 1270
 1200
 1134
 1086
 1054
 1046
 1072
 1122
 1200
 1288
 1370
 1448
 1524
 1618
 1700
 1772
 1832
 1882
 1920
 1944
 1962
 1990
 2012
 2036
 2054
 2072
 2088
 2102
 2114
 2130
 2148
 2162
 2178
 2196
 2208
 2210
 2234
 2268
 2298
 2326
 2346
 2366
 2378
 2386
 2392
 2398
 2408
 2414
 2420
 2424
 2428
 2432
 2438
 2446
 2456
 2464
 2478
 2490
 2498
 2500
 2516
 2554
 2582
 2608
 2626
 2644
 2654
 2658
 2662
 2664
 2668
 2672
 2676
 2678
 2678
 2678
 2682
 2688
 2694
 2700
 2708
 2720
 2728
 2728
 2742
 2778
 2808
 2840
 2866
 2892
 2918
 2928
 2948
 2966
 2982
 2988
 2982
 2972
 2958
 2938
 2918
 2890
 2860
 2830
 2796
 2760
 2724
 2678
 2624
 2580
 2544
 2502
 2456
 2396
 2330
 2258
 2176
 2096
 2018
 1938
 1858
 1776
 1692
 1608
 1522
 1436
 1356
 1278
 1200
 1122
 1050
 984
 912
 846
 794
 750
 712
 678
 648
 640
 650
 682
 740
 816
 906
 1006
 1106
 1202
 1292
 1374
 1450
 1518
 1580
 1636
 1684
 1732
 1782
 1814
 1846
 1896
 1942
 1984
 2020
 2052
 2080
 2098
 2116
 2132
 2148
 2164
 2178
 2198
 2212
 2222
 2234
 2244
 2258
 2272
 2288
 2308
 2328
 2348
 2368
 2386
 2394
 2408
 2446
 2482
 2514
 2542
 2564
 2586
 2594
 2606
 2612
 2622
 2632
 2642
 2650
 2658
 2666
 2676
 2686
 2696
 2710
 2722
 2738
 2754
 2772
 2790
 2808
 2828
 2844
 2850
 2876
 2916
 2944
 2974
 2988
 2994
 2990
 2972
 2952
 2928
 2898
 2866
 2830
 2790
 2744
 2696
 2646
 2596
 2544
 2490
 2434
 2378
 2312
 2248
 2186
 2116
 2038
 1972
 1910
 1850
 1784
 1714
 1638
 1562
 1482
 1400
 1330
 1258
 1188
 1110
 1028
 950
 874
 804
 748
 714
 702
 728
 782
 866
 972
 1082
 1180
 1286
 1398
 1494
 1576
 1646
 1708
 1752
 1780
 1808
 1844
 1876
 1904
 1926
 1948
 1968
 1984
 2002
 2020
 2040
 2060
 2080
 2102
 2124
 2138
 2156
 2192
 2234
 2270
 2302
 2328
 2352
 2366
 2378
 2388
 2400
 2414
 2426
 2436
 2446
 2458
 2470
 2482
 2498
 2516
 2536
 2558
 2580
 2602
 2614
 2634
 2676
 2718
 2756
 2788
 2818
 2844
 2860
 2872
 2888
 2896
 2906
 2918
 2928
 2940
 2952
 2962
 2976
 2990
 3004
 3014
 3026
 3038
 3042
 3042
 3050
 3072
 3092
 3110
 3118
 3122
 3120
 3108
 3098
 3084
 3064
 3042
 3016
 2988
 2958
 2922
 2886
 2852
 2814
 2774
 2732
 2686
 2630
 2570
 2518
 2474
 2426
 2374
 2316
 2252
 2184
 2106
 2036
 1964
 1892
 1820
 1740
 1658
 1570
 1486
 1404
 1328
 1254
 1180
 1112
 1048
 978
 912
 860
 818
 788
 766
 756
 768
 804
 852
 930
 1034
 1152
 1268
 1366
 1458
 1536
 1606
 1668
 1730
 1784
 1834
 1886
 1936
 1990
 2032
 2076
 2138
 2196
 2252
 2300
 2344
 2388
 2418
 2452
 2486
 2516
 2548
 2578
 2606
 2634
 2658
 2684
 2712
 2740
 2768
 2798
 2826
 2852
 2882
 2908
 2932
 2944
 2958
 2986
 3014
 3042
 3066
 3084
 3096
 3100
 3106
 3110
 3116
 3116
 3116
 3116
 3114
 3110
 3108
 3106
 3104
 3104
 3106
 3104
 3104
 3106
 3106
 3108
 3110
 3102
 3096
 3104
 3116
 3118
 3116
 3110
 3100
 3080
 3054
 3026
 2994
 2962
 2928
 2888
 2844
 2798
 2750
 2700
 2650
 2600
 2546
 2486
 2424
 2360
 2290
 2220
 2150
 2072
 1992
 1924
 1860
 1800
 1738
 1670
 1602
 1534
 1460
 1398
 1348
 1310
 1290
 1286
 1300
 1338
 1398
 1482
 1582
 1682
 1770
 1850
 1922
 1986
 2046
 2102
 2148
 2176
 2214
 2260
 2300
 2336
 2362
 2386
 2402
 2410
 2418
 2426
 2434
 2442
 2450
 2458
 2466
 2474
 2482
 2496
 2508
 2522
 2536
 2552
 2570
 2590
 2612
 2634
 2652
 2662
 2688
 2732
 2768
 2802
 2834
 2862
 2884
 2900
 2916
 2932
 2948
 2964
 2980
 2992
 2994
 3000
 3006
 3014
 3020
 3026
 3032
 3036
 3044
 3048
 3052
 3056
 3060
 3056
 3054
 3064
 3078
 3092
 3104
 3110
 3116
 3112
 3110
 3108
 3104
 3092
 3082
 3066
 3048
 3026
 2994
 2964
 2930
 2896
 2862
 2826
 2788
 2746
 2706
 2662
 2614
 2562
 2522
 2492
 2466
 2438
 2408
 2376
 2342
 2304
 2268
 2232
 2190
 2150
 2108
 2066
 2032
 2008
 1998
 2006
 2026
 2064
 2108
 2160
 2218
 2280
 2338
 2388
 2448
 2520
 2584
 2642
 2688
 2730
 2768
 2794
 2820
 2846
 2866
 2888
 2908
 2922
 2934
 2946
 2956
 2956
 2962
 2968
 2978
 2986
 2992
 3000
 3000
 2998
 3014
 3032
 3048
 3064
 3072
 3080
 3080
 3080
 3080
 3078
 3076
 3072
 3068
 3064
 3060
 3056
 3046
 3036
 3032
 3030
 3030
 3026
 3028
 3026
 3020
 3014
 3022
 3032
 3044
 3054
 3058
 3060
 3058
 3054
 3052
 3052
 3048
 3044
 3036
 3028
 3016
 2998
 2980
 2964
 2944
 2924
 2902
 2880
 2854
 2822
 2790
 2768
 2746
 2718
 2686
 2646
 2602
 2550
 2498
 2452
 2404
 2356
 2306
 2254
 2204
 2154
 2102
 2052
 2008
 1962
 1920
 1880
 1834
 1788
 1754
 1728
 1702
 1676
 1652
 1636
 1626
 1626
 1646
 1676
 1712
 1758
 1804
 1852
 1898
 1948
 2000
 2052
 2102
 2154
 2196
 2232
 2278
 2336
 2390
 2442
 2484
 2524
 2560
 2584
 2608
 2632
 2654
 2678
 2700
 2718
 2734
 2752
 2770
 2790
 2808
 2828
 2848
 2862
 2868
 2886
 2914
 2934
 2954
 2968
 2980
 2986
 2986
 2990
 2994
 2996
 2998
 2994
 2992
 2992
 2990
 2990
 2986
 2986
 2986
 2988
 2990
 2986
 2974
 2978
 2990
 2996
 2998
 2990
 2980
 2962
 2938
 2908
 2876
 2842
 2804
 2760
 2714
 2664
 2606
 2548
 2488
 2428
 2366
 2298
 2232
 2168
 2092
 2016
 1952
 1892
 1830
 1766
 1692
 1618
 1544
 1462
 1390
 1320
 1254
 1186
 1116
 1048
 984
 928
 890
 874
 880
 906
 952
 1014
 1084
 1162
 1252
 1354
 1450
 1536
 1610
 1674
 1730
 1770
 1806
 1848
 1886
 1926
 1964
 2004
 2048
 2092
 2134
 2178
 2224
 2270
 2314
 2360
 2404
 2440
 2476
 2530
 2580
 2626
 2670
 2706
 2738
 2760
 2778
 2798
 2818
 2832
 2844
 2856
 2864
 2874
 2884
 2892
 2900
 2912
 2920
 2928
 2936
 2946
 2948
 2944
 2948
 2966
 2984
 2998
 3006
 3010
 3010
 3002
 2996
 2980
 2960
 2942
 2920
 2894
 2868
 2838
 2806
 2774
 2740
 2706
 2666
 2626
 2578
 2530
 2480
 2422
 2360
 2306
 2260
 2208
 2152
 2090
 2026
 1962
 1894
 1832
 1772
 1716
 1666
 1622
 1592
 1578
 1580
 1602
 1646
 1704
 1774
 1852
 1934
 2022
 2106
 2174
 2234
 2296
 2358
 2408
 2446
 2476
 2500
 2516
 2524
 2534
 2544
 2556
 2568
 2580
 2592
 2606
 2622
 2638
 2654
 2670
 2688
 2706
 2726
 2754
 2776
 2792
 2808
 2838
 2876
 2904
 2932
 2948
 2952
 2954
 2952
 2952
 2952
 2950
 2950
 2948
 2948
 2944
 2942
 2940
 2940
 2938
 2942
 2942
 2944
 2948
 2952
 2952
 2948
 2954
 2972
 2988
 3004
 3012
 3018
 3022
 3020
 3020
 3020
 3016
 3016
 3014
 3010
 3002
 2994
 2990
 2988
 2986
 2984
 2982
 2982
 2980
 2980
 2966
 2956
 2956
 2952
 2946
 2934
 2916
 2896
 2872
 2842
 2812
 2778
 2740
 2700
 2654
 2602
 2548
 2490
 2430
 2366
 2302
 2234
 2170
 2104
 2036
 1966
 1908
 1854
 1808
 1758
 1704
 1652
 1606
 1562
 1534
 1526
 1532
 1558
 1598
 1650
 1722
 1796
 1874
 1952
 2022
 2086
 2144
 2192
 2230
 2268
 2324
 2372
 2414
 2448
 2474
 2496
 2510
 2518
 2526
 2536
 2542
 2550
 2558
 2566
 2576
 2586
 2598
 2612
 2626
 2642
 2664
 2680
 2690
 2712
 2752
 2786
 2820
 2846
 2870
 2890
 2898
 2906
 2916
 2924
 2932
 2936
 2942
 2944
 2946
 2950
 2950
 2950
 2950
 2952
 2952
 2946
 2942
 2940
 2934
 2924
 2926
 2936
 2940
 2942
 2936
 2920
 2896
 2862
 2824
 2782
 2732
 2678
 2618
 2554
 2486
 2416
 2342
 2270
 2200
 2132
 2060
 1992
 1922
 1852
 1784
 1724
 1656
 1598
 1560
 1536
 1528
 1534
 1556
 1602
 1658
 1718
 1782
 1850
 1914
 1978
 2038
 2092
 2136
 2176
 2212
 2244
 2274
 2300
 2324
 2346
 2364
 2384
 2400
 2406
 2420
 2450
 2478
 2504
 2524
 2538
 2556
 2562
 2568
 2576
 2582
 2590
 2598
 2602
 2610
 2630
 2652
 2672
 2692
 2712
 2730
 2754
 2778
 2800
 2822
 2838
 2848
 2864
 2894
 2922
 2944
 2958
 2966
 2974
 2976
 2978
 2978
 2980
 2980
 2982
 2980
 2978
 2974
 2972
 2972
 2972
 2970
 2968
 2970
 2970
 2972
 2970
 2964
 2960
 2972
 2984
 2998
 3008
 3012
 3014
 3010
 2992
 2978
 2962
 2944
 2926
 2902
 2878
 2852
 2822
 2796
 2764
 2734
 2704
 2670
 2636
 2602
 2564
 2520
 2478
 2444
 2414
 2380
 2342
 2296
 2254
 2208
 2158
 2118
 2078
 2050
 2028
 2016
 2016
 2026
 2048
 2080
 2122
 2170
 2220
 2270
 2322
 2368
 2404
 2436
 2480
 2530
 2572
 2608
 2636
 2664
 2684
 2698
 2710
 2724
 2736
 2750
 2762
 2774
 2782
 2792
 2806
 2818
 2830
 2842
 2854
 2868
 2880
 2884
 2888
 2904
 2924
 2944
 2960
 2968
 2976
 2974
 2968
 2966
 2964
 2962
 2958
 2956
 2952
 2950
 2946
 2942
 2940
 2938
 2938
 2938
 2938
 2936
 2930
 2926
 2934
 2942
 2954
 2962
 2964
 2968
 2964
 2960
 2956
 2954
 2950
 2946
 2940
 2936
