20
24
89
99
195
267
334
396
458
523
594
658
787
798
857
934
1012
1076
1137
1206
1241
1304
1385
1390
1565
1583
2177
2256
2263
2327
2386
2445
2502
2562
2627
2740
2821
2829
2892
2897
2941
3018
3023
3048
3104
3158
3219
3292
3356
3419
3531
3593
3655
3713
3775
3829
3889
3943
3999
4052
4108
4172
4235
4289
4358
4423
4468
4530
4630
4688
4752
4818
4872
4929
4999
5063
5126
5183
5241
5296
5353
5415
5468
5539
5604
5615
5662
5730
5782
5850
5924
5988
6058
6131
6227
6240
6292
6301
6401
6462
6528
6585
6644
6707
6805
6914
7099
7164
7235
7242
7338
7339
7393
7453
7520
7578
7641
7744
7787
7847
7959
8035
8102
8169
8232
8304
8365
8427
8482
8537
8633
8679
8780
8847
8923
