68
141
222
301
380
456
537
621
704
779
854
934
1015
1091
1168
1248
1327
1402
1482
1565
1645
1721
1801
1882
1960
2034
2112
2188
2266
2345
2427
2504
2579
2657
2736
2814
2885
2955
3024
3100
3176
3248
3325
3409
3488
3565
3645
3729
3805
3882
3962
4044
4119
4201
4287
4368
4445
4530
4618
4696
4776
4860
4945
5024
5107
5196
5277
5355
5438
5523
5602
5682
5765
5849
5927
6010
6095
6175
6253
6338
6423
6502
6584
6672
6754
6832
6915
7000
7081
7162
7250
7337
7416
7498
7583
7663
7743
7827
7912
7989
8071
8157
8240
8321
8410
8503
8585
8669
8755
8845
8926
9006
9090
9177
9259
9345
9431
9512
9596
9682
9762
9842
9927
10014
10094
10177
10267
10354
10433
10518
10607
10689
10767
10847
10934
11014
11094
11181
11272
11353
11435
11521
11606
11685
11768
11854
11934
12016
12103
12195
12279
12364
12453
12543
12622
12706
12792
12872
12951
13037
13124
13203
13287
13373
13454
13537
13622
13701
13780
13864
13950
14030
14113
14200
14283
14361
14444
14530
14610
14690
14774
14859
14938
15019
15103
15188
15265
15347
15432
15511
15589
15672
15758
15837
15920
16007
16091
16174
16258
16342
16419
16469
16576
16656
16730
16802
16869
16940
17009
17077
17146
17222
17299
17372
17450
17533
17615
17692
17776
17865
17947
18026
18110
18199
18283
18365
18453
18547
18629
18711
18798
18883
18961
19046
19137
19222
19304
19395
19488
19568
19650
19737
19817
19894
19980
20070
20151
20239
20331
20414
20495
20575
20649
20721
20800
20880
20957
21044
21133
21214
21297
21385
21467
21545
21627
21714
21794
21874
21959
22047
22125
22201
22281
22360
22436
22515
22596
22673
22751
22833
22915
22991
23069
23150
23231
23306
23386
23473
23560
23639
23719
23802
23883
23958
24038
24122
24203
24284
24369
24453
24532
24618
24706
24789
24867
24948
25026
25099
25173
25253
25340
25421
25498
25579
25666
25722
25819
25899
25979
26053
26132
26213
26293
26370
26455
26544
26627
26708
26792
26874
26949
27028
27111
27192
27270
27355
27446
27532
27612
27695
27778
27854
27933
28017
28098
28175
28260
28353
28442
28526
28616
28707
28787
28866
28949
29035
29114
29199
29290
29375
29458
29547
29636
29717
29798
29883
29964
30042
30127
30216
30299
30383
30470
30557
30635
30712
30797
30882
30962
31046
31133
31212
31293
31378
31458
31536
31619
31708
31790
31873
31962
32045
32126
32215
32303
32381
32457
32536
32617
32694
32778
32870
32956
33041
33127
33211
33287
33367
33450
33532
33608
33687
33774
33861
33940
34020
34099
34176
34247
34320
34396
34473
34547
34628
34714
34793
34870
34950
35028
35102
35180
35258
35335
35411
35491
35571
35646
35724
