62
130
199
267
331
397
467
539
608
675
746
822
895
961
1033
1106
1179
1247
1318
1392
1476
1557
1627
1698
1773
1851
1928
2001
2074
2156
2240
2323
2396
2468
2549
2633
2720
2796
2868
2945
3030
3118
3197
3267
3339
3415
3495
3574
3644
3715
3793
3874
3958
4035
4106
4185
4270
4358
4443
4519
4595
4677
4760
4838
4908
4983
5067
5156
5241
5317
5391
5473
5554
5634
5707
5774
5846
5917
5987
6052
6120
6189
6260
6325
6390
6460
6533
6604
6672
6742
6812
6885
6951
7017
7087
7158
7227
7292
7358
7425
7498
7565
7629
7693
7759
7827
7894
7960
8028
8101
8176
8249
8319
8390
8467
8548
8632
8709
8782
8862
8940
9012
9080
9146
9218
9298
9378
9450
9518
9590
9665
9743
9813
9882
9954
10025
10091
10158
10228
10301
10369
10435
10505
10578
10651
10720
10787
10857
10931
11003
11071
11139
11212
11287
11358
11426
11498
11576
11655
11728
11797
11872
11950
12026
12095
12169
12248
12329
12406
12477
12548
12623
12700
12779
12850
12918
12987
13058
13125
13189
13255
13323
13400
13474
13542
13614
13688
13765
13841
13909
13973
14040
14107
14177
14248
14315
14385
14461
14534
14606
14679
14753
14833
14907
14980
15054
15128
15198
15264
15334
15409
15486
15560
15629
15699
15775
15852
15922
15989
16061
16137
16214
16288
16355
16420
16483
16548
16618
16691
16763
16833
16909
16990
17077
17151
17218
17291
17364
17436
17509
17584
17663
17738
17806
17883
17965
18048
18122
18193
18269
18345
18418
18486
18556
18628
18705
18781
18854
18929
19010
19087
19159
19226
19298
19374
19451
19523
19598
19674
19751
19825
19893
19965
20040
20111
20180
20249
20322
20397
20470
20537
20610
20686
20764
20837
20903
20970
21041
21110
21181
21249
21318
21392
21471
21547
21616
21691
21770
21851
21927
21999
22075
22155
22233
22307
22376
22446
22522
22605
22690
22769
22843
22923
23007
23093
23171
23243
23318
23398
23480
23556
23626
23701
23781
23860
23932
24003
24078
24155
24229
24298
24368
24442
24519
24592
24660
24732
24809
24885
24956
25027
25101
25179
25252
25321
25391
25466
25543
25614
25683
25756
25833
25910
25980
26046
26116
26189
26262
26332
26401
26473
26549
26629
26704
26773
26843
26916
26991
27062
27128
27197
27266
27339
27408
27475
27545
27618
27688
27754
27821
27891
27963
28033
28099
28170
28245
28321
28394
28462
28535
28611
28683
28752
28823
28900
28980
29056
29127
29197
29269
29345
29420
29492
29563
29639
29720
29803
29878
29951
30028
30105
30180
30252
30322
30399
30480
30560
30634
30707
30785
30866
30945
31016
31085
31157
31230
31306
31377
31447
31520
31594
31667
31735
31801
31872
31943
32014
32080
32147
32216
32284
32348
32410
32473
32542
32616
32688
32754
32817
32885
32955
33029
33099
33167
33235
33308
33384
33462
33533
33603
33678
33758
33834
33906
33978
34054
34132
34212
34283
34352
34425
34504
34586
34663
34735
34809
34890
34976
35058
35132
35203
35279
35360
35440
35515
35584
