17
97
174
245
320
399
478
555
631
703
772
841
914
989
1069
1150
1226
1298
1377
1461
1549
1631
1705
1780
1865
1955
2046
2131
2208
2287
2375
2461
2547
2626
2705
2791
2878
2965
3045
3118
3194
3276
3358
3439
3510
3583
3661
3746
3837
3925
4004
4084
4166
4248
4326
4399
4469
4546
4630
4714
4801
4881
4958
5041
5127
5214
5296
5371
5448
5525
5602
5676
5746
5817
5894
5971
6051
6127
6199
6271
6347
6432
6511
6585
6654
6725
6797
6870
6943
7011
7083
7166
7253
7340
7418
7491
7567
7645
7723
7793
7861
7931
7999
8065
8131
8199
8269
8337
8403
8474
8547
8624
8696
8763
8827
8896
8968
9043
9124
9202
9274
9354
9437
9522
9604
9681
9753
9832
9917
10002
10084
10160
10226
10291
10357
10425
10500
10574
10642
10717
10798
10886
10975
11054
11136
11222
11305
11379
11451
11526
11607
11686
11762
11831
11908
11995
12086
12178
12264
12346
12433
12521
12611
12694
12774
12853
12932
13014
13094
13169
13249
13330
13410
13493
13572
13650
13733
13816
13897
13976
14048
14122
14196
14273
14355
14433
14504
14581
14662
14747
14831
14906
14983
15065
15149
15232
15310
15385
15469
15555
15642
15721
15799
15882
15966
16051
16127
16198
16275
16356
16434
16510
16583
16661
16744
16828
16910
16986
17060
17137
17217
17294
17364
17428
17493
17561
17637
17715
17794
17873
17951
18026
18107
18190
18275
18359
18436
18509
18585
18667
18751
18832
18909
18981
19058
19140
19224
19305
19386
19459
19534
19609
19685
19759
19830
19899
19969
20042
20119
20196
20269
20338
20411
20487
20564
20640
20711
20778
20848
20922
20999
21074
21144
21214
21289
21368
21453
21533
21606
21680
21754
21828
21901
21971
22043
22115
22191
22265
22335
22402
22473
22546
22623
22697
22766
22835
22910
22987
23065
23140
23209
23277
23348
23422
23498
23571
23639
23705
23774
23847
23921
23993
24059
24125
24196
24269
24343
24416
24489
24560
24632
24705
24780
24853
24922
24996
25077
25162
25249
25330
25403
25482
25563
25649
25733
25812
25883
25952
26023
26099
26174
26252
26327
26398
26477
26560
26645
26728
26806
26878
26954
27034
27112
27185
27253
27322
27392
27462
27527
27592
27657
27721
27784
27849
27920
27997
28072
28143
28209
28279
28353
28434
28516
28596
28670
28751
28838
28929
29014
29088
29165
29245
29326
29401
29473
29547
29626
29704
29779
29848
29919
29996
30076
30155
30228
30297
30370
30448
30530
30608
30680
30756
30834
30913
30985
31052
31123
31198
31281
31362
31438
31512
31591
31674
31758
31840
31918
31989
32063
32141
32214
32280
32349
32422
32498
32575
32650
32723
32806
32892
32979
33061
33138
33222
33308
33392
33477
33555
33637
33724
33811
33892
33970
34054
34140
34229
34313
34393
34477
34565
34654
34739
34821
34906
34993
35080
35159
35241
35327
35417
35501
35580
35662
35740
35814
35891
35968
36042
36116
36190
36271
36356
36438
36510
36577
36643
36715
36790
36869
36946
37019
37088
37159
37234
37313
37392
37464
37531
37598
37667
37737
37806
37874
37941
38010
38083
38156
38224
38290
38359
38430
38505
38576
38643
38709
38781
38856
38937
39019
39101
39176
39249
39327
39407
39487
39564
39635
39708
39781
39856
39925
39992
40065
40140
40221
40293
40365
40438
40508
40580
40648
40714
40783
40856
40935
41016
41090
41156
41223
41291
41359
41428
41496
41562
41633
41710
41789
41867
41942
42010
42075
42142
42209
42279
42351
42422
42491
42557
42624
42693
42762
42830
42895
42960
43029
43107
43191
43275
43351
43421
43489
43561
43636
43710
43784
43853
43920
43994
44071
44152
44234
44308
44380
44453
44526
44602
44679
44749
44816
44885
44958
45029
45096
45160
45222
45286
45357
45432
45508
45590
45671
45754
45832
45901
45974
46053
46137
46222
46300
46370
46441
46514
46591
46671
46750
46823
46898
46978
47060
47138
47211
47284
47365
47453
47541
47619
47692
47764
47836
47908
47979
48048
48114
48182
48255
48331
48410
48489
48564
48635
48711
48785
48857
48925
48990
49056
49126
49196
49269
49337
49403
49475
49554
49633
49705
49772
49838
49906
49974
50048
50121
50189
50259
50333
50409
50484
50553
50620
50689
50758
50825
50890
50952
51015
51081
51147
51213
51280
51345
51412
51483
51557
51633
51707
51779
51850
51928
52004
52076
52144
52209
52277
52344
52414
52484
52551
52618
52689
52763
52835
52904
52971
53038
53110
53182
53254
53327
53397
53461
53526
53589
53651
53714
53776
53838
53902
53971
54044
54117
54187
54255
54329
54408
54485
54558
54626
54695
54771
54852
54935
55011
55082
55158
55237
55317
55390
55458
55527
55600
55680
55764
55844
55918
55996
56086
56177
56257
56331
56406
56479
56548
56617
56692
56774
56860
56944
57018
57093
57171
57248
57326
57402
57473
57545
57624
57711
57796
57877
57952
58031
58116
58204
58293
58375
58452
58527
58604
58685
58766
58841
58909
58976
59048
59131
59214
59295
59372
59447
59526
59606
59686
59760
59830
59900
59974
60052
60130
60204
60273
60342
60417
60495
60571
60648
60720
60788
60861
60937
61014
61090
61163
61231
61301
61375
61455
61538
61615
61684
61748
61817
61889
61964
62043
62123
62199
62269
62341
62416
62496
62579
62655
62726
62798
62871
62948
63028
63103
63172
63244
63319
63396
63473
63544
63616
63691
63769
63845
63915
63980
64047
64115
64187
