 3204
 3124
 3036
 2956
 2880
 2820
 2764
 2714
 2660
 2612
 2558
 2504
 2464
 2436
 2420
 2422
 2438
 2470
 2504
 2542
 2582
 2636
 2694
 2754
 2810
 2874
 2950
 3028
 3110
 3188
 3264
 3334
 3410
 3488
 3574
 3672
 3784
 3906
 4022
 4094
 4094
 4094
 4094
 4094
 4094
 4094
 4094
 4094
 4094
 4094
 4094
 3868
 3704
 3610
 3552
 3522
 3532
 3552
 3566
 3592
 3636
 3680
 3722
 3752
 3770
 3782
 3780
 3766
 3748
 3720
 3684
 3638
 3580
 3520
 3454
 3366
 3280
 3190
 3102
 3018
 2940
 2868
 2796
 2726
 2660
 2604
 2550
 2496
 2452
 2438
 2444
 2454
 2470
 2480
 2488
 2508
 2538
 2574
 2606
 2650
 2694
 2734
 2768
 2802
 2828
 2846
 2858
 2874
 2894
 2924
 2958
 2978
 2990
 3000
 3014
 3032
 3052
 3070
 3092
 3114
 3122
 3130
 3136
 3142
 3144
 3148
 3150
 3150
 3126
 3058
 2942
 2842
 2770
 2734
 2730
 2760
 2840
 2940
 3022
 3086
 3142
 3188
 3232
 3268
 3302
 3330
 3344
 3354
 3362
 3364
 3354
 3344
 3344
 3346
 3354
 3360
 3364
 3370
 3376
 3380
 3374
 3370
 3370
 3372
 3374
 3374
 3370
 3356
 3324
 3286
 3246
 3206
 3168
 3130
 3090
 3054
 3022
 2990
 2948
 2906
 2868
 2828
 2790
 2754
 2716
 2672
 2622
 2568
 2508
 2456
 2414
 2390
 2370
 2358
 2348
 2340
 2330
 2326
 2326
 2334
 2354
 2380
 2410
 2440
 2468
 2470
 2450
 2400
 2332
 2288
 2276
 2294
 2334
 2390
 2460
 2540
 2624
 2706
 2786
 2868
 2952
 3036
 3118
 3186
 3242
 3280
 3316
 3350
 3386
 3420
 3454
 3488
 3516
 3544
 3564
 3572
 3578
 3582
 3590
 3600
 3610
 3608
 3602
 3592
 3580
 3568
 3556
 3550
 3552
 3554
 3556
 3554
 3544
 3514
 3476
 3438
 3398
 3352
 3300
 3242
 3174
 3096
 3012
 2924
 2846
 2770
 2704
 2636
 2568
 2504
 2442
 2380
 2320
 2262
 2202
 2144
 2090
 2038
 1992
 1952
 1928
 1926
 1940
 1964
 1988
 2014
 2040
 2070
 2096
 2120
 2146
 2170
 2194
 2212
 2232
 2248
 2260
 2264
 2270
 2282
 2310
 2342
 2374
 2416
 2460
 2494
 2522
 2546
 2570
 2592
 2610
 2624
 2644
 2676
 2706
 2728
 2742
 2754
 2774
 2792
 2812
 2834
 2862
 2890
 2914
 2934
 2958
 2988
 3018
 3046
 3074
 3102
 3130
 3150
 3164
 3184
 3212
 3250
 3294
 3346
 3400
 3464
 3522
 3568
 3612
 3648
 3682
 3714
 3744
 3772
 3794
 3814
 3830
 3836
 3834
 3834
 3834
 3840
 3846
 3862
 3876
 3886
 3896
 3902
 3900
 3896
 3894
 3896
 3904
 3910
 3908
 3898
 3886
 3864
 3838
 3804
 3766
 3724
 3678
 3632
 3588
 3542
 3494
 3434
 3376
 3312
 3246
 3178
 3104
 3032
 2962
 2904
 2860
 2822
 2778
 2722
 2664
 2618
 2572
 2546
 2538
 2548
 2574
 2608
 2642
 2670
 2688
 2700
 2712
 2728
 2740
 2752
 2764
 2772
 2774
 2778
 2788
 2798
 2810
 2828
 2858
 2894
 2936
 2970
 3002
 3040
 3080
 3130
 3176
 3220
 3254
 3262
 3262
 3272
 3290
 3312
 3338
 3360
 3374
 3390
 3408
 3418
 3426
 3428
 3428
 3426
 3430
 3436
 3434
 3426
 3418
 3412
 3408
 3402
 3404
 3408
 3410
 3410
 3402
 3400
 3396
 3388
 3376
 3358
 3334
 3304
 3272
 3234
 3182
 3126
 3072
 3016
 2960
 2908
 2858
 2804
 2748
 2688
 2628
 2568
 2506
 2436
 2368
 2300
 2230
 2166
 2098
 2030
 1978
 1942
 1922
 1922
 1938
 1968
 2004
 2050
 2098
 2146
 2198
 2252
 2310
 2372
 2434
 2494
 2544
 2590
 2634
 2678
 2730
 2788
 2850
 2912
 2978
 3034
 3088
 3132
 3170
 3202
 3234
 3266
 3296
 3322
 3340
 3344
 3344
 3340
 3342
 3348
 3354
 3358
 3368
 3376
 3380
 3382
 3382
 3384
 3384
 3386
 3386
 3390
 3392
 3392
 3390
 3384
 3370
 3350
 3326
 3296
 3264
 3230
 3196
 3154
 3110
 3060
 3006
 2946
 2882
 2820
 2758
 2694
 2626
 2554
 2476
 2390
 2300
 2222
 2152
 2092
 2034
 1982
 1934
 1886
 1850
 1826
 1818
 1820
 1832
 1856
 1890
 1936
 1978
 2022
 2062
 2102
 2144
 2194
 2244
 2296
 2352
 2408
 2468
 2524
 2576
 2614
 2648
 2686
 2726
 2768
 2814
 2858
 2898
 2928
 2948
 2962
 2972
 2990
 3004
 3022
 3036
 3048
 3058
 3064
 3064
 3064
 3060
 3058
 3054
 3052
 3042
 3032
 3022
 3008
 2992
 2972
 2958
 2954
 2956
 2964
 2964
 2960
 2952
 2934
 2914
 2880
 2844
 2806
 2766
 2724
 2686
 2644
 2600
 2554
 2508
 2452
 2406
 2366
 2332
 2300
 2270
 2238
 2206
 2172
 2138
 2104
 2070
 2030
 1988
 1936
 1890
 1850
 1810
 1774
 1744
 1726
 1724
 1738
 1768
 1812
 1866
 1928
 1996
 2066
 2136
 2208
 2280
 2346
 2412
 2478
 2544
 2604
 2660
 2708
 2746
 2782
 2820
 2858
 2898
 2938
 2972
 3006
 3036
 3064
 3082
 3094
 3102
 3108
 3114
 3122
 3124
 3126
 3128
 3124
 3116
 3106
 3098
 3096
 3096
 3104
 3108
 3114
 3120
 3120
 3118
 3108
 3098
 3088
 3082
 3078
 3072
 3068
 3066
 3064
 3060
 3052
 3040
 3028
 3016
 3002
 2988
 2974
 2960
 2944
 2926
 2900
 2868
 2834
 2796
 2754
 2714
 2672
 2626
 2580
 2528
 2476
 2420
 2358
 2306
 2258
 2214
 2166
 2114
 2058
 1996
 1940
 1890
 1858
 1840
 1836
 1842
 1858
 1888
 1920
 1958
 1998
 2032
 2066
 2104
 2146
 2196
 2250
 2306
 2364
 2422
 2480
 2534
 2580
 2622
 2658
 2692
 2728
 2762
 2792
 2820
 2844
 2862
 2876
 2888
 2900
 2918
 2936
 2956
 2976
 2998
 3014
 3028
 3038
 3046
 3050
 3050
 3052
 3054
 3054
 3052
 3048
 3044
 3034
 3020
 3014
 3006
 3002
 2996
 2988
 2978
 2962
 2940
 2912
 2880
 2840
 2792
 2738
 2686
 2634
 2582
 2526
 2468
 2402
 2334
 2258
 2184
 2114
 2050
 1988
 1930
 1878
 1830
 1784
 1748
 1728
 1718
 1724
 1740
 1766
 1800
 1836
 1872
 1910
 1948
 1982
 2028
 2074
 2128
 2188
 2252
 2322
 2386
 2446
 2498
 2544
 2584
 2620
 2648
 2676
 2700
 2720
 2734
 2742
 2748
 2748
 2744
 2738
 2740
 2742
 2752
 2766
 2782
 2796
 2806
 2814
 2820
 2822
 2822
 2822
 2822
 2822
 2822
 2820
 2816
 2812
 2810
 2804
 2802
 2806
 2818
 2836
 2858
 2884
 2908
 2924
 2932
 2936
 2932
 2916
 2886
 2846
 2796
 2740
 2686
 2632
 2576
 2516
 2454
 2392
 2328
 2266
 2212
 2168
 2128
 2098
 2070
 2044
 2014
 1974
 1934
 1892
 1864
 1850
 1842
 1850
 1864
 1886
 1916
 1950
 1986
 2024
 2066
 2114
 2170
 2228
 2290
 2350
 2404
 2454
 2496
 2532
 2558
 2582
 2600
 2620
 2640
 2656
 2670
 2680
 2690
 2696
 2696
 2692
 2692
 2698
 2706
 2722
 2738
 2754
 2772
 2786
 2798
 2806
 2808
 2810
 2814
 2814
 2816
 2816
 2812
 2810
 2804
 2798
 2786
 2772
 2760
 2756
 2756
 2762
 2770
 2782
 2792
 2800
 2806
 2810
 2816
 2820
 2830
 2838
 2848
 2856
 2858
 2852
 2842
 2826
 2808
 2780
 2750
 2722
 2694
 2670
 2644
 2622
 2596
 2566
 2526
 2484
 2440
 2388
 2336
 2284
 2232
 2180
 2128
 2074
 2018
 1958
 1896
 1832
 1778
 1734
 1696
 1660
 1630
 1606
 1596
 1600
 1614
 1642
 1676
 1718
 1768
 1822
 1882
 1944
 2004
 2058
 2102
 2148
 2194
 2256
 2316
 2380
 2446
 2508
 2570
 2626
 2674
 2714
 2748
 2780
 2810
 2840
 2868
 2892
 2908
 2918
 2918
 2918
 2924
 2926
 2930
 2938
 2948
 2954
 2950
 2950
 2950
 2946
 2936
 2924
 2908
 2888
 2862
 2832
 2794
 2752
 2702
 2642
 2588
 2536
 2484
 2434
 2386
 2336
 2286
 2234
 2178
 2126
 2066
 2008
 1948
 1892
 1840
 1788
 1736
 1684
 1640
 1602
 1584
 1588
 1608
 1644
 1694
 1754
 1822
 1894
 1966
 2038
 2106
 2170
 2228
 2290
 2350
 2412
 2480
 2540
 2592
 2638
 2676
 2706
 2734
 2758
 2786
 2818
 2854
 2890
 2924
 2952
 2974
 2990
 3000
 3004
 3006
 3006
 3008
 3008
 3004
 3000
 2992
 2980
 2966
 2958
 2948
 2936
 2922
 2912
 2916
 2922
 2932
 2936
 2940
 2942
 2934
 2918
 2892
 2860
 2820
 2782
 2738
 2696
 2648
 2596
 2538
 2478
 2414
 2350
 2282
 2212
 2144
 2088
 2038
 1994
 1956
 1916
 1878
 1846
 1816
 1792
 1784
 1784
 1796
 1820
 1852
 1894
 1932
 1974
 2012
 2056
 2096
 2134
 2174
 2218
 2274
 2332
 2398
 2460
 2516
 2570
 2616
 2654
 2684
 2710
 2732
 2754
 2776
 2798
 2816
 2828
 2838
 2846
 2852
 2854
 2852
 2852
 2856
 2866
 2880
 2898
 2914
 2928
 2940
 2946
 2952
 2952
 2940
 2934
 2930
 2934
 2938
 2944
 2950
 2954
 2960
 2962
 2962
 2958
 2962
 2966
 2970
 2966
 2960
 2956
 2944
 2924
 2892
 2842
 2770
 2680
 2598
 2532
 2484
 2450
 2420
 2396
 2382
 2372
 2370
 2372
 2382
 2402
 2434
 2472
 2510
 2552
 2598
 2640
 2678
 2710
 2736
 2760
 2778
 2796
 2812
 2826
 2838
 2842
 2846
 2844
 2838
 2838
 2842
 2846
 2850
 2848
 2840
 2830
 2812
 2788
 2768
 2740
 2710
 2678
 2638
 2594
 2554
 2488
 2400
 2316
 2256
 2244
 2248
 2242
 2240
 2246
 2260
 2280
 2304
 2328
 2360
 2400
 2448
 2496
 2548
 2618
 2690
 2770
 2866
 2970
 3074
 3166
 3244
 3332
 3404
 3462
 3496
 3502
 3494
 3484
 3460
 3406
 3348
 3304
 3270
 3258
 3254
 3250
 3246
 3242
 3242
 3240
 3242
 3252
 3264
 3282
 3310
 3340
 3368
 3398
 3424
 3440
 3454
 3466
 3476
 3484
 3496
 3520
 3544
 3564
 3584
 3606
 3628
 3654
 3684
 3710
 3726
 3730
 3724
 3706
 3684
 3656
 3638
 3630
 3632
 3636
 3636
 3640
 3640
 3634
 3624
 3614
 3604
 3598
 3586
 3570
 3542
 3510
 3478
 3454
 3430
 3402
 3382
 3366
 3354
 3352
 3362
 3392
 3424
 3454
 3472
 3480
 3494
 3496
 3494
 3494
 3482
 3456
 3424
 3388
 3350
 3310
 3264
 3216
 3170
 3120
 3066
 3016
 2968
 2922
 2872
 2818
 2766
 2714
 2664
 2616
 2566
 2516
 2464
 2410
 2358
 2308
 2264
 2236
 2216
 2214
 2228
 2256
 2300
 2352
 2408
 2470
 2534
 2594
 2652
 2712
 2766
 2820
 2874
 2928
 2978
 3014
 3046
 3076
 3098
 3120
 3136
 3154
 3172
 3194
 3218
 3240
 3258
 3276
 3290
 3296
 3300
 3304
 3306
 3312
 3318
 3318
 3318
 3316
 3312
 3308
 3300
 3290
 3278
 3266
 3254
 3240
 3234
 3230
 3228
 3230
 3226
 3220
 3214
 3204
 3190
 3168
 3152
 3136
 3120
 3104
 3082
 3056
 3030
 3008
 2990
 2976
 2960
 2948
 2940
 2936
 2938
 2946
 2960
 2978
 2994
 3004
 3016
 3022
 3026
 3028
 3024
 3020
 3016
 3010
 2998
 2982
 2962
 2938
 2914
 2886
 2852
 2814
 2774
 2736
 2700
 2664
 2626
 2588
 2544
 2502
 2460
 2420
 2378
 2342
 2310
 2286
 2272
 2266
 2268
 2272
 2284
 2298
 2318
 2336
 2360
 2390
 2424
 2462
 2504
 2550
 2590
 2634
 2674
 2708
 2740
 2770
 2796
 2826
 2856
 2884
 2906
 2928
 2944
 2956
 2964
 2962
 2962
 2962
 2968
 2978
 2990
 3002
 3012
 3024
 3032
 3032
 3032
 3030
 3030
 3032
 3032
 3032
 3032
 3028
 3024
 3014
 3004
 2996
 2990
 2988
 2984
 2982
 2976
 2968
 2956
 2934
 2910
 2880
 2844
 2806
 2766
 2724
 2678
 2630
 2578
 2524
 2462
 2400
 2340
 2284
 2234
 2186
 2144
 2102
 2064
 2024
 1986
 1950
 1912
 1872
 1838
 1812
 1794
 1788
 1790
 1800
 1816
 1844
 1882
 1932
 1988
 2048
 2116
 2184
 2250
 2314
 2374
 2422
 2468
 2512
 2558
 2604
 2648
 2688
 2722
 2754
 2774
 2790
 2808
 2822
 2842
 2866
 2890
 2912
 2930
 2944
 2952
 2956
 2958
 2962
 2962
 2964
 2966
 2962
 2958
 2948
 2936
 2924
 2904
 2882
 2852
 2830
 2818
 2810
 2810
 2814
 2818
 2820
 2826
 2830
 2836
 2846
 2858
 2870
 2882
 2888
 2888
 2884
 2876
 2864
 2846
 2824
 2800
 2770
 2742
 2712
 2686
 2654
 2624
 2594
 2564
 2532
 2496
 2458
 2416
 2376
 2334
 2294
 2252
 2212
 2166
 2116
 2064
 2018
 1986
 1966
 1962
 1970
 1992
 2024
 2058
 2098
 2140
 2184
 2220
 2258
 2294
 2334
 2378
 2426
 2476
 2526
 2572
 2612
 2648
 2682
 2706
 2728
 2746
 2764
 2786
 2810
 2834
 2856
 2878
 2894
 2906
 2914
 2916
 2916
 2910
 2906
 2906
 2906
 2902
 2898
 2890
 2878
 2868
 2860
 2854
 2856
 2860
 2870
 2878
 2884
 2888
 2896
 2898
 2896
 2894
 2888
 2878
 2864
 2844
 2818
 2786
 2744
 2700
 2652
 2608
 2562
 2522
 2482
 2442
 2404
 2364
 2318
 2274
 2224
 2170
 2116
 2064
 2012
 1960
 1906
 1848
 1794
 1748
 1710
 1686
 1670
 1666
 1676
 1698
 1730
 1770
 1810
 1852
 1898
 1948
 2004
 2062
 2118
 2172
 2224
 2274
 2320
 2372
 2422
 2476
 2530
 2584
 2630
 2670
 2704
 2730
 2750
 2770
 2788
 2808
 2824
 2840
 2852
 2858
 2858
 2860
 2864
 2868
 2878
 2888
 2898
 2910
 2918
 2926
 2926
 2926
 2924
 2924
 2928
 2926
 2922
 2914
 2902
 2888
 2862
 2832
 2798
 2766
 2734
 2702
 2670
 2638
 2604
 2570
 2532
 2494
 2450
 2402
 2352
 2302
 2250
 2196
 2142
 2088
 2028
 1972
 1914
 1862
 1824
 1796
 1786
 1786
 1800
 1828
 1862
 1904
 1948
 1996
 2038
 2088
 2138
 2192
 2248
 2302
 2356
 2408
 2454
 2492
 2524
 2554
 2588
 2624
 2664
 2704
 2744
 2778
 2806
 2830
 2844
 2856
 2866
 2874
 2882
 2890
 2888
 2884
 2880
 2876
 2868
 2858
 2848
 2836
 2834
 2832
 2838
 2844
 2852
 2858
 2864
 2870
 2874
 2876
 2876
 2874
 2870
 2868
 2864
 2858
 2854
 2850
 2846
 2842
 2842
 2840
 2842
 2846
 2848
 2856
 2862
 2868
 2870
 2864
 2852
 2838
 2818
 2794
 2772
 2744
 2716
 2686
 2648
 2608
 2564
 2518
 2470
 2418
 2368
 2322
 2282
 2238
 2202
 2170
 2138
 2110
 2076
 2046
 2022
 2010
 2008
 2018
 2036
 2060
 2088
 2116
 2146
 2174
 2204
 2234
 2270
 2312
 2356
 2402
 2454
 2506
 2556
 2604
 2644
 2674
 2698
 2718
 2738
 2760
 2776
 2792
 2804
 2810
 2816
 2818
 2818
 2816
 2814
 2808
 2808
 2812
 2822
 2832
 2840
 2846
 2850
 2852
 2852
 2852
 2850
 2852
 2860
 2866
 2870
 2872
 2872
 2872
 2868
 2864
 2854
 2846
 2840
 2842
 2844
 2854
 2866
 2882
 2894
 2900
 2904
 2908
 2902
 2898
 2898
 2898
 2896
 2890
 2874
 2856
 2830
 2796
 2758
 2716
 2672
 2626
 2578
 2528
 2474
 2418
 2358
 2294
 2228
 2150
 2072
 1992
 1910
 1822
 1732
 1632
 1528
 1422
 1318
 1232
 1156
 1092
 1036
 998
 974
 972
 988
 1020
 1064
 1116
 1178
 1244
 1316
 1392
 1464
 1528
 1588
 1650
 1722
 1798
 1878
 1954
 2032
 2108
 2178
 2238
 2290
 2334
 2380
 2418
 2452
 2482
 2506
 2516
 2516
 2508
 2498
 2500
 2504
 2514
 2526
 2540
 2554
 2566
 2576
 2584
 2588
 2584
 2576
 2562
 2546
 2524
 2498
 2462
 2414
 2366
 2316
 2272
 2226
 2184
 2144
 2100
 2056
 2012
 1964
 1908
 1848
 1782
 1712
 1644
 1570
 1490
 1408
 1316
 1230
 1154
 1092
 1046
 1016
 1004
 1008
 1022
 1044
 1078
 1118
 1166
 1222
 1286
 1360
 1428
 1494
 1554
 1606
 1650
 1698
 1742
 1786
 1830
 1876
 1932
 1990
 2046
 2098
 2150
 2196
 2238
 2276
 2308
 2338
 2358
 2378
 2390
 2390
 2390
 2392
 2400
 2408
 2422
 2434
 2448
 2460
 2468
 2474
 2474
 2464
 2450
 2428
 2402
 2374
 2342
 2302
 2256
 2208
 2156
 2096
 2036
 1978
 1928
 1878
 1824
 1774
 1722
 1666
 1614
 1564
 1510
 1454
 1402
 1350
 1300
 1258
 1224
 1206
 1204
 1210
 1228
 1252
 1292
 1350
 1420
 1492
 1572
 1650
 1726
 1804
 1876
 1942
 1998
 2048
 2094
 2140
 2184
 2226
 2270
 2304
 2334
 2358
 2376
 2390
 2396
 2404
 2416
 2432
 2452
 2472
 2494
 2512
 2528
 2540
 2546
 2548
 2548
 2550
 2550
 2550
 2550
 2548
 2540
 2534
 2524
 2514
 2502
 2484
 2464
 2440
 2428
 2422
 2422
 2424
 2432
 2446
 2454
 2460
 2462
 2458
 2456
 2450
 2444
 2436
 2424
 2406
 2386
 2358
 2326
 2292
 2256
 2214
 2166
 2116
 2070
 2026
 1982
 1938
 1896
 1858
 1824
 1786
 1744
 1692
 1640
 1588
 1542
 1512
 1494
 1488
 1488
 1494
 1508
 1536
 1566
 1604
 1658
 1722
 1790
 1866
 1940
 2016
 2086
 2150
 2204
 2246
 2282
 2314
 2346
 2374
 2398
 2420
 2434
 2446
 2454
 2462
 2464
 2470
 2480
 2494
 2512
 2530
 2550
 2568
 2584
 2588
 2586
 2574
 2556
 2532
 2504
 2470
 2434
 2392
 2340
 2280
 2210
 2140
 2078
 2018
 1954
 1892
 1832
 1768
 1708
 1644
 1578
 1510
 1436
 1358
 1280
 1206
 1132
 1062
 996
 942
 912
 910
 928
 970
 1034
 1110
 1192
 1280
 1368
 1450
 1532
 1604
 1680
 1756
 1830
 1900
 1968
 2024
 2066
 2098
 2126
 2160
 2194
 2230
 2264
 2300
 2332
 2366
 2392
 2408
 2420
 2430
 2434
 2438
 2442
 2442
 2440
 2438
 2430
 2416
 2402
 2398
 2396
 2394
 2388
 2376
 2358
 2332
 2300
 2268
 2226
 2180
 2130
 2076
 2020
 1960
 1900
 1836
 1768
 1696
 1616
 1538
 1468
 1408
 1352
 1298
 1248
 1198
 1152
 1112
 1082
 1066
 1068
 1080
 1104
 1136
 1176
 1220
 1270
 1328
 1388
 1450
 1506
 1562
 1622
 1692
 1766
 1844
 1918
 1986
 2050
 2104
 2152
 2192
 2222
 2246
 2274
 2304
 2330
 2350
 2364
 2374
 2380
 2384
 2386
 2386
 2382
 2374
 2376
 2388
 2400
 2418
 2432
 2444
 2454
 2458
 2458
 2452
 2444
 2436
 2430
 2426
 2422
 2418
 2418
 2418
 2416
 2412
 2410
 2402
 2394
 2384
 2378
 2376
 2374
 2372
 2374
 2370
 2364
 2354
 2340
 2324
 2306
 2284
 2266
 2250
 2236
 2226
 2214
 2192
 2164
 2122
 2070
 2004
 1946
 1898
 1868
 1854
 1848
 1856
 1866
 1882
 1900
 1922
 1938
 1956
 1974
 1996
 2024
 2056
 2086
 2110
 2130
 2148
 2170
 2194
 2214
 2228
 2242
 2260
 2280
 2306
 2334
 2360
 2384
 2402
 2416
 2424
 2428
 2428
 2426
 2424
 2430
 2432
 2432
 2432
 2428
 2420
 2404
 2384
 2362
 2344
 2328
 2310
 2290
 2266
 2242
 2214
 2180
 2140
 2094
 2042
 1988
 1928
 1870
 1810
 1742
 1670
 1596
 1516
 1448
 1384
 1332
 1288
 1250
 1216
 1190
 1178
 1178
 1196
 1224
 1258
 1300
 1346
 1400
 1456
 1508
 1566
 1614
 1660
 1712
 1770
 1832
 1896
 1964
 2024
 2082
 2130
 2170
 2198
 2222
 2242
 2264
 2284
 2302
 2316
 2332
 2338
 2340
 2344
 2358
 2374
 2396
 2418
 2436
 2454
 2462
 2464
 2458
 2440
 2416
 2388
 2354
 2318
 2278
 2230
 2182
 2126
 2064
 1996
 1926
 1860
 1810
 1760
 1710
 1662
 1612
 1560
 1512
 1462
 1416
 1366
 1322
 1280
 1252
 1238
 1240
 1252
 1278
 1310
 1350
 1390
 1438
 1492
 1560
 1638
 1716
 1794
 1870
 1946
 2016
 2080
 2138
 2184
 2228
 2270
 2308
 2342
 2372
 2398
 2418
 2432
 2444
 2454
 2460
 2464
 2464
 2476
 2494
 2510
 2530
 2550
 2566
 2580
 2590
 2598
 2602
 2602
 2598
 2598
 2598
 2596
 2594
 2590
 2582
 2576
 2568
 2564
 2558
 2558
 2556
 2554
 2556
 2566
 2576
 2590
 2602
 2614
 2624
 2626
 2624
 2616
 2598
 2580
 2560
 2534
 2504
 2470
 2430
 2386
 2340
 2292
 2248
 2202
 2150
 2100
 2058
 2020
 1988
 1958
 1930
 1896
 1862
 1832
 1814
 1806
 1808
 1824
 1846
 1872
 1900
 1924
 1936
 1950
 1966
 1986
 2006
 2026
 2042
 2062
 2086
 2118
 2152
 2190
 2224
 2260
 2290
 2312
 2334
 2352
 2366
 2380
 2396
 2412
 2426
 2440
 2450
 2464
 2476
 2484
 2494
 2500
 2504
 2510
 2522
 2538
 2560
 2584
 2606
 2628
 2646
 2656
 2664
 2668
 2670
 2674
 2680
 2684
 2690
 2694
 2692
 2686
 2670
 2652
 2626
 2596
 2566
 2542
 2516
 2488
 2460
 2428
 2390
 2350
 2306
 2258
 2204
 2150
 2092
 2036
 1982
 1924
 1870
 1810
 1746
 1678
 1604
 1542
 1492
 1454
 1424
 1406
 1398
 1402
 1422
 1452
 1494
 1542
 1596
 1656
 1720
 1786
 1856
 1920
 1980
 2038
 2084
 2130
 2176
 2232
 2290
 2352
 2412
 2468
 2518
 2564
 2600
 2628
 2652
 2670
 2690
 2708
 2720
 2730
 2738
 2742
 2742
 2742
 2740
 2738
 2748
 2760
 2776
 2794
 2810
 2822
 2836
 2846
 2852
 2856
 2856
 2858
 2860
 2862
 2864
 2862
 2860
 2856
 2850
 2846
 2840
 2832
 2826
 2830
 2838
 2846
 2854
 2852
 2846
 2832
 2812
 2780
 2740
 2698
 2652
 2604
 2556
 2506
 2450
 2396
 2338
 2276
 2206
 2138
 2074
 2018
 1970
 1926
 1886
 1846
 1808
 1774
 1742
 1714
 1686
 1666
 1654
 1652
 1662
 1678
 1702
 1726
 1758
 1784
 1814
 1846
 1894
 1948
 2006
 2068
 2130
 2194
 2252
 2310
 2360
 2406
 2450
 2492
 2532
 2570
 2604
 2632
 2652
 2662
 2670
 2680
 2698
 2716
 2738
 2762
 2782
 2800
 2806
 2804
 2792
 2768
 2744
 2714
 2680
 2642
 2602
 2558
 2508
 2450
 2380
 2314
 2254
 2206
 2158
 2112
 2062
 2010
 1960
 1906
 1856
 1800
 1744
 1690
 1638
 1588
 1548
 1520
 1502
 1504
 1514
 1540
 1580
 1636
 1704
 1786
 1874
 1962
 2048
 2134
 2210
 2280
 2344
 2402
 2458
 2514
 2564
 2612
 2656
 2690
 2722
 2742
 2754
 2772
 2794
 2816
 2844
 2872
 2896
 2920
 2936
 2950
 2960
 2960
 2964
 2968
 2968
 2972
 2974
 2972
 2966
 2956
 2950
 2942
 2936
 2928
 2928
 2932
 2928
 2926
 2922
 2916
 2902
 2886
 2864
 2830
 2792
 2750
 2704
 2658
 2608
 2554
 2496
 2436
 2372
 2308
 2238
 2166
 2104
 2044
 1990
 1940
 1894
 1846
 1804
 1762
 1730
 1710
 1702
 1702
 1718
 1740
 1766
 1794
 1822
 1850
 1884
 1920
 1954
 1992
 2038
 2098
 2164
 2240
 2310
 2370
 2404
 2410
 2394
 2354
 2302
 2252
 2206
 2176
 2156
 2140
 2130
 2128
 2134
 2144
 2158
 2168
 2176
 2182
 2202
 2230
 2260
 2292
 2320
 2346
 2368
 2384
 2396
 2402
 2406
 2408
 2414
 2418
 2424
 2424
 2424
 2422
 2418
 2412
 2408
 2394
 2378
 2368
 2370
 2378
 2390
 2400
 2414
 2430
 2446
 2464
 2482
 2496
 2516
 2542
 2568
 2592
 2618
 2636
 2650
 2658
 2658
 2658
 2648
 2630
 2614
 2594
 2574
 2554
 2536
 2514
 2492
 2468
 2438
 2404
 2368
 2324
 2280
 2232
 2178
 2126
 2070
 2012
 1954
 1898
 1838
 1784
 1752
 1744
 1754
 1780
 1816
 1858
 1908
 1962
 2012
 2062
 2110
 2154
 2206
 2260
 2314
 2368
 2420
 2460
 2490
 2514
 2540
 2574
 2608
 2648
 2690
 2726
 2760
 2786
 2806
 2820
 2826
 2830
 2834
 2838
 2842
 2844
 2844
 2834
 2814
 2792
 2780
 2762
 2746
 2726
 2700
 2670
 2640
 2604
 2558
 2508
 2450
 2394
 2334
 2270
 2204
 2136
 2060
 1980
 1912
 1850
 1796
 1746
 1696
 1648
 1600
 1554
 1516
 1482
 1456
 1440
 1436
 1446
 1468
 1490
 1520
 1548
 1582
 1622
 1676
 1742
 1814
 1890
 1964
 2044
 2116
 2188
 2250
 2306
 2360
 2408
 2456
 2508
 2554
 2594
 2626
 2644
 2656
 2670
 2690
 2714
 2742
 2768
 2794
 2816
 2826
 2832
 2828
 2812
 2792
 2766
 2734
 2698
 2658
 2618
 2572
 2520
 2458
 2392
 2328
 2272
 2218
 2164
 2108
 2050
 1994
 1934
 1878
 1818
 1754
 1692
 1630
 1568
 1508
 1458
 1410
 1378
 1364
 1360
 1374
 1404
 1452
 1512
 1582
 1656
 1736
 1818
 1892
 1966
 2034
 2092
 2154
 2216
 2276
 2336
 2390
 2438
 2480
 2510
 2538
 2564
 2596
 2632
 2674
 2714
 2750
 2784
 2814
 2838
 2860
 2872
 2882
 2890
 2898
 2906
 2912
 2916
 2918
 2918
 2914
 2906
 2894
 2882
 2880
 2878
 2878
 2872
 2860
 2846
 2822
 2796
 2762
 2718
 2672
 2624
 2574
 2524
 2472
 2416
 2362
 2302
 2240
 2178
 2110
 2048
 1994
 1950
 1912
 1880
 1846
 1814
 1790
 1772
 1768
 1772
 1786
 1810
 1844
 1884
 1928
 1974
 2022
 2070
 2120
 2168
 2214
 2256
 2310
 2368
 2428
 2490
 2548
 2602
 2652
 2692
 2726
 2752
 2772
 2792
 2808
 2824
 2840
 2852
 2860
 2866
 2870
 2870
 2868
 2860
 2848
 2844
 2848
 2854
 2868
 2880
 2890
 2898
 2900
 2902
 2896
 2884
 2876
 2870
 2866
 2860
 2854
 2846
 2834
 2820
 2810
 2798
 2784
 2772
 2766
 2776
 2786
 2800
 2812
 2820
 2822
 2824
 2822
 2810
 2794
 2774
 2752
 2726
 2704
 2678
 2650
 2620
 2590
 2556
 2522
 2488
 2454
 2424
 2398
 2376
 2360
 2348
 2332
 2318
 2302
 2286
 2270
 2254
 2246
 2246
 2254
 2268
 2286
 2304
 2326
 2344
 2364
 2380
 2394
 2406
 2426
 2458
 2492
 2536
 2582
 2624
 2662
 2696
 2722
 2740
 2750
 2758
 2766
 2774
 2782
 2788
 2796
 2800
 2804
 2806
 2808
 2808
 2802
 2796
 2800
 2816
 2836
 2858
 2878
 2896
 2912
 2924
 2932
 2932
 2924
 2912
 2896
 2880
 2860
 2834
 2802
 2766
 2726
 2676
 2622
 2568
 2520
 2474
 2428
 2390
 2346
 2304
 2258
 2212
 2166
 2114
 2060
 2008
 1958
 1908
 1858
 1808
 1758
 1708
 1656
 1624
 1606
 1608
 1624
 1660
 1706
 1756
 1814
 1866
 1918
 1966
 2012
 2062
 2114
 2168
 2222
 2276
 2322
 2358
 2390
 2428
 2472
 2518
 2568
 2614
 2658
 2702
 2738
 2772
 2800
 2820
 2838
 2854
 2868
 2882
 2892
 2898
 2900
 2896
 2888
 2892
 2900
 2908
 2910
 2906
 2900
 2890
 2876
 2852
 2824
 2788
 2750
 2710
 2670
 2628
 2582
 2532
 2478
 2420
 2354
 2286
 2224
 2172
 2124
 2080
 2038
 1994
 1950
 1908
 1868
 1832
 1796
 1766
 1752
 1748
 1756
 1776
 1798
 1830
 1868
 1908
 1946
 1990
 2044
 2108
 2176
 2248
 2318
 2386
 2448
 2506
 2556
 2598
 2632
 2662
 2690
 2716
 2740
 2762
 2782
 2796
 2806
 2814
 2822
 2826
 2828
 2832
 2838
 2850
 2864
 2878
 2892
 2906
 2920
 2930
 2932
 2928
 2922
 2918
 2914
 2910
 2908
 2902
 2894
 2886
 2872
 2856
 2846
 2838
 2824
 2814
 2810
 2820
 2832
 2850
 2868
 2886
 2902
 2912
 2918
 2914
 2904
 2890
 2874
 2854
 2830
 2802
 2772
 2738
 2702
 2662
 2622
 2578
 2526
 2482
 2440
 2404
 2366
 2332
 2294
 2248
 2206
 2154
 2104
 2050
 1996
 1950
 1912
 1890
 1880
 1880
 1888
 1902
 1922
 1944
 1974
 2006
 2046
 2098
 2158
 2222
 2288
 2354
 2418
 2476
 2528
 2572
 2606
 2636
 2666
 2694
 2720
 2742
 2760
 2774
 2782
 2786
 2786
 2790
 2800
 2818
 2836
 2862
 2884
 2906
 2924
 2938
 2946
 2948
 2940
 2928
 2918
 2900
 2872
 2844
 2812
 2778
 2740
 2692
 2640
 2594
 2552
 2516
 2482
 2448
 2410
 2370
 2328
 2280
 2234
 2184
 2130
 2078
 2026
 1974
 1924
 1874
 1822
 1774
 1728
 1696
 1688
 1702
 1744
 1796
 1856
 1920
 1988
 2056
 2120
 2180
 2232
 2280
 2330
 2380
 2430
 2478
 2522
 2558
 2590
 2608
 2624
 2646
 2678
 2710
 2754
 2794
 2832
 2864
 2890
 2912
 2926
 2934
 2940
 2948
 2948
 2944
 2942
 2938
 2934
 2928
 2922
 2914
 2904
 2900
 2904
 2906
 2918
 2930
 2940
 2950
 2956
 2960
 2956
 2944
 2928
 2908
 2886
 2868
 2846
 2820
 2792
 2758
 2718
 2678
 2630
 2576
 2530
 2490
 2448
 2412
 2374
 2336
 2298
 2260
 2222
 2182
 2140
 2094
 2054
 2032
 2022
 2024
 2032
 2052
 2078
 2108
 2136
 2162
 2194
 2230
 2272
 2320
 2366
 2414
 2462
 2506
 2538
 2566
 2582
 2596
 2612
 2630
 2652
 2670
 2686
 2698
 2706
 2710
 2716
 2718
 2718
 2718
 2718
 2728
 2740
 2756
 2774
 2794
 2812
 2826
 2836
 2842
 2842
 2840
 2838
 2840
 2840
 2842
 2840
 2840
 2836
 2832
 2830
 2828
 2824
 2822
 2822
 2832
 2838
 2850
 2858
 2862
 2860
 2848
 2832
 2812
 2782
 2752
 2718
 2684
 2648
 2606
 2558
 2510
 2454
 2392
 2326
 2264
 2206
 2158
 2112
 2072
 2040
 2006
 1970
 1934
 1900
 1862
 1826
 1790
 1758
 1740
 1734
 1736
 1750
 1772
 1792
 1826
 1864
 1918
 1978
 2042
 2106
 2172
 2244
 2306
 2362
 2408
 2450
 2488
 2526
 2564
 2600
 2628
 2650
 2666
 2674
 2688
 2710
 2736
 2766
 2796
 2822
 2848
 2868
 2886
 2896
 2904
 2906
 2912
 2914
 2914
 2910
 2898
 2874
 2840
 2804
 2778
 2752
 2726
 2700
 2670
 2638
 2602
 2562
 2522
 2472
 2420
 2366
 2314
 2258
 2204
 2148
 2088
 2028
 1958
 1896
 1844
 1802
 1772
 1750
 1728
 1712
 1710
 1716
 1734
 1762
 1792
 1834
 1878
 1930
 1984
 2038
 2090
 2136
 2172
 2208
 2250
 2302
 2360
 2422
 2484
 2550
 2612
 2664
 2710
 2746
 2772
 2798
 2822
 2844
 2866
 2882
 2896
 2906
 2912
 2918
 2918
 2914
 2910
 2920
 2930
 2946
 2966
 2982
 3000
 3012
 3020
 3024
 3012
 2996
 2980
 2962
 2940
 2916
 2884
 2848
 2800
 2754
 2704
 2650
 2594
 2542
 2498
 2458
 2418
 2376
 2334
 2290
 2248
 2204
 2158
 2108
 2058
 2006
 1956
 1910
 1862
 1824
 1796
 1780
 1778
 1792
 1812
 1844
 1884
 1940
 2006
 2078
 2150
 2216
 2284
 2340
 2388
 2428
 2460
 2492
 2522
 2556
 2588
 2616
 2640
 2660
 2678
 2700
 2718
 2732
 2738
 2750
 2770
 2792
 2816
 2836
 2856
 2872
 2884
 2890
 2892
 2888
 2884
 2884
 2882
 2876
 2870
 2864
 2858
 2852
 2846
 2842
 2836
 2828
 2820
 2828
 2842
 2860
 2880
 2896
 2910
 2918
 2920
 2916
 2904
 2888
 2872
 2850
 2828
 2808
 2782
 2756
 2728
 2696
 2662
 2624
 2578
 2540
 2502
 2474
 2444
 2420
 2396
 2370
 2344
 2316
 2288
 2252
 2212
 2178
 2144
 2122
 2110
 2108
 2114
 2138
 2166
 2196
 2226
 2254
 2284
 2320
 2362
 2402
 2444
 2482
 2522
 2558
 2586
 2610
 2626
 2638
 2654
 2672
 2692
 2712
 2726
 2742
 2752
 2760
 2766
 2770
 2768
 2766
 2764
 2776
 2790
 2808
 2826
 2844
 2860
 2874
 2882
 2884
 2880
 2872
 2866
 2864
 2860
 2858
 2852
 2842
 2832
 2820
 2812
 2812
 2814
 2816
 2818
 2832
 2848
 2866
 2884
 2900
 2914
 2926
 2934
 2936
 2930
 2918
 2910
 2900
 2890
 2876
 2858
 2834
 2806
 2774
 2734
 2686
 2640
 2592
 2552
 2512
 2472
 2430
 2384
 2334
 2280
 2226
 2166
 2102
 2038
 1972
 1904
 1842
 1770
 1698
 1628
 1552
 1490
 1444
 1416
 1406
 1414
 1440
 1474
 1518
 1566
 1616
 1670
 1722
 1782
 1844
 1908
 1974
 2036
 2088
 2132
 2174
 2224
 2280
 2342
 2402
 2460
 2514
 2562
 2606
 2640
 2668
 2690
 2712
 2732
 2752
 2770
 2790
 2798
 2798
 2804
 2816
 2832
 2850
 2866
 2874
 2874
 2868
 2856
 2832
 2804
 2770
 2734
 2696
 2654
 2608
 2556
 2496
 2434
 2376
 2326
 2274
 2228
 2182
 2132
 2088
 2042
 1996
 1944
 1892
 1838
 1784
 1730
 1674
 1618
 1562
 1508
 1474
 1456
 1466
 1498
 1542
 1594
 1652
 1718
 1780
 1844
 1906
 1962
 2024
 2084
 2146
 2208
 2270
 2324
 2368
 2404
 2436
 2482
 2530
 2582
 2632
 2684
 2730
 2770
 2804
 2830
 2850
 2864
 2878
 2890
 2898
 2908
 2914
 2918
 2918
 2920
 2914
 2902
 2894
 2890
 2898
 2910
 2926
 2928
 2922
 2912
 2892
 2868
 2834
 2790
 2748
 2702
 2654
 2608
 2556
 2502
 2446
 2386
 2322
 2258
 2190
 2116
 2054
 2000
 1954
 1912
 1874
 1832
 1788
 1752
 1718
 1690
 1668
 1654
 1652
 1662
 1682
 1712
 1750
 1796
 1844
 1892
 1940
 1980
 2022
 2068
 2132
 2196
 2264
 2332
 2396
 2458
 2512
 2558
 2596
 2628
 2656
 2684
 2712
 2738
 2760
 2788
 2806
 2820
 2832
 2840
 2848
 2848
 2848
 2860
 2874
 2894
 2914
 2930
 2950
 2962
 2972
 2978
 2974
 2964
 2958
 2956
 2952
 2950
 2946
 2942
 2936
 2932
 2924
 2918
 2908
 2894
 2880
 2872
 2864
 2856
 2846
 2832
 2818
 2798
 2776
 2748
 2712
 2672
 2630
 2586
 2544
 2494
 2442
 2384
 2326
 2262
 2198
 2136
 2070
 2010
 1962
 1924
 1898
 1884
 1886
 1904
 1936
 1976
 2024
 2070
 2114
 2158
 2212
 2264
 2316
 2362
 2402
 2438
 2468
 2494
 2518
 2534
 2544
 2552
 2574
 2600
 2628
 2658
 2684
 2708
 2724
 2734
 2740
 2742
 2744
 2754
 2766
 2776
 2788
 2796
 2800
 2804
 2804
 2806
 2806
 2804
 2800
 2796
 2806
 2816
 2834
 2852
 2870
 2890
 2910
 2924
 2934
 2936
 2932
 2928
 2924
 2916
 2904
 2886
 2864
 2842
 2818
 2792
 2764
 2732
 2696
 2668
 2644
 2620
 2594
 2568
 2536
 2502
 2466
 2428
 2384
 2336
 2294
 2254
 2214
 2182
 2152
 2130
 2116
 2108
 2112
 2114
 2122
 2136
 2164
 2200
 2242
 2288
 2334
 2384
 2432
 2474
 2510
 2542
 2570
 2602
 2630
 2660
 2688
 2710
 2728
 2736
 2746
 2754
 2776
 2796
 2822
 2848
 2866
 2876
 2876
 2866
 2850
 2822
 2786
 2750
 2708
 2666
 2624
 2578
 2526
 2462
 2400
 2338
 2286
 2232
 2182
 2130
 2078
 2026
 1974
 1922
 1866
 1806
 1748
 1690
 1638
 1590
 1538
 1496
 1460
 1444
 1446
 1470
 1508
 1562
 1620
 1678
 1742
 1806
 1868
 1928
 1984
 2040
 2098
 2160
 2220
 2278
 2330
 2370
 2404
 2444
 2492
 2544
 2596
 2646
 2694
 2742
 2786
 2822
 2848
 2868
 2884
 2900
 2912
 2924
 2932
 2932
 2920
 2896
 2866
 2836
 2812
 2786
 2758
 2732
 2700
 2666
 2630
 2592
 2546
 2496
 2444
 2394
 2342
 2288
 2236
 2182
 2128
 2072
 2012
 1948
 1894
 1852
 1814
 1780
 1750
 1718
 1696
 1686
 1686
 1702
 1726
 1762
 1802
 1846
 1896
 1950
 2002
 2054
 2104
 2146
 2180
 2212
 2256
 2306
 2360
 2418
 2472
 2526
 2578
 2624
 2664
 2700
 2728
 2760
 2790
 2816
 2840
 2860
 2876
 2890
 2900
 2910
 2916
 2918
 2914
 2924
 2940
 2954
 2966
 2974
 2976
 2972
 2964
 2948
 2926
 2890
 2852
 2812
 2772
 2728
 2684
 2636
 2584
 2530
 2472
 2412
 2344
 2284
 2230
 2182
 2138
 2098
 2052
 2010
 1970
 1932
 1902
 1872
 1848
 1840
 1844
 1864
 1894
 1926
 1968
 2012
 2058
 2104
 2142
 2182
 2224
 2276
 2328
 2388
 2446
 2502
 2556
 2604
 2648
 2684
 2714
 2740
 2768
 2800
 2826
 2850
 2868
 2882
 2894
 2904
 2912
 2916
 2914
 2910
 2918
 2932
 2950
 2968
 2984
 2998
 3010
 3020
 3020
 3012
 3004
 2998
 2994
 2990
 2986
 2980
 2970
 2960
 2950
 2938
 2928
 2918
 2908
 2906
 2908
 2910
 2906
 2896
 2884
 2870
 2856
 2838
 2812
 2782
 2748
 2708
 2670
 2628
 2584
 2540
 2490
 2438
 2380
 2322
 2258
 2202
 2150
 2108
 2070
 2036
 2002
 1976
 1954
 1946
 1946
 1958
 1974
 1996
 2026
 2060
 2098
 2136
 2168
 2192
 2212
 2228
 2240
 2254
 2270
 2302
 2346
 2394
 2448
 2500
 2548
 2592
 2630
 2662
 2684
 2704
 2722
 2740
 2756
 2772
 2792
 2806
 2818
 2824
 2828
 2830
 2828
 2824
 2826
 2838
 2852
 2870
 2888
 2904
 2918
 2928
 2936
 2938
 2934
 2926
 2912
 2898
 2882
 2862
 2840
 2816
 2786
 2756
 2714
 2672
 2634
 2604
 2570
 2540
 2508
 2472
 2440
 2402
 2362
 2316
 2266
 2214
 2166
 2118
 2070
 2024
 1974
 1926
 1876
 1826
 1798
 1778
 1782
 1798
 1832
 1878
 1928
 1988
 2042
 2096
 2146
 2194
 2240
 2288
 2336
 2380
 2424
 2462
 2488
 2512
 2530
 2560
 2592
 2628
 2666
 2704
 2740
 2776
 2808
 2832
 2848
 2862
 2874
 2886
 2900
 2912
 2922
 2930
 2932
 2928
 2922
 2930
 2934
 2934
 2934
 2928
 2920
 2908
 2890
 2864
 2824
 2780
 2736
 2694
 2648
 2602
 2556
 2502
 2444
 2380
 2310
 2250
 2194
 2144
 2096
 2050
 2002
 1958
 1914
 1872
 1830
 1786
 1744
 1704
 1678
 1670
 1674
 1686
 1708
 1738
 1768
 1808
 1856
 1918
 1982
 2052
 2118
 2182
 2248
 2306
 2360
 2406
 2446
 2486
 2524
 2562
 2598
 2638
 2676
 2706
 2732
 2748
 2756
 2768
 2790
 2814
 2846
 2874
 2902
 2928
 2948
 2966
 2978
 2984
 2988
 2992
 2996
 2994
 2990
 2988
 2984
 2982
 2980
 2978
 2970
 2964
 2962
 2964
 2964
 2964
 2962
 2956
 2946
 2930
 2910
 2882
 2848
 2806
 2758
 2716
 2670
 2622
 2574
 2522
 2464
 2402
 2338
 2268
 2206
 2148
 2100
 2056
 2020
 1980
 1944
 1914
 1884
 1864
 1850
 1842
 1848
 1864
 1890
 1920
 1956
 1996
 2038
 2086
 2128
 2166
 2202
 2246
 2298
 2352
 2410
 2464
 2518
 2566
 2606
 2640
 2666
 2684
 2702
 2720
 2734
 2748
 2758
 2764
 2770
 2776
 2788
 2796
 2798
 2798
 2804
 2820
 2838
 2858
 2874
 2892
 2908
 2918
 2928
 2930
 2930
 2928
 2930
 2926
 2920
 2916
 2912
 2908
 2902
 2896
 2892
 2888
 2882
 2868
 2862
 2866
 2876
 2888
 2898
 2910
 2920
 2922
 2926
 2926
 2922
 2918
 2914
 2908
 2902
 2894
 2882
 2860
 2838
 2810
 2782
 2748
 2702
 2660
 2618
 2582
 2544
 2508
 2472
 2434
 2394
 2352
 2308
 2258
 2204
 2148
 2094
 2036
 1984
 1928
 1876
 1824
 1774
 1724
 1690
 1680
 1686
 1710
 1746
 1794
 1846
 1902
 1958
 2012
 2064
 2108
 2150
 2196
 2240
 2286
 2332
 2370
 2406
 2434
 2454
 2472
 2494
 2532
 2570
 2610
 2650
 2688
 2724
 2752
 2776
 2792
 2802
 2814
 2822
 2832
 2840
 2848
 2854
 2856
 2852
 2842
 2830
 2830
 2826
 2824
 2818
 2806
 2794
 2772
 2746
 2714
 2672
 2628
 2582
 2542
 2498
 2454
 2404
 2348
 2288
 2222
 2154
 2098
 2050
 2008
 1974
 1942
 1910
 1882
 1854
 1830
 1810
 1784
 1764
 1752
 1750
 1760
 1780
 1810
 1840
 1868
 1896
 1926
 1964
 2014
 2068
 2128
 2186
 2248
 2308
 2364
 2414
 2458
 2496
 2534
 2574
 2612
 2646
 2676
 2706
 2736
 2758
 2772
 2778
 2788
 2810
 2834
 2862
 2890
 2912
 2930
 2938
 2934
 2924
 2904
 2876
 2848
 2808
 2768
 2724
 2674
 2624
 2572
 2516
 2454
 2388
 2326
 2272
 2226
 2182
 2140
 2094
 2050
 2004
 1958
 1910
 1858
 1804
 1748
 1698
 1650
 1612
 1582
 1570
 1574
 1588
 1610
 1636
 1674
 1722
 1784
 1848
 1916
 1982
 2048
 2116
 2176
 2234
 2284
 2332
 2380
 2430
 2474
 2516
 2554
 2588
 2618
 2652
 2678
 2698
 2712
 2734
 2766
 2800
 2836
 2870
 2898
 2924
 2944
 2958
 2968
 2968
 2964
 2958
 2942
 2922
 2896
 2866
 2830
 2790
 2744
 2700
 2648
 2592
 2544
 2500
 2458
 2416
 2376
 2330
 2284
 2236
 2190
 2142
 2088
 2034
 1982
 1930
 1878
 1836
 1800
 1778
 1770
 1770
 1782
 1802
 1836
 1878
 1938
 2002
 2068
 2132
 2200
 2266
 2322
 2374
 2416
 2452
 2488
 2526
 2564
 2598
 2630
 2658
 2682
 2702
 2724
 2740
 2750
 2760
 2772
 2798
 2824
 2856
 2882
 2908
 2930
 2946
 2960
 2966
 2970
 2972
 2972
 2976
 2978
 2978
 2978
 2968
 2958
 2952
 2946
 2940
 2930
 2920
 2920
 2922
 2932
 2944
 2956
 2968
 2980
 2990
 2996
 2996
 2986
 2972
 2958
 2940
 2920
 2898
 2870
 2838
 2802
 2760
 2720
 2670
 2618
 2572
 2532
 2492
 2458
 2422
 2380
 2338
 2300
 2260
 2222
 2178
 2136
 2096
 2062
 2036
 2022
 2016
 2024
 2038
 2060
 2086
 2114
 2152
 2194
 2250
 2312
 2374
 2436
 2496
 2550
 2598
 2638
 2668
 2688
 2708
 2732
 2754
 2776
 2790
 2802
 2810
 2812
 2814
 2814
 2810
 2806
 2804
 2810
 2826
 2844
 2866
 2886
 2902
 2918
 2930
 2936
 2938
 2934
 2932
 2932
 2932
 2934
 2928
 2922
 2912
 2906
 2898
 2892
 2886
 2876
 2868
 2876
 2884
 2898
 2912
 2918
 2926
 2932
 2934
 2936
 2928
 2916
 2904
 2888
 2870
 2842
 2812
 2780
 2748
 2708
 2668
 2618
 2566
 2518
 2476
 2436
 2396
 2358
 2314
 2270
 2224
 2176
 2126
 2072
 2018
 1966
 1914
 1864
 1814
 1764
 1716
 1668
 1620
 1590
 1578
 1590
 1616
 1654
 1698
 1748
 1806
 1860
 1914
 1966
 2016
 2066
 2120
 2172
 2220
 2266
 2300
 2330
 2356
 2394
 2434
 2480
 2526
 2576
 2626
 2668
 2704
 2734
 2756
 2776
 2792
 2808
 2824
 2836
 2848
 2854
 2854
 2848
 2850
 2862
 2874
 2892
 2906
 2914
 2916
 2912
 2902
 2884
 2850
 2814
 2778
 2742
 2702
 2658
 2614
 2564
 2506
 2442
 2384
 2330
 2282
 2238
 2194
 2152
 2110
 2066
 2024
 1984
 1936
 1890
 1846
 1802
 1766
 1740
 1730
 1728
 1742
 1760
 1794
 1840
 1894
 1964
 2038
 2110
 2180
 2246
 2308
 2360
 2408
 2448
 2482
 2514
 2546
 2576
 2604
 2630
 2652
 2668
 2682
 2692
 2698
 2708
 2720
 2742
 2766
 2792
 2818
 2838
 2862
 2878
 2892
 2900
 2902
 2906
 2910
 2912
 2916
 2918
 2912
 2904
 2900
 2896
 2890
 2878
 2856
 2832
 2810
 2794
 2778
 2760
 2746
 2726
 2708
 2684
 2656
 2620
 2578
 2534
 2490
 2442
 2394
 2346
 2296
 2246
 2194
 2142
 2090
 2034
 1978
 1936
 1908
 1898
 1896
 1914
 1942
 1978
 2024
 2070
 2118
 2164
 2208
 2254
 2302
 2350
 2396
 2436
 2480
 2514
 2546
 2570
 2592
 2608
 2620
 2632
 2654
 2680
 2708
 2738
 2762
 2786
 2804
 2820
 2830
 2836
 2840
 2846
 2852
 2860
 2866
 2868
 2870
 2864
 2860
 2860
 2856
 2854
 2848
 2840
 2846
 2858
 2870
 2892
 2910
 2926
 2944
 2956
 2958
 2956
 2952
 2946
 2940
 2934
 2926
 2914
 2898
 2876
 2844
 2814
 2782
 2750
 2708
 2670
 2636
 2608
 2578
 2552
 2526
 2496
 2468
 2438
 2406
 2372
 2334
 2302
 2276
 2258
 2252
 2252
 2256
 2264
 2274
 2286
 2298
 2316
 2336
 2360
 2396
 2432
 2470
 2510
 2546
 2580
 2608
 2632
 2648
 2662
 2674
 2690
 2706
 2722
 2740
 2750
 2760
 2764
 2764
 2760
 2766
 2782
 2802
 2824
 2848
 2864
 2880
 2886
 2890
 2884
 2872
 2854
 2838
 2818
 2800
 2774
 2750
 2718
 2678
 2632
 2582
 2534
 2496
 2458
 2420
 2382
 2338
 2296
 2252
 2206
 2160
 2108
 2058
 2006
 1958
 1912
 1866
 1830
 1800
 1782
 1782
 1798
 1832
 1880
 1936
 1994
 2056
 2118
 2174
 2224
 2270
 2310
 2354
 2398
 2440
 2478
 2514
 2542
 2564
 2580
 2594
 2618
 2652
 2688
 2728
 2764
 2796
 2826
 2850
 2868
 2880
 2888
 2896
 2904
 2910
 2914
 2918
 2918
 2918
 2916
 2906
 2894
 2884
 2884
 2894
 2906
 2914
 2918
 2914
 2906
 2882
 2854
 2820
 2780
 2740
 2698
 2652
 2608
 2556
 2502
 2444
 2382
 2312
 2238
 2170
 2106
 2050
 2000
 1950
 1898
 1846
 1794
 1740
 1690
 1634
 1576
 1518
 1462
 1416
 1382
 1374
 1376
 1390
 1412
 1436
 1474
 1516
 1580
 1648
 1722
 1796
 1872
 1950
 2022
 2092
 2154
 2212
 2268
 2324
 2376
 2430
 2478
 2526
 2568
 2602
 2628
 2646
 2672
 2712
 2750
 2790
 2828
 2862
 2890
 2914
 2932
 2944
 2948
 2946
 2940
 2930
 2914
 2888
 2856
 2820
 2782
 2736
 2682
 2630
 2582
 2540
 2496
 2452
 2408
 2360
 2312
 2266
 2216
 2160
 2104
 2048
 1990
 1934
 1878
 1822
 1768
 1714
 1670
 1628
 1606
 1602
 1622
 1654
 1702
 1760
 1822
 1894
 1966
 2038
 2108
 2170
 2230
 2288
 2342
 2390
 2436
 2476
 2512
 2542
 2564
 2590
 2620
 2660
 2700
 2742
 2782
 2818
 2852
 2878
 2902
 2914
 2924
 2934
 2944
 2954
 2960
 2966
 2968
 2964
 2960
 2958
 2954
 2946
 2942
 2946
 2958
 2974
 2988
 2998
 3008
 3014
 3016
 3010
 2994
 2974
 2946
 2916
 2886
 2858
 2822
 2784
 2744
 2700
 2652
 2600
 2540
 2480
 2426
 2380
 2334
 2288
 2242
 2196
 2148
 2102
 2058
 2010
 1964
 1928
 1902
 1894
 1898
 1914
 1938
 1972
 2010
 2052
 2090
 2130
 2172
 2234
 2298
 2362
 2424
 2480
 2532
 2578
 2618
 2644
 2666
 2682
 2696
 2714
 2728
 2742
 2754
 2766
 2770
 2778
 2782
 2782
 2782
 2784
 2800
 2820
 2842
 2864
 2886
 2904
 2920
 2932
 2940
 2936
 2930
 2924
 2924
 2922
 2922
 2920
 2918
 2914
 2908
 2900
 2890
 2880
 2872
 2876
 2886
 2898
 2910
 2916
 2918
 2910
 2894
 2876
 2852
 2820
 2792
 2762
 2734
 2706
 2674
 2640
 2602
 2560
 2510
 2454
 2400
 2352
 2310
 2266
 2226
 2186
 2144
 2102
 2060
 2018
 1972
 1924
 1878
 1832
 1794
 1762
 1740
 1726
 1724
 1726
 1744
 1776
 1822
 1878
 1946
 2020
 2098
 2174
 2240
 2304
 2354
 2396
 2434
 2468
 2504
 2534
 2564
 2588
 2604
 2616
 2626
 2646
 2672
 2702
 2732
 2766
 2796
 2826
 2854
 2878
 2890
 2898
 2906
 2912
 2920
 2926
 2928
 2930
 2926
 2920
 2910
 2898
 2892
 2900
 2910
 2924
 2940
 2952
 2958
 2962
 2964
 2962
 2956
 2946
 2940
 2940
 2942
 2944
 2938
 2930
 2924
 2914
 2902
 2888
 2870
 2844
 2826
 2810
 2792
 2776
 2762
 2746
 2728
 2706
 2680
 2648
 2612
 2576
 2538
 2502
 2462
 2420
 2376
 2328
 2276
 2222
 2164
 2102
 2054
 2014
 1994
 1984
 1986
 2000
 2026
 2058
 2096
 2138
 2176
 2216
 2258
 2304
 2348
 2392
 2432
 2464
 2492
 2514
 2532
 2546
 2556
 2564
 2588
 2620
 2654
 2688
 2722
 2752
 2782
 2804
 2820
 2830
 2836
 2842
 2848
 2854
 2862
 2864
 2868
 2866
 2866
 2864
 2862
 2856
 2852
 2848
 2860
 2872
 2888
 2906
 2920
 2934
 2946
 2944
 2942
 2936
 2930
 2926
 2922
 2920
 2922
 2918
 2912
 2900
 2888
 2878
 2868
 2852
 2834
 2820
 2816
 2806
 2800
 2788
 2774
 2756
 2734
 2704
 2670
 2628
 2582
 2536
 2490
 2442
 2392
 2338
 2282
 2218
 2152
 2076
 2014
 1958
 1914
 1874
 1842
 1808
 1774
 1748
 1718
 1698
 1682
 1676
 1678
 1690
 1712
 1740
 1772
 1810
 1848
 1882
 1926
 1968
 2026
 2082
 2144
 2206
 2266
 2326
 2376
 2420
 2454
 2484
 2514
 2548
 2580
 2608
 2632
 2652
 2662
 2668
 2672
 2690
 2710
 2736
 2764
 2788
 2812
 2830
 2846
 2858
 2860
 2864
 2868
 2872
 2874
 2876
 2870
 2866
 2852
 2826
 2800
 2770
 2746
 2722
 2698
 2672
 2644
 2612
 2576
 2538
 2494
 2442
 2392
 2338
 2284
 2230
 2176
 2122
 2066
 2010
 1950
 1888
 1842
 1802
 1776
 1768
 1774
 1792
 1820
 1860
 1904
 1956
 2006
 2060
 2120
 2178
 2236
 2294
 2340
 2384
 2418
 2448
 2468
 2484
 2500
 2528
 2558
 2590
 2632
 2668
 2698
 2724
 2742
 2752
 2758
 2762
 2766
 2774
 2784
 2792
 2800
 2802
 2806
 2808
 2810
 2814
 2812
 2810
 2812
 2826
 2846
 2870
 2894
 2914
 2930
 2942
 2950
 2952
 2948
 2944
 2936
 2930
 2924
 2920
 2914
 2908
 2900
 2896
 2892
 2890
 2886
 2884
 2884
 2892
 2908
 2920
 2930
 2940
 2944
 2944
 2932
 2914
 2890
 2862
 2832
 2802
 2772
 2740
 2704
 2666
 2624
 2580
 2534
 2486
 2434
 2376
 2326
 2278
 2242
 2208
 2180
 2150
 2122
 2098
 2078
 2068
 2066
 2072
 2084
 2106
 2134
 2170
 2206
 2242
 2278
 2314
 2344
 2372
 2396
 2418
 2446
 2486
 2524
 2562
 2598
 2630
 2660
 2684
 2702
 2714
 2722
 2732
 2742
 2752
 2764
 2774
 2782
 2788
 2792
 2792
 2792
 2786
 2788
 2806
 2828
 2850
 2876
 2898
 2918
 2940
 2954
 2962
 2960
 2948
 2938
 2926
 2912
 2896
 2878
 2854
 2830
 2802
 2768
 2724
 2684
 2646
 2614
 2582
 2552
 2516
 2480
 2442
 2402
 2360
 2312
 2262
 2210
 2160
 2108
 2060
 2012
 1966
 1926
 1892
 1868
 1856
 1866
 1890
 1938
 1994
 2058
 2130
 2200
 2272
 2332
 2384
 2428
 2464
 2504
 2538
 2572
 2604
 2632
 2654
 2670
 2686
 2694
 2698
 2702
 2708
 2726
 2748
 2774
 2800
 2822
 2846
 2864
 2876
 2884
 2886
 2886
 2890
 2894
 2896
 2898
 2900
 2896
 2892
 2882
 2874
 2868
 2858
 2850
 2848
 2856
 2870
 2890
 2912
 2938
 2962
 2974
 2978
 2974
 2964
 2954
 2940
 2926
 2910
 2894
 2872
 2842
 2808
 2774
 2736
 2696
 2648
 2608
 2568
 2536
 2504
 2476
 2448
 2418
 2388
 2356
 2322
 2284
 2244
 2202
 2158
 2120
 2090
 2064
 2048
 2042
 2046
 2060
 2078
 2108
 2148
 2194
 2252
 2308
 2366
 2418
 2462
 2502
 2528
 2546
 2558
 2568
 2576
 2588
 2598
 2604
 2610
 2614
 2616
 2614
 2612
 2608
 2608
 2618
 2640
 2662
 2690
 2716
 2742
 2764
 2782
 2796
 2804
 2806
 2812
 2820
 2828
 2832
 2834
 2830
 2818
 2804
 2782
 2756
 2740
 2726
 2714
 2698
 2680
 2660
 2634
 2604
 2574
 2538
 2494
 2448
 2398
 2350
 2302
 2252
 2196
 2138
 2078
 2012
 1942
 1888
 1842
 1808
 1774
 1744
 1714
 1690
 1676
 1672
 1682
 1698
 1722
 1756
 1794
 1840
 1888
 1932
 1976
 2010
 2044
 2076
 2120
 2164
 2212
 2262
 2312
 2356
 2394
 2426
 2454
 2478
 2500
 2524
 2550
 2574
 2600
 2620
 2638
 2648
 2654
 2662
 2684
 2708
 2736
 2762
 2786
 2816
 2840
 2864
 2882
 2894
 2900
 2906
 2910
 2906
 2902
 2888
 2870
 2848
 2826
 2800
 2768
 2740
 2714
 2692
 2670
 2646
 2620
 2590
 2562
 2528
 2492
 2450
 2404
 2354
 2306
 2256
 2208
 2162
 2120
 2090
 2072
 2066
 2068
 2082
 2106
 2144
 2196
 2250
 2310
 2368
 2426
 2482
 2530
 2568
 2596
 2612
 2624
 2634
 2642
 2652
 2660
 2668
 2676
 2692
 2710
 2724
 2732
 2742
 2756
 2784
 2812
 2842
 2870
 2896
 2920
 2938
 2952
 2960
 2960
 2962
 2956
 2952
 2950
 2946
 2944
 2940
 2936
 2930
 2926
 2922
 2912
 2896
 2888
 2894
 2904
 2918
 2936
 2948
 2954
 2958
 2958
 2954
 2946
 2934
 2922
 2910
 2896
 2880
 2852
 2828
 2802
 2772
 2738
 2696
 2656
 2618
 2582
 2548
 2516
 2480
 2440
 2402
 2360
 2318
 2270
 2216
 2164
 2110
 2058
 2008
 1958
 1906
 1854
 1804
 1756
 1724
 1718
 1728
 1754
 1794
 1844
 1898
 1962
 2026
 2088
 2146
 2194
 2242
 2288
 2334
 2374
 2414
 2446
 2474
 2494
 2506
 2516
 2536
 2568
 2600
 2634
 2666
 2698
 2726
 2750
 2772
 2786
 2798
 2812
 2828
 2838
 2854
 2866
 2872
 2876
 2874
 2868
 2874
 2886
 2900
 2920
 2936
 2946
 2948
 2948
 2942
 2930
 2916
 2898
 2880
 2856
 2830
 2802
 2774
 2740
 2704
 2662
 2614
 2568
 2528
 2492
 2456
 2422
 2386
 2346
 2308
 2266
 2224
 2176
 2126
 2076
 2028
 1982
 1938
 1898
 1870
 1856
 1852
 1858
 1870
 1902
 1944
 2008
 2080
 2156
 2234
 2306
 2376
 2438
 2490
 2530
 2562
 2590
 2614
 2636
 2658
 2678
 2694
 2712
 2728
 2740
 2748
 2752
 2756
 2768
 2786
 2810
 2836
 2862
 2884
 2908
 2922
 2936
 2942
 2944
 2946
 2950
 2950
 2944
 2942
 2938
 2932
 2928
 2922
 2916
 2914
 2906
 2898
 2886
 2892
 2896
 2910
 2924
 2936
 2950
 2958
 2966
 2970
 2968
 2968
 2972
 2974
 2976
 2974
 2970
 2956
 2936
 2916
 2892
 2870
 2840
 2808
 2780
 2756
 2732
 2710
 2690
 2668
 2642
 2614
 2584
 2548
 2502
 2458
 2412
 2366
 2320
 2276
 2226
 2182
 2144
 2114
 2094
 2086
 2086
 2102
 2124
 2166
 2214
 2264
 2322
 2384
 2442
 2492
 2534
 2568
 2596
 2622
 2650
 2672
 2694
 2714
 2730
 2742
 2750
 2758
 2764
 2768
 2766
 2768
 2774
 2788
 2804
 2832
 2856
 2880
 2900
 2914
 2924
 2926
 2926
 2924
 2924
 2918
 2912
 2910
 2906
 2904
 2898
 2892
 2890
 2884
 2878
 2864
 2856
 2860
 2872
 2888
 2910
 2932
 2954
 2970
 2978
 2974
 2966
 2954
 2942
 2930
 2918
 2904
 2882
 2858
 2830
 2800
 2768
 2732
 2688
 2646
 2608
 2576
 2546
 2518
 2490
 2460
 2436
 2404
 2372
 2336
 2290
 2252
 2218
 2190
 2174
 2166
 2162
 2174
 2194
 2214
 2236
 2258
 2284
 2318
 2364
 2406
 2446
 2486
 2518
 2548
 2570
 2584
 2590
 2596
 2602
 2612
 2622
 2630
 2636
 2642
 2650
 2656
 2656
 2654
 2652
 2662
 2680
 2700
 2728
 2750
 2774
 2792
 2804
 2816
 2820
 2820
 2820
 2818
 2814
 2810
 2804
 2792
 2780
 2760
 2736
 2712
 2696
 2678
 2660
 2640
 2618
 2594
 2568
 2536
 2498
 2452
 2402
 2354
 2302
 2250
 2196
 2134
 2068
 1996
 1938
 1888
 1848
 1814
 1784
 1756
 1740
 1736
 1742
 1758
 1778
 1802
 1832
 1866
 1904
 1940
 1972
 1998
 2024
 2050
 2094
 2144
 2198
 2260
 2326
 2388
 2444
 2492
 2536
 2572
 2604
 2638
 2670
 2700
 2728
 2748
 2760
 2764
 2768
 2786
 2806
 2826
 2844
 2858
 2866
 2868
 2864
 2854
 2836
 2816
 2794
 2766
 2738
 2708
 2674
 2632
 2586
 2530
 2478
 2432
 2392
 2350
 2312
 2274
 2232
 2194
 2154
 2114
 2068
 2020
 1972
 1922
 1876
 1842
 1816
 1806
 1816
 1830
 1852
 1884
 1932
 1990
 2054
 2120
 2186
 2254
 2320
 2380
 2434
 2480
 2522
 2562
 2602
 2640
 2676
 2706
 2734
 2756
 2776
 2796
 2806
 2812
 2830
 2850
 2874
 2898
 2920
 2942
 2958
 2972
 2980
 2982
 2982
 2980
 2978
 2978
 2976
 2976
 2976
 2974
 2972
 2962
 2952
 2936
 2920
 2910
 2902
 2892
 2880
 2868
 2850
 2824
 2794
 2760
 2718
 2676
 2632
 2586
 2542
 2492
 2440
 2384
 2324
 2260
 2192
 2118
 2058
 2004
 1958
 1916
 1876
 1834
 1794
 1760
 1730
 1712
 1702
 1706
 1726
 1758
 1796
 1840
 1888
 1940
 1990
 2034
 2076
 2120
 2174
 2232
 2292
 2356
 2418
 2476
 2530
 2574
 2614
 2644
 2670
 2692
 2714
 2740
 2764
 2782
 2796
 2806
 2810
 2808
 2810
 2826
 2842
 2866
 2890
 2914
 2938
 2956
 2972
 2984
 2988
 2988
 2996
 2994
 2994
 2996
 2992
 2984
 2972
 2954
 2928
 2894
 2860
 2822
 2788
 2752
 2718
 2680
 2640
 2602
 2558
 2510
 2456
 2398
 2340
 2280
 2222
 2164
 2102
 2040
 1978
 1914
 1852
 1810
 1782
 1780
 1792
 1822
 1862
 1912
 1974
 2038
 2102
 2156
 2204
 2246
 2284
 2320
 2354
 2384
 2414
 2438
 2460
 2478
 2492
 2510
 2542
 2578
 2618
 2660
 2700
 2738
 2772
 2810
 2838
 2858
 2874
 2888
 2902
 2914
 2922
 2928
 2934
 2928
 2924
 2922
 2918
 2910
 2908
 2920
 2932
 2950
 2966
 2972
 2984
 2990
 2996
 2998
 2992
 2988
 2988
 2986
 2984
 2974
 2964
 2956
 2950
 2942
 2938
 2932
 2922
 2908
 2910
 2924
 2938
 2958
 2978
 2994
 3008
 3014
 3008
 2998
 2980
 2960
 2940
 2918
 2896
 2872
 2844
 2814
 2780
 2740
 2698
 2650
 2596
 2548
 2500
 2460
 2422
 2388
 2352
 2320
 2292
 2268
 2254
 2246
 2244
 2250
 2262
 2284
 2304
 2328
 2352
 2374
 2394
 2410
 2424
 2436
 2446
 2470
 2498
 2528
 2562
 2594
 2626
 2656
 2678
 2694
 2712
 2726
 2740
 2756
 2768
 2780
 2790
 2798
 2802
 2802
 2798
 2794
 2788
 2802
 2816
 2834
 2854
 2872
 2888
 2898
 2902
 2898
 2886
 2872
 2854
 2836
 2814
 2792
 2764
 2734
 2700
 2658
 2610
 2564
 2524
 2488
 2450
 2418
 2378
 2338
 2298
 2254
 2204
 2154
 2102
 2048
 1994
 1944
 1898
 1858
 1830
 1816
 1806
 1820
 1844
 1886
 1940
 2002
 2066
 2128
 2192
 2246
 2296
 2340
 2376
 2408
 2444
 2478
 2508
 2538
 2560
 2580
 2592
 2598
 2602
 2622
 2646
 2674
 2700
 2730
 2756
 2778
 2794
 2806
 2814
 2824
 2834
 2842
 2850
 2854
 2856
 2858
 2856
 2852
 2852
 2844
 2832
 2830
 2840
 2852
 2874
 2900
 2926
 2950
 2964
 2972
 2970
 2958
 2940
 2922
 2900
 2880
 2852
 2818
 2784
 2746
 2706
 2662
 2608
 2556
 2508
 2466
 2424
 2384
 2344
 2300
 2256
 2210
 2164
 2118
 2070
 2024
 1978
 1938
 1906
 1880
 1866
 1860
 1862
 1868
 1896
 1930
 1976
 2030
 2086
 2146
 2200
 2256
 2306
 2348
 2382
 2414
 2442
 2472
 2504
 2536
 2566
 2592
 2614
 2628
 2638
 2646
 2674
 2704
 2738
 2772
 2804
 2834
 2856
 2880
 2896
 2904
 2910
 2916
 2922
 2928
 2932
 2930
 2930
 2930
 2926
 2920
 2912
 2910
 2906
 2894
 2884
 2870
 2852
 2826
 2798
 2758
 2710
 2658
 2602
 2546
 2490
 2434
 2378
 2322
 2264
 2204
 2140
 2084
 2036
 2000
 1966
 1940
 1918
 1908
 1910
 1924
 1948
 1980
 2014
 2054
 2102
 2154
 2208
 2262
 2320
 2368
 2410
 2442
 2468
 2498
 2536
 2576
 2624
 2670
 2712
 2752
 2788
 2818
 2842
 2860
 2876
 2890
 2904
 2918
 2924
 2930
 2930
 2928
 2924
 2918
 2910
 2900
 2888
 2892
 2900
 2910
 2926
 2940
 2956
 2968
 2976
 2978
 2968
 2962
 2958
 2952
 2948
 2946
 2942
 2930
 2920
 2914
 2906
 2898
 2888
 2876
 2868
 2872
 2882
 2896
 2916
 2934
 2950
 2962
 2972
 2972
 2964
 2950
 2930
 2908
 2880
 2844
 2806
 2764
 2722
 2674
 2626
 2568
 2508
 2452
 2398
 2348
 2302
 2254
 2206
 2154
 2104
 2054
 2004
 1948
 1892
 1828
 1766
 1702
 1640
 1574
 1508
 1452
 1398
 1370
 1362
 1376
 1412
 1460
 1518
 1582
 1652
 1722
 1792
 1856
 1914
 1972
 2030
 2084
 2136
 2184
 2224
 2258
 2280
 2298
 2322
 2360
 2402
 2446
 2490
 2530
 2568
 2600
 2626
 2646
 2664
 2678
 2694
 2710
 2722
 2734
 2744
 2748
 2744
 2738
 2736
 2736
 2734
 2732
 2730
 2726
 2714
 2694
 2672
 2640
 2604
 2566
 2522
 2480
 2434
 2382
 2326
 2266
 2194
 2132
 2074
 2026
 1980
 1938
 1898
 1856
 1824
 1792
 1764
 1728
 1692
 1662
 1638
 1634
 1638
 1652
 1674
 1698
 1728
 1764
 1812
 1868
 1928
 1990
 2054
 2114
 2174
 2228
 2274
 2320
 2360
 2400
 2442
 2478
 2514
 2544
 2574
 2594
