 2190
 2198
 2196
 2200
 2190
 2170
 2162
 2156
 2140
 2118
 2106
 2094
 2084
 2076
 2084
 2108
 2140
 2172
 2188
 2166
 2140
 2162
 2196
 2240
 2288
 2316
 2354
 2416
 2460
 2500
 2538
 2572
 2598
 2614
 2624
 2628
 2638
 2654
 2668
 2674
 2676
 2676
 2676
 2666
 2664
 2668
 2664
 2650
 2666
 2692
 2710
 2726
 2738
 2746
 2734
 2694
 2638
 2572
 2498
 2422
 2346
 2274
 2208
 2154
 2090
 2018
 1942
 1860
 1774
 1696
 1624
 1556
 1490
 1422
 1352
 1278
 1210
 1156
 1118
 1094
 1086
 1080
 1086
 1108
 1138
 1178
 1226
 1288
 1362
 1444
 1530
 1616
 1700
 1782
 1858
 1928
 1988
 2050
 2110
 2172
 2232
 2290
 2342
 2394
 2444
 2486
 2522
 2560
 2610
 2652
 2690
 2728
 2756
 2778
 2790
 2796
 2808
 2816
 2828
 2838
 2848
 2850
 2852
 2854
 2850
 2848
 2848
 2860
 2872
 2888
 2904
 2914
 2916
 2908
 2900
 2898
 2896
 2900
 2902
 2900
 2896
 2892
 2884
 2876
 2868
 2858
 2858
 2870
 2882
 2896
 2910
 2914
 2912
 2898
 2886
 2880
 2878
 2880
 2880
 2878
 2870
 2860
 2840
 2812
 2776
 2728
 2678
 2638
 2590
 2540
 2490
 2428
 2358
 2286
 2222
 2162
 2106
 2054
 1998
 1942
 1880
 1814
 1754
 1686
 1624
 1576
 1540
 1514
 1498
 1488
 1486
 1494
 1512
 1542
 1596
 1658
 1724
 1790
 1854
 1914
 1970
 2014
 2060
 2114
 2180
 2244
 2308
 2372
 2430
 2484
 2524
 2562
 2598
 2630
 2662
 2690
 2718
 2740
 2756
 2766
 2774
 2780
 2788
 2808
 2828
 2846
 2864
 2876
 2882
 2880
 2876
 2876
 2878
 2880
 2884
 2886
 2886
 2886
 2880
 2874
 2864
 2868
 2880
 2884
 2890
 2896
 2898
 2892
 2884
 2886
 2888
 2892
 2896
 2902
 2900
 2898
 2888
 2878
 2866
 2866
 2874
 2880
 2888
 2894
 2894
 2890
 2874
 2864
 2856
 2854
 2856
 2858
 2860
 2858
 2848
 2838
 2824
 2820
 2828
 2834
 2840
 2840
 2840
 2834
 2824
 2822
 2826
 2832
 2842
 2850
 2856
 2856
 2852
 2848
 2854
 2866
 2874
 2888
 2892
 2892
 2884
 2878
 2874
 2872
 2874
 2876
 2874
 2870
 2868
 2860
 2846
 2838
 2838
 2828
 2808
 2782
 2742
 2694
 2634
 2578
 2516
 2456
 2394
 2332
 2264
 2188
 2110
 2022
 1942
 1870
 1806
 1744
 1692
 1636
 1576
 1516
 1452
 1398
 1358
 1328
 1310
 1296
 1294
 1308
 1332
 1374
 1434
 1510
 1598
 1694
 1794
 1888
 1978
 2058
 2130
 2202
 2274
 2348
 2422
 2492
 2548
 2596
 2636
 2670
 2696
 2734
 2770
 2802
 2838
 2866
 2886
 2896
 2900
 2906
 2910
 2916
 2922
 2924
 2924
 2924
 2920
 2916
 2912
 2906
 2896
 2904
 2914
 2924
 2936
 2944
 2946
 2940
 2934
 2932
 2930
 2930
 2932
 2934
 2930
 2924
 2916
 2910
 2904
 2898
 2894
 2890
 2884
 2890
 2898
 2904
 2914
 2922
 2922
 2914
 2900
 2894
 2892
 2892
 2890
 2886
 2874
 2854
 2824
 2788
 2742
 2690
 2632
 2570
 2504
 2444
 2388
 2328
 2274
 2214
 2148
 2080
 2008
 1948
 1896
 1846
 1794
 1740
 1680
 1618
 1556
 1486
 1420
 1356
 1294
 1250
 1222
 1206
 1202
 1218
 1246
 1284
 1324
 1368
 1428
 1500
 1578
 1660
 1742
 1816
 1892
 1964
 2028
 2086
 2142
 2196
 2260
 2324
 2384
 2448
 2504
 2552
 2592
 2618
 2646
 2674
 2700
 2724
 2744
 2758
 2770
 2778
 2782
 2786
 2790
 2794
 2796
 2812
 2826
 2842
 2860
 2870
 2876
 2872
 2864
 2860
 2858
 2856
 2856
 2858
 2854
 2848
 2842
 2836
 2832
 2828
 2826
 2822
 2822
 2834
 2836
 2840
 2850
 2850
 2846
 2838
 2826
 2814
 2798
 2774
 2744
 2704
 2650
 2588
 2518
 2444
 2368
 2294
 2218
 2142
 2074
 2018
 1966
 1918
 1872
 1822
 1774
 1716
 1666
 1634
 1606
 1586
 1574
 1570
 1580
 1606
 1638
 1684
 1740
 1806
 1874
 1952
 2034
 2122
 2206
 2292
 2368
 2434
 2488
 2526
 2560
 2592
 2618
 2646
 2670
 2688
 2704
 2710
 2718
 2726
 2732
 2736
 2738
 2740
 2750
 2770
 2784
 2800
 2816
 2824
 2828
 2824
 2822
 2820
 2824
 2824
 2826
 2826
 2824
 2820
 2816
 2812
 2808
 2806
 2804
 2802
 2802
 2814
 2824
 2838
 2852
 2856
 2858
 2854
 2844
 2842
 2838
 2840
 2842
 2842
 2840
 2836
 2830
 2824
 2818
 2810
 2802
 2790
 2772
 2758
 2744
 2720
 2692
 2658
 2612
 2560
 2502
 2450
 2398
 2350
 2302
 2250
 2194
 2130
 2064
 1996
 1928
 1860
 1796
 1732
 1674
 1628
 1586
 1550
 1518
 1488
 1452
 1414
 1372
 1334
 1310
 1302
 1306
 1326
 1358
 1400
 1448
 1500
 1554
 1614
 1680
 1746
 1822
 1898
 1988
 2076
 2158
 2234
 2304
 2366
 2412
 2458
 2502
 2542
 2582
 2618
 2648
 2674
 2692
 2708
 2724
 2734
 2746
 2756
 2766
 2772
 2794
 2816
 2836
 2860
 2876
 2886
 2888
 2882
 2882
 2882
 2886
 2886
 2890
 2886
 2876
 2868
 2858
 2852
 2846
 2840
 2836
 2832
 2834
 2850
 2864
 2878
 2892
 2902
 2902
 2896
 2888
 2886
 2884
 2888
 2888
 2886
 2884
 2878
 2872
 2866
 2858
 2854
 2848
 2842
 2834
 2828
 2826
 2814
 2802
 2780
 2748
 2706
 2654
 2606
 2560
 2516
 2472
 2424
 2370
 2312
 2248
 2182
 2112
 2038
 1964
 1890
 1826
 1774
 1734
 1694
 1660
 1628
 1592
 1552
 1508
 1470
 1446
 1436
 1436
 1446
 1464
 1490
 1526
 1578
 1636
 1698
 1764
 1836
 1906
 1992
 2084
 2170
 2258
 2340
 2416
 2476
 2518
 2558
 2600
 2640
 2678
 2714
 2740
 2764
 2780
 2794
 2808
 2818
 2826
 2840
 2868
 2892
 2914
 2936
 2946
 2950
 2946
 2942
 2940
 2938
 2940
 2938
 2936
 2932
 2924
 2918
 2910
 2902
 2894
 2888
 2884
 2896
 2906
 2916
 2928
 2930
 2926
 2910
 2880
 2852
 2818
 2782
 2736
 2684
 2622
 2558
 2490
 2416
 2344
 2268
 2194
 2124
 2064
 2010
 1954
 1906
 1852
 1792
 1726
 1658
 1600
 1552
 1516
 1478
 1442
 1400
 1354
 1304
 1252
 1202
 1148
 1106
 1078
 1070
 1080
 1104
 1148
 1204
 1276
 1352
 1430
 1516
 1604
 1694
 1784
 1866
 1948
 2020
 2090
 2156
 2218
 2272
 2334
 2404
 2464
 2524
 2578
 2622
 2660
 2682
 2702
 2724
 2742
 2764
 2782
 2794
 2804
 2812
 2816
 2818
 2822
 2822
 2832
 2854
 2870
 2892
 2908
 2918
 2920
 2908
 2900
 2898
 2898
 2898
 2898
 2896
 2892
 2886
 2878
 2868
 2860
 2856
 2854
 2870
 2882
 2894
 2904
 2900
 2888
 2858
 2826
 2794
 2756
 2718
 2674
 2624
 2570
 2512
 2446
 2382
 2314
 2246
 2182
 2130
 2086
 2040
 2000
 1954
 1900
 1842
 1784
 1738
 1696
 1666
 1636
 1602
 1568
 1530
 1486
 1440
 1400
 1364
 1344
 1346
 1372
 1412
 1470
 1536
 1608
 1684
 1748
 1818
 1892
 1968
 2044
 2118
 2186
 2246
 2304
 2358
 2406
 2452
 2492
 2528
 2574
 2628
 2672
 2718
 2758
 2792
 2814
 2826
 2836
 2850
 2864
 2878
 2890
 2898
 2900
 2896
 2890
 2888
 2886
 2886
 2886
 2888
 2886
 2904
 2918
 2932
 2946
 2954
 2958
 2952
 2944
 2942
 2944
 2944
 2944
 2942
 2938
 2930
 2922
 2914
 2908
 2902
 2898
 2894
 2886
 2878
 2888
 2896
 2906
 2916
 2918
 2912
 2898
 2878
 2856
 2830
 2802
 2768
 2726
 2678
 2624
 2566
 2504
 2438
 2372
 2304
 2240
 2180
 2132
 2082
 2034
 1988
 1938
 1882
 1822
 1762
 1712
 1674
 1636
 1596
 1552
 1510
 1460
 1406
 1354
 1306
 1262
 1232
 1214
 1216
 1228
 1254
 1294
 1346
 1406
 1470
 1540
 1620
 1708
 1798
 1886
 1968
 2040
 2104
 2162
 2218
 2270
 2318
 2370
 2436
 2496
 2558
 2608
 2652
 2688
 2708
 2724
 2744
 2758
 2776
 2790
 2798
 2804
 2808
 2808
 2812
 2812
 2810
 2810
 2828
 2844
 2862
 2880
 2890
 2888
 2882
 2870
 2870
 2870
 2872
 2874
 2876
 2874
 2868
 2864
 2856
 2852
 2848
 2846
 2844
 2850
 2868
 2880
 2894
 2894
 2882
 2860
 2822
 2784
 2742
 2694
 2644
 2590
 2528
 2462
 2396
 2324
 2250
 2180
 2112
 2038
 1976
 1922
 1878
 1836
 1800
 1762
 1722
 1678
 1630
 1594
 1564
 1542
 1520
 1494
 1466
 1434
 1400
 1362
 1336
 1320
 1328
 1360
 1416
 1496
 1584
 1682
 1774
 1866
 1950
 2022
 2098
 2170
 2242
 2314
 2378
 2432
 2480
 2524
 2558
 2592
 2618
 2644
 2666
 2702
 2736
 2766
 2798
 2820
 2836
 2844
 2846
 2852
 2856
 2864
 2874
 2880
 2882
 2882
 2878
 2876
 2876
 2874
 2872
 2870
 2866
 2864
 2876
 2888
 2896
 2906
 2910
 2908
 2904
 2894
 2892
 2892
 2894
 2898
 2898
 2892
 2886
 2876
 2864
 2850
 2832
 2810
 2780
 2744
 2704
 2672
 2628
 2582
 2536
 2478
 2414
 2344
 2276
 2222
 2168
 2122
 2070
 2016
 1956
 1890
 1818
 1742
 1664
 1588
 1516
 1450
 1398
 1352
 1316
 1286
 1258
 1230
 1206
 1186
 1180
 1202
 1246
 1306
 1374
 1444
 1514
 1584
 1646
 1708
 1778
 1844
 1908
 1980
 2062
 2134
 2208
 2274
 2334
 2382
 2422
 2456
 2492
 2526
 2562
 2596
 2622
 2644
 2662
 2676
 2690
 2702
 2714
 2722
 2740
 2768
 2790
 2816
 2836
 2848
 2858
 2858
 2856
 2862
 2866
 2872
 2880
 2884
 2882
 2878
 2872
 2864
 2856
 2854
 2850
 2848
 2852
 2868
 2880
 2894
 2902
 2904
 2902
 2890
 2884
 2880
 2878
 2878
 2880
 2878
 2872
 2862
 2854
 2848
 2842
 2838
 2838
 2834
 2832
 2828
 2838
 2842
 2838
 2828
 2802
 2768
 2720
 2666
 2616
 2562
 2510
 2456
 2396
 2328
 2256
 2184
 2110
 2036
 1962
 1894
 1822
 1760
 1710
 1664
 1618
 1574
 1530
 1482
 1428
 1372
 1322
 1292
 1272
 1256
 1236
 1210
 1182
 1162
 1154
 1160
 1190
 1240
 1310
 1394
 1492
 1598
 1704
 1804
 1902
 1988
 2060
 2130
 2198
 2266
 2330
 2390
 2440
 2488
 2528
 2564
 2596
 2626
 2656
 2676
 2710
 2750
 2780
 2808
 2834
 2848
 2858
 2858
 2862
 2866
 2872
 2876
 2880
 2878
 2876
 2872
 2866
 2860
 2854
 2850
 2848
 2844
 2856
 2870
 2884
 2898
 2902
 2900
 2894
 2884
 2882
 2876
 2866
 2850
 2826
 2784
 2738
 2686
 2632
 2574
 2518
 2466
 2420
 2364
 2310
 2264
 2210
 2166
 2124
 2078
 2024
 1962
 1908
 1862
 1820
 1784
 1744
 1702
 1654
 1602
 1542
 1486
 1432
 1382
 1344
 1318
 1308
 1302
 1300
 1304
 1318
 1346
 1386
 1446
 1522
 1606
 1698
 1794
 1882
 1968
 2040
 2106
 2166
 2222
 2276
 2338
 2398
 2460
 2524
 2578
 2626
 2658
 2682
 2710
 2732
 2758
 2786
 2808
 2830
 2846
 2856
 2868
 2876
 2884
 2890
 2900
 2922
 2934
 2950
 2968
 2978
 2980
 2976
 2970
 2968
 2960
 2950
 2930
 2906
 2868
 2826
 2774
 2718
 2660
 2600
 2542
 2490
 2444
 2394
 2346
 2290
 2230
 2158
 2090
 2038
 1992
 1956
 1918
 1876
 1836
 1790
 1734
 1676
 1624
 1572
 1532
 1506
 1496
 1500
 1526
 1562
 1614
 1674
 1730
 1798
 1878
 1958
 2038
 2116
 2190
 2262
 2330
 2398
 2460
 2514
 2562
 2620
 2680
 2730
 2776
 2814
 2844
 2862
 2872
 2882
 2892
 2898
 2902
 2908
 2908
 2910
 2904
 2900
 2894
 2890
 2882
 2888
 2908
 2922
 2942
 2956
 2958
 2956
 2950
 2948
 2948
 2950
 2950
 2948
 2934
 2910
 2870
 2820
 2760
 2698
 2632
 2564
 2502
 2450
 2396
 2346
 2296
 2238
 2176
 2108
 2044
 1990
 1940
 1896
 1852
 1802
 1752
 1696
 1636
 1580
 1522
 1476
 1444
 1422
 1404
 1396
 1390
 1398
 1416
 1442
 1484
 1556
 1640
 1734
 1824
 1908
 1982
 2050
 2112
 2180
 2242
 2302
 2364
 2436
 2506
 2572
 2634
 2688
 2732
 2764
 2786
 2808
 2828
 2848
 2868
 2884
 2890
 2894
 2896
 2894
 2896
 2896
 2896
 2894
 2908
 2924
 2934
 2950
 2956
 2958
 2954
 2946
 2944
 2942
 2940
 2936
 2920
 2892
 2860
 2820
 2772
 2722
 2672
 2618
 2564
 2514
 2472
 2424
 2380
 2330
 2280
 2222
 2156
 2100
 2050
 2004
 1960
 1916
 1862
 1806
 1746
 1680
 1616
 1558
 1502
 1462
 1432
 1412
 1396
 1390
 1384
 1396
 1416
 1446
 1498
 1566
 1646
 1736
 1826
 1914
 1998
 2076
 2146
 2210
 2266
 2318
 2378
 2444
 2500
 2556
 2602
 2640
 2672
 2692
 2716
 2740
 2766
 2790
 2808
 2820
 2830
 2840
 2848
 2854
 2860
 2866
 2870
 2884
 2908
 2926
 2948
 2960
 2966
 2968
 2962
 2956
 2956
 2958
 2960
 2962
 2960
 2954
 2948
 2944
 2936
 2932
 2926
 2920
 2912
 2910
 2900
 2884
 2864
 2830
 2784
 2730
 2670
 2618
 2566
 2518
 2470
 2416
 2360
 2302
 2240
 2174
 2112
 2056
 1996
 1944
 1900
 1862
 1828
 1794
 1754
 1706
 1652
 1596
 1548
 1514
 1486
 1464
 1450
 1436
 1430
 1434
 1448
 1480
 1522
 1578
 1650
 1738
 1834
 1928
 2032
 2128
 2222
 2308
 2374
 2436
 2498
 2558
 2612
 2662
 2706
 2742
 2770
 2792
 2812
 2826
 2836
 2856
 2884
 2910
 2944
 2974
 2996
 3004
 3000
 2996
 2996
 2994
 2992
 2992
 2990
 2982
 2974
 2970
 2964
 2958
 2954
 2950
 2950
 2964
 2974
 2982
 2984
 2974
 2956
 2924
 2882
 2840
 2790
 2740
 2686
 2626
 2564
 2500
 2428
 2356
 2288
 2220
 2156
 2100
 2054
 2012
 1978
 1942
 1902
 1854
 1808
 1772
 1754
 1750
 1762
 1788
 1826
 1878
 1926
 1976
 2032
 2094
 2156
 2220
 2292
 2366
 2440
 2512
 2574
 2630
 2670
 2702
 2730
 2758
 2782
 2804
 2826
 2844
 2858
 2866
 2870
 2874
 2876
 2878
 2896
 2910
 2926
 2942
 2954
 2960
 2960
 2952
 2946
 2942
 2942
 2940
 2936
 2928
 2922
 2912
 2904
 2894
 2888
 2882
 2880
 2890
 2900
 2908
 2920
 2924
 2926
 2920
 2910
 2904
 2894
 2882
 2864
 2840
 2808
 2772
 2728
 2682
 2634
 2584
 2534
 2482
 2438
 2398
 2354
 2316
 2270
 2218
 2160
 2100
 2050
 2004
 1964
 1922
 1878
 1832
 1782
 1728
 1672
 1616
 1560
 1514
 1484
 1460
 1448
 1446
 1454
 1474
 1510
 1548
 1598
 1660
 1728
 1806
 1884
 1962
 2038
 2110
 2178
 2244
 2302
 2352
 2410
 2476
 2532
 2588
 2642
 2684
 2722
 2744
 2766
 2786
 2806
 2826
 2842
 2856
 2864
 2874
 2878
 2878
 2884
 2886
 2882
 2886
 2900
 2910
 2928
 2938
 2942
 2944
 2938
 2934
 2932
 2934
 2934
 2934
 2934
 2928
 2922
 2916
 2908
 2902
 2896
 2890
 2886
 2892
 2904
 2908
 2914
 2916
 2916
 2912
 2902
 2898
 2896
 2892
 2886
 2874
 2854
 2826
 2792
 2752
 2710
 2662
 2612
 2558
 2504
 2452
 2410
 2366
 2324
 2282
 2232
 2178
 2120
 2066
 2024
 1982
 1944
 1906
 1864
 1822
 1778
 1732
 1684
 1638
 1596
 1562
 1538
 1528
 1534
 1552
 1588
 1642
 1704
 1772
 1840
 1910
 1990
 2072
 2148
 2220
 2284
 2344
 2398
 2446
 2490
 2530
 2564
 2592
 2622
 2664
 2698
 2736
 2768
 2794
 2814
 2824
 2830
 2838
 2846
 2854
 2862
 2868
 2870
 2870
 2868
 2868
 2868
 2866
 2866
 2860
 2870
 2886
 2898
 2914
 2926
 2928
 2924
 2912
 2908
 2906
 2904
 2906
 2906
 2904
 2898
 2890
 2880
 2872
 2864
 2860
 2854
 2850
 2846
 2856
 2866
 2876
 2886
 2890
 2890
 2882
 2868
 2856
 2840
 2828
 2808
 2786
 2756
 2718
 2678
 2632
 2582
 2532
 2482
 2426
 2374
 2326
 2286
 2250
 2214
 2180
 2140
 2098
 2050
 2002
 1966
 1932
 1904
 1878
 1848
 1814
 1778
 1742
 1712
 1690
 1682
 1688
 1710
 1754
 1808
 1882
 1964
 2048
 2130
 2200
 2264
 2314
 2362
 2410
 2456
 2500
 2540
 2578
 2608
 2632
 2652
 2668
 2684
 2698
 2710
 2720
 2732
 2758
 2780
 2800
 2820
 2836
 2848
 2850
 2850
 2854
 2858
 2866
 2870
 2874
 2874
 2874
 2872
 2870
 2866
 2866
 2866
 2866
 2866
 2866
 2876
 2888
 2896
 2910
 2918
 2920
 2918
 2906
 2900
 2898
 2900
 2900
 2900
 2894
 2884
 2870
 2848
 2826
 2796
 2762
 2728
 2684
 2636
 2590
 2548
 2502
 2458
 2414
 2362
 2306
 2246
 2188
 2140
 2096
 2056
 2014
 1970
 1920
 1870
 1818
 1766
 1714
 1668
 1628
 1602
 1598
 1616
 1658
 1714
 1786
 1860
 1940
 2018
 2086
 2150
 2216
 2284
 2350
 2410
 2462
 2506
 2546
 2578
 2608
 2632
 2652
 2674
 2692
 2710
 2742
 2766
 2792
 2816
 2832
 2842
 2848
 2848
 2856
 2864
 2872
 2880
 2884
 2884
 2882
 2880
 2878
 2872
 2864
 2860
 2856
 2852
 2856
 2872
 2882
 2896
 2908
 2910
 2908
 2902
 2896
 2894
 2896
 2898
 2898
 2898
 2892
 2884
 2876
 2868
 2860
 2852
 2838
 2822
 2804
 2788
 2768
 2744
 2720
 2682
 2634
 2580
 2522
 2474
 2426
 2384
 2340
 2290
 2234
 2176
 2116
 2054
 1990
 1932
 1870
 1816
 1774
 1740
 1710
 1684
 1654
 1624
 1588
 1552
 1516
 1494
 1484
 1484
 1498
 1524
 1562
 1614
 1674
 1740
 1806
 1870
 1938
 2020
 2112
 2194
 2274
 2348
 2416
 2476
 2520
 2562
 2602
 2642
 2678
 2712
 2738
 2760
 2780
 2792
 2804
 2816
 2826
 2830
 2848
 2870
 2888
 2908
 2920
 2922
 2922
 2914
 2910
 2910
 2908
 2912
 2916
 2914
 2912
 2910
 2906
 2898
 2890
 2878
 2860
 2838
 2822
 2802
 2776
 2748
 2710
 2666
 2614
 2558
 2510
 2464
 2414
 2366
 2312
 2254
 2192
 2130
 2066
 2000
 1934
 1868
 1810
 1758
 1718
 1680
 1644
 1610
 1572
 1528
 1482
 1438
 1408
 1386
 1374
 1364
 1354
 1348
 1352
 1362
 1388
 1422
 1470
 1530
 1606
 1694
 1782
 1872
 1956
 2032
 2090
 2138
 2194
 2250
 2312
 2370
 2424
 2474
 2518
 2558
 2592
 2626
 2652
 2680
 2700
 2728
 2762
 2786
 2812
 2830
 2844
 2852
 2850
 2854
 2860
 2868
 2874
 2880
 2882
 2876
 2870
 2862
 2858
 2854
 2854
 2854
 2850
 2852
 2858
 2850
 2838
 2816
 2782
 2740
 2682
 2626
 2576
 2530
 2488
 2442
 2392
 2330
 2266
 2206
 2142
 2076
 2012
 1946
 1884
 1828
 1782
 1738
 1696
 1658
 1614
 1568
 1518
 1470
 1436
 1412
 1394
 1380
 1360
 1338
 1326
 1324
 1332
 1358
 1402
 1470
 1550
 1642
 1736
 1838
 1938
 2032
 2116
 2182
 2242
 2302
 2358
 2414
 2462
 2504
 2540
 2570
 2594
 2618
 2644
 2672
 2700
 2746
 2788
 2820
 2848
 2864
 2884
 2894
 2896
 2900
 2902
 2906
 2912
 2918
 2918
 2916
 2912
 2908
 2904
 2902
 2896
 2892
 2890
 2900
 2912
 2920
 2930
 2930
 2920
 2896
 2860
 2826
 2784
 2740
 2692
 2640
 2584
 2524
 2464
 2400
 2338
 2276
 2214
 2158
 2106
 2068
 2028
 1996
 1964
 1926
 1888
 1850
 1818
 1790
 1776
 1764
 1764
 1768
 1782
 1808
 1842
 1886
 1938
 1992
 2056
 2128
 2208
 2284
 2358
 2428
 2492
 2548
 2590
 2626
 2666
 2700
 2736
 2766
 2792
 2814
 2832
 2846
 2858
 2866
 2876
 2882
 2896
 2922
 2938
 2954
 2964
 2968
 2968
 2960
 2956
 2956
 2958
 2962
 2968
 2970
 2966
 2960
 2954
 2946
 2934
 2918
 2896
 2870
 2842
 2818
 2784
 2748
 2706
 2656
 2604
 2542
 2484
 2430
 2378
 2328
 2278
 2222
 2162
 2102
 2038
 1970
 1904
 1842
 1784
 1736
 1702
 1670
 1642
 1616
 1586
 1556
 1524
 1496
 1488
 1502
 1532
 1578
 1630
 1686
 1750
 1812
 1878
 1942
 2010
 2078
 2148
 2220
 2282
 2346
 2410
 2466
 2512
 2546
 2576
 2612
 2648
 2684
 2716
 2744
 2768
 2786
 2802
 2814
 2828
 2838
 2850
 2856
 2874
 2896
 2910
 2926
 2938
 2946
 2950
 2944
 2940
 2942
 2946
 2950
 2952
 2948
 2944
 2940
 2930
 2922
 2912
 2904
 2900
 2896
 2890
 2896
 2910
 2922
 2940
 2952
 2954
 2948
 2932
 2918
 2906
 2888
 2868
 2840
 2802
 2756
 2704
 2644
 2588
 2536
 2480
 2428
 2378
 2334
 2298
 2268
 2240
 2212
 2180
 2140
 2088
 2032
 1984
 1942
 1908
 1874
 1838
 1796
 1752
 1708
 1658
 1610
 1564
 1520
 1488
 1470
 1468
 1478
 1508
 1554
 1610
 1674
 1738
 1804
 1878
 1960
 2042
 2116
 2184
 2240
 2296
 2350
 2398
 2440
 2478
 2514
 2558
 2608
 2650
 2694
 2732
 2764
 2790
 2804
 2816
 2832
 2848
 2862
 2874
 2884
 2886
 2884
 2884
 2880
 2880
 2880
 2880
 2880
 2896
 2910
 2920
 2934
 2942
 2946
 2944
 2936
 2934
 2936
 2940
 2944
 2940
 2932
 2924
 2916
 2910
 2904
 2898
 2890
 2878
 2862
 2854
 2838
 2816
 2792
 2756
 2712
 2660
 2602
 2550
 2500
 2454
 2408
 2358
 2300
 2240
 2178
 2112
 2048
 1986
 1922
 1870
 1830
 1794
 1764
 1734
 1702
 1666
 1622
 1570
 1524
 1488
 1460
 1438
 1416
 1398
 1396
 1404
 1420
 1452
 1492
 1554
 1628
 1712
 1798
 1888
 1976
 2056
 2132
 2196
 2252
 2312
 2370
 2428
 2478
 2522
 2558
 2592
 2620
 2646
 2668
 2690
 2710
 2744
 2776
 2804
 2832
 2856
 2874
 2884
 2888
 2892
 2896
 2904
 2912
 2916
 2914
 2912
 2910
 2906
 2902
 2896
 2890
 2888
 2886
 2894
 2906
 2916
 2926
 2932
 2936
 2932
 2924
 2922
 2924
 2926
 2926
 2926
 2924
 2918
 2912
 2902
 2896
 2890
 2886
 2880
 2874
 2870
 2878
 2884
 2890
 2892
 2886
 2872
 2846
 2818
 2790
 2760
 2726
 2686
 2642
 2592
 2540
 2486
 2430
 2374
 2316
 2262
 2204
 2154
 2108
 2062
 2018
 1976
 1930
 1880
 1828
 1770
 1726
 1690
 1660
 1636
 1614
 1596
 1586
 1588
 1602
 1632
 1672
 1722
 1778
 1842
 1916
 1996
 2076
 2154
 2224
 2290
 2344
 2384
 2420
 2456
 2494
 2530
 2562
 2592
 2618
 2640
 2660
 2676
 2694
 2708
 2724
 2736
 2760
 2786
 2806
 2832
 2848
 2860
 2868
 2868
 2876
 2882
 2890
 2896
 2898
 2894
 2888
 2884
 2880
 2874
 2870
 2868
 2866
 2862
 2866
 2874
 2880
 2892
 2900
 2902
 2900
 2892
 2888
 2888
 2882
 2876
 2868
 2850
 2824
 2790
 2752
 2708
 2660
 2610
 2558
 2506
 2452
 2406
 2362
 2320
 2280
 2232
 2176
 2118
 2058
 2008
 1962
 1922
 1880
 1836
 1790
 1742
 1692
 1642
 1596
 1556
 1524
 1508
 1510
 1532
 1570
 1622
 1680
 1750
 1818
 1880
 1948
 2020
 2090
 2160
 2228
 2290
 2346
 2396
 2440
 2482
 2520
 2554
 2586
 2628
 2668
 2702
 2738
 2764
 2788
 2804
 2814
 2824
 2834
 2844
 2854
 2862
 2866
 2868
 2870
 2868
 2866
 2866
 2868
 2866
 2876
 2892
 2900
 2914
 2920
 2920
 2916
 2906
 2902
 2898
 2898
 2900
 2900
 2898
 2892
 2884
 2878
 2868
 2862
 2856
 2850
 2846
 2848
 2858
 2864
 2874
 2874
 2866
 2848
 2816
 2782
 2750
 2716
 2680
 2640
 2596
 2546
 2494
 2436
 2380
 2320
 2264
 2200
 2144
 2090
 2044
 1998
 1958
 1918
 1870
 1818
 1760
 1708
 1666
 1632
 1602
 1574
 1540
 1508
 1482
 1462
 1452
 1454
 1468
 1502
 1550
 1612
 1686
 1768
 1856
 1938
 2014
 2078
 2124
 2170
 2214
 2260
 2304
 2346
 2386
 2422
 2456
 2494
 2526
 2552
 2574
 2590
 2614
 2642
 2664
 2690
 2712
 2726
 2738
 2744
 2752
 2762
 2772
 2784
 2796
 2806
 2812
 2816
 2818
 2822
 2824
 2830
 2834
 2836
 2846
 2860
 2872
 2888
 2898
 2902
 2902
 2894
 2888
 2884
 2876
 2864
 2846
 2818
 2780
 2736
 2688
 2638
 2586
 2534
 2478
 2424
 2374
 2332
 2288
 2254
 2220
 2176
 2126
 2064
 2012
 1972
 1936
 1898
 1858
 1818
 1772
 1720
 1666
 1614
 1562
 1516
 1480
 1456
 1440
 1432
 1432
 1432
 1444
 1468
 1506
 1564
 1634
 1718
 1804
 1886
 1968
 2044
 2114
 2178
 2242
 2300
 2360
 2424
 2480
 2536
 2586
 2626
 2656
 2674
 2696
 2720
 2748
 2770
 2792
 2814
 2834
 2850
 2862
 2872
 2880
 2888
 2898
 2922
 2938
 2950
 2960
 2968
 2972
 2968
 2964
 2962
 2962
 2964
 2966
 2966
 2962
 2954
 2946
 2930
 2904
 2872
 2838
 2792
 2756
 2716
 2672
 2630
 2582
 2528
 2468
 2410
 2358
 2312
 2266
 2224
 2178
 2128
 2078
 2024
 1970
 1918
 1868
 1820
 1780
 1746
 1716
 1696
 1680
 1664
 1650
 1646
 1652
 1678
 1722
 1782
 1850
 1920
 1988
 2056
 2118
 2180
 2240
 2300
 2358
 2432
 2508
 2578
 2646
 2704
 2752
 2790
 2816
 2842
 2862
 2884
 2904
 2916
 2928
 2936
 2936
 2934
 2932
 2930
 2930
 2930
 2944
 2960
 2976
 2994
 3004
 3004
 2994
 2980
 2970
 2956
 2934
 2908
 2874
 2834
 2786
 2734
 2680
 2624
 2568
 2514
 2462
 2420
 2380
 2340
 2304
 2260
 2208
 2150
 2096
 2050
 2008
 1972
 1936
 1896
 1852
 1806
 1752
 1704
 1656
 1618
 1592
 1574
 1562
 1556
 1550
 1550
 1556
 1566
 1596
 1644
 1702
 1766
 1834
 1902
 1968
 2030
 2090
 2148
 2206
 2260
 2316
 2370
 2430
 2488
 2536
 2578
 2606
 2634
 2662
 2692
 2722
 2750
 2772
 2792
 2808
 2824
 2836
 2848
 2856
 2878
 2906
 2926
 2950
 2968
 2976
 2974
 2970
 2970
 2970
 2974
 2976
 2978
 2976
 2972
 2968
 2962
 2956
 2952
 2948
 2934
 2922
 2914
 2894
 2874
 2850
 2820
 2780
 2728
 2676
 2628
 2588
 2546
 2504
 2454
 2402
 2346
 2284
 2220
 2156
 2096
 2036
 1984
 1942
 1906
 1872
 1840
 1802
 1758
 1712
 1664
 1628
 1598
 1578
 1560
 1542
 1522
 1494
 1468
 1450
 1450
 1476
 1520
 1584
 1656
 1736
 1814
 1892
 1960
 2020
 2082
 2144
 2204
 2260
 2316
 2370
 2424
 2470
 2506
 2536
 2578
 2628
 2672
 2716
 2754
 2792
 2816
 2832
 2852
 2866
 2882
 2898
 2912
 2922
 2928
 2928
 2926
 2922
 2926
 2944
 2956
 2970
 2984
 2992
 2992
 2988
 2982
 2978
 2978
 2978
 2970
 2956
 2930
 2898
 2858
 2810
 2758
 2712
 2672
 2626
 2584
 2538
 2488
 2436
 2384
 2344
 2302
 2266
 2230
 2186
 2136
 2080
 2020
 1966
 1910
 1858
 1822
 1794
 1772
 1754
 1738
 1722
 1708
 1694
 1698
 1724
 1766
 1820
 1876
 1934
 1992
 2050
 2104
 2158
 2210
 2272
 2344
 2410
 2474
 2534
 2588
 2634
 2666
 2698
 2726
 2754
 2784
 2808
 2826
 2844
 2856
 2866
 2872
 2878
 2882
 2894
 2916
 2936
 2958
 2970
 2974
 2972
 2966
 2968
 2968
 2964
 2962
 2960
 2956
 2952
 2946
 2942
 2934
 2930
 2926
 2924
 2918
 2916
 2914
 2904
 2890
 2862
 2826
 2778
 2726
 2678
 2628
 2582
 2532
 2478
 2420
 2362
 2302
 2242
 2180
 2120
 2060
 2008
 1966
 1932
 1900
 1874
 1844
 1810
 1772
 1730
 1702
 1678
 1662
 1648
 1632
 1616
 1600
 1584
 1570
 1570
 1578
 1604
 1644
 1698
 1768
 1842
 1916
 1990
 2060
 2116
 2170
 2226
 2280
 2336
 2392
 2446
 2494
 2536
 2574
 2608
 2640
 2668
 2704
 2742
 2778
 2814
 2844
 2868
 2886
 2890
 2896
 2904
 2912
 2918
 2922
 2924
 2922
 2924
 2920
 2916
 2914
 2914
 2910
 2916
 2928
 2934
 2944
 2952
 2956
 2950
 2940
 2934
 2932
 2932
 2930
 2932
 2928
 2924
 2918
 2910
 2900
 2890
 2872
 2850
 2820
 2798
 2768
 2738
 2708
 2668
 2624
 2574
 2526
 2482
 2442
 2402
 2360
 2320
 2272
 2222
 2168
 2110
 2056
 2002
 1954
 1912
 1880
 1852
 1830
 1808
 1782
 1752
 1718
 1684
 1664
 1660
 1668
 1686
 1712
 1752
 1796
 1840
 1888
 1936
 1988
 2046
 2108
 2174
 2238
 2302
 2358
 2410
 2452
 2484
 2518
 2552
 2586
 2618
 2648
 2678
 2702
 2724
 2742
 2756
 2772
 2784
 2802
 2828
 2852
 2876
 2896
 2912
 2922
 2922
 2922
 2920
 2922
 2926
 2930
 2930
 2928
 2926
 2924
 2920
 2916
 2912
 2910
 2906
 2914
 2922
 2926
 2932
 2932
 2924
 2908
 2884
 2860
 2834
 2806
 2772
 2732
 2688
 2640
 2590
 2538
 2486
 2434
 2384
 2332
 2288
 2248
 2218
 2182
 2152
 2116
 2072
 2022
 1966
 1918
 1880
 1850
 1822
 1792
 1760
 1732
 1700
 1666
 1636
 1618
 1618
 1640
 1682
 1744
 1816
 1898
 1978
 2056
 2128
 2184
 2244
 2304
 2364
 2422
 2472
 2522
 2566
 2604
 2634
 2664
 2692
 2718
 2740
 2776
 2808
 2842
 2874
 2898
 2918
 2928
 2930
 2934
 2938
 2948
 2954
 2954
 2952
 2946
 2938
 2930
 2920
 2912
 2904
 2898
 2904
 2910
 2916
 2924
 2928
 2928
 2922
 2910
 2908
 2906
 2906
 2906
 2906
 2900
 2896
 2890
 2880
 2870
 2858
 2844
 2824
 2800
 2776
 2756
 2726
 2698
 2664
 2622
 2574
 2520
 2470
 2428
 2388
 2348
 2304
 2256
 2204
 2146
 2086
 2020
 1962
 1898
 1846
 1804
 1770
 1740
 1716
 1692
 1668
 1638
 1608
 1590
 1586
 1600
 1626
 1664
 1712
 1764
 1816
 1870
 1922
 1978
 2038
 2102
 2170
 2236
 2306
 2368
 2422
 2468
 2502
 2540
 2576
 2612
 2648
 2676
 2702
 2724
 2742
 2756
 2768
 2780
 2796
 2824
 2846
 2868
 2888
 2902
 2912
 2912
 2914
 2914
 2914
 2916
 2918
 2920
 2920
 2914
 2912
 2906
 2902
 2898
 2894
 2894
 2906
 2914
 2926
 2934
 2938
 2936
 2924
 2902
 2880
 2856
 2828
 2796
 2756
 2710
 2660
 2608
 2556
 2502
 2452
 2400
 2346
 2298
 2254
 2214
 2176
 2138
 2096
 2050
 1998
 1942
 1900
 1866
 1840
 1812
 1790
 1758
 1728
 1702
 1682
 1676
 1688
 1710
 1756
 1818
 1894
 1982
 2068
 2154
 2232
 2306
 2364
 2412
 2464
 2512
 2560
 2602
 2640
 2674
 2702
 2724
 2744
 2758
 2768
 2770
 2774
 2784
 2804
 2826
 2850
 2870
 2886
 2890
 2882
 2880
 2888
 2892
 2898
 2900
 2902
 2900
 2898
 2898
 2892
 2886
 2884
 2882
 2880
 2880
 2890
 2900
 2910
 2920
 2920
 2914
 2894
 2872
 2844
 2812
 2778
 2740
 2698
 2650
 2604
 2554
 2502
 2452
 2404
 2354
 2308
 2274
 2240
 2210
 2182
 2152
 2112
 2066
 2016
 1974
 1942
 1914
 1884
 1850
 1814
 1778
 1738
 1698
 1658
 1634
 1628
 1644
 1674
 1716
 1776
 1838
 1900
 1958
 2014
 2076
 2142
 2208
 2272
 2332
 2388
 2438
 2484
 2524
 2560
 2604
 2650
 2696
 2736
 2774
 2804
 2826
 2842
 2854
 2868
 2878
 2884
 2888
 2888
 2888
 2884
 2882
 2880
 2882
 2898
 2906
 2920
 2934
 2942
 2946
 2942
 2936
 2936
 2936
 2938
 2934
 2928
 2922
 2910
 2890
 2864
 2834
 2798
 2764
 2738
 2702
 2668
 2630
 2588
 2540
 2488
 2440
 2396
 2354
 2312
 2266
 2224
 2174
 2122
 2068
 2012
 1966
 1928
 1898
 1872
 1852
 1828
 1802
 1776
 1750
 1734
 1730
 1744
 1770
 1810
 1858
 1910
 1954
 1992
 2036
 2094
 2160
 2220
 2282
 2340
 2400
 2456
 2500
 2540
 2580
 2620
 2658
 2696
 2730
 2758
 2782
 2802
 2822
 2834
 2854
 2882
 2904
 2930
 2950
 2964
 2972
 2968
 2968
 2970
 2976
 2976
 2978
 2976
 2974
 2972
 2964
 2956
 2950
 2936
 2914
 2896
 2872
 2848
 2824
 2794
 2754
 2702
 2650
 2602
 2560
 2518
 2472
 2424
 2372
 2320
 2266
 2212
 2158
 2108
 2054
 2008
 1974
 1942
 1914
 1890
 1860
 1832
 1794
 1754
 1724
 1700
 1682
 1668
 1654
 1648
 1652
 1664
 1686
 1720
 1766
 1822
 1892
 1968
 2044
 2122
 2194
 2262
 2320
 2364
 2406
 2448
 2492
 2532
 2570
 2608
 2646
 2674
 2696
 2714
 2734
 2756
 2786
 2818
 2844
 2874
 2892
 2908
 2916
 2920
 2926
 2930
 2936
 2942
 2944
 2946
 2946
 2944
 2942
 2942
 2940
 2940
 2936
 2938
 2950
 2956
 2962
 2956
 2942
 2918
 2882
 2842
 2800
 2756
 2712
 2664
 2616
 2564
 2512
 2462
 2412
 2366
 2322
 2278
 2240
 2204
 2168
 2132
 2102
 2072
 2036
 1996
 1954
 1924
 1900
 1884
 1868
 1860
 1854
 1856
 1864
 1884
 1916
 1950
 1994
 2046
 2110
 2174
 2240
 2302
 2362
 2420
 2466
 2508
 2550
 2594
 2636
 2672
 2706
 2738
 2760
 2782
 2798
 2812
 2826
 2848
 2872
 2892
 2914
 2926
 2936
 2936
 2930
 2930
 2932
 2934
 2938
 2938
 2940
 2936
 2930
 2922
 2912
 2906
 2904
 2900
 2904
 2914
 2920
 2930
 2934
 2932
 2924
 2904
 2884
 2862
 2832
 2802
 2766
 2724
 2678
 2630
 2580
 2528
 2478
 2426
 2378
 2336
 2300
 2262
 2228
 2190
 2150
 2108
 2062
 2028
 2000
 1974
 1950
 1924
 1892
 1860
 1822
 1786
 1752
 1728
 1724
 1742
 1778
 1828
 1888
 1946
 2002
 2054
 2106
 2160
 2216
 2274
 2328
 2378
 2424
 2468
 2510
 2546
 2578
 2614
 2660
 2698
 2738
 2776
 2806
 2828
 2844
 2858
 2868
 2880
 2886
 2892
 2896
 2898
 2900
 2902
 2900
 2898
 2896
 2902
 2912
 2916
 2928
 2938
 2944
 2946
 2942
 2940
 2942
 2942
 2944
 2944
 2944
 2942
 2934
 2924
 2910
 2890
 2868
 2838
 2800
 2770
 2736
 2700
 2670
 2632
 2592
 2546
 2502
 2466
 2430
 2396
 2360
 2322
 2282
 2238
 2190
 2138
 2086
 2036
 1992
 1956
 1922
 1890
 1862
 1830
 1794
 1756
 1720
 1694
 1680
 1670
 1660
 1648
 1640
 1642
 1652
 1674
 1712
 1764
 1826
 1898
 1972
 2048
 2118
 2186
 2240
 2290
 2338
 2384
 2434
 2480
 2526
 2566
 2600
 2630
 2658
 2678
 2704
 2738
 2766
 2796
 2820
 2838
 2852
 2860
 2866
 2874
 2880
 2886
 2890
 2892
 2890
 2890
 2888
 2884
 2878
 2874
 2876
 2888
 2894
 2906
 2916
 2924
 2926
 2920
 2912
 2902
 2888
 2870
 2840
 2804
 2762
 2714
 2664
 2612
 2560
 2512
 2468
 2432
 2396
 2362
 2330
 2288
 2244
 2194
 2150
 2110
 2074
 2038
 2002
 1964
 1920
 1874
 1826
 1776
 1734
 1702
 1676
 1650
 1630
 1614
 1596
 1574
 1552
 1544
 1550
 1568
 1604
 1646
 1698
 1762
 1824
 1888
 1954
 2022
 2096
 2166
 2236
 2300
 2362
 2418
 2458
 2498
 2538
 2576
 2614
 2648
 2678
 2706
 2728
 2748
 2764
 2776
 2800
 2822
 2846
 2864
 2882
 2892
 2892
 2890
 2890
 2892
 2896
 2896
 2892
 2892
 2888
 2884
 2880
 2876
 2872
 2872
 2882
 2890
 2898
 2904
 2910
 2910
 2896
 2876
 2854
 2828
 2800
 2768
 2726
 2680
 2632
 2576
 2522
 2472
 2416
 2364
 2318
 2278
 2236
 2200
 2164
 2122
 2078
 2028
 1988
 1956
 1926
 1902
 1874
 1844
 1810
 1772
 1732
 1696
 1662
 1648
 1652
 1678
 1722
 1786
 1852
 1924
 1994
 2052
 2112
 2172
 2232
 2290
 2344
 2396
 2440
 2478
 2512
 2544
 2570
 2600
 2632
 2662
 2692
 2716
 2738
 2754
 2762
 2772
 2782
 2790
 2800
 2810
 2818
 2822
 2824
 2824
 2826
 2828
 2830
 2830
 2836
 2848
 2858
 2872
 2882
 2886
 2886
 2876
 2872
 2868
 2868
 2870
 2872
 2868
 2866
 2862
 2854
 2848
 2844
 2838
 2836
 2832
 2836
 2844
 2844
 2846
 2836
 2818
 2790
 2750
 2710
 2666
 2622
 2578
 2530
 2476
 2422
 2364
 2304
 2244
 2182
 2124
 2066
 2014
 1972
 1932
 1894
 1860
 1824
 1786
 1746
 1702
 1670
 1644
 1626
 1610
 1596
 1590
 1590
 1598
 1614
 1644
 1682
 1736
 1798
 1874
 1950
 2032
 2108
 2176
 2238
 2288
 2334
 2378
 2424
 2466
 2508
 2544
 2576
 2606
 2628
 2652
 2670
 2690
 2708
 2740
 2764
 2790
 2814
 2832
 2846
 2850
 2858
 2864
 2870
 2878
 2884
 2890
 2894
 2896
 2894
 2886
 2878
 2872
 2870
 2868
 2870
 2880
 2890
 2900
 2910
 2912
 2910
 2904
 2898
 2898
 2892
 2882
 2864
 2840
 2806
 2766
 2720
 2666
 2612
 2556
 2500
 2442
 2390
 2342
 2296
 2254
 2206
 2156
 2100
 2044
 1996
 1956
 1922
 1888
 1852
 1812
 1770
 1724
 1678
 1632
 1590
 1558
 1536
 1524
 1526
 1548
 1580
 1624
 1674
 1720
 1772
 1828
 1892
 1960
 2022
 2088
 2146
 2198
 2246
 2290
 2332
 2382
 2440
 2492
 2544
 2594
 2638
 2678
 2702
 2726
 2750
 2774
 2798
 2818
 2832
 2846
 2856
 2862
 2868
 2872
 2874
 2888
 2906
 2920
 2936
 2944
 2944
 2940
 2936
 2934
 2930
 2930
 2926
 2920
 2906
 2878
 2842
 2800
 2752
 2702
 2650
 2606
 2566
 2520
 2478
 2436
 2390
 2338
 2282
 2232
 2188
 2146
 2104
 2062
 2018
 1970
 1918
 1862
 1810
 1756
 1712
 1680
 1656
 1636
 1622
 1610
 1598
 1582
 1570
 1564
 1580
 1612
 1660
 1714
 1772
 1838
 1904
 1966
 2028
 2088
 2158
 2224
 2288
 2350
 2404
 2452
 2492
 2522
 2552
 2582
 2614
 2646
 2674
 2700
 2722
 2742
 2760
 2778
 2790
 2812
 2838
 2862
 2888
 2910
 2926
 2930
 2928
 2930
 2930
 2934
 2938
 2940
 2940
 2938
 2936
 2932
 2926
 2920
 2920
 2914
 2920
 2924
 2928
 2928
 2918
 2896
 2864
 2824
 2784
 2738
 2694
 2646
 2600
 2548
 2494
 2440
 2382
 2326
 2268
 2210
 2160
 2118
 2084
 2048
 2018
 1986
 1952
 1912
 1870
 1838
 1812
 1790
 1770
 1746
 1720
 1696
 1668
 1638
 1618
 1606
 1616
 1644
 1690
 1748
 1820
 1892
 1972
 2042
 2100
 2158
 2216
 2274
 2332
 2380
 2428
 2472
 2514
 2548
 2584
 2612
 2650
 2692
 2728
 2766
 2798
 2822
 2840
 2852
 2862
 2872
 2884
 2896
 2904
 2912
 2914
 2910
 2906
 2900
 2900
 2898
 2908
 2922
 2934
 2950
 2958
 2966
 2964
 2960
 2960
 2960
 2958
 2956
 2954
 2948
 2944
 2936
 2926
 2910
 2894
 2872
 2844
 2812
 2784
 2754
 2720
 2688
 2650
 2608
 2560
 2512
 2472
 2434
 2400
 2364
 2324
 2282
 2236
 2186
 2136
 2086
 2040
 1992
 1954
 1922
 1902
 1888
 1878
 1876
 1882
 1898
 1922
 1958
 2004
 2060
 2122
 2182
 2242
 2296
 2348
 2394
 2442
 2488
 2530
 2568
 2612
 2662
 2704
 2748
 2784
 2818
 2842
 2860
 2874
 2886
 2902
 2912
 2916
 2922
 2926
 2926
 2926
 2924
 2922
 2920
 2926
 2934
 2942
 2954
 2960
 2966
 2962
 2952
 2946
 2944
 2942
 2942
 2938
 2936
 2932
 2928
 2920
 2914
 2910
 2906
 2904
 2896
 2898
 2900
 2898
 2894
 2880
 2860
 2830
 2792
 2758
 2722
 2686
 2646
 2604
 2558
 2512
 2464
 2416
 2368
 2320
 2272
 2228
 2194
 2168
 2142
 2122
 2100
 2074
 2044
 2012
 1990
 1972
 1962
 1958
 1958
 1964
 1980
 2004
 2034
 2066
 2104
 2152
 2210
 2262
 2318
 2368
 2414
 2454
 2486
 2518
 2550
 2586
 2622
 2652
 2682
 2706
 2730
 2748
 2764
 2778
 2796
 2826
 2848
 2874
 2894
 2906
 2914
 2912
 2916
 2918
 2920
 2922
 2926
 2928
 2928
 2920
 2912
 2906
 2902
 2896
 2898
 2906
 2912
 2920
 2926
 2926
 2922
 2914
 2906
 2902
 2900
 2900
 2900
 2898
 2894
 2886
 2868
 2850
 2826
 2804
 2776
 2746
 2710
 2682
 2650
 2618
 2590
 2554
 2514
 2468
 2428
 2392
 2356
 2322
 2288
 2246
 2204
 2158
 2106
 2056
 2004
 1954
 1916
 1884
 1858
 1838
 1820
 1800
 1778
 1758
 1740
 1736
 1746
 1768
 1802
 1844
 1890
 1942
 1994
 2048
 2104
 2156
 2210
 2260
 2308
 2360
 2412
 2458
 2496
 2522
 2552
 2582
 2616
 2648
 2676
 2704
 2730
 2750
 2766
 2782
 2796
 2814
 2840
 2862
 2884
 2900
 2910
 2920
 2920
 2920
 2920
 2918
 2920
 2922
 2920
 2920
 2918
 2914
 2910
 2906
 2904
 2898
 2906
 2918
 2924
 2932
 2934
 2930
 2920
 2902
 2882
 2858
 2832
 2802
 2768
 2730
 2688
 2644
 2596
 2550
 2500
 2452
 2406
 2372
 2334
 2298
 2262
 2226
 2178
 2130
 2086
 2048
 2014
 1984
 1952
 1916
 1878
 1832
 1784
 1732
 1688
 1656
 1632
 1612
 1598
 1588
 1584
 1586
 1596
 1620
 1664
 1720
 1782
 1848
 1916
 1984
 2046
 2102
 2156
 2212
 2274
 2332
 2390
 2444
 2496
 2540
 2574
 2608
 2636
 2666
 2692
 2718
 2740
 2758
 2776
 2790
 2802
 2812
 2832
 2852
 2872
 2894
 2908
 2920
 2924
 2918
 2916
 2914
 2914
 2914
 2914
 2912
 2910
 2904
 2900
 2894
 2890
 2884
 2892
 2902
 2906
 2914
 2918
 2920
 2910
 2898
 2882
 2864
 2840
 2814
 2780
 2740
 2694
 2644
 2588
 2532
 2476
 2422
 2374
 2334
 2292
 2250
 2206
 2156
 2100
 2046
 2000
 1956
 1918
 1882
 1842
 1800
 1758
 1710
 1662
 1620
 1586
 1560
 1542
 1526
 1518
 1510
 1504
 1502
 1514
 1542
 1586
 1642
 1702
 1768
 1836
 1898
 1958
 2016
 2078
 2144
 2206
 2272
 2330
 2382
 2428
 2464
 2496
 2526
 2558
 2586
 2616
 2642
 2662
 2684
 2702
 2722
 2736
 2762
 2790
 2816
 2844
 2868
 2888
 2902
 2906
 2908
 2912
 2918
 2926
 2934
 2936
 2940
 2938
 2934
 2930
 2920
 2908
 2898
 2904
 2902
 2902
 2906
 2906
 2902
 2894
 2884
 2870
 2846
 2822
 2790
 2752
 2706
 2656
 2600
 2540
 2478
 2418
 2358
 2308
 2264
 2222
 2180
 2134
 2084
 2030
 1976
 1932
 1890
 1854
 1814
 1776
 1730
 1680
 1630
 1578
 1530
 1488
 1458
 1434
 1418
 1412
 1410
 1414
 1426
 1450
 1488
 1536
 1592
 1652
 1712
 1774
 1830
 1886
 1940
 2000
 2070
 2136
 2204
 2264
 2322
 2374
 2412
 2450
 2484
 2520
 2552
 2582
 2608
 2630
 2650
 2668
 2684
 2698
 2726
 2750
 2774
 2796
 2816
 2830
 2834
 2838
 2842
 2846
 2852
 2858
 2862
 2866
 2866
 2866
 2866
 2866
 2864
 2872
 2884
 2890
 2900
 2904
 2908
 2906
 2894
 2888
 2884
 2880
 2878
 2878
 2874
 2868
 2866
 2858
 2852
 2840
 2826
 2804
 2790
 2772
 2748
 2722
 2688
 2646
 2598
 2546
 2500
 2454
 2410
 2366
 2318
 2272
 2218
 2160
 2104
 2046
 1992
 1946
 1912
 1880
 1850
 1822
 1790
 1756
 1720
 1690
 1668
 1652
 1638
 1624
 1608
 1592
 1578
 1574
 1580
 1602
 1640
 1692
 1754
 1824
 1900
 1970
 2036
 2090
 2146
 2204
 2262
 2314
 2362
 2408
 2446
 2480
 2514
 2540
 2572
 2610
 2644
 2680
 2710
 2738
 2760
 2774
 2786
 2800
 2814
 2826
 2840
 2850
 2856
 2860
 2862
 2866
 2864
 2874
 2890
 2906
 2922
 2934
 2942
 2944
 2934
 2932
 2928
 2928
 2924
 2918
 2914
 2910
 2904
 2896
 2888
 2886
 2882
 2892
 2902
 2908
 2916
 2920
 2918
 2902
 2878
 2852
 2822
 2792
 2758
 2720
 2676
 2628
 2574
 2520
 2466
 2412
 2356
 2304
 2260
 2218
 2180
 2140
 2102
 2058
 2010
 1962
 1926
 1898
 1872
 1846
 1818
 1788
 1758
 1728
 1696
 1678
 1678
 1698
 1740
 1796
 1862
 1930
 1996
 2048
 2100
 2160
 2216
 2272
 2328
 2382
 2430
 2474
 2514
 2550
 2582
 2618
 2662
 2700
 2740
 2774
 2804
 2826
 2838
 2852
 2866
 2876
 2886
 2898
 2900
 2900
 2902
 2900
 2898
 2894
 2906
 2916
 2928
 2938
 2946
 2948
 2944
 2940
 2938
 2932
 2930
 2928
 2924
 2920
 2910
 2894
 2872
 2848
 2818
 2788
 2764
 2734
 2706
 2674
 2634
 2594
 2546
 2506
 2466
 2428
 2390
 2350
 2304
 2254
 2202
 2146
 2090
 2036
 1990
 1954
 1922
 1894
 1866
 1836
 1806
 1774
 1742
 1718
 1698
 1686
 1678
 1664
 1660
 1660
 1666
 1686
 1718
 1766
 1824
 1892
 1960
 2026
 2090
 2138
 2188
 2238
 2286
 2332
 2378
 2422
 2464
 2504
 2534
 2562
 2596
 2640
 2682
 2722
 2758
 2790
 2814
 2828
 2842
 2854
 2866
 2878
 2890
 2896
 2904
 2902
 2894
 2890
 2886
 2886
 2896
 2902
 2912
 2922
 2928
 2928
 2922
 2916
 2916
 2914
 2914
 2912
 2910
 2906
 2900
 2892
 2880
 2866
 2848
 2840
 2826
 2808
 2790
 2762
 2730
 2688
 2644
 2604
 2562
 2524
 2484
 2446
 2402
 2358
 2310
 2256
 2206
 2158
 2112
 2076
 2044
 2014
 1988
 1958
 1924
 1886
 1846
 1814
 1788
 1768
 1752
 1736
 1728
 1722
 1728
 1742
 1766
 1802
 1850
 1910
 1972
 2042
 2106
 2168
 2224
 2270
 2316
 2360
 2404
 2444
 2482
 2518
 2548
 2572
 2592
 2606
 2622
 2640
 2672
 2702
 2732
 2758
 2778
 2792
 2802
 2812
 2822
 2832
 2844
 2856
 2866
 2872
 2876
 2878
 2878
 2876
 2876
 2876
 2882
 2894
 2900
 2910
 2916
 2920
 2918
 2912
 2910
 2906
 2908
 2910
 2908
 2908
 2902
 2896
 2890
 2882
 2872
 2866
 2860
 2866
 2874
 2878
 2884
 2876
 2868
 2846
 2818
 2794
 2768
 2744
 2714
 2678
 2636
 2594
 2550
 2504
 2452
 2402
 2352
 2308
 2264
 2230
 2196
 2166
 2134
 2100
 2060
 2016
 1980
 1950
 1926
 1904
 1880
 1854
 1824
 1790
 1758
 1724
 1700
 1692
 1702
 1728
 1770
 1822
 1878
 1944
 2002
 2058
 2116
 2174
 2232
 2290
 2342
 2386
 2426
 2460
 2490
 2522
 2558
 2600
 2638
 2676
 2706
 2732
 2752
 2768
 2786
 2800
 2814
 2830
 2844
 2856
 2866
 2872
 2876
 2876
 2878
 2878
 2892
 2906
 2914
 2926
 2934
 2938
 2936
 2930
 2926
 2924
 2926
 2926
 2926
 2924
 2918
 2912
 2908
 2896
 2884
 2874
 2866
 2858
 2844
 2828
 2804
 2774
 2736
 2694
 2658
 2620
 2586
 2550
 2508
 2464
 2414
 2362
 2312
 2262
 2214
 2172
 2138
 2106
 2078
 2048
 2014
 1978
 1938
 1906
 1882
 1864
 1850
 1836
 1826
 1824
 1828
 1842
 1864
 1904
 1952
 2012
 2078
 2146
 2212
 2278
 2336
 2380
 2422
 2466
 2512
 2552
 2590
 2626
 2658
 2684
 2704
 2722
 2736
 2754
 2780
 2802
 2822
 2840
 2854
 2862
 2862
 2866
 2872
 2882
 2892
 2896
 2902
 2904
 2900
 2890
 2884
 2878
 2874
 2870
 2874
 2884
 2890
 2902
 2908
 2912
 2912
 2906
 2900
 2890
 2878
 2866
 2846
 2820
 2788
 2752
 2708
 2664
 2614
 2566
 2522
 2484
 2448
 2414
 2384
 2348
 2308
 2262
 2216
 2178
 2142
 2112
 2078
 2042
 2002
 1954
 1906
 1858
 1812
 1776
 1752
 1730
 1716
 1704
 1696
 1690
 1690
 1700
 1726
 1768
 1820
 1876
 1938
 1998
 2050
 2102
 2150
 2198
 2256
 2314
 2370
 2426
 2474
 2520
 2554
 2578
 2602
 2626
 2650
 2674
 2696
 2716
 2730
 2742
 2750
 2760
 2768
 2790
 2810
 2830
 2852
 2868
 2880
 2886
 2884
 2884
 2886
 2888
 2894
 2894
 2888
 2886
 2880
 2876
 2870
 2866
 2860
 2864
 2878
 2884
 2896
 2904
 2908
 2908
 2900
 2896
 2894
 2894
 2894
 2892
 2886
 2880
 2874
 2866
 2858
 2852
 2844
 2846
 2856
 2864
 2872
 2874
 2868
 2854
 2828
 2798
 2768
 2736
 2704
 2668
 2630
 2588
 2544
 2496
 2446
 2394
 2346
 2300
 2262
 2228
 2196
 2168
 2136
 2100
 2060
 2020
 1986
 1956
 1930
 1902
 1870
 1836
 1798
 1756
 1718
 1676
 1642
 1616
 1602
 1592
 1590
 1590
 1592
 1602
 1618
 1650
 1692
 1746
 1804
 1866
 1928
 1986
 2042
 2092
 2140
 2190
 2242
 2298
 2350
 2404
 2454
 2498
 2536
 2560
 2586
 2614
 2640
 2664
 2686
 2704
 2722
 2734
 2742
 2752
 2760
 2768
 2784
 2806
 2822
 2842
 2856
 2866
 2872
 2870
 2874
 2880
 2888
 2892
 2898
 2896
 2890
 2888
 2882
 2878
 2872
 2870
 2866
 2866
 2878
 2884
 2894
 2902
 2908
 2908
 2896
 2882
 2870
 2856
 2836
 2812
 2784
 2750
 2712
 2672
 2626
 2580
 2530
 2478
 2428
 2386
 2350
 2312
 2278
 2242
 2200
 2156
 2104
 2062
 2024
 1992
 1964
 1930
 1892
 1854
 1814
 1768
 1728
 1684
 1650
 1632
 1624
 1628
 1646
 1678
 1714
 1756
 1796
 1838
 1888
 1946
 2006
 2062
 2116
 2168
 2214
 2258
 2296
 2334
 2370
 2418
 2468
 2518
 2566
 2604
 2636
 2656
 2668
 2680
 2690
 2710
 2732
 2748
 2764
 2774
 2782
 2788
 2794
 2800
 2816
 2836
 2856
 2882
 2898
 2912
 2914
 2910
 2908
 2908
 2908
 2908
 2908
 2904
 2900
 2894
 2884
 2878
 2870
 2864
 2862
 2868
 2870
 2874
 2880
 2878
 2868
 2848
 2826
 2802
 2772
 2742
 2708
 2666
 2620
 2568
 2516
 2462
 2404
 2348
 2290
 2234
 2182
 2136
 2090
 2048
 2008
 1962
 1916
 1866
 1822
 1788
 1762
 1738
 1716
 1692
 1666
 1640
 1606
 1576
 1542
 1520
 1510
 1516
 1536
 1572
 1618
 1670
 1724
 1782
 1838
 1900
 1966
 2030
 2090
 2150
 2204
 2252
 2298
 2336
 2374
 2416
 2468
 2516
 2560
 2606
 2644
 2680
 2706
 2724
 2744
 2762
 2780
 2798
 2812
 2822
 2832
 2838
 2844
 2848
 2854
 2858
 2866
 2886
 2896
 2912
 2920
 2924
 2924
 2920
 2914
 2910
 2906
 2906
 2904
 2904
 2900
 2892
 2888
 2882
 2876
 2876
 2872
 2868
 2866
 2874
 2880
 2886
 2890
 2886
 2876
 2854
 2824
 2798
 2764
 2736
 2702
 2666
 2622
 2578
 2530
 2480
 2432
 2380
 2334
 2282
 2234
 2192
 2156
 2118
 2084
 2050
 2010
 1968
 1920
 1874
 1840
 1814
 1790
 1770
 1746
 1718
 1694
 1668
 1642
 1626
 1624
 1640
 1674
 1724
 1784
 1854
 1926
 1990
 2050
 2102
 2148
 2198
 2250
 2298
 2346
 2392
 2436
 2480
 2516
 2548
 2580
 2608
 2632
 2662
 2696
 2726
 2756
 2780
 2800
 2812
 2818
 2828
 2836
 2848
 2854
 2862
 2866
 2866
 2868
 2866
 2866
 2866
 2866
 2868
 2880
 2888
 2892
 2902
 2904
 2902
 2896
 2884
 2878
 2876
 2870
 2856
 2840
 2812
 2778
 2736
 2692
 2646
 2596
 2542
 2492
 2448
 2408
 2366
 2328
 2284
 2236
 2180
 2126
 2076
 2034
 1996
 1958
 1920
 1876
 1830
 1780
 1732
 1684
 1646
 1614
 1594
 1584
 1574
 1566
 1556
 1550
 1544
 1548
 1568
 1600
 1648
 1702
 1756
 1808
 1854
 1894
 1934
 1980
 2032
 2086
 2146
 2208
 2262
 2314
 2354
 2392
 2432
 2468
 2506
 2542
 2574
 2606
 2632
 2652
 2672
 2690
 2708
 2730
 2760
 2786
 2816
 2842
 2860
 2874
 2878
 2884
 2892
 2900
 2910
 2918
 2918
 2914
 2908
 2904
 2898
 2898
 2894
 2894
 2892
 2898
 2908
 2914
 2926
 2932
 2934
 2932
 2922
 2916
 2910
 2900
 2882
 2858
 2826
 2788
 2744
 2694
 2646
 2598
 2546
 2494
 2438
 2386
 2340
 2298
 2252
 2214
 2172
 2126
 2076
 2024
 1978
 1940
 1908
 1876
 1844
 1806
 1766
 1722
 1674
 1622
 1580
 1538
 1504
 1482
 1464
 1452
 1446
 1438
 1428
 1420
 1412
 1420
 1444
 1486
 1536
 1594
 1654
 1712
 1764
 1816
 1866
 1920
 1974
 2034
 2094
 2152
 2204
 2254
 2300
 2336
 2372
 2410
 2448
 2486
 2524
 2558
 2586
 2614
 2636
 2658
 2682
 2704
 2724
 2752
 2784
 2812
 2844
 2870
 2890
 2906
 2908
 2910
 2914
 2922
 2928
 2932
 2930
 2930
 2928
 2924
 2920
 2918
 2914
 2912
 2912
 2914
 2908
 2900
 2882
 2854
 2818
 2770
 2724
 2682
 2636
 2592
 2546
 2498
 2448
 2388
 2328
 2268
 2208
 2148
 2086
 2034
 1986
 1946
 1906
 1874
 1838
 1800
 1758
 1714
 1678
 1650
 1628
 1608
 1586
 1558
 1530
 1494
 1460
 1432
 1410
 1412
 1436
 1478
 1538
 1610
 1686
 1762
 1838
 1900
 1962
 2024
 2082
 2140
 2192
 2240
 2288
 2332
 2374
 2410
 2444
 2478
 2520
 2562
 2600
 2638
 2672
 2702
 2722
 2740
 2756
 2774
 2794
 2810
 2826
 2836
 2846
 2854
 2862
 2866
 2872
 2874
 2878
 2884
 2896
 2912
 2922
 2934
 2940
 2946
 2948
 2940
 2938
 2938
 2942
 2946
 2948
 2948
 2946
 2940
 2936
 2934
 2930
 2926
 2924
 2920
 2912
 2922
 2938
 2950
 2966
 2968
 2962
 2952
 2938
 2928
 2912
 2892
 2870
 2844
 2808
 2766
 2720
 2670
 2618
 2568
 2518
 2468
 2420
 2374
 2332
 2296
 2260
 2226
 2188
 2146
 2102
 2060
 2026
 1996
 1974
 1954
 1926
 1898
 1866
 1832
 1796
 1766
 1738
 1724
 1726
 1750
 1790
 1840
 1894
 1954
 2012
 2068
 2124
 2180
 2236
 2292
 2340
 2384
 2426
 2466
 2502
 2532
 2560
 2588
 2610
 2642
 2680
 2712
 2748
 2774
 2800
 2820
 2832
 2844
 2856
 2870
 2882
 2894
 2902
 2910
 2910
 2906
 2904
 2902
 2898
 2898
 2908
 2914
 2924
 2934
 2938
 2938
 2934
 2930
 2928
 2928
 2926
 2926
 2922
 2916
 2908
 2898
 2890
 2884
 2882
 2876
 2880
 2886
 2890
 2902
 2906
 2902
 2892
 2874
 2854
 2828
 2800
 2766
 2726
 2682
 2634
 2586
 2534
 2480
 2426
 2374
 2320
 2270
 2230
 2190
 2152
 2116
 2076
 2034
 1986
 1940
 1906
 1876
 1852
 1830
 1804
 1778
 1748
 1718
 1692
 1680
 1684
 1702
 1740
 1794
 1854
 1920
 1982
 2044
 2098
 2146
 2196
 2248
 2300
 2346
 2390
 2432
 2470
 2502
 2528
 2550
 2572
 2592
 2622
 2652
 2682
 2712
 2734
 2754
 2766
 2772
 2784
 2794
 2808
 2818
 2830
 2840
 2846
 2850
 2854
 2854
 2854
 2856
 2858
 2860
 2874
 2888
 2902
 2918
 2928
 2930
 2924
 2920
 2920
 2924
 2928
 2930
 2932
 2930
 2926
 2922
 2918
 2914
 2912
 2910
 2906
 2902
 2900
 2902
 2900
 2894
 2882
 2860
 2834
 2796
 2756
 2722
 2684
 2652
 2614
 2572
 2526
 2478
 2424
 2372
 2318
 2266
 2214
 2162
 2118
 2078
 2044
 2008
 1976
 1942
 1902
 1862
 1818
 1786
 1762
 1744
 1728
 1708
 1686
 1660
 1638
 1618
 1606
 1604
 1612
 1642
 1688
 1748
 1818
 1890
 1966
 2036
 2104
 2162
 2212
 2266
 2318
 2372
 2422
 2468
 2510
 2548
 2582
 2612
 2640
 2666
 2690
 2724
 2756
 2786
 2818
 2844
 2868
 2882
 2892
 2896
 2902
 2908
 2916
 2920
 2918
 2912
 2906
 2896
 2888
 2884
 2878
 2876
 2884
 2890
 2900
 2906
 2914
 2912
 2908
 2904
 2904
 2904
 2908
 2908
 2906
 2898
 2890
 2884
 2878
 2870
 2866
 2862
 2868
 2876
 2882
 2890
 2892
 2894
 2890
 2882
 2880
 2876
 2876
 2874
 2872
 2866
 2860
 2852
 2846
 2840
 2836
 2832
 2836
 2842
 2852
 2858
 2858
 2856
 2850
 2846
 2852
 2852
 2852
 2852
 2856
 2856
 2858
 2856
 2852
 2848
 2842
 2836
 2840
 2840
 2842
 2848
 2850
 2848
 2844
 2842
 2840
 2840
 2842
 2840
 2832
 2816
 2788
 2752
 2712
 2672
 2638
 2598
 2556
 2512
 2462
 2408
 2350
 2300
 2252
 2208
 2166
 2120
 2074
 2026
 1970
 1920
 1874
 1834
 1798
 1766
 1736
 1708
 1678
 1654
 1648
 1658
 1690
 1736
 1790
 1844
 1902
 1958
 2016
 2076
 2148
 2222
 2296
 2364
 2426
 2482
 2526
 2560
 2592
 2620
 2650
 2678
 2702
 2722
 2740
 2752
 2766
 2774
 2790
 2812
 2832
 2854
 2870
 2882
 2890
 2886
 2884
 2886
 2888
 2890
 2892
 2888
 2886
 2882
 2878
 2876
 2874
 2874
 2884
 2892
 2900
 2906
 2912
 2912
 2906
 2900
 2898
 2892
 2884
 2870
 2846
 2814
 2774
 2730
 2686
 2634
 2584
 2534
 2484
 2438
 2398
 2360
 2322
 2286
 2246
 2206
 2162
 2114
 2076
 2040
 2008
 1972
 1934
 1892
 1850
 1804
 1758
 1714
 1672
 1632
 1604
 1596
 1604
 1624
 1660
 1712
 1768
 1832
 1894
 1958
 2022
 2086
 2152
 2216
 2274
 2328
 2378
 2422
 2458
 2494
 2528
 2556
 2588
 2624
 2658
 2694
 2726
 2752
 2774
 2784
 2796
 2808
 2818
 2828
 2836
 2842
 2850
 2852
 2854
 2862
 2870
 2872
 2870
 2868
 2868
 2882
 2892
 2898
 2908
 2916
 2914
 2906
 2900
 2898
 2896
 2898
 2898
 2898
 2894
 2888
 2876
 2860
 2842
 2824
 2798
 2770
 2740
 2720
 2694
 2668
 2642
 2614
 2580
 2544
 2510
 2478
 2446
 2414
 2378
 2332
 2278
 2224
 2168
 2110
 2052
 1994
 1932
 1888
 1856
 1830
 1810
 1794
 1778
 1770
 1774
 1784
 1814
 1860
 1914
 1976
 2040
 2104
 2168
 2228
 2282
 2334
 2382
 2428
 2476
 2530
 2580
 2632
 2680
 2718
 2748
 2774
 2792
 2808
 2824
 2840
 2852
 2864
 2872
 2876
 2878
 2876
 2872
 2870
 2868
 2880
 2892
 2902
 2916
 2920
 2924
 2918
 2910
 2904
 2900
 2902
 2898
 2900
 2894
 2888
 2878
 2872
 2862
 2848
 2832
 2810
 2782
 2752
 2728
 2692
 2654
 2614
 2568
 2518
 2462
 2408
 2364
 2318
 2278
 2232
 2186
 2134
 2082
 2028
 1972
 1922
 1870
 1828
 1792
 1762
 1736
 1714
 1692
 1670
 1644
 1616
 1594
 1582
 1584
 1600
 1624
 1658
 1700
 1750
 1800
 1854
 1910
 1968
 2032
 2102
 2170
 2238
 2304
 2362
 2412
 2450
 2488
 2524
 2562
 2596
 2626
 2656
 2680
 2702
 2718
 2732
 2748
 2762
 2772
 2790
 2816
 2836
 2858
 2876
 2888
 2894
 2890
 2886
 2886
 2888
 2890
 2892
 2890
 2888
 2882
 2878
 2874
 2868
 2866
 2864
 2860
 2868
 2878
 2884
 2896
 2902
 2902
 2896
 2884
 2878
 2870
 2862
 2848
 2828
 2800
 2764
 2726
 2680
 2634
 2584
 2534
 2482
 2430
 2380
 2336
 2296
 2256
 2222
 2184
 2138
 2088
 2038
 1994
 1956
 1926
 1894
 1864
 1828
 1790
 1750
 1704
 1664
 1624
 1592
 1570
 1562
 1562
 1572
 1598
 1634
 1678
 1724
 1770
 1822
 1880
 1942
 2008
 2072
 2136
 2186
 2232
 2274
 2318
 2362
 2410
 2458
 2506
 2554
 2594
 2628
 2656
 2674
 2696
 2714
 2734
 2754
 2770
 2784
 2796
 2804
 2808
 2816
 2824
 2830
 2836
 2856
 2872
 2890
 2908
 2916
 2922
 2918
 2910
 2910
 2908
 2908
 2906
 2900
 2886
 2870
 2850
 2818
 2784
 2746
 2706
 2666
 2634
 2602
 2568
 2536
 2498
 2456
 2410
 2362
 2320
 2284
 2254
 2220
 2184
 2144
 2098
 2050
 1996
 1944
 1892
 1840
 1794
 1758
 1732
 1710
 1692
 1676
 1660
 1646
 1636
 1632
 1652
 1688
 1738
 1794
 1856
 1920
 1984
 2042
 2098
 2154
 2208
 2260
 2306
 2360
 2416
 2466
 2518
 2558
 2594
 2620
 2640
 2662
 2682
 2704
 2726
 2744
 2762
 2776
 2786
 2794
 2804
 2814
 2824
 2834
 2840
 2852
 2870
 2884
 2904
 2918
 2922
 2924
 2918
 2916
 2918
 2922
 2926
 2928
 2928
 2926
 2920
 2914
 2908
 2906
 2904
 2900
 2898
 2896
 2900
 2912
 2916
 2920
 2916
 2908
 2890
 2862
 2836
 2806
 2776
 2746
 2716
 2682
 2642
 2598
 2552
 2504
 2460
 2416
 2370
 2316
 2268
 2226
 2194
 2160
 2126
 2090
 2050
 2002
 1948
 1900
 1864
 1834
 1812
 1788
 1762
 1742
 1730
 1728
 1738
 1762
 1800
 1848
 1910
 1974
 2050
 2128
 2204
 2276
 2340
 2400
 2452
 2494
 2534
 2574
 2612
 2644
 2672
 2692
 2706
 2718
 2732
 2742
 2756
 2768
 2780
 2790
 2812
 2836
 2860
 2882
 2894
 2904
 2908
 2906
 2908
 2912
 2916
 2920
 2924
 2924
 2920
 2912
 2906
 2900
 2898
 2894
 2892
 2890
 2892
 2900
 2900
 2898
 2888
 2874
 2852
 2820
 2782
 2748
 2708
 2670
 2628
 2584
 2536
 2486
 2440
 2392
 2342
 2294
 2248
 2202
 2162
 2130
 2102
 2074
 2048
 2016
 1982
 1944
 1904
 1872
 1846
 1830
 1816
 1798
 1776
 1754
 1736
 1720
 1716
 1720
 1738
 1774
 1822
 1884
 1954
 2028
 2102
 2170
 2232
 2284
 2336
 2390
 2440
 2492
 2540
 2580
 2614
 2650
 2678
 2700
 2726
 2746
 2764
 2782
 2810
 2836
 2860
 2882
 2898
 2908
 2908
 2904
 2904
 2906
 2910
 2912
 2914
 2912
 2910
 2906
 2902
 2898
 2892
 2890
 2888
 2894
 2900
 2906
 2914
 2918
 2920
 2914
 2908
 2904
 2900
 2892
 2882
 2864
 2838
 2804
 2764
 2720
 2670
 2622
 2572
 2520
 2474
 2432
 2392
 2352
 2316
 2274
 2230
 2180
 2132
 2094
 2058
 2032
 2000
 1966
 1932
 1890
 1848
 1804
 1760
 1720
 1690
 1672
 1664
 1662
 1666
 1676
 1694
 1718
 1754
 1812
 1886
 1968
 2056
 2134
 2218
 2298
 2370
 2434
 2484
 2532
 2584
 2638
 2688
 2732
 2778
 2814
 2846
 2874
 2908
 2958
 3014
 3080
 3148
 3200
 3242
 3284
 3342
 3402
 3458
 3504
 3532
 3556
 3568
 3570
 3556
 3510
 3428
 3326
 3222
 3116
 3018
 2926
 2830
 2744
 2656
 2568
 2486
 2408
 2316
 2232
 2154
 2082
 2024
 1978
 1936
 1900
 1866
 1860
 1832
 1796
 1778
 1762
 1752
 1744
 1742
 1750
 1772
 1802
 1838
 1886
 1946
 2014
 2082
 2154
 2222
 2286
 2342
 2388
 2432
 2478
 2526
 2570
 2610
 2648
 2680
 2706
 2730
 2746
 2760
 2782
 2812
 2836
 2862
 2886
 2900
 2908
 2910
 2914
 2918
 2920
 2924
 2930
 2932
 2934
 2930
 2922
 2916
 2910
 2904
 2900
 2910
 2916
 2924
 2934
 2938
 2938
 2932
 2926
 2926
 2924
 2918
 2910
 2894
 2872
 2840
 2804
 2764
 2724
 2680
 2636
 2598
 2566
 2536
 2506
 2480
 2450
 2418
 2380
 2340
 2308
 2278
 2254
 2228
 2202
 2174
 2142
 2106
 2070
 2034
 1998
 1960
 1934
 1916
 1904
 1896
 1894
 1894
 1896
 1904
 1918
 1942
 1974
 2016
 2060
 2112
 2160
 2206
 2248
 2286
 2322
 2356
 2386
 2418
 2454
 2496
 2534
 2574
 2610
 2640
 2666
 2684
 2702
 2720
 2740
 2758
 2772
 2784
 2794
 2800
 2806
 2810
 2816
 2820
 2824
 2828
 2844
 2862
 2876
 2894
 2902
 2906
 2906
 2904
 2908
 2908
 2910
 2914
 2914
 2914
 2912
 2908
 2904
 2902
 2902
 2898
 2896
 2894
 2896
 2906
 2912
 2918
 2924
 2924
 2924
 2918
 2912
 2910
 2908
 2904
 2896
 2882
 2862
 2834
 2802
 2772
 2738
 2700
 2664
 2624
 2586
 2552
 2528
 2500
 2472
 2446
 2412
 2374
 2336
 2300
 2270
 2244
 2218
 2192
 2160
 2128
 2090
 2050
 2010
 1968
 1928
 1886
 1858
 1836
 1822
 1812
 1810
 1808
 1812
 1824
 1840
 1866
 1904
 1950
 2002
 2058
 2110
 2160
 2208
 2252
 2296
 2336
 2376
 2412
 2448
 2492
 2536
 2580
 2622
 2658
 2690
 2716
 2734
 2754
 2774
 2794
 2816
 2834
 2846
 2856
 2862
 2866
 2870
 2874
 2876
 2874
 2872
 2878
 2892
 2900
 2914
 2922
 2928
 2930
 2926
 2924
 2922
 2926
 2928
 2930
 2928
 2922
 2914
 2910
 2906
 2902
 2898
 2894
 2890
 2888
 2894
 2902
 2908
 2918
 2922
 2920
 2916
 2906
 2902
 2898
 2894
 2888
 2878
 2860
 2838
 2812
 2780
 2748
 2712
 2676
 2642
 2602
 2564
 2532
 2504
 2474
 2450
 2418
 2384
 2344
 2300
 2262
 2228
 2200
 2170
 2140
 2108
 2072
 2036
 1998
 1958
 1920
 1886
 1852
 1830
 1820
 1824
 1838
 1866
 1902
 1944
 1988
 2030
 2074
 2122
 2172
 2226
 2274
 2322
 2364
 2404
 2440
 2472
 2502
 2528
 2556
 2580
 2604
 2634
 2666
 2694
 2726
 2750
 2768
 2782
 2792
 2802
 2816
 2828
 2838
 2848
 2858
 2862
 2862
 2864
 2866
 2868
 2870
 2872
 2874
 2872
 2876
 2888
 2898
 2908
 2914
 2916
 2914
 2908
 2906
 2904
 2904
 2906
 2908
 2908
 2906
 2900
 2894
 2890
 2886
 2878
 2874
 2868
 2864
 2860
 2860
 2868
 2874
 2880
 2886
 2890
 2888
 2882
 2878
 2876
 2876
 2874
 2872
 2870
 2866
 2860
 2854
 2846
 2838
 2828
 2816
 2802
 2786
 2766
 2746
 2730
 2710
 2688
 2664
 2634
 2598
 2558
 2522
 2488
 2458
 2428
 2396
 2362
 2326
 2284
 2242
 2200
 2156
 2114
 2074
 2030
 1998
 1972
 1950
 1934
 1916
 1896
 1874
 1852
 1828
 1810
 1804
 1810
 1828
 1854
 1886
 1926
 1966
 2008
 2048
 2092
 2134
 2174
 2220
