 2226
 2174
 2122
 2070
 2016
 1966
 1926
 1898
 1882
 1876
 1878
 1892
 1914
 1940
 1974
 2008
 2044
 2080
 2118
 2162
 2210
 2254
 2292
 2322
 2360
 2408
 2458
 2510
 2558
 2606
 2652
 2692
 2728
 2758
 2786
 2812
 2838
 2864
 2888
 2904
 2910
 2908
 2910
 2918
 2928
 2942
 2954
 2966
 2978
 2986
 2990
 2990
 2990
 2990
 2990
 2990
 2990
 2990
 2986
 2978
 2962
 2952
 2952
 2954
 2962
 2964
 2970
 2974
 2976
 2970
 2956
 2938
 2914
 2888
 2862
 2830
 2794
 2756
 2708
 2656
 2604
 2562
 2520
 2478
 2438
 2394
 2352
 2310
 2270
 2224
 2178
 2128
 2078
 2030
 1982
 1936
 1888
 1842
 1804
 1778
 1770
 1774
 1786
 1806
 1832
 1866
 1900
 1940
 1978
 2018
 2062
 2110
 2160
 2208
 2252
 2290
 2324
 2366
 2410
 2456
 2506
 2552
 2596
 2636
 2674
 2706
 2734
 2758
 2780
 2802
 2824
 2846
 2864
 2872
 2874
 2878
 2886
 2896
 2910
 2924
 2930
 2940
 2944
 2950
 2950
 2948
 2948
 2946
 2944
 2942
 2932
 2916
 2890
 2858
 2826
 2796
 2766
 2734
 2700
 2662
 2624
 2584
 2542
 2494
 2446
 2398
 2350
 2300
 2250
 2196
 2138
 2080
 2024
 1982
 1942
 1908
 1878
 1854
 1838
 1832
 1838
 1850
 1868
 1888
 1916
 1950
 1990
 2030
 2066
 2102
 2136
 2182
 2230
 2280
 2332
 2382
 2434
 2482
 2526
 2566
 2602
 2636
 2668
 2698
 2728
 2754
 2778
 2794
 2802
 2808
 2826
 2842
 2860
 2878
 2896
 2910
 2920
 2928
 2932
 2934
 2928
 2924
 2924
 2924
 2924
 2922
 2920
 2912
 2902
 2898
 2902
 2908
 2918
 2924
 2928
 2928
 2922
 2912
 2892
 2872
 2844
 2816
 2788
 2758
 2724
 2690
 2650
 2602
 2556
 2512
 2476
 2440
 2408
 2372
 2340
 2310
 2284
 2264
 2246
 2232
 2226
 2228
 2234
 2244
 2254
 2266
 2276
 2288
 2306
 2340
 2380
 2424
 2468
 2512
 2554
 2596
 2636
 2668
 2698
 2724
 2750
 2774
 2798
 2818
 2832
 2844
 2848
 2850
 2860
 2870
 2882
 2894
 2906
 2918
 2926
 2926
 2922
 2914
 2902
 2886
 2864
 2838
 2810
 2776
 2734
 2686
 2634
 2588
 2546
 2506
 2464
 2422
 2380
 2340
 2300
 2254
 2206
 2154
 2100
 2044
 1986
 1926
 1862
 1800
 1744
 1694
 1656
 1628
 1608
 1600
 1604
 1616
 1632
 1660
 1686
 1720
 1756
 1800
 1848
 1898
 1946
 1992
 2034
 2080
 2138
 2196
 2256
 2314
 2372
 2426
 2482
 2532
 2574
 2612
 2648
 2682
 2714
 2744
 2768
 2784
 2794
 2800
 2814
 2828
 2846
 2864
 2880
 2894
 2906
 2914
 2912
 2912
 2910
 2908
 2910
 2912
 2912
 2912
 2906
 2898
 2886
 2880
 2870
 2856
 2834
 2802
 2766
 2722
 2678
 2624
 2568
 2506
 2442
 2380
 2316
 2250
 2178
 2098
 2018
 1938
 1872
 1810
 1754
 1698
 1644
 1592
 1544
 1500
 1460
 1420
 1392
 1378
 1374
 1382
 1392
 1412
 1438
 1470
 1516
 1572
 1640
 1710
 1782
 1860
 1940
 2020
 2096
 2166
 2236
 2302
 2366
 2430
 2492
 2544
 2588
 2620
 2650
 2684
 2718
 2754
 2788
 2816
 2840
 2860
 2878
 2886
 2892
 2894
 2892
 2884
 2868
 2844
 2814
 2774
 2724
 2672
 2626
 2578
 2530
 2478
 2426
 2376
 2322
 2270
 2212
 2152
 2090
 2028
 1968
 1904
 1840
 1774
 1704
 1648
 1602
 1576
 1564
 1566
 1574
 1592
 1616
 1648
 1686
 1728
 1776
 1834
 1894
 1958
 2022
 2086
 2142
 2196
 2246
 2306
 2366
 2438
 2502
 2562
 2616
 2662
 2704
 2736
 2764
 2788
 2810
 2830
 2848
 2866
 2878
 2884
 2878
 2870
 2874
 2880
 2892
 2902
 2906
 2906
 2900
 2886
 2864
 2838
 2808
 2772
 2732
 2688
 2638
 2584
 2526
 2456
 2386
 2316
 2254
 2192
 2132
 2070
 2008
 1946
 1886
 1828
 1774
 1716
 1660
 1606
 1556
 1520
 1494
 1480
 1478
 1492
 1516
 1556
 1606
 1664
 1724
 1798
 1874
 1948
 2022
 2090
 2160
 2224
 2290
 2354
 2416
 2476
 2526
 2564
 2596
 2636
 2680
 2722
 2764
 2800
 2832
 2860
 2882
 2898
 2912
 2920
 2924
 2928
 2932
 2936
 2932
 2918
 2888
 2856
 2826
 2790
 2754
 2714
 2670
 2626
 2580
 2532
 2482
 2426
 2372
 2316
 2260
 2204
 2142
 2080
 2012
 1948
 1886
 1836
 1788
 1748
 1708
 1674
 1650
 1638
 1642
 1652
 1670
 1694
 1724
 1762
 1808
 1850
 1892
 1932
 1970
 2014
 2066
 2122
 2178
 2234
 2296
 2354
 2408
 2458
 2498
 2542
 2582
 2620
 2658
 2696
 2730
 2758
 2778
 2790
 2808
 2828
 2854
 2880
 2906
 2926
 2940
 2950
 2958
 2962
 2964
 2964
 2964
 2966
 2962
 2956
 2942
 2922
 2892
 2858
 2826
 2794
 2762
 2728
 2690
 2650
 2610
 2566
 2520
 2470
 2418
 2364
 2308
 2258
 2206
 2154
 2100
 2046
 1992
 1948
 1920
 1906
 1904
 1916
 1936
 1966
 2002
 2040
 2080
 2122
 2168
 2216
 2268
 2324
 2378
 2430
 2474
 2512
 2542
 2576
 2618
 2662
 2708
 2750
 2788
 2822
 2854
 2878
 2896
 2908
 2922
 2928
 2932
 2940
 2946
 2950
 2950
 2946
 2940
 2934
 2934
 2936
 2944
 2952
 2962
 2968
 2974
 2976
 2978
 2974
 2970
 2966
 2964
 2962
 2962
 2960
 2954
 2946
 2938
 2930
 2920
 2918
 2922
 2930
 2940
 2948
 2952
 2950
 2942
 2930
 2910
 2886
 2862
 2838
 2812
 2782
 2752
 2716
 2674
 2622
 2568
 2516
 2464
 2422
 2378
 2336
 2294
 2254
 2214
 2172
 2128
 2076
 2024
 1966
 1906
 1848
 1790
 1732
 1672
 1618
 1580
 1560
 1564
 1580
 1608
 1642
 1684
 1732
 1788
 1842
 1900
 1968
 2034
 2102
 2174
 2242
 2306
 2362
 2406
 2452
 2506
 2562
 2618
 2670
 2716
 2758
 2796
 2828
 2850
 2870
 2884
 2896
 2908
 2918
 2928
 2930
 2922
 2918
 2918
 2924
 2924
 2918
 2902
 2880
 2852
 2816
 2772
 2722
 2670
 2616
 2560
 2504
 2446
 2382
 2312
 2246
 2186
 2130
 2080
 2030
 1978
 1932
 1886
 1844
 1806
 1766
 1728
 1692
 1664
 1642
 1630
 1630
 1638
 1656
 1684
 1722
 1766
 1814
 1864
 1920
 1978
 2038
 2094
 2146
 2200
 2254
 2318
 2394
 2474
 2542
 2598
 2646
 2686
 2728
 2770
 2812
 2854
 2892
 2924
 2946
 2960
 2966
 2968
 2968
 2972
 2976
 2974
 2972
 2970
 2966
 2958
 2946
 2944
 2936
 2924
 2906
 2880
 2848
 2812
 2770
 2722
 2668
 2612
 2552
 2496
 2436
 2376
 2314
 2248
 2174
 2098
 2022
 1950
 1890
 1830
 1776
 1722
 1670
 1624
 1590
 1566
 1552
 1550
 1558
 1578
 1610
 1648
 1690
 1734
 1776
 1818
 1868
 1930
 1998
 2068
 2138
 2210
 2280
 2346
 2404
 2458
 2508
 2552
 2598
 2638
 2678
 2716
 2748
 2776
 2796
 2812
 2822
 2842
 2862
 2886
 2908
 2922
 2936
 2944
 2954
 2956
 2956
 2956
 2956
 2958
 2958
 2958
 2956
 2956
 2954
 2952
 2940
 2922
 2902
 2886
 2868
 2844
 2818
 2786
 2754
 2716
 2674
 2628
 2578
 2530
 2478
 2430
 2380
 2326
 2274
 2216
 2156
 2094
 2034
 1982
 1936
 1900
 1868
 1842
 1824
 1820
 1828
 1846
 1870
 1900
 1932
 1970
 2012
 2058
 2108
 2158
 2210
 2256
 2302
 2338
 2388
 2444
 2500
 2554
 2606
 2654
 2698
 2734
 2764
 2788
 2810
 2828
 2848
 2864
 2876
 2888
 2896
 2900
 2904
 2904
 2900
 2900
 2904
 2914
 2924
 2936
 2944
 2948
 2954
 2954
 2952
 2948
 2946
 2944
 2946
 2944
 2940
 2940
 2936
 2932
 2922
 2908
 2896
 2888
 2876
 2860
 2842
 2822
 2798
 2770
 2738
 2702
 2662
 2618
 2576
 2532
 2486
 2438
 2386
 2330
 2270
 2204
 2146
 2094
 2052
 2014
 1982
 1950
 1918
 1894
 1882
 1882
 1888
 1902
 1922
 1950
 1986
 2024
 2062
 2100
 2136
 2176
 2218
 2270
 2328
 2388
 2448
 2504
 2560
 2606
 2646
 2680
 2710
 2736
 2762
 2784
 2808
 2830
 2844
 2854
 2860
 2862
 2876
 2888
 2904
 2920
 2928
 2936
 2942
 2948
 2948
 2946
 2944
 2942
 2942
 2940
 2936
 2932
 2928
 2920
 2912
 2902
 2904
 2906
 2908
 2908
 2898
 2886
 2866
 2840
 2808
 2766
 2726
 2686
 2648
 2608
 2570
 2530
 2486
 2438
 2386
 2336
 2294
 2258
 2224
 2192
 2156
 2120
 2086
 2052
 2026
 2004
 1992
 1988
 1994
 2006
 2020
 2038
 2058
 2076
 2102
 2138
 2188
 2240
 2292
 2346
 2398
 2448
 2494
 2534
 2568
 2602
 2636
 2666
 2696
 2726
 2754
 2774
 2790
 2798
 2804
 2818
 2832
 2852
 2870
 2888
 2900
 2910
 2918
 2922
 2920
 2906
 2892
 2872
 2848
 2822
 2788
 2746
 2700
 2648
 2598
 2556
 2510
 2466
 2422
 2378
 2332
 2284
 2236
 2184
 2132
 2080
 2028
 1976
 1924
 1870
 1814
 1764
 1722
 1692
 1672
 1664
 1664
 1678
 1702
 1732
 1766
 1804
 1842
 1886
 1936
 1998
 2060
 2118
 2168
 2216
 2262
 2316
 2374
 2434
 2492
 2548
 2602
 2648
 2688
 2722
 2752
 2778
 2800
 2822
 2842
 2862
 2878
 2886
 2888
 2886
 2890
 2896
 2906
 2914
 2914
 2904
 2888
 2866
 2836
 2802
 2762
 2720
 2678
 2632
 2582
 2534
 2474
 2412
 2350
 2294
 2246
 2200
 2156
 2110
 2070
 2028
 1990
 1952
 1914
 1880
 1850
 1830
 1818
 1814
 1818
 1826
 1842
 1862
 1896
 1938
 1984
 2032
 2084
 2138
 2190
 2246
 2296
 2342
 2390
 2436
 2486
 2536
 2584
 2624
 2656
 2682
 2702
 2732
 2760
 2794
 2826
 2852
 2878
 2898
 2912
 2916
 2920
 2920
 2918
 2906
 2888
 2866
 2836
 2798
 2752
 2704
 2658
 2610
 2562
 2516
 2466
 2416
 2364
 2312
 2254
 2194
 2134
 2074
 2012
 1954
 1896
 1836
 1778
 1720
 1674
 1644
 1632
 1636
 1652
 1678
 1712
 1754
 1796
 1844
 1888
 1942
 1998
 2056
 2118
 2182
 2238
 2288
 2332
 2374
 2430
 2492
 2552
 2612
 2666
 2712
 2754
 2790
 2816
 2838
 2856
 2872
 2890
 2904
 2916
 2924
 2920
 2916
 2904
 2898
 2898
 2898
 2904
 2908
 2912
 2912
 2910
 2908
 2904
 2902
 2900
 2896
 2888
 2880
 2866
 2846
 2812
 2774
 2732
 2692
 2658
 2626
 2596
 2562
 2530
 2496
 2460
 2424
 2380
 2334
 2288
 2244
 2200
 2154
 2104
 2052
 1998
 1942
 1896
 1866
 1848
 1842
 1848
 1862
 1888
 1918
 1956
 1994
 2034
 2076
 2124
 2178
 2234
 2286
 2334
 2378
 2414
 2448
 2494
 2542
 2592
 2644
 2688
 2734
 2770
 2800
 2826
 2846
 2862
 2878
 2892
 2900
 2908
 2914
 2916
 2910
 2904
 2908
 2914
 2926
 2936
 2946
 2956
 2964
 2964
 2956
 2940
 2922
 2900
 2876
 2850
 2820
 2786
 2750
 2704
 2658
 2612
 2574
 2534
 2498
 2460
 2420
 2380
 2344
 2306
 2264
 2220
 2174
 2130
 2088
 2048
 2008
 1976
 1948
 1936
 1938
 1958
 1990
 2032
 2078
 2128
 2180
 2228
 2274
 2316
 2358
 2404
 2448
 2492
 2538
 2578
 2614
 2642
 2660
 2682
 2710
 2742
 2774
 2804
 2834
 2860
 2884
 2906
 2918
 2924
 2928
 2928
 2930
 2934
 2940
 2946
 2942
 2932
 2922
 2924
 2928
 2936
 2946
 2952
 2954
 2948
 2930
 2900
 2864
 2820
 2774
 2726
 2676
 2624
 2564
 2498
 2430
 2362
 2302
 2244
 2190
 2132
 2076
 2020
 1968
 1916
 1862
 1808
 1750
 1692
 1634
 1574
 1516
 1458
 1410
 1382
 1380
 1390
 1416
 1448
 1490
 1542
 1598
 1662
 1724
 1790
 1862
 1940
 2016
 2096
 2166
 2230
 2284
 2348
 2414
 2482
 2554
 2616
 2674
 2722
 2762
 2796
 2822
 2844
 2864
 2878
 2886
 2896
 2896
 2894
 2888
 2894
 2900
 2910
 2914
 2910
 2900
 2884
 2862
 2832
 2792
 2750
 2704
 2656
 2608
 2556
 2502
 2442
 2382
 2330
 2278
 2230
 2182
 2132
 2084
 2034
 1988
 1942
 1892
 1840
 1788
 1740
 1692
 1650
 1612
 1586
 1576
 1582
 1598
 1620
 1652
 1692
 1736
 1782
 1828
 1874
 1922
 1972
 2022
 2076
 2132
 2186
 2236
 2278
 2318
 2372
 2428
 2492
 2548
 2602
 2654
 2700
 2738
 2772
 2798
 2824
 2848
 2868
 2886
 2904
 2910
 2908
 2904
 2908
 2914
 2924
 2936
 2942
 2944
 2938
 2926
 2904
 2874
 2840
 2804
 2762
 2720
 2674
 2624
 2570
 2512
 2458
 2406
 2360
 2314
 2268
 2222
 2178
 2134
 2090
 2046
 2000
 1956
 1908
 1864
 1828
 1800
 1780
 1770
 1774
 1784
 1812
 1850
 1892
 1936
 1986
 2042
 2098
 2152
 2202
 2248
 2298
 2346
 2396
 2448
 2500
 2552
 2592
 2626
 2656
 2690
 2724
 2762
 2794
 2826
 2854
 2880
 2900
 2914
 2926
 2936
 2944
 2950
 2958
 2964
 2968
 2960
 2952
 2944
 2946
 2948
 2948
 2942
 2934
 2922
 2902
 2876
 2844
 2806
 2768
 2730
 2692
 2654
 2612
 2568
 2520
 2468
 2418
 2374
 2334
 2292
 2252
 2210
 2166
 2128
 2090
 2052
 2014
 1982
 1956
 1944
 1942
 1950
 1962
 1980
 2004
 2032
 2074
 2126
 2186
 2250
 2310
 2372
 2432
 2486
 2538
 2584
 2626
 2666
 2706
 2744
 2780
 2810
 2834
 2848
 2856
 2870
 2888
 2908
 2928
 2946
 2956
 2966
 2974
 2978
 2980
 2978
 2978
 2978
 2980
 2980
 2980
 2980
 2974
 2966
 2958
 2954
 2956
 2962
 2970
 2976
 2976
 2972
 2964
 2948
 2924
 2890
 2854
 2818
 2782
 2746
 2706
 2660
 2612
 2558
 2502
 2450
 2406
 2358
 2316
 2270
 2222
 2178
 2132
 2090
 2044
 1998
 1950
 1904
 1860
 1814
 1774
 1736
 1710
 1700
 1708
 1728
 1758
 1794
 1836
 1886
 1940
 1994
 2050
 2100
 2150
 2208
 2268
 2324
 2382
 2430
 2474
 2514
 2558
 2602
 2650
 2696
 2736
 2776
 2810
 2838
 2862
 2882
 2898
 2914
 2928
 2936
 2942
 2944
 2942
 2936
 2938
 2942
 2950
 2952
 2948
 2938
 2924
 2900
 2874
 2838
 2800
 2760
 2718
 2674
 2628
 2580
 2522
 2464
 2406
 2356
 2308
 2260
 2212
 2164
 2122
 2076
 2036
 1994
 1948
 1906
 1872
 1848
 1834
 1832
 1836
 1848
 1868
 1904
 1948
 2002
 2058
 2116
 2182
 2248
 2312
 2376
 2434
 2484
 2532
 2576
 2620
 2658
 2692
 2718
 2736
 2758
 2784
 2812
 2842
 2870
 2898
 2922
 2942
 2956
 2966
 2966
 2968
 2970
 2972
 2978
 2978
 2978
 2974
 2964
 2956
 2952
 2946
 2940
 2928
 2912
 2888
 2860
 2830
 2794
 2754
 2714
 2668
 2622
 2572
 2524
 2474
 2420
 2364
 2312
 2264
 2226
 2190
 2154
 2118
 2086
 2054
 2034
 2018
 2012
 2012
 2020
 2034
 2050
 2072
 2094
 2118
 2144
 2170
 2208
 2258
 2316
 2376
 2434
 2490
 2540
 2588
 2628
 2664
 2696
 2724
 2754
 2778
 2802
 2824
 2842
 2856
 2866
 2868
 2872
 2882
 2894
 2910
 2922
 2934
 2946
 2948
 2950
 2950
 2950
 2946
 2946
 2944
 2944
 2946
 2944
 2944
 2936
 2930
 2922
 2924
 2920
 2922
 2916
 2908
 2894
 2870
 2846
 2814
 2776
 2736
 2696
 2656
 2612
 2566
 2518
 2464
 2410
 2352
 2304
 2260
 2218
 2174
 2132
 2090
 2050
 2008
 1966
 1924
 1880
 1838
 1800
 1766
 1742
 1726
 1720
 1728
 1748
 1780
 1822
 1872
 1930
 1994
 2056
 2114
 2168
 2220
 2272
 2322
 2376
 2430
 2486
 2534
 2574
 2602
 2640
 2678
 2720
 2758
 2794
 2824
 2856
 2878
 2896
 2908
 2918
 2920
 2926
 2932
 2936
 2940
 2938
 2928
 2928
 2930
 2932
 2932
 2926
 2914
 2898
 2880
 2852
 2818
 2784
 2744
 2706
 2666
 2624
 2578
 2530
 2472
 2416
 2360
 2314
 2266
 2222
 2176
 2128
 2084
 2038
 1996
 1954
 1916
 1884
 1866
 1862
 1864
 1878
 1894
 1916
 1940
 1972
 2020
 2074
 2132
 2194
 2258
 2320
 2376
 2432
 2478
 2528
 2576
 2630
 2676
 2718
 2758
 2788
 2810
 2822
 2828
 2842
 2858
 2878
 2896
 2914
 2928
 2940
 2948
 2954
 2956
 2954
 2954
 2952
 2954
 2954
 2948
 2942
 2936
 2932
 2922
 2908
 2896
 2886
 2876
 2864
 2850
 2832
 2812
 2788
 2762
 2732
 2698
 2662
 2624
 2586
 2548
 2506
 2464
 2422
 2376
 2324
 2276
 2230
 2198
 2176
 2162
 2152
 2140
 2136
 2138
 2152
 2170
 2200
 2238
 2286
 2338
 2388
 2438
 2484
 2522
 2554
 2580
 2602
 2620
 2646
 2674
 2702
 2728
 2754
 2774
 2794
 2808
 2816
 2824
 2830
 2838
 2846
 2854
 2860
 2864
 2870
 2872
 2870
 2868
 2862
 2864
 2870
 2884
 2898
 2912
 2924
 2936
 2944
 2946
 2940
 2926
 2910
 2896
 2878
 2862
 2838
 2812
 2782
 2746
 2706
 2664
 2618
 2582
 2546
 2512
 2478
 2440
 2402
 2364
 2322
 2278
 2230
 2184
 2136
 2092
 2048
 2000
 1954
 1904
 1860
 1826
 1810
 1808
 1820
 1842
 1868
 1900
 1938
 1978
 2020
 2062
 2110
 2160
 2218
 2276
 2336
 2388
 2430
 2468
 2512
 2560
 2612
 2660
 2704
 2746
 2782
 2812
 2836
 2852
 2866
 2880
 2894
 2906
 2920
 2926
 2920
 2912
 2898
 2890
 2880
 2864
 2844
 2818
 2792
 2760
 2728
 2686
 2642
 2596
 2548
 2500
 2452
 2398
 2342
 2276
 2214
 2150
 2100
 2050
 2002
 1952
 1902
 1854
 1810
 1772
 1734
 1702
 1678
 1666
 1672
 1684
 1700
 1724
 1754
 1786
 1838
 1896
 1956
 2018
 2080
 2146
 2208
 2268
 2324
 2376
 2434
 2486
 2540
 2588
 2634
 2676
 2704
 2726
 2744
 2768
 2798
 2828
 2858
 2882
 2904
 2914
 2922
 2926
 2926
 2926
 2924
 2922
 2920
 2918
 2912
 2904
 2898
 2890
 2880
 2880
 2884
 2886
 2890
 2888
 2878
 2864
 2842
 2812
 2774
 2734
 2690
 2648
 2602
 2554
 2510
 2464
 2418
 2370
 2318
 2268
 2220
 2180
 2146
 2116
 2086
 2054
 2026
 2000
 1974
 1954
 1940
 1934
 1938
 1950
 1968
 1990
 2018
 2044
 2072
 2096
 2118
 2144
 2180
 2226
 2280
 2334
 2388
 2442
 2490
 2528
 2560
 2584
 2606
 2624
 2644
 2658
 2668
 2670
 2664
 2654
 2644
 2626
 2604
 2576
 2558
 2550
 2542
 2536
 2536
 2534
 2530
 2522
 2514
 2512
 2516
 2524
 2538
 2566
 2598
 2624
 2644
 2656
 2658
 2646
 2622
 2590
 2558
 2528
 2494
 2464
 2430
 2394
 2360
 2322
 2286
 2242
 2202
 2160
 2120
 2084
 2046
 2006
 1964
 1916
 1876
 1848
 1838
 1842
 1858
 1882
 1908
 1942
 1980
 2016
 2056
 2098
 2142
 2194
 2246
 2306
 2366
 2416
 2458
 2494
 2534
 2584
 2634
 2684
 2730
 2772
 2810
 2842
 2866
 2884
 2898
 2904
 2912
 2924
 2932
 2936
 2934
 2928
 2920
 2910
 2900
 2882
 2860
 2832
 2800
 2762
 2718
 2668
 2614
 2558
 2502
 2446
 2386
 2322
 2250
 2178
 2112
 2062
 2026
 1994
 1964
 1932
 1890
 1848
 1808
 1770
 1736
 1704
 1680
 1662
 1650
 1642
 1636
 1644
 1654
 1684
 1726
 1776
 1830
 1892
 1960
 2028
 2092
 2156
 2222
 2288
 2362
 2434
 2502
 2562
 2608
 2644
 2680
 2722
 2764
 2810
 2852
 2890
 2924
 2950
 2968
 2974
 2978
 2982
 2986
 2992
 2986
 2968
 2942
 2902
 2858
 2816
 2774
 2730
 2678
 2624
 2566
 2508
 2450
 2386
 2324
 2262
 2198
 2136
 2070
 2002
 1930
 1854
 1784
 1726
 1680
 1640
 1604
 1574
 1550
 1540
 1544
 1554
 1570
 1592
 1622
 1664
 1710
 1754
 1794
 1836
 1878
 1932
 1996
 2070
 2148
 2228
 2306
 2378
 2446
 2504
 2560
 2608
 2656
 2702
 2746
 2788
 2820
 2846
 2860
 2874
 2892
 2914
 2940
 2962
 2982
 3000
 3012
 3020
 3024
 3024
 3020
 3016
 3010
 2996
 2982
 2958
 2928
 2892
 2850
 2808
 2772
 2734
 2700
 2664
 2628
 2594
 2556
 2520
 2476
 2432
 2386
 2338
 2294
 2250
 2206
 2160
 2112
 2060
 2018
 1990
 1980
 1984
 2002
 2024
 2052
 2084
 2114
 2144
 2176
 2208
 2248
 2298
 2348
 2400
 2452
 2502
 2544
 2578
 2606
 2630
 2668
 2704
 2744
 2782
 2816
 2850
 2876
 2896
 2912
 2922
 2924
 2930
 2938
 2946
 2952
 2954
 2958
 2958
 2960
 2958
 2952
 2948
 2954
 2964
 2978
 2986
 2996
 3004
 3008
 3008
 3002
 2992
 2986
 2982
 2980
 2976
 2974
 2972
 2968
 2964
 2958
 2954
 2948
 2938
 2938
 2942
 2950
 2960
 2972
 2982
 2986
 2986
 2980
 2970
 2954
 2936
 2916
 2896
 2872
 2844
 2806
 2768
 2728
 2684
 2634
 2586
 2540
 2502
 2462
 2428
 2390
 2352
 2314
 2274
 2234
 2190
 2146
 2100
 2056
 2012
 1974
 1930
 1886
 1840
 1800
 1774
 1766
 1774
 1792
 1822
 1860
 1902
 1952
 1998
 2046
 2088
 2130
 2176
 2224
 2276
 2330
 2376
 2416
 2446
 2480
 2526
 2572
 2620
 2668
 2710
 2754
 2790
 2814
 2832
 2848
 2864
 2880
 2894
 2908
 2918
 2914
 2906
 2902
 2906
 2912
 2918
 2918
 2910
 2898
 2880
 2852
 2818
 2778
 2734
 2688
 2644
 2596
 2544
 2484
 2418
 2352
 2292
 2236
 2186
 2134
 2080
 2028
 1976
 1924
 1874
 1820
 1766
 1714
 1664
 1614
 1566
 1518
 1476
 1448
 1442
 1450
 1476
 1510
 1546
 1590
 1638
 1686
 1738
 1786
 1838
 1900
 1966
 2032
 2098
 2156
 2204
 2248
 2304
 2364
 2428
 2494
 2554
 2610
 2658
 2700
 2734
 2764
 2788
 2812
 2832
 2854
 2872
 2884
 2888
 2886
 2890
 2898
 2912
 2926
 2936
 2932
 2924
 2908
 2886
 2854
 2822
 2786
 2748
 2706
 2664
 2620
 2568
 2510
 2446
 2384
 2332
 2282
 2234
 2186
 2138
 2090
 2042
 1996
 1946
 1898
 1850
 1804
 1764
 1732
 1706
 1692
 1686
 1694
 1714
 1750
 1802
 1862
 1928
 1992
 2058
 2124
 2182
 2234
 2282
 2330
 2376
 2424
 2470
 2516
 2558
 2592
 2620
 2642
 2668
 2700
 2738
 2772
 2806
 2834
 2858
 2880
 2894
 2904
 2912
 2918
 2924
 2928
 2932
 2936
 2938
 2938
 2932
 2928
 2920
 2922
 2922
 2928
 2936
 2942
 2950
 2952
 2954
 2954
 2950
 2948
 2946
 2942
 2940
 2934
 2924
 2908
 2890
 2870
 2846
 2818
 2786
 2762
 2738
 2714
 2688
 2664
 2634
 2606
 2572
 2534
 2494
 2452
 2410
 2372
 2336
 2298
 2258
 2218
 2178
 2138
 2110
 2098
 2104
 2122
 2150
 2180
 2218
 2260
 2302
 2338
 2366
 2392
 2418
 2446
 2476
 2506
 2536
 2562
 2586
 2606
 2626
 2640
 2662
 2690
 2720
 2752
 2780
 2808
 2830
 2848
 2866
 2874
 2882
 2888
 2894
 2894
 2896
 2898
 2898
 2892
 2884
 2876
 2878
 2880
 2876
 2862
 2844
 2822
 2794
 2760
 2720
 2674
 2622
 2570
 2518
 2466
 2408
 2348
 2278
 2208
 2138
 2078
 2020
 1964
 1906
 1848
 1792
 1736
 1684
 1630
 1576
 1520
 1464
 1410
 1366
 1336
 1316
 1316
 1328
 1356
 1396
 1444
 1500
 1564
 1634
 1710
 1784
 1854
 1926
 1998
 2070
 2144
 2214
 2276
 2328
 2378
 2436
 2496
 2556
 2612
 2666
 2714
 2754
 2788
 2814
 2834
 2850
 2866
 2882
 2894
 2898
 2898
 2894
 2884
 2882
 2868
 2856
 2834
 2810
 2780
 2744
 2704
 2654
 2602
 2544
 2488
 2432
 2372
 2308
 2238
 2164
 2090
 2024
 1964
 1910
 1856
 1804
 1754
 1708
 1666
 1628
 1590
 1554
 1524
 1508
 1504
 1506
 1514
 1530
 1552
 1594
 1642
 1696
 1754
 1814
 1880
 1946
 2014
 2074
 2134
 2196
 2256
 2318
 2378
 2432
 2482
 2520
 2552
 2592
 2636
 2684
 2728
 2768
 2804
 2834
 2860
 2880
 2894
 2904
 2914
 2922
 2928
 2926
 2912
 2886
 2852
 2812
 2776
 2734
 2694
 2652
 2604
 2558
 2510
 2460
 2402
 2338
 2270
 2204
 2138
 2070
 2006
 1936
 1864
 1804
 1750
 1710
 1676
 1642
 1616
 1600
 1590
 1596
 1608
 1624
 1648
 1674
 1706
 1740
 1776
 1812
 1848
 1880
 1920
 1970
 2028
 2084
 2142
 2202
 2262
 2324
 2384
 2438
 2488
 2538
 2588
 2636
 2682
 2720
 2752
 2778
 2792
 2816
 2844
 2872
 2902
 2930
 2952
 2970
 2984
 2984
 2974
 2962
 2944
 2922
 2894
 2864
 2830
 2790
 2742
 2692
 2638
 2590
 2542
 2492
 2442
 2390
 2340
 2288
 2238
 2184
 2126
 2070
 2014
 1958
 1906
 1856
 1806
 1752
 1708
 1674
 1660
 1658
 1664
 1680
 1700
 1726
 1754
 1786
 1822
 1866
 1910
 1958
 2010
 2064
 2114
 2162
 2208
 2248
 2292
 2352
 2416
 2480
 2540
 2598
 2656
 2704
 2746
 2780
 2810
 2838
 2864
 2888
 2912
 2928
 2938
 2944
 2946
 2942
 2948
 2956
 2970
 2984
 2998
 3010
 3018
 3018
 3012
 2996
 2978
 2954
 2928
 2900
 2870
 2834
 2794
 2748
 2696
 2646
 2598
 2556
 2516
 2476
 2434
 2392
 2352
 2310
 2272
 2230
 2184
 2140
 2098
 2058
 2024
 1994
 1974
 1960
 1958
 1968
 1994
 2034
 2082
 2132
 2186
 2246
 2304
 2358
 2410
 2458
 2500
 2542
 2584
 2626
 2666
 2702
 2734
 2754
 2770
 2782
 2806
 2832
 2862
 2890
 2916
 2942
 2954
 2964
 2972
 2976
 2980
 2982
 2988
 2992
 2998
 3000
 3000
 2998
 2992
 2984
 2984
 2988
 2996
 3006
 3016
 3026
 3032
 3034
 3036
 3034
 3030
 3020
 3016
 3012
 3010
 3008
 3004
 3000
 2996
 2988
 2980
 2970
 2972
 2976
 2980
 2982
 2980
 2970
 2950
 2926
 2894
 2854
 2812
 2772
 2732
 2688
 2646
 2598
 2550
 2492
 2430
 2374
 2324
 2278
 2240
 2200
 2158
 2114
 2074
 2032
 1992
 1952
 1914
 1876
 1842
 1810
 1788
 1774
 1764
 1768
 1778
 1800
 1834
 1874
 1918
 1968
 2028
 2086
 2138
 2190
 2238
 2288
 2340
 2394
 2448
 2502
 2548
 2584
 2616
 2650
 2690
 2734
 2778
 2816
 2850
 2882
 2906
 2922
 2934
 2944
 2950
 2952
 2956
 2960
 2962
 2958
 2942
 2926
 2912
 2892
 2872
 2846
 2818
 2786
 2750
 2710
 2664
 2616
 2566
 2514
 2464
 2414
 2360
 2302
 2238
 2180
 2124
 2082
 2038
 1998
 1958
 1916
 1880
 1848
 1820
 1798
 1786
 1782
 1790
 1804
 1820
 1838
 1858
 1884
 1914
 1958
 2012
 2072
 2134
 2196
 2260
 2324
 2384
 2436
 2484
 2530
 2576
 2622
 2664
 2704
 2738
 2764
 2780
 2798
 2822
 2848
 2878
 2906
 2930
 2954
 2970
 2978
 2982
 2982
 2984
 2984
 2974
 2962
 2942
 2916
 2880
 2832
 2782
 2740
 2702
 2662
 2624
 2584
 2542
 2500
 2454
 2406
 2354
 2302
 2248
 2198
 2148
 2098
 2044
 1988
 1930
 1880
 1840
 1808
 1784
 1766
 1760
 1764
 1778
 1800
 1828
 1862
 1896
 1934
 1974
 2018
 2062
 2106
 2144
 2182
 2218
 2274
 2336
 2398
 2460
 2518
 2572
 2620
 2662
 2696
 2724
 2752
 2774
 2796
 2816
 2832
 2846
 2858
 2866
 2872
 2878
 2894
 2914
 2936
 2956
 2974
 2986
 2994
 3002
 3002
 3004
 3002
 3000
 3002
 3002
 3002
 3002
 2996
 2984
 2970
 2948
 2920
 2900
 2874
 2852
 2822
 2784
 2746
 2706
 2658
 2606
 2550
 2492
 2436
 2378
 2320
 2264
 2200
 2136
 2068
 1996
 1936
 1880
 1838
 1800
 1768
 1738
 1714
 1702
 1702
 1718
 1740
 1770
 1802
 1840
 1880
 1920
 1964
 2002
 2040
 2078
 2132
 2192
 2258
 2324
 2386
 2452
 2512
 2564
 2610
 2652
 2690
 2728
 2762
 2792
 2822
 2846
 2864
 2876
 2880
 2894
 2908
 2926
 2946
 2962
 2974
 2980
 2988
 2992
 2992
 2990
 2986
 2982
 2980
 2980
 2980
 2976
 2968
 2958
 2948
 2946
 2938
 2934
 2924
 2910
 2894
 2868
 2840
 2806
 2768
 2730
 2694
 2658
 2622
 2582
 2538
 2484
 2430
 2374
 2324
 2282
 2242
 2202
 2164
 2130
 2102
 2082
 2072
 2068
 2072
 2080
 2096
 2116
 2142
 2166
 2194
 2220
 2252
 2298
 2352
 2408
 2464
 2520
 2574
 2622
 2666
 2706
 2738
 2770
 2798
 2826
 2856
 2878
 2894
 2902
 2904
 2910
 2922
 2934
 2950
 2964
 2970
 2968
 2958
 2934
 2906
 2872
 2834
 2796
 2756
 2714
 2668
 2614
 2558
 2502
 2454
 2408
 2362
 2316
 2268
 2224
 2178
 2136
 2090
 2042
 1994
 1944
 1898
 1852
 1806
 1758
 1720
 1694
 1690
 1698
 1716
 1744
 1776
 1816
 1860
 1904
 1956
 2004
 2052
 2102
 2156
 2210
 2262
 2308
 2350
 2388
 2440
 2498
 2556
 2612
 2664
 2712
 2754
 2792
 2820
 2844
 2868
 2886
 2906
 2922
 2938
 2942
 2946
 2944
 2936
 2936
 2942
 2952
 2964
 2976
 2988
 2992
 2992
 2984
 2970
 2950
 2924
 2892
 2860
 2824
 2782
 2728
 2664
 2590
 2518
 2450
 2390
 2332
 2276
 2218
 2164
 2112
 2062
 2014
 1962
 1906
 1848
 1786
 1728
 1678
 1634
 1606
 1592
 1594
 1612
 1642
 1686
 1734
 1786
 1848
 1908
 1972
 2032
 2092
 2152
 2214
 2282
 2348
 2410
 2462
 2506
 2542
 2586
 2634
 2684
 2732
 2776
 2816
 2850
 2880
 2902
 2908
 2918
 2926
 2932
 2940
 2946
 2948
 2946
 2936
 2918
 2900
 2876
 2852
 2826
 2802
 2776
 2748
 2716
 2678
 2638
 2598
 2554
 2508
 2460
 2406
 2344
 2280
 2216
 2158
 2108
 2056
 2008
 1960
 1914
 1872
 1834
 1800
 1770
 1750
 1740
 1742
 1748
 1754
 1766
 1782
 1806
 1838
 1884
 1938
 1994
 2056
 2118
 2182
 2240
 2294
 2346
 2398
 2446
 2496
 2544
 2590
 2630
 2660
 2684
 2704
 2734
 2764
 2796
 2826
 2854
 2880
 2902
 2920
 2934
 2942
 2946
 2952
 2958
 2962
 2968
 2966
 2962
 2952
 2938
 2928
 2916
 2902
 2886
 2866
 2844
 2818
 2788
 2752
 2710
 2666
 2622
 2578
 2532
 2488
 2438
 2388
 2328
 2268
 2210
 2164
 2118
 2076
 2034
 1994
 1956
 1924
 1896
 1870
 1850
 1840
 1840
 1848
 1860
 1878
 1898
 1922
 1948
 1982
 2028
 2078
 2138
 2194
 2252
 2308
 2358
 2408
 2450
 2492
 2532
 2574
 2612
 2652
 2686
 2714
 2736
 2752
 2770
 2792
 2820
 2846
 2876
 2900
 2922
 2938
 2952
 2958
 2962
 2966
 2970
 2976
 2980
 2984
 2986
 2980
 2972
 2962
 2958
 2952
 2942
 2930
 2910
 2888
 2860
 2826
 2786
 2744
 2700
 2656
 2612
 2564
 2518
 2466
 2406
 2346
 2290
 2242
 2194
 2148
 2100
 2054
 2008
 1964
 1922
 1880
 1840
 1802
 1766
 1740
 1722
 1716
 1714
 1728
 1748
 1782
 1830
 1886
 1946
 2012
 2082
 2152
 2218
 2280
 2332
 2380
 2428
 2472
 2516
 2560
 2592
 2620
 2644
 2674
 2706
 2742
 2776
 2812
 2842
 2870
 2892
 2908
 2918
 2926
 2936
 2944
 2952
 2960
 2962
 2960
 2954
 2952
 2956
 2956
 2956
 2950
 2942
 2920
 2894
 2864
 2830
 2794
 2756
 2716
 2676
 2636
 2594
 2550
 2500
 2448
 2400
 2360
 2320
 2282
 2242
 2200
 2158
 2120
 2086
 2058
 2040
 2030
 2028
 2040
 2054
 2070
 2088
 2108
 2132
 2166
 2210
 2260
 2312
 2364
 2416
 2468
 2512
 2556
 2594
 2632
 2664
 2698
 2732
 2762
 2788
 2810
 2824
 2830
 2844
 2862
 2882
 2902
 2920
 2938
 2952
 2964
 2972
 2970
 2970
 2970
 2972
 2974
 2972
 2968
 2966
 2954
 2936
 2916
 2900
 2882
 2862
 2838
 2810
 2780
 2748
 2708
 2668
 2622
 2572
 2524
 2476
 2428
 2376
 2322
 2262
 2200
 2140
 2088
 2040
 1996
 1954
 1912
 1874
 1840
 1812
 1792
 1778
 1776
 1784
 1798
 1814
 1836
 1858
 1886
 1918
 1960
 2012
 2074
 2134
 2196
 2258
 2316
 2372
 2422
 2468
 2514
 2558
 2600
 2642
 2682
 2712
 2738
 2754
 2778
 2802
 2832
 2860
 2888
 2914
 2934
 2950
 2960
 2960
 2952
 2938
 2920
 2896
 2868
 2832
 2786
 2738
 2688
 2648
 2604
 2558
 2514
 2466
 2420
 2374
 2328
 2274
 2222
 2168
 2112
 2054
 1998
 1934
 1872
 1816
 1768
 1736
 1716
 1708
 1714
 1730
 1756
 1788
 1822
 1856
 1896
 1938
 1986
 2036
 2088
 2134
 2174
 2214
 2268
 2324
 2384
 2442
 2500
 2558
 2608
 2656
 2696
 2734
 2768
 2800
 2832
 2860
 2886
 2906
 2920
 2928
 2940
 2958
 2968
 2978
 2980
 2976
 2964
 2946
 2920
 2886
 2848
 2808
 2760
 2716
 2668
 2618
 2564
 2504
 2446
 2386
 2338
 2292
 2254
 2208
 2154
 2108
 2052
 2000
 1960
 1922
 1892
 1884
 1890
 1904
 1936
 1970
 2016
 2066
 2126
 2190
 2258
 2324
 2386
 2444
 2498
 2542
 2586
 2622
 2658
 2690
 2726
 2756
 2790
 2816
 2836
 2848
 2856
 2874
 2894
 2916
 2938
 2956
 2972
 2984
 2990
 2986
 2972
 2950
 2924
 2896
 2862
 2824
 2772
 2716
 2654
 2590
 2536
 2484
 2432
 2378
 2324
 2270
 2214
 2158
 2094
 2028
 1958
 1886
 1820
 1754
 1690
 1628
 1580
 1550
 1544
 1562
 1594
 1640
 1692
 1748
 1810
 1872
 1936
 2000
 2064
 2128
 2192
 2260
 2328
 2388
 2440
 2484
 2520
 2562
 2604
 2650
 2692
 2730
 2764
 2792
 2816
 2836
 2854
 2868
 2880
 2892
 2902
 2910
 2916
 2920
 2918
 2914
 2912
 2914
 2922
 2934
 2942
 2948
 2950
 2948
 2946
 2938
 2924
 2914
 2906
 2900
 2896
 2890
 2884
 2880
 2874
 2864
 2854
 2848
 2854
 2862
 2874
 2882
 2886
 2890
 2888
 2880
 2864
 2842
 2816
 2790
 2762
 2734
 2704
 2670
 2632
 2590
 2540
 2488
 2436
 2390
 2348
 2308
 2268
 2226
 2182
 2138
 2094
 2048
 2000
 1952
 1902
 1856
 1814
 1772
 1736
 1706
 1692
 1690
 1704
 1726
 1758
 1796
 1838
 1888
 1938
 1988
 2036
 2086
 2138
 2192
 2250
 2312
 2370
 2418
 2458
 2494
 2540
 2586
 2636
 2682
 2724
 2764
 2796
 2824
 2846
 2864
 2884
 2908
 2934
 2958
 2978
 2982
 2976
 2968
 2968
 2964
 2954
 2942
 2926
 2904
 2876
 2844
 2802
 2756
 2702
 2648
 2592
 2534
 2474
 2410
 2338
 2266
 2202
 2140
 2080
 2024
 1964
 1908
 1854
 1800
 1746
 1696
 1644
 1594
 1550
 1514
 1488
 1470
 1470
 1480
 1508
 1546
 1592
 1644
 1700
 1764
 1834
 1900
 1970
 2036
 2102
 2174
 2244
 2314
 2378
 2432
 2482
 2524
 2572
 2618
 2666
 2714
 2754
 2790
 2818
 2842
 2860
 2878
 2890
 2904
 2914
 2918
 2924
 2928
 2926
 2912
 2894
 2878
 2858
 2836
 2810
 2782
 2750
 2714
 2676
 2632
 2586
 2540
 2492
 2438
 2388
 2336
 2278
 2218
 2152
 2088
 2032
 1982
 1936
 1888
 1844
 1796
 1758
 1726
 1702
 1692
 1690
 1698
 1714
 1736
 1762
 1794
 1826
 1858
 1892
 1930
 1984
 2044
 2110
 2174
 2240
 2306
 2366
 2424
 2474
 2522
 2568
 2614
 2656
 2694
 2730
 2762
 2786
 2804
 2814
 2828
 2850
 2874
 2898
 2920
 2938
 2948
 2956
 2962
 2960
 2954
 2942
 2926
 2910
 2888
 2862
 2832
 2796
 2756
 2712
 2666
 2624
 2586
 2548
 2510
 2470
 2428
 2386
 2344
 2300
 2252
 2202
 2156
 2110
 2068
 2032
 2006
 1988
 1982
 1978
 1986
 2000
 2030
 2072
 2120
 2176
 2232
 2290
 2348
 2402
 2452
 2502
 2546
 2588
 2628
 2666
 2704
 2736
 2762
 2786
 2802
 2816
 2822
 2836
 2854
 2876
 2900
 2924
 2942
 2960
 2972
 2974
 2974
 2972
 2972
 2972
 2974
 2972
 2972
 2970
 2966
 2960
 2950
 2940
 2926
 2922
 2910
 2900
 2894
 2890
 2888
 2880
 2868
 2846
 2818
 2786
 2752
 2720
 2688
 2656
 2618
 2578
 2536
 2488
 2438
 2386
 2340
 2302
 2268
 2234
 2198
 2166
 2134
 2104
 2078
 2056
 2036
 2024
 2022
 2026
 2042
 2058
 2080
 2102
 2120
 2142
 2174
 2220
 2266
 2318
 2372
 2428
 2482
 2534
 2578
 2616
 2652
 2688
 2724
 2758
 2788
 2816
 2834
 2846
 2852
 2868
 2886
 2910
 2932
 2948
 2966
 2968
 2960
 2942
 2916
 2882
 2844
 2804
 2760
 2714
 2658
 2596
 2534
 2470
 2414
 2358
 2306
 2250
 2196
 2142
 2088
 2036
 1978
 1916
 1856
 1792
 1730
 1668
 1602
 1530
 1470
 1416
 1380
 1358
 1352
 1364
 1388
 1428
 1470
 1518
 1570
 1630
 1698
 1772
 1848
 1920
 1986
 2044
 2100
 2166
 2240
 2320
 2398
 2470
 2540
 2602
 2658
 2704
 2744
 2778
 2812
 2846
 2874
 2900
 2918
 2928
 2924
 2932
 2942
 2958
 2974
 2986
 2998
 2998
 2990
 2974
 2946
 2910
 2874
 2834
 2792
 2746
 2696
 2638
 2574
 2512
 2460
 2408
 2360
 2308
 2258
 2206
 2154
 2104
 2050
 1992
 1936
 1880
 1826
 1774
 1722
 1676
 1638
 1616
 1614
 1632
 1660
 1696
 1738
 1786
 1840
 1894
 1950
 2004
 2058
 2114
 2174
 2236
 2300
 2358
 2410
 2458
 2496
 2546
 2596
 2648
 2700
 2748
 2790
 2824
 2856
 2878
 2898
 2914
 2928
 2940
 2946
 2954
 2958
 2964
 2964
 2960
 2954
 2960
 2968
 2978
 2984
 2986
 2982
 2968
 2950
 2918
 2882
 2842
 2802
 2758
 2708
 2660
 2606
 2548
 2488
 2420
 2356
 2294
 2242
 2196
 2152
 2106
 2060
 2016
 1970
 1928
 1884
 1844
 1812
 1792
 1788
 1796
 1806
 1820
 1838
 1860
 1890
 1928
 1982
 2044
 2114
 2182
 2250
 2318
 2378
 2436
 2486
 2534
 2578
 2620
 2664
 2702
 2736
 2764
 2784
 2800
 2812
 2832
 2852
 2878
 2898
 2916
 2934
 2946
 2956
 2958
 2958
 2958
 2958
 2960
 2956
 2954
 2952
 2948
 2944
 2936
 2928
 2924
 2928
 2934
 2940
 2942
 2938
 2934
 2922
 2902
 2878
 2850
 2822
 2790
 2756
 2722
 2688
 2648
 2606
 2560
 2510
 2460
 2420
 2382
 2348
 2314
 2278
 2244
 2214
 2182
 2156
 2130
 2110
 2100
 2102
 2112
 2126
 2146
 2168
 2188
 2210
 2234
 2272
 2312
 2352
 2394
 2438
 2484
 2526
 2566
 2598
 2632
 2664
 2694
 2728
 2760
 2788
 2808
 2822
 2832
 2840
 2860
 2878
 2900
 2914
 2926
 2940
 2950
 2954
 2950
 2940
 2924
 2906
 2886
 2862
 2836
 2800
 2758
 2712
 2668
 2630
 2594
 2556
 2514
 2472
 2430
 2384
 2338
 2286
 2232
 2176
 2122
 2066
 2010
 1952
 1886
 1828
 1772
 1732
 1698
 1678
 1664
 1664
 1678
 1702
 1732
 1764
 1800
 1840
 1890
 1942
 1996
 2048
 2096
 2140
 2192
 2250
 2316
 2382
 2450
 2514
 2572
 2622
 2666
 2702
 2734
 2764
 2794
 2820
 2844
 2866
 2880
 2886
 2888
 2894
 2902
 2916
 2930
 2942
 2950
 2958
 2964
 2962
 2956
 2946
 2932
 2918
 2904
 2886
 2862
 2828
 2790
 2746
 2706
 2666
 2626
 2592
 2562
 2534
 2502
 2468
 2426
 2380
 2336
 2290
 2248
 2202
 2154
 2104
 2052
 2010
 1980
 1972
 1974
 1992
 2016
 2046
 2086
 2124
 2166
 2204
 2246
 2288
 2334
 2380
 2428
 2472
 2508
 2538
 2562
 2596
 2634
 2678
 2724
 2770
 2812
 2850
 2876
 2896
 2902
 2906
 2914
 2922
 2930
 2938
 2942
 2940
 2936
 2930
 2934
 2944
 2962
 2978
 2986
 2986
 2974
 2958
 2930
 2894
 2856
 2816
 2774
 2732
 2686
 2634
 2574
 2516
 2462
 2408
 2360
 2310
 2258
 2206
 2154
 2100
 2044
 1982
 1918
 1850
 1782
 1716
 1646
 1574
 1512
 1462
 1430
 1418
 1418
 1430
 1452
 1486
 1532
 1584
 1642
 1708
 1778
 1856
 1932
 2014
 2090
 2160
 2218
 2284
 2354
 2428
 2500
 2564
 2628
 2684
 2734
 2776
 2810
 2838
 2864
 2892
 2914
 2936
 2950
 2954
 2948
 2952
 2958
 2970
 2980
 2978
 2970
 2952
 2926
 2892
 2854
 2812
 2768
 2726
 2674
 2624
 2568
 2506
 2442
 2386
 2334
 2288
 2238
 2188
 2140
 2090
 2044
 1996
 1944
 1890
 1838
 1786
 1736
 1692
 1650
 1624
 1612
 1622
 1644
 1676
 1714
 1756
 1804
 1854
 1908
 1968
 2024
 2082
 2142
 2204
 2264
 2322
 2374
 2416
 2458
 2514
 2566
 2622
 2672
 2718
 2762
 2800
 2834
 2860
 2880
 2892
 2904
 2918
 2932
 2944
 2948
 2948
 2942
 2948
 2956
 2966
 2974
 2974
 2970
 2956
 2934
 2906
 2872
 2834
 2794
 2752
 2710
 2666
 2618
 2566
 2510
 2454
 2404
 2358
 2314
 2266
 2220
 2174
 2128
 2088
 2042
 1998
 1952
 1906
 1864
 1822
 1784
 1748
 1720
 1708
 1710
 1728
 1754
 1786
 1826
 1870
 1918
 1968
 2016
 2064
 2118
 2174
 2230
 2292
 2348
 2402
 2450
 2486
 2526
 2572
 2624
 2678
 2730
 2778
 2820
 2852
 2880
 2900
 2916
 2932
 2944
 2956
 2966
 2976
 2980
 2976
 2968
 2968
 2972
 2980
 2988
 2998
 3004
 3004
 3000
 2986
 2964
 2942
 2914
 2890
 2864
 2836
 2806
 2768
 2722
 2670
 2616
 2570
 2520
 2466
 2412
 2354
 2294
 2230
 2166
 2098
 2032
 1968
 1906
 1850
 1798
 1756
 1720
 1704
 1700
 1716
 1742
 1780
 1822
 1872
 1928
 1988
 2046
 2102
 2158
 2216
 2276
 2336
 2394
 2448
 2496
 2536
 2568
 2608
 2650
 2696
 2738
 2776
 2810
 2840
 2866
 2884
 2900
 2910
 2918
 2924
 2930
 2938
 2944
 2940
 2934
 2928
 2932
 2940
 2952
 2954
 2960
 2968
 2974
 2978
 2972
 2966
 2958
 2950
 2938
 2926
 2910
 2892
 2866
 2838
 2806
 2780
 2754
 2732
 2708
 2684
 2660
 2634
 2604
 2568
 2530
 2486
 2440
 2388
 2338
 2288
 2246
 2206
 2178
 2162
 2162
 2174
 2198
 2226
 2262
 2302
 2342
 2382
 2420
 2454
 2486
 2524
 2558
 2598
 2634
 2666
 2690
 2706
 2728
 2756
 2786
 2816
 2844
 2870
 2892
 2904
 2916
 2920
 2926
 2930
 2934
 2938
 2942
 2944
 2940
 2922
 2902
 2886
 2866
 2846
 2820
 2798
 2772
 2742
 2710
 2672
 2630
 2586
 2540
 2494
 2446
 2396
 2340
 2280
 2222
 2170
 2124
 2080
 2036
 1994
 1950
 1912
 1878
 1844
 1810
 1786
 1768
 1764
 1770
 1778
 1792
 1814
 1838
 1878
 1926
 1982
 2040
 2096
 2156
 2214
 2268
 2318
 2368
 2414
 2460
 2510
 2558
 2602
 2636
 2664
 2688
 2716
 2748
 2782
 2814
 2846
 2874
 2896
 2914
 2928
 2930
 2934
 2936
 2940
 2948
 2950
 2950
 2948
 2942
 2934
 2930
 2926
 2918
 2908
 2892
 2872
 2846
 2816
 2782
 2742
 2700
 2658
 2614
 2570
 2524
 2474
 2420
 2368
 2316
 2274
 2234
 2198
 2160
 2128
 2096
 2066
 2038
 2008
 1980
 1960
 1950
 1952
 1956
 1966
 1976
 1988
 2010
 2040
 2086
 2138
 2194
 2248
 2306
 2358
 2406
 2452
 2488
 2520
 2554
 2582
 2612
 2640
 2666
 2684
 2696
 2700
 2708
 2720
 2730
 2744
 2760
 2774
 2788
 2800
 2808
 2812
 2820
 2820
 2826
 2830
 2834
 2836
 2840
 2840
 2836
 2830
 2824
 2830
 2836
 2846
 2858
 2868
 2876
 2882
 2888
 2884
 2878
 2878
 2876
 2878
 2880
 2880
 2878
 2874
 2864
 2846
 2826
 2804
 2790
 2774
 2760
 2744
 2728
 2708
 2688
 2666
 2634
 2600
 2564
 2526
 2490
 2454
 2416
 2374
 2330
 2280
 2230
 2184
 2148
 2118
 2092
 2072
 2062
 2060
 2068
 2082
 2102
 2122
 2148
 2176
 2214
 2254
 2300
 2340
 2374
 2406
 2444
 2494
 2550
 2606
 2664
 2718
 2766
 2804
 2836
 2862
 2884
 2906
 2924
 2944
 2956
 2962
 2964
 2960
 2960
 2960
 2958
 2950
 2938
 2918
 2886
 2850
 2810
 2760
 2708
 2656
 2600
 2546
 2490
 2430
 2362
 2296
 2230
 2172
 2120
 2070
 2020
 1972
 1924
 1880
 1840
 1796
 1752
 1706
 1658
 1612
 1570
 1526
 1496
 1482
 1488
 1512
 1548
 1592
 1648
 1712
 1776
 1836
 1896
 1954
 2014
 2076
 2140
 2202
 2264
 2314
 2360
 2396
 2444
 2498
 2558
 2614
 2666
 2714
 2756
 2796
 2830
 2854
 2876
 2898
 2916
 2934
 2952
 2962
 2966
 2956
 2958
 2962
 2966
 2966
 2956
 2940
 2918
 2890
 2854
 2810
 2762
 2712
 2660
 2608
 2556
 2498
 2432
 2368
 2302
 2246
 2194
 2144
 2094
 2044
 1994
 1946
 1902
 1858
 1814
 1772
 1736
 1710
 1696
 1690
 1696
 1710
 1728
 1762
 1804
 1852
 1902
 1956
 2016
 2078
 2140
 2198
 2254
 2310
 2364
 2422
 2480
 2534
 2582
 2622
 2652
 2680
 2716
 2754
 2794
 2834
 2870
 2902
 2928
 2948
 2964
 2972
 2980
 2986
 2994
 3000
 3006
 3008
 2996
 2974
 2946
 2920
 2890
 2860
 2828
 2792
 2754
 2712
 2670
 2622
 2568
 2516
 2462
 2410
 2356
 2302
 2240
 2174
 2114
 2056
 2008
 1962
 1920
 1876
 1834
 1796
 1760
 1730
 1706
 1688
 1684
 1690
 1706
 1724
 1746
 1770
 1802
 1838
 1890
 1950
 2014
 2078
 2146
 2212
 2276
 2340
 2400
 2454
 2504
 2556
 2606
 2656
 2698
 2734
 2762
 2780
 2806
 2834
 2864
 2894
 2916
 2936
 2954
 2968
 2980
 2984
 2986
 2990
 2996
 3000
 3002
 3006
 3006
 3000
 2992
 2988
 2990
 2996
 3006
 3014
 3018
 3018
 3016
 3008
 2992
 2970
 2946
 2922
 2898
 2868
 2834
 2794
 2752
 2704
 2654
 2606
 2564
 2522
 2480
 2440
 2396
 2354
 2310
 2264
 2216
 2168
 2116
 2066
 2022
 1984
 1952
 1934
 1922
 1918
 1926
 1948
 1984
 2026
 2070
 2120
 2180
 2236
 2288
 2336
 2382
 2426
 2470
 2516
 2560
 2604
 2644
 2678
 2704
 2720
 2742
 2772
 2802
 2834
 2864
 2890
 2912
 2932
 2948
 2966
 2986
 2992
 3002
 3008
 3012
 3012
 3008
 3000
 2986
 2978
 2976
 2972
 2970
 2962
 2954
 2940
 2920
 2896
 2866
 2830
 2792
 2752
 2712
 2672
 2630
 2582
 2530
 2476
 2420
 2376
 2334
 2296
 2258
 2222
 2188
 2160
 2132
 2100
 2070
 2038
 2010
 1992
 1982
 1980
 1988
 1998
 2012
 2040
 2078
 2124
 2172
 2222
 2274
 2326
 2374
 2420
 2462
 2504
 2544
 2586
 2626
 2666
 2700
 2728
 2748
 2760
 2782
 2804
 2830
 2854
 2878
 2902
 2922
 2936
 2948
 2950
 2948
 2948
 2950
 2952
 2954
 2956
 2954
 2948
 2940
 2938
 2940
 2948
 2952
 2954
 2954
 2944
 2930
 2910
 2884
 2854
 2822
 2788
 2754
 2720
 2682
 2636
 2586
 2536
 2488
 2446
 2406
 2366
 2326
 2284
 2246
 2206
 2164
 2120
 2076
 2032
 1992
 1954
 1918
 1888
 1866
 1856
 1858
 1878
 1904
 1936
 1976
 2020
 2066
 2116
 2164
 2210
 2256
 2304
 2354
 2406
 2462
 2512
 2554
 2586
 2614
 2654
 2692
 2732
 2772
 2806
 2840
 2868
 2890
 2906
 2916
 2920
 2926
 2932
 2940
 2946
 2946
 2944
 2934
 2934
 2940
 2948
 2956
 2964
 2974
 2978
 2978
 2972
 2958
 2942
 2920
 2894
 2868
 2838
 2804
 2762
 2714
 2662
 2608
 2564
 2522
 2480
 2436
 2396
 2354
 2314
 2274
 2228
 2180
 2132
 2084
 2040
 1996
 1954
 1916
 1888
 1874
 1876
 1892
 1916
 1944
 1982
 2022
 2068
 2112
 2158
 2200
 2244
 2290
 2340
 2392
 2446
 2488
 2528
 2560
 2598
 2642
 2690
 2732
 2772
 2806
 2838
 2862
 2882
 2896
 2910
 2918
 2928
 2936
 2940
 2932
 2910
 2880
 2852
 2826
 2798
 2768
 2736
 2700
 2666
 2630
 2592
 2548
 2504
 2456
 2410
 2362
 2312
 2258
 2200
 2144
 2088
 2044
 2000
 1962
 1922
 1884
 1854
 1828
 1812
 1800
 1802
 1808
 1822
 1842
 1862
 1884
 1906
 1930
 1958
 1996
 2038
 2084
 2130
 2180
 2236
 2292
 2346
 2392
 2436
 2478
 2520
 2564
 2602
 2638
 2666
 2686
 2702
 2724
 2750
 2778
 2808
 2834
 2860
 2882
 2898
 2904
 2908
 2912
 2916
 2920
 2926
 2932
 2936
 2936
 2932
 2924
 2918
 2922
 2932
 2946
 2960
 2978
 2990
 2996
 2996
 2986
 2972
 2954
 2934
 2910
 2882
 2850
 2814
 2772
 2722
 2672
 2618
 2570
 2526
 2482
 2436
 2390
 2346
 2304
 2264
 2222
 2180
 2142
 2112
 2090
 2076
 2074
 2074
 2078
 2086
 2096
 2118
 2152
 2194
 2240
 2290
 2342
 2394
 2442
 2486
 2528
 2566
 2604
 2642
 2680
 2718
 2748
 2772
 2788
 2796
 2818
 2840
 2866
 2890
 2912
 2924
 2938
 2946
 2948
 2944
 2934
 2920
 2904
 2888
 2866
 2842
 2810
 2774
 2732
 2696
 2664
 2630
 2596
 2558
 2522
 2484
 2442
 2400
 2354
 2306
 2258
 2210
 2162
 2110
 2060
 2006
 1956
 1916
 1892
 1884
 1888
 1904
 1926
 1958
 1994
 2032
 2068
 2106
 2144
 2186
 2232
 2282
 2328
 2370
 2406
 2436
 2472
 2514
 2558
 2602
 2644
 2680
 2710
 2734
 2750
 2756
 2760
 2760
 2760
 2760
 2762
 2764
 2764
 2762
 2758
 2756
 2766
 2780
 2800
 2818
 2838
 2858
 2872
 2882
 2886
 2882
 2880
 2884
 2894
 2906
 2916
 2922
 2924
 2914
 2894
 2864
 2840
 2814
 2790
 2766
 2738
 2712
 2682
 2646
 2608
 2566
 2524
 2476
 2426
 2374
 2320
 2260
 2202
 2136
 2078
 2022
 1978
 1938
 1904
 1870
 1846
 1832
 1828
 1838
 1852
 1872
 1898
 1930
 1970
 2008
 2048
 2100
 2166
 2230
 2300
 2374
 2434
 2488
 2538
 2584
 2626
 2666
 2696
 2726
 2752
 2780
 2808
 2832
 2850
 2858
 2864
 2880
 2898
 2918
 2936
 2938
 2928
 2912
 2890
 2858
 2818
 2772
 2728
 2678
 2628
 2576
 2514
 2450
 2384
 2326
 2270
 2216
 2156
 2098
 2042
 1984
 1922
 1858
 1792
 1720
 1650
 1576
 1506
 1434
 1370
 1324
 1298
 1292
 1302
 1326
 1358
 1400
 1448
 1498
 1552
 1610
 1670
 1734
 1806
 1882
 1956
 2020
 2080
 2142
 2214
 2294
 2372
 2446
 2520
 2586
 2646
 2698
 2740
 2780
 2816
 2854
 2886
 2914
 2932
 2940
 2938
 2948
 2960
 2976
 2990
 3004
 3012
 3012
 3002
 2982
 2952
 2920
 2884
 2846
 2802
 2752
 2696
 2632
 2566
 2508
 2450
 2394
 2332
 2270
 2208
 2150
 2090
 2026
 1956
 1886
 1816
 1748
 1678
 1606
 1532
 1472
 1420
 1388
 1372
 1372
 1388
 1414
 1450
 1490
 1536
 1584
 1638
 1694
 1756
 1820
 1886
 1946
 2004
 2056
 2122
 2198
 2276
 2352
 2424
 2496
 2562
 2620
 2672
 2718
 2760
 2802
 2842
 2878
 2906
 2924
 2932
 2940
 2958
 2974
 2994
 3002
 3002
 2994
 2976
 2946
 2904
 2858
 2808
 2758
 2708
 2654
 2600
 2534
 2468
 2402
 2344
 2288
 2234
 2178
 2122
 2066
 2010
 1956
 1896
 1834
 1774
 1716
 1668
 1630
 1602
 1588
 1592
 1606
 1636
 1676
 1724
 1776
 1834
 1898
 1958
 2018
 2074
 2128
 2180
 2240
 2306
 2372
 2434
 2486
 2528
 2564
 2610
 2660
 2710
 2758
 2808
 2852
 2888
 2920
 2944
 2962
 2976
 2990
 3004
 3016
 3022
 3024
 3022
 3014
 3008
 3014
 3018
 3022
 3022
 3016
 3004
 2986
 2964
 2934
 2900
 2862
 2820
 2776
 2734
 2688
 2642
 2586
 2526
 2466
 2414
 2366
 2318
 2272
 2224
 2176
 2128
 2082
 2034
 1984
 1936
 1896
 1868
 1854
 1850
 1856
 1870
 1894
 1926
 1974
 2034
 2102
 2168
 2236
 2304
 2366
 2430
 2486
 2538
 2582
 2628
 2672
 2712
 2752
 2786
 2812
 2832
 2842
 2858
 2878
 2896
 2912
 2928
 2942
 2956
 2968
 2976
 2978
 2980
 2984
 2988
 2990
 2992
 2996
 2998
 2996
 2990
 2980
 2978
 2984
 2992
 3000
 3008
 3018
 3024
 3030
 3032
 3030
 3028
 3026
 3026
 3020
 3014
 3002
 2990
 2968
 2934
 2902
 2866
 2840
 2808
 2782
 2746
 2708
 2666
 2622
 2574
 2522
 2468
 2414
 2362
 2310
 2260
 2206
 2150
 2090
 2034
 1980
 1938
 1902
 1868
 1838
 1812
 1794
 1780
 1778
 1786
 1804
 1830
 1864
 1904
 1948
 1984
 2020
 2054
 2096
 2148
 2202
 2256
 2308
 2362
 2414
 2460
 2500
 2534
 2568
 2602
 2636
 2672
 2706
 2730
 2754
 2768
 2790
 2816
 2844
 2876
 2904
 2928
 2950
 2968
 2978
 2978
 2970
 2954
 2930
 2902
 2868
 2822
 2772
 2718
 2670
 2620
 2568
 2514
 2460
 2402
 2344
 2286
 2222
 2156
 2090
 2022
 1954
 1884
 1812
 1738
 1674
 1618
 1572
 1536
 1512
 1496
 1496
 1508
 1532
 1560
 1588
 1622
 1664
 1710
 1758
 1804
 1850
 1892
 1944
 2010
 2080
 2152
 2226
 2298
 2372
 2442
 2506
 2564
 2618
 2668
 2720
 2768
 2808
 2840
 2862
 2880
 2904
 2926
 2950
 2974
 2994
 3010
 3022
 3020
 3010
 2994
 2972
 2952
 2926
 2894
 2858
 2814
 2766
 2714
 2670
 2624
 2580
 2532
 2488
 2440
 2396
 2352
 2302
 2252
 2200
 2148
 2100
 2052
 2000
 1948
 1910
 1880
 1872
 1872
 1882
 1898
 1920
 1946
 1976
 2010
 2042
 2078
 2118
 2164
 2210
 2254
 2294
 2332
 2364
 2406
 2456
 2510
 2564
 2618
 2672
 2720
 2762
 2802
 2832
 2864
 2892
 2918
 2944
 2966
 2982
 2990
 2990
 2994
 3004
 3016
 3028
 3044
 3058
 3070
 3078
 3082
 3082
 3080
 3074
 3058
 3042
 3022
 2998
 2968
 2928
 2884
 2836
 2796
 2754
 2710
 2662
 2610
 2560
 2508
 2454
 2400
 2344
 2284
 2222
 2164
 2104
 2042
 1982
 1918
 1864
 1818
 1788
 1766
 1754
 1752
 1760
 1776
 1798
 1826
 1854
 1884
 1920
 1958
 2000
 2048
 2092
 2130
 2168
 2208
 2258
 2314
 2374
 2434
 2492
 2550
 2602
 2652
 2692
 2730
 2764
 2798
 2830
 2860
 2888
 2908
 2920
 2924
 2932
 2946
 2960
 2978
 2996
 3012
 3026
 3036
 3042
 3046
 3046
 3046
 3046
 3046
 3048
 3048
 3046
 3036
 3024
 3012
 3012
 3014
 3024
 3034
 3044
 3054
 3058
 3054
 3048
 3036
 3020
 3004
 2984
 2964
 2942
 2920
 2892
 2858
 2822
 2786
 2762
 2736
 2714
 2686
 2658
 2628
 2596
 2562
 2522
 2478
 2432
 2386
 2342
 2298
 2260
 2226
 2198
 2182
 2176
 2188
 2206
 2236
 2272
 2310
 2356
 2398
 2438
 2474
 2508
 2540
 2576
 2612
 2648
 2682
 2706
 2724
 2736
 2756
 2782
 2810
 2842
 2870
 2900
 2926
 2946
 2962
 2972
 2972
 2976
 2980
 2986
 2992
 2994
 2992
 2984
 2976
 2976
 2970
 2964
 2956
 2940
 2924
 2898
 2872
 2838
 2800
 2758
 2716
 2674
 2630
 2582
 2528
 2468
 2412
 2354
 2308
 2264
 2220
 2176
 2134
 2092
 2052
 2012
 1972
 1932
 1892
 1856
 1826
 1802
 1784
 1780
 1786
 1804
 1832
 1864
 1902
 1946
 1996
 2048
 2100
 2150
 2198
 2256
 2312
 2370
 2430
 2486
 2534
 2574
 2606
 2646
 2688
 2732
 2774
 2814
 2848
 2880
 2908
 2928
 2944
 2956
 2970
 2972
 2978
 2980
 2972
 2960
 2936
 2914
 2890
 2864
 2828
 2784
 2732
 2678
 2624
 2568
 2514
 2456
 2398
 2340
 2280
 2218
 2146
 2070
 2000
 1938
 1884
 1834
 1788
 1746
 1714
 1692
 1684
 1688
 1698
 1718
 1742
 1772
 1806
 1842
 1874
 1918
 1964
 2020
 2086
 2154
 2222
 2292
 2360
 2424
 2484
 2542
 2594
 2642
 2688
 2732
 2772
 2808
 2834
 2850
 2864
 2886
 2908
 2934
 2956
 2978
 2990
 3002
 3010
 3016
 3016
 3010
 3002
 2990
 2974
 2954
 2926
 2892
 2854
 2820
 2786
 2752
 2716
 2682
 2646
 2606
 2568
 2526
 2474
 2422
 2372
 2320
 2266
 2206
 2148
 2084
 2028
 1982
 1956
 1946
 1950
 1964
 1984
 2014
 2046
 2086
 2126
 2172
 2222
 2278
 2336
 2396
 2450
 2498
 2538
 2572
 2616
 2662
 2708
 2752
 2794
 2834
 2870
 2900
 2922
 2938
 2952
 2962
 2974
 2984
 2994
 3000
 3000
 2998
 2992
 2992
 2992
 2996
 3006
 3014
 3024
 3030
 3036
 3038
 3036
 3032
 3028
 3028
 3028
 3028
 3028
 3026
 3018
 3010
 2998
 2992
 2994
 2994
 2996
 2994
 2994
 2986
 2974
 2958
 2936
 2912
 2880
 2846
 2812
 2772
 2730
 2688
 2642
 2592
 2538
 2486
 2444
 2406
 2370
 2336
 2302
 2268
 2234
 2202
 2168
 2132
 2096
 2060
 2030
 2008
 1994
 1988
 1986
 1990
 2000
 2028
 2064
 2110
 2160
 2212
 2268
 2328
 2382
 2432
 2480
 2526
 2572
 2618
 2662
 2702
 2736
 2760
 2776
 2798
 2818
 2846
 2874
 2900
 2922
 2944
 2958
 2970
 2976
 2978
 2982
 2980
 2974
 2966
 2950
 2926
 2892
 2850
 2818
 2784
 2750
 2714
 2682
 2648
 2610
 2572
 2532
 2484
 2438
 2390
 2344
 2294
 2244
 2186
 2128
 2070
 2018
 1974
 1936
 1898
 1866
 1842
 1828
 1828
 1838
 1852
 1874
 1902
 1938
 1978
 2022
 2064
 2108
 2148
 2200
 2256
 2318
 2382
 2448
 2518
 2590
 2662
 2720
 2768
 2804
 2836
 2872
 2912
 2948
 2972
 2982
 2984
 2982
 2992
 3010
 3034
 3052
 3068
 3078
 3080
 3082
 3084
 3080
 3068
 3054
 3032
 3006
 2964
 2916
 2858
 2798
 2742
 2688
 2636
 2584
 2530
 2480
 2428
 2382
 2330
 2276
 2220
 2160
 2102
 2042
 1980
 1920
 1856
 1804
 1758
 1736
 1724
 1728
 1740
 1762
 1790
 1826
 1862
 1902
 1946
 1992
 2044
 2106
 2170
 2228
 2280
 2328
 2374
 2432
 2492
 2550
 2604
 2656
 2704
 2746
 2782
 2808
 2834
 2854
 2874
 2892
 2908
 2920
 2930
 2934
 2932
 2930
 2934
 2940
 2952
 2962
 2970
 2972
 2974
 2974
 2970
 2964
 2960
 2956
 2954
 2954
 2952
 2946
 2944
 2938
 2930
 2922
 2914
 2916
 2914
 2916
 2912
 2906
 2896
 2880
 2862
 2834
 2798
 2762
 2726
 2688
 2650
 2614
 2570
 2524
 2474
 2416
 2364
 2312
 2272
 2236
 2206
 2174
 2144
 2118
 2090
 2068
 2042
 2020
 2004
 1998
 2002
 2008
 2018
 2030
 2040
 2056
 2078
 2118
 2168
 2226
 2284
 2346
 2408
 2464
 2518
 2562
 2604
 2642
 2676
 2710
 2742
 2772
 2800
 2816
 2826
 2832
 2846
 2862
 2884
 2902
 2920
 2928
 2928
 2920
 2904
 2880
 2850
 2820
 2788
 2756
 2720
 2682
 2636
 2584
 2530
 2480
 2438
 2394
 2350
 2304
 2256
 2206
 2156
 2104
 2046
 1988
 1928
 1872
 1814
 1764
 1724
 1696
 1686
 1688
 1708
 1740
 1780
 1830
 1888
 1950
 2012
 2070
 2124
 2176
 2232
 2288
 2350
 2408
 2460
 2504
 2540
 2570
 2612
 2652
 2694
 2734
 2770
 2802
 2826
 2844
 2854
 2858
 2864
 2868
 2874
 2876
 2882
 2884
 2882
 2874
 2856
 2834
 2818
 2808
 2804
 2798
 2802
 2806
 2810
 2814
 2812
 2806
 2800
 2792
 2782
 2768
 2756
 2740
 2718
 2684
 2650
 2616
 2586
 2556
 2526
 2492
 2456
 2422
 2382
 2342
 2296
 2250
 2202
 2156
 2110
 2068
 2024
 1982
 1942
 1912
 1902
 1898
 1918
 1948
 1986
 2028
 2074
 2122
 2162
 2200
 2236
 2276
 2316
 2358
 2400
 2440
 2480
 2514
 2538
 2550
 2542
 2516
 2492
 2480
 2480
 2484
 2494
 2504
 2516
 2530
 2548
 2568
 2592
 2622
 2652
 2682
 2714
 2742
 2766
 2782
 2794
 2806
 2824
 2848
 2872
 2896
 2912
 2928
 2938
 2940
 2934
 2918
 2902
 2888
 2872
 2854
 2830
 2800
 2758
 2716
 2672
 2634
 2592
 2554
 2508
 2464
 2420
 2370
 2318
 2256
 2192
 2126
 2060
 1992
 1924
 1850
 1774
 1706
 1638
 1582
 1528
 1480
 1432
 1392
 1368
 1354
 1358
 1368
 1388
 1414
 1450
 1498
 1546
 1592
 1644
 1696
 1768
 1846
 1932
 2020
 2106
 2198
 2280
 2354
 2420
 2480
 2536
 2590
 2642
 2688
 2726
 2752
 2770
 2796
 2822
 2852
 2882
 2910
 2932
 2952
 2968
 2976
 2972
 2960
 2944
 2922
 2898
 2868
 2826
 2778
 2732
 2688
 2644
 2598
 2550
 2504
 2458
 2410
 2362
 2306
 2248
 2190
 2130
 2072
 2008
 1942
 1874
 1814
 1762
 1720
 1686
 1656
 1634
 1620
 1618
 1632
 1658
 1694
 1748
 1818
 1894
 1972
 2038
 2094
 2142
 2190
 2252
 2322
 2396
 2466
 2534
 2598
 2650
 2694
 2732
 2764
 2796
 2828
 2856
 2884
 2904
 2912
 2910
 2914
 2926
 2940
 2958
 2974
 2990
 3004
 3010
 3006
 2988
 2962
 2932
 2896
 2856
 2814
 2768
 2714
 2654
 2590
 2532
 2478
 2426
 2368
 2312
 2256
 2200
 2146
 2092
 2034
 1976
 1918
 1864
 1812
 1762
 1710
 1664
 1632
 1620
 1626
 1644
 1670
 1704
 1746
 1792
 1842
 1898
 1954
 2012
 2084
 2158
 2230
 2300
 2360
 2414
 2458
 2512
 2570
 2628
 2684
 2736
 2782
 2824
 2860
 2890
 2912
 2932
 2950
 2966
 2980
 2994
 2998
 3000
 2996
 2994
 2994
 2992
 2984
 2968
 2942
 2912
 2878
 2840
 2794
 2746
 2692
 2638
 2584
 2530
 2470
 2404
 2330
 2260
 2196
 2138
 2080
 2024
 1966
 1910
 1858
 1808
 1756
 1708
 1660
 1614
 1580
 1554
 1536
 1526
 1530
 1542
 1572
 1612
 1660
 1720
 1786
 1854
 1926
 1996
 2066
 2134
 2202
 2272
 2344
 2422
 2494
 2552
 2602
 2638
 2682
 2726
 2774
 2818
 2858
 2896
 2928
 2954
 2974
 2986
 2996
 3002
 3012
 3020
 3028
 3026
 3022
 3014
 3004
 3006
 3008
 3016
 3016
 3010
 3000
 2984
 2958
 2928
 2890
 2850
 2808
 2766
 2722
 2676
 2628
 2574
 2512
 2450
 2394
 2346
 2298
 2248
 2200
 2150
 2100
 2052
 2006
 1956
 1910
 1862
 1818
 1782
 1750
 1728
 1712
 1710
 1716
 1736
 1770
 1808
 1848
 1896
 1946
 1998
 2048
 2104
 2160
 2212
 2270
 2328
 2390
 2450
 2502
 2546
 2582
 2620
 2664
 2710
 2754
 2796
 2838
 2874
 2904
 2928
 2948
 2960
 2972
 2988
 3002
 3018
 3028
 3032
 3030
 3020
 3010
 3002
 2996
 2988
 2976
 2962
 2942
 2920
 2890
 2858
 2816
 2776
 2734
 2692
 2648
 2604
 2550
 2490
 2434
 2374
 2324
 2276
 2230
 2184
 2140
 2096
 2054
 2012
 1970
 1924
 1882
 1842
 1816
 1796
 1790
 1788
 1798
 1818
 1852
 1898
 1952
 2010
 2074
 2140
 2204
 2264
 2326
 2382
 2438
 2492
 2544
 2598
 2646
 2688
 2722
 2742
 2768
 2798
 2830
 2862
 2892
 2914
 2934
 2950
 2964
 2970
 2974
 2978
 2984
 2990
 2996
 3002
 3002
 2998
 2988
 2984
 2986
 2990
 3000
 3008
 3016
 3026
 3028
 3032
 3026
 3020
 3010
 3004
 3000
 2996
 2992
 2982
 2972
 2958
 2944
 2938
 2942
 2948
 2958
 2968
 2972
 2974
 2970
 2958
 2940
 2916
 2890
 2862
 2834
 2802
 2770
 2732
 2688
 2638
 2586
 2542
 2498
 2458
 2416
 2376
 2334
 2294
 2252
 2210
 2162
 2112
 2064
 2016
 1970
 1922
 1876
 1832
 1800
 1778
 1776
 1786
 1808
 1834
 1870
 1912
 1954
 2000
 2044
 2092
 2142
 2194
 2252
 2310
 2360
 2402
 2438
 2480
 2526
 2576
 2622
 2668
 2714
 2754
 2790
 2818
 2840
 2864
 2884
 2902
 2922
 2938
 2942
 2942
 2938
 2938
 2944
 2952
 2964
 2974
 2984
 2992
 2994
 2988
 2976
 2958
 2938
 2912
 2886
 2860
 2830
 2792
 2742
 2688
 2642
 2600
 2558
 2516
 2476
 2434
 2392
 2350
 2306
 2256
 2206
 2156
 2108
 2058
 2008
 1960
 1906
 1864
 1836
 1824
 1826
 1840
 1862
 1894
 1932
 1974
 2018
 2060
 2110
 2158
 2202
 2250
 2294
 2336
 2374
 2404
 2434
 2474
 2518
 2564
 2608
 2652
 2692
 2730
 2762
 2786
 2806
 2824
 2844
 2862
 2880
 2894
 2906
 2904
 2898
 2898
 2904
 2914
 2926
 2936
 2948
 2956
 2962
 2966
 2966
 2962
 2962
 2960
 2958
 2958
 2956
 2948
 2934
 2910
 2882
 2856
 2830
 2804
 2776
 2746
 2716
 2682
 2648
 2608
 2562
 2516
 2468
 2420
 2372
 2322
 2270
 2218
 2156
 2100
 2048
 2002
 1962
 1926
 1890
 1856
 1826
 1804
 1788
 1784
 1786
 1798
 1814
 1836
 1860
 1886
 1910
 1940
 1970
 2012
 2062
 2114
 2166
 2222
 2280
 2334
 2386
 2432
 2474
 2518
 2558
 2598
 2636
 2672
 2702
 2724
 2738
 2758
 2782
 2812
 2838
 2864
 2886
 2906
 2916
 2922
 2926
 2928
 2930
 2930
 2932
 2936
 2938
 2938
 2930
 2918
 2918
 2920
 2926
 2934
 2942
 2950
 2958
 2962
 2960
 2956
 2944
 2928
 2912
 2894
 2874
 2850
 2826
 2790
 2752
 2714
 2678
 2642
 2606
 2570
 2534
 2498
 2458
 2420
 2378
 2332
 2288
 2242
 2198
 2156
 2110
 2064
 2018
 1974
 1938
 1922
 1922
 1934
 1958
 1990
 2028
 2072
 2114
 2156
 2200
 2244
 2286
 2330
 2374
 2418
 2456
 2486
 2512
 2536
 2570
 2606
 2646
 2684
 2722
 2756
 2788
 2814
 2832
 2846
 2860
 2872
 2884
 2894
 2904
 2906
 2902
 2896
 2890
 2892
 2896
 2906
 2916
 2928
 2936
 2944
 2950
 2952
 2948
 2946
 2938
 2934
