46
188
317
427
545
655
766
878
991
1110
1223
1332
1439
1550
1661
1751
1853
1951
2091
2196
2306
2429
2554
2655
2755
2846
2955
3071
3173
3283
3398
3504
3621
3725
3827
3931
4042
4139
4248
4368
4490
4613
4736
4862
4975
5082
5185
5286
5393
5489
5590
5693
5802
5912
6017
6124
6225
6337
6472
6590
6709
6806
6942
7050
7156
7258
7360
7458
7568
7665
7756
7863
7987
8068
8165
8272
8385
8479
8584
8688
8785
8885
8948
9027
9140
9268
9373
9468
9559
9670
9790
9899
9980
10072
10174
10286
10387
10510
10629
10720
10857
10967
11080
11194
11312
11322
11468
11588
11703
11802
11910
12026
12146
12243
12341
12438
12542
12637
12736
12833
12943
13040
13139
13245
13362
13380
13457
13555
13660
13758
13865
13974
14061
14252
14368
14479
14600
14738
14847
14954
15070
15185
15303
15438
15563
15672
15786
15884
15989
