 2070
 2106
 2138
 2172
 2202
 2232
 2258
 2284
 2310
 2334
 2360
 2380
 2402
 2424
 2446
 2472
 2500
 2526
 2550
 2566
 2586
 2604
 2622
 2640
 2652
 2658
 2660
 2658
 2654
 2648
 2642
 2636
 2636
 2642
 2648
 2656
 2662
 2666
 2678
 2694
 2714
 2738
 2766
 2798
 2832
 2862
 2890
 2906
 2910
 2892
 2860
 2800
 2692
 2538
 2358
 2188
 2048
 1960
 1918
 1908
 1906
 1902
 1898
 1894
 1892
 1890
 1890
 1880
 1860
 1830
 1792
 1750
 1710
 1676
 1656
 1650
 1658
 1676
 1692
 1706
 1718
 1734
 1750
 1766
 1780
 1792
 1806
 1820
 1836
 1864
 1890
 1926
 1964
 2004
 2044
 2080
 2122
 2162
 2202
 2242
 2276
 2310
 2344
 2378
 2416
 2446
 2472
 2496
 2518
 2544
 2574
 2604
 2634
 2666
 2698
 2726
 2756
 2782
 2806
 2828
 2850
 2872
 2896
 2914
 2924
 2932
 2944
 2956
 2976
 3000
 3024
 3054
 3082
 3108
 3136
 3162
 3182
 3196
 3208
 3214
 3210
 3200
 3176
 3140
 3098
 3058
 3016
 2974
 2934
 2892
 2852
 2806
 2756
 2704
 2646
 2588
 2530
 2474
 2422
 2372
 2322
 2268
 2218
 2176
 2144
 2122
 2102
 2084
 2072
 2066
 2068
 2074
 2078
 2088
 2104
 2122
 2146
 2172
 2202
 2232
 2256
 2282
 2308
 2342
 2382
 2424
 2466
 2508
 2550
 2590
 2628
 2662
 2698
 2730
 2762
 2794
 2822
 2852
 2876
 2894
 2908
 2926
 2944
 2968
 2996
 3024
 3054
 3080
 3102
 3122
 3138
 3152
 3164
 3178
 3192
 3204
 3212
 3210
 3206
 3198
 3188
 3180
 3164
 3148
 3128
 3102
 3072
 3034
 2994
 2948
 2902
 2852
 2800
 2748
 2696
 2640
 2582
 2520
 2460
 2402
 2356
 2310
 2272
 2234
 2196
 2162
 2130
 2102
 2076
 2050
 2024
 2006
 1998
 1992
 1992
 1994
 2002
 2018
 2044
 2074
 2108
 2142
 2176
 2212
 2248
 2282
 2314
 2346
 2380
 2416
 2454
 2490
 2526
 2554
 2576
 2594
 2614
 2642
 2674
 2706
 2740
 2774
 2808
 2842
 2874
 2902
 2928
 2948
 2970
 2992
 3016
 3036
 3048
 3056
 3058
 3070
 3086
 3104
 3122
 3142
 3160
 3174
 3184
 3190
 3192
 3196
 3198
 3198
 3202
 3206
 3208
 3200
 3178
 3148
 3122
 3098
 3068
 3036
 3000
 2958
 2914
 2868
 2818
 2768
 2716
 2662
 2608
 2556
 2502
 2442
 2384
 2318
 2260
 2206
 2164
 2124
 2088
 2054
 2024
 1998
 1984
 1978
 1978
 1986
 1998
 2016
 2038
 2064
 2088
 2110
 2138
 2166
 2208
 2256
 2306
 2358
 2408
 2460
 2512
 2562
 2606
 2646
 2684
 2724
 2762
 2804
 2844
 2882
 2910
 2932
 2950
 2978
 3004
 3036
 3066
 3094
 3118
 3134
 3146
 3154
 3160
 3164
 3166
 3172
 3176
 3180
 3180
 3172
 3162
 3152
 3156
 3156
 3156
 3154
 3144
 3134
 3114
 3082
 3048
 3006
 2964
 2914
 2860
 2802
 2742
 2680
 2614
 2542
 2474
 2412
 2360
 2310
 2260
 2212
 2162
 2114
 2068
 2026
 1986
 1952
 1926
 1912
 1906
 1908
 1910
 1918
 1932
 1952
 1988
 2030
 2080
 2140
 2204
 2268
 2332
 2390
 2444
 2496
 2544
 2592
 2640
 2686
 2732
 2772
 2802
 2824
 2846
 2878
 2910
 2944
 2978
 3008
 3034
 3056
 3076
 3088
 3098
 3100
 3106
 3112
 3118
 3122
 3124
 3120
 3114
 3104
 3104
 3106
 3116
 3126
 3132
 3130
 3122
 3108
 3090
 3066
 3036
 3000
 2962
 2924
 2878
 2828
 2766
 2702
 2632
 2566
 2502
 2448
 2392
 2336
 2278
 2220
 2166
 2112
 2062
 2012
 1962
 1914
 1868
 1826
 1784
 1742
 1708
 1688
 1682
 1690
 1714
 1750
 1788
 1832
 1878
 1930
 1982
 2032
 2084
 2134
 2186
 2242
 2298
 2350
 2398
 2438
 2474
 2500
 2536
 2572
 2616
 2658
 2702
 2746
 2790
 2828
 2862
 2892
 2920
 2946
 2970
 2988
 3008
 3024
 3036
 3042
 3044
 3044
 3052
 3062
 3076
 3086
 3096
 3106
 3114
 3114
 3100
 3080
 3054
 3022
 2986
 2940
 2890
 2836
 2780
 2720
 2650
 2582
 2522
 2468
 2416
 2364
 2310
 2260
 2206
 2154
 2100
 2044
 1986
 1928
 1878
 1830
 1786
 1744
 1710
 1686
 1682
 1686
 1710
 1742
 1782
 1832
 1884
 1938
 1996
 2050
 2102
 2156
 2208
 2260
 2316
 2376
 2430
 2480
 2524
 2560
 2592
 2630
 2670
 2716
 2760
 2804
 2846
 2880
 2912
 2938
 2952
 2966
 2980
 2996
 3008
 3020
 3030
 3038
 3040
 3038
 3032
 3036
 3044
 3054
 3066
 3074
 3082
 3088
 3092
 3090
 3074
 3054
 3032
 3008
 2980
 2948
 2912
 2872
 2828
 2774
 2722
 2668
 2626
 2580
 2538
 2494
 2446
 2398
 2348
 2298
 2248
 2196
 2142
 2086
 2030
 1978
 1924
 1872
 1822
 1776
 1750
 1742
 1754
 1778
 1812
 1856
 1906
 1962
 2016
 2072
 2124
 2178
 2234
 2290
 2346
 2406
 2462
 2508
 2546
 2578
 2614
 2660
 2706
 2750
 2792
 2834
 2870
 2900
 2926
 2944
 2956
 2966
 2978
 2990
 3004
 3012
 3020
 3026
 3024
 3024
 3028
 3034
 3046
 3060
 3070
 3078
 3084
 3086
 3088
 3084
 3076
 3070
 3062
 3050
 3036
 3014
 2988
 2952
 2914
 2870
 2826
 2790
 2748
 2706
 2662
 2616
 2568
 2520
 2470
 2416
 2364
 2310
 2258
 2208
 2158
 2104
 2048
 1988
 1928
 1878
 1838
 1814
 1798
 1794
 1798
 1810
 1830
 1850
 1878
 1908
 1950
 1998
 2048
 2104
 2156
 2204
 2248
 2288
 2322
 2366
 2418
 2472
 2524
 2574
 2620
 2666
 2708
 2746
 2778
 2806
 2834
 2862
 2890
 2914
 2934
 2946
 2952
 2958
 2960
 2970
 2980
 2996
 3008
 3022
 3032
 3038
 3042
 3038
 3024
 3008
 2980
 2950
 2916
 2878
 2834
 2784
 2724
 2660
 2594
 2536
 2482
 2428
 2374
 2316
 2260
 2206
 2154
 2102
 2050
 2000
 1948
 1904
 1862
 1820
 1784
 1754
 1740
 1740
 1752
 1780
 1820
 1864
 1912
 1962
 2012
 2060
 2104
 2146
 2188
 2232
 2278
 2326
 2374
 2414
 2448
 2480
 2514
 2556
 2608
 2664
 2720
 2774
 2828
 2876
 2916
 2938
 2958
 2978
 2992
 3006
 3018
 3024
 3026
 3022
 3014
 3008
 3010
 3008
 3000
 2982
 2954
 2922
 2878
 2826
 2766
 2698
 2632
 2562
 2492
 2420
 2342
 2264
 2182
 2102
 2028
 1962
 1902
 1842
 1782
 1728
 1688
 1650
 1624
 1614
 1614
 1628
 1652
 1680
 1714
 1748
 1790
 1836
 1884
 1940
 2004
 2068
 2132
 2194
 2256
 2312
 2366
 2412
 2454
 2494
 2534
 2574
 2616
 2654
 2686
 2712
 2732
 2760
 2788
 2820
 2852
 2878
 2902
 2920
 2936
 2942
 2942
 2936
 2922
 2902
 2874
 2844
 2804
 2756
 2700
 2642
 2590
 2536
 2478
 2416
 2350
 2282
 2210
 2140
 2068
 2002
 1936
 1870
 1808
 1746
 1682
 1620
 1566
 1522
 1490
 1476
 1476
 1490
 1510
 1534
 1560
 1594
 1624
 1656
 1690
 1724
 1766
 1806
 1848
 1886
 1924
 1962
 2008
 2062
 2116
 2174
 2228
 2282
 2336
 2388
 2436
 2488
 2538
 2584
 2632
 2678
 2722
 2760
 2792
 2814
 2828
 2854
 2878
 2904
 2930
 2950
 2966
 2978
 2986
 2992
 2994
 2996
 2996
 2996
 2994
 2988
 2972
 2946
 2912
 2870
 2822
 2774
 2726
 2678
 2632
 2580
 2530
 2478
 2422
 2362
 2300
 2238
 2174
 2114
 2052
 1988
 1928
 1864
 1806
 1754
 1712
 1682
 1660
 1652
 1654
 1670
 1694
 1724
 1760
 1794
 1832
 1876
 1926
 1976
 2026
 2072
 2112
 2152
 2190
 2238
 2288
 2344
 2398
 2448
 2498
 2544
 2586
 2624
 2660
 2694
 2728
 2760
 2792
 2822
 2846
 2864
 2878
 2888
 2902
 2918
 2936
 2952
 2966
 2978
 2990
 2998
 2996
 2986
 2972
 2950
 2924
 2888
 2848
 2800
 2748
 2692
 2632
 2574
 2520
 2472
 2426
 2378
 2334
 2288
 2242
 2200
 2150
 2098
 2048
 1998
 1952
 1912
 1876
 1848
 1828
 1814
 1816
 1826
 1848
 1880
 1918
 1962
 2012
 2066
 2120
 2174
 2228
 2280
 2332
 2384
 2444
 2502
 2558
 2606
 2640
 2670
 2692
 2720
 2752
 2788
 2822
 2854
 2886
 2912
 2932
 2950
 2954
 2960
 2966
 2972
 2978
 2982
 2984
 2986
 2984
 2978
 2968
 2968
 2970
 2972
 2970
 2962
 2948
 2930
 2902
 2868
 2826
 2784
 2736
 2694
 2648
 2604
 2556
 2504
 2450
 2394
 2338
 2290
 2246
 2204
 2164
 2122
 2078
 2036
 1998
 1962
 1934
 1914
 1908
 1912
 1926
 1942
 1966
 1992
 2020
 2052
 2096
 2148
 2204
 2262
 2316
 2370
 2426
 2474
 2518
 2558
 2594
 2632
 2668
 2702
 2734
 2766
 2792
 2812
 2826
 2836
 2854
 2876
 2898
 2920
 2938
 2950
 2960
 2968
 2970
 2970
 2970
 2968
 2970
 2970
 2970
 2968
 2966
 2962
 2956
 2950
 2940
 2940
 2936
 2934
 2928
 2916
 2900
 2878
 2852
 2820
 2782
 2742
 2702
 2660
 2618
 2572
 2526
 2474
 2420
 2364
 2312
 2262
 2222
 2184
 2144
 2106
 2068
 2032
 1998
 1972
 1948
 1934
 1930
 1934
 1946
 1962
 1984
 2012
 2040
 2078
 2118
 2172
 2230
 2290
 2346
 2402
 2458
 2508
 2552
 2592
 2628
 2662
 2696
 2728
 2758
 2788
 2814
 2832
 2844
 2852
 2866
 2884
 2904
 2924
 2940
 2952
 2962
 2968
 2968
 2960
 2944
 2924
 2896
 2868
 2834
 2794
 2750
 2700
 2650
 2598
 2552
 2508
 2464
 2418
 2370
 2324
 2280
 2238
 2198
 2158
 2114
 2072
 2032
 1990
 1950
 1910
 1870
 1846
 1834
 1838
 1854
 1882
 1912
 1948
 1990
 2038
 2090
 2138
 2186
 2234
 2290
 2342
 2394
 2442
 2484
 2520
 2554
 2594
 2638
 2684
 2728
 2770
 2810
 2842
 2870
 2894
 2912
 2928
 2942
 2954
 2962
 2966
 2972
 2972
 2970
 2962
 2966
 2968
 2966
 2962
 2948
 2928
 2904
 2870
 2832
 2784
 2736
 2688
 2640
 2592
 2544
 2490
 2434
 2368
 2310
 2254
 2208
 2164
 2122
 2078
 2034
 1992
 1954
 1922
 1894
 1876
 1868
 1874
 1888
 1906
 1932
 1958
 1988
 2020
 2052
 2098
 2150
 2202
 2256
 2308
 2366
 2420
 2472
 2516
 2560
 2602
 2640
 2682
 2720
 2756
 2788
 2816
 2836
 2850
 2864
 2888
 2912
 2938
 2960
 2978
 2988
 2996
 3002
 3002
 3000
 2996
 2992
 2990
 2988
 2988
 2984
 2982
 2976
 2972
 2964
 2958
 2952
 2944
 2934
 2918
 2896
 2868
 2834
 2796
 2752
 2706
 2660
 2612
 2562
 2512
 2460
 2404
 2346
 2284
 2220
 2162
 2110
 2062
 2016
 1974
 1936
 1904
 1886
 1878
 1884
 1898
 1916
 1944
 1976
 2018
 2062
 2106
 2146
 2182
 2218
 2262
 2318
 2376
 2436
 2496
 2552
 2602
 2648
 2690
 2724
 2754
 2782
 2806
 2832
 2852
 2870
 2886
 2896
 2898
 2898
 2898
 2902
 2912
 2926
 2936
 2944
 2954
 2960
 2964
 2962
 2958
 2956
 2954
 2954
 2954
 2948
 2944
 2942
 2934
 2924
 2910
 2894
 2882
 2864
 2844
 2820
 2792
 2760
 2724
 2686
 2644
 2598
 2554
 2510
 2468
 2424
 2372
 2318
 2266
 2208
 2154
 2100
 2058
 2016
 1978
 1938
 1906
 1884
 1868
 1854
 1826
 1772
 1688
 1576
 1440
 1290
 1122
 934
 740
 556
 376
 204
 44
 0
 0
 0
 0
 0
 0
 0
 0
 0
 0
 0
 0
 0
 0
 0
 158
 326
 496
 658
 812
 962
 1108
 1254
 1400
 1542
 1684
 1824
 1960
 2086
 2204
 2310
 2416
 2524
 2628
 2730
 2822
 2908
 2982
 3046
 3098
 3132
 3152
 3162
 3172
 3178
 3178
 3166
 3152
 3142
 3136
 3140
 3150
 3160
 3172
 3182
 3190
 3196
 3194
 3192
 3190
 3186
 3176
 3164
 3148
 3130
 3122
 3114
 3108
 3104
 3096
 3084
 3076
 3068
 3058
 3050
 3046
 3042
 3034
 3030
 3028
 3024
 3016
 3002
 3000
 2996
 2998
 3002
 3004
 3008
 3012
 3014
 3014
 3006
 3000
 2992
 2988
 2984
 2980
 2976
 2972
 2964
 2956
 2946
 2944
 2942
 2942
 2938
 2926
 2914
 2894
 2870
 2840
 2800
 2758
 2716
 2672
 2622
 2576
 2526
 2474
 2420
 2360
 2306
 2262
 2228
 2204
 2190
 2186
 2192
 2206
 2224
 2248
 2274
 2302
 2336
 2372
 2410
 2450
 2488
 2522
 2552
 2578
 2602
 2634
 2668
 2706
 2742
 2770
 2796
 2816
 2834
 2846
 2856
 2864
 2870
 2876
 2882
 2882
 2882
 2882
 2882
 2878
 2872
 2870
 2874
 2880
 2890
 2890
 2894
 2898
 2900
 2900
 2896
 2892
 2888
 2886
 2888
 2886
 2884
 2882
 2880
 2874
 2866
 2860
 2856
 2856
 2858
 2860
 2860
 2856
 2846
 2830
 2812
 2782
 2748
 2710
 2672
 2632
 2592
 2546
 2500
 2454
 2402
 2348
 2294
 2240
 2196
 2154
 2120
 2096
 2078
 2072
 2072
 2082
 2094
 2112
 2134
 2162
 2196
 2232
 2264
 2300
 2330
 2358
 2386
 2418
 2458
 2498
 2540
 2578
 2616
 2654
 2684
 2708
 2728
 2746
 2762
 2776
 2792
 2806
 2816
 2826
 2832
 2834
 2832
 2834
 2842
 2848
 2860
 2870
 2878
 2886
 2884
 2884
 2880
 2878
 2874
 2872
 2872
 2870
 2870
 2868
 2864
 2856
 2848
 2842
 2844
 2852
 2860
 2866
 2872
 2872
 2864
 2856
 2838
 2816
 2790
 2764
 2734
 2700
 2666
 2628
 2588
 2542
 2490
 2442
 2398
 2358
 2320
 2284
 2248
 2214
 2186
 2164
 2156
 2154
 2162
 2182
 2212
 2250
 2294
 2338
 2382
 2422
 2458
 2494
 2540
 2580
 2624
 2660
 2692
 2720
 2744
 2762
 2776
 2788
 2798
 2808
 2818
 2826
 2834
 2840
 2844
 2842
 2842
 2840
 2846
 2858
 2870
 2882
 2894
 2902
 2898
 2894
 2888
 2884
 2880
 2876
 2874
 2874
 2874
 2870
 2866
 2856
 2848
 2842
 2840
 2846
 2858
 2866
 2876
 2882
 2882
 2876
 2866
 2852
 2832
 2812
 2786
 2762
 2734
 2704
 2670
 2632
 2584
 2540
 2494
 2456
 2418
 2380
 2340
 2300
 2262
 2222
 2182
 2142
 2102
 2066
 2036
 2018
 2010
 2008
 2016
 2024
 2040
 2060
 2094
 2134
 2180
 2228
 2274
 2322
 2366
 2408
 2446
 2480
 2516
 2550
 2586
 2618
 2646
 2670
 2690
 2704
 2714
 2726
 2742
 2764
 2786
 2804
 2822
 2836
 2848
 2856
 2860
 2860
 2864
 2868
 2870
 2876
 2876
 2874
 2870
 2864
 2860
 2866
 2872
 2884
 2894
 2904
 2910
 2910
 2900
 2882
 2860
 2836
 2806
 2768
 2728
 2690
 2646
 2594
 2538
 2480
 2428
 2378
 2332
 2286
 2234
 2186
 2136
 2088
 2040
 1988
 1938
 1888
 1844
 1808
 1782
 1768
 1762
 1770
 1786
 1818
 1864
 1924
 1986
 2054
 2124
 2190
 2252
 2310
 2362
 2414
 2462
 2508
 2552
 2596
 2630
 2660
 2680
 2692
 2712
 2736
 2762
 2788
 2812
 2832
 2850
 2862
 2870
 2872
 2868
 2866
 2868
 2868
 2866
 2864
 2860
 2848
 2838
 2828
 2830
 2836
 2846
 2850
 2850
 2846
 2836
 2818
 2790
 2756
 2718
 2678
 2636
 2594
 2550
 2502
 2454
 2396
 2338
 2282
 2232
 2188
 2146
 2106
 2066
 2028
 1994
 1964
 1942
 1928
 1926
 1934
 1950
 1976
 2004
 2040
 2076
 2114
 2152
 2194
 2252
 2312
 2374
 2434
 2492
 2546
 2592
 2632
 2664
 2692
 2718
 2740
 2762
 2782
 2800
 2814
 2824
 2826
 2826
 2828
 2840
 2854
 2868
 2882
 2892
 2896
 2898
 2898
 2894
 2884
 2870
 2850
 2826
 2794
 2756
 2714
 2664
 2610
 2554
 2504
 2458
 2410
 2360
 2306
 2250
 2190
 2128
 2066
 2000
 1932
 1862
 1794
 1728
 1658
 1586
 1512
 1450
 1402
 1374
 1362
 1374
 1396
 1428
 1468
 1512
 1566
 1620
 1676
 1734
 1796
 1858
 1916
 1968
 2016
 2056
 2102
 2154
 2208
 2262
 2318
 2374
 2428
 2478
 2522
 2560
 2596
 2628
 2660
 2694
 2724
 2754
 2776
 2792
 2798
 2810
 2828
 2850
 2874
 2890
 2910
 2920
 2926
 2922
 2908
 2886
 2852
 2818
 2778
 2738
 2688
 2634
 2568
 2498
 2428
 2366
 2308
 2250
 2192
 2132
 2070
 2008
 1948
 1884
 1818
 1756
 1700
 1646
 1600
 1566
 1544
 1532
 1536
 1552
 1584
 1628
 1688
 1750
 1814
 1880
 1946
 2004
 2058
 2110
 2162
 2216
 2276
 2334
 2388
 2440
 2480
 2516
 2544
 2580
 2620
 2666
 2710
 2752
 2790
 2822
 2848
 2868
 2880
 2892
 2902
 2908
 2912
 2912
 2914
 2914
 2910
 2904
 2894
 2892
 2896
 2904
 2910
 2906
 2900
 2882
 2856
 2816
 2772
 2722
 2670
 2616
 2560
 2504
 2448
 2388
 2330
 2264
 2196
 2130
 2066
 2012
 1956
 1898
 1836
 1776
 1716
 1664
 1616
 1570
 1534
 1510
 1508
 1516
 1530
 1550
 1574
 1602
 1636
 1676
 1728
 1784
 1852
 1916
 1980
 2044
 2104
 2162
 2212
 2260
 2308
 2354
 2406
 2454
 2496
 2536
 2568
 2596
 2618
 2646
 2674
 2706
 2738
 2768
 2796
 2818
 2836
 2852
 2862
 2868
 2874
 2880
 2880
 2882
 2882
 2880
 2874
 2860
 2840
 2828
 2812
 2792
 2772
 2744
 2712
 2678
 2638
 2596
 2546
 2496
 2444
 2392
 2342
 2286
 2228
 2170
 2102
 2036
 1974
 1920
 1870
 1826
 1782
 1748
 1718
 1702
 1698
 1700
 1708
 1720
 1740
 1768
 1804
 1848
 1900
 1958
 2014
 2074
 2144
 2216
 2290
 2362
 2430
 2494
 2552
 2598
 2638
 2670
 2698
 2722
 2748
 2768
 2788
 2802
 2812
 2814
 2816
 2814
 2818
 2828
 2844
 2858
 2872
 2888
 2900
 2908
 2912
 2904
 2894
 2884
 2868
 2848
 2824
 2794
 2758
 2716
 2662
 2612
 2562
 2518
 2472
 2430
 2384
 2338
 2292
 2244
 2194
 2138
 2080
 2022
 1962
 1904
 1844
 1786
 1730
 1678
 1642
 1622
 1626
 1644
 1672
 1710
 1756
 1802
 1852
 1902
 1948
 1998
 2050
 2102
 2160
 2218
 2272
 2320
 2362
 2400
 2446
 2500
 2558
 2616
 2668
 2716
 2760
 2796
 2824
 2848
 2866
 2882
 2898
 2914
 2926
 2936
 2940
 2938
 2932
 2934
 2942
 2952
 2966
 2976
 2986
 2994
 2994
 2990
 2980
 2966
 2950
 2934
 2910
 2884
 2854
 2814
 2766
 2712
 2654
 2602
 2554
 2508
 2462
 2412
 2358
 2306
 2254
 2200
 2144
 2086
 2026
 1972
 1916
 1862
 1810
 1760
 1720
 1700
 1698
 1716
 1748
 1786
 1832
 1886
 1946
 2006
 2072
 2134
 2194
 2252
 2314
 2374
 2436
 2490
 2536
 2572
 2604
 2634
 2676
 2718
 2762
 2802
 2838
 2870
 2896
 2916
 2926
 2936
 2942
 2946
 2954
 2958
 2960
 2964
 2964
 2962
 2956
 2950
 2946
 2952
 2960
 2966
 2972
 2980
 2986
 2988
 2988
 2984
 2972
 2960
 2944
 2924
 2900
 2870
 2836
 2794
 2750
 2698
 2642
 2586
 2536
 2490
 2442
 2396
 2344
 2292
 2240
 2188
 2134
 2076
 2016
 1958
 1900
 1842
 1782
 1724
 1666
 1612
 1562
 1534
 1526
 1540
 1566
 1602
 1646
 1700
 1760
 1818
 1874
 1926
 1978
 2030
 2084
 2138
 2192
 2242
 2294
 2338
 2376
 2412
 2460
 2508
 2562
 2612
 2658
 2702
 2740
 2770
 2794
 2814
 2832
 2850
 2868
 2882
 2896
 2906
 2908
 2906
 2900
 2894
 2902
 2908
 2922
 2936
 2948
 2960
 2964
 2962
 2952
 2936
 2914
 2890
 2866
 2836
 2802
 2764
 2724
 2676
 2622
 2570
 2520
 2476
 2432
 2388
 2342
 2296
 2252
 2206
 2162
 2112
 2064
 2016
 1970
 1928
 1894
 1864
 1848
 1842
 1848
 1862
 1894
 1942
 2000
 2058
 2118
 2184
 2244
 2298
 2346
 2386
 2422
 2456
 2486
 2508
 2526
 2544
 2562
 2578
 2590
 2610
 2640
 2676
 2716
 2750
 2782
 2810
 2834
 2854
 2866
 2876
 2884
 2894
 2904
 2910
 2914
 2914
 2908
 2898
 2890
 2884
 2888
 2892
 2900
 2906
 2908
 2900
 2888
 2866
 2836
 2802
 2764
 2726
 2684
 2638
 2588
 2534
 2474
 2408
 2348
 2290
 2238
 2186
 2132
 2076
 2018
 1962
 1906
 1852
 1796
 1742
 1684
 1636
 1590
 1550
 1518
 1498
 1498
 1510
 1538
 1578
 1628
 1688
 1750
 1814
 1878
 1938
 1996
 2054
 2114
 2174
 2240
 2308
 2370
 2422
 2468
 2502
 2546
 2592
 2640
 2686
 2730
 2772
 2804
 2832
 2854
 2868
 2886
 2898
 2912
 2922
 2930
 2930
 2926
 2920
 2912
 2910
 2904
 2898
 2884
 2866
 2844
 2812
 2774
 2728
 2678
 2628
 2574
 2522
 2468
 2410
 2346
 2280
 2208
 2140
 2082
 2030
 1982
 1936
 1888
 1840
 1794
 1750
 1708
 1668
 1634
 1610
 1602
 1608
 1620
 1642
 1666
 1704
 1748
 1800
 1866
 1936
 2010
 2080
 2152
 2220
 2284
 2342
 2398
 2448
 2498
 2548
 2596
 2640
 2682
 2714
 2740
 2762
 2774
 2800
 2826
 2856
 2886
 2914
 2938
 2958
 2970
 2974
 2974
 2970
 2962
 2950
 2930
 2900
 2868
 2828
 2782
 2730
 2676
 2622
 2576
 2526
 2478
 2428
 2372
 2314
 2252
 2190
 2120
 2044
 1968
 1890
 1818
 1748
 1682
 1618
 1568
 1526
 1508
 1506
 1526
 1558
 1598
 1644
 1696
 1756
 1816
 1884
 1948
 2008
 2070
 2134
 2200
 2268
 2328
 2384
 2434
 2474
 2510
 2550
 2594
 2642
 2690
 2734
 2776
 2808
 2836
 2862
 2880
 2896
 2910
 2920
 2926
 2932
 2936
 2940
 2938
 2934
 2930
 2930
 2938
 2948
 2960
 2968
 2968
 2960
 2946
 2924
 2892
 2860
 2822
 2786
 2744
 2704
 2656
 2606
 2552
 2490
 2430
 2374
 2326
 2282
 2236
 2190
 2144
 2094
 2048
 2002
 1954
 1908
 1872
 1848
 1840
 1844
 1858
 1882
 1914
 1950
 1994
 2052
 2122
 2194
 2268
 2338
 2406
 2470
 2526
 2580
 2624
 2668
 2704
 2740
 2772
 2800
 2828
 2848
 2864
 2874
 2880
 2884
 2898
 2910
 2922
 2934
 2948
 2958
 2966
 2968
 2966
 2964
 2962
 2960
 2960
 2958
 2956
 2956
 2954
 2948
 2940
 2932
 2924
 2928
 2930
 2936
 2940
 2940
 2936
 2922
 2904
 2880
 2852
 2824
 2792
 2760
 2726
 2690
 2648
 2602
 2548
 2488
 2430
 2374
 2330
 2288
 2242
 2198
 2150
 2100
 2050
 1998
 1944
 1890
 1836
 1784
 1736
 1686
 1646
 1614
 1604
 1606
 1626
 1660
 1702
 1754
 1812
 1874
 1940
 2006
 2064
 2122
 2176
 2232
 2290
 2348
 2400
 2444
 2482
 2514
 2552
 2594
 2640
 2686
 2728
 2764
 2798
 2824
 2844
 2860
 2870
 2882
 2894
 2900
 2896
 2888
 2870
 2848
 2816
 2784
 2750
 2712
 2668
 2618
 2568
 2512
 2452
 2390
 2328
 2262
 2192
 2118
 2042
 1962
 1874
 1788
 1710
 1638
 1576
 1524
 1480
 1446
 1428
 1424
 1434
 1450
 1472
 1500
 1538
 1586
 1638
 1692
 1744
 1796
 1848
 1912
 1980
 2054
 2122
 2194
 2264
 2334
 2396
 2450
 2502
 2552
 2600
 2644
 2686
 2724
 2752
 2772
 2780
 2800
 2820
 2846
 2872
 2894
 2914
 2926
 2932
 2928
 2916
 2898
 2874
 2850
 2822
 2788
 2748
 2702
 2650
 2598
 2550
 2506
 2464
 2418
 2370
 2320
 2270
 2216
 2158
 2098
 2038
 1974
 1914
 1854
 1794
 1732
 1674
 1628
 1592
 1580
 1580
 1594
 1622
 1660
 1712
 1768
 1828
 1892
 1954
 2018
 2084
 2154
 2224
 2288
 2346
 2398
 2442
 2500
 2564
 2624
 2686
 2740
 2792
 2834
 2870
 2896
 2916
 2930
 2942
 2954
 2964
 2972
 2976
 2980
 2980
 2974
 2970
 2974
 2980
 2994
 3004
 3012
 3020
 3024
 3024
 3016
 3002
 2982
 2960
 2936
 2904
 2866
 2820
 2768
 2714
 2654
 2596
 2546
 2496
 2450
 2406
 2360
 2312
 2270
 2222
 2174
 2124
 2074
 2026
 1982
 1946
 1920
 1906
 1906
 1910
 1930
 1956
 1998
 2052
 2114
 2182
 2250
 2324
 2388
 2446
 2494
 2538
 2578
 2620
 2658
 2696
 2732
 2764
 2792
 2810
 2822
 2834
 2854
 2874
 2900
 2924
 2944
 2958
 2966
 2976
 2978
 2978
 2978
 2980
 2982
 2984
 2986
 2984
 2982
 2976
 2964
 2946
 2924
 2902
 2880
 2854
 2822
 2786
 2750
 2708
 2662
 2610
 2556
 2504
 2448
 2392
 2334
 2272
 2204
 2132
 2062
 1994
 1940
 1886
 1834
 1780
 1728
 1684
 1644
 1612
 1588
 1578
 1586
 1602
 1628
 1656
 1690
 1726
 1766
 1806
 1858
 1920
 1990
 2060
 2128
 2198
 2266
 2326
 2382
 2436
 2484
 2528
 2576
 2620
 2660
 2696
 2724
 2746
 2762
 2786
 2812
 2840
 2870
 2896
 2920
 2938
 2952
 2958
 2962
 2962
 2966
 2970
 2966
 2964
 2964
 2960
 2952
 2938
 2926
 2916
 2908
 2894
 2878
 2858
 2832
 2800
 2764
 2724
 2678
 2634
 2584
 2534
 2486
 2432
 2378
 2316
 2256
 2200
 2154
 2114
 2076
 2038
 2002
 1974
 1952
 1940
 1940
 1946
 1958
 1982
 2018
 2056
 2100
 2142
 2180
 2220
 2266
 2326
 2390
 2454
 2516
 2576
 2632
 2678
 2720
 2754
 2784
 2816
 2842
 2868
 2890
 2910
 2914
 2916
 2914
 2920
 2928
 2942
 2956
 2972
 2986
 2994
 2998
 2994
 2980
 2962
 2938
 2910
 2878
 2844
 2806
 2762
 2710
 2656
 2602
 2558
 2514
 2470
 2426
 2384
 2338
 2294
 2246
 2198
 2146
 2092
 2040
 1990
 1942
 1898
 1862
 1834
 1824
 1830
 1852
 1888
 1934
 1984
 2042
 2104
 2158
 2208
 2252
 2294
 2338
 2384
 2432
 2480
 2526
 2564
 2596
 2622
 2650
 2686
 2722
 2760
 2792
 2824
 2850
 2874
 2890
 2902
 2906
 2908
 2914
 2920
 2926
 2928
 2930
 2930
 2930
 2936
 2952
 2968
 2986
 2996
 2996
 2988
 2970
 2946
 2914
 2874
 2824
 2776
 2728
 2678
 2626
 2570
 2510
 2446
 2382
 2322
 2268
 2214
 2160
 2106
 2054
 2000
 1950
 1900
 1850
 1798
 1750
 1710
 1680
 1662
 1656
 1658
 1678
 1706
 1750
 1810
 1882
 1952
 2026
 2098
 2166
 2226
 2278
 2330
 2380
 2430
 2484
 2536
 2582
 2622
 2656
 2680
 2712
 2744
 2780
 2820
 2854
 2884
 2910
 2930
 2944
 2946
 2952
 2954
 2956
 2958
 2958
 2956
 2952
 2944
 2936
 2930
 2934
 2942
 2954
 2964
 2968
 2974
 2974
 2976
 2970
 2950
 2934
 2910
 2884
 2854
 2814
 2768
 2716
 2656
 2598
 2540
 2492
 2444
 2400
 2356
 2310
 2270
 2230
 2186
 2142
 2094
 2044
 1992
 1944
 1892
 1838
 1784
 1726
 1672
 1630
 1602
 1588
 1586
 1602
 1628
 1668
 1710
 1756
 1804
 1854
 1914
 1976
 2042
 2104
 2162
 2214
 2260
 2306
 2362
 2422
 2486
 2542
 2596
 2648
 2690
 2730
 2762
 2788
 2810
 2832
 2854
 2874
 2890
 2900
 2904
 2902
 2904
 2912
 2926
 2938
 2942
 2942
 2936
 2922
 2900
 2868
 2834
 2794
 2756
 2712
 2666
 2618
 2562
 2500
 2438
 2378
 2328
 2278
 2226
 2174
 2118
 2068
 2018
 1970
 1920
 1870
 1820
 1772
 1732
 1694
 1666
 1646
 1638
 1648
 1674
 1706
 1752
 1802
 1858
 1916
 1982
 2040
 2098
 2148
 2198
 2256
 2314
 2370
 2424
 2474
 2516
 2552
 2584
 2626
 2670
 2722
 2764
 2806
 2842
 2870
 2896
 2916
 2928
 2942
 2952
 2956
 2960
 2966
 2972
 2974
 2978
 2982
 2992
 3006
 3022
 3022
 3014
 2994
 2970
 2934
 2888
 2840
 2790
 2736
 2680
 2624
 2562
 2500
 2434
 2358
 2288
 2218
 2158
 2100
 2040
 1982
 1926
 1872
 1818
 1766
 1712
 1658
 1604
 1558
 1526
 1508
 1502
 1510
 1524
 1556
 1598
 1650
 1712
 1776
 1842
 1914
 1984
 2052
 2114
 2174
 2238
 2302
 2362
 2422
 2478
 2524
 2564
 2596
 2630
 2670
 2714
 2756
 2796
 2832
 2862
 2890
 2910
 2926
 2938
 2948
 2958
 2966
 2974
 2980
 2984
 2976
 2964
 2956
 2948
 2940
 2928
 2914
 2894
 2872
 2844
 2810
 2770
 2726
 2682
 2638
 2594
 2548
 2500
 2448
 2392
 2334
 2276
 2228
 2186
 2146
 2110
 2072
 2036
 2002
 1974
 1954
 1940
 1936
 1942
 1956
 1980
 2008
 2038
 2070
 2106
 2140
 2178
 2228
 2280
 2340
 2398
 2458
 2516
 2566
 2612
 2654
 2690
 2724
 2758
 2790
 2820
 2848
 2870
 2884
 2892
 2894
 2904
 2918
 2938
 2954
 2968
 2982
 2990
 2992
 2988
 2980
 2976
 2976
 2974
 2974
 2970
 2964
 2956
 2944
 2932
 2916
 2910
 2908
 2908
 2910
 2902
 2892
 2876
 2854
 2830
 2800
 2768
 2736
 2702
 2666
 2632
 2594
 2554
 2508
 2456
 2406
 2360
 2318
 2278
 2238
 2196
 2152
 2106
 2060
 2012
 1964
 1918
 1868
 1822
 1782
 1750
 1728
 1714
 1712
 1726
 1748
 1786
 1834
 1888
 1946
 2008
 2070
 2128
 2182
 2228
 2276
 2324
 2374
 2422
 2468
 2514
 2550
 2580
 2608
 2642
 2684
 2728
 2768
 2804
 2838
 2872
 2896
 2916
 2930
 2942
 2948
 2956
 2964
 2972
 2976
 2978
 2974
 2966
 2968
 2972
 2972
 2968
 2958
 2946
 2928
 2898
 2866
 2826
 2784
 2738
 2696
 2652
 2606
 2556
 2500
 2440
 2380
 2326
 2278
 2232
 2190
 2140
 2092
 2044
 1994
 1948
 1904
 1864
 1836
 1822
 1826
 1838
 1860
 1886
 1918
 1958
 2008
 2076
 2150
 2226
 2302
 2376
 2446
 2508
 2564
 2616
 2660
 2702
 2738
 2774
 2804
 2834
 2854
 2870
 2880
 2882
 2892
 2908
 2926
 2944
 2958
 2972
 2978
 2982
 2984
 2980
 2978
 2976
 2976
 2976
 2972
 2968
 2964
 2960
 2952
 2938
 2932
 2934
 2942
 2950
 2956
 2958
 2956
 2950
 2934
 2914
 2890
 2860
 2832
 2802
 2768
 2730
 2690
 2648
 2602
 2550
 2500
 2452
 2416
 2386
 2358
 2330
 2298
 2264
 2224
 2184
 2142
 2098
 2052
 2010
 1980
 1958
 1944
 1942
 1946
 1958
 1978
 2004
 2046
 2096
 2146
 2200
 2254
 2310
 2364
 2422
 2470
 2518
 2562
 2602
 2644
 2686
 2722
 2752
 2776
 2792
 2804
 2820
 2840
 2864
 2890
 2910
 2928
 2936
 2930
 2910
 2878
 2840
 2798
 2754
 2704
 2650
 2592
 2526
 2456
 2392
 2330
 2274
 2218
 2164
 2106
 2048
 1992
 1934
 1880
 1824
 1768
 1712
 1658
 1608
 1562
 1522
 1490
 1478
 1478
 1496
 1528
 1568
 1614
 1666
 1726
 1782
 1840
 1892
 1948
 2006
 2064
 2126
 2188
 2246
 2300
 2348
 2392
 2446
 2502
 2562
 2618
 2670
 2718
 2760
 2796
 2826
 2850
 2872
 2892
 2910
 2926
 2938
 2946
 2950
 2944
 2936
 2942
 2950
 2960
 2964
 2960
 2952
 2934
 2906
 2872
 2832
 2788
 2746
 2700
 2650
 2598
 2544
 2484
 2420
 2354
 2288
 2228
 2170
 2112
 2052
 1992
 1932
 1876
 1822
 1770
 1722
 1680
 1654
 1644
 1650
 1664
 1690
 1716
 1750
 1788
 1838
 1898
 1966
 2034
 2106
 2176
 2242
 2302
 2360
 2414
 2466
 2516
 2566
 2610
 2656
 2698
 2732
 2760
 2780
 2796
 2820
 2844
 2870
 2894
 2912
 2926
 2940
 2948
 2950
 2952
 2954
 2954
 2958
 2958
 2958
 2956
 2956
 2954
 2948
 2934
 2918
 2910
 2898
 2882
 2864
 2840
 2812
 2780
 2746
 2708
 2666
 2624
 2578
 2534
 2492
 2446
 2398
 2352
 2302
 2252
 2206
 2166
 2136
 2108
 2084
 2064
 2052
 2054
 2062
 2076
 2090
 2108
 2132
 2162
 2202
 2248
 2296
 2342
 2386
 2426
 2460
 2498
 2544
 2592
 2642
 2684
 2722
 2756
 2780
 2800
 2812
 2822
 2830
 2838
 2846
 2854
 2860
 2866
 2868
 2870
 2870
 2868
 2876
 2886
 2900
 2914
 2926
 2938
 2946
 2946
 2942
 2932
 2922
 2910
 2896
 2882
 2864
 2842
 2814
 2780
 2738
 2698
 2662
 2628
 2592
 2556
 2518
 2476
 2436
 2390
 2344
 2294
 2244
 2194
 2144
 2096
 2042
 1990
 1934
 1882
 1844
 1818
 1808
 1816
 1834
 1860
 1896
 1938
 1978
 2020
 2062
 2106
 2156
 2210
 2268
 2324
 2370
 2410
 2448
 2494
 2546
 2602
 2656
 2706
 2756
 2796
 2830
 2856
 2878
 2896
 2914
 2930
 2948
 2960
 2962
 2960
 2954
 2956
 2962
 2972
 2978
 2978
 2974
 2960
 2934
 2906
 2870
 2828
 2784
 2738
 2690
 2640
 2586
 2524
 2460
 2396
 2338
 2286
 2238
 2184
 2132
 2078
 2024
 1974
 1922
 1870
 1820
 1774
 1738
 1718
 1704
 1702
 1704
 1726
 1756
 1802
 1856
 1914
 1974
 2040
 2102
 2160
 2214
 2262
 2310
 2356
 2404
 2454
 2504
 2550
 2588
 2618
 2646
 2676
 2714
 2752
 2790
 2826
 2856
 2884
 2904
 2918
 2930
 2938
 2944
 2950
 2958
 2962
 2966
 2960
 2952
 2946
 2936
 2940
 2944
 2952
 2954
 2950
 2944
 2930
 2914
 2890
 2862
 2830
 2792
 2752
 2710
 2666
 2620
 2572
 2520
 2464
 2408
 2358
 2314
 2274
 2238
 2196
 2152
 2110
 2064
 2018
 1968
 1920
 1876
 1840
 1822
 1816
 1822
 1836
 1858
 1884
 1916
 1954
 2006
 2066
 2132
 2196
 2260
 2326
 2386
 2436
 2482
 2522
 2560
 2598
 2636
 2672
 2704
 2734
 2758
 2776
 2790
 2798
 2814
 2834
 2856
 2878
 2900
 2910
 2920
 2926
 2930
 2930
 2926
 2926
 2928
 2928
 2930
 2926
 2918
 2904
 2882
 2856
 2824
 2796
 2768
 2736
 2702
 2662
 2620
 2576
 2528
 2478
 2424
 2370
 2314
 2262
 2210
 2152
 2092
 2030
 1970
 1920
 1880
 1850
 1826
 1806
 1792
 1790
 1802
 1822
 1852
 1886
 1924
 1968
 2018
 2068
 2116
 2158
 2194
 2226
 2264
 2310
 2362
 2416
 2468
 2518
 2568
 2610
 2648
 2678
 2706
 2732
 2760
 2786
 2810
 2828
 2838
 2846
 2852
 2868
 2882
 2896
 2894
 2888
 2876
 2856
 2828
 2792
 2750
 2708
 2664
 2620
 2570
 2518
 2458
 2392
 2330
 2272
 2224
 2184
 2144
 2114
 2092
 2074
 2056
 2038
 2020
 2004
 1992
 1988
 1996
 2010
 2028
 2052
 2084
 2124
 2178
 2240
 2306
 2372
 2438
 2502
 2560
 2614
 2660
 2700
 2738
 2778
 2820
 2856
 2886
 2908
 2922
 2930
 2946
 2964
 2986
 3006
 3022
 3038
 3048
 3054
 3050
 3048
 3042
 3038
 3038
 3032
 3026
 3022
 3016
 3006
 2992
 2974
 2968
 2970
 2978
 2984
 2988
 2990
 2988
 2976
 2958
 2932
 2902
 2866
 2830
 2788
 2742
 2692
 2636
 2574
 2510
 2446
 2390
 2338
 2284
 2230
 2174
 2118
 2060
 2006
 1948
 1890
 1832
 1772
 1718
 1666
 1614
 1566
 1522
 1498
 1494
 1510
 1538
 1578
 1622
 1682
 1742
 1800
 1860
 1914
 1966
 2020
 2078
 2140
 2202
 2262
 2312
 2356
 2402
 2456
 2512
 2566
 2618
 2664
 2704
 2740
 2770
 2794
 2814
 2834
 2854
 2872
 2888
 2900
 2908
 2906
 2900
 2900
 2908
 2918
 2930
 2938
 2946
 2946
 2938
 2924
 2904
 2880
 2854
 2826
 2794
 2758
 2718
 2676
 2624
 2572
 2518
 2472
 2424
 2380
 2330
 2282
 2236
 2190
 2142
 2092
 2040
 1990
 1936
 1894
 1854
 1822
 1802
 1790
 1798
 1818
 1858
 1908
 1966
 2028
 2094
 2160
 2218
 2272
 2320
 2368
 2414
 2462
 2508
 2554
 2600
 2636
 2668
 2688
 2706
 2736
 2766
 2798
 2828
 2854
 2880
 2898
 2910
 2918
 2922
 2920
 2916
 2916
 2916
 2914
 2912
 2908
 2902
 2894
 2886
 2886
 2892
 2904
 2916
 2926
 2926
 2922
 2910
 2894
 2870
 2842
 2814
 2786
 2752
 2716
 2676
 2632
 2582
 2524
 2470
 2418
 2370
 2324
 2274
 2224
 2172
 2120
 2066
 2012
 1958
 1906
 1854
 1806
 1766
 1738
 1720
 1712
 1720
 1742
 1786
 1836
 1896
 1958
 2022
 2086
 2150
 2212
 2266
 2316
 2366
 2418
 2472
 2522
 2570
 2608
 2640
 2666
 2698
 2726
 2762
 2800
 2832
 2862
 2884
 2902
 2912
 2914
 2918
 2922
 2926
 2928
 2930
 2932
 2932
 2930
 2922
 2920
 2920
 2920
 2920
 2916
 2906
 2892
 2872
 2846
 2810
 2770
 2730
 2692
 2650
 2608
 2564
 2516
 2462
 2414
 2368
 2332
 2298
 2270
 2238
 2210
 2182
 2154
 2132
 2110
 2098
 2096
 2102
 2118
 2140
 2166
 2196
 2226
 2258
 2292
 2340
 2394
 2450
 2508
 2562
 2616
 2662
 2700
 2732
 2760
 2788
 2814
 2838
 2858
 2878
 2894
 2904
 2906
 2908
 2906
 2906
 2912
 2924
 2936
 2948
 2958
 2964
 2968
 2968
 2966
 2962
 2964
 2964
 2964
 2960
 2948
 2928
 2900
 2868
 2832
 2800
 2766
 2732
 2696
 2656
 2616
 2572
 2526
 2474
 2420
 2366
 2314
 2256
 2202
 2138
 2074
 2002
 1938
 1880
 1834
 1792
 1754
 1716
 1688
 1670
 1664
 1672
 1684
 1704
 1734
 1766
 1808
 1850
 1892
 1934
 1984
 2036
 2102
 2172
 2242
 2312
 2382
 2448
 2502
 2548
 2590
 2628
 2666
 2700
 2736
 2770
 2800
 2820
 2832
 2840
 2850
 2870
 2890
 2912
 2930
 2942
 2952
 2958
 2962
 2964
 2960
 2956
 2948
 2936
 2922
 2902
 2872
 2838
 2798
 2758
 2726
 2688
 2654
 2616
 2578
 2538
 2496
 2454
 2404
 2356
 2306
 2256
 2208
 2158
 2104
 2046
 1984
 1934
 1896
 1874
 1870
 1878
 1896
 1924
 1962
 2002
 2046
 2088
 2134
 2180
 2234
 2286
 2338
 2386
 2422
 2454
 2478
 2506
 2534
 2566
 2598
 2626
 2654
 2676
 2698
 2720
 2736
 2754
 2772
 2790
 2810
 2830
 2844
 2854
 2858
 2860
 2860
 2868
 2878
 2894
 2906
 2918
 2932
 2944
 2950
 2954
 2954
 2954
 2956
 2952
 2942
 2928
 2912
 2890
 2862
 2826
 2788
 2752
 2722
 2690
 2658
 2626
 2590
 2552
 2510
 2464
 2416
 2364
 2312
 2262
 2208
 2156
 2100
 2038
 1978
 1928
 1886
 1856
 1832
 1820
 1816
 1822
 1840
 1864
 1890
 1920
 1952
 1992
 2036
 2080
 2126
 2162
 2194
 2226
 2264
 2314
 2366
 2420
 2468
 2520
 2566
 2610
 2646
 2678
 2708
 2738
 2768
 2798
 2822
 2842
 2856
 2864
 2870
 2882
 2896
 2912
 2926
 2940
 2954
 2962
 2964
 2956
 2940
 2920
 2896
 2870
 2840
 2804
 2764
 2712
 2662
 2608
 2562
 2518
 2474
 2428
 2382
 2334
 2284
 2234
 2180
 2124
 2068
 2012
 1960
 1910
 1858
 1806
 1752
 1710
 1680
 1670
 1674
 1690
 1716
 1746
 1784
 1822
 1862
 1900
 1946
 1990
 2038
 2086
 2132
 2172
 2206
 2238
 2270
 2314
 2370
 2430
 2488
 2544
 2598
 2646
 2688
 2724
 2756
 2784
 2814
 2842
 2868
 2890
 2908
 2914
 2916
 2916
 2924
 2936
 2950
 2968
 2982
 2996
 3000
 2996
 2984
 2966
 2942
 2918
 2888
 2856
 2818
 2778
 2736
 2686
 2630
 2576
 2526
 2480
 2434
 2390
 2342
 2292
 2246
 2196
 2148
 2096
 2046
 2000
 1958
 1924
 1900
 1886
 1884
 1888
 1906
 1932
 1976
 2026
 2082
 2142
 2204
 2266
 2326
 2386
 2442
 2488
 2536
 2582
 2626
 2670
 2712
 2748
 2776
 2798
 2816
 2832
 2856
 2884
 2910
 2932
 2952
 2970
 2984
 2992
 2994
 2996
 2996
 2998
 2998
 2998
 2996
 2992
 2984
 2974
 2962
 2954
 2952
 2958
 2968
 2982
 2994
 3006
 3012
 3006
 2996
 2982
 2962
 2948
 2930
 2912
 2894
 2874
 2852
 2826
 2800
 2768
 2734
 2700
 2672
 2650
 2628
 2606
 2580
 2554
 2526
 2494
 2460
 2424
 2386
 2350
 2320
 2296
 2282
 2274
 2280
 2290
 2300
 2318
 2340
 2372
 2412
 2456
 2502
 2548
 2590
 2632
 2668
 2694
 2712
 2732
 2750
 2768
 2788
 2806
 2822
 2836
 2844
 2850
 2854
 2856
 2868
 2882
 2900
 2910
 2924
 2936
 2944
 2948
 2948
 2946
 2944
 2944
 2942
 2938
 2932
 2922
 2908
 2886
 2856
 2826
 2802
 2774
 2746
 2716
 2682
 2644
 2602
 2556
 2506
 2450
 2392
 2330
 2270
 2212
 2148
 2078
 2006
 1928
 1858
 1796
 1742
 1694
 1652
 1614
 1588
 1574
 1576
 1588
 1606
 1634
 1666
 1702
 1746
 1794
 1836
 1876
 1916
 1962
 2018
 2080
 2144
 2210
 2276
 2344
 2404
 2458
 2504
 2548
 2592
 2634
 2676
 2712
 2742
 2764
 2778
 2792
 2816
 2838
 2866
 2892
 2914
 2932
 2946
 2946
 2942
 2930
 2916
 2900
 2878
 2854
 2824
 2788
 2746
 2700
 2656
 2618
 2578
 2538
 2496
 2448
 2400
 2344
 2284
 2220
 2154
 2088
 2024
 1960
 1892
 1826
 1758
 1700
 1658
 1638
 1638
 1654
 1682
 1718
 1762
 1810
 1858
 1908
 1956
 2006
 2060
 2114
 2168
 2218
 2262
 2300
 2336
 2378
 2428
 2484
 2540
 2590
 2638
 2680
 2716
 2748
 2772
 2792
 2814
 2834
 2854
 2872
 2886
 2896
 2898
 2898
 2898
 2906
 2918
 2928
 2940
 2954
 2964
 2968
 2966
 2952
 2936
 2916
 2892
 2868
 2840
 2808
 2770
 2730
 2680
 2630
 2578
 2536
 2496
 2458
 2420
 2382
 2346
 2308
 2274
 2238
 2202
 2168
 2136
 2112
 2096
 2090
 2090
 2100
 2114
 2134
 2168
 2218
 2272
 2334
 2392
 2450
 2506
 2554
 2598
 2642
 2686
 2724
 2760
 2794
 2822
 2844
 2864
 2878
 2888
 2892
 2894
 2904
 2918
 2930
 2944
 2958
 2974
 2984
 2990
 2992
 2992
 2992
 2992
 2992
 2992
 2992
 2990
 2986
 2982
 2974
 2966
 2956
 2956
 2962
 2970
 2980
 2982
 2980
 2964
 2946
 2920
 2890
 2858
 2824
 2790
 2752
 2710
 2664
 2614
 2556
 2490
 2426
 2366
 2314
 2264
 2212
 2158
 2102
 2046
 1988
 1934
 1874
 1814
 1754
 1698
 1642
 1586
 1536
 1490
 1460
 1454
 1464
 1494
 1532
 1580
 1632
 1688
 1752
 1816
 1874
 1932
 1992
 2050
 2112
 2172
 2230
 2282
 2326
 2366
 2416
 2470
 2526
 2580
 2632
 2676
 2716
 2748
 2774
 2794
 2810
 2826
 2842
 2856
 2868
 2878
 2882
 2880
 2874
 2868
 2858
 2850
 2836
 2820
 2800
 2776
 2750
 2716
 2676
 2632
 2588
 2540
 2484
 2420
 2354
 2278
 2202
 2132
 2072
 2010
 1952
 1888
 1824
 1764
 1708
 1658
 1614
 1578
 1556
 1552
 1562
 1576
 1598
 1620
 1648
 1680
 1722
 1778
 1840
 1910
 1978
 2048
 2118
 2182
 2244
 2298
 2352
 2404
 2458
 2514
 2568
 2610
 2646
 2674
 2698
 2732
 2770
 2810
 2844
 2878
 2906
 2928
 2944
 2954
 2954
 2954
 2956
 2958
 2962
 2962
 2964
 2960
 2954
 2948
 2946
 2948
 2950
 2950
 2946
 2936
 2922
 2902
 2878
 2846
 2808
 2772
 2734
 2694
 2654
 2606
 2554
 2494
 2426
 2362
 2302
 2256
 2216
 2178
 2142
 2106
 2074
 2046
 2022
 2006
 2002
 2012
 2028
 2056
 2086
 2122
 2162
 2196
 2228
 2260
 2300
 2350
 2404
 2456
 2510
 2562
 2610
 2650
 2684
 2714
 2744
 2770
 2796
 2824
 2848
 2868
 2884
 2894
 2900
 2902
 2896
 2902
 2912
 2926
 2942
 2956
 2968
 2976
 2980
 2982
 2978
 2976
 2976
 2976
 2978
 2974
 2972
 2968
 2966
 2958
 2952
 2942
 2944
 2950
 2960
 2966
 2970
 2970
 2962
 2948
 2920
 2886
 2856
 2822
 2790
 2754
 2714
 2670
 2620
 2568
 2508
 2448
 2386
 2334
 2280
 2230
 2174
 2118
 2062
 2006
 1948
 1890
 1830
 1770
 1714
 1660
 1614
 1576
 1552
 1536
 1538
 1554
 1590
 1640
 1700
 1768
 1836
 1908
 1974
 2038
 2096
 2152
 2206
 2264
 2322
 2384
 2440
 2486
 2524
 2556
 2592
 2638
 2682
 2728
 2770
 2812
 2844
 2870
 2892
 2906
 2918
 2928
 2936
 2944
 2952
 2950
 2948
 2942
 2936
 2932
 2932
 2932
 2932
 2922
 2908
 2888
 2860
 2826
 2784
 2740
 2698
 2654
 2608
 2560
 2508
 2454
 2392
 2326
 2264
 2208
 2160
 2112
 2066
 2014
 1964
 1918
 1870
 1824
 1778
 1738
 1704
 1686
 1680
 1682
 1692
 1706
 1726
 1756
 1798
 1850
 1910
 1970
 2032
 2094
 2158
 2214
 2268
 2314
 2360
 2410
 2464
 2516
 2566
 2608
 2640
 2670
 2692
 2720
 2750
 2786
 2820
 2850
 2876
 2896
 2910
 2916
 2916
 2918
 2920
 2924
 2926
 2928
 2930
 2930
 2926
 2920
 2912
 2908
 2914
 2924
 2934
 2942
 2946
 2944
 2934
 2920
 2896
 2868
 2842
 2812
 2774
 2738
 2702
 2664
 2624
 2582
 2534
 2486
 2436
 2392
 2352
 2310
 2266
 2224
 2180
 2140
 2100
 2058
 2018
 1980
 1950
 1934
 1932
 1940
 1958
 1986
 2018
 2050
 2088
 2130
 2186
 2246
 2306
 2366
 2424
 2478
 2522
 2560
 2590
 2618
 2644
 2670
 2696
 2720
 2740
 2760
 2774
 2786
 2794
 2798
 2804
 2816
 2832
 2854
 2872
 2888
 2906
 2914
 2922
 2922
 2914
 2910
 2908
 2910
 2908
 2908
 2906
 2904
 2898
 2890
 2882
 2880
 2882
 2884
 2884
 2876
 2864
 2848
 2824
 2794
 2758
 2718
 2674
 2632
 2588
 2542
 2490
 2434
 2366
 2298
 2230
 2168
 2112
 2058
 2004
 1948
 1890
 1834
 1776
 1720
 1664
 1610
 1556
 1506
 1466
 1436
 1418
 1416
 1430
 1454
 1502
 1558
 1620
 1686
 1754
 1826
 1894
 1960
 2022
 2082
 2148
 2214
 2278
 2342
 2398
 2446
 2486
 2526
 2572
 2618
 2668
 2712
 2750
 2782
 2808
 2830
 2842
 2854
 2862
 2872
 2880
 2888
 2894
 2894
 2890
 2878
 2868
 2854
 2846
 2834
 2818
 2794
 2762
 2720
 2666
 2604
 2536
 2466
 2394
 2322
 2246
 2164
 2076
 1988
 1904
 1832
 1770
 1710
 1652
 1592
 1538
 1488
 1446
 1414
 1390
 1386
 1396
 1414
 1442
 1478
 1516
 1556
 1602
 1654
 1720
 1798
 1876
 1956
 2036
 2116
 2192
 2266
 2330
 2394
 2450
 2510
 2562
 2612
 2652
 2684
 2706
 2726
 2752
 2782
 2812
 2842
 2870
 2894
 2912
 2926
 2930
 2934
 2936
 2938
 2940
 2938
 2934
 2934
 2932
 2926
 2918
 2910
 2906
 2902
 2898
 2884
 2868
 2846
 2818
 2786
 2748
 2704
 2656
 2608
 2558
 2506
 2452
 2396
 2338
 2274
 2204
 2144
 2086
 2038
 1996
 1952
 1908
 1860
 1818
 1774
 1736
 1704
 1680
 1670
 1676
 1694
 1720
 1750
 1788
 1830
 1880
 1930
 1992
 2062
 2132
 2204
 2272
 2342
 2404
 2462
 2516
 2564
 2610
 2650
 2688
 2726
 2758
 2786
 2810
 2824
 2836
 2844
 2858
 2876
 2896
 2910
 2924
 2936
 2948
 2954
 2956
 2956
 2954
 2954
 2956
 2954
 2954
 2950
 2950
 2946
 2938
 2932
 2924
 2926
 2932
 2940
 2944
 2946
 2946
 2940
 2920
 2898
 2874
 2844
 2814
 2784
 2754
 2718
 2682
 2640
 2596
 2546
 2490
 2432
 2376
 2326
 2276
 2228
 2180
 2132
 2088
 2050
 2024
 2006
 2000
 2004
 2016
 2038
 2066
 2096
 2132
 2168
 2204
 2240
 2276
 2320
 2372
 2426
 2480
 2532
 2588
 2646
 2702
 2748
 2784
 2810
 2830
 2846
 2862
 2874
 2882
 2888
 2890
 2888
 2886
 2886
 2892
 2904
 2918
 2928
 2934
 2936
 2934
 2922
 2902
 2868
 2830
 2790
 2750
 2706
 2656
 2592
 2514
 2440
 2366
 2300
 2240
 2182
 2122
 2062
 2004
 1944
 1890
 1830
 1772
 1716
 1660
 1600
 1542
 1478
 1424
 1386
 1374
 1386
 1420
 1472
 1528
 1590
 1656
 1724
 1790
 1852
 1912
 1974
 2038
 2110
 2180
 2246
 2302
 2354
 2396
 2446
 2502
 2558
 2616
 2666
 2714
 2754
 2788
 2812
 2834
 2850
 2864
 2878
 2890
 2896
 2892
 2872
 2838
 2798
 2754
 2710
 2666
 2620
 2568
 2518
 2462
 2404
 2342
 2276
 2208
 2140
 2076
 2006
 1938
 1864
 1786
 1718
 1654
 1604
 1564
 1526
 1494
 1472
 1462
 1472
 1494
 1522
 1554
 1592
 1640
 1692
 1748
 1798
 1846
 1896
 1948
 2014
 2084
 2160
 2238
 2316
 2388
 2454
 2514
 2566
 2612
 2654
 2692
 2726
 2762
 2790
 2812
 2826
 2834
 2842
 2856
 2874
 2894
 2912
 2922
 2930
 2932
 2926
 2910
 2886
 2860
 2828
 2796
 2758
 2718
 2674
 2620
 2558
 2498
 2442
 2390
 2340
 2288
 2236
 2180
 2126
 2074
 2020
 1966
 1910
 1852
 1798
 1744
 1694
 1650
 1616
 1596
 1594
 1610
 1642
 1682
 1730
 1786
 1844
 1910
 1972
 2036
 2092
 2150
 2210
 2270
 2332
 2392
 2446
 2494
 2534
 2568
 2612
 2658
 2706
 2752
 2794
 2828
 2858
 2884
 2902
 2916
 2928
 2938
 2942
 2946
 2950
 2954
 2956
 2950
 2944
 2938
 2934
 2930
 2920
 2904
 2884
 2860
 2828
 2792
 2746
 2696
 2646
 2594
 2544
 2490
 2438
 2380
 2320
 2252
 2190
 2128
 2080
 2034
 1988
 1942
 1894
 1848
 1806
 1774
 1750
 1736
 1738
 1750
 1774
 1802
 1836
 1876
 1916
 1962
 2012
 2074
 2140
 2208
 2274
 2340
 2400
 2456
 2508
 2566
 2620
 2680
 2738
 2786
 2834
 2874
 2902
 2922
 2928
 2928
 2930
 2942
 2954
 2972
 2980
 2990
 2998
 3004
 3006
 3006
 3004
 3004
 3004
 3006
 3004
 3004
 2998
 2986
 2970
 2946
 2920
 2900
 2876
 2852
 2820
 2790
 2754
 2718
 2674
 2628
 2580
 2530
 2480
 2428
 2376
 2320
 2260
 2196
 2132
 2072
 2022
 1980
 1946
 1920
 1900
 1896
 1906
 1924
 1952
 1982
 2016
 2052
 2094
 2140
 2186
 2234
 2274
 2316
 2354
 2408
 2468
 2528
 2586
 2638
 2690
 2736
 2774
 2804
 2828
 2850
 2868
 2886
 2900
 2912
 2916
 2916
 2910
 2904
 2896
 2898
 2904
 2916
 2926
 2934
 2944
 2950
 2956
 2958
 2956
 2952
 2950
 2950
 2950
 2950
 2942
 2934
 2924
 2918
 2908
 2908
 2910
 2916
 2928
 2936
 2946
 2950
 2950
 2942
 2932
 2916
 2896
 2880
 2860
 2838
 2814
 2784
 2750
 2710
 2672
 2640
 2608
 2578
 2542
 2504
 2468
 2428
 2388
 2342
 2296
 2248
 2198
 2150
 2100
 2048
 1990
 1932
 1882
 1836
 1804
 1782
 1766
 1760
 1766
 1776
 1798
 1822
 1848
 1880
 1916
 1958
 2006
 2052
 2092
 2132
 2174
 2224
 2280
 2340
 2398
 2460
 2520
 2574
 2622
 2662
 2696
 2728
 2762
 2792
 2820
 2842
 2858
 2866
 2874
 2886
 2896
 2910
 2924
 2938
 2950
 2956
 2962
 2964
 2964
 2964
 2964
 2964
 2964
 2962
 2954
 2940
 2922
 2902
 2886
 2868
 2848
 2826
 2802
 2778
 2750
 2720
 2686
 2648
 2610
 2568
 2528
 2486
 2440
 2392
 2342
 2290
 2232
 2176
 2130
 2092
 2060
 2032
 2012
 2000
 2000
 2010
 2028
 2050
 2074
 2104
 2140
 2180
 2226
 2268
 2312
 2356
 2394
 2434
 2468
 2506
 2554
 2600
 2646
 2690
 2728
 2764
 2790
 2812
 2826
 2840
 2856
 2870
 2882
 2890
 2896
 2900
 2902
 2906
 2906
 2904
 2896
 2892
 2898
 2906
 2914
 2918
 2916
 2908
 2894
 2872
 2844
 2812
 2780
 2748
 2714
 2682
 2644
 2602
 2556
 2508
 2460
 2404
 2350
 2300
 2258
 2220
 2182
 2144
 2106
 2066
 2032
 2002
 1982
 1972
 1972
 1982
 1994
 2014
 2042
 2076
 2120
 2168
 2214
 2264
 2310
 2368
 2428
 2492
 2550
 2604
 2654
 2692
 2724
 2752
 2774
 2796
 2818
 2836
 2852
 2866
 2876
 2886
 2892
 2898
 2902
 2896
 2894
 2898
 2908
 2922
 2930
 2940
 2944
 2948
 2948
 2944
 2942
 2940
 2938
 2932
 2920
 2904
 2884
 2860
 2834
 2800
 2766
 2726
 2684
 2650
 2618
 2582
 2544
 2504
 2460
 2414
 2364
 2312
 2256
 2202
 2144
 2084
 2022
 1954
 1886
 1814
 1748
 1694
 1652
 1624
 1608
 1602
 1612
 1634
 1664
 1700
 1740
 1782
 1830
 1884
 1944
 2006
 2058
 2104
 2148
 2190
 2244
 2306
 2370
 2430
 2496
 2554
 2604
 2646
 2682
 2714
 2742
 2772
 2798
 2822
 2842
 2856
 2862
 2866
 2878
 2888
 2904
 2918
 2932
 2942
 2946
 2944
 2934
 2922
 2910
 2894
 2876
 2856
 2830
 2796
 2756
 2714
 2672
 2636
 2604
 2572
 2536
 2498
 2456
 2414
 2370
 2322
 2272
 2224
 2178
 2134
 2090
 2044
 2000
 1958
 1930
 1922
 1936
 1962
 1998
 2042
 2088
 2140
 2186
 2230
 2270
 2306
 2344
 2384
 2426
 2462
 2494
 2524
 2546
 2566
 2590
 2622
 2662
 2702
 2740
 2778
 2810
 2834
 2856
 2870
 2884
 2896
 2912
 2924
 2932
 2934
 2938
 2942
 2948
 2956
 2978
 2994
 3008
 3010
 3002
 2980
 2948
 2912
 2868
 2820
 2772
 2720
 2672
 2622
 2568
 2516
 2460
 2400
 2338
 2282
 2232
 2188
 2146
 2098
 2054
 2008
 1964
 1922
 1884
 1850
 1824
 1814
 1814
 1826
 1844
 1866
 1892
 1920
 1956
 1996
 2048
 2104
 2162
 2218
 2276
 2338
 2392
 2440
 2482
 2524
 2566
 2610
 2650
 2688
 2722
 2750
 2774
 2792
 2804
 2826
 2852
 2880
 2908
 2932
 2952
 2962
 2970
 2976
 2978
 2982
 2984
 2986
 2984
 2980
 2968
 2952
 2930
 2904
 2872
 2846
 2812
 2786
 2758
 2730
 2702
 2672
 2634
 2590
 2542
 2494
 2448
 2400
 2354
 2302
 2248
 2192
 2138
 2094
 2070
 2072
 2086
 2112
 2146
 2184
 2230
 2270
 2308
 2338
 2370
 2402
 2436
 2472
 2510
 2546
 2578
 2608
 2632
 2654
 2676
 2710
 2744
 2780
 2808
 2836
 2852
 2860
 2864
 2864
 2864
 2866
 2872
 2876
 2876
 2872
 2868
 2856
 2846
 2840
 2830
 2834
 2846
 2864
 2886
 2906
 2924
 2936
 2942
 2942
 2936
 2926
 2916
 2902
 2884
 2864
 2838
 2808
 2768
 2724
 2680
 2638
 2604
 2566
 2530
 2488
 2442
 2396
 2344
 2292
 2236
 2182
 2126
 2070
 2014
 1954
 1890
 1826
 1766
 1720
 1694
 1686
 1696
 1718
 1748
 1784
 1826
 1872
 1922
 1972
 2028
 2088
 2148
 2210
 2266
 2316
 2360
 2408
 2466
 2532
 2610
 2690
 2756
 2818
 2866
 2900
 2922
 2934
 2946
 2956
 2968
 2978
 2984
 2984
 2980
 2976
 2976
 2978
 2988
 2996
 3002
 3004
 2996
 2982
 2960
 2932
 2900
 2866
 2830
 2790
 2746
 2698
 2642
 2582
 2524
 2474
 2424
 2378
 2328
 2278
 2230
 2178
 2128
 2074
 2016
 1962
 1908
 1856
 1808
 1766
 1734
 1720
 1722
 1746
 1786
 1836
 1892
 1950
 2012
 2074
 2134
 2194
 2256
 2318
 2376
 2434
 2486
 2540
 2584
 2618
 2642
 2664
 2690
 2712
 2738
 2764
 2790
 2814
 2828
 2838
 2842
 2848
 2856
 2862
 2870
 2878
 2882
 2888
 2888
 2886
 2886
 2894
 2906
 2924
 2944
 2960
 2968
 2962
 2950
 2932
 2912
 2890
 2862
 2832
 2800
 2764
 2720
 2672
 2620
 2564
 2516
 2472
 2428
 2382
 2332
 2282
 2230
 2178
 2124
 2070
 2016
 1962
 1908
 1856
 1804
 1758
 1714
 1692
 1686
 1708
 1742
 1786
 1838
 1892
 1952
 2008
 2068
 2124
 2182
 2238
 2294
 2356
 2416
 2472
 2518
 2554
 2586
 2626
 2670
 2714
 2760
 2800
 2838
 2868
 2894
 2912
 2922
 2928
 2934
 2942
 2948
 2954
 2956
 2954
 2948
 2940
 2942
 2942
 2948
 2956
 2962
 2968
 2968
 2966
 2962
 2958
 2956
 2952
 2950
 2950
 2952
 2950
 2944
 2932
 2918
 2898
 2884
 2868
 2850
 2834
 2816
 2796
 2776
 2754
 2726
 2696
 2664
 2630
 2598
 2566
 2534
 2500
 2462
 2424
 2384
 2348
 2320
 2294
 2276
 2262
 2258
 2264
 2272
 2286
 2302
 2322
 2350
 2382
 2416
 2452
 2486
 2514
 2536
 2554
 2572
 2600
 2636
 2674
 2714
 2750
 2786
 2812
 2836
 2852
 2866
 2878
 2890
 2896
 2902
 2908
 2914
 2914
 2908
 2902
 2906
 2914
 2928
 2944
 2958
 2972
 2980
 2980
 2970
 2950
 2928
 2902
 2874
 2840
 2806
 2762
 2712
 2654
 2600
 2546
 2498
 2452
 2406
 2360
 2312
 2266
 2220
 2172
 2124
 2076
 2026
 1980
 1938
 1900
 1868
 1846
 1842
 1852
 1880
 1914
 1952
 1994
 2040
 2088
 2136
 2182
 2224
 2268
 2312
 2362
 2412
 2460
 2500
 2534
 2562
 2596
 2636
 2680
 2722
 2760
 2794
 2822
 2846
 2862
 2874
 2880
 2880
 2872
 2856
 2832
 2796
 2754
 2708
 2668
 2630
 2592
 2550
 2506
 2462
 2418
 2370
 2318
 2264
 2208
 2152
 2096
 2040
 1980
 1916
 1856
 1802
 1762
 1730
 1706
 1682
 1664
 1656
 1656
 1670
 1692
 1716
 1748
 1786
 1830
 1878
 1918
 1952
 1986
 2022
 2072
 2126
 2182
 2240
 2304
 2368
 2424
 2474
 2518
 2560
 2602
 2642
 2680
 2718
 2750
 2772
 2786
 2802
 2826
 2852
 2884
 2910
 2934
 2956
 2964
 2966
 2960
 2948
 2930
 2906
 2880
 2848
 2810
 2764
 2708
 2652
 2598
 2556
 2512
 2468
 2420
 2372
 2324
 2276
 2224
 2172
 2116
 2062
 2008
 1958
 1906
 1852
 1798
 1748
 1712
 1694
 1690
 1698
 1716
 1740
 1770
 1804
 1842
 1880
 1926
 1974
 2022
 2072
 2124
 2170
 2210
 2244
 2282
 2332
 2388
 2448
 2502
 2554
 2606
 2650
 2692
 2726
 2758
 2786
 2814
 2842
 2866
 2886
 2902
 2904
 2902
 2906
 2918
 2932
 2950
 2966
 2980
 2992
 3002
 3000
 2992
 2980
 2966
 2948
 2926
 2900
 2868
 2830
 2786
 2736
 2688
 2644
 2602
 2560
 2516
 2468
 2420
 2370
 2320
 2266
 2212
 2156
 2102
 2046
 1992
 1938
 1884
 1832
 1798
 1778
 1778
 1790
 1810
 1836
 1868
 1908
 1948
 1992
 2030
 2070
 2114
 2160
 2210
 2258
 2306
 2348
 2384
 2422
 2472
 2526
 2580
 2632
 2682
 2726
 2768
 2800
 2828
 2850
 2872
 2896
 2916
 2934
 2950
 2956
 2952
 2946
 2950
 2958
 2972
 2986
 2998
 3004
 3000
 2986
 2964
 2940
 2912
 2882
 2848
 2810
 2770
 2724
 2674
 2614
 2558
 2506
 2460
 2416
 2372
 2324
 2276
 2230
 2186
 2140
 2094
 2046
 1998
 1954
 1910
 1866
 1826
 1788
 1770
 1766
 1784
 1812
 1846
 1886
 1930
 1982
 2028
 2076
 2124
 2168
 2216
 2266
 2316
 2366
 2414
 2452
 2484
 2516
 2556
 2600
 2650
 2696
 2740
 2782
 2816
 2848
 2872
 2892
 2910
 2928
 2942
 2956
 2968
 2974
 2976
 2968
 2966
 2964
 2956
 2946
 2926
 2904
 2876
 2844
 2806
 2762
 2716
 2672
 2628
 2580
 2532
 2478
 2416
 2354
 2292
 2240
 2194
 2148
 2104
 2056
 2008
 1966
 1928
 1890
 1858
 1834
 1818
 1816
 1822
 1830
 1840
 1856
 1874
 1902
 1946
 1994
 2050
 2106
 2160
 2222
 2282
 2338
 2386
 2434
 2480
 2530
 2580
 2626
 2668
 2702
 2728
 2750
 2782
 2816
 2852
 2886
 2916
 2942
 2964
 2978
 2982
 2984
 2984
 2982
 2972
 2960
 2942
 2918
 2886
 2844
 2798
 2758
 2716
 2674
 2630
 2584
 2536
 2484
 2428
 2370
 2308
 2246
 2184
 2122
 2060
 1996
 1930
 1862
 1806
 1762
 1736
 1722
 1722
 1732
 1754
 1786
 1822
 1862
 1902
 1948
 1998
 2050
 2106
 2158
 2208
 2256
 2298
 2344
 2400
 2460
 2520
 2574
 2628
 2678
 2722
 2760
 2790
 2818
 2846
 2870
 2896
 2920
 2940
 2952
 2956
 2950
 2958
 2970
 2988
 3004
 3020
 3032
 3044
 3050
 3044
 3028
 3008
 2986
 2962
 2938
 2906
 2868
 2822
 2772
 2718
 2672
 2630
 2584
 2540
 2492
 2444
 2396
 2348
 2296
 2242
 2186
 2132
 2080
 2026
 1974
 1922
 1866
 1820
 1780
 1758
 1744
 1742
 1746
 1760
 1786
 1814
 1852
 1890
 1932
 1978
 2028
 2080
 2132
 2180
 2224
 2268
 2314
 2370
 2432
 2494
 2554
 2612
 2668
 2714
 2754
 2792
 2824
 2850
 2880
 2906
 2928
 2948
 2960
 2966
 2966
 2968
 2976
 2992
 3004
 3016
 3018
 3014
 3000
 2978
 2950
 2920
 2884
 2846
 2808
 2766
 2714
 2660
 2598
 2532
 2472
 2422
 2370
 2322
 2274
 2224
 2178
 2134
 2090
 2044
 1996
 1952
 1912
 1880
 1858
 1846
 1842
 1852
 1866
 1898
 1940
 1992
 2046
 2106
 2170
 2234
 2300
 2360
 2416
 2472
 2526
 2584
 2638
 2688
 2732
 2762
 2786
 2810
 2840
 2872
 2906
 2930
 2954
 2976
 2992
 3006
 3012
 3016
 3020
 3024
 3028
 3032
 3034
 3032
 3028
 3020
 3014
 3014
 3016
 3014
 3008
 2998
 2984
 2966
 2940
 2906
 2860
 2816
 2770
 2726
 2680
 2632
 2580
 2520
 2456
 2396
 2344
 2296
 2252
 2204
 2158
 2114
 2074
 2032
 1994
 1956
 1920
 1900
 1892
 1896
 1906
 1922
 1946
 1976
 2020
 2074
 2138
 2202
 2264
 2324
 2378
 2428
 2474
 2516
 2556
 2596
 2638
 2678
 2718
 2750
 2774
 2796
 2818
 2850
 2882
 2918
 2946
 2972
 2994
 3010
 3024
 3030
 3034
 3044
 3062
 3072
 3072
 3066
 3046
 3020
 2986
 2954
 2920
 2886
 2846
 2804
 2756
 2706
 2650
 2592
 2528
 2464
 2398
 2336
 2274
 2212
 2142
 2072
 2008
 1950
 1902
 1858
 1818
 1782
 1754
 1738
 1738
 1750
 1768
 1792
 1820
 1856
 1894
 1934
 1972
 2012
 2054
 2106
 2168
 2234
 2302
 2376
 2446
 2512
 2572
 2628
 2678
 2722
 2764
 2802
 2838
 2872
 2894
 2908
 2916
 2932
 2942
 2962
 2980
 2996
 3010
 3014
 3006
 2992
 2970
 2944
 2916
 2884
 2852
 2814
 2774
 2722
 2670
 2616
 2570
 2528
 2484
 2440
 2394
 2346
 2300
 2254
 2206
 2158
 2108
 2060
 2018
 1982
 1954
 1942
 1938
 1952
 1974
 2018
 2074
 2134
 2198
 2260
 2324
 2384
 2440
 2492
 2540
 2586
 2628
 2670
 2712
 2748
 2782
 2806
 2822
 2836
 2858
 2880
 2908
 2930
 2952
 2972
 2984
 2996
 3002
 2996
 2994
 2994
 2994
 2992
 2992
 2990
 2988
 2984
 2976
 2968
 2960
 2962
 2970
 2980
 2986
 2996
 3002
 3004
 3000
 2982
 2962
 2936
 2912
 2882
 2844
 2806
 2766
 2722
 2676
 2626
 2572
 2518
 2470
 2426
 2384
 2340
 2294
 2246
 2198
 2148
 2096
 2042
 1986
 1932
 1878
 1828
 1774
 1720
 1662
 1610
 1572
 1552
 1554
 1572
 1606
 1646
 1694
 1746
 1798
 1846
 1896
 1946
 1998
 2056
 2120
 2180
 2232
 2278
 2320
 2374
 2430
 2490
 2546
 2600
 2654
 2698
 2740
 2772
 2800
 2828
 2852
 2880
 2916
 2952
 2966
 2978
 2986
 3000
 3008
 3002
 2992
 2970
 2942
 2906
 2858
 2800
 2738
 2678
 2618
 2566
 2512
 2460
 2400
 2332
 2268
 2210
 2158
 2108
 2056
 2006
 1952
 1902
 1850
 1800
 1748
 1700
 1658
 1630
 1620
 1620
 1626
 1644
 1670
 1714
 1778
 1852
 1934
 2016
 2096
 2170
 2236
 2296
 2354
 2410
 2464
 2514
 2564
 2610
 2648
 2676
 2702
 2734
 2770
 2806
 2842
 2876
 2902
 2924
 2942
 2944
 2936
 2920
 2896
 2864
 2826
 2782
 2730
 2668
 2602
 2542
 2486
 2432
 2376
 2320
 2266
 2208
 2154
 2098
 2042
 1984
 1924
 1866
 1812
 1756
 1708
 1662
 1636
 1626
 1640
 1664
 1702
 1742
 1788
 1840
 1896
 1950
 2004
 2058
 2110
 2172
 2230
 2290
 2346
 2394
 2438
 2470
 2510
 2554
 2602
 2656
 2702
 2744
 2780
 2810
 2832
 2852
 2870
 2884
 2898
 2910
 2920
 2926
 2934
 2936
 2936
 2930
 2930
 2938
 2946
 2960
 2970
 2978
 2982
 2974
 2958
 2932
 2904
 2874
 2842
 2810
 2776
 2740
 2700
 2658
 2616
 2564
 2512
 2462
 2422
 2384
 2346
 2308
 2266
 2228
 2190
 2154
 2116
 2080
 2046
 2016
 1996
 1986
 1984
 1994
 2012
 2036
 2066
 2102
 2146
 2206
 2268
 2328
 2384
 2436
 2484
 2526
 2562
 2594
 2624
 2652
 2682
 2714
 2742
 2776
 2806
 2832
 2850
 2860
 2866
 2886
 2904
 2928
 2950
 2966
 2980
 2990
 2996
 3000
 3000
 2992
 2984
 2976
 2962
 2942
 2916
 2882
 2840
 2796
 2756
 2714
 2668
 2624
 2576
 2528
 2478
 2426
 2372
 2316
 2260
 2204
 2150
 2100
 2050
 1994
 1938
 1884
 1838
 1808
 1780
 1764
 1754
 1758
 1770
 1792
 1820
 1852
 1884
 1922
 1966
 2018
 2068
 2112
 2148
 2188
 2236
 2296
 2354
 2418
 2480
 2540
 2596
 2646
 2688
 2726
 2758
 2792
 2824
 2854
 2878
 2900
 2912
 2918
 2928
 2940
 2954
 2970
 2982
 2992
 2990
 2976
 2956
 2928
 2894
 2858
 2814
 2766
 2720
 2668
 2606
 2546
 2488
 2438
 2392
 2344
 2296
 2248
 2198
 2148
 2100
 2046
 1996
 1942
 1896
 1852
 1814
 1784
 1758
 1754
 1764
 1792
 1830
 1880
 1934
 1990
 2054
 2114
 2168
 2218
 2264
 2314
 2366
 2422
 2476
 2526
 2568
 2602
 2632
 2672
 2716
 2762
 2806
 2842
 2878
 2902
 2920
 2934
 2942
 2948
 2952
 2956
 2960
 2964
 2966
 2968
 2958
 2948
 2948
 2954
 2964
 2972
 2974
 2972
 2968
 2954
 2934
 2908
 2878
 2848
 2816
 2782
 2744
 2704
 2658
 2608
 2548
 2490
 2432
 2386
 2340
 2294
 2252
 2204
 2162
 2120
 2078
 2034
 1996
 1960
 1932
 1920
 1920
 1924
 1940
 1958
 1980
 2010
 2054
 2110
 2170
 2230
 2292
 2352
 2410
 2462
 2514
 2560
 2602
 2642
 2682
 2720
 2754
 2784
 2808
 2822
 2834
 2844
 2860
 2878
 2900
 2916
 2930
 2944
 2952
 2958
 2960
 2960
 2960
 2962
 2964
 2964
 2964
 2960
 2952
 2934
