10
18
103
190
268
344
422
526
573
639
718
736
811
882
955
1025
1098
1178
1255
1328
1404
1479
1549
1627
1697
1775
1852
1922
1996
2072
2151
2238
2305
2367
2445
2524
2602
2682
2760
2842
2914
2988
3073
3155
3226
3304
3367
3430
3501
3575
3657
3734
3811
3885
3959
4026
4109
4241
4341
4419
4503
4576
4662
4734
4811
4893
4963
5030
5100
5167
5232
5307
5374
5450
5537
5597
5668
5749
5820
5911
5985
6053
6124
6205
6364
6438
6511
6585
6662
6733
6802
6887
6965
7034
7117
7204
7275
7348
7432
7499
7579
7662
7727
7804
7870
7945
8019
8102
8172
8243
8315
8401
8484
8563
8631
8707
8768
8839
8908
