52
138
230
324
413
502
592
693
789
894
996
1089
1180
1265
1350
1437
1522
1611
1704
1796
1889
1988
2090
2189
2288
2381
2474
2566
2607
2653
2736
2818
2901
2987
3075
3173
3270
3372
3473
3576
3679
3778
3823
3873
3966
4059
4146
4232
4320
4412
4503
4590
4680
4773
4869
4962
5051
5143
5246
5351
5452
5555
5655
5755
5849
5940
6040
6141
6241
6339
6440
6539
6631
6718
6807
6910
7008
7106
7202
7300
7393
7494
7592
7689
7776
7872
7966
8055
8141
8227
8310
8397
8497
8593
8693
8794
8898
8998
9091
9191
9287
9390
9490
9579
9676
9778
9878
9972
10071
10174
10275
10371
10472
10571
10672
10771
10872
10976
11072
11164
11266
11367
11463
11556
11659
11760
11853
11942
12035
12124
12210
12300
12390
12477
12562
12652
12757
12862
12968
13063
13158
13262
13363
13462
13562
13665
13763
13864
13962
14057
14147
14203
14333
14433
14535
14633
14734
14833
14923
15010
15096
15194
15290
15379
15471
15572
15672
15761
15850
15953
16053
16155
16254
16346
16437
16531
16619
16709
16809
16910
17013
17115
17219
17320
17423
17523
17617
17710
17805
17917
18020
18115
18209
18315
18420
18525
18624
18719
18823
18932
19030
19120
19214
19311
19401
19484
19571
19660
19743
19829
19930
20029
20129
20228
20334
20435
20530
20621
20714
20809
20908
21010
21111
21209
21311
21413
21518
21617
21719
21822
21923
22022
22123
22223
22318
22407
22508
22609
22713
22809
22901
22995
23095
23148
23189
23289
23391
23494
23592
23694
23795
23894
23983
24071
24155
24239
24335
24428
24518
24609
24710
24813
24914
25013
25117
25221
25318
25420
25516
25618
25716
25807
25899
25992
26084
26186
26288
26395
26495
26589
26687
26789
26889
26990
27088
27190
27288
27377
27466
27562
27654
27742
27833
27937
28041
28145
28247
28344
28438
28529
28624
28738
28840
28939
29036
29143
29248
29344
29451
29558
29652
29746
29845
29939
30030
30121
30218
30314
30408
30501
30604
30703
30794
30895
30994
31100
31197
31291
31391
31489
31594
31695
31791
31885
31974
32057
32145
32240
32334
32430
32524
32627
32731
32831
32929
33035
33137
33237
33346
33432
33548
33645
33733
33824
33931
34038
34140
34244
34353
34457
34550
34640
34729
34819
34914
35007
35093
35177
35265
35360
35461
35557
