 3142
 3150
 3156
 3160
 3168
 3176
 3184
 3190
 3194
 3194
 3186
 3180
 3172
 3164
 3158
 3150
 3134
 3112
 3092
 3072
 3052
 3028
 3004
 2976
 2946
 2918
 2890
 2862
 2836
 2810
 2780
 2752
 2722
 2692
 2660
 2628
 2592
 2560
 2530
 2496
 2460
 2432
 2406
 2384
 2360
 2334
 2308
 2280
 2254
 2234
 2224
 2224
 2230
 2240
 2250
 2264
 2280
 2296
 2314
 2334
 2358
 2388
 2414
 2444
 2478
 2516
 2562
 2602
 2644
 2680
 2716
 2750
 2780
 2810
 2842
 2870
 2900
 2922
 2942
 2962
 2976
 2988
 3000
 3010
 3018
 3020
 3022
 3032
 3046
 3062
 3078
 3092
 3104
 3112
 3120
 3120
 3120
 3122
 3118
 3120
 3118
 3116
 3106
 3098
 3090
 3084
 3082
 3076
 3070
 3064
 3060
 3050
 3038
 3026
 3012
 2982
 2948
 2916
 2882
 2848
 2810
 2780
 2748
 2712
 2668
 2626
 2580
 2534
 2484
 2432
 2380
 2328
 2276
 2222
 2168
 2106
 2048
 2002
 1958
 1914
 1870
 1828
 1784
 1742
 1704
 1684
 1674
 1674
 1680
 1692
 1710
 1734
 1764
 1796
 1832
 1870
 1916
 1974
 2024
 2076
 2136
 2196
 2258
 2318
 2376
 2432
 2486
 2530
 2568
 2606
 2640
 2674
 2706
 2734
 2760
 2784
 2806
 2826
 2844
 2862
 2876
 2888
 2902
 2922
 2948
 2970
 2992
 3008
 3018
 3026
 3028
 3032
 3032
 3032
 3030
 3026
 3020
 3010
 2996
 2976
 2946
 2914
 2882
 2844
 2806
 2762
 2710
 2664
 2624
 2590
 2556
 2520
 2486
 2450
 2414
 2376
 2338
 2302
 2264
 2224
 2184
 2142
 2098
 2050
 2000
 1950
 1902
 1858
 1824
 1800
 1782
 1780
 1790
 1808
 1832
 1862
 1900
 1940
 1984
 2036
 2094
 2154
 2212
 2266
 2322
 2372
 2420
 2462
 2502
 2536
 2572
 2608
 2638
 2664
 2694
 2726
 2764
 2794
 2824
 2850
 2868
 2886
 2898
 2910
 2920
 2924
 2920
 2910
 2890
 2860
 2818
 2772
 2726
 2680
 2630
 2582
 2530
 2490
 2458
 2428
 2398
 2370
 2342
 2312
 2282
 2250
 2224
 2200
 2174
 2146
 2122
 2100
 2088
 2078
 2072
 2074
 2076
 2092
 2108
 2124
 2152
 2188
 2236
 2290
 2350
 2418
 2486
 2552
 2614
 2668
 2720
 2760
 2790
 2808
 2818
 2824
 2828
 2842
 2852
 2868
 2902
 2950
 2996
 3046
 3106
 3172
 3228
 3292
 3356
 3404
 3446
 3472
 3478
 3488
 3490
 3504
 3530
 3544
 3512
 3452
 3368
 3276
 3172
 3054
 2912
 2748
 2596
 2478
 2402
 2334
 2276
 2252
 2236
 2218
 2200
 2178
 2158
 2130
 2102
 2082
 2060
 2038
 2012
 1994
 1994
 2004
 2018
 2044
 2070
 2110
 2146
 2174
 2184
 2198
 2218
 2240
 2268
 2286
 2300
 2310
 2312
 2314
 2312
 2312
 2308
 2298
 2288
 2294
 2318
 2326
 2316
 2308
 2306
 2278
 2244
 2222
 2174
 2120
 2082
 2070
 2078
 2094
 2086
 2076
 2066
 2070
 2078
 2090
 2112
 2140
 2170
 2196
 2218
 2232
 2232
 2226
 2220
 2224
 2234
 2258
 2296
 2340
 2370
 2388
 2402
 2390
 2364
 2338
 2304
 2278
 2244
 2208
 2174
 2134
 2094
 2050
 1996
 1936
 1870
 1786
 1706
 1636
 1574
 1522
 1480
 1458
 1436
 1418
 1418
 1426
 1450
 1482
 1530
 1580
 1630
 1682
 1730
 1778
 1824
 1866
 1912
 1954
 2004
 2046
 2084
 2110
 2136
 2164
 2202
 2244
 2278
 2312
 2348
 2376
 2406
 2442
 2474
 2506
 2540
 2572
 2600
 2624
 2638
 2656
 2674
 2698
 2720
 2740
 2758
 2778
 2796
 2812
 2832
 2852
 2866
 2874
 2876
 2870
 2854
 2826
 2788
 2752
 2722
 2682
 2644
 2618
 2592
 2576
 2552
 2530
 2506
 2476
 2440
 2402
 2368
 2336
 2302
 2270
 2230
 2190
 2150
 2106
 2062
 2024
 1992
 1966
 1958
 1970
 1996
 2022
 2050
 2080
 2110
 2144
 2176
 2216
 2258
 2300
 2340
 2378
 2410
 2436
 2456
 2474
 2488
 2494
 2494
 2506
 2528
 2554
 2594
 2632
 2670
 2706
 2734
 2756
 2776
 2796
 2812
 2830
 2846
 2862
 2880
 2894
 2908
 2918
 2928
 2942
 2958
 2962
 2962
 2970
 2990
 3006
 3020
 3032
 3042
 3048
 3052
 3048
 3032
 3010
 2978
 2940
 2900
 2858
 2812
 2762
 2712
 2662
 2604
 2548
 2496
 2428
 2362
 2300
 2232
 2160
 2080
 1994
 1900
 1812
 1728
 1652
 1574
 1498
 1418
 1342
 1264
 1186
 1126
 1086
 1064
 1036
 970
 812
 600
 444
 328
 258
 228
 238
 276
 316
 372
 450
 536
 626
 706
 786
 876
 978
 1094
 1224
 1368
 1514
 1640
 1764
 1884
 1984
 2076
 2162
 2240
 2330
 2406
 2480
 2548
 2606
 2658
 2706
 2750
 2784
 2810
 2832
 2848
 2856
 2850
 2840
 2826
 2808
 2786
 2766
 2738
 2708
 2682
 2654
 2624
 2580
 2534
 2480
 2418
 2356
 2298
 2242
 2180
 2120
 2058
 1992
 1928
 1866
 1808
 1758
 1716
 1682
 1662
 1662
 1674
 1700
 1728
 1762
 1796
 1832
 1868
 1904
 1950
 2000
 2044
 2090
 2130
 2174
 2212
 2252
 2290
 2322
 2348
 2380
 2418
 2462
 2504
 2548
 2586
 2620
 2650
 2676
 2702
 2728
 2748
 2772
 2796
 2814
 2828
 2842
 2852
 2856
 2856
 2862
 2874
 2894
 2914
 2934
 2954
 2966
 2980
 2988
 2996
 3000
 3006
 3010
 3010
 3016
 3014
 3010
 3002
 2988
 2964
 2934
 2912
 2892
 2876
 2850
 2824
 2792
 2758
 2718
 2676
 2634
 2594
 2550
 2504
 2456
 2412
 2364
 2314
 2264
 2210
 2146
 2090
 2046
 2004
 1968
 1926
 1884
 1834
 1788
 1748
 1722
 1712
 1708
 1712
 1722
 1736
 1754
 1778
 1806
 1842
 1876
 1908
 1950
 2002
 2064
 2130
 2196
 2262
 2324
 2380
 2430
 2478
 2522
 2558
 2592
 2620
 2648
 2676
 2700
 2724
 2748
 2770
 2794
 2812
 2836
 2864
 2900
 2932
 2966
 2994
 3018
 3038
 3048
 3060
 3074
 3086
 3096
 3108
 3116
 3122
 3128
 3132
 3128
 3126
 3120
 3114
 3112
 3118
 3128
 3136
 3144
 3146
 3140
 3130
 3114
 3098
 3078
 3050
 3022
 2990
 2958
 2924
 2880
 2836
 2800
 2760
 2708
 2658
 2612
 2574
 2534
 2494
 2456
 2412
 2368
 2322
 2278
 2236
 2194
 2152
 2112
 2078
 2048
 2022
 2000
 1982
 1968
 1952
 1944
 1952
 1966
 1988
 2010
 2036
 2058
 2080
 2100
 2120
 2146
 2166
 2186
 2210
 2232
 2256
 2282
 2304
 2328
 2352
 2372
 2392
 2422
 2456
 2496
 2532
 2570
 2608
 2642
 2668
 2690
 2714
 2734
 2754
 2774
 2796
 2816
 2834
 2850
 2868
 2888
 2906
 2918
 2930
 2948
 2976
 3006
 3034
 3064
 3084
 3102
 3114
 3118
 3124
 3132
 3138
 3142
 3148
 3154
 3152
 3148
 3146
 3146
 3144
 3132
 3116
 3104
 3092
 3086
 3074
 3060
 3036
 3010
 2986
 2956
 2932
 2906
 2876
 2842
 2804
 2764
 2722
 2678
 2630
 2582
 2530
 2474
 2426
 2388
 2348
 2310
 2272
 2232
 2188
 2144
 2098
 2056
 2020
 1984
 1958
 1936
 1924
 1916
 1910
 1908
 1912
 1914
 1916
 1934
 1960
 1994
 2034
 2070
 2102
 2128
 2160
 2196
 2236
 2280
 2318
 2358
 2394
 2428
 2460
 2488
 2516
 2546
 2570
 2586
 2612
 2640
 2676
 2706
 2736
 2770
 2800
 2822
 2840
 2854
 2872
 2884
 2898
 2916
 2930
 2944
 2956
 2966
 2980
 2994
 2998
 3008
 3024
 3050
 3074
 3094
 3114
 3128
 3138
 3146
 3152
 3158
 3164
 3168
 3172
 3170
 3166
 3158
 3144
 3124
 3092
 3052
 3018
 2990
 2968
 2944
 2918
 2888
 2854
 2818
 2774
 2736
 2702
 2666
 2630
 2596
 2560
 2526
 2490
 2450
 2408
 2368
 2318
 2268
 2228
 2196
 2168
 2138
 2112
 2084
 2060
 2042
 2030
 2032
 2038
 2050
 2066
 2082
 2104
 2128
 2152
 2176
 2196
 2210
 2228
 2254
 2290
 2328
 2358
 2390
 2416
 2442
 2468
 2494
 2524
 2554
 2580
 2606
 2630
 2650
 2668
 2688
 2710
 2734
 2752
 2766
 2786
 2814
 2848
 2882
 2916
 2942
 2966
 2980
 2994
 3004
 3008
 3014
 3018
 3024
 3026
 3030
 3030
 3028
 3028
 3026
 3024
 3014
 3006
 3008
 3018
 3024
 3026
 3018
 3006
 2988
 2968
 2946
 2920
 2892
 2862
 2832
 2800
 2766
 2732
 2700
 2666
 2634
 2598
 2562
 2532
 2508
 2486
 2464
 2440
 2408
 2370
 2330
 2288
 2252
 2218
 2182
 2146
 2108
 2070
 2040
 2012
 1990
 1976
 1966
 1956
 1952
 1962
 1978
 2008
 2040
 2074
 2106
 2138
 2164
 2186
 2208
 2230
 2252
 2280
 2312
 2342
 2374
 2400
 2426
 2452
 2478
 2500
 2522
 2548
 2580
 2618
 2652
 2692
 2724
 2752
 2778
 2802
 2826
 2846
 2866
 2882
 2898
 2912
 2926
 2936
 2946
 2952
 2956
 2964
 2972
 2980
 2980
 2976
 2982
 3000
 3016
 3030
 3042
 3050
 3054
 3056
 3060
 3062
 3062
 3062
 3062
 3060
 3052
 3044
 3032
 3024
 3016
 3008
 3002
 2998
 2990
 2982
 2974
 2966
 2956
 2942
 2924
 2896
 2868
 2838
 2808
 2778
 2750
 2718
 2688
 2658
 2626
 2590
 2556
 2518
 2480
 2444
 2406
 2366
 2320
 2284
 2252
 2222
 2190
 2158
 2124
 2084
 2048
 2012
 1984
 1962
 1940
 1912
 1884
 1866
 1848
 1832
 1810
 1784
 1764
 1758
 1756
 1760
 1778
 1806
 1846
 1894
 1946
 2000
 2052
 2100
 2148
 2196
 2246
 2288
 2334
 2374
 2416
 2452
 2484
 2512
 2540
 2568
 2596
 2614
 2634
 2664
 2700
 2738
 2772
 2804
 2830
 2850
 2868
 2882
 2898
 2910
 2918
 2926
 2932
 2938
 2938
 2940
 2940
 2942
 2946
 2946
 2942
 2946
 2954
 2972
 2986
 2998
 3004
 3010
 3010
 3006
 3000
 2988
 2970
 2950
 2926
 2898
 2870
 2838
 2806
 2774
 2738
 2708
 2678
 2640
 2606
 2580
 2556
 2536
 2514
 2490
 2462
 2432
 2402
 2370
 2344
 2312
 2280
 2246
 2212
 2182
 2150
 2122
 2098
 2078
 2068
 2062
 2062
 2058
 2062
 2074
 2092
 2116
 2144
 2168
 2192
 2218
 2242
 2268
 2298
 2324
 2350
 2376
 2402
 2428
 2454
 2476
 2500
 2522
 2544
 2568
 2590
 2606
 2622
 2638
 2650
 2648
 2640
 2632
 2622
 2616
 2612
 2612
 2616
 2618
 2618
 2620
 2622
 2618
 2610
 2602
 2592
 2586
 2588
 2590
 2596
 2606
 2624
 2646
 2662
 2680
 2688
 2692
 2692
 2690
 2694
 2698
 2706
 2714
 2724
 2732
 2740
 2748
 2758
 2762
 2768
 2780
 2800
 2826
 2850
 2874
 2892
 2908
 2918
 2930
 2944
 2956
 2966
 2966
 2968
 2972
 2972
 2972
 2972
 2966
 2958
 2954
 2948
 2936
 2918
 2900
 2878
 2856
 2834
 2808
 2780
 2750
 2718
 2680
 2644
 2606
 2568
 2528
 2486
 2440
 2392
 2342
 2302
 2268
 2242
 2214
 2182
 2148
 2110
 2072
 2040
 2020
 2008
 2002
 2006
 2014
 2026
 2042
 2060
 2080
 2104
 2136
 2166
 2192
 2224
 2264
 2308
 2354
 2398
 2440
 2480
 2514
 2548
 2582
 2616
 2646
 2668
 2690
 2708
 2726
 2740
 2752
 2760
 2772
 2784
 2794
 2794
 2794
 2798
 2808
 2824
 2838
 2848
 2856
 2866
 2870
 2872
 2882
 2892
 2902
 2916
 2936
 2950
 2960
 2966
 2972
 2982
 2994
 3008
 3014
 3014
 3018
 3024
 3028
 3028
 3028
 3022
 3014
 3002
 2984
 2960
 2932
 2900
 2862
 2822
 2780
 2742
 2702
 2660
 2614
 2566
 2516
 2468
 2416
 2374
 2340
 2308
 2278
 2244
 2214
 2178
 2140
 2104
 2068
 2038
 2010
 1978
 1950
 1932
 1918
 1910
 1908
 1906
 1916
 1934
 1950
 1968
 2000
 2052
 2122
 2208
 2280
 2346
 2396
 2424
 2432
 2432
 2440
 2450
 2464
 2476
 2484
 2488
 2490
 2502
 2520
 2544
 2566
 2584
 2604
 2628
 2656
 2678
 2698
 2716
 2728
 2738
 2744
 2752
 2760
 2770
 2774
 2776
 2778
 2774
 2764
 2754
 2744
 2740
 2740
 2740
 2750
 2770
 2792
 2818
 2842
 2864
 2882
 2896
 2912
 2926
 2936
 2942
 2944
 2942
 2942
 2938
 2928
 2912
 2888
 2858
 2820
 2778
 2746
 2718
 2698
 2674
 2650
 2622
 2586
 2550
 2508
 2472
 2438
 2402
 2364
 2318
 2274
 2230
 2182
 2134
 2084
 2030
 1980
 1926
 1880
 1854
 1838
 1842
 1840
 1850
 1856
 1858
 1872
 1888
 1908
 1934
 1954
 1980
 2006
 2034
 2064
 2094
 2130
 2168
 2212
 2250
 2284
 2324
 2364
 2410
 2450
 2488
 2520
 2542
 2564
 2584
 2604
 2616
 2624
 2632
 2638
 2642
 2642
 2642
 2640
 2632
 2624
 2616
 2610
 2604
 2598
 2604
 2612
 2628
 2642
 2656
 2664
 2682
 2694
 2704
 2718
 2722
 2726
 2728
 2728
 2724
 2718
 2710
 2704
 2694
 2686
 2676
 2662
 2658
 2638
 2618
 2606
 2596
 2578
 2556
 2530
 2496
 2462
 2428
 2398
 2372
 2340
 2310
 2280
 2246
 2212
 2172
 2130
 2084
 2036
 1984
 1934
 1880
 1820
 1756
 1698
 1648
 1606
 1560
 1508
 1458
 1410
 1360
 1314
 1282
 1258
 1244
 1240
 1244
 1262
 1294
 1348
 1404
 1448
 1488
 1526
 1564
 1600
 1636
 1682
 1742
 1812
 1876
 1936
 1990
 2040
 2086
 2128
 2164
 2202
 2236
 2264
 2294
 2320
 2344
 2364
 2378
 2390
 2404
 2414
 2424
 2432
 2442
 2452
 2470
 2494
 2516
 2536
 2554
 2562
 2572
 2580
 2584
 2594
 2602
 2610
 2620
 2628
 2636
 2644
 2650
 2658
 2666
 2674
 2682
 2688
 2684
 2672
 2664
 2656
 2646
 2628
 2610
 2584
 2554
 2520
 2484
 2452
 2420
 2380
 2344
 2308
 2268
 2230
 2186
 2138
 2086
 2040
 1994
 1942
 1884
 1832
 1788
 1746
 1704
 1664
 1630
 1602
 1580
 1570
 1574
 1592
 1612
 1634
 1666
 1702
 1742
 1790
 1838
 1888
 1942
 2000
 2054
 2104
 2156
 2212
 2274
 2336
 2386
 2434
 2482
 2520
 2548
 2572
 2594
 2616
 2634
 2652
 2668
 2682
 2694
 2704
 2720
 2738
 2752
 2760
 2770
 2784
 2808
 2830
 2852
 2870
 2886
 2896
 2902
 2910
 2926
 2942
 2956
 2964
 2968
 2968
 2956
 2940
 2920
 2902
 2884
 2858
 2830
 2800
 2770
 2744
 2722
 2694
 2664
 2636
 2602
 2566
 2528
 2490
 2452
 2410
 2366
 2314
 2262
 2212
 2160
 2106
 2052
 2004
 1962
 1916
 1882
 1864
 1856
 1862
 1872
 1886
 1902
 1920
 1944
 1972
 2006
 2032
 2056
 2090
 2132
 2178
 2222
 2268
 2316
 2364
 2410
 2454
 2506
 2560
 2616
 2662
 2710
 2738
 2744
 2744
 2742
 2748
 2754
 2764
 2778
 2794
 2810
 2826
 2838
 2852
 2864
 2868
 2874
 2884
 2902
 2922
 2926
 2928
 2924
 2918
 2908
 2900
 2896
 2898
 2900
 2904
 2908
 2912
 2914
 2912
 2904
 2896
 2892
 2882
 2874
 2868
 2866
 2866
 2860
 2852
 2840
 2826
 2804
 2780
 2758
 2730
 2696
 2660
 2626
 2590
 2558
 2528
 2496
 2462
 2420
 2374
 2330
 2294
 2260
 2226
 2188
 2148
 2102
 2054
 2002
 1962
 1932
 1910
 1902
 1890
 1890
 1890
 1888
 1890
 1896
 1904
 1914
 1924
 1950
 1978
 2016
 2054
 2106
 2150
 2192
 2242
 2284
 2322
 2362
 2394
 2428
 2462
 2488
 2514
 2538
 2556
 2578
 2604
 2618
 2630
 2650
 2674
 2706
 2736
 2764
 2790
 2814
 2832
 2846
 2862
 2874
 2884
 2890
 2896
 2900
 2906
 2906
 2906
 2906
 2904
 2892
 2882
 2876
 2876
 2886
 2898
 2910
 2920
 2922
 2918
 2906
 2896
 2884
 2876
 2866
 2852
 2830
 2806
 2778
 2744
 2708
 2674
 2638
 2604
 2572
 2532
 2490
 2454
 2424
 2394
 2358
 2322
 2278
 2230
 2186
 2136
 2094
 2052
 2006
 1968
 1930
 1898
 1878
 1862
 1850
 1842
 1838
 1846
 1860
 1874
 1892
 1920
 1956
 1994
 2030
 2074
 2112
 2152
 2186
 2218
 2252
 2284
 2314
 2346
 2376
 2404
 2428
 2450
 2470
 2488
 2512
 2532
 2546
 2558
 2576
 2602
 2632
 2658
 2682
 2700
 2716
 2730
 2744
 2758
 2772
 2782
 2794
 2804
 2814
 2822
 2832
 2838
 2850
 2866
 2880
 2890
 2894
 2904
 2920
 2944
 2964
 2982
 2994
 3000
 3004
 3012
 3018
 3026
 3032
 3034
 3036
 3042
 3042
 3036
 3028
 3014
 2996
 2978
 2956
 2930
 2902
 2878
 2858
 2832
 2810
 2782
 2750
 2722
 2698
 2676
 2654
 2624
 2594
 2558
 2522
 2488
 2448
 2406
 2358
 2318
 2278
 2232
 2190
 2162
 2136
 2122
 2102
 2084
 2064
 2048
 2038
 2034
 2042
 2056
 2070
 2084
 2104
 2124
 2146
 2170
 2198
 2226
 2256
 2286
 2310
 2344
 2382
 2424
 2464
 2506
 2542
 2574
 2604
 2630
 2660
 2694
 2722
 2746
 2770
 2790
 2810
 2824
 2838
 2848
 2858
 2868
 2870
 2878
 2890
 2910
 2932
 2952
 2972
 2988
 2998
 3000
 3002
 3008
 3010
 3012
 3012
 3014
 3012
 3010
 3006
 2998
 2986
 2982
 2976
 2970
 2964
 2962
 2966
 2972
 2974
 2974
 2964
 2948
 2928
 2910
 2894
 2876
 2850
 2820
 2786
 2752
 2714
 2676
 2638
 2598
 2566
 2532
 2488
 2442
 2412
 2388
 2368
 2344
 2322
 2296
 2264
 2230
 2190
 2152
 2114
 2078
 2048
 2028
 2018
 2016
 2014
 2016
 2024
 2032
 2046
 2058
 2082
 2114
 2154
 2198
 2240
 2284
 2328
 2368
 2408
 2446
 2486
 2522
 2554
 2586
 2620
 2652
 2676
 2694
 2708
 2720
 2732
 2736
 2742
 2752
 2768
 2790
 2806
 2824
 2838
 2846
 2852
 2854
 2856
 2860
 2862
 2862
 2862
 2864
 2864
 2862
 2860
 2856
 2852
 2848
 2842
 2838
 2836
 2840
 2854
 2866
 2884
 2898
 2910
 2918
 2922
 2920
 2910
 2896
 2880
 2864
 2844
 2824
 2798
 2768
 2738
 2708
 2680
 2650
 2622
 2584
 2552
 2528
 2510
 2490
 2468
 2442
 2414
 2382
 2350
 2316
 2286
 2254
 2222
 2186
 2152
 2116
 2082
 2052
 2030
 2012
 2002
 2002
 2000
 1998
 2010
 2032
 2066
 2098
 2130
 2166
 2204
 2246
 2282
 2326
 2370
 2410
 2448
 2484
 2524
 2558
 2590
 2620
 2648
 2674
 2698
 2724
 2744
 2760
 2780
 2812
 2848
 2876
 2904
 2926
 2940
 2952
 2958
 2966
 2970
 2968
 2960
 2956
 2954
 2946
 2940
 2936
 2934
 2926
 2920
 2910
 2898
 2890
 2890
 2898
 2914
 2924
 2936
 2934
 2936
 2928
 2916
 2906
 2892
 2874
 2852
 2830
 2806
 2776
 2746
 2718
 2684
 2652
 2624
 2598
 2568
 2538
 2514
 2496
 2480
 2462
 2440
 2416
 2388
 2358
 2330
 2304
 2280
 2252
 2220
 2186
 2154
 2130
 2108
 2092
 2076
 2064
 2054
 2050
 2056
 2070
 2088
 2120
 2160
 2208
 2254
 2304
 2354
 2398
 2444
 2484
 2524
 2564
 2598
 2628
 2660
 2686
 2712
 2734
 2750
 2766
 2778
 2792
 2808
 2824
 2832
 2842
 2858
 2880
 2904
 2926
 2946
 2960
 2968
 2972
 2970
 2970
 2966
 2962
 2958
 2952
 2944
 2932
 2918
 2900
 2870
 2842
 2816
 2790
 2756
 2722
 2696
 2676
 2656
 2632
 2610
 2582
 2552
 2518
 2484
 2452
 2416
 2378
 2338
 2300
 2268
 2234
 2200
 2168
 2136
 2108
 2084
 2068
 2052
 2044
 2050
 2064
 2086
 2110
 2136
 2166
 2200
 2232
 2264
 2302
 2336
 2370
 2404
 2432
 2462
 2486
 2512
 2534
 2556
 2578
 2598
 2614
 2632
 2654
 2682
 2712
 2744
 2772
 2796
 2820
 2842
 2862
 2882
 2902
 2920
 2938
 2954
 2968
 2984
 2998
 3006
 3012
 3022
 3030
 3032
 3032
 3036
 3042
 3050
 3054
 3048
 3036
 3020
 3002
 2982
 2962
 2942
 2920
 2898
 2876
 2844
 2810
 2780
 2742
 2702
 2660
 2622
 2576
 2530
 2500
 2474
 2454
 2430
 2406
 2376
 2346
 2308
 2268
 2224
 2182
 2136
 2086
 2034
 1996
 1964
 1934
 1914
 1904
 1904
 1912
 1920
 1926
 1942
 1974
 2006
 2040
 2076
 2112
 2144
 2172
 2200
 2228
 2260
 2298
 2332
 2364
 2396
 2436
 2468
 2492
 2524
 2554
 2580
 2598
 2618
 2642
 2670
 2700
 2726
 2756
 2782
 2802
 2818
 2834
 2848
 2860
 2864
 2868
 2870
 2870
 2868
 2864
 2862
 2858
 2856
 2852
 2850
 2852
 2860
 2870
 2876
 2878
 2870
 2858
 2842
 2824
 2806
 2786
 2762
 2738
 2712
 2684
 2652
 2618
 2582
 2542
 2508
 2470
 2434
 2398
 2354
 2318
 2290
 2266
 2248
 2224
 2198
 2166
 2134
 2104
 2070
 2044
 2020
 2004
 1988
 1974
 1968
 1964
 1960
 1960
 1962
 1964
 1972
 1982
 1986
 2002
 2030
 2062
 2100
 2140
 2184
 2220
 2258
 2298
 2340
 2390
 2434
 2476
 2510
 2544
 2578
 2608
 2634
 2658
 2684
 2706
 2726
 2740
 2762
 2790
 2824
 2856
 2888
 2918
 2940
 2958
 2974
 2990
 3004
 3016
 3024
 3030
 3034
 3030
 3026
 3016
 3004
 2988
 2968
 2942
 2912
 2892
 2876
 2858
 2838
 2818
 2796
 2772
 2746
 2718
 2688
 2648
 2606
 2564
 2518
 2470
 2422
 2370
 2320
 2272
 2226
 2172
 2130
 2098
 2072
 2048
 2024
 2002
 1972
 1938
 1906
 1888
 1884
 1892
 1902
 1916
 1934
 1952
 1974
 2000
 2030
 2066
 2098
 2130
 2164
 2210
 2266
 2322
 2378
 2436
 2486
 2534
 2580
 2620
 2660
 2702
 2738
 2768
 2796
 2820
 2842
 2862
 2880
 2898
 2910
 2918
 2930
 2942
 2960
 2976
 2994
 3012
 3026
 3036
 3044
 3052
 3060
 3062
 3058
 3056
 3054
 3052
 3050
 3046
 3044
 3048
 3052
 3054
 3046
 3032
 3004
 2980
 2962
 2948
 2928
 2902
 2876
 2846
 2814
 2780
 2748
 2716
 2676
 2634
 2584
 2536
 2486
 2432
 2374
 2312
 2250
 2196
 2144
 2084
 2024
 1974
 1932
 1898
 1872
 1852
 1842
 1840
 1844
 1852
 1868
 1888
 1906
 1932
 1960
 1994
 2030
 2066
 2102
 2138
 2178
 2212
 2242
 2272
 2308
 2348
 2402
 2448
 2500
 2544
 2580
 2614
 2644
 2676
 2708
 2732
 2754
 2776
 2790
 2808
 2820
 2830
 2840
 2850
 2858
 2862
 2870
 2880
 2898
 2916
 2932
 2952
 2970
 2986
 2998
 3006
 3012
 3012
 3010
 3002
 2998
 2996
 2990
 2976
 2962
 2938
 2892
 2840
 2776
 2708
 2654
 2606
 2570
 2534
 2502
 2472
 2438
 2402
 2366
 2338
 2320
 2296
 2268
 2226
 2180
 2138
 2092
 2046
 2004
 1964
 1928
 1898
 1888
 1894
 1920
 1946
 1974
 2004
 2038
 2076
 2114
 2158
 2202
 2242
 2278
 2316
 2350
 2384
 2412
 2444
 2474
 2502
 2528
 2552
 2580
 2618
 2660
 2700
 2738
 2772
 2800
 2824
 2848
 2870
 2888
 2902
 2914
 2926
 2936
 2944
 2950
 2962
 2970
 2970
 2968
 2972
 2984
 2998
 3014
 3030
 3044
 3052
 3056
 3060
 3064
 3066
 3068
 3068
 3070
 3072
 3064
 3048
 3032
 3016
 3006
 2994
 2984
 2984
 2990
 3002
 3010
 3012
 3010
 3008
 3004
 2998
 2994
 2986
 2978
 2964
 2952
 2942
 2934
 2930
 2930
 2930
 2930
 2926
 2922
 2922
 2928
 2932
 2938
 2946
 2952
 2958
 2964
 2968
 2970
 2968
 2966
 2966
 2964
 2964
 2958
 2952
 2950
 2944
 2936
 2928
 2928
 2934
 2944
 2952
 2958
 2960
 2962
 2962
 2958
 2946
 2936
 2926
 2916
 2904
 2884
 2860
 2840
 2820
 2798
 2776
 2752
 2724
 2700
 2682
 2670
 2652
 2638
 2620
 2596
 2560
 2522
 2490
 2448
 2398
 2344
 2288
 2234
 2176
 2114
 2044
 1984
 1928
 1886
 1858
 1840
 1832
 1844
 1864
 1892
 1924
 1962
 2000
 2042
 2086
 2130
 2178
 2224
 2266
 2312
 2358
 2402
 2442
 2480
 2514
 2544
 2574
 2602
 2626
 2642
 2662
 2684
 2714
 2738
 2764
 2784
 2798
 2808
 2818
 2824
 2832
 2838
 2852
 2866
 2878
 2886
 2888
 2888
 2886
 2884
 2886
 2890
 2886
 2882
 2880
 2888
 2900
 2912
 2928
 2938
 2946
 2954
 2946
 2938
 2926
 2906
 2884
 2862
 2838
 2816
 2792
 2766
 2742
 2716
 2688
 2660
 2618
 2578
 2548
 2524
 2502
 2476
 2450
 2420
 2386
 2350
 2316
 2288
 2260
 2230
 2200
 2168
 2142
 2120
 2100
 2088
 2078
 2070
 2070
 2074
 2078
 2092
 2114
 2142
 2176
 2216
 2256
 2290
 2322
 2352
 2380
 2410
 2434
 2456
 2480
 2498
 2516
 2532
 2544
 2554
 2564
 2574
 2582
 2588
 2596
 2610
 2632
 2664
 2692
 2712
 2726
 2738
 2750
 2762
 2770
 2780
 2792
 2804
 2814
 2818
 2822
 2820
 2818
 2812
 2806
 2802
 2798
 2800
 2798
 2802
 2816
 2834
 2848
 2858
 2862
 2864
 2860
 2860
 2852
 2846
 2838
 2826
 2810
 2790
 2766
 2744
 2720
 2692
 2664
 2636
 2602
 2566
 2544
 2522
 2504
 2484
 2464
 2440
 2410
 2380
 2346
 2318
 2296
 2270
 2240
 2210
 2180
 2156
 2136
 2118
 2104
 2098
 2092
 2088
 2090
 2106
 2128
 2164
 2202
 2244
 2290
 2334
 2376
 2418
 2462
 2506
 2544
 2578
 2608
 2638
 2662
 2684
 2706
 2724
 2742
 2758
 2770
 2778
 2796
 2818
 2846
 2870
 2894
 2918
 2932
 2946
 2956
 2968
 2978
 2982
 2986
 2982
 2974
 2962
 2944
 2920
 2898
 2872
 2842
 2816
 2786
 2748
 2716
 2690
 2668
 2650
 2626
 2606
 2584
 2560
 2534
 2508
 2482
 2454
 2424
 2390
 2350
 2306
 2260
 2212
 2162
 2110
 2064
 2024
 1982
 1948
 1930
 1924
 1930
 1942
 1958
 1978
 2004
 2032
 2062
 2100
 2138
 2174
 2214
 2256
 2304
 2346
 2384
 2414
 2440
 2464
 2480
 2492
 2510
 2532
 2560
 2586
 2616
 2642
 2664
 2684
 2698
 2712
 2726
 2740
 2752
 2772
 2796
 2814
 2836
 2850
 2860
 2872
 2886
 2890
 2896
 2908
 2926
 2946
 2964
 2982
 2994
 2998
 3002
 3006
 3012
 3018
 3020
 3020
 3018
 3012
 3006
 3000
 2996
 2990
 2984
 2978
 2970
 2958
 2934
 2902
 2880
 2860
 2846
 2826
 2812
 2786
 2762
 2738
 2708
 2678
 2650
 2620
 2588
 2558
 2528
 2494
 2456
 2416
 2374
 2334
 2292
 2256
 2216
 2170
 2134
 2108
 2086
 2064
 2042
 2028
 2016
 2012
 2014
 2024
 2042
 2060
 2088
 2118
 2152
 2186
 2224
 2262
 2296
 2328
 2362
 2392
 2418
 2446
 2480
 2518
 2558
 2596
 2628
 2652
 2674
 2694
 2710
 2728
 2748
 2766
 2780
 2794
 2804
 2814
 2824
 2830
 2838
 2846
 2862
 2872
 2884
 2892
 2902
 2916
 2936
 2952
 2968
 2982
 2988
 2988
 2990
 2996
 3004
 3008
 3010
 3010
 3008
 2998
 2984
 2958
 2932
 2906
 2878
 2852
 2822
 2786
 2756
 2734
 2718
 2698
 2682
 2658
 2630
 2602
 2570
 2534
 2502
 2468
 2426
 2380
 2332
 2292
 2244
 2188
 2130
 2076
 2024
 1982
 1944
 1910
 1890
 1884
 1890
 1908
 1928
 1956
 1994
 2032
 2078
 2118
 2162
 2206
 2246
 2288
 2332
 2370
 2412
 2450
 2484
 2514
 2546
 2578
 2610
 2636
 2656
 2680
 2714
 2748
 2778
 2814
 2838
 2860
 2874
 2886
 2898
 2908
 2912
 2914
 2914
 2908
 2902
 2898
 2892
 2888
 2886
 2888
 2890
 2888
 2888
 2888
 2900
 2912
 2926
 2942
 2954
 2966
 2974
 2980
 2986
 2988
 2988
 2988
 2990
 2988
 2988
 2986
 2976
 2968
 2962
 2958
 2952
 2940
 2920
 2904
 2886
 2872
 2846
 2824
 2800
 2772
 2748
 2722
 2692
 2662
 2624
 2582
 2542
 2498
 2454
 2412
 2366
 2322
 2278
 2234
 2186
 2134
 2092
 2054
 2020
 1988
 1956
 1924
 1892
 1866
 1850
 1836
 1832
 1836
 1850
 1868
 1888
 1910
 1930
 1948
 1968
 1986
 2004
 2016
 2038
 2068
 2110
 2156
 2202
 2246
 2282
 2318
 2356
 2398
 2444
 2480
 2512
 2540
 2564
 2586
 2602
 2614
 2624
 2632
 2634
 2640
 2652
 2672
 2696
 2718
 2746
 2770
 2792
 2810
 2826
 2848
 2862
 2872
 2882
 2886
 2890
 2890
 2886
 2880
 2868
 2842
 2818
 2806
 2798
 2796
 2796
 2800
 2804
 2804
 2804
 2804
 2802
 2802
 2800
 2798
 2794
 2792
 2788
 2780
 2776
 2770
 2762
 2756
 2758
 2770
 2792
 2810
 2826
 2836
 2846
 2850
 2856
 2866
 2870
 2876
 2878
 2882
 2888
 2890
 2894
 2898
 2898
 2892
 2896
 2906
 2922
 2934
 2950
 2964
 2972
 2978
 2982
 2984
 2984
 2986
 2988
 2990
 2990
 2992
 2988
 2978
 2972
 2968
 2956
 2948
 2940
 2936
 2930
 2926
 2916
 2898
 2878
 2854
 2828
 2804
 2770
 2732
 2690
 2650
 2606
 2564
 2518
 2474
 2426
 2378
 2332
 2284
 2234
 2198
 2164
 2138
 2112
 2090
 2064
 2038
 2020
 2006
 2000
 2004
 2010
 2020
 2034
 2050
 2068
 2088
 2108
 2126
 2150
 2180
 2208
 2228
 2250
 2284
 2324
 2368
 2412
 2456
 2494
 2528
 2558
 2582
 2612
 2636
 2656
 2674
 2690
 2702
 2710
 2708
 2704
 2704
 2702
 2704
 2704
 2702
 2698
 2698
 2706
 2722
 2742
 2762
 2778
 2788
 2798
 2806
 2814
 2822
 2828
 2832
 2838
 2842
 2848
 2850
 2854
 2856
 2858
 2862
 2864
 2870
 2872
 2876
 2878
 2888
 2904
 2928
 2946
 2964
 2970
 2974
 2976
 2980
 2986
 2992
 2996
 2998
 2998
 3000
 2994
 2986
 2982
 2978
 2972
 2970
 2964
 2954
 2936
 2912
 2888
 2866
 2848
 2828
 2798
 2768
 2732
 2696
 2656
 2614
 2574
 2526
 2470
 2410
 2350
 2286
 2226
 2164
 2104
 2046
 1988
 1936
 1890
 1834
 1782
 1742
 1708
 1682
 1658
 1642
 1632
 1632
 1642
 1662
 1690
 1716
 1742
 1766
 1796
 1832
 1872
 1914
 1952
 1990
 2030
 2070
 2106
 2140
 2180
 2224
 2276
 2320
 2366
 2406
 2440
 2476
 2502
 2530
 2556
 2578
 2602
 2620
 2640
 2656
 2670
 2678
 2684
 2692
 2696
 2698
 2700
 2708
 2720
 2740
 2754
 2772
 2786
 2800
 2818
 2834
 2848
 2860
 2872
 2880
 2884
 2892
 2894
 2892
 2882
 2878
 2874
 2876
 2878
 2876
 2876
 2882
 2898
 2916
 2928
 2940
 2952
 2962
 2968
 2978
 2988
 2994
 3002
 3008
 3012
 3012
 3006
 2988
 2968
 2944
 2920
 2890
 2858
 2830
 2798
 2762
 2738
 2720
 2704
 2686
 2666
 2640
 2612
 2576
 2536
 2496
 2458
 2408
 2358
 2310
 2268
 2226
 2184
 2134
 2080
 2030
 1982
 1938
 1900
 1860
 1830
 1814
 1810
 1816
 1830
 1852
 1878
 1908
 1942
 1974
 2014
 2056
 2092
 2128
 2166
 2202
 2242
 2280
 2320
 2360
 2396
 2426
 2458
 2484
 2502
 2514
 2528
 2546
 2568
 2592
 2616
 2638
 2656
 2674
 2690
 2704
 2718
 2730
 2740
 2752
 2762
 2780
 2792
 2806
 2818
 2828
 2840
 2852
 2862
 2874
 2880
 2888
 2904
 2924
 2944
 2960
 2976
 2986
 2994
 2996
 2998
 3004
 3008
 3010
 3012
 3014
 3012
 3010
 3006
 2994
 2982
 2968
 2954
 2940
 2922
 2896
 2862
 2834
 2808
 2778
 2750
 2722
 2698
 2674
 2648
 2626
 2606
 2580
 2552
 2526
 2502
 2476
 2446
 2414
 2380
 2346
 2308
 2272
 2236
 2188
 2146
 2118
 2096
 2078
 2064
 2054
 2050
 2052
 2060
 2072
 2090
 2110
 2132
 2154
 2180
 2208
 2236
 2264
 2292
 2322
 2356
 2388
 2412
 2446
 2490
 2534
 2574
 2608
 2638
 2662
 2684
 2706
 2730
 2750
 2766
 2778
 2792
 2806
 2814
 2820
 2826
 2830
 2838
 2850
 2860
 2872
 2886
 2904
 2930
 2952
 2974
 2992
 3006
 3016
 3026
 3034
 3044
 3048
 3050
 3050
 3050
 3048
 3044
 3036
 3020
 3000
 2976
 2950
 2928
 2902
 2874
 2854
 2840
 2824
 2806
 2788
 2764
 2740
 2716
 2688
 2658
 2628
 2596
 2566
 2530
 2498
 2460
 2422
 2384
 2344
 2306
 2266
 2230
 2190
 2146
 2110
 2084
 2058
 2036
 2020
 2004
 2002
 2008
 2018
 2032
 2052
 2068
 2086
 2104
 2124
 2146
 2162
 2182
 2202
 2220
 2242
 2270
 2296
 2316
 2344
 2376
 2412
 2450
 2490
 2534
 2568
 2596
 2622
 2644
 2668
 2684
 2700
 2714
 2728
 2740
 2750
 2758
 2762
 2768
 2774
 2778
 2780
 2786
 2796
 2812
 2828
 2850
 2870
 2882
 2892
 2900
 2908
 2916
 2922
 2922
 2928
 2930
 2928
 2928
 2924
 2922
 2920
 2918
 2914
 2910
 2896
 2874
 2860
 2848
 2838
 2824
 2812
 2794
 2772
 2748
 2720
 2694
 2664
 2632
 2596
 2558
 2520
 2480
 2442
 2406
 2374
 2342
 2310
 2282
 2252
 2214
 2184
 2162
 2144
 2132
 2122
 2114
 2110
 2110
 2114
 2124
 2142
 2160
 2176
 2200
 2224
 2252
 2280
 2306
 2334
 2362
 2390
 2420
 2452
 2480
 2506
 2542
 2580
 2622
 2660
 2694
 2724
 2748
 2768
 2784
 2802
 2826
 2844
 2860
 2872
 2880
 2886
 2886
 2890
 2890
 2890
 2890
 2894
 2896
 2890
 2892
 2890
 2898
 2912
 2926
 2942
 2960
 2974
 2982
 2986
 2988
 2986
 2974
 2962
 2944
 2924
 2900
 2876
 2848
 2814
 2784
 2746
 2710
 2680
 2654
 2634
 2608
 2584
 2554
 2522
 2490
 2460
 2432
 2406
 2376
 2346
 2314
 2280
 2246
 2212
 2168
 2124
 2084
 2048
 2020
 2004
 2002
 2014
 2026
 2042
 2060
 2078
 2102
 2128
 2154
 2184
 2206
 2234
 2264
 2298
 2332
 2362
 2390
 2418
 2442
 2464
 2482
 2504
 2532
 2570
 2610
 2644
 2680
 2710
 2734
 2760
 2782
 2804
 2818
 2822
 2824
 2828
 2830
 2832
 2834
 2836
 2840
 2846
 2848
 2852
 2860
 2872
 2890
 2908
 2924
 2938
 2946
 2952
 2958
 2966
 2974
 2980
 2984
 2986
 2980
 2970
 2954
 2940
 2924
 2912
 2896
 2870
 2840
 2802
 2772
 2746
 2722
 2694
 2664
 2632
 2598
 2558
 2518
 2478
 2440
 2400
 2362
 2324
 2290
 2252
 2218
 2186
 2154
 2128
 2110
 2098
 2090
 2090
 2094
 2106
 2126
 2148
 2172
 2198
 2230
 2262
 2286
 2322
 2362
 2404
 2442
 2478
 2510
 2538
 2560
 2580
 2600
 2618
 2624
 2636
 2642
 2650
 2656
 2664
 2674
 2682
 2690
 2696
 2702
 2708
 2712
 2712
 2712
 2710
 2704
 2698
 2690
 2682
 2672
 2660
 2654
 2660
 2678
 2694
 2714
 2732
 2748
 2760
 2768
 2778
 2792
 2802
 2814
 2822
 2832
 2842
 2852
 2858
 2860
 2862
 2870
 2884
 2906
 2924
 2942
 2956
 2968
 2976
 2982
 2984
 2986
 2986
 2990
 2990
 2990
 2988
 2986
 2984
 2976
 2964
 2958
 2960
 2968
 2974
 2980
 2982
 2974
 2972
 2972
 2976
 2976
 2978
 2978
 2978
 2980
 2972
 2952
 2928
 2900
 2870
 2836
 2808
 2782
 2764
 2748
 2740
 2734
 2726
 2714
 2698
 2684
 2662
 2636
 2610
 2580
 2550
 2512
 2472
 2438
 2400
 2354
 2314
 2284
 2258
 2238
 2220
 2208
 2198
 2196
 2196
 2198
 2208
 2216
 2232
 2252
 2274
 2298
 2322
 2348
 2374
 2396
 2414
 2438
 2472
 2516
 2556
 2590
 2620
 2646
 2672
 2698
 2724
 2746
 2764
 2780
 2794
 2812
 2824
 2834
 2838
 2840
 2844
 2840
 2840
 2844
 2854
 2870
 2886
 2900
 2914
 2920
 2928
 2932
 2936
 2942
 2944
 2942
 2940
 2938
 2936
 2934
 2934
 2934
 2934
 2938
 2942
 2940
 2932
 2932
 2938
 2956
 2970
 2986
 3000
 3008
 3016
 3016
 3018
 3022
 3024
 3024
 3024
 3024
 3022
 3014
 3006
 3002
 2996
 2996
 2994
 2990
 2986
 2982
 2980
 2982
 2988
 2992
 2992
 2986
 2976
 2960
 2944
 2930
 2912
 2886
 2860
 2830
 2800
 2768
 2734
 2700
 2666
 2630
 2592
 2558
 2514
 2478
 2446
 2422
 2396
 2366
 2336
 2302
 2266
 2228
 2194
 2162
 2128
 2096
 2066
 2040
 2022
 2008
 2006
 2006
 2010
 2018
 2026
 2032
 2046
 2068
 2100
 2142
 2182
 2230
 2274
 2318
 2366
 2408
 2450
 2492
 2528
 2564
 2598
 2628
 2656
 2686
 2714
 2736
 2756
 2774
 2792
 2802
 2812
 2826
 2848
 2874
 2898
 2920
 2938
 2950
 2960
 2968
 2978
 2984
 2990
 2990
 2990
 2990
 2988
 2986
 2986
 2984
 2984
 2982
 2982
 2976
 2966
 2960
 2960
 2968
 2976
 2984
 2992
 2996
 3000
 2996
 2990
 2988
 2988
 2986
 2986
 2984
 2982
 2972
 2966
 2958
 2952
 2944
 2930
 2914
 2890
 2866
 2846
 2832
 2818
 2804
 2788
 2768
 2738
 2712
 2686
 2666
 2644
 2616
 2590
 2560
 2534
 2500
 2468
 2434
 2396
 2358
 2320
 2280
 2238
 2198
 2166
 2138
 2112
 2080
 2054
 2032
 2008
 1990
 1978
 1976
 1978
 1990
 2004
 2014
 2028
 2042
 2058
 2080
 2104
 2134
 2162
 2192
 2230
 2266
 2310
 2350
 2394
 2436
 2474
 2504
 2532
 2558
 2584
 2606
 2630
 2652
 2670
 2684
 2696
 2706
 2716
 2724
 2728
 2734
 2748
 2766
 2788
 2806
 2824
 2844
 2860
 2872
 2884
 2894
 2902
 2906
 2912
 2922
 2926
 2918
 2908
 2900
 2888
 2884
 2884
 2884
 2882
 2882
 2888
 2894
 2898
 2896
 2890
 2878
 2864
 2850
 2832
 2816
 2796
 2776
 2754
 2726
 2700
 2672
 2642
 2610
 2574
 2536
 2504
 2472
 2432
 2400
 2370
 2346
 2328
 2304
 2282
 2256
 2230
 2202
 2174
 2152
 2126
 2102
 2076
 2054
 2040
 2038
 2040
 2044
 2048
 2056
 2066
 2074
 2084
 2098
 2120
 2152
 2192
 2238
 2284
 2336
 2380
 2424
 2462
 2498
 2538
 2572
 2600
 2634
 2666
 2694
 2716
 2736
 2752
 2766
 2780
 2794
 2810
 2824
 2832
 2838
 2850
 2866
 2888
 2910
 2930
 2946
 2958
 2968
 2976
 2984
 2990
 2994
 2990
 2986
 2984
 2982
 2976
 2972
 2974
 2972
 2970
 2968
 2964
 2958
 2954
 2956
 2968
 2974
 2980
 2982
 2980
 2976
 2972
 2974
 2976
 2974
 2970
 2962
 2948
 2932
 2906
 2884
 2860
 2834
 2810
 2784
 2752
 2726
 2708
 2692
 2678
 2662
 2642
 2622
 2596
 2570
 2540
 2516
 2488
 2458
 2428
 2394
 2358
 2322
 2282
 2240
 2200
 2162
 2124
 2082
 2050
 2030
 2020
 2018
 2026
 2034
 2044
 2064
 2088
 2118
 2156
 2194
 2230
 2268
 2306
 2346
 2384
 2420
 2454
 2488
 2522
 2552
 2572
 2596
 2620
 2648
 2674
 2700
 2726
 2748
 2768
 2784
 2806
 2828
 2844
 2860
 2870
 2878
 2886
 2890
 2890
 2892
 2888
 2882
 2878
 2874
 2868
 2862
 2862
 2864
 2876
 2888
 2906
 2920
 2926
 2926
 2928
 2930
 2932
 2934
 2936
 2938
 2940
 2940
 2936
 2928
 2918
 2908
 2894
 2878
 2864
 2842
 2818
 2794
 2776
 2764
 2752
 2736
 2720
 2698
 2676
 2650
 2624
 2598
 2570
 2538
 2506
 2470
 2436
 2396
 2352
 2308
 2266
 2224
 2182
 2144
 2100
 2052
 2016
 1984
 1968
 1964
 1968
 1980
 1994
 2012
 2032
 2056
 2080
 2106
 2132
 2168
 2208
 2252
 2288
 2320
 2352
 2382
 2412
 2450
 2488
 2522
 2552
 2584
 2616
 2648
 2672
 2698
 2720
 2740
 2760
 2778
 2798
 2816
 2834
 2852
 2870
 2882
 2890
 2896
 2900
 2900
 2904
 2908
 2916
 2920
 2918
 2910
 2906
 2910
 2916
 2924
 2930
 2934
 2934
 2938
 2940
 2948
 2956
 2956
 2952
 2948
 2940
 2932
 2926
 2912
 2900
 2888
 2872
 2852
 2822
 2786
 2760
 2742
 2726
 2710
 2692
 2672
 2656
 2642
 2622
 2604
 2586
 2560
 2534
 2504
 2472
 2436
 2396
 2358
 2312
 2268
 2224
 2174
 2122
 2082
 2046
 2018
 1988
 1962
 1938
 1918
 1910
 1910
 1926
 1950
 1974
 2000
 2028
 2058
 2088
 2116
 2146
 2170
 2198
 2222
 2242
 2264
 2294
 2328
 2366
 2404
 2444
 2480
 2514
 2550
 2580
 2618
 2652
 2682
 2706
 2726
 2744
 2762
 2776
 2790
 2806
 2816
 2828
 2840
 2854
 2868
 2886
 2898
 2908
 2908
 2906
 2902
 2892
 2880
 2868
 2852
 2828
 2800
 2772
 2744
 2712
 2678
 2636
 2592
 2548
 2508
 2472
 2432
 2394
 2368
 2342
 2324
 2302
 2282
 2258
 2236
 2212
 2188
 2172
 2164
 2158
 2156
 2160
 2168
 2178
 2192
 2208
 2224
 2238
 2258
 2278
 2298
 2324
 2360
 2408
 2452
 2496
 2538
 2574
 2606
 2634
 2662
 2692
 2718
 2740
 2760
 2778
 2792
 2798
 2804
 2804
 2800
 2804
 2806
 2808
 2810
 2824
 2850
 2878
 2898
 2918
 2930
 2940
 2948
 2954
 2960
 2960
 2958
 2954
 2952
 2944
 2932
 2918
 2904
 2888
 2876
 2858
 2838
 2816
 2800
 2786
 2772
 2754
 2736
 2714
 2690
 2666
 2636
 2610
 2576
 2540
 2500
 2458
 2414
 2370
 2326
 2282
 2238
 2198
 2158
 2124
 2106
 2094
 2094
 2102
 2114
 2128
 2146
 2170
 2190
 2218
 2242
 2266
 2288
 2308
 2332
 2358
 2382
 2404
 2426
 2444
 2458
 2476
 2500
 2530
 2560
 2594
 2628
 2658
 2680
 2702
 2722
 2740
 2756
 2770
 2780
 2792
 2802
 2806
 2810
 2814
 2820
 2820
 2814
 2808
 2808
 2810
 2810
 2818
 2826
 2832
 2838
 2838
 2840
 2844
 2844
 2840
 2838
 2830
 2824
 2816
 2806
 2800
 2796
 2784
 2782
 2786
 2796
 2810
 2826
 2838
 2852
 2866
 2876
 2886
 2900
 2906
 2914
 2922
 2926
 2928
 2924
 2920
 2916
 2908
 2906
 2908
 2920
 2934
 2950
 2964
 2968
 2972
 2974
 2978
 2982
 2986
 2986
 2988
 2990
 2990
 2984
 2978
 2972
 2966
 2958
 2954
 2958
 2970
 2974
 2980
 2986
 2990
 2990
 2992
 2994
 2994
 2996
 2992
 2986
 2980
 2970
 2954
 2936
 2914
 2888
 2858
 2832
 2808
 2790
 2770
 2752
 2732
 2708
 2684
 2656
 2630
 2608
 2580
 2554
 2526
 2498
 2466
 2430
 2392
 2352
 2310
 2262
 2220
 2190
 2172
 2160
 2152
 2156
 2164
 2176
 2192
 2210
 2226
 2244
 2262
 2282
 2304
 2322
 2344
 2362
 2388
 2414
 2436
 2454
 2474
 2504
 2538
 2578
 2614
 2648
 2678
 2706
 2728
 2748
 2770
 2788
 2804
 2818
 2832
 2844
 2852
 2858
 2862
 2868
 2870
 2878
 2880
 2882
 2886
 2896
 2916
 2932
 2946
 2958
 2966
 2968
 2966
 2966
 2970
 2970
 2972
 2972
 2970
 2964
 2958
 2952
 2946
 2944
 2940
 2940
 2936
 2928
 2922
 2916
 2922
 2926
 2932
 2938
 2940
 2942
 2944
 2944
 2944
 2936
 2932
 2932
 2932
 2930
 2930
 2926
 2916
 2902
 2884
 2864
 2842
 2814
 2788
 2772
 2760
 2748
 2734
 2716
 2692
 2668
 2642
 2614
 2588
 2560
 2528
 2494
 2452
 2412
 2370
 2330
 2282
 2236
 2190
 2148
 2104
 2056
 2018
 1988
 1968
 1952
 1940
 1940
 1946
 1954
 1960
 1970
 1984
 1998
 2018
 2044
 2072
 2108
 2148
 2184
 2222
 2260
 2294
 2326
 2358
 2382
 2400
 2426
 2452
 2490
 2526
 2562
 2594
 2620
 2644
 2662
 2682
 2698
 2714
 2728
 2740
 2750
 2760
 2766
 2772
 2776
 2780
 2784
 2788
 2788
 2786
 2788
 2800
 2820
 2840
 2852
 2866
 2872
 2876
 2880
 2884
 2888
 2894
 2896
 2896
 2896
 2896
 2888
 2878
 2870
 2864
 2860
 2858
 2852
 2844
 2844
 2848
 2856
 2856
 2850
 2840
 2824
 2808
 2792
 2780
 2764
 2742
 2716
 2684
 2648
 2612
 2574
 2538
 2502
 2466
 2434
 2404
 2372
 2340
 2312
 2290
 2268
 2242
 2212
 2182
 2150
 2118
 2088
 2066
 2046
 2028
 2018
 2010
 2010
 2014
 2018
 2028
 2040
 2056
 2078
 2102
 2130
 2160
 2196
 2244
 2290
 2332
 2374
 2410
 2438
 2458
 2480
 2508
 2530
 2552
 2574
 2600
 2620
 2638
 2654
 2670
 2684
 2702
 2716
 2732
 2750
 2774
 2800
 2826
 2846
 2864
 2876
 2886
 2896
 2906
 2914
 2918
 2920
 2924
 2922
 2914
 2908
 2904
 2900
 2900
 2896
 2894
 2892
 2894
 2908
 2924
 2938
 2956
 2966
 2972
 2970
 2968
 2964
 2958
 2950
 2944
 2940
 2936
 2932
 2922
 2910
 2892
 2866
 2840
 2818
 2792
 2768
 2752
 2738
 2728
 2716
 2702
 2686
 2654
 2620
 2582
 2548
 2518
 2486
 2456
 2426
 2400
 2372
 2346
 2316
 2286
 2252
 2216
 2184
 2150
 2118
 2090
 2068
 2048
 2034
 2018
 2008
 2002
 2002
 2008
 2020
 2038
 2058
 2078
 2102
 2124
 2152
 2182
 2210
 2236
 2262
 2292
 2326
 2364
 2400
 2438
 2482
 2522
 2564
 2602
 2634
 2662
 2688
 2714
 2744
 2768
 2788
 2806
 2822
 2834
 2842
 2850
 2856
 2862
 2864
 2866
 2866
 2868
 2878
 2892
 2906
 2918
 2920
 2920
 2920
 2922
 2930
 2938
 2944
 2944
 2944
 2940
 2926
 2918
 2908
 2902
 2896
 2894
 2890
 2884
 2884
 2888
 2892
 2892
 2884
 2864
 2840
 2814
 2788
 2764
 2736
 2706
 2678
 2650
 2622
 2596
 2564
 2532
 2502
 2472
 2440
 2410
 2378
 2340
 2304
 2276
 2252
 2232
 2210
 2188
 2162
 2134
 2112
 2094
 2082
 2066
 2054
 2046
 2044
 2046
 2054
 2064
 2070
 2076
 2084
 2094
 2108
 2124
 2144
 2170
 2204
 2246
 2294
 2340
 2386
 2434
 2478
 2518
 2552
 2588
 2620
 2648
 2674
 2700
 2720
 2736
 2752
 2762
 2772
 2782
 2790
 2800
 2810
 2816
 2818
 2828
 2842
 2868
 2892
 2910
 2922
 2930
 2932
 2926
 2920
 2908
 2890
 2856
 2820
 2788
 2760
 2730
 2704
 2682
 2652
 2622
 2590
 2550
 2506
 2466
 2432
 2404
 2376
 2350
 2322
 2294
 2268
 2244
 2222
 2202
 2184
 2158
 2138
 2122
 2108
 2094
 2086
 2086
 2086
 2090
 2100
 2110
 2120
 2142
 2170
 2204
 2246
 2286
 2330
 2368
 2406
 2440
 2476
 2510
 2544
 2576
 2604
 2628
 2644
 2658
 2666
 2674
 2680
 2686
 2690
 2692
 2694
 2700
 2714
 2730
 2744
 2758
 2768
 2778
 2788
 2798
 2810
 2820
 2828
 2834
 2840
 2848
 2854
 2860
 2866
 2872
 2882
 2888
 2894
 2894
 2886
 2874
 2864
 2858
 2854
 2842
 2830
 2814
 2796
 2774
 2752
 2734
 2712
 2690
 2662
 2634
 2608
 2576
 2546
 2514
 2478
 2440
 2404
 2368
 2336
 2294
 2256
 2228
 2198
 2168
 2134
 2114
 2094
 2084
 2076
 2072
 2072
 2074
 2084
 2096
 2122
 2146
 2172
 2200
 2226
 2250
 2276
 2306
 2338
 2364
 2390
 2426
 2466
 2514
 2558
 2604
 2640
 2674
 2702
 2732
 2756
 2782
 2808
 2830
 2850
 2864
 2878
 2886
 2892
 2896
 2898
 2900
 2896
 2892
 2884
 2878
 2878
 2884
 2892
 2902
 2916
 2926
 2928
 2926
 2924
 2926
 2930
 2930
 2932
 2936
 2942
 2944
 2940
 2936
 2934
 2932
 2928
 2920
 2904
 2886
 2866
 2852
 2838
 2824
 2806
 2784
 2762
 2734
 2706
 2682
 2652
 2622
 2592
 2562
 2528
 2494
 2456
 2420
 2384
 2344
 2308
 2264
 2218
 2176
 2142
 2112
 2074
 2030
 1990
 1954
 1922
 1904
 1890
 1892
 1896
 1908
 1922
 1940
 1964
 1992
 2022
 2054
 2090
 2128
 2170
 2212
 2250
 2304
 2356
 2416
 2474
 2528
 2576
 2618
 2658
 2690
 2722
 2752
 2778
 2800
 2822
 2842
 2858
 2870
 2880
 2886
 2894
 2898
 2904
 2910
 2912
 2910
 2914
 2922
 2930
 2930
 2930
 2926
 2924
 2926
 2926
 2928
 2932
 2936
 2936
 2930
 2928
 2928
 2926
 2926
 2924
 2914
 2892
 2868
 2840
 2814
 2798
 2786
 2778
 2764
 2752
 2734
 2714
 2688
 2660
 2634
 2608
 2580
 2554
 2526
 2496
 2466
 2430
 2390
 2348
 2308
 2268
 2230
 2190
 2158
 2130
 2106
 2084
 2064
 2046
 2034
 2032
 2032
 2038
 2048
 2058
 2068
 2084
 2104
 2128
 2156
 2186
 2216
 2250
 2288
 2326
 2364
 2404
 2448
 2494
 2536
 2572
 2606
 2636
 2666
 2692
 2720
 2744
 2766
 2786
 2802
 2818
 2832
 2844
 2850
 2858
 2864
 2870
 2872
 2876
 2884
 2900
 2916
 2930
 2942
 2950
 2958
 2962
 2966
 2968
 2962
 2960
 2960
 2958
 2956
 2952
 2948
 2940
 2932
 2924
 2922
 2918
 2912
 2908
 2910
 2918
 2930
 2934
 2936
 2932
 2924
 2908
 2888
 2868
 2844
 2816
 2788
 2760
 2734
 2704
 2676
 2644
 2612
 2580
 2552
 2518
 2482
 2450
 2422
 2394
 2368
 2338
 2310
 2274
 2240
 2206
 2172
 2140
 2104
 2068
 2030
 1990
 1960
 1934
 1916
 1904
 1900
 1898
 1904
 1916
 1930
 1944
 1970
 2000
 2040
 2082
 2120
 2158
 2194
 2230
 2260
 2294
 2326
 2354
 2382
 2408
 2436
 2460
 2480
 2500
 2522
 2538
 2554
 2566
 2576
 2582
 2592
 2610
 2640
 2664
 2686
 2710
 2726
 2742
 2754
 2768
 2784
 2800
 2812
 2824
 2836
 2844
 2850
 2856
 2862
 2868
 2874
 2878
 2880
 2886
 2900
 2918
 2936
 2952
 2960
 2962
 2964
 2968
 2972
 2974
 2966
 2956
 2944
 2934
 2920
 2908
 2898
 2888
 2882
 2876
 2866
 2862
 2862
 2866
 2870
 2874
 2872
 2872
 2868
 2864
 2862
 2864
 2866
 2868
 2868
 2868
 2870
 2868
 2868
 2868
 2864
 2858
 2860
 2866
 2878
 2890
 2902
 2914
 2920
 2922
 2920
 2918
 2920
 2918
 2920
 2918
 2918
 2918
 2916
 2910
 2900
 2888
 2878
 2874
 2874
 2876
 2874
 2866
 2850
 2826
 2800
 2772
 2750
 2726
 2698
 2668
 2640
 2612
 2586
 2556
 2522
 2490
 2454
 2412
 2376
 2346
 2320
 2298
 2270
 2246
 2214
 2176
 2138
 2104
 2072
 2042
 2018
 2000
 1988
 1988
 1994
 2002
 2014
 2028
 2038
 2058
 2086
 2122
 2166
 2208
 2250
 2292
 2330
 2368
 2402
 2438
 2470
 2500
 2528
 2558
 2584
 2608
 2636
 2664
 2686
 2706
 2722
 2736
 2758
 2788
 2814
 2840
 2864
 2882
 2896
 2908
 2916
 2926
 2932
 2938
 2940
 2946
 2940
 2936
 2930
 2926
 2924
 2920
 2914
 2910
 2912
 2922
 2924
 2930
 2934
 2936
 2938
 2936
 2930
 2920
 2904
 2884
 2862
 2842
 2822
 2796
 2774
 2748
 2720
 2684
 2642
 2592
 2542
 2502
 2470
 2440
 2410
 2382
 2348
 2314
 2280
 2248
 2220
 2190
 2158
 2124
 2088
 2052
 2016
 1982
 1950
 1928
 1922
 1912
 1912
 1922
 1934
 1960
 1984
 2016
 2044
 2078
 2114
 2148
 2186
 2222
 2258
 2296
 2332
 2370
 2402
 2434
 2460
 2490
 2516
 2538
 2560
 2586
 2616
 2646
 2674
 2700
 2720
 2738
 2752
 2764
 2776
 2788
 2804
 2812
 2820
 2822
 2826
 2828
 2830
 2832
 2836
 2848
 2860
 2868
 2874
 2878
 2884
 2898
 2910
 2920
 2926
 2918
 2904
 2888
 2868
 2852
 2834
 2812
 2790
 2766
 2742
 2714
 2686
 2654
 2622
 2588
 2556
 2524
 2486
 2440
 2404
 2370
 2334
 2298
 2254
 2202
 2140
 2082
 2018
 1960
 1908
 1860
 1816
 1780
 1762
 1750
 1752
 1760
 1772
 1786
 1800
 1820
 1846
 1870
 1902
 1944
 1990
 2044
 2098
 2150
 2198
 2244
 2288
 2328
 2368
 2402
 2430
 2460
 2490
 2518
 2542
 2562
 2576
 2586
 2600
 2610
 2620
 2626
 2642
 2664
 2690
 2714
 2736
 2754
 2766
 2778
 2788
 2802
 2810
 2816
 2818
 2822
 2824
 2824
 2824
 2824
 2828
 2836
 2846
 2852
 2856
 2858
 2862
 2866
 2862
 2856
 2842
 2830
 2810
 2792
 2770
 2746
 2722
 2692
 2662
 2632
 2598
 2566
 2534
 2498
 2462
 2422
 2384
 2344
 2294
 2252
 2220
 2188
 2156
 2118
 2080
 2044
 2004
 1968
 1946
 1934
 1926
 1920
 1920
 1928
 1938
 1954
 1974
 1998
 2024
 2058
 2096
 2132
 2170
 2216
 2266
 2324
 2376
 2430
 2478
 2522
 2570
 2614
 2652
 2688
 2718
 2742
 2764
 2786
 2802
 2816
 2826
 2834
 2842
 2848
 2852
 2854
 2862
 2872
 2888
 2902
 2914
 2920
 2926
 2928
 2928
 2934
 2942
 2948
 2950
 2952
 2952
 2954
 2954
 2950
 2944
 2944
 2950
 2952
 2950
 2956
 2966
 2978
 2982
 2980
 2970
 2948
 2922
 2894
 2868
 2838
 2802
 2766
 2732
 2696
 2664
 2632
 2598
 2562
 2528
 2490
 2456
 2420
 2374
 2334
 2306
 2276
 2252
 2220
 2192
 2160
 2130
 2094
 2064
 2038
 2010
 1990
 1980
 1972
 1970
 1972
 1978
 1982
 1988
 2000
 2018
 2042
 2066
 2104
 2150
 2202
 2260
 2314
 2374
 2426
 2478
 2522
 2564
 2606
 2640
 2672
 2702
 2730
 2756
 2784
 2808
 2826
 2844
 2860
 2872
 2878
 2888
 2902
 2924
 2942
 2962
 2978
 2988
 2994
 2992
 2994
 2994
 2996
 3002
 3002
 3004
 2998
 2990
 2982
 2976
 2972
 2970
 2962
 2958
 2958
 2966
 2970
 2974
 2980
 2982
 2986
 2982
 2980
 2972
 2954
 2932
 2904
 2876
 2848
 2818
 2786
 2754
 2718
 2686
 2648
 2608
 2576
 2548
 2526
 2504
 2478
 2452
 2424
 2392
 2362
 2334
 2306
 2276
 2242
 2212
 2180
 2152
 2124
 2100
 2080
 2070
 2066
 2066
 2074
 2084
 2102
 2122
 2148
 2180
 2216
 2252
 2294
 2336
 2382
 2428
 2470
 2510
 2552
 2592
 2628
 2660
 2690
 2716
 2744
 2766
 2788
 2810
 2836
 2866
 2892
 2918
 2936
 2952
 2964
 2976
 2988
 2996
 3002
 3004
 3000
 2998
 2996
 2992
 2990
 2986
 2984
 2978
 2970
 2962
 2952
 2946
 2940
 2936
 2926
 2916
 2902
 2878
 2850
 2826
 2806
 2780
 2752
 2724
 2690
 2660
 2630
 2598
 2562
 2528
 2492
 2460
 2422
 2384
 2338
 2296
 2266
 2240
 2220
 2196
 2174
 2152
 2130
 2118
 2112
 2120
 2130
 2138
 2152
 2170
 2190
 2212
 2238
 2264
 2292
 2322
 2356
 2388
 2418
 2452
 2490
 2536
 2578
 2618
 2656
 2688
 2716
 2748
 2778
 2804
 2824
 2842
 2858
 2870
 2880
 2888
 2896
 2900
 2906
 2910
 2914
 2920
 2914
 2910
 2910
 2920
 2934
 2946
 2962
 2968
 2970
 2970
 2970
 2970
 2972
 2972
 2972
 2972
 2972
 2962
 2946
 2922
 2896
 2866
 2838
 2810
 2776
 2742
 2716
 2696
 2680
 2658
 2636
 2608
 2580
 2550
 2520
 2492
 2462
 2426
 2390
 2356
 2322
 2290
 2258
 2226
 2194
 2162
 2132
 2104
 2076
 2048
 2018
 1998
 1986
 1980
 1980
 1992
 2008
 2022
 2040
 2058
 2080
 2102
 2128
 2158
 2188
 2222
 2256
 2290
 2324
 2354
 2384
 2412
 2444
 2470
 2490
 2514
 2544
 2580
 2620
 2658
 2690
 2718
 2740
 2760
 2778
 2794
 2810
 2822
 2832
 2842
 2850
 2856
 2862
 2866
 2870
 2874
 2876
 2876
 2878
 2884
 2896
 2912
 2924
 2930
 2934
 2940
 2944
 2946
 2952
 2954
 2948
 2938
 2926
 2910
 2890
 2868
 2842
 2818
 2792
 2766
 2738
 2712
 2680
 2644
 2618
 2594
 2572
 2542
 2510
 2476
 2440
 2402
 2364
 2326
 2290
 2250
 2210
 2168
 2128
 2084
 2040
 1994
 1948
 1900
 1856
 1816
 1778
 1748
 1732
 1728
 1736
 1748
 1770
 1798
 1830
 1870
 1908
 1946
 1978
 2004
 2028
 2052
 2076
 2104
 2130
 2158
 2184
 2214
 2238
 2260
 2288
 2324
 2368
 2408
 2448
 2488
 2520
 2554
 2586
 2616
 2644
 2664
 2684
 2702
 2718
 2732
 2748
 2758
 2772
 2786
 2800
 2806
 2812
 2826
 2846
 2868
 2888
 2908
 2924
 2934
 2942
 2948
 2958
 2964
 2970
 2974
 2978
 2978
 2972
 2968
 2964
 2962
 2960
 2960
 2960
 2958
 2954
 2950
 2952
 2954
 2954
 2948
 2934
 2910
 2884
 2856
 2826
 2802
 2774
 2750
 2728
 2706
 2680
 2650
 2620
 2580
 2540
 2498
 2458
 2408
 2368
 2336
 2308
 2284
 2256
 2228
 2198
 2164
 2134
 2108
 2084
 2062
 2038
 2016
 1996
 1984
 1978
 1978
 1980
 1986
 1996
 2010
 2028
 2048
 2070
 2102
 2144
 2190
 2236
 2282
 2328
 2370
 2412
 2448
 2482
 2516
 2544
 2566
 2590
 2612
 2634
 2654
 2670
 2684
 2698
 2712
 2724
 2740
 2750
 2752
 2758
 2770
 2782
 2792
 2806
 2812
 2816
 2818
 2820
 2824
 2826
 2828
 2828
 2830
 2830
 2828
 2824
 2818
 2814
 2810
 2806
 2800
 2790
 2776
 2754
 2728
 2708
 2688
 2670
 2648
 2628
 2602
 2572
 2542
 2508
 2474
 2440
 2402
 2364
 2322
 2282
 2242
 2204
 2166
 2124
 2078
 2036
 1992
 1948
 1898
 1856
 1824
 1798
 1774
 1754
 1740
 1730
 1728
 1738
 1750
 1770
 1790
 1816
 1846
 1878
 1920
 1962
 2004
 2040
 2076
 2112
 2148
 2178
 2214
 2254
 2302
 2350
 2398
 2444
 2488
 2528
 2568
 2606
 2644
 2676
 2706
 2734
 2762
 2792
 2816
 2838
 2858
 2876
 2894
 2910
 2920
 2930
 2944
 2960
 2978
 2996
 3010
 3024
 3032
 3042
 3050
 3058
 3062
 3060
 3058
 3058
 3056
 3054
 3050
 3048
 3046
 3042
 3036
 3026
 3014
 3004
 2996
 2986
 2970
 2952
 2920
 2884
 2848
 2816
 2788
 2762
 2734
 2708
 2682
 2652
 2618
 2582
 2542
 2504
 2468
 2428
 2384
 2332
 2288
 2246
 2212
 2176
 2138
 2102
 2064
 2036
 2014
 2000
 1994
 1992
 1994
 1998
 2008
 2018
 2036
 2052
 2070
 2092
 2116
 2136
 2156
 2182
 2214
 2254
 2294
 2334
 2372
 2410
 2450
 2484
 2518
 2552
 2578
 2602
 2624
 2642
 2660
 2676
 2686
 2696
 2702
 2708
 2716
 2724
 2732
 2736
 2742
 2752
 2770
 2790
 2816
 2842
 2864
 2880
 2894
 2908
 2926
 2938
 2950
 2960
 2964
 2968
 2972
 2976
 2978
 2978
 2980
 2982
 2984
 2982
 2966
 2952
 2942
 2932
 2918
 2906
 2890
 2868
 2848
 2826
 2806
 2784
 2760
 2732
 2706
 2676
 2646
 2614
 2578
 2544
 2508
 2472
 2436
 2398
 2364
 2328
 2286
 2252
 2222
 2198
 2168
 2138
 2110
 2082
 2056
 2038
 2028
 2026
 2026
 2030
 2040
 2052
 2066
 2084
 2106
 2128
 2152
 2182
 2218
 2254
 2286
 2318
 2356
 2400
 2446
 2490
 2532
 2568
 2600
 2628
 2652
 2676
 2698
 2714
 2728
 2744
 2756
 2768
 2778
 2786
 2800
 2812
 2822
 2832
 2838
 2848
 2864
 2886
 2906
 2928
 2946
 2960
 2976
 2988
 2998
 3004
 3008
 3010
 3012
 3012
 3008
 3002
 2986
 2962
 2938
 2912
 2890
 2864
 2836
 2806
 2784
 2764
 2746
 2724
 2706
 2680
 2654
 2624
 2596
 2566
 2540
 2510
 2476
 2442
 2406
 2370
 2332
 2292
 2252
 2214
 2178
 2144
 2118
 2092
 2070
 2062
 2062
 2072
 2090
 2108
 2126
 2146
 2166
 2188
 2216
 2246
 2274
 2300
 2326
 2352
 2382
 2408
 2434
 2462
 2486
 2514
 2542
 2564
 2584
 2612
 2646
 2688
 2724
 2758
 2786
 2812
 2832
 2850
 2868
 2884
 2898
 2908
 2918
 2926
 2930
 2932
 2932
 2930
 2924
 2918
 2914
 2914
 2922
 2936
 2952
 2964
 2978
 2986
 2988
 2994
 2996
 3002
 3010
 3014
 3014
 3004
 2990
 2970
 2944
 2920
 2890
 2860
 2828
 2800
 2764
 2728
 2700
 2682
 2664
 2644
 2622
 2598
 2572
 2548
 2520
 2494
 2470
 2440
 2414
 2382
 2352
 2320
 2286
 2248
 2206
 2168
 2128
 2088
 2054
 2036
 2028
 2030
 2038
 2052
 2070
 2088
 2110
 2136
 2168
 2198
 2236
 2274
 2312
 2352
 2388
 2426
 2458
 2486
 2514
 2542
 2568
 2592
 2616
 2642
 2674
 2710
 2742
 2776
 2802
 2828
 2846
 2866
 2886
 2902
 2914
 2924
 2932
 2942
 2944
 2948
 2950
 2954
 2962
 2970
 2970
 2964
 2966
 2968
 2974
 2978
 2980
 2984
 2988
 2986
 2986
 2988
 2986
 2984
 2980
 2978
 2976
 2974
 2970
 2962
 2956
 2948
 2936
 2922
 2900
 2872
 2850
 2828
 2812
 2786
 2760
 2736
 2706
 2676
 2648
 2620
 2590
 2560
 2526
 2494
 2464
 2434
 2398
 2362
 2324
 2286
 2250
 2206
 2166
 2134
 2108
 2084
 2060
 2034
 2008
 1980
 1956
 1938
 1930
 1930
 1932
 1938
 1950
 1962
 1978
 1992
 2016
 2040
 2064
 2092
 2120
 2154
 2192
 2236
 2284
 2328
 2368
 2408
 2442
 2474
 2498
 2524
 2546
 2562
 2576
 2592
 2602
 2614
 2624
 2634
 2644
 2652
 2656
 2656
 2662
 2674
 2690
 2706
 2724
 2738
 2746
 2754
 2760
 2766
 2772
 2774
 2778
 2782
 2786
 2790
 2790
 2796
 2802
 2806
 2810
 2816
 2818
 2818
 2822
 2830
 2836
 2838
 2840
 2834
 2828
 2820
 2808
 2794
 2776
 2756
 2734
 2714
 2692
 2668
 2644
 2618
 2592
 2562
 2528
 2494
 2464
 2430
 2396
 2370
 2348
 2332
 2316
 2304
 2292
 2280
 2270
 2264
 2266
 2272
 2278
 2288
 2306
 2326
 2348
 2370
 2392
 2418
 2442
 2468
 2498
 2528
 2554
 2584
 2620
 2660
 2702
 2742
 2780
 2814
 2842
 2866
 2890
 2914
 2934
 2950
 2964
 2976
 2988
 2996
 3002
 3006
 3002
 3000
 3000
 2998
 2996
 3002
 3010
 3024
 3036
 3048
 3050
 3050
 3050
 3050
 3052
 3050
 3042
 3032
 3016
 2998
 2970
 2940
 2908
 2880
 2850
 2820
 2786
 2748
 2722
 2700
 2682
 2662
 2642
 2618
 2588
 2558
 2528
 2500
 2470
 2436
 2400
 2364
 2326
 2288
 2248
 2210
 2172
 2136
 2102
 2068
 2040
 2024
 2018
 2026
 2036
 2050
 2066
 2086
 2114
 2142
 2180
 2214
 2246
 2278
 2310
 2346
 2384
 2422
 2454
 2486
 2516
 2542
 2562
 2588
 2622
 2662
 2700
 2732
 2762
 2784
 2806
 2830
 2854
 2886
 2910
 2932
 2950
 2964
 2974
 2984
 2990
 2990
 2988
 2984
 2980
 2976
 2976
 2980
 2988
 2998
 3008
 3016
 3018
 3014
 3012
 3012
 3014
 3012
 3006
 2996
 2986
 2970
 2948
 2920
 2890
 2862
 2836
 2810
 2784
 2758
 2724
 2686
 2652
 2624
 2600
 2574
 2554
 2528
 2500
 2468
 2434
 2402
 2370
 2334
 2298
 2260
 2222
 2186
 2146
 2110
 2070
 2038
 2010
 1994
 1984
 1976
 1974
 1982
 2000
 2028
 2058
 2094
 2134
 2180
 2226
 2264
 2306
 2350
 2388
 2424
 2462
 2498
 2534
 2566
 2596
 2624
 2646
 2670
 2692
 2710
 2728
 2748
 2774
 2804
 2830
 2862
 2888
 2910
 2930
 2948
 2964
 2980
 2990
 2998
 3006
 3008
 3006
 3004
 3002
 2998
 2998
 2998
 2998
 3000
 3000
 2990
 2980
 2978
 2984
 2990
 2996
 3006
 3014
 3022
 3026
 3020
 3008
 2994
 2972
 2946
 2916
 2884
 2846
 2802
 2758
 2714
 2670
 2626
 2586
 2542
 2494
 2456
 2422
 2392
 2364
 2328
 2294
 2256
 2214
 2176
 2140
 2106
 2072
 2040
 2010
 1986
 1968
 1956
 1954
 1956
 1958
 1962
 1964
 1964
 1972
 1988
 2010
 2044
 2076
 2112
 2146
 2180
 2224
 2264
 2308
 2352
 2390
 2430
 2464
 2498
 2534
 2566
 2594
 2618
 2642
 2658
 2672
 2694
 2722
 2752
 2776
 2804
 2826
 2844
 2858
 2872
 2886
 2900
 2912
 2920
 2928
 2936
 2940
 2942
 2946
 2944
 2942
 2938
 2934
 2934
 2942
 2954
 2960
 2966
 2966
 2968
 2972
 2976
 2982
 2988
 2992
 2996
 2996
 2992
 2988
 2986
 2982
 2980
 2978
 2972
 2968
 2964
 2958
 2948
 2928
 2904
 2876
 2846
 2814
 2784
 2756
 2728
 2692
 2658
 2622
 2586
 2550
 2510
 2468
 2424
 2378
 2332
 2278
 2230
 2192
 2158
 2122
 2088
 2048
 1996
 1950
 1912
 1872
 1838
 1806
 1784
 1776
 1778
 1782
 1794
 1810
 1830
 1856
 1890
 1918
 1964
 2024
 2078
 2136
 2190
 2250
 2304
 2358
 2408
 2462
 2512
 2550
 2582
 2614
 2644
 2672
 2698
 2718
 2734
 2750
 2768
 2784
 2794
 2808
 2826
 2850
 2872
 2892
 2910
 2920
 2930
 2938
 2942
 2948
 2950
 2946
 2944
 2944
 2942
 2940
 2936
 2930
 2924
 2918
 2908
 2900
 2886
 2860
 2832
 2798
 2760
 2716
 2664
 2606
 2544
 2482
 2420
 2362
 2302
 2238
 2172
 2112
 2054
 1998
 1942
 1888
 1836
 1790
 1742
 1700
 1658
 1616
 1570
 1532
 1506
 1490
 1484
 1486
 1502
 1524
 1552
 1580
 1614
 1652
 1686
 1718
 1756
 1796
 1836
 1874
 1914
 1950
 1984
 2016
 2052
 2084
 2118
 2150
 2180
 2208
 2248
 2294
 2340
 2382
 2422
 2452
 2476
 2498
 2516
 2534
 2552
 2566
 2580
 2592
 2600
 2608
 2612
 2616
 2622
 2626
 2630
 2636
 2640
 2646
 2652
 2664
 2680
 2700
 2714
 2714
 2706
 2696
 2686
 2680
 2680
 2680
 2678
 2680
 2680
 2682
 2678
 2676
 2672
 2668
 2666
 2668
 2664
 2662
 2668
 2680
 2696
 2710
 2722
 2732
 2738
 2746
 2754
 2764
 2772
 2778
 2786
 2792
 2796
 2800
 2802
 2806
 2804
 2806
 2816
 2832
 2856
 2874
 2894
 2910
 2922
 2930
 2938
 2944
 2946
 2946
 2948
 2948
 2950
 2948
 2948
 2946
 2944
 2936
 2924
 2916
 2918
 2924
 2934
 2944
 2952
 2954
 2958
 2956
 2950
 2950
 2948
 2944
 2942
 2934
 2920
 2890
 2854
 2816
 2778
 2742
 2702
 2668
 2644
 2618
 2586
 2554
 2520
 2488
 2450
 2414
 2380
