 2268
 2256
 2240
 2218
 2184
 2152
 2116
 2092
 2062
 2060
 2072
 2114
 2168
 2236
 2302
 2354
 2402
 2444
 2476
 2496
 2512
 2530
 2550
 2570
 2584
 2588
 2592
 2594
 2602
 2612
 2622
 2632
 2640
 2652
 2670
 2692
 2712
 2730
 2744
 2754
 2760
 2762
 2758
 2754
 2754
 2752
 2752
 2750
 2736
 2714
 2690
 2662
 2636
 2626
 2624
 2622
 2630
 2666
 2696
 2720
 2742
 2772
 2796
 2822
 2854
 2892
 2928
 2946
 2948
 2944
 2944
 2942
 2946
 2966
 2980
 2992
 2986
 2964
 2950
 2940
 2922
 2890
 2842
 2792
 2736
 2670
 2612
 2582
 2566
 2574
 2602
 2650
 2692
 2724
 2764
 2792
 2822
 2818
 2816
 2812
 2806
 2794
 2788
 2788
 2800
 2814
 2830
 2842
 2854
 2862
 2868
 2854
 2786
 2610
 2358
 2132
 1964
 1840
 1750
 1698
 1682
 1706
 1716
 1704
 1700
 1714
 1756
 1836
 1890
 1924
 1946
 1964
 1976
 1978
 1964
 1946
 1926
 1898
 1858
 1810
 1750
 1684
 1610
 1546
 1496
 1458
 1432
 1408
 1386
 1372
 1372
 1386
 1404
 1426
 1450
 1476
 1512
 1564
 1628
 1702
 1770
 1824
 1864
 1884
 1908
 1936
 1976
 2026
 2070
 2110
 2144
 2180
 2216
 2246
 2280
 2310
 2336
 2362
 2386
 2406
 2426
 2442
 2456
 2468
 2472
 2478
 2484
 2498
 2516
 2538
 2554
 2570
 2582
 2588
 2592
 2598
 2604
 2612
 2616
 2620
 2624
 2626
 2622
 2616
 2614
 2604
 2588
 2574
 2560
 2550
 2542
 2534
 2524
 2510
 2492
 2470
 2450
 2432
 2412
 2388
 2362
 2332
 2300
 2268
 2232
 2194
 2150
 2100
 2058
 2030
 2008
 1990
 1970
 1954
 1934
 1918
 1904
 1900
 1900
 1904
 1908
 1916
 1926
 1944
 1962
 1982
 2004
 2030
 2044
 2064
 2092
 2132
 2184
 2236
 2286
 2330
 2370
 2406
 2434
 2460
 2486
 2504
 2524
 2542
 2560
 2574
 2588
 2598
 2610
 2616
 2618
 2624
 2638
 2666
 2696
 2724
 2748
 2766
 2780
 2788
 2794
 2800
 2804
 2806
 2806
 2808
 2808
 2806
 2804
 2800
 2794
 2794
 2790
 2784
 2778
 2780
 2794
 2818
 2840
 2860
 2872
 2882
 2888
 2892
 2894
 2896
 2890
 2886
 2884
 2880
 2876
 2872
 2866
 2860
 2852
 2848
 2844
 2836
 2828
 2824
 2822
 2826
 2824
 2818
 2810
 2796
 2782
 2766
 2748
 2732
 2708
 2682
 2654
 2628
 2600
 2572
 2546
 2514
 2480
 2440
 2406
 2376
 2336
 2298
 2266
 2238
 2216
 2186
 2154
 2118
 2080
 2046
 2016
 1992
 1974
 1956
 1940
 1928
 1922
 1924
 1926
 1934
 1938
 1954
 1972
 1984
 1996
 2018
 2044
 2084
 2122
 2160
 2198
 2232
 2264
 2292
 2318
 2346
 2370
 2396
 2416
 2438
 2456
 2472
 2486
 2496
 2512
 2524
 2530
 2534
 2542
 2554
 2580
 2608
 2630
 2654
 2672
 2688
 2702
 2716
 2726
 2740
 2752
 2762
 2772
 2780
 2786
 2790
 2794
 2800
 2804
 2810
 2812
 2810
 2808
 2810
 2820
 2840
 2856
 2870
 2878
 2888
 2896
 2900
 2904
 2908
 2910
 2910
 2906
 2900
 2894
 2882
 2862
 2836
 2812
 2790
 2774
 2758
 2734
 2708
 2688
 2674
 2666
 2658
 2646
 2632
 2618
 2610
 2598
 2584
 2570
 2548
 2520
 2486
 2446
 2404
 2358
 2312
 2270
 2222
 2176
 2134
 2090
 2044
 2018
 2000
 1992
 1992
 1996
 2006
 2016
 2030
 2044
 2060
 2080
 2098
 2120
 2144
 2172
 2202
 2226
 2248
 2270
 2294
 2316
 2332
 2350
 2370
 2394
 2430
 2462
 2492
 2520
 2544
 2564
 2582
 2598
 2616
 2632
 2646
 2658
 2670
 2680
 2692
 2702
 2712
 2718
 2726
 2730
 2738
 2752
 2774
 2802
 2824
 2846
 2858
 2868
 2874
 2876
 2880
 2882
 2882
 2882
 2882
 2884
 2884
 2882
 2878
 2872
 2864
 2856
 2852
 2850
 2842
 2836
 2836
 2842
 2858
 2872
 2884
 2890
 2894
 2896
 2898
 2898
 2902
 2898
 2892
 2890
 2882
 2874
 2860
 2836
 2812
 2786
 2760
 2738
 2716
 2684
 2650
 2618
 2594
 2576
 2558
 2538
 2514
 2484
 2454
 2418
 2388
 2358
 2326
 2296
 2262
 2228
 2198
 2170
 2134
 2096
 2056
 2014
 1976
 1940
 1904
 1880
 1872
 1878
 1900
 1922
 1944
 1968
 1994
 2024
 2052
 2088
 2124
 2156
 2190
 2228
 2262
 2298
 2332
 2364
 2392
 2414
 2438
 2464
 2482
 2500
 2530
 2564
 2604
 2634
 2636
 2628
 2626
 2620
 2620
 2626
 2632
 2638
 2648
 2662
 2670
 2678
 2684
 2688
 2692
 2698
 2702
 2702
 2708
 2722
 2742
 2768
 2790
 2810
 2824
 2838
 2846
 2854
 2860
 2866
 2866
 2868
 2870
 2870
 2868
 2868
 2864
 2860
 2858
 2854
 2846
 2840
 2846
 2858
 2878
 2894
 2908
 2912
 2914
 2906
 2894
 2878
 2858
 2830
 2800
 2768
 2738
 2708
 2678
 2644
 2610
 2576
 2544
 2514
 2476
 2440
 2412
 2388
 2374
 2358
 2340
 2318
 2294
 2266
 2238
 2214
 2192
 2170
 2150
 2132
 2122
 2116
 2114
 2124
 2132
 2140
 2154
 2166
 2174
 2188
 2210
 2236
 2276
 2310
 2344
 2374
 2402
 2430
 2454
 2480
 2502
 2518
 2532
 2548
 2560
 2578
 2598
 2614
 2624
 2638
 2648
 2652
 2658
 2672
 2694
 2724
 2750
 2774
 2792
 2810
 2822
 2834
 2846
 2854
 2860
 2864
 2866
 2870
 2870
 2870
 2866
 2864
 2858
 2852
 2840
 2838
 2844
 2858
 2870
 2884
 2896
 2902
 2908
 2912
 2912
 2912
 2906
 2902
 2898
 2894
 2892
 2888
 2882
 2878
 2872
 2868
 2862
 2858
 2854
 2842
 2830
 2820
 2816
 2816
 2812
 2804
 2788
 2772
 2756
 2738
 2722
 2704
 2688
 2670
 2644
 2618
 2592
 2560
 2526
 2488
 2446
 2406
 2370
 2334
 2292
 2262
 2236
 2218
 2206
 2192
 2184
 2176
 2172
 2172
 2178
 2190
 2204
 2220
 2238
 2260
 2284
 2310
 2334
 2358
 2380
 2404
 2424
 2440
 2464
 2496
 2536
 2576
 2612
 2652
 2684
 2716
 2740
 2760
 2782
 2796
 2810
 2824
 2834
 2846
 2854
 2860
 2862
 2866
 2866
 2862
 2856
 2860
 2870
 2890
 2908
 2924
 2934
 2940
 2948
 2950
 2948
 2944
 2938
 2934
 2930
 2926
 2920
 2914
 2908
 2902
 2892
 2880
 2870
 2864
 2854
 2846
 2844
 2850
 2856
 2858
 2854
 2840
 2828
 2814
 2794
 2776
 2756
 2732
 2702
 2670
 2638
 2604
 2564
 2528
 2490
 2454
 2418
 2386
 2346
 2304
 2272
 2254
 2242
 2230
 2218
 2200
 2176
 2152
 2126
 2102
 2082
 2066
 2058
 2054
 2052
 2060
 2072
 2084
 2096
 2108
 2126
 2144
 2158
 2182
 2214
 2252
 2296
 2334
 2370
 2404
 2436
 2470
 2498
 2530
 2558
 2584
 2608
 2634
 2658
 2680
 2696
 2708
 2720
 2732
 2738
 2744
 2754
 2772
 2796
 2828
 2854
 2874
 2892
 2908
 2920
 2928
 2938
 2944
 2950
 2954
 2956
 2950
 2946
 2940
 2936
 2930
 2926
 2922
 2914
 2908
 2896
 2888
 2888
 2896
 2908
 2918
 2926
 2930
 2928
 2926
 2922
 2920
 2920
 2916
 2912
 2906
 2902
 2896
 2882
 2870
 2860
 2854
 2846
 2840
 2830
 2814
 2796
 2782
 2778
 2776
 2766
 2756
 2740
 2720
 2700
 2674
 2650
 2622
 2594
 2570
 2542
 2514
 2486
 2454
 2422
 2388
 2348
 2308
 2276
 2244
 2206
 2170
 2142
 2118
 2102
 2090
 2082
 2076
 2074
 2078
 2086
 2100
 2116
 2132
 2154
 2176
 2206
 2238
 2270
 2304
 2336
 2370
 2402
 2432
 2458
 2478
 2502
 2532
 2574
 2616
 2652
 2686
 2714
 2738
 2758
 2776
 2792
 2808
 2818
 2830
 2840
 2844
 2848
 2850
 2850
 2848
 2846
 2846
 2844
 2846
 2842
 2840
 2842
 2852
 2870
 2888
 2904
 2914
 2920
 2924
 2926
 2930
 2932
 2934
 2934
 2930
 2922
 2916
 2908
 2900
 2892
 2884
 2876
 2866
 2854
 2840
 2830
 2824
 2826
 2834
 2834
 2824
 2804
 2778
 2754
 2730
 2708
 2686
 2664
 2638
 2612
 2582
 2554
 2522
 2492
 2460
 2428
 2396
 2368
 2344
 2314
 2280
 2252
 2234
 2220
 2210
 2200
 2182
 2164
 2140
 2118
 2096
 2078
 2060
 2046
 2036
 2034
 2038
 2044
 2052
 2068
 2084
 2102
 2124
 2150
 2170
 2192
 2222
 2256
 2296
 2334
 2366
 2390
 2416
 2442
 2460
 2480
 2498
 2514
 2530
 2550
 2564
 2572
 2576
 2574
 2572
 2568
 2564
 2562
 2570
 2582
 2604
 2622
 2636
 2644
 2646
 2648
 2644
 2644
 2642
 2636
 2632
 2632
 2642
 2652
 2668
 2686
 2702
 2710
 2714
 2720
 2734
 2760
 2786
 2810
 2830
 2846
 2860
 2872
 2880
 2890
 2896
 2900
 2906
 2910
 2908
 2904
 2898
 2894
 2888
 2878
 2868
 2870
 2880
 2896
 2908
 2916
 2920
 2922
 2924
 2924
 2924
 2924
 2926
 2924
 2922
 2914
 2908
 2902
 2894
 2888
 2882
 2872
 2856
 2850
 2854
 2864
 2874
 2882
 2886
 2882
 2874
 2860
 2842
 2820
 2798
 2774
 2748
 2722
 2694
 2666
 2634
 2604
 2574
 2540
 2506
 2476
 2452
 2438
 2422
 2404
 2382
 2354
 2328
 2298
 2268
 2240
 2208
 2178
 2148
 2118
 2094
 2074
 2056
 2044
 2038
 2038
 2042
 2050
 2070
 2094
 2124
 2168
 2212
 2254
 2292
 2326
 2362
 2390
 2418
 2440
 2466
 2488
 2510
 2532
 2552
 2568
 2584
 2596
 2608
 2622
 2638
 2652
 2664
 2670
 2680
 2692
 2716
 2740
 2762
 2782
 2796
 2810
 2818
 2826
 2834
 2838
 2842
 2848
 2850
 2854
 2854
 2854
 2850
 2848
 2846
 2844
 2842
 2842
 2838
 2830
 2830
 2836
 2850
 2866
 2880
 2892
 2896
 2902
 2906
 2908
 2910
 2912
 2912
 2912
 2908
 2902
 2896
 2888
 2880
 2870
 2858
 2842
 2822
 2802
 2780
 2758
 2730
 2702
 2680
 2662
 2648
 2632
 2616
 2590
 2564
 2538
 2508
 2480
 2450
 2416
 2380
 2346
 2308
 2270
 2234
 2194
 2152
 2110
 2068
 2028
 1990
 1954
 1912
 1886
 1872
 1874
 1888
 1902
 1918
 1938
 1964
 1992
 2022
 2056
 2090
 2122
 2158
 2190
 2224
 2258
 2288
 2316
 2338
 2360
 2384
 2402
 2416
 2446
 2478
 2520
 2556
 2590
 2620
 2644
 2666
 2680
 2692
 2702
 2712
 2722
 2732
 2742
 2752
 2760
 2766
 2772
 2774
 2780
 2784
 2784
 2790
 2798
 2812
 2832
 2848
 2862
 2870
 2884
 2894
 2900
 2908
 2908
 2910
 2910
 2908
 2902
 2900
 2896
 2892
 2888
 2882
 2878
 2872
 2866
 2862
 2856
 2846
 2840
 2836
 2834
 2832
 2826
 2814
 2800
 2780
 2762
 2742
 2724
 2706
 2686
 2664
 2638
 2610
 2580
 2550
 2516
 2484
 2456
 2428
 2400
 2368
 2332
 2292
 2256
 2228
 2206
 2180
 2146
 2114
 2082
 2048
 2022
 2000
 1992
 1992
 2002
 2016
 2036
 2060
 2088
 2122
 2154
 2188
 2216
 2246
 2278
 2304
 2326
 2354
 2386
 2430
 2470
 2508
 2542
 2572
 2600
 2622
 2648
 2670
 2692
 2714
 2734
 2758
 2778
 2796
 2806
 2814
 2818
 2820
 2822
 2818
 2814
 2816
 2824
 2842
 2856
 2870
 2880
 2884
 2888
 2890
 2890
 2890
 2892
 2892
 2896
 2900
 2892
 2890
 2886
 2878
 2874
 2874
 2870
 2870
 2870
 2868
 2862
 2858
 2860
 2862
 2860
 2848
 2830
 2808
 2786
 2764
 2738
 2716
 2690
 2668
 2646
 2626
 2604
 2580
 2554
 2522
 2488
 2454
 2416
 2380
 2346
 2304
 2270
 2242
 2214
 2190
 2166
 2134
 2100
 2062
 2024
 1990
 1962
 1940
 1924
 1916
 1914
 1920
 1932
 1948
 1968
 1990
 2012
 2036
 2064
 2088
 2120
 2160
 2210
 2270
 2324
 2372
 2416
 2458
 2490
 2518
 2546
 2570
 2596
 2620
 2642
 2666
 2684
 2700
 2714
 2724
 2732
 2742
 2746
 2752
 2764
 2786
 2818
 2844
 2866
 2884
 2898
 2906
 2914
 2922
 2930
 2932
 2932
 2936
 2938
 2938
 2936
 2936
 2936
 2934
 2932
 2924
 2920
 2916
 2910
 2904
 2898
 2898
 2902
 2902
 2894
 2874
 2850
 2826
 2800
 2772
 2746
 2716
 2688
 2660
 2632
 2604
 2572
 2538
 2502
 2466
 2428
 2390
 2350
 2316
 2274
 2228
 2190
 2160
 2132
 2110
 2084
 2056
 2022
 1994
 1966
 1952
 1948
 1948
 1954
 1962
 1974
 1990
 2012
 2030
 2040
 2050
 2064
 2084
 2108
 2136
 2160
 2194
 2238
 2288
 2342
 2394
 2440
 2484
 2532
 2570
 2602
 2634
 2662
 2686
 2704
 2722
 2738
 2748
 2752
 2756
 2756
 2756
 2756
 2756
 2748
 2742
 2744
 2752
 2770
 2784
 2804
 2816
 2820
 2822
 2824
 2826
 2828
 2824
 2822
 2826
 2828
 2830
 2830
 2836
 2840
 2846
 2856
 2872
 2894
 2912
 2922
 2926
 2934
 2940
 2954
 2962
 2964
 2962
 2948
 2932
 2916
 2894
 2876
 2858
 2836
 2810
 2778
 2746
 2712
 2670
 2624
 2578
 2534
 2486
 2438
 2390
 2336
 2292
 2256
 2220
 2194
 2168
 2140
 2112
 2090
 2074
 2058
 2050
 2044
 2046
 2050
 2066
 2084
 2110
 2134
 2156
 2176
 2192
 2212
 2230
 2240
 2250
 2264
 2284
 2310
 2350
 2408
 2462
 2514
 2558
 2598
 2626
 2650
 2674
 2690
 2702
 2712
 2716
 2722
 2728
 2732
 2736
 2738
 2736
 2742
 2754
 2772
 2786
 2804
 2816
 2822
 2832
 2830
 2822
 2812
 2808
 2798
 2800
 2804
 2806
 2808
 2806
 2806
 2806
 2808
 2806
 2806
 2806
 2806
 2800
 2796
 2796
 2798
 2798
 2794
 2786
 2774
 2758
 2740
 2716
 2696
 2674
 2652
 2628
 2606
 2582
 2556
 2528
 2500
 2468
 2432
 2398
 2362
 2328
 2286
 2236
 2196
 2158
 2130
 2102
 2076
 2052
 2040
 2044
 2042
 2036
 2054
 2072
 2094
 2116
 2144
 2174
 2202
 2234
 2260
 2292
 2326
 2356
 2382
 2408
 2444
 2488
 2538
 2582
 2622
 2658
 2684
 2712
 2732
 2752
 2768
 2784
 2796
 2810
 2824
 2834
 2844
 2850
 2852
 2856
 2860
 2860
 2856
 2858
 2864
 2882
 2900
 2918
 2932
 2938
 2944
 2948
 2946
 2942
 2938
 2938
 2936
 2936
 2936
 2934
 2930
 2926
 2912
 2896
 2876
 2858
 2840
 2820
 2792
 2762
 2738
 2714
 2692
 2664
 2634
 2600
 2566
 2528
 2492
 2456
 2416
 2376
 2334
 2290
 2250
 2208
 2164
 2124
 2084
 2048
 2012
 1982
 1954
 1926
 1910
 1908
 1918
 1940
 1966
 1996
 2026
 2058
 2094
 2132
 2170
 2208
 2244
 2280
 2316
 2350
 2380
 2410
 2436
 2460
 2484
 2504
 2518
 2540
 2564
 2600
 2634
 2662
 2688
 2712
 2732
 2756
 2782
 2808
 2830
 2846
 2866
 2880
 2896
 2906
 2912
 2916
 2918
 2920
 2916
 2912
 2910
 2914
 2930
 2944
 2960
 2972
 2982
 2986
 2984
 2982
 2984
 2986
 2988
 2992
 2994
 2996
 2994
 2988
 2976
 2970
 2962
 2958
 2952
 2942
 2936
 2936
 2946
 2956
 2962
 2968
 2968
 2970
 2970
 2970
 2970
 2966
 2958
 2946
 2930
 2910
 2888
 2862
 2836
 2810
 2780
 2754
 2726
 2688
 2648
 2622
 2594
 2574
 2554
 2530
 2500
 2466
 2432
 2400
 2372
 2342
 2308
 2272
 2226
 2180
 2138
 2096
 2052
 2008
 1966
 1930
 1896
 1864
 1848
 1846
 1858
 1886
 1914
 1942
 1972
 2002
 2038
 2074
 2114
 2150
 2182
 2214
 2244
 2276
 2304
 2332
 2356
 2378
 2396
 2408
 2418
 2436
 2460
 2494
 2522
 2554
 2580
 2600
 2620
 2638
 2656
 2670
 2680
 2692
 2704
 2714
 2720
 2726
 2728
 2730
 2734
 2734
 2730
 2734
 2744
 2764
 2786
 2806
 2822
 2834
 2846
 2852
 2856
 2866
 2870
 2874
 2880
 2884
 2888
 2890
 2890
 2888
 2888
 2886
 2880
 2878
 2876
 2872
 2870
 2872
 2886
 2900
 2910
 2922
 2930
 2934
 2936
 2936
 2938
 2940
 2942
 2936
 2930
 2924
 2918
 2910
 2902
 2896
 2892
 2886
 2882
 2874
 2862
 2846
 2832
 2818
 2806
 2798
 2782
 2772
 2756
 2742
 2726
 2706
 2688
 2668
 2644
 2620
 2592
 2564
 2540
 2512
 2480
 2450
 2418
 2386
 2356
 2318
 2278
 2250
 2224
 2212
 2198
 2182
 2160
 2138
 2114
 2092
 2080
 2074
 2072
 2078
 2082
 2094
 2108
 2124
 2142
 2156
 2166
 2176
 2190
 2206
 2224
 2242
 2268
 2300
 2338
 2378
 2412
 2444
 2472
 2496
 2522
 2542
 2564
 2582
 2596
 2614
 2628
 2642
 2652
 2660
 2666
 2672
 2674
 2678
 2688
 2694
 2694
 2702
 2716
 2738
 2762
 2780
 2798
 2810
 2820
 2828
 2832
 2842
 2844
 2850
 2854
 2854
 2856
 2854
 2850
 2846
 2840
 2836
 2832
 2832
 2832
 2830
 2826
 2824
 2832
 2848
 2860
 2868
 2866
 2854
 2840
 2822
 2806
 2790
 2772
 2752
 2728
 2702
 2674
 2644
 2610
 2574
 2534
 2494
 2452
 2408
 2362
 2314
 2278
 2246
 2222
 2196
 2172
 2146
 2114
 2086
 2062
 2042
 2026
 2010
 2000
 1996
 1996
 2002
 2012
 2024
 2038
 2054
 2070
 2090
 2114
 2142
 2168
 2194
 2226
 2260
 2304
 2352
 2394
 2438
 2478
 2514
 2546
 2572
 2598
 2622
 2644
 2664
 2682
 2700
 2716
 2726
 2732
 2738
 2742
 2748
 2746
 2736
 2730
 2736
 2748
 2776
 2806
 2834
 2860
 2874
 2888
 2896
 2904
 2912
 2916
 2918
 2916
 2914
 2912
 2912
 2906
 2902
 2898
 2894
 2890
 2890
 2882
 2876
 2868
 2868
 2874
 2880
 2878
 2872
 2860
 2844
 2828
 2808
 2782
 2754
 2724
 2694
 2662
 2630
 2600
 2566
 2532
 2494
 2452
 2412
 2372
 2334
 2288
 2250
 2220
 2194
 2174
 2152
 2132
 2104
 2074
 2050
 2024
 2006
 1996
 1990
 1988
 1990
 1998
 2006
 2018
 2030
 2046
 2070
 2090
 2110
 2136
 2168
 2210
 2258
 2302
 2348
 2388
 2426
 2462
 2494
 2530
 2564
 2594
 2626
 2654
 2684
 2708
 2732
 2750
 2770
 2792
 2806
 2816
 2832
 2856
 2888
 2914
 2938
 2954
 2966
 2976
 2980
 2986
 2988
 2984
 2974
 2962
 2950
 2932
 2912
 2888
 2862
 2830
 2796
 2760
 2722
 2694
 2670
 2656
 2642
 2624
 2602
 2570
 2536
 2496
 2460
 2422
 2388
 2352
 2318
 2284
 2250
 2216
 2182
 2146
 2112
 2078
 2056
 2032
 2006
 1986
 1984
 1990
 2010
 2034
 2056
 2078
 2106
 2134
 2162
 2192
 2226
 2256
 2288
 2320
 2352
 2378
 2410
 2434
 2460
 2486
 2506
 2526
 2540
 2550
 2564
 2584
 2610
 2640
 2662
 2682
 2702
 2724
 2738
 2756
 2770
 2782
 2796
 2810
 2818
 2826
 2836
 2848
 2856
 2862
 2866
 2868
 2870
 2874
 2872
 2868
 2872
 2878
 2896
 2914
 2930
 2940
 2940
 2940
 2940
 2938
 2934
 2926
 2914
 2898
 2874
 2854
 2832
 2810
 2786
 2762
 2736
 2708
 2678
 2644
 2604
 2564
 2536
 2510
 2484
 2458
 2428
 2390
 2358
 2322
 2288
 2256
 2226
 2196
 2170
 2146
 2122
 2102
 2088
 2078
 2074
 2074
 2076
 2084
 2096
 2110
 2122
 2146
 2180
 2224
 2276
 2324
 2370
 2412
 2450
 2488
 2520
 2558
 2592
 2618
 2642
 2662
 2678
 2690
 2698
 2704
 2708
 2712
 2716
 2724
 2732
 2736
 2744
 2760
 2786
 2818
 2842
 2862
 2880
 2896
 2910
 2920
 2930
 2938
 2946
 2952
 2950
 2940
 2932
 2922
 2912
 2904
 2894
 2886
 2880
 2878
 2872
 2868
 2866
 2870
 2874
 2870
 2864
 2852
 2840
 2826
 2812
 2798
 2782
 2764
 2742
 2720
 2692
 2664
 2634
 2600
 2566
 2526
 2476
 2432
 2382
 2332
 2292
 2260
 2234
 2214
 2194
 2174
 2150
 2126
 2108
 2096
 2096
 2104
 2112
 2122
 2134
 2148
 2164
 2186
 2208
 2228
 2248
 2270
 2288
 2306
 2334
 2368
 2410
 2450
 2486
 2518
 2544
 2568
 2590
 2618
 2644
 2668
 2686
 2704
 2718
 2730
 2738
 2742
 2742
 2740
 2740
 2738
 2732
 2726
 2730
 2740
 2756
 2776
 2790
 2804
 2816
 2830
 2842
 2854
 2868
 2876
 2886
 2898
 2906
 2912
 2918
 2916
 2912
 2908
 2908
 2904
 2904
 2904
 2904
 2902
 2896
 2888
 2880
 2882
 2878
 2874
 2866
 2856
 2846
 2832
 2818
 2808
 2794
 2778
 2760
 2738
 2716
 2692
 2668
 2638
 2604
 2568
 2528
 2490
 2450
 2400
 2360
 2326
 2302
 2280
 2250
 2218
 2184
 2156
 2138
 2130
 2134
 2138
 2152
 2174
 2196
 2224
 2252
 2282
 2310
 2340
 2368
 2398
 2420
 2448
 2480
 2520
 2566
 2612
 2654
 2686
 2714
 2740
 2760
 2780
 2798
 2818
 2834
 2844
 2854
 2860
 2862
 2862
 2860
 2858
 2854
 2852
 2844
 2838
 2840
 2850
 2866
 2880
 2892
 2898
 2902
 2902
 2906
 2910
 2914
 2920
 2918
 2918
 2918
 2916
 2912
 2910
 2906
 2896
 2882
 2862
 2836
 2818
 2806
 2800
 2796
 2788
 2778
 2762
 2744
 2726
 2706
 2688
 2666
 2642
 2618
 2592
 2562
 2530
 2498
 2462
 2426
 2390
 2358
 2328
 2298
 2268
 2236
 2202
 2180
 2168
 2168
 2172
 2180
 2194
 2208
 2224
 2240
 2258
 2282
 2302
 2324
 2348
 2374
 2400
 2424
 2454
 2480
 2506
 2530
 2554
 2578
 2594
 2604
 2620
 2642
 2678
 2712
 2742
 2770
 2788
 2806
 2818
 2828
 2838
 2842
 2844
 2844
 2848
 2854
 2860
 2858
 2856
 2854
 2852
 2852
 2850
 2850
 2846
 2842
 2842
 2846
 2862
 2882
 2896
 2910
 2918
 2926
 2932
 2936
 2940
 2942
 2942
 2932
 2912
 2894
 2878
 2862
 2852
 2846
 2842
 2840
 2838
 2834
 2832
 2838
 2848
 2860
 2866
 2874
 2878
 2880
 2884
 2886
 2894
 2898
 2894
 2890
 2888
 2884
 2884
 2882
 2878
 2872
 2862
 2846
 2836
 2838
 2846
 2862
 2876
 2888
 2894
 2900
 2906
 2906
 2906
 2900
 2900
 2896
 2894
 2892
 2890
 2886
 2880
 2876
 2858
 2842
 2836
 2840
 2852
 2866
 2876
 2878
 2874
 2860
 2842
 2824
 2806
 2784
 2760
 2736
 2714
 2686
 2658
 2626
 2596
 2560
 2520
 2486
 2456
 2434
 2418
 2396
 2374
 2348
 2322
 2296
 2266
 2242
 2220
 2196
 2172
 2152
 2138
 2130
 2126
 2126
 2124
 2120
 2124
 2138
 2162
 2196
 2236
 2274
 2308
 2342
 2374
 2400
 2430
 2460
 2488
 2518
 2550
 2580
 2604
 2628
 2652
 2670
 2680
 2692
 2708
 2736
 2770
 2800
 2832
 2860
 2882
 2900
 2914
 2924
 2932
 2938
 2944
 2948
 2946
 2940
 2936
 2930
 2924
 2918
 2908
 2904
 2904
 2916
 2924
 2932
 2940
 2944
 2950
 2950
 2952
 2952
 2952
 2952
 2942
 2936
 2928
 2922
 2914
 2906
 2898
 2890
 2876
 2868
 2860
 2848
 2838
 2838
 2850
 2864
 2874
 2882
 2886
 2890
 2890
 2890
 2894
 2894
 2892
 2886
 2878
 2870
 2856
 2834
 2806
 2774
 2738
 2704
 2664
 2618
 2572
 2536
 2504
 2480
 2454
 2426
 2396
 2362
 2330
 2296
 2264
 2232
 2200
 2170
 2138
 2108
 2076
 2044
 2012
 1980
 1950
 1914
 1874
 1840
 1820
 1812
 1816
 1828
 1846
 1864
 1886
 1912
 1936
 1968
 2002
 2036
 2074
 2114
 2154
 2194
 2232
 2272
 2308
 2346
 2382
 2408
 2434
 2464
 2500
 2544
 2586
 2622
 2656
 2682
 2708
 2728
 2742
 2758
 2770
 2778
 2786
 2794
 2798
 2802
 2810
 2814
 2818
 2820
 2820
 2822
 2818
 2816
 2820
 2836
 2852
 2866
 2878
 2884
 2890
 2892
 2890
 2894
 2894
 2896
 2890
 2884
 2880
 2872
 2866
 2858
 2852
 2846
 2840
 2832
 2824
 2824
 2828
 2830
 2824
 2808
 2786
 2762
 2738
 2714
 2694
 2674
 2652
 2628
 2604
 2578
 2554
 2526
 2496
 2464
 2432
 2396
 2362
 2326
 2286
 2246
 2212
 2178
 2150
 2122
 2090
 2060
 2024
 1994
 1968
 1948
 1930
 1916
 1908
 1908
 1914
 1930
 1948
 1968
 1986
 2004
 2022
 2048
 2074
 2098
 2132
 2170
 2218
 2264
 2308
 2352
 2388
 2426
 2460
 2490
 2524
 2552
 2580
 2606
 2632
 2654
 2674
 2692
 2704
 2714
 2730
 2740
 2744
 2752
 2770
 2796
 2822
 2844
 2860
 2872
 2878
 2884
 2888
 2894
 2896
 2894
 2894
 2892
 2884
 2878
 2874
 2866
 2858
 2854
 2850
 2846
 2846
 2846
 2836
 2822
 2808
 2796
 2794
 2786
 2776
 2758
 2738
 2716
 2692
 2666
 2638
 2606
 2572
 2540
 2504
 2470
 2434
 2396
 2354
 2314
 2270
 2230
 2186
 2134
 2090
 2060
 2038
 2024
 2004
 1984
 1960
 1940
 1924
 1914
 1916
 1918
 1924
 1936
 1952
 1970
 1996
 2020
 2042
 2066
 2090
 2114
 2144
 2182
 2218
 2250
 2290
 2332
 2386
 2432
 2478
 2518
 2550
 2584
 2612
 2638
 2662
 2682
 2700
 2718
 2730
 2742
 2750
 2756
 2758
 2760
 2766
 2772
 2774
 2772
 2772
 2778
 2792
 2814
 2830
 2846
 2854
 2860
 2864
 2860
 2858
 2854
 2852
 2856
 2858
 2860
 2862
 2862
 2862
 2858
 2854
 2854
 2854
 2854
 2854
 2842
 2832
 2824
 2818
 2818
 2810
 2802
 2786
 2772
 2752
 2732
 2710
 2688
 2668
 2652
 2630
 2608
 2582
 2554
 2524
 2490
 2454
 2416
 2382
 2342
 2298
 2258
 2224
 2192
 2166
 2138
 2108
 2076
 2044
 2022
 2002
 1998
 1996
 2000
 2010
 2022
 2042
 2064
 2088
 2112
 2136
 2158
 2186
 2216
 2240
 2268
 2302
 2336
 2370
 2398
 2432
 2464
 2496
 2532
 2568
 2602
 2632
 2662
 2690
 2714
 2738
 2756
 2772
 2780
 2790
 2796
 2802
 2800
 2796
 2802
 2814
 2836
 2850
 2866
 2872
 2882
 2886
 2892
 2894
 2894
 2896
 2894
 2898
 2898
 2892
 2890
 2884
 2880
 2878
 2874
 2874
 2874
 2870
 2866
 2864
 2864
 2866
 2864
 2860
 2848
 2836
 2820
 2804
 2788
 2772
 2752
 2728
 2704
 2678
 2652
 2628
 2600
 2568
 2534
 2500
 2466
 2430
 2388
 2350
 2318
 2292
 2270
 2244
 2216
 2182
 2146
 2110
 2068
 2034
 2012
 1990
 1968
 1956
 1956
 1962
 1970
 1986
 2004
 2024
 2048
 2074
 2100
 2124
 2162
 2204
 2258
 2306
 2356
 2398
 2438
 2474
 2512
 2550
 2582
 2612
 2640
 2666
 2690
 2710
 2726
 2738
 2748
 2754
 2760
 2766
 2766
 2764
 2772
 2788
 2814
 2836
 2854
 2866
 2874
 2880
 2880
 2880
 2876
 2872
 2866
 2864
 2868
 2872
 2870
 2868
 2868
 2864
 2864
 2864
 2864
 2864
 2862
 2858
 2860
 2864
 2878
 2882
 2884
 2880
 2872
 2862
 2852
 2840
 2828
 2810
 2790
 2772
 2748
 2722
 2694
 2664
 2630
 2596
 2558
 2518
 2484
 2444
 2398
 2362
 2334
 2310
 2288
 2264
 2238
 2206
 2174
 2134
 2094
 2068
 2044
 2030
 2026
 2026
 2038
 2058
 2078
 2098
 2116
 2134
 2158
 2182
 2216
 2246
 2272
 2306
 2346
 2394
 2442
 2488
 2528
 2564
 2598
 2630
 2658
 2682
 2708
 2734
 2758
 2778
 2796
 2808
 2818
 2824
 2828
 2834
 2838
 2844
 2842
 2842
 2850
 2866
 2888
 2908
 2926
 2934
 2942
 2948
 2948
 2956
 2954
 2960
 2954
 2948
 2946
 2944
 2940
 2936
 2934
 2930
 2920
 2908
 2890
 2872
 2858
 2850
 2844
 2834
 2822
 2804
 2782
 2758
 2734
 2714
 2696
 2676
 2656
 2632
 2606
 2578
 2546
 2510
 2472
 2432
 2396
 2354
 2314
 2286
 2260
 2244
 2224
 2204
 2178
 2148
 2120
 2104
 2094
 2092
 2094
 2100
 2112
 2124
 2138
 2154
 2172
 2190
 2212
 2240
 2264
 2284
 2316
 2354
 2402
 2452
 2496
 2538
 2574
 2612
 2644
 2672
 2698
 2718
 2734
 2748
 2760
 2768
 2774
 2776
 2778
 2782
 2784
 2784
 2782
 2786
 2796
 2818
 2842
 2860
 2878
 2888
 2896
 2902
 2904
 2912
 2914
 2916
 2920
 2922
 2926
 2926
 2924
 2922
 2914
 2908
 2904
 2896
 2892
 2896
 2904
 2918
 2928
 2936
 2942
 2944
 2948
 2948
 2952
 2954
 2958
 2956
 2950
 2944
 2940
 2934
 2928
 2922
 2910
 2896
 2876
 2854
 2830
 2804
 2778
 2760
 2750
 2742
 2736
 2726
 2712
 2694
 2672
 2650
 2626
 2600
 2576
 2550
 2520
 2488
 2454
 2420
 2380
 2338
 2296
 2252
 2212
 2172
 2132
 2094
 2070
 2058
 2062
 2070
 2080
 2092
 2108
 2124
 2138
 2156
 2176
 2198
 2224
 2252
 2276
 2306
 2332
 2358
 2384
 2408
 2430
 2452
 2474
 2490
 2518
 2550
 2590
 2630
 2664
 2696
 2722
 2744
 2764
 2778
 2792
 2798
 2808
 2814
 2820
 2824
 2826
 2826
 2826
 2824
 2822
 2820
 2822
 2822
 2820
 2824
 2832
 2848
 2866
 2880
 2890
 2898
 2904
 2908
 2910
 2912
 2914
 2912
 2906
 2900
 2898
 2894
 2890
 2884
 2880
 2870
 2862
 2854
 2846
 2844
 2846
 2856
 2874
 2888
 2900
 2908
 2914
 2918
 2920
 2924
 2928
 2930
 2928
 2920
 2918
 2914
 2908
 2904
 2900
 2894
 2884
 2874
 2860
 2850
 2832
 2812
 2792
 2778
 2772
 2764
 2752
 2734
 2712
 2694
 2672
 2648
 2626
 2600
 2576
 2550
 2522
 2496
 2464
 2428
 2392
 2362
 2328
 2292
 2254
 2216
 2172
 2132
 2100
 2074
 2054
 2032
 2010
 1988
 1970
 1956
 1954
 1958
 1970
 1982
 1998
 2014
 2034
 2060
 2090
 2118
 2144
 2168
 2198
 2222
 2248
 2276
 2314
 2360
 2406
 2452
 2492
 2526
 2558
 2586
 2612
 2638
 2662
 2682
 2700
 2716
 2736
 2752
 2764
 2772
 2778
 2784
 2790
 2790
 2790
 2796
 2808
 2830
 2848
 2866
 2880
 2892
 2900
 2906
 2912
 2918
 2922
 2926
 2928
 2930
 2930
 2920
 2914
 2906
 2898
 2892
 2888
 2888
 2880
 2866
 2860
 2862
 2874
 2884
 2896
 2902
 2906
 2910
 2906
 2902
 2902
 2898
 2894
 2886
 2870
 2850
 2830
 2806
 2780
 2754
 2724
 2694
 2666
 2626
 2584
 2550
 2520
 2496
 2470
 2440
 2408
 2374
 2342
 2312
 2288
 2266
 2240
 2210
 2174
 2138
 2102
 2066
 2028
 1988
 1948
 1916
 1882
 1858
 1850
 1858
 1878
 1906
 1938
 1970
 2004
 2034
 2074
 2114
 2156
 2194
 2234
 2274
 2312
 2348
 2382
 2412
 2442
 2470
 2494
 2510
 2528
 2552
 2582
 2618
 2650
 2680
 2704
 2724
 2744
 2764
 2782
 2796
 2808
 2820
 2832
 2844
 2852
 2856
 2858
 2862
 2862
 2864
 2866
 2862
 2858
 2858
 2868
 2886
 2898
 2916
 2928
 2938
 2946
 2948
 2942
 2938
 2934
 2926
 2918
 2904
 2890
 2868
 2842
 2814
 2788
 2758
 2730
 2700
 2674
 2646
 2610
 2590
 2568
 2548
 2526
 2502
 2474
 2444
 2416
 2390
 2364
 2340
 2316
 2294
 2268
 2242
 2220
 2196
 2170
 2146
 2124
 2112
 2104
 2106
 2112
 2118
 2124
 2138
 2158
 2186
 2216
 2242
 2266
 2284
 2304
 2322
 2344
 2370
 2394
 2424
 2454
 2478
 2502
 2522
 2538
 2552
 2564
 2576
 2586
 2598
 2608
 2616
 2622
 2628
 2644
 2666
 2694
 2718
 2742
 2762
 2778
 2796
 2810
 2824
 2836
 2844
 2850
 2854
 2854
 2852
 2850
 2846
 2840
 2838
 2834
 2830
 2826
 2822
 2816
 2810
 2810
 2818
 2834
 2846
 2860
 2866
 2866
 2864
 2858
 2852
 2842
 2832
 2822
 2810
 2794
 2778
 2754
 2732
 2706
 2676
 2650
 2620
 2588
 2560
 2530
 2492
 2458
 2434
 2412
 2400
 2382
 2362
 2336
 2306
 2274
 2242
 2218
 2198
 2178
 2162
 2146
 2140
 2138
 2142
 2148
 2158
 2168
 2182
 2200
 2222
 2244
 2264
 2294
 2328
 2372
 2418
 2462
 2500
 2536
 2576
 2608
 2636
 2666
 2688
 2710
 2730
 2742
 2758
 2770
 2780
 2788
 2796
 2804
 2812
 2818
 2818
 2822
 2834
 2856
 2880
 2902
 2918
 2932
 2944
 2950
 2958
 2964
 2970
 2974
 2978
 2980
 2980
 2982
 2976
 2964
 2956
 2948
 2940
 2930
 2918
 2908
 2890
 2864
 2842
 2826
 2816
 2808
 2796
 2784
 2768
 2750
 2728
 2704
 2684
 2662
 2640
 2616
 2588
 2558
 2526
 2490
 2448
 2402
 2354
 2302
 2256
 2212
 2170
 2124
 2084
 2060
 2040
 2032
 2028
 2032
 2040
 2054
 2066
 2082
 2102
 2124
 2148
 2176
 2204
 2232
 2262
 2296
 2324
 2354
 2388
 2420
 2452
 2480
 2512
 2538
 2556
 2580
 2612
 2650
 2686
 2720
 2748
 2772
 2792
 2806
 2820
 2834
 2846
 2854
 2864
 2870
 2872
 2874
 2874
 2870
 2870
 2870
 2868
 2868
 2872
 2868
 2870
 2878
 2898
 2916
 2932
 2938
 2940
 2944
 2944
 2946
 2946
 2940
 2932
 2922
 2902
 2872
 2840
 2812
 2786
 2768
 2748
 2726
 2706
 2686
 2666
 2646
 2618
 2592
 2574
 2560
 2550
 2534
 2514
 2490
 2464
 2434
 2398
 2362
 2326
 2290
 2254
 2220
 2186
 2158
 2136
 2124
 2114
 2108
 2108
 2114
 2116
 2130
 2154
 2180
 2220
 2258
 2294
 2330
 2360
 2396
 2428
 2458
 2492
 2522
 2554
 2582
 2608
 2632
 2658
 2680
 2696
 2710
 2720
 2724
 2730
 2742
 2760
 2786
 2808
 2826
 2840
 2848
 2852
 2856
 2858
 2862
 2862
 2862
 2862
 2862
 2860
 2860
 2856
 2850
 2852
 2850
 2846
 2846
 2850
 2860
 2880
 2904
 2922
 2938
 2950
 2958
 2964
 2966
 2964
 2962
 2964
 2964
 2962
 2956
 2942
 2924
 2902
 2876
 2848
 2820
 2794
 2770
 2748
 2720
 2692
 2670
 2652
 2638
 2620
 2600
 2578
 2554
 2528
 2502
 2480
 2460
 2440
 2416
 2392
 2364
 2330
 2298
 2262
 2226
 2192
 2168
 2150
 2138
 2128
 2122
 2128
 2140
 2164
 2192
 2224
 2260
 2294
 2334
 2368
 2400
 2434
 2464
 2494
 2526
 2554
 2580
 2608
 2632
 2656
 2674
 2692
 2708
 2720
 2728
 2742
 2764
 2794
 2822
 2850
 2868
 2884
 2894
 2898
 2898
 2898
 2896
 2892
 2884
 2874
 2864
 2856
 2848
 2838
 2830
 2826
 2820
 2814
 2816
 2824
 2842
 2862
 2882
 2900
 2912
 2924
 2932
 2938
 2942
 2950
 2954
 2952
 2952
 2950
 2948
 2944
 2932
 2918
 2900
 2880
 2858
 2832
 2806
 2774
 2750
 2732
 2720
 2712
 2698
 2680
 2660
 2640
 2618
 2594
 2570
 2546
 2520
 2486
 2456
 2424
 2388
 2352
 2312
 2270
 2230
 2194
 2162
 2136
 2110
 2098
 2098
 2106
 2126
 2148
 2170
 2194
 2212
 2224
 2232
 2244
 2266
 2292
 2326
 2360
 2398
 2432
 2462
 2488
 2510
 2530
 2548
 2572
 2600
 2624
 2630
 2626
 2628
 2638
 2652
 2670
 2684
 2698
 2706
 2714
 2720
 2724
 2728
 2726
 2722
 2716
 2712
 2706
 2698
 2692
 2694
 2702
 2714
 2720
 2724
 2730
 2742
 2760
 2788
 2810
 2832
 2844
 2856
 2866
 2874
 2886
 2894
 2900
 2906
 2910
 2916
 2916
 2916
 2916
 2910
 2896
 2886
 2884
 2888
 2906
 2920
 2934
 2940
 2942
 2944
 2944
 2944
 2946
 2950
 2950
 2950
 2952
 2946
 2940
 2934
 2928
 2920
 2912
 2902
 2902
 2906
 2924
 2934
 2942
 2948
 2952
 2954
 2952
 2952
 2952
 2946
 2942
 2942
 2938
 2932
 2918
 2900
 2876
 2852
 2822
 2786
 2758
 2740
 2724
 2710
 2694
 2674
 2650
 2622
 2592
 2558
 2524
 2490
 2458
 2424
 2390
 2354
 2320
 2280
 2238
 2198
 2156
 2108
 2074
 2052
 2040
 2038
 2048
 2062
 2080
 2102
 2124
 2146
 2174
 2200
 2230
 2262
 2292
 2320
 2348
 2372
 2394
 2414
 2434
 2454
 2476
 2498
 2520
 2534
 2556
 2586
 2624
 2666
 2702
 2734
 2758
 2778
 2792
 2806
 2818
 2826
 2834
 2842
 2846
 2852
 2854
 2854
 2854
 2852
 2852
 2850
 2850
 2850
 2848
 2844
 2848
 2856
 2878
 2896
 2912
 2924
 2932
 2940
 2942
 2946
 2952
 2952
 2948
 2946
 2942
 2940
 2936
 2930
 2924
 2920
 2916
 2912
 2902
 2894
 2880
 2864
 2852
 2844
 2842
 2836
 2832
 2822
 2810
 2796
 2778
 2762
 2744
 2722
 2698
 2674
 2646
 2618
 2588
 2558
 2524
 2490
 2454
 2418
 2382
 2336
 2290
 2254
 2222
 2198
 2168
 2134
 2090
 2036
 1984
 1934
 1890
 1854
 1830
 1814
 1806
 1808
 1820
 1836
 1858
 1884
 1912
 1946
 1980
 2014
 2054
 2100
 2156
 2216
 2274
 2330
 2380
 2428
 2474
 2510
 2552
 2594
 2632
 2664
 2694
 2718
 2740
 2756
 2768
 2778
 2792
 2800
 2804
 2814
 2830
 2858
 2886
 2912
 2934
 2950
 2964
 2974
 2980
 2986
 2990
 2996
 2998
 3000
 2994
 2988
 2984
 2974
 2968
 2962
 2958
 2950
 2944
 2944
 2946
 2958
 2968
 2978
 2982
 2986
 2988
 2986
 2982
 2978
 2972
 2964
 2956
 2944
 2932
 2918
 2908
 2890
 2864
 2834
 2798
 2746
 2696
 2654
 2616
 2586
 2552
 2514
 2470
 2428
 2384
 2340
 2296
 2256
 2216
 2176
 2138
 2100
 2068
 2032
 1998
 1966
 1938
 1920
 1908
 1914
 1926
 1938
 1958
 1988
 2024
 2074
 2120
 2166
 2208
 2250
 2290
 2324
 2362
 2400
 2432
 2464
 2492
 2518
 2542
 2560
 2574
 2588
 2608
 2620
 2632
 2644
 2646
 2646
 2660
 2678
 2708
 2734
 2760
 2780
 2796
 2808
 2818
 2826
 2836
 2846
 2852
 2858
 2862
 2866
 2866
 2868
 2864
 2862
 2860
 2860
 2858
 2858
 2858
 2854
 2848
 2850
 2856
 2870
 2878
 2882
 2878
 2868
 2856
 2842
 2828
 2816
 2798
 2780
 2758
 2732
 2704
 2672
 2634
 2600
 2562
 2526
 2486
 2450
 2416
 2370
 2326
 2292
 2264
 2240
 2210
 2182
 2150
 2112
 2074
 2038
 2004
 1976
 1950
 1930
 1922
 1924
 1930
 1940
 1954
 1972
 1992
 2014
 2040
 2072
 2110
 2142
 2178
 2216
 2262
 2318
 2370
 2418
 2460
 2498
 2532
 2560
 2590
 2618
 2642
 2664
 2684
 2706
 2716
 2730
 2742
 2750
 2754
 2760
 2768
 2774
 2778
 2780
 2788
 2804
 2830
 2854
 2872
 2890
 2902
 2914
 2920
 2924
 2932
 2934
 2938
 2942
 2938
 2932
 2924
 2916
 2908
 2904
 2896
 2894
 2890
 2888
 2884
 2870
 2856
 2846
 2840
 2838
 2828
 2822
 2808
 2792
 2772
 2748
 2718
 2692
 2662
 2622
 2588
 2552
 2514
 2476
 2440
 2402
 2360
 2318
 2276
 2236
 2190
 2148
 2128
 2108
 2094
 2074
 2056
 2032
 2008
 1986
 1970
 1964
 1968
 1976
 1988
 2004
 2022
 2046
 2070
 2096
 2122
 2148
 2176
 2206
 2234
 2270
 2310
 2358
 2410
 2454
 2498
 2534
 2566
 2594
 2616
 2638
 2656
 2672
 2684
 2692
 2698
 2704
 2708
 2708
 2708
 2710
 2714
 2718
 2726
 2732
 2734
 2732
 2740
 2758
 2782
 2808
 2832
 2848
 2860
 2874
 2880
 2888
 2894
 2900
 2904
 2908
 2910
 2906
 2900
 2894
 2890
 2882
 2872
 2858
 2842
 2828
 2806
 2784
 2770
 2758
 2754
 2746
 2736
 2720
 2700
 2678
 2656
 2632
 2610
 2588
 2558
 2526
 2492
 2456
 2416
 2376
 2332
 2288
 2246
 2202
 2156
 2116
 2070
 2022
 1976
 1938
 1920
 1918
 1916
 1928
 1944
 1966
 1998
 2030
 2066
 2108
 2150
 2192
 2236
 2276
 2312
 2348
 2374
 2400
 2422
 2444
 2464
 2486
 2502
 2514
 2536
 2564
 2600
 2634
 2666
 2698
 2724
 2744
 2758
 2776
 2798
 2812
 2828
 2838
 2842
 2848
 2856
 2858
 2858
 2864
 2866
 2868
 2874
 2874
 2872
 2874
 2880
 2898
 2918
 2932
 2946
 2954
 2954
 2948
 2938
 2928
 2912
 2896
 2878
 2858
 2838
 2814
 2792
 2766
 2738
 2708
 2680
 2652
 2620
 2586
 2558
 2536
 2526
 2512
 2496
 2474
 2448
 2416
 2382
 2342
 2310
 2272
 2232
 2186
 2146
 2108
 2070
 2036
 2000
 1970
 1948
 1930
 1922
 1926
 1942
 1966
 2002
 2040
 2078
 2122
 2168
 2212
 2252
 2294
 2334
 2372
 2412
 2450
 2486
 2520
 2548
 2572
 2594
 2616
 2630
 2642
 2660
 2686
 2720
 2752
 2780
 2804
 2830
 2850
 2864
 2876
 2886
 2894
 2898
 2902
 2902
 2902
 2894
 2886
 2882
 2876
 2872
 2860
 2854
 2854
 2862
 2882
 2900
 2916
 2932
 2936
 2940
 2944
 2946
 2952
 2954
 2954
 2948
 2936
 2922
 2900
 2880
 2858
 2838
 2818
 2794
 2774
 2754
 2728
 2696
 2670
 2650
 2638
 2626
 2610
 2592
 2566
 2540
 2510
 2478
 2448
 2416
 2384
 2348
 2310
 2270
 2226
 2182
 2138
 2090
 2044
 2008
 1978
 1948
 1924
 1914
 1916
 1944
 1978
 2010
 2050
 2086
 2122
 2156
 2192
 2234
 2272
 2310
 2348
 2384
 2420
 2454
 2488
 2518
 2544
 2566
 2590
 2616
 2638
 2658
 2684
 2714
 2752
 2790
 2822
 2850
 2870
 2886
 2900
 2910
 2922
 2930
 2936
 2942
 2944
 2940
 2938
 2934
 2930
 2928
 2926
 2922
 2914
 2902
 2892
 2890
 2894
 2908
 2920
 2930
 2936
 2940
 2938
 2934
 2936
 2936
 2936
 2936
 2934
 2928
 2918
 2908
 2886
 2866
 2842
 2824
 2800
 2772
 2750
 2732
 2720
 2708
 2692
 2672
 2646
 2616
 2582
 2544
 2512
 2476
 2438
 2400
 2362
 2322
 2286
 2252
 2220
 2190
 2162
 2136
 2108
 2086
 2084
 2088
 2102
 2118
 2136
 2156
 2178
 2200
 2222
 2250
 2278
 2306
 2334
 2360
 2386
 2408
 2432
 2450
 2470
 2492
 2512
 2526
 2550
 2584
 2628
 2670
 2708
 2740
 2768
 2792
 2808
 2824
 2840
 2854
 2864
 2874
 2882
 2888
 2892
 2892
 2894
 2892
 2890
 2880
 2870
 2864
 2866
 2874
 2890
 2904
 2914
 2922
 2924
 2918
 2916
 2916
 2914
 2914
 2914
 2910
 2908
 2906
 2898
 2886
 2874
 2862
 2848
 2832
 2814
 2788
 2766
 2748
 2738
 2732
 2722
 2712
 2694
 2672
 2650
 2624
 2600
 2572
 2546
 2516
 2484
 2454
 2420
 2386
 2348
 2304
 2260
 2220
 2186
 2152
 2116
 2090
 2066
 2050
 2038
 2028
 2018
 2012
 2010
 2016
 2026
 2040
 2058
 2078
 2100
 2130
 2168
 2208
 2242
 2274
 2304
 2340
 2368
 2388
 2412
 2440
 2472
 2512
 2548
 2582
 2612
 2638
 2658
 2680
 2698
 2714
 2730
 2746
 2760
 2770
 2780
 2786
 2792
 2796
 2806
 2812
 2812
 2812
 2820
 2832
 2854
 2874
 2892
 2904
 2914
 2922
 2926
 2932
 2936
 2940
 2944
 2940
 2936
 2932
 2928
 2922
 2918
 2914
 2910
 2906
 2902
 2888
 2878
 2872
 2876
 2890
 2906
 2920
 2928
 2924
 2914
 2900
 2884
 2866
 2846
 2824
 2800
 2778
 2754
 2730
 2706
 2680
 2652
 2622
 2588
 2558
 2522
 2490
 2466
 2448
 2434
 2416
 2394
 2366
 2336
 2302
 2270
 2242
 2214
 2184
 2158
 2126
 2096
 2072
 2054
 2038
 2026
 2020
 2018
 2022
 2022
 2036
 2056
 2088
 2128
 2168
 2210
 2248
 2284
 2320
 2354
 2390
 2424
 2458
 2490
 2520
 2554
 2582
 2608
 2630
 2644
 2660
 2674
 2682
 2690
 2702
 2722
 2752
 2778
 2802
 2820
 2836
 2848
 2856
 2864
 2874
 2880
 2886
 2892
 2898
 2898
 2898
 2898
 2892
 2884
 2878
 2874
 2872
 2870
 2862
 2856
 2860
 2872
 2890
 2906
 2916
 2918
 2918
 2920
 2916
 2918
 2920
 2920
 2920
 2920
 2918
 2908
 2896
 2888
 2880
 2870
 2864
 2860
 2856
 2850
 2842
 2840
 2848
 2862
 2874
 2884
 2890
 2892
 2890
 2886
 2882
 2880
 2880
 2878
 2876
 2874
 2874
 2870
 2862
 2854
 2840
 2826
 2808
 2792
 2774
 2758
 2740
 2712
 2692
 2674
 2666
 2652
 2636
 2616
 2594
 2568
 2544
 2518
 2494
 2466
 2432
 2396
 2354
 2316
 2272
 2232
 2182
 2132
 2082
 2032
 1988
 1946
 1902
 1870
 1856
 1850
 1860
 1874
 1890
 1910
 1930
 1954
 1980
 2006
 2042
 2076
 2118
 2158
 2198
 2240
 2280
 2318
 2354
 2388
 2422
 2454
 2480
 2510
 2546
 2586
 2632
 2670
 2704
 2730
 2752
 2770
 2782
 2794
 2804
 2810
 2816
 2822
 2826
 2828
 2828
 2824
 2820
 2816
 2816
 2818
 2818
 2826
 2844
 2864
 2882
 2896
 2904
 2912
 2916
 2914
 2910
 2906
 2896
 2886
 2866
 2846
 2828
 2808
 2788
 2764
 2738
 2710
 2680
 2648
 2614
 2568
 2530
 2496
 2470
 2446
 2418
 2388
 2354
 2320
 2284
 2248
 2216
 2184
 2150
 2120
 2084
 2050
 2016
 1996
 1982
 1976
 1976
 1982
 1994
 2010
 2022
 2046
 2078
 2118
 2166
 2212
 2256
 2296
 2332
 2372
 2402
 2436
 2468
 2498
 2528
 2554
 2582
 2608
 2630
 2646
 2660
 2672
 2684
 2694
 2698
 2706
 2720
 2744
 2772
 2796
 2818
 2834
 2846
 2856
 2862
 2872
 2878
 2882
 2888
 2890
 2894
 2892
 2892
 2886
 2876
 2870
 2862
 2848
 2832
 2826
 2832
 2848
 2864
 2878
 2888
 2892
 2894
 2900
 2902
 2896
 2892
 2884
 2876
 2864
 2848
 2828
 2804
 2778
 2752
 2724
 2688
 2654
 2626
 2604
 2588
 2572
 2554
 2532
 2506
 2480
 2450
 2422
 2394
 2366
 2338
 2306
 2276
 2246
 2216
 2184
 2154
 2130
 2114
 2104
 2106
 2118
 2140
 2164
 2194
 2236
 2260
 2288
 2314
 2340
 2362
 2390
 2416
 2440
 2466
 2490
 2514
 2536
 2552
 2566
 2578
 2590
 2606
 2622
 2638
 2654
 2662
 2670
 2682
 2704
 2736
 2762
 2786
 2806
 2822
 2838
 2848
 2858
 2870
 2880
 2888
 2894
 2900
 2908
 2912
 2914
 2912
 2912
 2910
 2906
 2902
 2892
 2886
 2884
 2890
 2906
 2918
 2926
 2934
 2936
 2930
 2926
 2924
 2922
 2920
 2918
 2912
 2898
 2884
 2868
 2848
 2830
 2810
 2794
 2776
 2758
 2734
 2710
 2688
 2660
 2630
 2610
 2594
 2584
 2570
 2556
 2536
 2512
 2486
 2462
 2438
 2416
 2394
 2368
 2344
 2318
 2292
 2268
 2244
 2218
 2196
 2172
 2160
 2154
 2148
 2144
 2154
 2170
 2196
 2226
 2252
 2274
 2296
 2318
 2338
 2360
 2382
 2402
 2426
 2452
 2476
 2496
 2518
 2538
 2556
 2578
 2596
 2616
 2630
 2638
 2656
 2678
 2710
 2740
 2768
 2792
 2810
 2828
 2842
 2852
 2866
 2874
 2882
 2890
 2896
 2900
 2902
 2902
 2900
 2898
 2896
 2896
 2886
 2874
 2872
 2878
 2896
 2910
 2926
 2936
 2942
 2946
 2940
 2936
 2938
 2938
 2938
 2938
 2936
 2932
 2920
 2904
 2884
 2862
 2840
 2820
 2800
 2780
 2760
 2742
 2714
 2694
 2684
 2676
 2674
 2666
 2658
 2646
 2632
 2618
 2598
 2580
 2562
 2540
 2516
 2490
 2464
 2438
 2410
 2382
 2352
 2322
 2290
 2260
 2232
 2210
 2180
 2154
 2136
 2126
 2128
 2130
 2138
 2150
 2162
 2180
 2204
 2236
 2272
 2308
 2344
 2374
 2402
 2426
 2448
 2466
 2484
 2508
 2532
 2554
 2572
 2592
 2610
 2620
 2630
 2652
 2680
 2712
 2740
 2764
 2784
 2800
 2816
 2828
 2842
 2856
 2866
 2874
 2882
 2886
 2888
 2888
 2886
 2884
 2882
 2880
 2880
 2880
 2880
 2876
 2876
 2882
 2898
 2918
 2928
 2932
 2934
 2936
 2932
 2926
 2918
 2906
 2890
 2874
 2854
 2828
 2802
 2778
 2752
 2724
 2696
 2666
 2636
 2608
 2574
 2548
 2524
 2506
 2488
 2468
 2446
 2418
 2392
 2366
 2338
 2316
 2292
 2266
 2238
 2208
 2180
 2158
 2142
 2128
 2124
 2126
 2132
 2138
 2154
 2180
 2212
 2254
 2294
 2334
 2372
 2408
 2444
 2468
 2490
 2512
 2532
 2552
 2574
 2594
 2612
 2628
 2642
 2660
 2680
 2696
 2708
 2720
 2740
 2768
 2798
 2822
 2848
 2864
 2878
 2890
 2896
 2904
 2912
 2916
 2920
 2922
 2922
 2916
 2908
 2900
 2894
 2888
 2884
 2880
 2874
 2866
 2866
 2870
 2886
 2896
 2902
 2906
 2902
 2896
 2880
 2860
 2838
 2816
 2800
 2782
 2760
 2734
 2704
 2672
 2636
 2602
 2564
 2524
 2482
 2436
 2398
 2366
 2342
 2318
 2294
 2268
 2238
 2214
 2188
 2168
 2150
 2134
 2126
 2118
 2116
 2118
 2124
 2132
 2140
 2152
 2168
 2186
 2204
 2230
 2266
 2312
 2362
 2404
 2440
 2466
 2490
 2514
 2532
 2552
 2570
 2588
 2602
 2620
 2634
 2648
 2658
 2666
 2672
 2668
 2652
 2634
 2624
 2630
 2650
 2666
 2684
 2698
 2710
 2728
 2742
 2752
 2758
 2756
 2752
 2746
 2738
 2730
 2718
 2704
 2696
 2694
 2692
 2688
 2692
 2706
 2734
 2760
 2784
 2802
 2816
 2828
 2834
 2842
 2852
 2860
 2868
 2876
 2880
 2886
 2890
 2894
 2894
 2896
 2894
 2892
 2892
 2904
 2924
 2942
 2958
 2968
 2976
 2982
 2984
 2986
 2982
 2978
 2978
 2976
 2972
 2970
 2966
 2960
 2956
 2946
 2928
 2918
 2916
 2924
 2936
 2942
 2942
 2928
 2912
 2892
 2870
 2848
 2824
 2800
 2772
 2740
 2708
 2674
 2640
 2604
 2566
 2528
 2484
 2438
 2406
 2376
 2354
 2328
 2304
 2274
 2240
 2210
 2178
 2150
 2126
 2104
 2082
 2064
 2052
 2046
 2044
 2046
 2056
 2066
 2072
 2076
 2092
 2114
 2146
 2182
 2220
 2256
 2288
 2324
 2354
 2384
 2416
 2446
 2474
 2504
 2532
 2558
 2584
 2606
 2628
 2652
 2674
 2694
 2708
 2718
 2736
 2758
 2792
 2822
 2850
 2874
 2894
 2908
 2918
 2926
 2934
 2940
 2944
 2946
 2946
 2942
 2936
 2930
 2924
 2918
 2912
 2910
 2906
 2902
 2892
 2880
 2876
 2884
 2896
 2906
 2914
 2920
 2922
 2924
 2920
 2914
 2910
 2906
 2902
 2896
 2886
 2872
 2846
 2818
 2792
 2766
 2738
 2714
 2690
 2666
 2642
 2622
 2606
 2592
 2576
 2554
 2526
 2498
 2466
 2432
 2398
 2362
 2328
 2292
 2256
 2216
 2178
 2146
 2112
 2076
 2040
 2008
 1980
 1962
 1950
 1942
 1940
 1952
 1974
 2004
 2038
 2074
 2106
 2142
 2178
 2208
 2244
 2276
 2308
 2346
 2384
 2418
 2450
 2478
 2500
 2516
 2532
 2544
 2558
 2570
 2582
 2588
 2596
 2616
 2644
 2678
 2706
 2736
 2756
 2774
 2788
 2800
 2818
 2832
 2846
 2856
 2864
 2870
 2872
 2872
 2874
 2872
 2868
 2866
 2862
 2860
 2858
 2858
 2850
 2846
 2848
 2860
 2878
 2892
 2902
 2908
 2910
 2906
 2894
 2882
 2860
 2840
 2818
 2800
 2782
 2762
 2740
 2716
 2686
 2658
 2626
 2590
 2548
 2508
 2460
 2406
 2358
 2316
 2280
 2250
 2218
 2180
 2140
 2096
 2056
 2016
 1982
 1956
 1930
 1904
 1874
 1850
 1830
 1822
 1820
 1822
 1834
 1846
 1862
 1886
 1910
 1934
 1960
 1998
 2042
 2096
 2148
 2196
 2240
 2286
 2334
 2372
 2408
 2442
 2472
 2500
 2522
 2542
 2560
 2574
 2584
 2592
 2596
 2598
 2602
 2604
 2602
 2600
 2602
 2610
 2634
 2654
 2680
 2704
 2722
 2740
 2756
 2770
 2786
 2802
 2814
 2826
 2838
 2846
 2852
 2860
 2862
 2864
 2866
 2868
 2870
 2874
 2876
 2878
 2866
 2852
 2840
 2834
 2832
 2826
 2816
 2800
 2780
 2760
 2736
 2712
 2690
 2664
 2634
 2602
 2564
 2524
 2482
 2436
 2390
 2336
 2278
 2228
 2170
 2106
 2056
 2012
 1978
 1952
 1930
 1910
 1892
 1880
 1874
 1882
 1898
 1916
 1938
 1966
 1994
 2026
 2064
 2102
 2138
 2176
 2210
 2248
 2286
 2320
 2344
 2372
 2408
 2458
 2514
 2560
 2604
 2644
 2678
 2712
 2742
 2768
 2792
 2812
 2828
 2844
 2852
 2858
 2862
 2866
 2864
 2860
 2860
 2858
 2860
 2858
 2858
 2864
 2882
 2906
 2924
 2942
 2954
 2962
 2970
 2976
 2980
 2980
 2968
 2954
 2940
 2924
 2906
 2882
 2858
 2830
 2798
 2764
 2732
 2702
 2664
 2628
 2600
 2574
 2556
 2532
 2506
 2472
 2436
 2398
 2360
 2326
 2294
 2260
 2222
 2178
 2124
 2072
 2022
 1974
 1940
 1916
 1900
 1896
 1898
 1902
 1918
 1942
 1976
 2022
 2068
 2116
 2162
 2204
 2252
 2294
 2336
 2378
 2418
 2456
 2494
 2528
 2558
 2592
 2620
 2644
 2668
 2688
 2700
 2712
 2732
 2756
 2788
 2820
 2846
 2870
 2888
 2902
 2914
 2924
 2934
 2940
 2946
 2946
 2948
 2944
 2938
 2930
 2928
 2930
 2924
 2918
 2916
 2916
 2922
 2938
 2952
 2964
 2972
 2976
 2978
 2980
 2986
 2980
 2966
 2952
 2936
 2918
 2900
 2880
 2850
 2816
 2784
 2750
 2718
 2688
 2652
 2612
 2574
 2544
 2520
 2500
 2476
 2448
 2416
 2380
 2348
 2312
 2284
 2252
 2220
 2186
 2150
 2116
 2082
 2052
 2026
 2004
 1980
 1964
 1954
 1944
 1944
 1954
 1974
 2008
 2042
 2080
 2114
 2150
 2186
 2216
 2250
 2282
 2312
 2344
 2374
 2406
 2438
 2472
 2500
 2526
 2550
 2570
 2584
 2602
 2626
 2658
 2694
 2724
 2750
 2772
 2794
 2810
 2826
 2840
 2852
 2860
 2870
 2878
 2882
 2884
 2882
 2880
 2882
 2884
 2880
 2874
 2868
 2866
 2880
 2886
 2894
 2896
 2896
 2896
 2890
 2888
 2884
 2878
 2874
 2876
 2874
 2872
 2870
 2866
 2858
 2844
 2832
 2818
 2802
 2784
 2758
 2728
 2698
 2676
 2660
 2640
 2620
 2596
 2564
 2534
 2500
 2466
 2432
 2396
 2362
 2326
 2290
 2250
 2210
 2168
 2124
 2078
 2030
 1986
 1948
 1906
 1862
 1826
 1804
 1794
 1790
 1790
 1798
 1812
 1836
 1858
 1888
 1922
 1954
 1986
 2022
 2056
 2090
 2124
 2156
 2186
 2222
 2258
 2292
 2328
 2358
 2382
 2412
 2446
 2492
 2538
 2580
 2616
 2648
 2678
 2704
 2726
 2750
 2768
 2786
 2802
 2816
 2826
 2838
 2850
 2858
 2862
 2864
 2870
 2866
 2864
 2868
 2882
 2906
 2926
 2942
 2954
 2962
 2962
 2950
 2934
 2918
 2904
 2888
 2872
 2854
 2830
 2804
 2776
 2746
 2716
 2682
 2642
 2600
 2562
 2528
 2500
 2470
 2440
 2408
 2374
 2338
 2304
 2268
 2236
 2204
 2170
 2138
 2106
 2074
 2050
 2040
 2034
 2036
 2042
 2048
 2060
 2084
 2114
 2156
 2198
 2240
 2278
 2318
 2358
 2392
 2426
 2456
 2486
 2516
 2542
 2568
 2592
 2614
 2636
 2656
 2676
 2688
 2700
 2716
 2736
 2770
 2804
 2836
 2860
 2882
 2900
 2916
 2926
 2936
 2944
 2950
 2956
 2958
 2956
 2950
 2946
 2940
 2934
 2932
 2928
 2922
 2918
 2920
 2928
 2940
 2952
 2962
 2970
 2974
 2978
 2976
 2970
 2952
 2922
 2894
 2870
 2850
 2830
 2808
 2786
 2760
 2732
 2706
 2676
 2650
 2618
 2576
 2540
 2508
 2482
 2460
 2436
 2408
 2376
 2344
 2312
 2280
 2252
 2224
 2198
 2174
 2146
 2124
 2106
 2094
 2088
 2088
 2092
 2100
 2114
 2128
 2140
 2166
 2200
 2240
 2286
 2326
 2366
 2400
 2438
 2474
 2508
 2542
 2574
 2608
 2638
 2668
 2694
 2718
 2738
 2754
 2768
 2780
 2792
 2802
 2820
 2828
 2836
 2846
 2864
 2890
 2912
 2932
 2944
 2956
 2962
 2966
 2968
 2972
 2974
 2968
 2964
 2960
 2956
 2952
 2944
 2938
 2930
 2918
 2910
 2900
 2890
 2888
 2892
 2906
 2916
 2930
 2932
 2922
 2908
 2886
 2866
 2848
 2828
 2810
 2792
 2774
 2756
 2736
 2714
 2692
 2664
 2636
 2602
 2568
 2534
 2496
 2450
 2408
 2376
 2352
 2332
 2310
 2284
 2252
 2218
 2186
 2156
 2130
 2106
 2086
 2076
 2068
 2070
 2076
 2092
 2110
 2128
 2146
 2164
 2188
 2208
 2226
 2256
 2290
 2334
 2378
 2422
 2470
 2518
 2564
 2598
 2632
 2664
 2692
 2718
 2742
 2764
 2786
 2804
 2818
 2826
 2832
 2838
 2842
 2846
 2850
 2850
 2850
 2858
 2874
 2898
 2920
 2934
 2946
 2952
 2960
 2960
 2958
 2958
 2958
 2956
 2956
 2954
 2952
 2948
 2944
 2934
 2922
 2912
 2908
 2904
 2896
 2886
 2886
 2890
 2902
 2914
 2918
 2920
 2920
 2922
 2920
 2920
 2922
 2916
 2912
 2908
 2902
 2898
 2892
 2886
 2880
 2874
 2868
 2862
 2860
 2854
 2852
 2848
 2832
 2816
 2802
 2794
 2786
 2778
 2766
 2750
 2734
 2716
 2696
 2678
 2656
 2634
 2608
 2582
 2554
 2526
 2494
 2460
 2424
 2386
 2348
 2312
 2274
 2230
 2192
 2162
 2134
 2114
 2096
 2076
 2048
 2022
 1996
 1974
 1960
 1950
 1946
 1946
 1952
 1962
 1976
 1990
 2010
 2032
 2054
 2078
 2102
 2132
 2164
 2190
 2220
 2264
 2308
 2358
 2402
 2440
 2472
 2502
 2530
 2552
 2576
 2598
 2618
 2638
 2654
 2670
 2684
 2694
 2702
 2708
 2714
 2720
 2724
 2730
 2742
 2758
 2784
 2812
 2834
 2854
 2868
 2880
 2888
 2894
 2902
 2908
 2914
 2918
 2914
 2912
 2906
 2902
 2896
 2894
 2888
 2882
 2874
 2868
 2860
 2852
 2848
 2852
 2862
 2872
 2876
 2874
 2864
 2852
 2832
 2810
 2792
 2764
 2730
 2698
 2660
 2622
 2584
 2546
 2506
 2466
 2424
 2380
 2334
 2288
 2240
 2202
 2172
 2148
 2124
 2100
 2074
 2044
 2018
 1992
 1968
 1950
 1934
 1924
 1918
 1918
 1926
 1942
 1960
 1978
 1998
 2018
 2042
 2070
 2094
 2122
 2154
 2194
 2242
 2290
 2338
 2374
 2406
 2436
 2460
 2486
 2516
 2532
 2556
 2580
 2598
 2620
 2638
 2658
 2672
 2686
 2698
 2718
 2728
 2736
 2748
 2766
 2790
 2818
 2840
 2858
 2870
 2882
 2888
 2894
 2902
 2908
 2912
 2918
 2920
 2920
 2918
 2908
 2898
 2886
 2874
 2856
 2838
 2818
 2794
 2772
 2756
 2746
 2736
 2716
 2698
 2674
 2644
 2614
 2586
 2558
 2526
 2492
 2456
 2416
 2376
 2334
 2290
 2240
 2182
 2130
 2070
 2014
 1968
 1910
 1862
 1840
 1832
 1840
 1864
 1892
 1916
 1938
 1966
 1994
 2028
 2066
 2102
 2140
 2176
 2216
 2254
 2288
 2316
 2344
 2370
 2396
 2418
 2436
 2460
 2492
 2534
 2580
 2618
 2650
 2674
 2694
 2712
 2732
 2748
 2762
 2766
 2778
 2802
 2808
 2822
 2824
 2832
 2836
 2838
 2840
 2836
 2838
 2846
 2860
 2884
 2900
 2914
 2920
 2920
 2916
 2906
 2894
 2878
 2860
 2840
 2818
 2798
 2772
 2746
 2716
 2684
 2652
 2620
 2586
 2554
 2522
 2482
 2444
 2412
 2388
 2370
 2352
 2330
 2304
 2274
 2244
 2206
 2170
 2144
 2118
 2096
 2082
 2072
 2070
 2078
 2088
 2102
 2112
 2122
 2138
 2158
 2176
 2192
 2222
 2258
 2300
 2344
 2384
 2422
 2450
 2482
 2510
 2532
 2560
 2584
 2604
 2628
 2646
 2662
 2674
 2684
 2688
 2694
 2698
 2700
 2704
 2712
 2720
 2720
 2714
 2716
 2724
 2742
 2756
 2774
 2780
 2780
 2782
 2778
 2776
 2774
 2774
 2774
 2774
 2768
 2764
 2756
 2738
 2728
 2726
 2724
 2714
 2714
 2714
 2718
 2722
 2734
 2754
 2782
 2808
 2838
 2862
 2880
 2898
 2914
 2926
 2940
 2956
 2966
 2970
 2966
 2958
 2948
 2930
 2910
 2890
 2868
 2844
 2818
 2792
 2766
 2738
 2704
 2674
 2652
 2636
 2620
 2598
 2576
 2546
 2514
 2480
 2446
 2418
 2388
 2358
 2324
 2290
 2248
 2200
 2160
 2124
 2096
 2074
 2064
 2062
 2068
 2074
 2084
 2100
 2120
 2154
 2194
 2240
 2286
 2330
 2370
 2416
 2456
 2500
 2538
 2570
 2602
 2626
 2650
 2670
 2688
 2700
 2710
 2722
 2734
 2740
 2744
 2754
 2768
 2798
 2832
 2858
 2878
 2894
 2912
 2920
 2928
 2936
 2948
 2956
 2956
 2954
 2954
 2954
 2952
 2952
 2948
 2948
 2948
 2946
 2942
 2938
 2932
 2924
 2924
 2932
 2950
 2966
 2980
 2984
 2980
 2972
 2958
 2944
 2928
 2910
 2890
 2864
 2842
 2818
 2794
 2770
 2746
 2718
 2690
 2662
 2634
 2604
 2564
 2534
 2508
 2484
 2460
 2428
 2398
 2360
 2316
 2276
 2228
 2186
 2142
 2106
 2084
 2066
 2058
 2058
 2058
 2062
 2070
 2080
 2094
 2110
 2136
 2158
 2178
 2204
 2240
 2282
 2328
 2370
 2412
 2446
 2480
 2510
 2540
 2578
 2608
 2636
 2662
 2684
 2704
 2720
 2732
 2742
 2750
 2756
 2760
 2766
 2768
 2768
 2768
 2774
 2788
 2808
 2824
 2842
 2852
 2854
 2852
 2850
 2846
 2854
 2862
 2868
 2874
 2884
 2892
 2898
 2900
 2900
 2902
 2902
 2900
 2896
 2888
 2882
 2868
 2848
 2830
 2820
 2816
 2808
 2798
 2780
 2760
 2738
 2716
 2688
 2664
 2638
 2606
 2572
 2538
 2504
 2466
 2426
 2388
 2348
 2306
 2270
 2236
 2200
 2160
 2134
 2116
 2108
 2106
 2106
 2108
 2118
 2134
 2152
 2170
 2194
 2214
 2240
 2264
 2288
 2316
 2342
 2364
 2386
 2404
 2424
 2446
 2470
 2492
 2506
 2524
 2546
 2576
 2614
 2656
 2696
 2728
 2756
 2784
 2810
 2832
 2856
 2878
 2896
 2916
 2928
 2942
 2948
 2954
 2956
 2958
 2956
 2952
 2950
 2946
 2940
 2936
 2938
 2946
 2952
 2952
 2942
 2920
 2900
 2878
 2858
 2840
 2822
 2806
 2788
 2768
 2750
 2730
 2708
 2688
 2662
 2634
 2610
 2582
 2548
 2520
 2496
 2480
 2468
 2450
 2432
 2410
 2388
 2362
 2338
 2314
 2294
 2276
 2260
 2246
 2240
 2234
 2232
 2232
 2234
 2240
 2248
 2266
 2286
 2302
 2318
 2342
 2372
 2412
 2450
 2486
 2516
 2548
 2580
 2608
 2636
 2660
 2684
 2708
 2730
 2748
 2768
 2782
 2796
 2812
 2826
 2840
 2858
 2874
 2880
 2888
 2894
 2906
 2932
 2954
 2970
 2992
 3018
 3050
 3084
 3112
 3140
 3162
 3176
 3176
 3176
 3172
 3172
 3170
 3170
 3168
 3162
 3148
 3134
 3116
 3094
 3066
 3044
 3034
 3028
 3024
 3018
 3006
 2992
 2978
 2966
 2954
 2944
 2936
 2932
 2936
 2938
 2936
 2928
 2922
 2932
 2944
 2956
 2964
 2964
 2932
 2896
 2858
 2808
 2770
 2724
 2714
 2704
 2746
 2772
 2780
 2778
 2742
 2688
 2650
 2624
 2608
 2606
 2606
 2600
 2600
 2610
 2622
 2626
 2636
 2664
 2700
 2740
 2774
 2810
 2842
 2872
 2904
 2926
 2948
 2968
 2986
 3008
 3032
 3060
 3082
 3096
 3104
 3106
 3094
 3078
 3066
 3060
 3056
 3060
 3068
 3074
 3074
 3072
 3072
 3070
 3068
 3068
 3066
 3064
 3062
 3054
 3040
 3024
 3006
 2988
 2966
 2944
 2924
 2902
 2878
 2842
 2800
 2766
 2738
 2720
 2700
 2680
 2656
 2630
 2604
 2576
 2550
 2526
 2496
 2464
 2430
 2394
 2356
 2318
 2282
 2246
 2210
 2176
 2150
 2130
 2110
 2100
 2098
 2104
 2122
 2146
 2172
 2198
 2226
 2252
 2274
 2302
 2328
 2354
 2384
 2410
 2436
 2462
 2486
 2508
 2528
 2546
 2564
 2574
 2586
 2604
 2630
 2662
 2698
 2732
 2758
 2778
 2798
 2812
 2824
 2834
 2846
 2852
 2860
 2866
 2868
 2870
 2868
 2870
 2870
 2864
 2860
 2862
 2870
 2888
 2904
 2918
 2930
 2936
 2940
 2940
 2936
 2936
 2934
 2934
 2932
 2932
 2930
 2926
 2920
 2910
 2890
 2872
 2852
 2832
 2816
 2798
 2772
 2752
 2740
 2734
 2730
 2722
 2710
 2696
 2680
 2662
 2644
 2628
 2610
 2590
 2570
 2546
 2524
 2500
 2470
 2440
 2406
 2370
 2334
 2302
 2266
 2232
 2204
 2182
 2168
 2154
 2140
 2124
 2110
 2104
 2100
 2106
 2114
 2124
 2138
 2154
 2170
 2190
 2210
 2232
 2258
 2284
 2318
 2348
 2376
 2410
 2446
 2488
 2526
 2562
 2594
 2622
 2646
 2668
 2688
 2712
 2728
 2748
 2764
 2776
 2788
 2796
 2802
 2806
 2814
 2824
 2832
 2840
 2848
 2848
 2848
 2852
 2864
 2884
 2902
 2918
 2932
 2938
 2942
 2934
 2928
 2924
 2914
 2904
 2896
 2890
 2884
 2880
 2874
 2864
 2852
 2836
 2818
 2798
 2776
 2758
 2744
 2736
 2734
 2726
 2716
 2702
 2688
 2672
 2654
 2636
 2618
 2596
 2572
 2546
 2514
 2480
 2440
 2396
 2352
 2306
 2260
 2214
 2172
 2126
 2082
 2048
 2020
 2002
 1990
 1982
 1978
 1980
 1990
 2004
 2028
 2052
 2076
 2102
 2130
 2160
 2192
 2226
 2258
 2288
 2314
 2340
 2366
 2390
 2406
 2430
 2458
 2496
 2538
 2572
 2604
 2632
 2664
 2692
 2716
 2738
 2760
 2778
 2796
 2808
 2822
 2832
 2838
 2842
 2846
 2850
 2852
 2852
 2854
 2862
 2880
 2902
 2920
 2936
 2946
 2952
 2956
 2960
 2964
 2966
 2960
 2958
 2954
 2952
 2948
 2942
 2936
 2930
 2926
 2918
 2908
 2902
 2888
 2882
 2878
 2884
 2892
 2888
 2878
 2868
 2852
 2838
 2820
 2806
 2792
 2780
 2768
 2752
 2732
 2710
 2686
 2662
 2636
 2608
 2580
 2554
 2528
 2492
 2458
 2432
 2412
 2396
 2378
 2356
 2330
 2300
 2272
 2240
 2212
 2188
 2168
 2152
 2146
 2146
 2148
 2154
 2160
 2164
 2174
 2184
 2200
 2218
 2232
 2252
 2280
 2310
 2348
 2384
 2416
 2442
 2472
 2498
 2520
 2542
 2566
 2594
 2618
 2640
 2660
 2676
 2686
 2696
 2702
 2706
 2712
 2718
 2716
 2722
 2732
 2750
 2776
 2798
 2820
 2836
 2850
 2862
 2870
 2886
 2898
 2910
 2922
 2928
 2936
 2938
 2940
 2938
 2928
 2914
 2902
 2894
 2880
 2870
 2870
 2876
