 2326
 2368
 2416
 2480
 2538
 2588
 2636
 2686
 2738
 2784
 2822
 2872
 2922
 2964
 3006
 3044
 3078
 3114
 3144
 3176
 3204
 3230
 3256
 3276
 3298
 3316
 3328
 3334
 3340
 3350
 3372
 3386
 3392
 3396
 3390
 3382
 3354
 3320
 3288
 3248
 3204
 3156
 3106
 3052
 3002
 2946
 2880
 2818
 2756
 2692
 2628
 2566
 2506
 2446
 2384
 2328
 2270
 2222
 2168
 2110
 2056
 2000
 1950
 1908
 1872
 1854
 1846
 1852
 1864
 1882
 1908
 1942
 1976
 2016
 2056
 2096
 2138
 2178
 2222
 2260
 2296
 2346
 2398
 2460
 2518
 2566
 2614
 2660
 2706
 2750
 2786
 2828
 2872
 2912
 2950
 2986
 3016
 3046
 3076
 3106
 3134
 3162
 3186
 3208
 3234
 3252
 3258
 3260
 3254
 3256
 3242
 3214
 3184
 3148
 3098
 3040
 2962
 2874
 2766
 2644
 2522
 2396
 2276
 2152
 2038
 1934
 1838
 1744
 1658
 1588
 1530
 1476
 1414
 1364
 1310
 1254
 1196
 1150
 1128
 1126
 1200
 1242
 1238
 1258
 1302
 1390
 1480
 1546
 1600
 1628
 1622
 1608
 1578
 1514
 1466
 1450
 1442
 1398
 1364
 1406
 1428
 1448
 1496
 1530
 1544
 1566
 1576
 1590
 1644
 1734
 1828
 1946
 1994
 2016
 2060
 2094
 2114
 2138
 2180
 2208
 2186
 2172
 2200
 2278
 2372
 2470
 2534
 2612
 2682
 2740
 2758
 2744
 2718
 2700
 2684
 2664
 2612
 2564
 2528
 2488
 2468
 2434
 2390
 2364
 2348
 2316
 2262
 2184
 2096
 2056
 2010
 1978
 1966
 1958
 1988
 2056
 2120
 2206
 2260
 2296
 2352
 2364
 2336
 2302
 2274
 2250
 2224
 2190
 2168
 2148
 2116
 2080
 2072
 2048
 2050
 2050
 2046
 2032
 2032
 2030
 2034
 2046
 2060
 2102
 2156
 2208
 2260
 2292
 2324
 2362
 2400
 2448
 2496
 2558
 2602
 2594
 2602
 2694
 2786
 2824
 2834
 2878
 2792
 2738
 2716
 2704
 2694
 2668
 2642
 2604
 2580
 2556
 2534
 2516
 2500
 2482
 2456
 2434
 2402
 2366
 2330
 2296
 2270
 2264
 2244
 2224
 2220
 2210
 2192
 2200
 2236
 2258
 2260
 2284
 2340
 2402
 2438
 2494
 2580
 2666
 2760
 2822
 2850
 2820
 2810
 2798
 2796
 2794
 2796
 2810
 2822
 2848
 2868
 2886
 2906
 2916
 2908
 2898
 2870
 2812
 2722
 2620
 2514
 2402
 2268
 2138
 2038
 1962
 1894
 1838
 1772
 1710
 1656
 1590
 1512
 1438
 1386
 1342
 1284
 1238
 1206
 1186
 1184
 1188
 1198
 1218
 1248
 1286
 1330
 1370
 1412
 1464
 1514
 1568
 1618
 1668
 1738
 1838
 1916
 1974
 2026
 2080
 2118
 2144
 2164
 2176
 2186
 2192
 2200
 2202
 2204
 2202
 2194
 2184
 2174
 2126
 2092
 2078
 2034
 1942
 1868
 1800
 1730
 1666
 1606
 1548
 1480
 1430
 1384
 1352
 1324
 1310
 1306
 1294
 1260
 1230
 1236
 1272
 1304
 1338
 1400
 1468
 1546
 1622
 1692
 1754
 1812
 1874
 1930
 1998
 2072
 2122
 2152
 2174
 2186
 2228
 2272
 2282
 2278
 2270
 2250
 2222
 2186
 2146
 2108
 2050
 1972
 1902
 1844
 1806
 1766
 1702
 1634
 1556
 1482
 1414
 1352
 1298
 1242
 1180
 1120
 1068
 1018
 970
 914
 858
 798
 722
 652
 598
 554
 526
 502
 496
 498
 514
 538
 560
 594
 628
 666
 712
 756
 800
 848
 902
 960
 1024
 1090
 1162
 1226
 1290
 1356
 1420
 1494
 1572
 1650
 1720
 1784
 1842
 1894
 1934
 1978
 2018
 2052
 2082
 2108
 2130
 2150
 2166
 2180
 2192
 2200
 2204
 2192
 2164
 2128
 2092
 2056
 2026
 1990
 1946
 1902
 1850
 1798
 1740
 1686
 1630
 1576
 1520
 1458
 1404
 1348
 1292
 1236
 1182
 1130
 1074
 1026
 976
 922
 876
 830
 794
 766
 746
 742
 750
 768
 798
 828
 870
 918
 968
 1016
 1060
 1108
 1152
 1192
 1232
 1272
 1314
 1362
 1414
 1460
 1510
 1564
 1620
 1690
 1760
 1824
 1888
 1946
 2004
 2054
 2094
 2138
 2180
 2216
 2244
 2270
 2288
 2306
 2318
 2324
 2326
 2314
 2290
 2262
 2220
 2172
 2118
 2056
 2010
 1958
 1898
 1828
 1760
 1694
 1636
 1572
 1518
 1462
 1410
 1354
 1298
 1250
 1206
 1164
 1124
 1084
 1044
 1008
 980
 956
 938
 938
 944
 962
 990
 1016
 1058
 1098
 1138
 1182
 1224
 1266
 1310
 1350
 1388
 1424
 1464
 1502
 1538
 1574
 1608
 1638
 1668
 1698
 1732
 1762
 1794
 1828
 1860
 1900
 1954
 2002
 2044
 2082
 2122
 2160
 2196
 2232
 2266
 2300
 2326
 2346
 2364
 2382
 2394
 2402
 2406
 2398
 2382
 2354
 2318
 2280
 2234
 2182
 2132
 2080
 2042
 2002
 1958
 1910
 1866
 1826
 1784
 1740
 1698
 1654
 1606
 1556
 1506
 1452
 1400
 1350
 1300
 1248
 1196
 1148
 1112
 1078
 1050
 1036
 1030
 1044
 1064
 1086
 1112
 1142
 1174
 1212
 1252
 1290
 1330
 1376
 1422
 1458
 1496
 1530
 1566
 1604
 1640
 1676
 1712
 1754
 1802
 1842
 1880
 1916
 1954
 2004
 2050
 2090
 2124
 2160
 2198
 2228
 2256
 2282
 2306
 2332
 2350
 2364
 2376
 2390
 2396
 2396
 2388
 2374
 2352
 2330
 2300
 2264
 2226
 2184
 2146
 2114
 2076
 2038
 1998
 1954
 1910
 1862
 1816
 1774
 1732
 1690
 1646
 1604
 1560
 1522
 1482
 1446
 1412
 1384
 1360
 1342
 1332
 1326
 1330
 1340
 1360
 1384
 1412
 1446
 1484
 1518
 1556
 1592
 1624
 1658
 1692
 1726
 1754
 1788
 1824
 1860
 1892
 1926
 1956
 1986
 2014
 2040
 2068
 2094
 2116
 2138
 2156
 2184
 2214
 2240
 2264
 2286
 2308
 2330
 2348
 2368
 2388
 2406
 2422
 2434
 2446
 2456
 2466
 2476
 2484
 2488
 2486
 2482
 2472
 2458
 2438
 2406
 2372
 2336
 2302
 2276
 2246
 2212
 2180
 2150
 2122
 2098
 2080
 2070
 2060
 2054
 2050
 2052
 2056
 2064
 2080
 2096
 2118
 2138
 2160
 2182
 2206
 2242
 2278
 2310
 2340
 2366
 2402
 2436
 2460
 2480
 2496
 2506
 2516
 2522
 2526
 2524
 2514
 2496
 2470
 2440
 2408
 2372
 2338
 2298
 2258
 2216
 2178
 2134
 2096
 2058
 2016
 1976
 1934
 1896
 1866
 1830
 1794
 1758
 1722
 1688
 1654
 1622
 1592
 1562
 1534
 1508
 1488
 1484
 1486
 1500
 1516
 1540
 1568
 1598
 1630
 1664
 1698
 1732
 1770
 1802
 1842
 1890
 1930
 1972
 2010
 2048
 2086
 2122
 2156
 2192
 2226
 2258
 2286
 2312
 2334
 2354
 2374
 2392
 2410
 2422
 2438
 2448
 2460
 2470
 2476
 2478
 2480
 2486
 2504
 2520
 2530
 2540
 2546
 2550
 2558
 2564
 2574
 2582
 2586
 2584
 2576
 2566
 2552
 2538
 2520
 2500
 2474
 2446
 2414
 2378
 2346
 2306
 2260
 2218
 2174
 2138
 2104
 2060
 2016
 1968
 1916
 1872
 1830
 1790
 1752
 1714
 1678
 1638
 1602
 1572
 1552
 1542
 1540
 1550
 1566
 1590
 1616
 1650
 1676
 1702
 1724
 1748
 1782
 1810
 1840
 1868
 1898
 1930
 1960
 1986
 2016
 2044
 2074
 2104
 2130
 2158
 2190
 2222
 2254
 2286
 2314
 2340
 2366
 2396
 2416
 2430
 2444
 2454
 2476
 2500
 2514
 2528
 2538
 2546
 2558
 2566
 2576
 2588
 2598
 2602
 2604
 2606
 2608
 2606
 2600
 2588
 2570
 2550
 2524
 2494
 2462
 2420
 2378
 2336
 2298
 2266
 2232
 2194
 2150
 2106
 2060
 2012
 1966
 1920
 1872
 1826
 1776
 1726
 1672
 1620
 1572
 1522
 1474
 1432
 1394
 1366
 1348
 1340
 1344
 1356
 1378
 1404
 1436
 1474
 1508
 1544
 1588
 1626
 1666
 1710
 1750
 1794
 1844
 1896
 1954
 2006
 2056
 2102
 2146
 2184
 2220
 2262
 2294
 2316
 2342
 2358
 2388
 2422
 2450
 2476
 2498
 2524
 2548
 2566
 2586
 2608
 2624
 2640
 2650
 2658
 2666
 2672
 2682
 2688
 2692
 2696
 2698
 2704
 2706
 2696
 2680
 2658
 2642
 2630
 2604
 2570
 2530
 2490
 2444
 2392
 2342
 2290
 2236
 2176
 2118
 2058
 2000
 1946
 1898
 1854
 1814
 1780
 1752
 1726
 1702
 1674
 1640
 1608
 1582
 1566
 1552
 1546
 1548
 1558
 1576
 1598
 1624
 1664
 1704
 1744
 1786
 1822
 1860
 1900
 1936
 1976
 2016
 2060
 2104
 2148
 2196
 2236
 2272
 2308
 2340
 2382
 2424
 2460
 2488
 2516
 2540
 2566
 2586
 2608
 2630
 2648
 2662
 2674
 2682
 2692
 2700
 2706
 2710
 2710
 2702
 2686
 2662
 2638
 2604
 2560
 2516
 2468
 2428
 2390
 2344
 2294
 2240
 2186
 2132
 2076
 2020
 1966
 1914
 1860
 1806
 1752
 1708
 1668
 1632
 1594
 1564
 1538
 1524
 1522
 1530
 1548
 1566
 1594
 1624
 1662
 1706
 1750
 1800
 1846
 1894
 1942
 1984
 2028
 2074
 2122
 2168
 2208
 2246
 2284
 2324
 2360
 2396
 2430
 2458
 2484
 2508
 2532
 2550
 2562
 2570
 2578
 2596
 2618
 2636
 2650
 2660
 2670
 2684
 2692
 2704
 2716
 2724
 2728
 2730
 2728
 2734
 2746
 2756
 2770
 2786
 2794
 2798
 2804
 2814
 2808
 2772
 2730
 2686
 2646
 2606
 2552
 2494
 2438
 2374
 2314
 2250
 2176
 2098
 2020
 1946
 1878
 1808
 1740
 1678
 1616
 1556
 1504
 1458
 1424
 1404
 1402
 1408
 1426
 1454
 1486
 1526
 1574
 1622
 1668
 1714
 1762
 1812
 1858
 1906
 1954
 2004
 2056
 2108
 2154
 2202
 2252
 2298
 2342
 2384
 2422
 2460
 2492
 2526
 2556
 2574
 2594
 2608
 2634
 2670
 2696
 2720
 2740
 2760
 2780
 2798
 2816
 2834
 2850
 2860
 2864
 2860
 2852
 2838
 2818
 2788
 2750
 2710
 2668
 2622
 2576
 2534
 2490
 2438
 2386
 2332
 2286
 2236
 2180
 2128
 2078
 2028
 1982
 1934
 1894
 1852
 1812
 1768
 1724
 1686
 1656
 1638
 1632
 1640
 1656
 1680
 1712
 1750
 1792
 1830
 1870
 1916
 1962
 2026
 2090
 2146
 2202
 2256
 2306
 2360
 2404
 2452
 2500
 2550
 2594
 2632
 2662
 2692
 2716
 2740
 2760
 2778
 2792
 2804
 2820
 2832
 2834
 2840
 2842
 2852
 2874
 2892
 2900
 2902
 2900
 2892
 2876
 2854
 2824
 2782
 2736
 2686
 2632
 2576
 2516
 2458
 2398
 2338
 2280
 2220
 2164
 2118
 2074
 2032
 1990
 1950
 1914
 1898
 1888
 1888
 1894
 1910
 1938
 1970
 2002
 2040
 2080
 2120
 2162
 2202
 2244
 2290
 2332
 2378
 2422
 2462
 2498
 2534
 2564
 2586
 2608
 2624
 2648
 2684
 2706
 2724
 2732
 2734
 2730
 2714
 2694
 2666
 2630
 2590
 2560
 2542
 2524
 2488
 2414
 2342
 2282
 2234
 2182
 2136
 2098
 2052
 2006
 1966
 1928
 1902
 1878
 1858
 1846
 1848
 1858
 1876
 1898
 1930
 1962
 1998
 2036
 2074
 2116
 2160
 2204
 2248
 2292
 2336
 2378
 2418
 2460
 2490
 2512
 2538
 2560
 2594
 2626
 2652
 2676
 2696
 2714
 2736
 2750
 2772
 2788
 2800
 2804
 2806
 2810
 2814
 2818
 2826
 2840
 2850
 2852
 2854
 2854
 2852
 2838
 2808
 2776
 2740
 2714
 2686
 2650
 2612
 2574
 2536
 2498
 2460
 2422
 2382
 2338
 2292
 2242
 2194
 2150
 2108
 2072
 2040
 2012
 1992
 1982
 1980
 1988
 2002
 2016
 2042
 2068
 2108
 2154
 2196
 2238
 2282
 2324
 2364
 2402
 2444
 2502
 2558
 2602
 2628
 2656
 2684
 2706
 2728
 2744
 2762
 2782
 2796
 2810
 2824
 2830
 2836
 2840
 2848
 2868
 2880
 2876
 2866
 2850
 2830
 2804
 2774
 2744
 2712
 2674
 2632
 2586
 2542
 2498
 2452
 2406
 2358
 2310
 2256
 2208
 2160
 2106
 2050
 2004
 1964
 1930
 1896
 1878
 1884
 1894
 1892
 1878
 1868
 1876
 1894
 1916
 1944
 1978
 2018
 2064
 2114
 2162
 2214
 2270
 2322
 2376
 2432
 2476
 2518
 2558
 2602
 2656
 2696
 2730
 2762
 2792
 2820
 2842
 2866
 2890
 2910
 2926
 2938
 2944
 2954
 2958
 2960
 2956
 2936
 2908
 2872
 2836
 2788
 2728
 2666
 2602
 2548
 2496
 2438
 2376
 2316
 2256
 2202
 2148
 2094
 2044
 1988
 1938
 1888
 1842
 1804
 1778
 1764
 1762
 1774
 1796
 1828
 1854
 1878
 1906
 1934
 1978
 2026
 2078
 2142
 2202
 2256
 2308
 2360
 2410
 2458
 2498
 2546
 2588
 2626
 2660
 2686
 2712
 2736
 2756
 2772
 2786
 2796
 2806
 2812
 2810
 2792
 2762
 2730
 2692
 2662
 2630
 2588
 2544
 2498
 2454
 2410
 2362
 2316
 2266
 2218
 2168
 2116
 2062
 2010
 1962
 1920
 1882
 1842
 1804
 1764
 1724
 1692
 1672
 1662
 1666
 1680
 1714
 1746
 1772
 1808
 1844
 1880
 1926
 1970
 2014
 2070
 2128
 2184
 2240
 2294
 2348
 2406
 2454
 2496
 2540
 2574
 2608
 2640
 2664
 2680
 2696
 2708
 2730
 2758
 2786
 2822
 2844
 2856
 2866
 2878
 2894
 2906
 2918
 2924
 2928
 2928
 2920
 2902
 2878
 2850
 2818
 2782
 2742
 2702
 2658
 2606
 2556
 2508
 2460
 2416
 2366
 2312
 2260
 2206
 2154
 2102
 2046
 1996
 1944
 1892
 1836
 1786
 1740
 1708
 1688
 1678
 1678
 1692
 1710
 1738
 1770
 1800
 1830
 1868
 1908
 1968
 2038
 2104
 2156
 2194
 2232
 2278
 2320
 2366
 2414
 2466
 2516
 2558
 2600
 2636
 2670
 2704
 2732
 2758
 2782
 2804
 2826
 2838
 2842
 2842
 2834
 2832
 2816
 2788
 2752
 2714
 2670
 2628
 2586
 2542
 2494
 2440
 2384
 2326
 2270
 2212
 2156
 2102
 2046
 1994
 1942
 1892
 1842
 1784
 1722
 1670
 1620
 1584
 1564
 1552
 1562
 1584
 1614
 1656
 1702
 1750
 1804
 1860
 1918
 1976
 2034
 2094
 2156
 2220
 2284
 2346
 2408
 2466
 2526
 2574
 2612
 2652
 2688
 2736
 2788
 2828
 2858
 2886
 2908
 2932
 2950
 2968
 2980
 2988
 2992
 2996
 2998
 2998
 2992
 2980
 2962
 2934
 2900
 2854
 2812
 2766
 2712
 2658
 2604
 2552
 2506
 2452
 2398
 2340
 2278
 2212
 2150
 2090
 2034
 1982
 1936
 1892
 1848
 1806
 1770
 1736
 1704
 1678
 1660
 1654
 1666
 1686
 1706
 1732
 1760
 1792
 1832
 1868
 1904
 1940
 1974
 2014
 2054
 2088
 2130
 2172
 2212
 2250
 2290
 2330
 2372
 2416
 2460
 2508
 2554
 2594
 2632
 2668
 2694
 2716
 2736
 2754
 2790
 2822
 2840
 2852
 2862
 2872
 2876
 2880
 2886
 2892
 2898
 2900
 2906
 2904
 2902
 2898
 2892
 2876
 2850
 2822
 2788
 2754
 2718
 2674
 2630
 2586
 2538
 2498
 2450
 2396
 2340
 2282
 2226
 2172
 2112
 2054
 1994
 1934
 1872
 1810
 1750
 1690
 1640
 1602
 1578
 1572
 1586
 1608
 1640
 1678
 1714
 1760
 1806
 1866
 1928
 1988
 2046
 2102
 2158
 2214
 2260
 2310
 2362
 2420
 2474
 2524
 2570
 2616
 2666
 2712
 2754
 2794
 2830
 2862
 2892
 2918
 2936
 2948
 2960
 2976
 3002
 3018
 3028
 3032
 3034
 3024
 3004
 2982
 2954
 2920
 2876
 2822
 2768
 2716
 2662
 2612
 2562
 2516
 2466
 2416
 2366
 2318
 2268
 2218
 2168
 2118
 2070
 2026
 1976
 1928
 1884
 1846
 1806
 1768
 1728
 1696
 1666
 1646
 1630
 1626
 1634
 1652
 1676
 1704
 1738
 1772
 1812
 1854
 1894
 1932
 1972
 2006
 2042
 2086
 2124
 2164
 2210
 2254
 2296
 2338
 2374
 2416
 2460
 2504
 2544
 2582
 2620
 2656
 2694
 2728
 2764
 2796
 2822
 2848
 2878
 2898
 2910
 2922
 2928
 2950
 2976
 2982
 2986
 2980
 2972
 2956
 2928
 2902
 2868
 2836
 2794
 2752
 2708
 2664
 2616
 2568
 2522
 2474
 2426
 2376
 2326
 2276
 2224
 2166
 2114
 2054
 2006
 1958
 1904
 1852
 1800
 1748
 1704
 1664
 1636
 1620
 1618
 1622
 1638
 1662
 1692
 1730
 1772
 1814
 1858
 1902
 1946
 1990
 2038
 2076
 2116
 2160
 2200
 2252
 2298
 2340
 2378
 2416
 2456
 2494
 2526
 2562
 2600
 2638
 2672
 2704
 2736
 2766
 2794
 2822
 2848
 2870
 2890
 2906
 2920
 2936
 2946
 2948
 2950
 2950
 2962
 2970
 2964
 2944
 2920
 2892
 2862
 2824
 2786
 2744
 2696
 2642
 2590
 2538
 2488
 2436
 2384
 2336
 2286
 2238
 2186
 2132
 2078
 2024
 1964
 1902
 1840
 1776
 1726
 1674
 1628
 1588
 1564
 1558
 1568
 1588
 1620
 1658
 1700
 1744
 1788
 1834
 1886
 1936
 1988
 2036
 2086
 2134
 2178
 2224
 2272
 2316
 2354
 2402
 2446
 2504
 2560
 2608
 2654
 2698
 2738
 2782
 2812
 2848
 2882
 2912
 2936
 2956
 2974
 2990
 3006
 3020
 3032
 3036
 3034
 3028
 3014
 2998
 2970
 2932
 2894
 2850
 2816
 2784
 2740
 2692
 2640
 2588
 2536
 2482
 2424
 2370
 2310
 2254
 2196
 2140
 2084
 2034
 1984
 1940
 1906
 1880
 1870
 1874
 1890
 1916
 1940
 1970
 2004
 2046
 2096
 2158
 2252
 2370
 2456
 2486
 2494
 2518
 2556
 2594
 2632
 2666
 2702
 2740
 2776
 2812
 2850
 2884
 2912
 2940
 2964
 2988
 3012
 3024
 3032
 3038
 3044
 3056
 3052
 3036
 3014
 2984
 2948
 2914
 2870
 2830
 2786
 2740
 2692
 2642
 2590
 2540
 2490
 2438
 2386
 2330
 2274
 2222
 2172
 2126
 2076
 2026
 1990
 1962
 1950
 1936
 1934
 1940
 1954
 1980
 2014
 2044
 2086
 2130
 2174
 2218
 2260
 2304
 2350
 2398
 2446
 2492
 2536
 2580
 2620
 2662
 2700
 2728
 2760
 2786
 2818
 2860
 2892
 2918
 2942
 2964
 2986
 3006
 3022
 3038
 3048
 3046
 3034
 3014
 2986
 2950
 2912
 2870
 2822
 2774
 2724
 2670
 2616
 2566
 2504
 2442
 2388
 2338
 2296
 2246
 2190
 2126
 2054
 2000
 1964
 1932
 1918
 1912
 1920
 1934
 1952
 1978
 2010
 2044
 2082
 2122
 2168
 2212
 2258
 2306
 2356
 2396
 2440
 2480
 2532
 2588
 2638
 2682
 2724
 2764
 2804
 2838
 2866
 2896
 2922
 2940
 2956
 2972
 2986
 3014
 3040
 3066
 3088
 3122
 3150
 3126
 3040
 2948
 2874
 2814
 2748
 2696
 2646
 2596
 2548
 2496
 2448
 2408
 2360
 2322
 2282
 2242
 2198
 2154
 2110
 2066
 2026
 1986
 1944
 1904
 1860
 1818
 1784
 1754
 1736
 1728
 1736
 1760
 1786
 1816
 1854
 1892
 1934
 1980
 2024
 2070
 2120
 2172
 2222
 2272
 2322
 2368
 2416
 2464
 2512
 2556
 2598
 2636
 2674
 2704
 2726
 2752
 2774
 2812
 2848
 2876
 2900
 2936
 2996
 3062
 3096
 3100
 3102
 3104
 3108
 3108
 3112
 3116
 3118
 3116
 3110
 3098
 3080
 3054
 3020
 2984
 2934
 2882
 2826
 2776
 2732
 2680
 2630
 2576
 2520
 2466
 2410
 2356
 2304
 2248
 2190
 2130
 2072
 2020
 1978
 1938
 1906
 1884
 1874
 1876
 1888
 1912
 1932
 1962
 1996
 2042
 2094
 2142
 2192
 2246
 2298
 2354
 2404
 2454
 2510
 2560
 2610
 2654
 2696
 2732
 2766
 2800
 2828
 2856
 2880
 2904
 2920
 2930
 2938
 2946
 2964
 2986
 2996
 2990
 2978
 2960
 2936
 2900
 2860
 2818
 2768
 2714
 2660
 2604
 2548
 2496
 2448
 2392
 2332
 2274
 2220
 2166
 2118
 2068
 2024
 1984
 1956
 1934
 1920
 1914
 1920
 1938
 1966
 1992
 2028
 2068
 2110
 2154
 2198
 2242
 2290
 2336
 2384
 2432
 2478
 2520
 2562
 2604
 2636
 2664
 2694
 2724
 2764
 2806
 2838
 2868
 2892
 2914
 2932
 2946
 2962
 2976
 2984
 2990
 2994
 3002
 3020
 3036
 3036
 3040
 3044
 3046
 3048
 3050
 3054
 3054
 3038
 3024
 2998
 2978
 2956
 2924
 2890
 2852
 2812
 2772
 2728
 2688
 2646
 2602
 2556
 2504
 2452
 2400
 2348
 2296
 2246
 2196
 2148
 2102
 2062
 2026
 1996
 1970
 1958
 1958
 1972
 1990
 2014
 2040
 2068
 2100
 2134
 2168
 2220
 2274
 2316
 2350
 2390
 2432
 2476
 2520
 2564
 2606
 2648
 2686
 2722
 2758
 2788
 2808
 2830
 2850
 2882
 2918
 2950
 2976
 2998
 3020
 3040
 3056
 3070
 3088
 3102
 3106
 3106
 3098
 3082
 3058
 3030
 2998
 2958
 2918
 2874
 2830
 2784
 2732
 2680
 2628
 2578
 2536
 2486
 2436
 2384
 2330
 2276
 2224
 2170
 2120
 2074
 2036
 2000
 1974
 1962
 1964
 1976
 1996
 2020
 2048
 2076
 2110
 2152
 2188
 2224
 2268
 2312
 2368
 2426
 2478
 2528
 2576
 2624
 2670
 2706
 2746
 2788
 2826
 2858
 2884
 2904
 2922
 2942
 2962
 2980
 2996
 3006
 3016
 3026
 3028
 3016
 3006
 3004
 3012
 3010
 2994
 2970
 2942
 2914
 2884
 2844
 2806
 2766
 2722
 2676
 2630
 2584
 2534
 2482
 2432
 2380
 2328
 2276
 2228
 2180
 2132
 2080
 2036
 1990
 1954
 1918
 1880
 1844
 1812
 1790
 1784
 1786
 1804
 1828
 1854
 1886
 1922
 1956
 1996
 2040
 2082
 2124
 2166
 2208
 2250
 2300
 2342
 2380
 2422
 2458
 2508
 2562
 2604
 2642
 2678
 2716
 2752
 2780
 2810
 2840
 2870
 2892
 2914
 2936
 2954
 2968
 2986
 2998
 3012
 3024
 3030
 3032
 3030
 3018
 2994
 2960
 2918
 2888
 2860
 2820
 2778
 2734
 2692
 2644
 2594
 2546
 2500
 2450
 2398
 2344
 2290
 2238
 2188
 2142
 2104
 2064
 2036
 2012
 2000
 2000
 2012
 2028
 2048
 2076
 2104
 2148
 2190
 2232
 2274
 2318
 2362
 2412
 2452
 2496
 2542
 2592
 2636
 2676
 2716
 2752
 2788
 2820
 2850
 2876
 2900
 2920
 2936
 2954
 2970
 2976
 2978
 2980
 2984
 3004
 3026
 3040
 3052
 3060
 3072
 3080
 3082
 3082
 3068
 3044
 3008
 2962
 2914
 2862
 2810
 2760
 2712
 2660
 2612
 2568
 2522
 2476
 2432
 2382
 2322
 2260
 2194
 2132
 2068
 2000
 1936
 1870
 1804
 1746
 1686
 1636
 1598
 1572
 1560
 1560
 1574
 1598
 1632
 1672
 1712
 1756
 1802
 1848
 1898
 1948
 1992
 2036
 2078
 2126
 2180
 2228
 2276
 2322
 2370
 2416
 2458
 2496
 2540
 2582
 2622
 2658
 2692
 2726
 2758
 2788
 2814
 2840
 2864
 2886
 2906
 2926
 2940
 2946
 2954
 2958
 2972
 2988
 2988
 2978
 2960
 2938
 2902
 2858
 2814
 2768
 2718
 2668
 2612
 2556
 2506
 2458
 2408
 2356
 2302
 2252
 2204
 2154
 2108
 2060
 2002
 1948
 1888
 1830
 1768
 1706
 1640
 1580
 1528
 1490
 1468
 1462
 1466
 1480
 1504
 1532
 1568
 1620
 1678
 1738
 1796
 1852
 1906
 1958
 2014
 2062
 2106
 2156
 2202
 2262
 2324
 2382
 2442
 2498
 2552
 2604
 2650
 2696
 2744
 2788
 2826
 2860
 2890
 2920
 2946
 2970
 2990
 3008
 3022
 3030
 3038
 3034
 3008
 2978
 2942
 2910
 2882
 2844
 2800
 2754
 2708
 2660
 2608
 2556
 2508
 2454
 2398
 2340
 2284
 2226
 2170
 2114
 2060
 2008
 1956
 1906
 1860
 1820
 1780
 1744
 1722
 1712
 1720
 1738
 1760
 1792
 1826
 1866
 1910
 1954
 2000
 2050
 2102
 2150
 2196
 2242
 2290
 2346
 2400
 2454
 2506
 2554
 2602
 2648
 2692
 2724
 2752
 2780
 2804
 2842
 2878
 2908
 2928
 2950
 2968
 2986
 3000
 3014
 3024
 3024
 3014
 2998
 2972
 2938
 2904
 2868
 2826
 2772
 2720
 2664
 2608
 2550
 2488
 2430
 2372
 2322
 2274
 2222
 2162
 2108
 2052
 1998
 1948
 1900
 1862
 1832
 1812
 1804
 1808
 1822
 1846
 1876
 1926
 1994
 2046
 2070
 2086
 2122
 2156
 2192
 2232
 2274
 2330
 2386
 2436
 2484
 2534
 2586
 2634
 2674
 2718
 2760
 2800
 2834
 2864
 2892
 2918
 2940
 2960
 2978
 2992
 3000
 3000
 2990
 2964
 2928
 2890
 2848
 2814
 2774
 2728
 2682
 2640
 2606
 2600
 2602
 2586
 2532
 2480
 2434
 2390
 2344
 2300
 2264
 2230
 2204
 2176
 2154
 2132
 2116
 2100
 2086
 2080
 2082
 2096
 2116
 2142
 2170
 2200
 2236
 2274
 2316
 2356
 2402
 2448
 2490
 2532
 2568
 2604
 2642
 2680
 2718
 2754
 2786
 2818
 2848
 2878
 2898
 2912
 2926
 2938
 2964
 2976
 2976
 2976
 2972
 2962
 2942
 2916
 2890
 2860
 2824
 2776
 2720
 2660
 2604
 2550
 2498
 2446
 2396
 2352
 2310
 2274
 2238
 2200
 2166
 2134
 2114
 2104
 2096
 2098
 2110
 2128
 2154
 2180
 2212
 2250
 2286
 2324
 2364
 2404
 2446
 2492
 2536
 2580
 2624
 2662
 2698
 2734
 2766
 2788
 2808
 2828
 2868
 2940
 3006
 3034
 3032
 3020
 3028
 3036
 3044
 3056
 3068
 3074
 3072
 3074
 3078
 3082
 3084
 3082
 3076
 3062
 3044
 3018
 2984
 2946
 2900
 2854
 2810
 2770
 2734
 2694
 2650
 2608
 2562
 2518
 2472
 2424
 2376
 2326
 2274
 2224
 2174
 2124
 2080
 2038
 1998
 1958
 1922
 1898
 1886
 1884
 1892
 1906
 1922
 1938
 1966
 2000
 2034
 2070
 2108
 2156
 2204
 2250
 2302
 2352
 2406
 2456
 2504
 2552
 2598
 2642
 2680
 2718
 2756
 2790
 2822
 2854
 2872
 2888
 2902
 2918
 2950
 2972
 2988
 3000
 3008
 3016
 3012
 3002
 2988
 2964
 2934
 2898
 2854
 2810
 2766
 2720
 2672
 2618
 2566
 2522
 2496
 2468
 2414
 2340
 2272
 2218
 2172
 2124
 2080
 2042
 2014
 1998
 1992
 2000
 2016
 2038
 2062
 2094
 2124
 2162
 2204
 2248
 2294
 2340
 2384
 2426
 2470
 2504
 2536
 2572
 2608
 2656
 2700
 2738
 2780
 2816
 2852
 2884
 2910
 2938
 2962
 2984
 3000
 3012
 3018
 3026
 3028
 3028
 3024
 3016
 3002
 3004
 3006
 2978
 2916
 2844
 2786
 2730
 2670
 2610
 2560
 2508
 2464
 2422
 2388
 2364
 2342
 2330
 2322
 2324
 2330
 2344
 2362
 2386
 2412
 2440
 2472
 2506
 2536
 2564
 2596
 2628
 2672
 2714
 2750
 2784
 2816
 2846
 2876
 2900
 2926
 2952
 2970
 2982
 2984
 2974
 2956
 2930
 2900
 2862
 2826
 2780
 2730
 2688
 2658
 2614
 2546
 2464
 2398
 2338
 2280
 2226
 2176
 2130
 2094
 2060
 2042
 2028
 2024
 2024
 2032
 2044
 2060
 2082
 2108
 2140
 2174
 2210
 2248
 2290
 2330
 2364
 2406
 2448
 2496
 2546
 2590
 2632
 2670
 2708
 2744
 2776
 2806
 2838
 2866
 2888
 2908
 2920
 2928
 2924
 2906
 2876
 2838
 2794
 2748
 2712
 2676
 2618
 2530
 2454
 2384
 2328
 2274
 2220
 2162
 2100
 2040
 1988
 1936
 1888
 1842
 1794
 1748
 1704
 1664
 1638
 1626
 1628
 1646
 1672
 1702
 1742
 1786
 1832
 1876
 1922
 1968
 2022
 2080
 2138
 2192
 2246
 2300
 2356
 2406
 2454
 2508
 2566
 2616
 2664
 2704
 2740
 2776
 2808
 2836
 2860
 2884
 2902
 2920
 2934
 2938
 2934
 2926
 2916
 2900
 2872
 2836
 2794
 2748
 2704
 2678
 2654
 2618
 2552
 2472
 2404
 2340
 2282
 2226
 2178
 2136
 2106
 2084
 2076
 2076
 2088
 2106
 2126
 2154
 2184
 2226
 2278
 2330
 2382
 2436
 2490
 2544
 2592
 2638
 2688
 2738
 2780
 2816
 2850
 2884
 2912
 2940
 2962
 2982
 3000
 3016
 3034
 3038
 3030
 3008
 2978
 2956
 2930
 2892
 2848
 2802
 2752
 2706
 2650
 2594
 2536
 2472
 2408
 2346
 2284
 2224
 2162
 2102
 2044
 1988
 1930
 1872
 1816
 1758
 1694
 1638
 1580
 1532
 1490
 1456
 1434
 1426
 1436
 1454
 1478
 1512
 1550
 1590
 1630
 1674
 1720
 1776
 1832
 1888
 1938
 1986
 2036
 2084
 2124
 2164
 2208
 2252
 2312
 2368
 2420
 2470
 2518
 2568
 2618
 2656
 2700
 2742
 2782
 2816
 2848
 2876
 2902
 2928
 2950
 2970
 2986
 2994
 2998
 2994
 2970
 2940
 2904
 2858
 2822
 2780
 2732
 2680
 2624
 2566
 2508
 2446
 2386
 2322
 2260
 2196
 2128
 2062
 1994
 1932
 1874
 1816
 1756
 1700
 1646
 1596
 1550
 1508
 1484
 1474
 1484
 1502
 1532
 1572
 1614
 1660
 1710
 1754
 1802
 1850
 1898
 1944
 1988
 2032
 2078
 2128
 2176
 2226
 2282
 2334
 2388
 2438
 2492
 2536
 2574
 2612
 2646
 2696
 2742
 2782
 2816
 2848
 2878
 2904
 2924
 2944
 2964
 2978
 2990
 2998
 3008
 3016
 3020
 3020
 3020
 3020
 3018
 3020
 3014
 3008
 2980
 2938
 2892
 2840
 2800
 2762
 2718
 2674
 2630
 2582
 2538
 2486
 2434
 2378
 2320
 2262
 2198
 2138
 2076
 2018
 1958
 1894
 1832
 1770
 1710
 1652
 1598
 1540
 1482
 1434
 1394
 1374
 1366
 1372
 1388
 1410
 1438
 1474
 1508
 1548
 1594
 1642
 1690
 1742
 1790
 1838
 1886
 1932
 1978
 2024
 2064
 2104
 2146
 2186
 2218
 2256
 2292
 2340
 2402
 2454
 2508
 2556
 2604
 2652
 2692
 2730
 2768
 2808
 2844
 2872
 2898
 2918
 2938
 2952
 2962
 2964
 2960
 2942
 2918
 2890
 2854
 2812
 2770
 2722
 2686
 2650
 2604
 2562
 2512
 2458
 2408
 2352
 2300
 2246
 2186
 2120
 2054
 1986
 1926
 1866
 1804
 1746
 1688
 1630
 1572
 1518
 1472
 1432
 1410
 1398
 1402
 1420
 1444
 1476
 1508
 1542
 1582
 1626
 1666
 1712
 1756
 1800
 1848
 1896
 1944
 1992
 2042
 2090
 2134
 2182
 2226
 2270
 2316
 2352
 2394
 2432
 2478
 2536
 2586
 2634
 2678
 2722
 2766
 2804
 2838
 2872
 2904
 2930
 2950
 2966
 2980
 2992
 2998
 2998
 2988
 2972
 2946
 2914
 2872
 2822
 2772
 2718
 2672
 2630
 2584
 2536
 2482
 2428
 2380
 2326
 2276
 2224
 2170
 2114
 2058
 2000
 1942
 1888
 1836
 1784
 1734
 1692
 1662
 1650
 1648
 1656
 1674
 1700
 1730
 1772
 1812
 1856
 1902
 1948
 1994
 2042
 2082
 2130
 2182
 2236
 2284
 2332
 2380
 2428
 2474
 2520
 2562
 2604
 2642
 2680
 2718
 2750
 2776
 2798
 2818
 2840
 2876
 2906
 2928
 2946
 2964
 2980
 2992
 3002
 3012
 3014
 3004
 2982
 2954
 2918
 2878
 2836
 2792
 2746
 2694
 2642
 2592
 2540
 2490
 2442
 2390
 2334
 2280
 2218
 2162
 2102
 2040
 1976
 1914
 1856
 1802
 1744
 1694
 1644
 1600
 1562
 1532
 1514
 1510
 1520
 1536
 1558
 1586
 1616
 1648
 1690
 1732
 1778
 1818
 1860
 1898
 1942
 2002
 2048
 2082
 2122
 2156
 2192
 2228
 2264
 2306
 2352
 2400
 2446
 2488
 2532
 2572
 2614
 2654
 2692
 2724
 2754
 2784
 2810
 2834
 2852
 2860
 2862
 2858
 2856
 2852
 2836
 2812
 2782
 2750
 2714
 2676
 2636
 2600
 2556
 2508
 2462
 2412
 2358
 2308
 2260
 2210
 2168
 2134
 2110
 2090
 2060
 2024
 2004
 1996
 2004
 2014
 2038
 2070
 2100
 2132
 2164
 2202
 2242
 2284
 2322
 2368
 2416
 2464
 2510
 2554
 2598
 2646
 2690
 2732
 2772
 2808
 2842
 2872
 2902
 2924
 2936
 2946
 2946
 2950
 2952
 2936
 2912
 2880
 2842
 2800
 2752
 2704
 2656
 2602
 2546
 2486
 2422
 2362
 2300
 2238
 2178
 2120
 2062
 2006
 1956
 1910
 1870
 1834
 1810
 1800
 1804
 1814
 1832
 1856
 1884
 1914
 1952
 1986
 2024
 2062
 2102
 2140
 2178
 2214
 2250
 2282
 2314
 2346
 2382
 2418
 2454
 2492
 2530
 2558
 2592
 2624
 2658
 2708
 2748
 2786
 2822
 2854
 2886
 2912
 2936
 2958
 2972
 2974
 2968
 2962
 2964
 2950
 2902
 2826
 2754
 2690
 2634
 2584
 2536
 2486
 2442
 2400
 2360
 2330
 2298
 2270
 2244
 2218
 2202
 2192
 2190
 2198
 2208
 2226
 2246
 2268
 2294
 2320
 2352
 2386
 2422
 2458
 2494
 2532
 2566
 2594
 2626
 2656
 2698
 2742
 2778
 2810
 2842
 2872
 2900
 2928
 2974
 3026
 3058
 3064
 3062
 3066
 3072
 3082
 3084
 3088
 3096
 3102
 3106
 3110
 3108
 3094
 3076
 3050
 3022
 2998
 2966
 2932
 2894
 2854
 2812
 2770
 2718
 2668
 2616
 2562
 2508
 2454
 2402
 2356
 2312
 2270
 2230
 2198
 2174
 2164
 2160
 2160
 2172
 2188
 2216
 2250
 2282
 2314
 2352
 2406
 2480
 2536
 2572
 2594
 2622
 2656
 2686
 2710
 2736
 2762
 2792
 2814
 2838
 2864
 2886
 2908
 2932
 2944
 2956
 2968
 2982
 3008
 3028
 3036
 3032
 3018
 2994
 2966
 2932
 2900
 2864
 2820
 2778
 2726
 2674
 2624
 2576
 2524
 2464
 2406
 2350
 2294
 2238
 2182
 2126
 2078
 2030
 1990
 1956
 1926
 1904
 1892
 1894
 1922
 1950
 1984
 2010
 2030
 2054
 2082
 2114
 2146
 2182
 2218
 2256
 2290
 2324
 2358
 2390
 2426
 2460
 2488
 2516
 2544
 2576
 2622
 2656
 2692
 2728
 2762
 2796
 2826
 2852
 2880
 2906
 2928
 2944
 2960
 2972
 2988
 2998
 3002
 3008
 3010
 3008
 2996
 2976
 2952
 2916
 2870
 2824
 2788
 2766
 2724
 2652
 2580
 2518
 2464
 2412
 2356
 2308
 2258
 2212
 2168
 2124
 2080
 2040
 2002
 1966
 1932
 1902
 1880
 1868
 1862
 1868
 1886
 1910
 1940
 1970
 2012
 2054
 2094
 2136
 2176
 2222
 2268
 2306
 2350
 2396
 2442
 2484
 2522
 2560
 2598
 2634
 2668
 2698
 2726
 2758
 2784
 2810
 2832
 2850
 2884
 2926
 2950
 2966
 2972
 2980
 2992
 3002
 3006
 3016
 3026
 3042
 3052
 3060
 3066
 3064
 3054
 3036
 3008
 2978
 2942
 2902
 2862
 2816
 2768
 2722
 2668
 2614
 2562
 2516
 2474
 2424
 2374
 2322
 2274
 2230
 2188
 2148
 2112
 2082
 2062
 2050
 2048
 2056
 2074
 2098
 2126
 2158
 2192
 2226
 2262
 2300
 2332
 2366
 2406
 2450
 2520
 2590
 2648
 2680
 2698
 2724
 2756
 2790
 2822
 2852
 2878
 2900
 2922
 2946
 2970
 2990
 3006
 3016
 3022
 3026
 3030
 3024
 3002
 2974
 2942
 2910
 2884
 2842
 2798
 2752
 2706
 2658
 2610
 2560
 2512
 2460
 2406
 2352
 2296
 2242
 2190
 2140
 2090
 2044
 1996
 1952
 1912
 1872
 1826
 1782
 1738
 1694
 1660
 1632
 1622
 1624
 1638
 1662
 1694
 1734
 1782
 1828
 1880
 1932
 1984
 2038
 2092
 2144
 2196
 2248
 2296
 2342
 2392
 2434
 2470
 2512
 2548
 2606
 2662
 2706
 2746
 2784
 2822
 2856
 2884
 2916
 2944
 2972
 2994
 3014
 3032
 3044
 3056
 3072
 3076
 3080
 3080
 3076
 3068
 3052
 3026
 2996
 2958
 2924
 2896
 2858
 2816
 2768
 2722
 2674
 2624
 2570
 2518
 2458
 2398
 2336
 2276
 2214
 2154
 2098
 2040
 1986
 1932
 1882
 1834
 1790
 1746
 1702
 1666
 1634
 1618
 1612
 1618
 1636
 1660
 1696
 1738
 1780
 1828
 1878
 1930
 1984
 2042
 2098
 2152
 2206
 2256
 2302
 2344
 2386
 2426
 2470
 2514
 2548
 2584
 2616
 2656
 2708
 2750
 2790
 2826
 2860
 2898
 2926
 2950
 2978
 3002
 3020
 3036
 3044
 3054
 3064
 3068
 3064
 3046
 3026
 3000
 2968
 2936
 2900
 2856
 2812
 2764
 2724
 2690
 2648
 2606
 2560
 2512
 2466
 2418
 2368
 2320
 2268
 2214
 2162
 2106
 2054
 2004
 1956
 1904
 1852
 1808
 1766
 1734
 1714
 1704
 1706
 1720
 1740
 1770
 1806
 1840
 1876
 1908
 1936
 1972
 2002
 2036
 2074
 2112
 2150
 2188
 2226
 2276
 2324
 2372
 2418
 2464
 2510
 2556
 2598
 2640
 2672
 2704
 2744
 2776
 2820
 2866
 2904
 2942
 2970
 2998
 3024
 3040
 3056
 3076
 3090
 3102
 3100
 3100
 3098
 3096
 3086
 3072
 3048
 3018
 2982
 2944
 2902
 2852
 2800
 2750
 2700
 2658
 2608
 2558
 2502
 2448
 2392
 2338
 2280
 2228
 2174
 2118
 2060
 1998
 1938
 1880
 1824
 1766
 1708
 1654
 1598
 1550
 1502
 1456
 1416
 1382
 1364
 1354
 1358
 1366
 1386
 1410
 1442
 1476
 1512
 1556
 1604
 1654
 1700
 1748
 1800
 1850
 1900
 1948
 1996
 2044
 2096
 2144
 2186
 2230
 2268
 2322
 2382
 2430
 2476
 2520
 2566
 2616
 2658
 2698
 2744
 2792
 2836
 2876
 2916
 2950
 2982
 3008
 3032
 3054
 3072
 3086
 3096
 3096
 3096
 3092
 3092
 3106
 3114
 3108
 3094
 3070
 3048
 3022
 2994
 2972
 2942
 2908
 2874
 2836
 2794
 2750
 2706
 2656
 2606
 2556
 2506
 2454
 2404
 2350
 2290
 2234
 2176
 2124
 2070
 2014
 1958
 1900
 1846
 1804
 1764
 1742
 1732
 1734
 1748
 1768
 1796
 1832
 1874
 1920
 1970
 2020
 2066
 2116
 2168
 2210
 2260
 2308
 2352
 2412
 2468
 2518
 2564
 2612
 2656
 2700
 2738
 2776
 2812
 2848
 2880
 2904
 2928
 2948
 2970
 2988
 3002
 3014
 3028
 3038
 3052
 3062
 3062
 3060
 3060
 3060
 3062
 3058
 3046
 3030
 3012
 2986
 2958
 2926
 2898
 2862
 2824
 2780
 2734
 2686
 2636
 2588
 2544
 2500
 2456
 2412
 2366
 2326
 2284
 2246
 2202
 2164
 2128
 2102
 2080
 2066
 2062
 2068
 2084
 2108
 2130
 2164
 2194
 2232
 2264
 2298
 2334
 2370
 2404
 2440
 2474
 2508
 2538
 2562
 2590
 2616
 2636
 2652
 2670
 2690
 2722
 2750
 2768
 2788
 2814
 2834
 2846
 2860
 2882
 2900
 2918
 2930
 2942
 2954
 2966
 2980
 2990
 3000
 3006
 3008
 3002
 2992
 2974
 2944
 2912
 2876
 2846
 2824
 2792
 2754
 2718
 2680
 2638
 2596
 2550
 2506
 2460
 2410
 2362
 2310
 2264
 2218
 2176
 2140
 2118
 2104
 2100
 2106
 2120
 2136
 2154
 2178
 2210
 2250
 2294
 2338
 2382
 2424
 2470
 2516
 2556
 2602
 2646
 2690
 2730
 2766
 2802
 2836
 2868
 2896
 2924
 2948
 2968
 2984
 2996
 3002
 3000
 2996
 2992
 2990
 2978
 2954
 2924
 2888
 2840
 2790
 2736
 2686
 2632
 2570
 2502
 2442
 2386
 2328
 2274
 2224
 2176
 2130
 2086
 2044
 2006
 1966
 1926
 1892
 1858
 1834
 1816
 1802
 1802
 1808
 1826
 1858
 1890
 1930
 1968
 2008
 2050
 2090
 2134
 2178
 2222
 2266
 2310
 2352
 2394
 2436
 2472
 2502
 2536
 2568
 2612
 2656
 2692
 2728
 2760
 2792
 2824
 2854
 2894
 2934
 2990
 3044
 3076
 3080
 3074
 3080
 3086
 3092
 3094
 3100
 3106
 3102
 3098
 3088
 3082
 3074
 3070
 3066
 3046
 3022
 2996
 2960
 2922
 2884
 2842
 2800
 2758
 2712
 2668
 2620
 2572
 2528
 2480
 2428
 2378
 2330
 2282
 2238
 2184
 2128
 2064
 2004
 1950
 1894
 1846
 1798
 1754
 1724
 1708
 1708
 1722
 1740
 1770
 1802
 1832
 1868
 1912
 1954
 2000
 2048
 2096
 2142
 2190
 2232
 2272
 2312
 2362
 2426
 2484
 2536
 2586
 2634
 2682
 2726
 2764
 2802
 2842
 2878
 2908
 2934
 2956
 2978
 2996
 3014
 3030
 3040
 3040
 3036
 3022
 2998
 2972
 2938
 2912
 2882
 2842
 2798
 2752
 2706
 2658
 2604
 2552
 2498
 2442
 2388
 2334
 2274
 2216
 2160
 2108
 2056
 2006
 1964
 1926
 1892
 1866
 1848
 1844
 1848
 1868
 1890
 1920
 1954
 1992
 2034
 2078
 2122
 2174
 2224
 2278
 2326
 2372
 2428
 2478
 2530
 2576
 2622
 2666
 2706
 2744
 2780
 2804
 2830
 2854
 2882
 2918
 2944
 2966
 2984
 2998
 3006
 3012
 3008
 3000
 2980
 2944
 2898
 2852
 2804
 2750
 2698
 2648
 2596
 2550
 2504
 2464
 2422
 2374
 2334
 2294
 2258
 2228
 2194
 2164
 2138
 2126
 2124
 2134
 2152
 2178
 2204
 2234
 2266
 2300
 2338
 2380
 2424
 2460
 2500
 2538
 2576
 2616
 2646
 2672
 2700
 2730
 2770
 2806
 2834
 2858
 2882
 2904
 2922
 2940
 2962
 2978
 2994
 3008
 3020
 3026
 3032
 3036
 3046
 3054
 3058
 3056
 3046
 3030
 3000
 2962
 2930
 2892
 2862
 2824
 2786
 2744
 2700
 2654
 2612
 2560
 2510
 2458
 2406
 2354
 2298
 2242
 2186
 2136
 2086
 2034
 1988
 1940
 1896
 1856
 1814
 1786
 1766
 1762
 1772
 1788
 1814
 1846
 1882
 1922
 1960
 2004
 2046
 2090
 2134
 2178
 2222
 2270
 2324
 2374
 2422
 2466
 2508
 2552
 2592
 2622
 2650
 2682
 2716
 2758
 2794
 2826
 2856
 2888
 2918
 2942
 2964
 2988
 3002
 3010
 3014
 3010
 2998
 2978
 2954
 2924
 2888
 2848
 2802
 2756
 2704
 2646
 2590
 2534
 2488
 2436
 2382
 2330
 2274
 2222
 2172
 2126
 2100
 2074
 2044
 2010
 1990
 1984
 1994
 2010
 2032
 2062
 2094
 2132
 2170
 2216
 2260
 2302
 2354
 2402
 2464
 2522
 2574
 2626
 2672
 2718
 2766
 2802
 2840
 2878
 2910
 2936
 2960
 2978
 2996
 3012
 3024
 3030
 3024
 3010
 2984
 2958
 2920
 2870
 2824
 2772
 2728
 2680
 2628
 2578
 2522
 2468
 2416
 2364
 2310
 2254
 2194
 2132
 2068
 2002
 1940
 1878
 1820
 1762
 1706
 1652
 1600
 1552
 1510
 1474
 1452
 1446
 1454
 1478
 1506
 1540
 1576
 1614
 1654
 1690
 1724
 1762
 1798
 1838
 1876
 1912
 1954
 1998
 2052
 2106
 2156
 2206
 2258
 2312
 2358
 2396
 2434
 2468
 2518
 2572
 2620
 2664
 2706
 2748
 2788
 2820
 2854
 2890
 2920
 2938
 2954
 2970
 2986
 2996
 3002
 3008
 3010
 3010
 3010
 3012
 3008
 3004
 3000
 2994
 2988
 2972
 2946
 2910
 2872
 2826
 2776
 2714
 2658
 2602
 2544
 2488
 2428
 2374
 2312
 2252
 2192
 2130
 2068
 1998
 1930
 1864
 1792
 1720
 1650
 1590
 1542
 1498
 1450
 1402
 1356
 1320
 1296
 1284
 1290
 1304
 1320
 1340
 1360
 1384
 1418
 1456
 1502
 1554
 1610
 1668
 1730
 1782
 1840
 1902
 1968
 2046
 2124
 2198
 2268
 2334
 2402
 2462
 2516
 2570
 2626
 2678
 2722
 2758
 2792
 2824
 2852
 2876
 2902
 2920
 2938
 2954
 2962
 2966
 2968
 2968
 2982
 2994
 2984
 2960
 2926
 2888
 2842
 2792
 2744
 2696
 2644
 2588
 2530
 2470
 2406
 2348
 2290
 2232
 2178
 2120
 2068
 2014
 1962
 1908
 1868
 1840
 1832
 1832
 1846
 1868
 1898
 1934
 1972
 2004
 2044
 2084
 2128
 2172
 2220
 2270
 2324
 2378
 2434
 2486
 2538
 2588
 2636
 2678
 2710
 2736
 2760
 2796
 2842
 2878
 2908
 2934
 2954
 2974
 2986
 3000
 3018
 3028
 3034
 3034
 3028
 3020
 3014
 3004
 2984
 2956
 2920
 2880
 2836
 2792
 2734
 2674
 2612
 2556
 2500
 2438
 2372
 2306
 2244
 2180
 2114
 2052
 1988
 1924
 1858
 1788
 1722
 1658
 1598
 1554
 1520
 1502
 1500
 1508
 1528
 1552
 1578
 1608
 1642
 1680
 1726
 1772
 1820
 1862
 1912
 1964
 2008
 2050
 2098
 2146
 2192
 2234
 2278
 2322
 2368
 2412
 2458
 2502
 2546
 2584
 2622
 2662
 2690
 2712
 2730
 2748
 2780
 2812
 2836
 2850
 2860
 2864
 2872
 2874
 2882
 2890
 2896
 2898
 2898
 2894
 2888
 2874
 2852
 2822
 2788
 2748
 2706
 2664
 2624
 2582
 2528
 2472
 2414
 2364
 2320
 2274
 2230
 2190
 2158
 2140
 2128
 2122
 2122
 2122
 2120
 2120
 2124
 2132
 2144
 2160
 2178
 2194
 2212
 2226
 2236
 2248
 2254
 2254
 2258
 2262
 2270
 2276
 2284
 2294
 2304
 2318
 2326
 2320
 2310
 2288
 2264
 2246
 2234
 2226
 2224
 2226
 2230
 2238
 2246
 2254
 2262
 2272
 2276
 2276
 2280
 2284
 2292
 2300
 2304
 2308
 2312
 2320
 2336
 2356
 2384
 2414
 2444
 2476
 2510
 2546
 2582
 2622
 2660
 2698
 2742
 2778
 2804
 2830
 2852
 2886
 2922
 2948
 2972
 2994
 3012
 3030
 3040
 3044
 3050
 3052
 3050
 3044
 3024
 3002
 2972
 2940
 2906
 2870
 2832
 2784
 2742
 2692
 2652
 2608
 2560
 2512
 2462
 2414
 2362
 2308
 2258
 2204
 2152
 2102
 2048
 1994
 1940
 1890
 1836
 1790
 1748
 1724
 1716
 1712
 1714
 1726
 1744
 1772
 1802
 1834
 1868
 1906
 1942
 1980
 2014
 2048
 2088
 2128
 2164
 2204
 2240
 2278
 2316
 2356
 2402
 2456
 2504
 2546
 2586
 2624
 2654
 2680
 2712
 2754
 2788
 2824
 2860
 2890
 2920
 2946
 2970
 2998
 3020
 3034
 3046
 3050
 3044
 3028
 3004
 2980
 2952
 2922
 2888
 2852
 2818
 2778
 2730
 2686
 2634
 2594
 2550
 2502
 2456
 2406
 2358
 2314
 2270
 2236
 2210
 2182
 2148
 2114
 2100
 2098
 2100
 2110
 2126
 2144
 2164
 2186
 2214
 2242
 2264
 2290
 2318
 2354
 2402
 2444
 2486
 2534
 2584
 2630
 2676
 2714
 2754
 2796
 2832
 2862
 2892
 2920
 2946
 2972
 2994
 3012
 3030
 3044
 3056
 3060
 3054
 3036
 3012
 2982
 2956
 2928
 2884
 2848
 2816
 2778
 2722
 2658
 2604
 2556
 2508
 2458
 2408
 2360
 2312
 2270
 2226
 2182
 2140
 2100
 2060
 2022
 1986
 1948
 1910
 1884
 1862
 1852
 1846
 1850
 1864
 1882
 1910
 1942
 1972
 2010
 2048
 2084
 2120
 2154
 2190
 2226
 2264
 2302
 2340
 2378
 2416
 2464
 2508
 2540
 2578
 2608
 2650
 2704
 2762
 2814
 2834
 2848
 2868
 2888
 2906
 2926
 2940
 2956
 2972
 2982
 2996
 3006
 3018
 3028
 3038
 3042
 3040
 3034
 3018
 2992
 2968
 2930
 2902
 2872
 2832
 2790
 2748
 2704
 2662
 2614
 2568
 2520
 2468
 2412
 2350
 2282
 2208
 2136
 2066
 1992
 1922
 1858
 1798
 1740
 1680
 1622
 1576
 1542
 1520
 1496
 1486
 1490
 1502
 1526
 1552
 1586
 1628
 1668
 1712
 1764
 1808
 1854
 1904
 1954
 2004
 2054
 2104
 2154
 2204
 2260
 2312
 2364
 2416
 2462
 2522
 2586
 2640
 2688
 2732
 2776
 2820
 2848
 2880
 2914
 2940
 2960
 2980
 2996
 3012
 3026
 3038
 3048
 3056
 3062
 3064
 3064
 3054
 3042
 3034
 3008
 2966
 2904
 2844
 2792
 2738
 2694
 2658
 2614
 2570
 2522
 2478
 2442
 2400
 2364
 2326
 2286
 2246
 2202
 2156
 2116
 2078
 2040
 2004
 1970
 1938
 1908
 1886
 1874
 1870
 1876
 1890
 1908
 1930
 1958
 1988
 2030
 2070
 2114
 2152
 2194
 2234
 2286
 2326
 2370
 2412
 2452
 2486
 2520
 2562
 2616
 2660
 2690
 2706
 2722
 2740
 2760
 2778
 2794
 2812
 2830
 2848
 2864
 2874
 2886
 2896
 2916
 2950
 2978
 3000
 3020
 3040
 3056
 3064
 3064
 3056
 3046
 3028
 3010
 2988
 2962
 2934
 2908
 2876
 2840
 2802
 2764
 2720
 2676
 2628
 2580
 2532
 2480
 2422
 2368
 2316
 2270
 2222
 2176
 2130
 2090
 2054
 2030
 2012
 2006
 2008
 2012
 2022
 2036
 2056
 2082
 2104
 2130
 2158
 2182
 2212
 2244
 2270
 2296
 2328
 2358
 2380
 2406
 2430
 2460
 2508
 2554
 2598
 2638
 2680
 2720
 2758
 2788
 2824
 2856
 2884
 2908
 2930
 2946
 2964
 2984
 3002
 3016
 3028
 3040
 3048
 3052
 3046
 3032
 3008
 2976
 2944
 2912
 2884
 2852
 2818
 2792
 2762
 2712
 2656
 2596
 2550
 2504
 2460
 2412
 2370
 2332
 2298
 2262
 2230
 2200
 2166
 2136
 2104
 2070
 2038
 2006
 1974
 1948
 1932
 1926
 1932
 1946
 1966
 1992
 2018
 2050
 2092
 2130
 2172
 2214
 2254
 2294
 2328
 2364
 2398
 2434
 2472
 2506
 2540
 2574
 2606
 2642
 2692
 2728
 2748
 2760
 2768
 2796
 2824
 2854
 2882
 2906
 2932
 2956
 2976
 2996
 3012
 3028
 3034
 3040
 3046
 3052
 3060
 3066
 3072
 3076
 3074
 3070
 3056
 3036
 3014
 2986
 2960
 2934
 2914
 2900
 2880
 2858
 2832
 2800
 2768
 2738
 2702
 2670
 2634
 2596
 2554
 2510
 2466
 2426
 2384
 2344
 2304
 2264
 2222
 2182
 2146
 2114
 2090
 2070
 2054
 2046
 2052
 2066
 2084
 2106
 2130
 2160
 2192
 2226
 2254
 2288
 2320
 2352
 2384
 2414
 2444
 2478
 2512
 2544
 2578
 2610
 2644
 2676
 2704
 2732
 2760
 2778
 2798
 2808
 2828
 2868
 2900
 2926
 2948
 2968
 2982
 3000
 3012
 3026
 3038
 3044
 3044
 3044
 3042
 3042
 3042
 3034
 3018
 3000
 2982
 2956
 2928
 2902
 2868
 2826
 2782
 2732
 2690
 2644
 2594
 2540
 2486
 2432
 2380
 2326
 2272
 2218
 2164
 2106
 2044
 1980
 1918
 1860
 1806
 1754
 1704
 1664
 1634
 1614
 1610
 1612
 1622
 1646
 1670
 1708
 1752
 1798
 1856
 1920
 1980
 2040
 2092
 2140
 2190
 2242
 2294
 2348
 2398
 2444
 2492
 2540
 2586
 2628
 2668
 2706
 2736
 2774
 2804
 2826
 2848
 2864
 2892
 2940
 2982
 3018
 3048
 3074
 3100
 3122
 3144
 3166
 3180
 3186
 3174
 3160
 3142
 3120
 3094
 3066
 3030
 2982
 2930
 2874
 2816
 2760
 2698
 2632
 2566
 2492
 2430
 2368
 2304
 2240
 2178
 2116
 2060
 2000
 1952
 1908
 1874
 1848
 1834
 1826
 1826
 1838
 1854
 1876
 1904
 1936
 1968
 2000
 2032
 2060
 2086
 2114
 2140
 2178
 2222
 2262
 2304
 2344
 2386
 2428
 2466
 2500
 2542
 2582
 2622
 2658
 2694
 2734
 2772
 2806
 2838
 2864
 2890
 2912
 2934
 2952
 2976
 2988
 2996
 3004
 3012
 3036
 3054
 3060
 3062
 3058
 3050
 3034
 3012
 2990
 2968
 2938
 2900
 2858
 2814
 2766
 2718
 2672
 2624
 2574
 2522
 2472
 2420
 2368
 2318
 2260
 2204
 2152
 2102
 2056
 2008
 1966
 1930
 1906
 1894
 1890
 1896
 1910
 1928
 1952
 1976
 1998
 2030
 2062
 2098
 2136
 2172
 2208
 2244
 2278
 2318
 2352
 2380
 2414
 2442
 2482
 2530
 2572
 2616
 2656
 2696
 2736
 2768
 2798
 2832
 2860
 2888
 2912
 2932
 2950
 2968
 2986
 3002
 3016
 3028
 3040
 3048
 3052
 3054
 3050
 3048
 3044
 3044
 3058
 3072
 3082
 3086
 3090
 3088
 3084
 3076
 3066
 3050
 3028
 3000
 2970
 2938
 2902
 2866
 2828
 2786
 2744
 2704
 2658
 2614
 2568
 2520
 2466
 2412
 2358
 2308
 2260
 2208
 2152
 2096
 2042
 1994
 1944
 1900
 1862
 1830
 1804
 1788
 1782
 1788
 1802
 1824
 1848
 1878
 1910
 1942
 1976
 2016
 2052
 2080
 2112
 2142
 2180
 2228
 2270
 2310
 2352
 2398
 2442
 2480
 2516
 2556
 2594
 2632
 2668
 2700
 2730
 2764
 2796
 2824
 2848
 2870
 2886
 2902
 2918
 2934
 2942
 2944
 2948
 2950
 2970
 2990
 3000
 3000
 2996
 2988
 2974
 2952
 2930
 2904
 2872
 2836
 2800
 2758
 2720
 2682
 2644
 2606
 2566
 2526
 2488
 2448
 2410
 2372
 2334
 2284
 2236
 2182
 2132
 2086
 2040
 2002
 1968
 1946
 1936
 1934
 1942
 1960
 1978
 2002
 2028
 2054
 2088
 2122
 2156
 2188
 2220
 2252
 2286
 2320
 2354
 2390
 2422
 2446
 2476
 2502
 2542
 2588
 2630
 2666
 2698
 2726
 2752
 2774
 2796
 2820
 2846
 2868
 2876
 2886
 2902
 2916
 2926
 2934
 2944
 2950
 2956
 2962
 2970
 2976
 2976
 2972
 2966
 2956
 2952
 2952
 2942
 2928
 2908
 2880
 2846
 2812
 2776
 2738
 2698
 2658
 2610
 2560
 2512
 2462
 2412
 2358
 2306
 2254
 2202
 2146
 2094
 2042
 1990
 1934
 1886
 1844
 1816
 1796
 1782
 1772
 1770
 1780
 1800
 1822
 1854
 1884
 1920
 1956
 1994
 2038
 2078
 2118
 2158
 2200
 2240
 2284
 2326
 2370
 2416
 2454
 2486
 2520
 2554
 2604
 2656
 2700
 2742
 2778
 2816
 2846
 2872
 2900
 2926
 2946
 2962
 2976
 2990
 3002
 3014
 3024
 3036
 3042
 3046
 3048
 3038
 3026
 3004
 2970
 2938
 2900
 2882
 2878
 2858
 2818
 2760
 2700
 2646
 2602
 2558
 2518
 2472
 2432
 2390
 2348
 2304
 2268
 2230
 2194
 2158
 2124
 2090
 2056
 2024
 1994
 1966
 1944
 1930
 1930
 1940
 1954
 1976
 2004
 2034
 2070
 2108
 2144
 2186
 2228
 2274
 2320
 2362
 2402
 2440
 2476
 2512
 2546
 2574
 2602
 2632
 2660
 2686
 2706
 2718
 2738
 2750
 2776
 2810
 2834
 2860
 2882
 2908
 2932
 2952
 2972
 2986
 2998
 3010
 3022
 3030
 3038
 3046
 3054
 3056
 3050
 3038
 3022
 3000
 2980
 2954
 2914
 2870
 2830
 2792
 2762
 2728
 2688
 2652
 2612
 2570
 2530
 2484
 2442
 2394
 2344
 2292
 2238
 2182
 2132
 2084
 2040
 2012
 1994
 1984
 1984
 1994
 2010
 2030
 2050
 2076
 2100
 2134
 2174
 2212
 2254
 2292
 2334
 2380
 2418
 2456
 2494
 2536
 2572
 2606
 2634
 2664
 2692
 2720
 2746
 2770
 2792
 2812
 2832
 2850
 2866
 2874
 2880
 2886
 2900
 2928
 2950
 2970
 2980
 2988
 2996
 2998
 2996
 2992
 2980
 2958
 2924
 2882
 2850
 2832
 2806
 2758
 2696
 2644
 2600
 2558
 2514
 2474
 2432
 2384
 2342
 2298
 2266
 2232
 2198
 2162
 2130
 2096
 2066
 2032
 2002
 1970
 1948
 1928
 1916
 1914
 1922
 1936
 1958
 1984
 2012
 2044
 2078
 2112
 2148
 2178
 2208
 2240
 2274
 2322
 2364
 2408
 2446
 2486
 2530
 2568
 2600
 2634
 2664
 2694
 2724
 2746
 2766
 2788
 2812
 2828
 2844
 2862
 2876
 2890
 2906
 2926
 2938
 2942
 2948
 2952
 2970
 2992
 3000
 2998
 2992
 2980
 2966
 2944
 2918
 2888
 2852
 2814
 2770
 2726
 2684
 2642
 2602
 2564
 2522
 2480
 2438
 2394
 2354
 2310
 2258
 2210
 2164
 2120
 2078
 2036
 1998
 1962
 1934
 1918
 1914
 1920
 1936
 1954
 1976
 1996
 2022
 2050
 2082
 2116
 2156
 2188
 2222
 2260
 2292
 2324
 2362
 2394
 2420
 2452
 2480
 2524
 2570
 2612
 2656
 2696
 2738
 2776
 2812
 2846
 2876
 2908
 2934
 2956
 2978
 2994
 3006
 3014
 3014
 3006
 2992
 2970
 2944
 2912
 2878
 2830
 2774
 2720
 2668
 2628
 2576
 2524
 2472
 2418
 2370
 2326
 2280
 2238
 2196
 2154
 2110
 2068
 2026
 1986
 1950
 1914
 1880
 1844
 1806
 1770
 1734
 1704
 1684
 1668
 1668
 1674
 1696
 1720
 1750
 1786
 1824
 1872
 1922
 1964
 2006
 2050
 2088
 2128
 2166
 2202
 2242
 2282
 2324
 2364
 2398
 2432
 2468
 2500
 2534
 2560
 2588
 2616
 2636
 2676
 2710
 2740
 2772
 2800
 2826
 2854
 2878
 2904
 2926
 2946
 2962
 2976
 2988
 2996
 2996
 2988
 2976
 2958
 2934
 2904
 2870
 2838
 2796
 2748
 2702
 2654
 2616
 2574
 2526
 2478
 2428
 2376
 2330
 2278
 2228
 2176
 2124
 2072
 2018
 1960
 1908
 1858
 1810
 1762
 1722
 1688
 1664
 1654
 1652
 1660
 1680
 1702
 1734
 1774
 1814
 1854
 1898
 1940
 1988
 2034
 2078
 2126
 2178
 2230
 2290
 2350
 2408
 2466
 2520
 2574
 2624
 2670
 2710
 2752
 2792
 2822
 2844
 2866
 2884
 2916
 2950
 2976
 2996
 3020
 3034
 3050
 3062
 3074
 3080
 3078
 3070
 3056
 3032
 3002
 2960
 2916
 2868
 2820
 2768
 2714
 2662
 2606
 2548
 2488
 2432
 2370
 2320
 2258
 2196
 2136
 2080
 2024
 1972
 1910
 1858
 1800
 1748
 1694
 1652
 1620
 1604
 1602
 1610
 1628
 1654
 1684
 1716
 1756
 1798
 1840
 1886
 1928
 1980
 2028
 2072
 2118
 2166
 2214
 2262
 2304
 2350
 2396
 2442
 2488
 2530
 2570
 2610
 2650
 2688
 2726
 2760
 2788
 2814
 2838
 2864
 2884
 2894
 2908
 2916
 2930
 2956
 2976
 2992
 3004
 3010
 3018
 3018
 3018
 3012
 2998
 2978
 2952
 2920
 2890
 2852
 2816
 2776
 2734
 2690
 2646
 2602
 2556
 2512
 2464
 2410
 2358
 2302
 2256
 2206
 2152
 2096
 2044
 1988
 1936
 1882
 1840
 1806
 1786
 1778
 1782
 1800
 1824
 1858
 1902
 1948
 2000
 2054
 2112
 2172
 2234
 2290
 2340
 2392
 2438
 2502
 2564
 2616
 2662
 2706
 2750
 2790
 2822
 2856
 2886
 2912
 2932
 2948
 2966
 2980
 2992
 3004
 3014
 3020
 3030
 3036
 3040
 3048
 3050
 3046
 3042
 3040
 3052
 3070
 3082
 3088
 3086
 3078
 3066
 3046
 3022
 2996
 2966
 2934
 2900
 2862
 2820
 2776
 2728
 2676
 2620
 2564
 2504
 2446
 2388
 2330
 2268
 2214
 2156
 2106
 2054
 1998
 1942
 1888
 1836
 1788
 1736
 1682
 1628
 1574
 1522
 1476
 1438
 1412
 1398
 1398
 1406
 1422
 1448
 1480
 1518
 1554
 1590
 1636
 1682
 1744
 1804
 1862
 1916
 1968
 2016
 2066
 2102
 2148
 2190
 2238
 2286
 2330
 2378
 2426
 2474
 2524
 2568
 2610
 2648
 2686
 2726
 2760
 2782
 2806
 2824
 2856
 2896
 2926
 2956
 2978
 2998
 3020
 3034
 3052
 3066
 3076
 3082
 3084
 3078
 3066
 3050
 3030
 3004
 2976
 2942
 2908
 2876
 2840
 2804
 2758
 2700
 2646
 2592
 2546
 2498
 2446
 2394
 2340
 2290
 2242
 2188
 2140
 2086
 2030
 1976
 1918
 1862
 1810
 1760
 1710
 1660
 1610
 1558
 1508
 1466
 1432
 1402
 1380
 1360
 1360
 1370
 1386
 1408
 1436
 1470
 1512
 1550
 1590
 1638
 1686
 1734
 1782
 1826
 1872
 1918
 1966
 2012
 2058
 2102
 2150
 2200
 2252
 2294
 2340
 2384
 2426
 2486
 2540
 2588
 2636
 2676
 2720
 2758
 2786
 2820
 2852
 2880
 2902
 2924
 2942
 2960
 2976
 2990
 3002
 3012
 3016
 3018
 3018
 3008
 2986
 2964
 2934
 2910
 2888
 2854
 2818
 2784
 2746
 2708
 2668
 2630
 2598
 2568
 2526
 2464
 2390
 2324
 2270
 2224
 2182
 2144
 2112
 2086
 2062
 2048
 2040
 2038
 2044
 2054
 2076
 2100
 2122
 2146
 2170
 2198
 2228
 2254
 2284
 2318
 2352
 2386
 2420
 2454
 2488
 2522
 2558
 2592
 2626
 2658
 2690
 2720
 2750
 2776
 2792
 2814
 2828
 2856
 2890
 2922
 2952
 2992
 3030
 3048
 3046
 3040
 3040
 3042
 3040
 3034
 3020
 3004
 2986
 2962
 2934
 2898
 2862
 2826
 2784
 2746
 2710
 2668
 2620
 2576
 2530
 2496
 2458
 2420
 2380
 2340
 2304
 2270
 2236
 2206
 2176
 2144
 2116
 2080
 2050
 2022
 1998
 1982
 1974
 1976
 1984
 2000
 2022
 2046
 2066
 2094
 2120
 2156
 2196
 2234
 2274
 2324
 2378
 2418
 2444
 2456
 2480
 2506
 2534
 2560
 2586
 2616
 2646
 2676
 2706
 2732
 2758
 2784
 2808
 2834
 2856
 2870
 2888
 2900
 2918
 2950
 2974
 2992
 3006
 3012
 3014
 3008
 2998
 2986
 2970
 2946
 2912
 2878
 2840
 2802
 2766
 2730
 2688
 2648
 2602
 2560
 2522
 2486
 2450
 2410
 2356
 2296
 2240
 2188
 2136
 2090
 2050
 2020
 1996
 1978
 1972
 1972
 1976
 1986
 1998
 2018
 2042
 2070
 2096
 2124
 2152
 2174
 2196
 2220
 2240
 2260
 2286
 2312
 2356
 2394
 2430
 2468
 2506
 2544
 2584
 2612
 2650
 2684
 2716
 2746
 2776
 2806
 2832
 2858
 2882
 2904
 2916
 2924
 2928
 2934
 2944
 2946
 2940
 2942
 2946
 2968
 2980
 2980
 2976
 2964
 2946
 2922
 2890
 2862
 2832
 2798
 2762
 2724
 2684
 2644
 2606
 2566
 2526
 2486
 2446
 2402
 2362
 2324
 2284
 2240
 2202
 2162
 2134
 2102
 2070
 2040
 2014
 1990
 1974
 1964
 1964
 1972
 1982
 1996
 2014
 2038
 2062
 2090
 2132
 2178
 2216
 2238
 2250
 2270
 2294
 2312
 2334
 2356
 2390
 2432
 2468
 2502
 2540
 2578
 2618
 2652
 2690
 2728
 2764
 2800
 2830
 2860
 2888
 2914
 2938
 2962
 2978
 2992
 3002
 3008
 3006
 2988
 2964
 2938
 2914
 2896
 2866
 2834
 2798
 2756
 2714
 2672
 2628
 2582
 2534
 2484
 2434
 2386
 2336
 2292
 2250
 2220
 2190
 2148
 2104
 2074
 2060
 2052
 2052
 2062
 2078
 2106
 2132
 2160
 2192
 2226
 2262
 2298
 2330
 2366
 2408
 2448
 2490
 2528
 2568
 2608
 2650
 2692
 2730
 2762
 2792
 2824
 2852
 2870
 2890
 2906
 2930
 2964
 2990
 3006
 3022
 3036
 3044
 3046
 3046
 3038
 3026
 3004
 2976
 2948
 2926
 2886
 2834
 2778
 2722
 2676
 2626
 2580
 2538
 2492
 2448
 2404
 2366
 2330
 2288
 2250
 2206
 2166
 2124
 2074
 2028
 1980
 1930
 1884
 1844
 1810
 1788
 1782
 1786
 1802
 1824
 1850
 1884
 1922
 1956
 1994
 2038
 2078
 2136
 2186
 2232
 2278
 2328
 2376
 2426
 2464
 2512
 2566
 2624
 2672
 2704
 2728
 2750
 2774
 2798
 2822
 2844
 2866
 2886
 2908
 2922
 2932
 2944
 2958
 2986
 3010
 3028
 3048
 3062
 3070
 3072
 3066
 3056
 3040
 3012
 2984
 2954
 2922
 2888
 2854
 2814
 2770
 2726
 2676
 2630
 2576
 2514
 2452
 2392
 2330
 2276
 2214
 2154
 2092
 2030
 1970
 1910
 1850
 1798
 1750
 1714
 1686
 1668
 1662
 1670
 1690
 1718
 1748
 1776
 1808
 1844
 1870
 1902
 1938
 1972
 2022
 2070
 2120
 2162
 2202
 2242
 2284
 2322
 2370
 2422
 2478
 2528
 2576
 2624
 2674
 2722
 2766
 2806
 2840
 2876
 2912
 2936
 2952
 2964
 2966
 2974
 2980
 2974
 2958
 2938
 2910
 2880
 2844
 2806
 2762
 2714
 2668
 2620
 2574
 2532
 2486
 2432
 2368
 2298
 2230
 2162
 2100
 2038
 1970
 1910
 1844
 1788
 1732
 1678
 1626
 1578
 1538
 1510
 1488
 1484
 1484
 1498
 1518
 1546
 1580
 1620
 1666
 1712
 1758
 1804
 1848
 1894
 1936
 1972
 2022
 2064
 2116
 2174
 2224
 2274
 2322
 2374
 2426
 2470
 2514
 2560
 2606
 2648
 2686
 2724
 2760
 2794
 2826
 2854
 2878
 2904
 2926
 2948
 2966
 2976
 2984
 2990
 3002
 3028
 3048
 3062
 3070
 3072
 3068
 3056
 3044
 3030
 3012
 2984
 2950
 2916
 2878
 2840
 2796
 2754
 2708
 2662
 2614
 2562
 2510
 2456
 2396
 2338
 2286
 2232
 2184
 2132
 2076
 2018
 1958
 1908
 1866
 1822
 1772
 1718
 1660
 1600
 1538
 1478
 1414
 1344
 1270
 1186
 1096
 1014
 938
 866
 770
 678
 592
 506
 418
 328
 240
 152
 70
 0
 0
 0
 0
 0
 0
 0
 0
 0
 0
 0
 0
 0
 0
 0
 0
 0
 0
 0
 0
 0
 0
 0
 0
 0
 0
 0
 0
 0
 0
 0
 24
 70
 118
 170
 224
 274
 324
 388
 436
 490
 542
 590
 638
 682
 728
 772
 810
 854
 896
 936
 978
 1020
 1064
 1104
 1144
 1182
 1220
 1260
 1300
 1342
 1376
 1408
 1452
 1490
 1538
 1604
 1660
 1716
 1764
 1814
 1864
 1910
 1954
 1996
 2028
 2058
 2088
 2118
 2146
 2180
 2218
 2254
 2290
 2324
 2358
 2390
 2424
 2460
 2502
 2546
 2578
 2614
 2646
 2686
 2744
 2794
 2834
 2868
 2900
 2936
 2966
 2994
 3024
 3048
 3058
 3052
 3034
 3008
 2976
 2936
 2890
 2838
 2778
 2718
 2656
 2592
 2534
 2472
 2400
 2332
 2262
 2204
 2148
 2088
 2032
 1974
 1920
 1872
 1820
 1772
 1722
 1674
 1628
 1580
 1536
 1492
 1452
 1408
 1366
 1322
 1278
 1230
 1186
 1146
 1104
 1066
 1036
 1018
 1006
 996
 994
 994
 1004
 1016
 1030
 1046
 1074
 1102
 1134
 1164
 1196
 1230
 1264
 1302
 1340
 1378
 1418
 1458
 1498
 1542
 1580
 1624
 1676
 1726
 1786
 1842
 1898
 1950
 2002
 2056
 2108
 2154
 2208
 2260
 2312
 2366
 2416
 2464
 2516
 2566
 2616
 2662
 2712
 2762
 2808
 2848
 2884
 2906
 2924
 2930
 2934
 2944
 2948
 2952
 2954
 2956
 2962
 2968
 2970
 2972
 2956
 2924
 2884
 2834
 2780
 2726
 2674
 2618
 2562
 2504
 2444
 2388
 2332
 2276
 2218
 2166
 2114
 2070
 2030
 1992
 1960
 1928
 1900
 1876
 1854
 1840
 1834
 1834
 1838
 1850
 1866
 1888
 1912
 1936
 1962
 1996
 2030
 2066
 2110
 2152
 2184
 2226
 2262
 2312
 2368
 2418
 2468
 2518
 2570
 2626
 2674
 2720
 2768
 2814
 2854
 2892
 2926
 2950
 2976
 3000
 3020
 3038
 3056
 3074
 3094
 3108
 3110
 3112
 3114
 3126
 3152
 3170
 3184
 3194
 3202
 3214
 3220
 3228
 3236
 3242
 3244
 3244
 3240
 3238
 3236
 3236
 3228
 3212
 3192
 3164
 3132
 3094
 3042
 2984
 2930
 2882
 2846
 2802
 2760
 2710
 2660
 2612
 2568
 2520
 2476
 2430
 2386
 2340
 2294
 2250
 2212
 2178
 2150
 2126
 2108
 2098
 2094
 2096
 2100
 2108
 2122
 2142
 2172
 2206
 2240
 2274
 2308
 2344
 2382
 2416
 2454
 2494
 2532
 2570
 2602
 2634
 2668
 2702
 2734
 2762
 2788
 2810
 2832
 2852
 2868
 2876
 2886
 2890
 2908
 2938
 2958
 2976
 2988
 3000
 3014
 3022
 3030
 3036
 3042
 3044
 3048
 3048
 3050
 3052
 3058
 3062
 3064
 3066
 3066
 3066
 3066
 3058
 3038
 3016
 2992
 2982
 2972
 2950
 2922
 2892
 2856
 2820
 2786
 2752
 2718
 2686
 2654
 2626
 2604
 2586
 2576
 2574
 2576
 2582
 2592
 2606
 2622
 2642
 2658
 2670
 2688
 2708
 2744
 2780
 2812
 2842
 2870
 2894
 2924
 2946
 2970
 2988
 3004
 3016
 3024
 3034
 3042
 3052
 3064
 3072
