 3226
 3194
 3158
 3114
 3066
 3018
 2968
 2920
 2870
 2818
 2764
 2706
 2646
 2590
 2534
 2478
 2420
 2362
 2300
 2238
 2176
 2114
 2050
 1986
 1926
 1866
 1810
 1750
 1686
 1622
 1560
 1508
 1464
 1432
 1408
 1390
 1374
 1364
 1352
 1338
 1320
 1302
 1280
 1258
 1222
 1174
 1124
 1074
 1020
 964
 900
 836
 774
 710
 638
 558
 476
 396
 306
 206
 102
 0
 0
 0
 0
 0
 0
 0
 0
 0
 0
 0
 0
 0
 0
 0
 0
 0
 0
 0
 0
 0
 0
 62
 116
 168
 216
 262
 308
 348
 388
 424
 450
 464
 482
 500
 516
 536
 556
 574
 598
 626
 662
 700
 738
 778
 818
 868
 916
 966
 1012
 1064
 1128
 1192
 1256
 1316
 1378
 1432
 1486
 1538
 1582
 1626
 1668
 1706
 1742
 1778
 1804
 1832
 1860
 1882
 1904
 1928
 1950
 1974
 2000
 2024
 2048
 2076
 2102
 2124
 2152
 2178
 2210
 2240
 2266
 2290
 2312
 2330
 2346
 2362
 2378
 2394
 2408
 2422
 2438
 2452
 2468
 2482
 2498
 2512
 2524
 2536
 2546
 2558
 2574
 2590
 2604
 2620
 2630
 2642
 2656
 2670
 2684
 2702
 2720
 2728
 2734
 2738
 2744
 2748
 2754
 2762
 2774
 2784
 2798
 2818
 2836
 2852
 2866
 2876
 2888
 2898
 2904
 2910
 2914
 2918
 2920
 2922
 2926
 2928
 2932
 2934
 2932
 2930
 2928
 2928
 2930
 2932
 2930
 2926
 2920
 2908
 2894
 2880
 2858
 2832
 2800
 2766
 2732
 2694
 2656
 2616
 2580
 2546
 2506
 2472
 2444
 2422
 2406
 2388
 2372
 2356
 2340
 2328
 2332
 2344
 2364
 2386
 2418
 2442
 2464
 2492
 2522
 2550
 2572
 2594
 2610
 2628
 2642
 2654
 2662
 2666
 2670
 2672
 2674
 2674
 2676
 2674
 2664
 2660
 2654
 2658
 2664
 2656
 2662
 2670
 2680
 2686
 2690
 2694
 2694
 2690
 2702
 2714
 2724
 2732
 2750
 2766
 2774
 2774
 2766
 2754
 2742
 2736
 2724
 2712
 2708
 2710
 2712
 2688
 2668
 2646
 2624
 2598
 2586
 2576
 2568
 2568
 2584
 2608
 2626
 2662
 2698
 2724
 2740
 2742
 2732
 2706
 2684
 2660
 2640
 2634
 2628
 2592
 2550
 2514
 2476
 2438
 2408
 2376
 2366
 2366
 2372
 2390
 2412
 2452
 2498
 2538
 2574
 2612
 2650
 2686
 2726
 2764
 2804
 2840
 2878
 2914
 2946
 2972
 2998
 3030
 3058
 3084
 3114
 3142
 3164
 3188
 3210
 3230
 3248
 3264
 3272
 3276
 3274
 3264
 3238
 3206
 3162
 3132
 3122
 3102
 3076
 3052
 3026
 3002
 2972
 2940
 2914
 2888
 2858
 2826
 2790
 2764
 2744
 2724
 2700
 2682
 2656
 2626
 2596
 2558
 2514
 2468
 2426
 2384
 2336
 2288
 2252
 2230
 2214
 2210
 2210
 2204
 2208
 2224
 2244
 2258
 2284
 2308
 2326
 2352
 2376
 2402
 2430
 2458
 2486
 2512
 2538
 2568
 2592
 2612
 2636
 2660
 2690
 2716
 2740
 2760
 2776
 2790
 2802
 2816
 2830
 2838
 2846
 2850
 2856
 2860
 2862
 2862
 2864
 2868
 2874
 2880
 2886
 2894
 2898
 2904
 2910
 2918
 2924
 2928
 2930
 2930
 2930
 2938
 2940
 2922
 2886
 2840
 2810
 2794
 2788
 2786
 2786
 2784
 2786
 2792
 2798
 2806
 2814
 2822
 2830
 2846
 2860
 2874
 2892
 2908
 2930
 2962
 2998
 3032
 3068
 3098
 3126
 3150
 3170
 3182
 3192
 3200
 3196
 3184
 3162
 3128
 3088
 3044
 3006
 2958
 2906
 2852
 2796
 2732
 2654
 2584
 2514
 2450
 2390
 2336
 2288
 2250
 2228
 2222
 2204
 2192
 2212
 2244
 2300
 2332
 2372
 2408
 2436
 2458
 2474
 2482
 2500
 2522
 2536
 2546
 2556
 2566
 2580
 2610
 2644
 2678
 2710
 2720
 2700
 2684
 2680
 2692
 2710
 2726
 2732
 2736
 2738
 2732
 2724
 2722
 2734
 2750
 2768
 2786
 2812
 2836
 2860
 2890
 2914
 2932
 2952
 2968
 2988
 3008
 3018
 3032
 3050
 3074
 3098
 3118
 3136
 3154
 3170
 3186
 3204
 3224
 3242
 3260
 3276
 3294
 3312
 3326
 3340
 3356
 3374
 3398
 3420
 3440
 3458
 3472
 3486
 3500
 3512
 3524
 3528
 3532
 3534
 3536
 3528
 3514
 3496
 3478
 3460
 3436
 3404
 3368
 3332
 3290
 3250
 3208
 3162
 3118
 3072
 3024
 2972
 2920
 2866
 2812
 2756
 2706
 2664
 2624
 2584
 2542
 2498
 2456
 2414
 2368
 2324
 2276
 2226
 2176
 2126
 2084
 2042
 2004
 1976
 1956
 1948
 1942
 1944
 1946
 1954
 1968
 1990
 2014
 2044
 2074
 2104
 2136
 2168
 2200
 2234
 2266
 2300
 2336
 2374
 2416
 2456
 2496
 2532
 2568
 2596
 2628
 2662
 2692
 2722
 2750
 2778
 2808
 2840
 2874
 2904
 2926
 2948
 2970
 2994
 3018
 3040
 3060
 3070
 3078
 3084
 3094
 3090
 3070
 3050
 3034
 3022
 3008
 2998
 2998
 2994
 2988
 2988
 2994
 3006
 3018
 3026
 3034
 3042
 3054
 3062
 3076
 3086
 3098
 3108
 3122
 3132
 3146
 3160
 3174
 3186
 3198
 3208
 3226
 3246
 3262
 3278
 3292
 3306
 3320
 3336
 3350
 3364
 3374
 3386
 3398
 3408
 3414
 3420
 3424
 3426
 3426
 3432
 3440
 3452
 3458
 3466
 3470
 3472
 3476
 3478
 3478
 3468
 3456
 3444
 3430
 3412
 3388
 3360
 3326
 3290
 3250
 3212
 3182
 3152
 3126
 3098
 3066
 3032
 2996
 2960
 2922
 2880
 2838
 2794
 2752
 2710
 2672
 2634
 2596
 2554
 2514
 2478
 2450
 2424
 2396
 2370
 2348
 2326
 2314
 2304
 2302
 2304
 2308
 2316
 2328
 2342
 2360
 2380
 2400
 2422
 2446
 2474
 2504
 2532
 2558
 2584
 2608
 2632
 2656
 2682
 2708
 2732
 2754
 2778
 2798
 2818
 2840
 2858
 2876
 2894
 2914
 2938
 2962
 2986
 3010
 3028
 3044
 3058
 3078
 3098
 3114
 3132
 3146
 3162
 3180
 3196
 3212
 3222
 3232
 3240
 3248
 3262
 3274
 3286
 3298
 3310
 3318
 3326
 3336
 3348
 3358
 3364
 3374
 3382
 3392
 3400
 3404
 3406
 3404
 3398
 3394
 3388
 3380
 3364
 3344
 3318
 3288
 3254
 3218
 3180
 3136
 3088
 3038
 2988
 2938
 2886
 2832
 2774
 2716
 2660
 2604
 2558
 2508
 2458
 2410
 2360
 2312
 2262
 2216
 2168
 2118
 2068
 2018
 1970
 1924
 1886
 1852
 1826
 1810
 1802
 1802
 1806
 1812
 1822
 1838
 1860
 1890
 1922
 1956
 1994
 2032
 2072
 2112
 2154
 2198
 2238
 2276
 2316
 2356
 2400
 2442
 2484
 2522
 2558
 2588
 2616
 2644
 2674
 2698
 2722
 2746
 2774
 2800
 2830
 2860
 2886
 2908
 2932
 2960
 2992
 3020
 3044
 3068
 3090
 3110
 3130
 3146
 3166
 3186
 3206
 3222
 3240
 3258
 3278
 3296
 3310
 3318
 3328
 3344
 3368
 3386
 3398
 3410
 3420
 3428
 3432
 3438
 3446
 3450
 3454
 3458
 3458
 3460
 3460
 3456
 3442
 3416
 3384
 3350
 3322
 3294
 3262
 3226
 3190
 3152
 3112
 3070
 3030
 2986
 2940
 2896
 2850
 2804
 2756
 2706
 2658
 2608
 2558
 2508
 2460
 2416
 2376
 2334
 2290
 2248
 2206
 2166
 2130
 2094
 2058
 2020
 1984
 1952
 1922
 1898
 1884
 1874
 1872
 1880
 1892
 1916
 1944
 1974
 2008
 2040
 2074
 2108
 2144
 2182
 2216
 2250
 2284
 2318
 2350
 2378
 2410
 2434
 2458
 2486
 2512
 2548
 2580
 2608
 2638
 2668
 2694
 2724
 2752
 2778
 2802
 2826
 2852
 2878
 2906
 2932
 2956
 2980
 3002
 3026
 3048
 3078
 3106
 3134
 3158
 3182
 3200
 3210
 3222
 3238
 3252
 3264
 3276
 3286
 3296
 3308
 3316
 3326
 3332
 3334
 3336
 3338
 3342
 3348
 3356
 3362
 3366
 3366
 3362
 3356
 3348
 3332
 3308
 3280
 3250
 3216
 3180
 3140
 3102
 3064
 3020
 2976
 2928
 2884
 2848
 2810
 2768
 2722
 2676
 2628
 2582
 2538
 2492
 2446
 2398
 2352
 2304
 2260
 2212
 2168
 2128
 2086
 2046
 2014
 1984
 1962
 1946
 1926
 1912
 1904
 1902
 1904
 1914
 1930
 1950
 1972
 1994
 2024
 2056
 2090
 2128
 2166
 2206
 2244
 2282
 2326
 2370
 2414
 2452
 2488
 2522
 2554
 2584
 2618
 2648
 2678
 2704
 2734
 2758
 2782
 2804
 2828
 2848
 2868
 2886
 2906
 2930
 2948
 2966
 2984
 3000
 3018
 3030
 3044
 3060
 3074
 3086
 3098
 3106
 3120
 3134
 3150
 3160
 3168
 3174
 3180
 3188
 3198
 3208
 3220
 3232
 3242
 3248
 3256
 3264
 3274
 3282
 3284
 3290
 3292
 3298
 3298
 3298
 3298
 3296
 3292
 3288
 3284
 3290
 3296
 3304
 3306
 3306
 3306
 3306
 3304
 3306
 3302
 3298
 3292
 3280
 3268
 3250
 3228
 3202
 3174
 3140
 3100
 3058
 3018
 2982
 2952
 2920
 2886
 2852
 2816
 2778
 2740
 2704
 2666
 2628
 2588
 2552
 2514
 2478
 2438
 2402
 2364
 2324
 2284
 2246
 2212
 2182
 2150
 2122
 2090
 2058
 2026
 1996
 1970
 1942
 1916
 1890
 1870
 1856
 1850
 1852
 1858
 1870
 1884
 1908
 1934
 1966
 2004
 2044
 2084
 2124
 2166
 2204
 2240
 2282
 2326
 2378
 2426
 2472
 2518
 2562
 2604
 2646
 2682
 2714
 2746
 2776
 2814
 2850
 2884
 2910
 2932
 2952
 2968
 2988
 3008
 3024
 3042
 3056
 3072
 3086
 3092
 3102
 3108
 3110
 3110
 3112
 3122
 3134
 3148
 3156
 3164
 3168
 3172
 3174
 3176
 3172
 3170
 3166
 3162
 3154
 3144
 3128
 3112
 3098
 3074
 3046
 3018
 2992
 2972
 2950
 2924
 2896
 2866
 2836
 2804
 2770
 2736
 2700
 2662
 2624
 2588
 2552
 2516
 2478
 2438
 2396
 2356
 2318
 2286
 2252
 2220
 2184
 2150
 2118
 2086
 2058
 2032
 2012
 1994
 1982
 1978
 1978
 1986
 1996
 2006
 2020
 2038
 2060
 2088
 2114
 2140
 2166
 2192
 2218
 2244
 2270
 2298
 2322
 2346
 2368
 2392
 2414
 2438
 2460
 2480
 2502
 2524
 2546
 2574
 2600
 2624
 2646
 2666
 2682
 2698
 2714
 2726
 2740
 2752
 2762
 2772
 2784
 2792
 2804
 2814
 2822
 2828
 2838
 2854
 2868
 2882
 2892
 2900
 2910
 2914
 2914
 2918
 2922
 2926
 2926
 2930
 2932
 2936
 2938
 2940
 2942
 2940
 2940
 2940
 2944
 2948
 2948
 2950
 2952
 2950
 2948
 2944
 2942
 2936
 2924
 2910
 2894
 2878
 2860
 2840
 2822
 2798
 2768
 2742
 2718
 2704
 2686
 2664
 2642
 2618
 2594
 2570
 2548
 2524
 2500
 2476
 2450
 2424
 2396
 2370
 2344
 2318
 2286
 2258
 2228
 2210
 2192
 2176
 2164
 2156
 2150
 2150
 2156
 2168
 2182
 2198
 2212
 2228
 2246
 2264
 2282
 2298
 2316
 2336
 2360
 2390
 2420
 2446
 2470
 2492
 2510
 2528
 2546
 2562
 2578
 2592
 2604
 2616
 2626
 2638
 2650
 2662
 2670
 2678
 2688
 2706
 2722
 2736
 2750
 2760
 2768
 2776
 2784
 2796
 2802
 2810
 2816
 2822
 2830
 2834
 2844
 2850
 2854
 2858
 2864
 2876
 2890
 2900
 2908
 2914
 2910
 2908
 2902
 2898
 2890
 2874
 2856
 2838
 2818
 2798
 2780
 2758
 2732
 2706
 2682
 2662
 2646
 2624
 2600
 2574
 2550
 2520
 2496
 2468
 2440
 2412
 2384
 2354
 2326
 2300
 2276
 2254
 2230
 2212
 2202
 2198
 2202
 2208
 2218
 2228
 2240
 2252
 2266
 2282
 2298
 2314
 2328
 2344
 2360
 2378
 2394
 2414
 2432
 2448
 2466
 2484
 2506
 2532
 2556
 2578
 2600
 2620
 2638
 2656
 2678
 2694
 2712
 2730
 2746
 2760
 2772
 2784
 2798
 2810
 2818
 2830
 2842
 2858
 2872
 2884
 2890
 2896
 2902
 2910
 2916
 2918
 2918
 2914
 2910
 2900
 2886
 2872
 2854
 2832
 2804
 2770
 2738
 2710
 2686
 2660
 2632
 2604
 2574
 2540
 2506
 2474
 2438
 2402
 2362
 2320
 2278
 2236
 2190
 2146
 2104
 2056
 2014
 1976
 1940
 1910
 1876
 1848
 1822
 1800
 1788
 1780
 1780
 1788
 1798
 1812
 1832
 1850
 1874
 1898
 1920
 1950
 1980
 2012
 2048
 2082
 2116
 2146
 2176
 2204
 2230
 2262
 2296
 2326
 2354
 2378
 2404
 2434
 2462
 2492
 2524
 2554
 2584
 2612
 2646
 2680
 2712
 2740
 2768
 2796
 2818
 2840
 2868
 2894
 2918
 2938
 2954
 2968
 2984
 2998
 3006
 3008
 3008
 3012
 3020
 3026
 3028
 3026
 3022
 3014
 3000
 2986
 2968
 2950
 2924
 2896
 2866
 2834
 2802
 2770
 2734
 2696
 2658
 2620
 2588
 2552
 2514
 2474
 2432
 2392
 2348
 2310
 2270
 2232
 2188
 2142
 2098
 2052
 2010
 1968
 1926
 1886
 1852
 1824
 1806
 1792
 1786
 1786
 1790
 1802
 1818
 1840
 1866
 1888
 1912
 1936
 1962
 1986
 2012
 2038
 2060
 2088
 2116
 2144
 2176
 2206
 2240
 2270
 2298
 2324
 2348
 2376
 2400
 2424
 2448
 2468
 2490
 2510
 2530
 2550
 2568
 2584
 2600
 2620
 2646
 2666
 2686
 2702
 2722
 2736
 2752
 2772
 2792
 2810
 2824
 2840
 2858
 2876
 2892
 2908
 2918
 2922
 2926
 2936
 2950
 2962
 2974
 2980
 2984
 2984
 2976
 2964
 2950
 2934
 2910
 2886
 2858
 2826
 2794
 2760
 2728
 2692
 2654
 2618
 2588
 2558
 2518
 2478
 2438
 2392
 2336
 2286
 2240
 2188
 2134
 2080
 2022
 1966
 1908
 1848
 1790
 1728
 1670
 1612
 1554
 1504
 1454
 1406
 1360
 1318
 1284
 1266
 1258
 1262
 1276
 1298
 1328
 1358
 1396
 1440
 1486
 1534
 1580
 1630
 1680
 1730
 1776
 1818
 1858
 1898
 1934
 1976
 2018
 2058
 2098
 2140
 2184
 2226
 2272
 2316
 2360
 2404
 2446
 2490
 2538
 2582
 2622
 2660
 2694
 2724
 2752
 2782
 2816
 2848
 2878
 2904
 2930
 2954
 2976
 2998
 3012
 3024
 3034
 3042
 3056
 3062
 3064
 3060
 3054
 3042
 3024
 3002
 2978
 2952
 2920
 2888
 2850
 2812
 2768
 2720
 2672
 2610
 2542
 2476
 2418
 2366
 2318
 2270
 2224
 2172
 2106
 2038
 1976
 1920
 1866
 1812
 1760
 1708
 1658
 1608
 1560
 1512
 1462
 1414
 1372
 1334
 1302
 1270
 1238
 1212
 1196
 1192
 1200
 1220
 1242
 1274
 1310
 1350
 1396
 1448
 1504
 1556
 1608
 1658
 1714
 1772
 1826
 1878
 1928
 1976
 2018
 2062
 2104
 2146
 2190
 2234
 2278
 2318
 2356
 2392
 2428
 2462
 2494
 2528
 2566
 2614
 2666
 2716
 2766
 2822
 2878
 2930
 2984
 3034
 3080
 3120
 3144
 3168
 3188
 3206
 3222
 3234
 3244
 3254
 3264
 3280
 3296
 3314
 3328
 3344
 3360
 3370
 3382
 3396
 3404
 3402
 3390
 3384
 3380
 3374
 3360
 3340
 3316
 3284
 3242
 3190
 3126
 3066
 3004
 2944
 2884
 2824
 2778
 2732
 2696
 2656
 2614
 2568
 2518
 2468
 2414
 2358
 2302
 2246
 2178
 2108
 2038
 1970
 1908
 1846
 1782
 1726
 1674
 1630
 1590
 1556
 1526
 1502
 1480
 1460
 1452
 1460
 1476
 1498
 1542
 1600
 1658
 1718
 1768
 1808
 1850
 1892
 1932
 1978
 2024
 2068
 2104
 2136
 2168
 2200
 2234
 2270
 2306
 2338
 2366
 2400
 2438
 2478
 2510
 2540
 2566
 2594
 2618
 2644
 2676
 2706
 2734
 2762
 2786
 2808
 2834
 2864
 2890
 2908
 2926
 2940
 2958
 2982
 3004
 3026
 3044
 3060
 3076
 3092
 3110
 3130
 3144
 3158
 3172
 3186
 3202
 3214
 3226
 3236
 3240
 3238
 3234
 3236
 3240
 3242
 3240
 3234
 3224
 3210
 3190
 3170
 3144
 3112
 3078
 3042
 3004
 2962
 2922
 2878
 2836
 2790
 2738
 2688
 2642
 2602
 2570
 2536
 2498
 2460
 2420
 2378
 2334
 2290
 2242
 2190
 2136
 2082
 2030
 1980
 1930
 1888
 1848
 1816
 1794
 1784
 1786
 1794
 1808
 1826
 1848
 1874
 1902
 1934
 1964
 1998
 2032
 2068
 2102
 2136
 2170
 2206
 2238
 2272
 2304
 2338
 2378
 2414
 2444
 2474
 2502
 2528
 2556
 2582
 2612
 2640
 2664
 2688
 2714
 2738
 2766
 2798
 2824
 2850
 2876
 2902
 2938
 2966
 2996
 3022
 3048
 3068
 3086
 3104
 3124
 3144
 3164
 3182
 3200
 3218
 3234
 3248
 3256
 3260
 3262
 3266
 3274
 3280
 3286
 3294
 3302
 3306
 3308
 3310
 3312
 3314
 3310
 3300
 3290
 3276
 3262
 3238
 3208
 3178
 3142
 3104
 3070
 3042
 3018
 2990
 2960
 2930
 2898
 2866
 2834
 2804
 2770
 2738
 2702
 2662
 2626
 2590
 2552
 2516
 2478
 2440
 2406
 2378
 2358
 2340
 2324
 2314
 2310
 2310
 2316
 2324
 2336
 2344
 2356
 2370
 2386
 2402
 2422
 2444
 2464
 2482
 2504
 2524
 2552
 2576
 2604
 2628
 2648
 2670
 2692
 2712
 2734
 2754
 2770
 2790
 2810
 2826
 2842
 2858
 2872
 2882
 2886
 2886
 2900
 2920
 2938
 2960
 2980
 2998
 3012
 3026
 3042
 3058
 3070
 3080
 3092
 3100
 3108
 3116
 3122
 3126
 3128
 3126
 3128
 3134
 3138
 3134
 3118
 3102
 3078
 3052
 3026
 2996
 2964
 2930
 2896
 2860
 2824
 2788
 2748
 2704
 2654
 2606
 2562
 2522
 2488
 2452
 2414
 2378
 2340
 2302
 2264
 2226
 2190
 2152
 2116
 2080
 2046
 2012
 1986
 1960
 1938
 1924
 1920
 1926
 1938
 1956
 1978
 2000
 2026
 2048
 2076
 2104
 2132
 2158
 2184
 2208
 2238
 2268
 2296
 2320
 2344
 2372
 2406
 2438
 2470
 2498
 2524
 2550
 2570
 2590
 2614
 2636
 2656
 2676
 2692
 2710
 2728
 2748
 2762
 2776
 2786
 2800
 2818
 2834
 2850
 2864
 2876
 2888
 2896
 2906
 2916
 2920
 2922
 2926
 2928
 2928
 2922
 2918
 2910
 2896
 2884
 2866
 2854
 2844
 2830
 2810
 2790
 2764
 2734
 2702
 2672
 2640
 2604
 2566
 2526
 2484
 2442
 2398
 2356
 2310
 2260
 2214
 2168
 2126
 2084
 2036
 1984
 1936
 1890
 1852
 1814
 1774
 1734
 1696
 1660
 1630
 1606
 1594
 1590
 1594
 1608
 1630
 1662
 1700
 1750
 1804
 1862
 1922
 1978
 2032
 2082
 2136
 2186
 2228
 2264
 2300
 2336
 2370
 2406
 2440
 2468
 2498
 2526
 2560
 2594
 2628
 2660
 2692
 2720
 2744
 2768
 2796
 2822
 2844
 2864
 2880
 2892
 2904
 2916
 2924
 2924
 2926
 2926
 2932
 2944
 2952
 2958
 2966
 2970
 2972
 2970
 2964
 2960
 2952
 2944
 2932
 2918
 2898
 2878
 2854
 2828
 2792
 2756
 2724
 2696
 2670
 2642
 2610
 2578
 2546
 2512
 2482
 2448
 2414
 2380
 2342
 2302
 2264
 2226
 2190
 2152
 2106
 2056
 2014
 1974
 1940
 1908
 1882
 1858
 1838
 1826
 1818
 1820
 1830
 1842
 1858
 1878
 1896
 1920
 1946
 1972
 2002
 2028
 2060
 2092
 2130
 2168
 2202
 2230
 2254
 2280
 2308
 2332
 2354
 2376
 2394
 2412
 2430
 2448
 2468
 2490
 2512
 2534
 2554
 2580
 2606
 2640
 2674
 2708
 2738
 2766
 2794
 2820
 2846
 2872
 2894
 2912
 2932
 2950
 2968
 2990
 3010
 3030
 3042
 3058
 3068
 3080
 3100
 3120
 3142
 3158
 3168
 3174
 3174
 3172
 3164
 3146
 3122
 3098
 3068
 3034
 2994
 2954
 2912
 2866
 2820
 2776
 2736
 2704
 2666
 2626
 2582
 2542
 2500
 2456
 2412
 2372
 2330
 2282
 2234
 2186
 2140
 2096
 2052
 2008
 1964
 1928
 1896
 1870
 1850
 1828
 1814
 1806
 1802
 1810
 1824
 1846
 1870
 1894
 1922
 1950
 1980
 2012
 2042
 2068
 2094
 2120
 2150
 2180
 2210
 2238
 2266
 2292
 2318
 2338
 2366
 2394
 2416
 2438
 2456
 2476
 2496
 2520
 2544
 2566
 2590
 2614
 2642
 2676
 2710
 2742
 2778
 2812
 2842
 2870
 2896
 2918
 2938
 2958
 2976
 2994
 3010
 3028
 3042
 3054
 3060
 3064
 3074
 3084
 3090
 3090
 3084
 3076
 3062
 3052
 3038
 3020
 2996
 2970
 2942
 2912
 2880
 2848
 2810
 2770
 2732
 2694
 2666
 2640
 2612
 2580
 2550
 2516
 2482
 2448
 2416
 2380
 2340
 2298
 2252
 2206
 2162
 2118
 2074
 2026
 1982
 1940
 1906
 1882
 1864
 1852
 1848
 1850
 1860
 1876
 1900
 1932
 1964
 1998
 2036
 2072
 2110
 2152
 2188
 2224
 2260
 2294
 2334
 2376
 2412
 2444
 2474
 2504
 2528
 2552
 2576
 2602
 2624
 2644
 2664
 2680
 2702
 2722
 2744
 2764
 2782
 2804
 2830
 2862
 2894
 2924
 2948
 2970
 2994
 3012
 3032
 3050
 3068
 3080
 3092
 3098
 3100
 3100
 3096
 3086
 3068
 3042
 3014
 2996
 2972
 2944
 2912
 2878
 2844
 2806
 2770
 2730
 2688
 2646
 2606
 2568
 2532
 2496
 2458
 2420
 2380
 2342
 2302
 2266
 2238
 2204
 2182
 2162
 2128
 2112
 2116
 2132
 2144
 2154
 2188
 2224
 2256
 2290
 2328
 2364
 2402
 2438
 2470
 2508
 2554
 2600
 2648
 2698
 2742
 2784
 2824
 2868
 2914
 2956
 2994
 3028
 3060
 3092
 3128
 3168
 3202
 3230
 3254
 3272
 3288
 3314
 3336
 3354
 3368
 3384
 3398
 3408
 3424
 3440
 3450
 3454
 3448
 3444
 3440
 3430
 3416
 3392
 3366
 3332
 3296
 3262
 3230
 3192
 3156
 3114
 3070
 3020
 2974
 2928
 2880
 2832
 2780
 2728
 2678
 2628
 2578
 2528
 2474
 2420
 2370
 2322
 2278
 2232
 2186
 2138
 2094
 2050
 2010
 1976
 1944
 1918
 1898
 1888
 1884
 1890
 1902
 1918
 1934
 1958
 1986
 2020
 2060
 2098
 2134
 2170
 2206
 2244
 2280
 2318
 2354
 2390
 2422
 2456
 2486
 2516
 2550
 2576
 2602
 2626
 2652
 2682
 2712
 2738
 2760
 2780
 2798
 2812
 2830
 2848
 2868
 2886
 2900
 2920
 2940
 2960
 2978
 2992
 3006
 3018
 3034
 3056
 3074
 3094
 3114
 3130
 3148
 3166
 3180
 3200
 3216
 3230
 3240
 3248
 3258
 3264
 3266
 3260
 3252
 3240
 3228
 3218
 3198
 3178
 3150
 3118
 3080
 3042
 3002
 2962
 2920
 2874
 2824
 2776
 2728
 2680
 2632
 2580
 2528
 2474
 2424
 2378
 2332
 2282
 2232
 2182
 2132
 2084
 2036
 1984
 1932
 1880
 1830
 1778
 1732
 1692
 1658
 1628
 1610
 1602
 1604
 1618
 1636
 1660
 1682
 1708
 1734
 1766
 1796
 1830
 1862
 1894
 1926
 1956
 1986
 2016
 2042
 2070
 2100
 2130
 2164
 2194
 2226
 2254
 2286
 2312
 2340
 2372
 2404
 2438
 2472
 2502
 2538
 2578
 2618
 2660
 2694
 2724
 2756
 2792
 2832
 2868
 2904
 2938
 2968
 2994
 3014
 3038
 3058
 3076
 3094
 3110
 3120
 3134
 3146
 3158
 3168
 3174
 3176
 3182
 3194
 3204
 3214
 3222
 3228
 3236
 3236
 3238
 3240
 3242
 3242
 3242
 3242
 3240
 3240
 3240
 3238
 3234
 3228
 3222
 3220
 3218
 3220
 3222
 3224
 3226
 3226
 3224
 3220
 3216
 3212
 3200
 3184
 3166
 3142
 3116
 3086
 3048
 3008
 2968
 2922
 2878
 2836
 2800
 2766
 2730
 2692
 2654
 2612
 2572
 2534
 2502
 2466
 2428
 2386
 2340
 2296
 2252
 2208
 2164
 2120
 2074
 2032
 1994
 1964
 1940
 1920
 1906
 1896
 1896
 1902
 1912
 1928
 1944
 1962
 1980
 2002
 2024
 2052
 2078
 2106
 2134
 2166
 2196
 2234
 2266
 2298
 2326
 2354
 2378
 2400
 2424
 2446
 2468
 2488
 2506
 2526
 2542
 2562
 2586
 2606
 2626
 2648
 2668
 2694
 2724
 2750
 2776
 2800
 2824
 2844
 2868
 2892
 2916
 2938
 2952
 2964
 2970
 2978
 2988
 2996
 3002
 3004
 3010
 3018
 3032
 3044
 3050
 3058
 3064
 3070
 3074
 3080
 3084
 3086
 3088
 3086
 3086
 3086
 3082
 3080
 3074
 3060
 3050
 3040
 3036
 3030
 3018
 3004
 2990
 2970
 2946
 2920
 2894
 2862
 2828
 2792
 2752
 2710
 2672
 2632
 2594
 2556
 2518
 2482
 2448
 2416
 2390
 2360
 2320
 2282
 2242
 2204
 2166
 2128
 2092
 2056
 2020
 1986
 1960
 1938
 1924
 1918
 1918
 1926
 1942
 1964
 1992
 2022
 2052
 2084
 2116
 2150
 2182
 2218
 2252
 2284
 2322
 2358
 2390
 2424
 2456
 2486
 2510
 2536
 2562
 2594
 2630
 2662
 2692
 2720
 2748
 2772
 2800
 2826
 2850
 2874
 2894
 2916
 2940
 2962
 2984
 3002
 3014
 3026
 3040
 3054
 3074
 3092
 3104
 3116
 3124
 3122
 3122
 3120
 3114
 3106
 3092
 3076
 3058
 3038
 3012
 2988
 2956
 2922
 2890
 2856
 2828
 2802
 2772
 2740
 2708
 2678
 2646
 2612
 2580
 2546
 2508
 2470
 2428
 2386
 2342
 2296
 2250
 2204
 2156
 2108
 2064
 2020
 1982
 1942
 1904
 1868
 1834
 1806
 1784
 1772
 1768
 1770
 1778
 1790
 1808
 1832
 1862
 1892
 1922
 1954
 1990
 2028
 2070
 2114
 2152
 2190
 2224
 2256
 2284
 2310
 2334
 2354
 2368
 2378
 2388
 2398
 2406
 2416
 2424
 2436
 2450
 2462
 2478
 2498
 2516
 2532
 2552
 2570
 2586
 2604
 2624
 2646
 2662
 2680
 2702
 2722
 2744
 2764
 2786
 2806
 2824
 2840
 2854
 2872
 2894
 2910
 2926
 2940
 2952
 2960
 2966
 2974
 2978
 2978
 2976
 2966
 2958
 2950
 2938
 2922
 2902
 2878
 2850
 2822
 2796
 2778
 2756
 2734
 2712
 2684
 2654
 2622
 2588
 2556
 2518
 2480
 2436
 2390
 2344
 2294
 2246
 2200
 2150
 2098
 2048
 1998
 1956
 1914
 1870
 1826
 1780
 1738
 1702
 1668
 1642
 1622
 1616
 1618
 1624
 1640
 1664
 1690
 1716
 1746
 1778
 1816
 1858
 1896
 1934
 1972
 2006
 2036
 2066
 2094
 2120
 2148
 2172
 2196
 2216
 2234
 2256
 2274
 2290
 2304
 2318
 2330
 2346
 2366
 2388
 2414
 2440
 2466
 2492
 2514
 2542
 2568
 2596
 2618
 2638
 2660
 2676
 2692
 2706
 2718
 2728
 2736
 2744
 2758
 2776
 2790
 2800
 2812
 2820
 2828
 2834
 2844
 2850
 2854
 2856
 2854
 2848
 2844
 2834
 2824
 2810
 2790
 2766
 2742
 2724
 2706
 2686
 2660
 2638
 2612
 2582
 2552
 2518
 2476
 2432
 2386
 2340
 2296
 2250
 2204
 2158
 2108
 2056
 2010
 1964
 1922
 1880
 1840
 1800
 1762
 1726
 1698
 1676
 1658
 1652
 1654
 1666
 1680
 1702
 1726
 1758
 1792
 1824
 1862
 1898
 1942
 1988
 2030
 2070
 2108
 2144
 2176
 2210
 2240
 2266
 2294
 2322
 2346
 2368
 2390
 2414
 2434
 2454
 2472
 2492
 2520
 2548
 2576
 2604
 2632
 2662
 2690
 2722
 2760
 2798
 2838
 2876
 2914
 2952
 2990
 3028
 3056
 3080
 3098
 3112
 3126
 3146
 3158
 3172
 3182
 3190
 3188
 3188
 3190
 3188
 3182
 3170
 3154
 3132
 3108
 3080
 3050
 3018
 2978
 2940
 2900
 2864
 2834
 2798
 2760
 2720
 2680
 2638
 2596
 2552
 2506
 2460
 2412
 2360
 2310
 2256
 2202
 2152
 2098
 2042
 1992
 1942
 1896
 1858
 1818
 1782
 1754
 1730
 1716
 1712
 1718
 1734
 1754
 1774
 1796
 1824
 1856
 1892
 1922
 1952
 1984
 2018
 2056
 2094
 2132
 2168
 2202
 2236
 2268
 2298
 2334
 2366
 2392
 2418
 2444
 2470
 2496
 2522
 2548
 2572
 2598
 2622
 2652
 2688
 2724
 2760
 2794
 2828
 2862
 2890
 2916
 2938
 2958
 2976
 2994
 3008
 3020
 3038
 3050
 3064
 3074
 3078
 3084
 3098
 3112
 3122
 3130
 3136
 3140
 3142
 3142
 3138
 3132
 3122
 3110
 3094
 3070
 3050
 3024
 2996
 2964
 2930
 2894
 2860
 2830
 2806
 2776
 2748
 2714
 2680
 2644
 2608
 2572
 2530
 2486
 2440
 2390
 2338
 2286
 2230
 2174
 2116
 2056
 1998
 1944
 1890
 1842
 1796
 1748
 1696
 1650
 1604
 1562
 1528
 1504
 1486
 1482
 1486
 1498
 1516
 1542
 1578
 1612
 1646
 1684
 1726
 1772
 1818
 1860
 1900
 1940
 1978
 2016
 2052
 2088
 2126
 2166
 2202
 2242
 2280
 2318
 2358
 2398
 2430
 2460
 2492
 2526
 2566
 2604
 2640
 2674
 2706
 2736
 2766
 2798
 2830
 2860
 2886
 2912
 2938
 2960
 2974
 2990
 3004
 3016
 3026
 3036
 3052
 3070
 3086
 3098
 3104
 3110
 3114
 3122
 3128
 3136
 3140
 3144
 3150
 3154
 3156
 3160
 3164
 3162
 3158
 3152
 3144
 3144
 3142
 3138
 3124
 3110
 3090
 3064
 3038
 3008
 2974
 2936
 2896
 2852
 2808
 2762
 2716
 2670
 2622
 2568
 2518
 2468
 2426
 2380
 2334
 2286
 2240
 2192
 2146
 2102
 2056
 2008
 1958
 1906
 1858
 1814
 1776
 1744
 1724
 1712
 1710
 1718
 1734
 1760
 1788
 1818
 1850
 1882
 1916
 1954
 1994
 2034
 2072
 2112
 2150
 2182
 2216
 2246
 2274
 2302
 2332
 2368
 2412
 2462
 2508
 2542
 2566
 2582
 2606
 2634
 2650
 2668
 2684
 2694
 2698
 2708
 2716
 2726
 2734
 2746
 2758
 2776
 2800
 2828
 2850
 2872
 2888
 2902
 2908
 2908
 2908
 2904
 2900
 2896
 2892
 2894
 2894
 2896
 2894
 2890
 2886
 2886
 2924
 2972
 2998
 3000
 3000
 3000
 3000
 2998
 3000
 3002
 3000
 2990
 2966
 2940
 2918
 2902
 2884
 2868
 2860
 2856
 2854
 2850
 2848
 2848
 2846
 2846
 2848
 2850
 2864
 2880
 2898
 2914
 2924
 2934
 2944
 2958
 2978
 2996
 3014
 3030
 3044
 3056
 3066
 3074
 3084
 3092
 3098
 3102
 3106
 3108
 3108
 3106
 3100
 3102
 3104
 3106
 3106
 3106
 3106
 3100
 3090
 3080
 3066
 3058
 3052
 3052
 3050
 3042
 3022
 2998
 2964
 2922
 2878
 2828
 2770
 2712
 2656
 2608
 2564
 2522
 2480
 2434
 2382
 2328
 2276
 2230
 2180
 2132
 2074
 2014
 1946
 1874
 1798
 1720
 1638
 1554
 1470
 1388
 1308
 1232
 1170
 1114
 1066
 1020
 984
 958
 938
 926
 916
 904
 898
 904
 918
 934
 938
 934
 916
 894
 870
 844
 812
 774
 732
 686
 632
 566
 488
 402
 298
 180
 56
 0
 0
 0
 0
 0
 0
 0
 0
 0
 0
 0
 0
 0
 0
 0
 0
 0
 0
 0
 0
 68
 144
 196
 236
 260
 262
 248
 220
 186
 156
 138
 132
 136
 164
 212
 276
 350
 428
 506
 580
 656
 734
 812
 892
 970
 1052
 1134
 1216
 1298
 1378
 1456
 1528
 1592
 1666
 1738
 1806
 1872
 1934
 1986
 2034
 2086
 2134
 2182
 2224
 2262
 2302
 2346
 2388
 2424
 2462
 2498
 2532
 2562
 2588
 2620
 2656
 2688
 2716
 2742
 2762
 2780
 2800
 2820
 2838
 2858
 2876
 2892
 2906
 2920
 2932
 2942
 2948
 2952
 2954
 2954
 2952
 2952
 2956
 2958
 2962
 2966
 2968
 2970
 2974
 2980
 2982
 2980
 2982
 2984
 2986
 2984
 2984
 2984
 2982
 2986
 2984
 2984
 2984
 2988
 3000
 3008
 3020
 3032
 3044
 3054
 3060
 3064
 3072
 3076
 3078
 3082
 3084
 3084
 3088
 3086
 3084
 3070
 3056
 3042
 3026
 3018
 3010
 2994
 2972
 2952
 2926
 2894
 2860
 2826
 2788
 2752
 2716
 2678
 2640
 2598
 2556
 2516
 2472
 2430
 2390
 2354
 2328
 2304
 2282
 2266
 2258
 2256
 2256
 2264
 2274
 2284
 2294
 2308
 2324
 2338
 2360
 2378
 2394
 2414
 2434
 2456
 2478
 2500
 2518
 2536
 2552
 2566
 2578
 2590
 2602
 2610
 2620
 2628
 2634
 2638
 2644
 2646
 2648
 2650
 2654
 2670
 2684
 2698
 2710
 2724
 2734
 2744
 2756
 2768
 2776
 2788
 2798
 2810
 2820
 2830
 2840
 2852
 2860
 2866
 2870
 2882
 2894
 2906
 2918
 2924
 2934
 2938
 2944
 2950
 2958
 2962
 2962
 2962
 2964
 2966
 2966
 2966
 2964
 2958
 2952
 2954
 2954
 2956
 2956
 2956
 2952
 2948
 2942
 2936
 2934
 2930
 2920
 2910
 2898
 2884
 2868
 2846
 2820
 2796
 2768
 2744
 2726
 2714
 2704
 2696
 2686
 2676
 2666
 2654
 2648
 2648
 2646
 2648
 2650
 2654
 2656
 2664
 2672
 2678
 2688
 2694
 2702
 2714
 2726
 2744
 2760
 2774
 2784
 2794
 2800
 2808
 2822
 2830
 2838
 2842
 2844
 2846
 2848
 2848
 2850
 2852
 2850
 2846
 2842
 2842
 2848
 2856
 2858
 2864
 2872
 2886
 2904
 2920
 2936
 2946
 2952
 2956
 2958
 2958
 2962
 2964
 2964
 2964
 2962
 2960
 2956
 2952
 2954
 2962
 2968
 2978
 2980
 2986
 2990
 2994
 3000
 3004
 3006
 3006
 3006
 3006
 3004
 3002
 3000
 2996
 2990
 2978
 2966
 2958
 2952
 2952
 2950
 2950
 2946
 2942
 2938
 2928
 2920
 2910
 2894
 2874
 2846
 2818
 2790
 2758
 2728
 2696
 2662
 2622
 2586
 2548
 2516
 2488
 2456
 2424
 2392
 2362
 2332
 2304
 2280
 2256
 2232
 2208
 2186
 2174
 2164
 2160
 2162
 2162
 2170
 2180
 2194
 2214
 2238
 2258
 2280
 2302
 2320
 2342
 2362
 2382
 2404
 2424
 2442
 2462
 2482
 2506
 2524
 2542
 2554
 2578
 2594
 2592
 2584
 2576
 2570
 2570
 2580
 2596
 2612
 2634
 2652
 2670
 2686
 2700
 2716
 2730
 2744
 2754
 2764
 2762
 2762
 2764
 2768
 2772
 2786
 2796
 2806
 2814
 2820
 2826
 2832
 2834
 2836
 2838
 2838
 2842
 2844
 2842
 2840
 2838
 2834
 2830
 2834
 2842
 2848
 2856
 2860
 2866
 2870
 2872
 2874
 2878
 2880
 2880
 2880
 2876
 2876
 2878
 2878
 2878
 2874
 2870
 2866
 2866
 2870
 2874
 2880
 2884
 2888
 2894
 2896
 2900
 2906
 2908
 2908
 2906
 2904
 2902
 2902
 2900
 2896
 2894
 2890
 2886
 2882
 2878
 2882
 2886
 2888
 2892
 2890
 2890
 2892
 2894
 2894
 2892
 2892
 2892
 2892
 2892
 2892
 2892
 2892
 2894
 2890
 2886
 2882
 2880
 2886
 2894
 2902
 2908
 2914
 2916
 2922
 2926
 2928
 2926
 2922
 2916
 2906
 2896
 2890
 2882
 2876
 2864
 2846
 2818
 2786
 2758
 2742
 2730
 2720
 2710
 2700
 2696
 2688
 2680
 2670
 2652
 2632
 2608
 2578
 2548
 2514
 2472
 2424
 2370
 2314
 2264
 2208
 2154
 2108
 2062
 2012
 1964
 1918
 1876
 1838
 1808
 1782
 1762
 1750
 1746
 1756
 1772
 1800
 1830
 1860
 1892
 1926
 1962
 2002
 2038
 2072
 2108
 2140
 2166
 2188
 2212
 2238
 2260
 2282
 2302
 2320
 2338
 2358
 2380
 2400
 2420
 2440
 2462
 2490
 2514
 2536
 2560
 2586
 2606
 2628
 2648
 2668
 2686
 2706
 2726
 2746
 2762
 2778
 2788
 2794
 2800
 2810
 2820
 2832
 2856
 2880
 2904
 2928
 2950
 2964
 2974
 2980
 2984
 2988
 2990
 2992
 2990
 2986
 2980
 2966
 2950
 2928
 2908
 2904
 2906
 2912
 2926
 2944
 2960
 2974
 2986
 2996
 3004
 3014
 3022
 3026
 3030
 3032
 3034
 3036
 3034
 3030
 3028
 3020
 3010
 3002
 2994
 2992
 2992
 2992
 2988
 2982
 2972
 2962
 2954
 2944
 2928
 2912
 2898
 2882
 2864
 2846
 2826
 2806
 2782
 2754
 2724
 2692
 2658
 2626
 2590
 2550
 2510
 2466
 2424
 2378
 2338
 2296
 2250
 2204
 2156
 2108
 2060
 2010
 1962
 1916
 1870
 1830
 1792
 1762
 1748
 1740
 1740
 1750
 1764
 1782
 1804
 1832
 1860
 1892
 1924
 1956
 1990
 2024
 2062
 2100
 2136
 2166
 2198
 2228
 2260
 2296
 2330
 2358
 2390
 2414
 2438
 2458
 2480
 2502
 2522
 2542
 2560
 2578
 2596
 2614
 2632
 2646
 2658
 2668
 2680
 2700
 2716
 2732
 2746
 2758
 2772
 2784
 2796
 2810
 2820
 2830
 2838
 2846
 2854
 2862
 2870
 2876
 2878
 2880
 2880
 2880
 2880
 2892
 2902
 2912
 2916
 2922
 2930
 2934
 2942
 2950
 2954
 2958
 2962
 2964
 2964
 2966
 2968
 2970
 2968
 2960
 2954
 2950
 2946
 2950
 2954
 2956
 2958
 2956
 2952
 2944
 2936
 2924
 2910
 2890
 2868
 2842
 2814
 2784
 2754
 2722
 2684
 2640
 2588
 2536
 2484
 2432
 2386
 2338
 2288
 2238
 2188
 2134
 2084
 2034
 1978
 1920
 1858
 1800
 1742
 1686
 1634
 1580
 1532
 1478
 1434
 1390
 1348
 1310
 1278
 1250
 1228
 1210
 1200
 1200
 1212
 1230
 1250
 1276
 1304
 1336
 1372
 1410
 1448
 1486
 1526
 1568
 1614
 1662
 1708
 1754
 1798
 1838
 1876
 1910
 1948
 1986
 2022
 2056
 2092
 2126
 2160
 2194
 2228
 2258
 2288
 2318
 2348
 2384
 2420
 2452
 2482
 2508
 2534
 2554
 2570
 2584
 2604
 2632
 2668
 2730
 2776
 2806
 2834
 2840
 2850
 2864
 2874
 2882
 2894
 2906
 2918
 2936
 2954
 2974
 2996
 3018
 3036
 3050
 3052
 3050
 3042
 3030
 3022
 3024
 3022
 3004
 2982
 2954
 2918
 2888
 2866
 2850
 2826
 2794
 2754
 2720
 2694
 2652
 2612
 2572
 2530
 2494
 2454
 2410
 2324
 2246
 2168
 2094
 2020
 1956
 1896
 1840
 1784
 1728
 1674
 1624
 1572
 1524
 1480
 1444
 1412
 1392
 1378
 1378
 1386
 1400
 1416
 1438
 1470
 1506
 1546
 1588
 1628
 1670
 1714
 1756
 1798
 1838
 1882
 1926
 1964
 2000
 2032
 2070
 2108
 2146
 2182
 2218
 2256
 2302
 2368
 2424
 2464
 2500
 2538
 2572
 2598
 2622
 2648
 2674
 2694
 2716
 2734
 2754
 2776
 2796
 2810
 2822
 2834
 2846
 2864
 2878
 2890
 2898
 2898
 2898
 2900
 2902
 2904
 2902
 2898
 2896
 2888
 2880
 2868
 2852
 2838
 2816
 2794
 2774
 2754
 2742
 2726
 2708
 2688
 2664
 2630
 2590
 2548
 2510
 2466
 2420
 2374
 2314
 2258
 2208
 2168
 2126
 2084
 2040
 1998
 1960
 1934
 1916
 1902
 1894
 1892
 1898
 1910
 1926
 1946
 1966
 1984
 2004
 2028
 2050
 2070
 2090
 2110
 2130
 2148
 2164
 2182
 2208
 2240
 2268
 2294
 2320
 2344
 2364
 2386
 2412
 2442
 2468
 2490
 2514
 2542
 2566
 2588
 2612
 2628
 2638
 2650
 2668
 2692
 2718
 2742
 2762
 2780
 2798
 2814
 2824
 2834
 2844
 2852
 2848
 2844
 2832
 2820
 2810
 2792
 2772
 2744
 2710
 2676
 2642
 2614
 2584
 2550
 2514
 2474
 2434
 2392
 2350
 2304
 2254
 2196
 2142
 2084
 2028
 1974
 1918
 1860
 1804
 1748
 1694
 1650
 1610
 1568
 1530
 1492
 1456
 1422
 1396
 1380
 1366
 1362
 1366
 1382
 1404
 1434
 1474
 1510
 1550
 1594
 1638
 1688
 1740
 1786
 1834
 1880
 1920
 1956
 1992
 2028
 2066
 2098
 2130
 2160
 2188
 2218
 2246
 2270
 2292
 2314
 2338
 2366
 2398
 2430
 2456
 2482
 2510
 2534
 2560
 2588
 2616
 2640
 2666
 2690
 2716
 2740
 2766
 2790
 2812
 2828
 2842
 2854
 2870
 2890
 2906
 2918
 2930
 2936
 2940
 2934
 2932
 2922
 2906
 2888
 2862
 2834
 2806
 2776
 2748
 2718
 2680
 2642
 2604
 2568
 2540
 2510
 2478
 2444
 2408
 2370
 2330
 2290
 2248
 2200
 2150
 2100
 2048
 1998
 1948
 1900
 1852
 1808
 1764
 1718
 1672
 1628
 1596
 1572
 1558
 1556
 1560
 1568
 1584
 1608
 1634
 1658
 1678
 1700
 1722
 1748
 1774
 1804
 1830
 1856
 1884
 1916
 1954
 1992
 2026
 2058
 2090
 2114
 2138
 2164
 2190
 2212
 2232
 2256
 2274
 2294
 2312
 2334
 2358
 2382
 2406
 2432
 2460
 2496
 2534
 2570
 2600
 2630
 2660
 2686
 2716
 2748
 2776
 2802
 2826
 2848
 2870
 2890
 2908
 2924
 2934
 2940
 2948
 2954
 2964
 2982
 2998
 3016
 3036
 3052
 3064
 3070
 3072
 3062
 3044
 3024
 3000
 2974
 2946
 2920
 2886
 2854
 2818
 2780
 2742
 2704
 2674
 2644
 2612
 2578
 2540
 2502
 2462
 2422
 2376
 2326
 2270
 2210
 2150
 2094
 2042
 1996
 1952
 1918
 1884
 1852
 1828
 1808
 1798
 1798
 1804
 1812
 1826
 1852
 1884
 1910
 1936
 1962
 1990
 2018
 2048
 2076
 2106
 2138
 2170
 2200
 2232
 2262
 2292
 2330
 2366
 2396
 2424
 2446
 2470
 2494
 2516
 2542
 2564
 2586
 2608
 2628
 2650
 2672
 2694
 2714
 2734
 2750
 2766
 2790
 2820
 2844
 2866
 2890
 2920
 2942
 2956
 2972
 2984
 2990
 2990
 2988
 2982
 2972
 2962
 2946
 2920
 2892
 2862
 2840
 2812
 2782
 2748
 2716
 2680
 2642
 2606
 2572
 2534
 2494
 2450
 2406
 2358
 2308
 2260
 2210
 2160
 2112
 2070
 2032
 1998
 1966
 1936
 1910
 1886
 1872
 1866
 1868
 1876
 1892
 1914
 1938
 1966
 2002
 2038
 2080
 2116
 2154
 2194
 2238
 2288
 2330
 2370
 2410
 2444
 2474
 2506
 2538
 2568
 2598
 2628
 2656
 2682
 2706
 2730
 2752
 2770
 2784
 2794
 2810
 2836
 2862
 2888
 2912
 2934
 2950
 2966
 2980
 2998
 3010
 3018
 3026
 3038
 3050
 3064
 3070
 3072
 3070
 3066
 3062
 3056
 3062
 3068
 3078
 3082
 3088
 3092
 3096
 3100
 3100
 3094
 3088
 3078
 3070
 3058
 3040
 3022
 3000
 2972
 2940
 2904
 2866
 2836
 2810
 2778
 2742
 2706
 2662
 2618
 2572
 2528
 2482
 2430
 2372
 2316
 2254
 2192
 2130
 2066
 1998
 1930
 1870
 1812
 1762
 1712
 1662
 1612
 1560
 1510
 1490
 1480
 1472
 1466
 1458
 1460
 1466
 1486
 1514
 1546
 1578
 1620
 1664
 1710
 1760
 1810
 1856
 1898
 1938
 1974
 2010
 2046
 2082
 2114
 2142
 2168
 2198
 2230
 2266
 2300
 2332
 2368
 2404
 2446
 2484
 2518
 2554
 2586
 2616
 2640
 2668
 2698
 2724
 2736
 2750
 2790
 2810
 2822
 2840
 2854
 2860
 2870
 2882
 2900
 2926
 2950
 2966
 2984
 2990
 2976
 2976
 2968
 2968
 2976
 2984
 2996
 3008
 3014
 3024
 3030
 3036
 3040
 3046
 3042
 3040
 3044
 3054
 3060
 3066
 3076
 3082
 3082
 3086
 3094
 3110
 3118
 3128
 3136
 3138
 3140
 3150
 3158
 3170
 3154
 3138
 3120
 3094
 3082
 3066
 3044
 3024
 3014
 2994
 2958
 2930
 2898
 2862
 2822
 2784
 2748
 2698
 2642
 2596
 2568
 2526
 2480
 2440
 2386
 2330
 2274
 2214
 2146
 2096
 2060
 2018
 1980
 1956
 1938
 1924
 1910
 1896
 1878
 1858
 1816
 1782
 1766
 1758
 1768
 1806
 1846
 1884
 1920
 1952
 1992
 2046
 2082
 2102
 2116
 2132
 2150
 2156
 2168
 2184
 2208
 2232
 2224
 2222
 2246
 2318
 2360
 2402
 2434
 2460
 2484
 2504
 2526
 2546
 2568
 2590
 2612
 2636
 2664
 2688
 2708
 2728
 2744
 2770
 2798
 2820
 2840
 2858
 2870
 2880
 2890
 2898
 2908
 2914
 2922
 2930
 2942
 2950
 2960
 2966
 2968
 2966
 2958
 2958
 2956
 2952
 2942
 2928
 2910
 2890
 2870
 2846
 2818
 2784
 2754
 2722
 2684
 2646
 2606
 2560
 2508
 2456
 2404
 2360
 2318
 2274
 2230
 2184
 2138
 2088
 2042
 1994
 1948
 1894
 1844
 1788
 1736
 1686
 1640
 1598
 1550
 1508
 1466
 1436
 1414
 1398
 1390
 1392
 1404
 1424
 1450
 1480
 1512
 1544
 1578
 1612
 1648
 1686
 1730
 1770
 1806
 1840
 1878
 1924
 1970
 2012
 2048
 2080
 2114
 2144
 2174
 2202
 2228
 2252
 2276
 2302
 2324
 2348
 2370
 2396
 2414
 2430
 2450
 2474
 2506
 2538
 2566
 2592
 2616
 2636
 2654
 2674
 2694
 2710
 2724
 2742
 2758
 2778
 2800
 2820
 2840
 2854
 2866
 2878
 2892
 2914
 2936
 2952
 2960
 2968
 2974
 2978
 2982
 2982
 2974
 2964
 2950
 2930
 2908
 2882
 2850
 2814
 2768
 2714
 2660
 2610
 2566
 2526
 2488
 2448
 2408
 2362
 2312
 2258
 2200
 2140
 2078
 2016
 1956
 1896
 1838
 1778
 1720
 1666
 1610
 1560
 1516
 1472
 1438
 1404
 1376
 1354
 1340
 1338
 1342
 1360
 1380
 1408
 1438
 1468
 1500
 1534
 1574
 1620
 1664
 1706
 1748
 1794
 1846
 1898
 1948
 1994
 2040
 2082
 2116
 2146
 2174
 2200
 2224
 2250
 2274
 2300
 2330
 2360
 2390
 2418
 2442
 2468
 2496
 2532
 2568
 2602
 2632
 2662
 2688
 2714
 2738
 2766
 2790
 2812
 2834
 2852
 2872
 2892
 2912
 2928
 2942
 2950
 2950
 2958
 2974
 2990
 3002
 3010
 3016
 3020
 3022
 3020
 3014
 3002
 2988
 2974
 2954
 2932
 2908
 2878
 2848
 2810
 2772
 2732
 2696
 2670
 2640
 2606
 2570
 2528
 2478
 2444
 2422
 2404
 2382
 2352
 2330
 2322
 2302
 2280
 2246
 2206
 2164
 2126
 2108
 2102
 2100
 2080
 2050
 2016
 1990
 1954
 1906
 1878
 1874
 1888
 1904
 1928
 1958
 1994
 2036
 2082
 2130
 2182
 2238
 2298
 2360
 2414
 2460
 2500
 2536
 2564
 2594
 2626
 2660
 2686
 2706
 2724
 2740
 2760
 2776
 2790
 2808
 2820
 2836
 2854
 2868
 2878
 2890
 2900
 2910
 2922
 2932
 2942
 2958
 2970
 2984
 3000
 3016
 3034
 3048
 3058
 3064
 3072
 3092
 3112
 3134
 3152
 3170
 3186
 3200
 3216
 3230
 3244
 3254
 3260
 3262
 3258
 3250
 3240
 3222
 3200
 3168
 3138
 3120
 3100
 3074
 3042
 3008
 2966
 2912
 2862
 2816
 2772
 2728
 2692
 2670
 2650
 2622
 2582
 2546
 2498
 2448
 2408
 2364
 2316
 2278
 2232
 2176
 2116
 2078
 2040
 2006
 1984
 1966
 1958
 1962
 1972
 1990
 2020
 2062
 2106
 2144
 2178
 2218
 2270
 2322
 2372
 2418
 2462
 2502
 2534
 2570
 2606
 2636
 2666
 2692
 2718
 2742
 2768
 2794
 2818
 2838
 2854
 2872
 2896
 2922
 2944
 2966
 2986
 3004
 3020
 3032
 3048
 3066
 3082
 3096
 3106
 3120
 3134
 3148
 3160
 3164
 3164
 3160
 3152
 3150
 3144
 3134
 3122
 3106
 3084
 3058
 3032
 3004
 2974
 2944
 2912
 2882
 2852
 2820
 2784
 2742
 2688
 2628
 2568
 2512
 2468
 2422
 2378
 2332
 2286
 2242
 2198
 2162
 2146
 2132
 2138
 2130
 2130
 2140
 2156
 2176
 2210
 2242
 2272
 2294
 2328
 2372
 2406
 2446
 2472
 2492
 2516
 2546
 2574
 2606
 2638
 2664
 2690
 2714
 2744
 2772
 2794
 2812
 2826
 2840
 2854
 2878
 2900
 2922
 2944
 2962
 2978
 2996
 3018
 3034
 3042
 3050
 3056
 3062
 3072
 3084
 3098
 3114
 3126
 3136
 3140
 3152
 3168
 3186
 3202
 3218
 3230
 3240
 3248
 3256
 3256
 3250
 3240
 3226
 3204
 3176
 3142
 3108
 3068
 3022
 2974
 2928
 2886
 2850
 2808
 2766
 2722
 2676
 2632
 2588
 2550
 2506
 2460
 2418
 2374
 2332
 2292
 2252
 2208
 2156
 2106
 2060
 2016
 1974
 1942
 1916
 1900
 1896
 1904
 1922
 1948
 1980
 2014
 2050
 2092
 2138
 2182
 2230
 2276
 2320
 2362
 2402
 2438
 2484
 2532
 2574
 2612
 2648
 2680
 2708
 2740
 2770
 2798
 2822
 2848
 2872
 2896
 2922
 2944
 2964
 2970
 2976
 2984
 2992
 3014
 3030
 3044
 3056
 3068
 3076
 3084
 3096
 3108
 3120
 3128
 3134
 3140
 3150
 3160
 3168
 3176
 3180
 3182
 3180
 3180
 3182
 3188
 3194
 3198
 3200
 3194
 3188
 3180
 3168
 3148
 3128
 3102
 3076
 3052
 3022
 2994
 2964
 2930
 2894
 2858
 2820
 2790
 2766
 2738
 2708
 2678
 2644
 2608
 2576
 2544
 2508
 2476
 2446
 2418
 2400
 2390
 2392
 2400
 2402
 2408
 2424
 2436
 2438
 2448
 2458
 2460
 2458
 2428
 2382
 2324
 2246
 2176
 2126
 2110
 2116
 2128
 2146
 2172
 2202
 2238
 2266
 2288
 2312
 2360
 2430
 2504
 2566
 2614
 2652
 2678
 2700
 2698
 2682
 2662
 2626
 2600
 2580
 2556
 2534
 2510
 2486
 2468
 2454
 2444
 2434
 2416
 2400
 2382
 2362
 2352
 2348
 2340
 2320
 2282
 2236
 2182
 2134
 2084
 2022
 1960
 1910
 1862
 1824
 1790
 1756
 1724
 1694
 1666
 1628
 1602
 1574
 1540
 1510
 1488
 1472
 1462
 1462
 1464
 1482
 1502
 1532
 1570
 1616
 1662
 1700
 1736
 1774
 1806
 1848
 1900
 1966
 2022
 2072
 2110
 2150
 2196
 2238
 2276
 2320
 2378
 2468
 2576
 2688
 2796
 2890
 2962
 3018
 3060
 3088
 3092
 3066
 3046
 3030
 3018
 3014
 3010
 3010
 3010
 3014
 3024
 3036
 3046
 3056
 3060
 3052
 3042
 3038
 3036
 3036
 3034
 3026
 3024
 3024
 3018
 2994
 2942
 2872
 2806
 2740
 2678
 2626
 2572
 2508
 2450
 2408
 2368
 2350
 2368
 2398
 2410
 2404
 2386
 2352
 2298
 2224
 2142
 2052
 1956
 1862
 1772
 1684
 1600
 1518
 1444
 1374
 1308
 1244
 1184
 1126
 1068
 1014
 964
 914
 870
 838
 816
 800
 798
 802
 816
 844
 874
 908
 946
 986
 1032
 1078
 1122
 1168
 1218
 1270
 1320
 1374
 1424
 1474
 1524
 1568
 1612
 1658
 1704
 1758
 1810
 1860
 1908
 1956
 1994
 2032
 2070
 2106
 2142
 2176
 2208
 2238
 2270
 2304
 2342
 2376
 2404
 2432
 2460
 2492
 2528
 2566
 2600
 2634
 2662
 2688
 2712
 2740
 2766
 2794
 2816
 2838
 2862
 2886
 2908
 2932
 2954
 2970
 2982
 2986
 2992
 3002
 3018
 3032
 3044
 3052
 3060
 3062
 3062
 3058
 3052
 3042
 3026
 3004
 2982
 2954
 2926
 2892
 2854
 2812
 2768
 2718
 2668
 2622
 2580
 2538
 2490
 2442
 2390
 2340
 2290
 2238
 2190
 2136
 2080
 2024
 1970
 1918
 1866
 1818
 1772
 1726
 1682
 1646
 1618
 1598
 1586
 1582
 1586
 1598
 1616
 1638
 1662
 1692
 1722
 1754
 1784
 1816
 1848
 1882
 1918
 1954
 1986
 2018
 2054
 2090
 2130
 2168
 2202
 2234
 2264
 2292
 2316
 2342
 2364
 2386
 2406
 2424
 2442
 2464
 2484
 2504
 2524
 2542
 2558
 2576
 2596
 2622
 2650
 2676
 2700
 2724
 2742
 2760
 2778
 2794
 2812
 2826
 2842
 2858
 2872
 2888
 2904
 2912
 2916
 2916
 2916
 2916
 2920
 2930
 2944
 2958
 2974
 2984
 2990
 2996
 3002
 3004
 3000
 2996
 2988
 2982
 2978
 2974
 2966
 2960
 2946
 2930
 2914
 2894
 2882
 2872
 2858
 2838
 2816
 2792
 2766
 2740
 2716
 2688
 2654
 2618
 2580
 2540
 2500
 2458
 2418
 2372
 2324
 2282
 2238
 2202
 2166
 2124
 2082
 2044
 2008
 1972
 1942
 1914
 1890
 1876
 1866
 1862
 1866
 1872
 1884
 1906
 1924
 1950
 1980
 2014
 2054
 2092
 2130
 2164
 2198
 2226
 2256
 2286
 2314
 2340
 2366
 2388
 2410
 2432
 2454
 2476
 2496
 2518
 2536
 2554
 2572
 2602
 2630
 2656
 2678
 2702
 2722
 2742
 2762
 2780
 2800
 2816
 2834
 2854
 2872
 2890
 2904
 2912
 2918
 2920
 2924
 2928
 2936
 2952
 2970
 2988
 3000
 3014
 3022
 3032
 3042
 3048
 3048
 3046
 3042
 3034
 3024
 3008
 2992
 2970
 2948
 2914
 2880
 2846
 2820
 2796
 2772
 2742
 2714
 2680
 2644
 2612
 2576
 2540
 2502
 2460
 2420
 2376
 2336
 2296
 2256
 2214
 2172
 2130
 2090
 2050
 2016
 1986
 1956
 1932
 1914
 1906
 1906
 1916
 1930
 1950
 1972
 1994
 2018
 2046
 2078
 2112
 2146
 2180
 2210
 2240
 2274
 2312
 2352
 2390
 2422
 2454
 2484
 2510
 2536
 2562
 2586
 2610
 2632
 2654
 2674
 2690
 2706
 2720
 2734
 2746
 2756
 2770
 2786
 2812
 2834
 2856
 2876
 2894
 2910
 2922
 2936
 2946
 2954
 2962
 2970
 2980
 2988
 3000
 3010
 3020
 3026
 3024
 3022
 3022
 3026
 3034
 3042
 3044
 3046
 3042
 3032
 3018
 3004
 2988
 2966
 2938
 2904
 2870
 2836
 2804
 2766
 2730
 2690
 2650
 2614
 2580
 2556
 2540
 2524
 2506
 2490
 2472
 2450
 2428
 2406
 2382
 2354
 2322
 2292
 2264
 2240
 2210
 2178
 2156
 2134
 2124
 2120
 2126
 2144
 2164
 2188
 2212
 2238
 2266
 2294
 2324
 2354
 2382
 2410
 2438
 2472
 2504
 2536
 2568
 2598
 2624
 2648
 2670
 2698
 2734
 2768
 2798
 2824
 2848
 2870
 2888
 2906
 2926
 2942
 2958
 2972
 2982
 2992
 3004
 3016
 3024
 3022
 3022
 3022
 3022
 3034
 3046
 3050
 3048
 3044
 3032
 3014
 2996
 2974
 2944
 2910
 2872
 2830
 2788
 2748
 2706
 2662
 2618
 2566
 2518
 2474
 2436
 2400
 2362
 2322
 2280
 2236
 2194
 2152
 2110
 2062
 2010
 1954
 1898
 1842
 1786
 1732
 1682
 1630
 1582
 1540
 1508
 1484
 1468
 1460
 1460
 1468
 1484
 1510
 1542
 1580
 1626
 1674
 1720
 1764
 1810
 1858
 1906
 1952
 1994
 2038
 2086
 2136
 2186
 2232
 2272
 2306
 2340
 2370
 2398
 2430
 2460
 2486
 2512
 2536
 2562
 2588
 2614
 2640
 2660
 2680
 2696
 2712
 2740
 2764
 2788
 2810
 2828
 2846
 2858
 2874
 2892
 2910
 2924
 2938
 2946
 2952
 2962
 2974
 2988
 3000
 3004
 3004
 3004
 3004
 3006
 3016
 3036
 3058
 3084
 3100
 3110
 3118
 3130
 3138
 3144
 3144
 3144
 3144
 3148
 3158
 3158
 3160
 3162
 3156
 3150
 3140
 3130
 3126
 3128
 3128
 3124
 3120
 3114
 3112
 3104
 3096
 3086
 3068
 3044
 3016
 2984
 2950
 2918
 2882
 2840
 2798
 2754
 2706
 2662
 2622
 2596
 2566
 2528
 2484
 2440
 2388
 2332
 2278
 2222
 2164
 2104
 2040
 1978
 1916
 1852
 1790
 1732
 1676
 1620
 1574
 1528
 1484
 1444
 1402
 1362
 1324
 1288
 1256
 1234
 1220
 1218
 1226
 1240
 1260
 1286
 1320
 1354
 1388
 1418
 1452
 1494
 1538
 1586
 1638
 1684
 1730
 1774
 1816
 1858
 1902
 1950
 1992
 2034
 2072
 2108
 2148
 2186
 2226
 2262
 2298
 2334
 2372
 2414
 2456
 2498
 2536
 2570
 2606
 2634
 2668
 2706
 2740
 2772
 2800
 2826
 2852
 2880
 2902
 2922
 2934
 2934
 2936
 2942
 2954
 2968
 2978
 2988
 2996
 3004
 3008
 3014
 3020
 3024
 3026
 3024
 3018
 3010
 3004
 2990
 2976
 2952
 2922
 2888
 2856
 2826
 2796
 2764
 2724
 2680
 2634
 2586
 2536
 2488
 2434
 2378
 2318
 2258
 2198
 2136
 2074
 2012
 1950
 1886
 1826
 1772
 1722
 1678
 1630
 1580
 1530
 1484
 1438
 1398
 1366
 1340
 1322
 1312
 1310
 1316
 1328
 1352
 1380
 1410
 1440
 1476
 1514
 1556
 1604
 1652
 1698
 1744
 1788
 1830
 1870
 1910
 1954
 1994
 2032
 2064
 2098
 2134
 2168
 2202
 2236
 2266
 2298
 2328
 2360
 2396
 2434
 2468
 2500
 2528
 2552
 2574
 2602
 2626
 2650
 2672
 2692
 2712
 2732
 2752
 2772
 2788
 2802
 2814
 2824
 2832
 2840
 2856
 2876
 2894
 2910
 2922
 2930
 2934
 2942
 2952
 2962
 2966
 2970
 2974
 2978
 2982
 2984
 2986
 2986
 2988
 2984
 2976
 2968
 2962
 2960
 2968
 2974
 2980
 2984
 2986
 2988
 2986
 2982
 2978
 2972
 2958
 2944
 2926
 2908
 2890
 2872
 2852
 2828
 2806
 2784
 2758
 2732
 2706
 2682
 2662
 2640
 2616
 2590
 2560
 2528
 2494
 2460
 2422
 2382
 2336
 2290
 2240
 2192
 2144
 2098
 2050
 2004
 1966
 1926
 1898
 1878
 1862
 1864
 1870
 1882
 1898
 1916
 1938
 1962
 1988
 2018
 2048
 2076
 2104
 2132
 2162
 2194
 2226
 2258
 2284
 2308
 2334
 2360
 2388
 2420
 2448
 2474
 2500
 2522
 2542
 2562
 2584
 2604
 2622
 2634
 2648
 2658
 2670
 2680
 2690
 2694
 2696
 2698
 2702
 2712
 2728
 2742
 2752
 2762
 2772
 2776
 2784
 2794
 2802
 2808
 2810
 2808
 2804
 2798
 2788
 2774
 2752
 2724
 2692
 2654
 2622
 2586
 2544
 2494
 2442
 2386
 2330
 2272
 2216
 2158
 2100
 2036
 1976
 1916
 1858
 1804
 1750
 1696
 1644
 1596
 1552
 1510
 1468
 1422
 1376
 1334
 1296
 1260
 1230
 1206
 1194
 1194
 1200
 1216
 1238
 1268
 1306
 1346
 1392
 1438
 1494
 1554
 1612
 1664
 1714
 1760
 1806
 1848
 1888
 1928
 1968
 2008
 2048
 2084
 2120
 2158
 2196
 2226
 2258
 2286
 2324
 2366
 2406
 2442
 2478
 2508
 2536
 2568
 2598
 2624
 2652
 2676
 2700
 2724
 2748
 2776
 2804
 2826
 2842
 2858
 2872
 2892
 2918
 2940
 2958
 2974
 2982
 2988
 2998
 3006
 3016
 3020
 3022
 3024
 3026
 3026
 3022
 3016
 3008
 2994
 2972
 2946
 2920
 2898
 2878
 2854
 2824
 2794
 2764
 2732
 2700
 2668
 2634
 2596
 2554
 2512
 2466
 2422
 2378
 2330
 2282
 2234
 2180
 2126
 2076
 2030
 1990
 1954
 1918
 1882
 1852
 1826
 1812
 1804
 1804
 1810
 1822
 1832
 1844
 1856
 1874
 1894
 1918
 1946
 1972
 1998
 2026
 2058
 2094
 2134
 2170
 2208
 2242
 2274
 2302
 2332
 2360
 2390
 2416
 2440
 2466
 2490
 2516
 2536
 2558
 2578
 2594
 2606
 2620
 2636
 2658
 2680
 2702
 2720
 2734
 2752
 2772
 2798
 2826
 2848
 2868
 2884
 2900
 2912
 2930
 2944
 2954
 2966
 2976
 2984
 2988
 2992
 2998
 3012
 3026
 3034
 3034
 3034
 3028
 3018
 3006
 2988
 2966
 2940
 2908
 2878
 2842
 2808
 2772
 2732
 2692
 2646
 2600
 2556
 2520
 2484
 2446
 2400
 2356
 2306
 2252
 2198
 2146
 2092
 2036
 1978
 1920
 1864
 1810
 1756
 1706
 1656
 1602
 1558
 1516
 1480
 1454
 1432
 1418
 1410
 1414
 1430
 1452
 1482
 1516
 1552
 1592
 1630
 1672
 1716
 1764
 1814
 1856
 1898
 1942
 1988
 2040
 2090
 2134
 2174
 2210
 2244
 2278
 2314
 2348
 2374
 2398
 2422
 2446
 2470
 2496
 2522
 2544
 2564
 2586
 2610
 2640
 2676
 2708
 2736
 2764
 2788
 2808
 2830
 2854
 2876
 2898
 2916
 2934
 2950
 2964
 2976
 2988
 2998
 3002
 3002
 2996
 2996
 3000
 3008
 3012
 3014
 3012
 3004
 2994
 2982
 2968
 2950
 2928
 2908
 2884
 2846
 2800
 2766
 2722
 2674
 2632
 2582
 2530
 2478
 2428
 2380
 2328
 2272
 2212
 2160
 2116
 2078
 2040
 2002
 1956
 1886
 1828
 1772
 1718
 1666
 1620
 1572
 1516
 1462
 1416
 1370
 1334
 1304
 1282
 1268
 1266
 1276
 1292
 1320
 1356
 1398
 1442
 1486
 1532
 1580
 1634
 1688
 1738
 1782
 1826
 1870
 1918
 1966
 2008
 2050
 2088
 2122
 2152
 2180
 2212
 2244
 2274
 2300
 2326
 2350
 2374
 2400
 2428
 2454
 2476
 2502
 2528
 2558
 2592
 2626
 2658
 2688
 2718
 2742
 2766
 2794
 2820
 2844
 2866
 2884
 2904
 2922
 2942
 2958
 2972
 2978
 2980
 2986
 2992
 3004
 3018
 3026
 3036
 3044
 3048
 3044
 3042
 3036
 3028
 3016
 2998
 2978
 2956
 2930
 2900
 2868
 2830
 2788
 2746
 2706
 2670
 2640
 2608
 2570
 2528
 2486
 2440
 2394
 2348
 2300
 2252
 2200
 2146
 2092
 2036
 1982
 1926
 1868
 1814
 1760
 1708
 1666
 1628
 1600
 1582
 1570
 1566
 1570
 1582
 1598
 1624
 1654
 1684
 1714
 1744
 1776
 1808
 1842
 1874
 1904
 1936
 1968
 2004
 2046
 2086
 2128
 2166
 2196
 2226
 2248
 2274
 2298
 2320
 2340
 2362
 2384
 2408
 2438
 2470
 2506
 2540
 2568
 2592
 2614
 2642
 2674
 2700
 2724
 2746
 2766
 2782
 2802
 2824
 2846
 2864
 2884
 2902
 2922
 2942
 2958
 2966
 2972
 2978
 2980
 2990
 2996
 3000
 3002
 3000
 2990
 2976
 2962
 2948
 2930
 2906
 2876
 2848
 2816
 2782
 2750
 2718
 2678
 2636
 2594
 2554
 2522
 2490
 2450
 2404
 2358
 2312
 2268
 2232
 2198
 2164
 2124
 2082
 2032
 1982
 1938
 1892
 1858
 1830
 1812
 1808
 1814
 1832
 1860
 1890
 1926
 1966
 2006
 2044
 2084
 2128
 2172
 2214
 2250
 2286
 2322
 2364
 2406
 2446
 2480
 2512
 2540
 2572
 2608
 2644
 2674
 2704
 2730
 2754
 2772
 2796
 2820
 2840
 2860
 2874
 2888
 2898
 2908
 2920
 2932
 2942
 2946
 2950
 2954
 2968
 2982
 2992
 2998
 3004
 3006
 3000
 2990
 2980
 2964
 2946
 2926
 2902
 2878
 2854
 2828
 2802
 2774
 2738
 2702
 2668
 2640
 2618
 2594
 2566
 2536
 2498
 2458
 2416
 2370
 2322
 2272
 2218
 2164
 2112
 2058
 2008
 1956
 1908
 1860
 1810
 1766
 1726
 1696
 1672
 1654
 1646
 1648
 1658
 1674
 1698
 1726
 1760
 1794
 1828
 1862
 1898
 1936
 1976
 2016
 2048
 2086
 2122
 2160
 2204
 2242
 2276
 2310
 2338
 2364
 2386
 2414
 2442
 2466
 2488
 2512
 2536
 2562
 2590
 2618
 2644
 2664
 2684
 2702
 2724
 2750
 2774
 2796
 2812
 2828
 2842
 2858
 2874
 2888
 2900
 2910
 2918
 2920
 2924
 2928
 2934
 2938
 2944
 2948
 2946
 2946
 2954
 2962
 2970
 2978
 2984
 2986
 2988
 2988
 2990
 2988
 2982
 2970
 2954
 2932
 2906
 2872
 2830
 2784
 2734
 2686
 2638
 2598
 2558
 2510
 2460
 2410
 2356
 2302
 2246
 2190
 2130
 2068
 2008
 1946
 1886
 1828
 1770
 1714
 1656
 1606
 1556
 1512
 1472
 1430
 1386
 1342
 1300
 1260
 1224
 1194
 1174
 1162
 1156
 1158
 1164
 1180
 1204
 1228
 1256
 1290
 1324
 1366
 1412
 1454
 1496
 1536
 1578
 1618
 1656
 1696
 1738
 1776
 1814
 1848
 1896
 1952
 2006
 2058
 2098
 2138
 2182
 2232
 2290
 2340
 2380
 2418
 2448
 2474
 2504
 2540
 2570
 2586
 2612
 2638
 2662
 2684
 2704
 2722
 2730
 2740
 2746
 2750
 2760
 2766
 2770
 2774
 2784
 2792
 2798
 2804
 2814
 2822
 2822
 2830
 2856
 2874
 2894
 2918
 2940
 2960
 2974
 2978
 2984
 3000
 3018
 3032
 3042
 3048
 3052
 3052
 3046
 3034
 3020
 2996
 2964
 2928
 2890
 2846
 2798
 2748
 2688
 2620
 2548
 2472
 2400
 2328
 2252
 2172
 2086
 1988
 1890
 1790
 1694
 1604
 1510
 1416
 1320
 1222
 1124
 1028
 938
 850
 764
 688
 608
 528
 450
 376
 304
 234
 174
 110
 50
 0
 0
 0
 0
 0
 0
 0
 0
 0
 0
 28
 54
 80
 100
 110
 112
 106
 94
 90
 84
 76
 56
 36
 8
 0
 0
 0
 0
 0
 0
 0
 0
 0
 0
 0
 0
 0
 0
 0
 0
 0
 0
 0
 0
 0
 0
 0
 0
 0
 0
 0
 0
 0
 0
 0
 0
 0
 0
 0
 0
 0
 0
 0
 0
 0
 0
 0
 0
 0
 0
 0
 0
 0
 90
 174
 248
 322
 392
 466
 528
 578
 618
 652
 684
 714
 740
 764
 796
 822
 846
 868
 888
 912
 936
 950
 964
 974
 982
 990
 1000
 1008
 1016
 1022
 1030
 1040
 1050
 1064
 1080
 1106
 1128
 1144
 1166
 1200
 1250
 1308
 1362
 1418
 1472
 1524
 1568
 1612
 1656
 1702
 1746
 1790
 1834
 1878
 1922
 1968
 2006
 2034
 2062
 2086
 2118
 2148
 2172
 2194
 2210
 2226
 2240
 2252
 2264
 2276
 2286
 2294
 2302
 2306
 2312
 2318
 2322
 2326
 2332
 2336
 2346
 2356
 2364
 2370
 2378
 2384
 2394
 2404
 2412
 2420
 2424
 2428
 2432
 2436
 2436
 2432
 2432
 2432
 2436
 2442
 2450
 2452
 2454
 2450
 2444
 2440
 2440
 2442
 2448
 2456
 2462
 2468
 2478
 2488
 2498
 2508
 2520
 2540
 2562
 2582
 2602
 2620
 2632
 2644
 2658
 2672
 2684
 2692
 2700
 2708
 2716
 2726
 2734
 2740
 2746
 2758
 2774
 2788
 2800
 2810
 2822
 2836
 2848
 2862
 2878
 2890
 2902
 2918
 2930
 2946
 2958
 2970
 2984
 2998
 3020
 3042
 3062
 3080
 3096
 3112
 3124
 3136
 3150
 3164
 3172
 3180
 3186
 3192
 3198
 3202
 3204
 3206
 3202
 3200
 3198
 3202
 3208
 3214
 3218
 3222
 3224
 3226
 3230
 3234
 3236
 3234
 3232
 3232
 3230
 3230
 3224
 3218
 3214
 3206
 3200
 3194
 3192
 3196
 3202
 3204
 3206
 3206
 3208
 3210
 3212
 3210
 3208
 3204
 3202
 3200
 3198
 3196
 3194
 3190
 3186
 3178
 3172
 3164
 3162
 3164
 3164
 3164
 3168
 3168
 3170
 3172
 3174
 3178
 3178
 3178
 3174
 3172
 3172
 3172
 3166
 3162
 3154
 3148
 3140
 3134
 3130
 3134
 3138
 3144
 3146
 3146
 3148
 3150
 3152
 3152
 3148
 3144
 3142
 3140
 3138
 3138
 3134
 3132
 3128
 3120
 3114
 3108
 3108
 3112
 3116
 3114
 3114
 3116
 3116
 3116
 3118
 3118
 3118
 3118
 3116
 3112
 3112
 3110
 3106
 3102
 3090
 3080
 3074
 3070
 3072
 3074
 3072
 3072
 3074
 3074
 3070
 3070
 3070
 3068
 3066
 3064
 3062
 3062
 3062
 3060
 3056
 3048
 3042
 3038
 3036
 3036
 3038
 3038
 3040
 3040
 3042
 3042
 3044
 3046
 3044
 3040
 3034
 3032
 3028
 3026
 3022
 3016
 3008
 3004
 3000
 3002
 3004
 3006
 3008
 3008
 3008
 3004
 3004
 3006
 3004
 3002
 3000
 3000
 3000
 2998
 2992
 2986
 2978
 2972
 2968
 2966
 2970
 2972
 2974
 2976
 2976
 2978
 2980
 2982
 2982
 2976
 2972
 2970
 2968
 2968
 2964
 2962
 2958
 2952
 2946
 2938
 2938
 2940
 2942
 2942
 2944
 2944
 2944
 2946
 2948
 2948
 2946
 2944
 2944
 2942
 2938
