 1436
 1448
 1466
 1492
 1522
 1568
 1622
 1670
 1708
 1754
 1826
 1886
 1930
 1952
 1968
 1970
 1968
 1968
 1958
 1952
 1946
 1936
 1918
 1902
 1894
 1892
 1892
 1892
 1888
 1896
 1910
 1918
 1924
 1934
 1938
 1940
 1946
 1958
 1970
 1984
 1994
 2000
 2006
 2006
 2008
 2006
 2056
 2070
 2072
 2092
 2140
 2168
 2152
 2104
 2062
 2012
 1976
 1950
 1928
 1902
 1872
 1838
 1802
 1780
 1790
 1830
 1872
 1910
 1940
 1960
 1990
 2008
 2004
 1994
 1980
 1964
 1950
 1944
 1946
 1954
 1966
 1972
 1940
 1876
 1830
 1806
 1794
 1810
 1854
 1894
 1952
 2000
 2030
 2030
 2040
 2062
 2082
 2108
 2136
 2164
 2176
 2182
 2182
 2176
 2170
 2166
 2168
 2174
 2170
 2164
 2152
 2148
 2144
 2168
 2210
 2252
 2298
 2330
 2348
 2360
 2354
 2338
 2280
 2204
 2102
 1976
 1852
 1736
 1618
 1500
 1382
 1262
 1156
 1056
 966
 886
 822
 772
 722
 680
 650
 634
 624
 624
 626
 630
 642
 658
 676
 702
 716
 740
 774
 824
 878
 946
 1012
 1086
 1156
 1220
 1298
 1368
 1436
 1504
 1570
 1624
 1674
 1722
 1768
 1808
 1856
 1896
 1928
 1956
 1974
 1982
 1964
 1926
 1878
 1832
 1782
 1732
 1668
 1606
 1542
 1464
 1380
 1296
 1224
 1154
 1084
 1020
 966
 916
 878
 858
 844
 832
 826
 826
 828
 834
 838
 846
 856
 874
 892
 916
 944
 980
 1022
 1064
 1114
 1166
 1220
 1286
 1344
 1400
 1458
 1514
 1578
 1642
 1700
 1752
 1802
 1844
 1884
 1922
 1956
 1986
 2014
 2036
 2050
 2062
 2070
 2082
 2090
 2092
 2100
 2110
 2118
 2094
 2038
 1996
 1984
 1988
 2004
 2016
 2030
 2040
 2052
 2064
 2076
 2092
 2106
 2122
 2136
 2146
 2158
 2170
 2186
 2202
 2212
 2222
 2226
 2228
 2226
 2224
 2224
 2222
 2220
 2220
 2220
 2220
 2222
 2224
 2220
 2220
 2220
 2224
 2232
 2234
 2234
 2236
 2242
 2246
 2252
 2262
 2268
 2276
 2284
 2292
 2300
 2310
 2314
 2320
 2328
 2338
 2356
 2372
 2386
 2400
 2412
 2422
 2432
 2446
 2456
 2466
 2474
 2478
 2482
 2486
 2484
 2476
 2472
 2472
 2480
 2480
 2474
 2464
 2452
 2430
 2404
 2374
 2336
 2292
 2244
 2192
 2138
 2086
 2026
 1970
 1918
 1866
 1820
 1766
 1708
 1638
 1568
 1492
 1422
 1352
 1274
 1190
 1106
 1030
 954
 888
 828
 772
 726
 686
 648
 618
 596
 582
 576
 578
 584
 600
 620
 648
 676
 706
 740
 780
 824
 876
 922
 972
 1024
 1072
 1122
 1172
 1222
 1270
 1318
 1362
 1406
 1452
 1500
 1542
 1584
 1624
 1664
 1708
 1748
 1790
 1830
 1866
 1902
 1938
 1976
 2012
 2048
 2080
 2110
 2138
 2162
 2190
 2222
 2250
 2272
 2292
 2310
 2328
 2346
 2366
 2388
 2418
 2448
 2482
 2522
 2566
 2618
 2670
 2716
 2756
 2794
 2830
 2862
 2896
 2930
 2960
 2982
 2994
 3000
 3002
 2994
 2974
 2940
 2900
 2846
 2788
 2728
 2670
 2610
 2546
 2472
 2394
 2308
 2226
 2142
 2064
 1986
 1910
 1838
 1766
 1696
 1632
 1572
 1514
 1454
 1390
 1332
 1276
 1220
 1166
 1110
 1054
 1000
 948
 896
 844
 800
 760
 720
 678
 646
 618
 604
 592
 584
 582
 588
 600
 616
 630
 644
 666
 688
 714
 740
 770
 804
 846
 884
 922
 966
 1012
 1064
 1122
 1180
 1238
 1300
 1358
 1416
 1474
 1530
 1582
 1638
 1692
 1744
 1798
 1848
 1892
 1934
 1972
 2008
 2046
 2086
 2124
 2158
 2194
 2226
 2264
 2300
 2336
 2370
 2402
 2432
 2466
 2498
 2526
 2556
 2582
 2610
 2634
 2654
 2670
 2684
 2694
 2700
 2696
 2688
 2672
 2648
 2618
 2584
 2544
 2498
 2446
 2388
 2328
 2268
 2210
 2154
 2096
 2038
 1980
 1922
 1864
 1812
 1758
 1710
 1666
 1620
 1574
 1530
 1486
 1448
 1410
 1372
 1330
 1298
 1268
 1242
 1218
 1204
 1196
 1196
 1204
 1220
 1242
 1276
 1314
 1360
 1410
 1460
 1508
 1562
 1622
 1680
 1740
 1802
 1860
 1916
 1966
 2018
 2070
 2126
 2180
 2238
 2288
 2328
 2370
 2406
 2440
 2478
 2502
 2522
 2552
 2570
 2586
 2606
 2626
 2634
 2638
 2642
 2646
 2652
 2660
 2656
 2642
 2632
 2634
 2650
 2670
 2698
 2732
 2770
 2798
 2824
 2850
 2882
 2928
 2976
 3018
 3054
 3086
 3110
 3132
 3156
 3180
 3198
 3206
 3210
 3208
 3200
 3186
 3164
 3134
 3098
 3054
 3008
 2960
 2918
 2878
 2834
 2784
 2732
 2676
 2614
 2550
 2482
 2412
 2338
 2260
 2182
 2106
 2032
 1962
 1894
 1828
 1762
 1700
 1646
 1598
 1558
 1524
 1494
 1470
 1448
 1438
 1440
 1446
 1458
 1474
 1490
 1508
 1532
 1554
 1584
 1614
 1648
 1680
 1716
 1746
 1780
 1812
 1842
 1868
 1892
 1914
 1938
 1964
 1990
 2014
 2038
 2058
 2078
 2098
 2112
 2128
 2146
 2160
 2174
 2190
 2206
 2228
 2246
 2262
 2272
 2286
 2298
 2312
 2330
 2346
 2364
 2382
 2400
 2418
 2436
 2454
 2472
 2492
 2506
 2524
 2542
 2564
 2594
 2624
 2650
 2672
 2698
 2724
 2748
 2776
 2804
 2830
 2860
 2886
 2910
 2934
 2950
 2960
 2970
 2972
 2974
 2970
 2964
 2962
 2962
 2956
 2944
 2926
 2906
 2886
 2862
 2834
 2804
 2772
 2738
 2700
 2662
 2626
 2584
 2540
 2496
 2446
 2392
 2344
 2298
 2254
 2212
 2164
 2114
 2060
 2008
 1956
 1906
 1854
 1802
 1746
 1688
 1630
 1570
 1512
 1458
 1406
 1358
 1308
 1258
 1212
 1162
 1120
 1076
 1026
 980
 938
 906
 880
 862
 860
 866
 884
 906
 936
 976
 1024
 1084
 1158
 1234
 1308
 1388
 1466
 1548
 1628
 1706
 1776
 1842
 1908
 1968
 2026
 2088
 2152
 2218
 2286
 2352
 2416
 2482
 2542
 2600
 2654
 2700
 2740
 2780
 2814
 2856
 2898
 2934
 2964
 2992
 3020
 3040
 3062
 3084
 3102
 3118
 3132
 3142
 3150
 3158
 3166
 3170
 3170
 3168
 3166
 3164
 3164
 3172
 3178
 3184
 3190
 3194
 3196
 3198
 3204
 3208
 3208
 3204
 3198
 3194
 3190
 3184
 3176
 3166
 3152
 3132
 3106
 3078
 3048
 3022
 2994
 2960
 2920
 2878
 2838
 2796
 2756
 2712
 2668
 2622
 2570
 2520
 2470
 2420
 2368
 2314
 2260
 2202
 2142
 2084
 2026
 1974
 1922
 1868
 1812
 1758
 1706
 1658
 1616
 1578
 1548
 1524
 1514
 1512
 1518
 1532
 1552
 1580
 1606
 1640
 1676
 1712
 1752
 1794
 1830
 1866
 1900
 1932
 1964
 1992
 2024
 2056
 2090
 2124
 2156
 2188
 2222
 2260
 2298
 2334
 2366
 2402
 2434
 2472
 2512
 2548
 2582
 2612
 2640
 2668
 2694
 2720
 2748
 2772
 2796
 2820
 2844
 2870
 2896
 2922
 2942
 2958
 2974
 2988
 3012
 3038
 3062
 3084
 3104
 3122
 3140
 3158
 3174
 3188
 3202
 3210
 3218
 3220
 3222
 3224
 3222
 3220
 3210
 3198
 3184
 3174
 3166
 3148
 3126
 3094
 3058
 3014
 2962
 2904
 2842
 2774
 2700
 2620
 2542
 2458
 2372
 2286
 2200
 2112
 2034
 1956
 1884
 1812
 1742
 1670
 1598
 1534
 1480
 1436
 1396
 1356
 1320
 1286
 1256
 1236
 1224
 1224
 1232
 1248
 1272
 1300
 1328
 1360
 1400
 1446
 1498
 1552
 1610
 1676
 1752
 1838
 1924
 2008
 2092
 2176
 2258
 2336
 2416
 2486
 2548
 2604
 2654
 2708
 2756
 2798
 2834
 2864
 2894
 2918
 2940
 2962
 2980
 2990
 3000
 3010
 3020
 3030
 3036
 3044
 3048
 3052
 3052
 3048
 3054
 3060
 3060
 3058
 3054
 3048
 3042
 3038
 3036
 3028
 3022
 3016
 3012
 3008
 3004
 3000
 2992
 2984
 2972
 2954
 2934
 2914
 2894
 2866
 2832
 2794
 2752
 2708
 2664
 2622
 2572
 2518
 2450
 2372
 2290
 2208
 2130
 2056
 1992
 1934
 1880
 1842
 1818
 1816
 1828
 1854
 1880
 1902
 1920
 1944
 1964
 1980
 1986
 1990
 1986
 1980
 1970
 1962
 1956
 1948
 1930
 1908
 1882
 1854
 1826
 1800
 1770
 1736
 1702
 1674
 1646
 1626
 1616
 1610
 1610
 1602
 1590
 1574
 1554
 1530
 1488
 1428
 1346
 1262
 1168
 1062
 962
 860
 750
 648
 546
 444
 342
 252
 180
 146
 182
 298
 482
 626
 726
 820
 878
 896
 880
 832
 758
 676
 604
 534
 456
 382
 322
 282
 254
 246
 256
 280
 320
 374
 444
 526
 614
 706
 800
 890
 972
 1054
 1140
 1236
 1350
 1466
 1580
 1692
 1800
 1902
 1996
 2076
 2150
 2218
 2286
 2358
 2426
 2486
 2542
 2590
 2630
 2664
 2700
 2734
 2766
 2794
 2820
 2842
 2866
 2888
 2908
 2926
 2938
 2942
 2948
 2956
 2964
 2968
 2972
 2970
 2966
 2960
 2950
 2946
 2940
 2938
 2934
 2930
 2924
 2924
 2922
 2920
 2916
 2912
 2910
 2910
 2912
 2912
 2912
 2912
 2914
 2916
 2922
 2924
 2928
 2932
 2936
 2938
 2942
 2946
 2950
 2954
 2956
 2958
 2966
 2976
 2982
 2990
 2994
 2998
 3002
 3006
 3012
 3020
 3022
 3026
 3028
 3030
 3028
 3034
 3036
 3036
 3040
 3044
 3050
 3058
 3064
 3068
 3068
 3070
 3072
 3076
 3078
 3074
 3072
 3072
 3072
 3072
 3070
 3072
 3072
 3072
 3072
 3072
 3076
 3082
 3090
 3094
 3096
 3096
 3098
 3098
 3100
 3100
 3104
 3108
 3110
 3112
 3110
 3108
 3106
 3100
 3094
 3084
 3078
 3074
 3070
 3072
 3068
 3064
 3054
 3038
 3018
 2994
 2966
 2934
 2898
 2858
 2822
 2790
 2758
 2732
 2706
 2682
 2660
 2636
 2616
 2602
 2594
 2594
 2596
 2598
 2604
 2612
 2622
 2638
 2658
 2674
 2688
 2702
 2710
 2714
 2718
 2726
 2732
 2738
 2748
 2752
 2762
 2772
 2786
 2802
 2816
 2826
 2836
 2848
 2858
 2866
 2878
 2886
 2894
 2900
 2902
 2902
 2906
 2906
 2908
 2912
 2912
 2912
 2914
 2914
 2918
 2922
 2926
 2928
 2932
 2936
 2938
 2940
 2946
 2948
 2948
 2946
 2944
 2942
 2942
 2940
 2936
 2932
 2930
 2924
 2918
 2914
 2914
 2914
 2916
 2916
 2916
 2916
 2918
 2920
 2920
 2918
 2916
 2914
 2914
 2912
 2910
 2908
 2906
 2904
 2900
 2894
 2888
 2886
 2886
 2888
 2888
 2888
 2888
 2892
 2896
 2896
 2896
 2896
 2892
 2892
 2888
 2882
 2878
 2870
 2862
 2848
 2832
 2814
 2796
 2780
 2772
 2760
 2744
 2730
 2716
 2710
 2702
 2692
 2680
 2668
 2650
 2636
 2620
 2604
 2590
 2582
 2574
 2562
 2556
 2554
 2554
 2560
 2568
 2574
 2580
 2592
 2600
 2610
 2618
 2628
 2638
 2646
 2650
 2656
 2660
 2662
 2664
 2666
 2666
 2666
 2668
 2672
 2680
 2688
 2696
 2700
 2704
 2710
 2716
 2724
 2732
 2736
 2738
 2738
 2736
 2736
 2734
 2732
 2732
 2730
 2726
 2726
 2726
 2726
 2732
 2732
 2732
 2736
 2738
 2744
 2750
 2756
 2762
 2766
 2766
 2768
 2768
 2770
 2768
 2768
 2766
 2762
 2758
 2756
 2756
 2762
 2764
 2766
 2768
 2770
 2772
 2772
 2778
 2780
 2784
 2790
 2794
 2796
 2796
 2798
 2800
 2800
 2798
 2798
 2796
 2794
 2798
 2800
 2804
 2804
 2806
 2806
 2808
 2810
 2810
 2810
 2810
 2810
 2810
 2808
 2810
 2810
 2810
 2808
 2806
 2802
 2800
 2800
 2804
 2810
 2814
 2818
 2820
 2824
 2826
 2832
 2838
 2842
 2842
 2844
 2844
 2848
 2848
 2850
 2852
 2854
 2854
 2856
 2858
 2860
 2868
 2872
 2876
 2880
 2882
 2884
 2886
 2890
 2894
 2896
 2894
 2894
 2894
 2894
 2896
 2896
 2896
 2896
 2894
 2892
 2886
 2892
 2898
 2902
 2904
 2908
 2910
 2910
 2912
 2914
 2914
 2912
 2912
 2912
 2912
 2912
 2910
 2910
 2908
 2908
 2902
 2900
 2900
 2902
 2906
 2904
 2904
 2906
 2906
 2906
 2906
 2908
 2908
 2908
 2906
 2906
 2904
 2902
 2904
 2900
 2894
 2892
 2888
 2884
 2882
 2882
 2888
 2892
 2894
 2894
 2894
 2894
 2896
 2898
 2898
 2898
 2898
 2896
 2896
 2896
 2892
 2888
 2886
 2884
 2880
 2876
 2874
 2874
 2880
 2882
 2884
 2886
 2888
 2890
 2890
 2888
 2888
 2888
 2888
 2888
 2886
 2884
 2882
 2880
 2878
 2872
 2866
 2860
 2856
 2856
 2858
 2862
 2864
 2866
 2866
 2864
 2864
 2866
 2870
 2872
 2870
 2872
 2870
 2872
 2872
 2872
 2872
 2872
 2870
 2864
 2860
 2856
 2858
 2860
 2862
 2864
 2868
 2870
 2868
 2872
 2872
 2872
 2870
 2868
 2864
 2862
 2862
 2858
 2856
 2854
 2850
 2844
 2840
 2838
 2840
 2842
 2842
 2842
 2844
 2846
 2850
 2856
 2860
 2864
 2864
 2870
 2874
 2876
 2880
 2882
 2878
 2874
 2872
 2870
 2870
 2870
 2878
 2888
 2896
 2902
 2908
 2916
 2922
 2928
 2938
 2942
 2948
 2952
 2956
 2958
 2958
 2958
 2956
 2948
 2938
 2920
 2904
 2882
 2862
 2838
 2804
 2768
 2732
 2694
 2654
 2618
 2580
 2536
 2488
 2440
 2392
 2342
 2298
 2238
 2180
 2124
 2070
 2014
 1962
 1910
 1860
 1814
 1770
 1724
 1680
 1636
 1596
 1556
 1514
 1480
 1450
 1420
 1394
 1370
 1352
 1348
 1348
 1356
 1366
 1386
 1412
 1444
 1476
 1506
 1528
 1552
 1578
 1600
 1622
 1648
 1676
 1698
 1722
 1740
 1758
 1780
 1802
 1826
 1852
 1880
 1910
 1944
 1976
 2008
 2040
 2072
 2102
 2130
 2160
 2192
 2226
 2256
 2284
 2304
 2326
 2346
 2362
 2380
 2396
 2414
 2430
 2446
 2462
 2480
 2500
 2526
 2554
 2576
 2598
 2618
 2636
 2652
 2666
 2680
 2694
 2704
 2714
 2722
 2730
 2736
 2738
 2740
 2738
 2734
 2726
 2714
 2692
 2674
 2650
 2618
 2582
 2542
 2500
 2452
 2406
 2358
 2310
 2258
 2202
 2146
 2090
 2034
 1980
 1924
 1868
 1814
 1760
 1708
 1658
 1610
 1568
 1528
 1484
 1440
 1396
 1358
 1320
 1284
 1246
 1212
 1180
 1152
 1128
 1116
 1114
 1120
 1134
 1150
 1170
 1194
 1220
 1244
 1274
 1298
 1324
 1352
 1380
 1408
 1436
 1462
 1492
 1516
 1536
 1554
 1574
 1596
 1616
 1640
 1662
 1686
 1710
 1736
 1760
 1784
 1808
 1834
 1858
 1880
 1902
 1926
 1952
 1982
 2012
 2044
 2076
 2108
 2140
 2172
 2206
 2240
 2278
 2318
 2352
 2388
 2424
 2464
 2508
 2548
 2582
 2616
 2650
 2680
 2704
 2734
 2760
 2790
 2816
 2840
 2862
 2886
 2908
 2928
 2950
 2964
 2972
 2976
 2976
 2984
 2996
 3006
 3012
 3018
 3026
 3030
 3032
 3034
 3034
 3034
 3030
 3022
 3008
 2992
 2972
 2948
 2920
 2888
 2852
 2816
 2776
 2738
 2700
 2658
 2614
 2566
 2520
 2474
 2424
 2372
 2316
 2258
 2200
 2142
 2084
 2026
 1974
 1920
 1868
 1816
 1766
 1720
 1674
 1628
 1582
 1536
 1490
 1446
 1412
 1378
 1354
 1342
 1342
 1352
 1364
 1374
 1384
 1394
 1406
 1420
 1438
 1460
 1490
 1520
 1550
 1580
 1610
 1644
 1678
 1710
 1744
 1784
 1828
 1870
 1912
 1956
 2000
 2050
 2106
 2170
 2236
 2298
 2358
 2410
 2458
 2506
 2544
 2576
 2608
 2628
 2648
 2662
 2672
 2680
 2680
 2664
 2644
 2606
 2558
 2508
 2458
 2408
 2354
 2302
 2252
 2204
 2158
 2114
 2066
 2018
 1966
 1916
 1868
 1822
 1768
 1722
 1678
 1634
 1594
 1558
 1526
 1498
 1478
 1454
 1436
 1420
 1414
 1412
 1414
 1418
 1428
 1444
 1464
 1488
 1518
 1556
 1602
 1648
 1702
 1756
 1810
 1868
 1928
 1984
 2038
 2088
 2134
 2186
 2236
 2280
 2324
 2362
 2400
 2434
 2462
 2490
 2516
 2542
 2566
 2590
 2610
 2630
 2650
 2670
 2686
 2702
 2716
 2730
 2742
 2760
 2780
 2796
 2812
 2824
 2838
 2850
 2862
 2876
 2888
 2896
 2906
 2908
 2910
 2912
 2914
 2918
 2918
 2916
 2914
 2912
 2910
 2908
 2908
 2910
 2910
 2914
 2912
 2912
 2910
 2906
 2902
 2896
 2882
 2864
 2844
 2818
 2792
 2768
 2736
 2698
 2660
 2622
 2576
 2532
 2486
 2444
 2404
 2362
 2318
 2274
 2232
 2194
 2156
 2120
 2084
 2048
 2010
 1972
 1936
 1902
 1870
 1842
 1818
 1800
 1784
 1776
 1774
 1780
 1788
 1798
 1806
 1818
 1832
 1848
 1862
 1882
 1902
 1924
 1942
 1960
 1980
 1998
 2018
 2040
 2062
 2084
 2106
 2132
 2158
 2184
 2206
 2228
 2248
 2264
 2282
 2296
 2308
 2324
 2336
 2346
 2354
 2362
 2370
 2380
 2386
 2396
 2406
 2414
 2426
 2438
 2452
 2470
 2488
 2504
 2518
 2534
 2546
 2558
 2572
 2586
 2598
 2610
 2622
 2632
 2644
 2656
 2668
 2676
 2686
 2696
 2704
 2712
 2720
 2732
 2744
 2754
 2760
 2764
 2768
 2770
 2774
 2776
 2782
 2784
 2784
 2782
 2782
 2782
 2782
 2782
 2786
 2794
 2806
 2820
 2842
 2862
 2888
 2920
 2948
 2972
 2998
 3018
 3032
 3048
 3066
 3086
 3102
 3114
 3124
 3134
 3144
 3152
 3156
 3154
 3150
 3140
 3122
 3100
 3076
 3056
 3034
 3010
 2982
 2952
 2922
 2890
 2858
 2824
 2788
 2750
 2714
 2680
 2646
 2616
 2582
 2546
 2512
 2480
 2440
 2408
 2372
 2342
 2318
 2290
 2262
 2234
 2206
 2182
 2162
 2146
 2136
 2128
 2126
 2124
 2126
 2134
 2144
 2152
 2160
 2172
 2184
 2200
 2216
 2236
 2258
 2280
 2300
 2322
 2346
 2370
 2396
 2420
 2444
 2466
 2484
 2498
 2512
 2526
 2544
 2562
 2578
 2592
 2608
 2620
 2638
 2658
 2676
 2694
 2712
 2730
 2746
 2762
 2776
 2792
 2804
 2816
 2826
 2832
 2840
 2844
 2848
 2848
 2848
 2848
 2846
 2846
 2846
 2842
 2830
 2814
 2790
 2762
 2726
 2682
 2634
 2582
 2526
 2470
 2414
 2360
 2310
 2262
 2216
 2174
 2136
 2100
 2066
 2040
 2018
 1998
 1978
 1956
 1942
 1928
 1916
 1912
 1914
 1916
 1920
 1926
 1936
 1952
 1966
 1982
 2002
 2020
 2040
 2064
 2086
 2110
 2134
 2154
 2174
 2194
 2216
 2234
 2256
 2276
 2294
 2310
 2324
 2336
 2348
 2358
 2368
 2374
 2382
 2388
 2394
 2400
 2408
 2418
 2422
 2428
 2432
 2434
 2438
 2444
 2448
 2454
 2460
 2460
 2462
 2462
 2462
 2460
 2460
 2460
 2458
 2458
 2454
 2454
 2456
 2464
 2472
 2480
 2486
 2488
 2494
 2494
 2496
 2504
 2512
 2518
 2524
 2526
 2528
 2532
 2536
 2538
 2540
 2542
 2542
 2542
 2542
 2546
 2554
 2568
 2578
 2586
 2592
 2596
 2604
 2608
 2612
 2618
 2618
 2616
 2612
 2608
 2604
 2600
 2592
 2582
 2576
 2564
 2550
 2538
 2524
 2516
 2510
 2500
 2490
 2488
 2488
 2492
 2500
 2512
 2520
 2532
 2538
 2548
 2558
 2568
 2578
 2588
 2598
 2604
 2608
 2618
 2628
 2648
 2666
 2680
 2692
 2706
 2718
 2728
 2742
 2752
 2762
 2772
 2778
 2786
 2792
 2802
 2814
 2826
 2826
 2822
 2818
 2814
 2810
 2804
 2792
 2768
 2738
 2702
 2664
 2626
 2586
 2542
 2498
 2456
 2412
 2372
 2334
 2292
 2252
 2214
 2180
 2148
 2122
 2100
 2082
 2068
 2050
 2032
 2024
 2016
 2008
 2010
 2020
 2030
 2042
 2056
 2068
 2082
 2096
 2108
 2122
 2142
 2160
 2184
 2208
 2232
 2260
 2290
 2314
 2334
 2356
 2376
 2392
 2412
 2428
 2446
 2460
 2472
 2484
 2494
 2504
 2514
 2522
 2532
 2534
 2538
 2546
 2558
 2578
 2604
 2620
 2636
 2662
 2678
 2702
 2728
 2748
 2766
 2788
 2812
 2830
 2844
 2858
 2870
 2876
 2886
 2894
 2900
 2908
 2918
 2938
 2960
 2978
 2992
 3004
 3020
 3030
 3034
 3036
 3036
 3024
 3010
 3000
 2992
 2978
 2964
 2948
 2924
 2898
 2870
 2846
 2822
 2804
 2784
 2760
 2732
 2702
 2668
 2634
 2602
 2568
 2530
 2494
 2450
 2406
 2364
 2320
 2278
 2238
 2198
 2152
 2110
 2068
 2028
 1996
 1968
 1936
 1908
 1878
 1856
 1842
 1834
 1836
 1846
 1856
 1868
 1884
 1906
 1932
 1958
 1988
 2020
 2050
 2080
 2114
 2150
 2190
 2232
 2274
 2312
 2350
 2386
 2420
 2456
 2488
 2520
 2546
 2572
 2592
 2614
 2636
 2654
 2676
 2694
 2714
 2734
 2758
 2786
 2816
 2840
 2862
 2882
 2902
 2916
 2932
 2950
 2962
 2964
 2970
 2972
 2974
 2976
 2974
 2972
 2968
 2954
 2928
 2884
 2834
 2788
 2732
 2670
 2604
 2528
 2444
 2362
 2284
 2202
 2122
 2042
 1960
 1880
 1808
 1736
 1670
 1604
 1538
 1476
 1414
 1358
 1306
 1254
 1206
 1162
 1120
 1078
 1040
 1006
 972
 936
 904
 876
 854
 838
 830
 828
 832
 846
 866
 884
 900
 924
 948
 970
 994
 1020
 1044
 1076
 1106
 1138
 1170
 1202
 1234
 1268
 1300
 1334
 1378
 1420
 1460
 1504
 1544
 1588
 1632
 1674
 1716
 1756
 1804
 1846
 1888
 1932
 1970
 2010
 2044
 2080
 2112
 2146
 2178
 2210
 2244
 2270
 2298
 2330
 2358
 2392
 2420
 2442
 2464
 2486
 2504
 2522
 2542
 2560
 2580
 2598
 2610
 2622
 2636
 2648
 2662
 2672
 2684
 2696
 2710
 2724
 2738
 2754
 2764
 2758
 2750
 2746
 2752
 2760
 2766
 2768
 2766
 2762
 2766
 2776
 2788
 2806
 2816
 2824
 2840
 2854
 2870
 2882
 2894
 2908
 2936
 2966
 2996
 3026
 3060
 3098
 3140
 3184
 3234
 3282
 3330
 3374
 3412
 3442
 3458
 3470
 3472
 3464
 3448
 3420
 3382
 3344
 3306
 3260
 3206
 3146
 3080
 3018
 2958
 2892
 2824
 2756
 2686
 2616
 2544
 2468
 2390
 2312
 2234
 2160
 2090
 2018
 1952
 1892
 1830
 1768
 1704
 1644
 1586
 1530
 1474
 1422
 1370
 1324
 1280
 1242
 1212
 1190
 1178
 1174
 1178
 1188
 1202
 1224
 1248
 1270
 1298
 1326
 1356
 1388
 1422
 1454
 1488
 1524
 1558
 1592
 1630
 1668
 1708
 1746
 1780
 1818
 1852
 1892
 1932
 1972
 2008
 2042
 2074
 2106
 2140
 2172
 2202
 2232
 2264
 2292
 2322
 2354
 2384
 2416
 2448
 2478
 2508
 2540
 2582
 2622
 2662
 2696
 2726
 2754
 2782
 2808
 2836
 2864
 2888
 2908
 2924
 2940
 2960
 2974
 2988
 3000
 3006
 3012
 3028
 3040
 3060
 3088
 3112
 3136
 3160
 3186
 3212
 3234
 3254
 3276
 3296
 3312
 3324
 3334
 3342
 3348
 3356
 3356
 3352
 3338
 3322
 3300
 3282
 3264
 3248
 3232
 3212
 3190
 3162
 3136
 3110
 3082
 3050
 3014
 2974
 2924
 2872
 2816
 2754
 2692
 2632
 2568
 2510
 2454
 2402
 2356
 2310
 2260
 2208
 2160
 2114
 2068
 2022
 1976
 1932
 1892
 1852
 1824
 1806
 1798
 1794
 1796
 1802
 1816
 1832
 1852
 1876
 1898
 1922
 1944
 1968
 1990
 2016
 2044
 2072
 2100
 2126
 2152
 2184
 2214
 2244
 2276
 2308
 2336
 2368
 2398
 2426
 2458
 2490
 2516
 2540
 2562
 2586
 2606
 2632
 2652
 2668
 2680
 2688
 2694
 2698
 2696
 2688
 2672
 2644
 2612
 2580
 2550
 2524
 2504
 2478
 2450
 2420
 2398
 2376
 2360
 2350
 2346
 2344
 2348
 2354
 2366
 2380
 2392
 2410
 2430
 2450
 2470
 2492
 2516
 2546
 2580
 2614
 2648
 2684
 2716
 2748
 2778
 2806
 2836
 2866
 2892
 2912
 2926
 2940
 2954
 2970
 2986
 3002
 3016
 3032
 3052
 3072
 3098
 3124
 3146
 3166
 3188
 3206
 3222
 3240
 3256
 3266
 3270
 3266
 3258
 3250
 3234
 3212
 3184
 3148
 3108
 3060
 3012
 2962
 2916
 2872
 2824
 2774
 2722
 2672
 2624
 2576
 2532
 2488
 2444
 2396
 2348
 2302
 2256
 2212
 2168
 2126
 2082
 2038
 1996
 1956
 1916
 1882
 1846
 1814
 1782
 1758
 1742
 1736
 1738
 1746
 1758
 1778
 1800
 1826
 1858
 1894
 1934
 1976
 2018
 2062
 2104
 2148
 2198
 2244
 2284
 2320
 2356
 2390
 2420
 2448
 2478
 2510
 2544
 2574
 2606
 2636
 2668
 2700
 2734
 2762
 2792
 2814
 2836
 2856
 2882
 2908
 2926
 2938
 2950
 2962
 2968
 2970
 2978
 2984
 2990
 2994
 2998
 3000
 3004
 3010
 3012
 3012
 3016
 3018
 3014
 3010
 3002
 2998
 2994
 2988
 2980
 2966
 2954
 2936
 2916
 2892
 2866
 2834
 2800
 2762
 2720
 2676
 2632
 2586
 2540
 2494
 2444
 2396
 2352
 2308
 2272
 2232
 2190
 2148
 2108
 2070
 2032
 1994
 1954
 1918
 1878
 1842
 1808
 1780
 1760
 1748
 1744
 1748
 1758
 1776
 1798
 1822
 1854
 1882
 1914
 1946
 1984
 2018
 2054
 2088
 2124
 2162
 2196
 2228
 2260
 2296
 2330
 2364
 2396
 2422
 2444
 2462
 2470
 2476
 2480
 2478
 2478
 2480
 2484
 2486
 2494
 2502
 2512
 2520
 2526
 2528
 2532
 2532
 2536
 2538
 2538
 2546
 2550
 2550
 2556
 2566
 2578
 2590
 2604
 2618
 2634
 2654
 2672
 2694
 2716
 2738
 2758
 2782
 2806
 2830
 2860
 2890
 2918
 2948
 2972
 2992
 3010
 3026
 3044
 3064
 3072
 3072
 3072
 3068
 3060
 3050
 3038
 3018
 2994
 2962
 2928
 2888
 2848
 2806
 2762
 2718
 2668
 2624
 2580
 2538
 2500
 2466
 2424
 2380
 2334
 2286
 2240
 2194
 2146
 2100
 2052
 2002
 1950
 1904
 1866
 1830
 1804
 1782
 1762
 1750
 1744
 1750
 1764
 1784
 1806
 1832
 1864
 1898
 1938
 1980
 2026
 2074
 2122
 2166
 2210
 2254
 2302
 2344
 2388
 2434
 2468
 2506
 2540
 2574
 2616
 2652
 2686
 2714
 2740
 2764
 2788
 2810
 2828
 2850
 2868
 2884
 2900
 2920
 2944
 2966
 2990
 3006
 3020
 3036
 3050
 3072
 3098
 3126
 3154
 3180
 3206
 3228
 3252
 3278
 3302
 3318
 3320
 3318
 3308
 3294
 3274
 3250
 3214
 3176
 3130
 3078
 3026
 2974
 2928
 2878
 2822
 2764
 2704
 2646
 2592
 2538
 2486
 2432
 2374
 2312
 2244
 2174
 2110
 2048
 1992
 1938
 1888
 1846
 1804
 1770
 1740
 1710
 1682
 1660
 1648
 1644
 1652
 1668
 1688
 1710
 1736
 1768
 1802
 1838
 1878
 1922
 1964
 2008
 2052
 2100
 2150
 2196
 2240
 2280
 2320
 2360
 2400
 2438
 2474
 2508
 2542
 2570
 2598
 2622
 2648
 2674
 2702
 2728
 2754
 2784
 2812
 2850
 2882
 2910
 2932
 2950
 2966
 2980
 2998
 3018
 3030
 3038
 3042
 3046
 3052
 3058
 3068
 3078
 3084
 3086
 3082
 3082
 3080
 3082
 3086
 3090
 3090
 3088
 3088
 3092
 3094
 3098
 3104
 3110
 3116
 3120
 3126
 3128
 3128
 3124
 3114
 3098
 3080
 3054
 3022
 2988
 2950
 2922
 2890
 2854
 2816
 2774
 2730
 2688
 2642
 2600
 2550
 2502
 2458
 2416
 2372
 2322
 2268
 2212
 2148
 2084
 2022
 1970
 1920
 1862
 1812
 1766
 1716
 1660
 1604
 1554
 1508
 1464
 1430
 1396
 1366
 1342
 1328
 1324
 1328
 1340
 1364
 1388
 1414
 1448
 1484
 1522
 1564
 1604
 1640
 1676
 1716
 1754
 1790
 1828
 1868
 1910
 1946
 1980
 2014
 2050
 2086
 2120
 2156
 2186
 2222
 2256
 2296
 2336
 2376
 2412
 2444
 2478
 2508
 2536
 2568
 2596
 2626
 2652
 2676
 2700
 2724
 2750
 2776
 2802
 2826
 2844
 2866
 2886
 2912
 2940
 2962
 2980
 2998
 3014
 3028
 3038
 3050
 3062
 3072
 3080
 3086
 3090
 3096
 3102
 3108
 3112
 3118
 3122
 3128
 3130
 3134
 3148
 3164
 3176
 3184
 3190
 3198
 3202
 3206
 3208
 3202
 3194
 3182
 3164
 3140
 3110
 3074
 3034
 2990
 2940
 2886
 2834
 2780
 2732
 2682
 2628
 2574
 2518
 2464
 2410
 2360
 2306
 2252
 2196
 2136
 2078
 2022
 1968
 1918
 1870
 1822
 1776
 1736
 1696
 1660
 1626
 1590
 1556
 1526
 1504
 1492
 1488
 1490
 1498
 1512
 1528
 1548
 1574
 1600
 1630
 1662
 1692
 1718
 1750
 1782
 1820
 1858
 1892
 1926
 1960
 1996
 2028
 2062
 2098
 2132
 2162
 2192
 2222
 2252
 2282
 2316
 2350
 2384
 2414
 2444
 2474
 2504
 2540
 2574
 2604
 2634
 2660
 2684
 2706
 2730
 2754
 2776
 2798
 2816
 2836
 2854
 2876
 2898
 2918
 2938
 2954
 2972
 2986
 3002
 3018
 3034
 3058
 3082
 3108
 3132
 3162
 3184
 3208
 3234
 3262
 3286
 3308
 3330
 3348
 3362
 3370
 3378
 3384
 3388
 3388
 3386
 3386
 3382
 3386
 3392
 3396
 3400
 3402
 3406
 3408
 3404
 3404
 3400
 3394
 3384
 3366
 3344
 3320
 3292
 3258
 3218
 3174
 3130
 3080
 3028
 2976
 2928
 2886
 2836
 2788
 2736
 2684
 2636
 2586
 2538
 2488
 2430
 2364
 2304
 2246
 2190
 2132
 2076
 2022
 1964
 1908
 1862
 1816
 1778
 1746
 1722
 1704
 1692
 1690
 1698
 1714
 1736
 1760
 1784
 1812
 1842
 1876
 1914
 1956
 1998
 2040
 2082
 2122
 2164
 2210
 2254
 2294
 2330
 2364
 2398
 2430
 2464
 2496
 2526
 2554
 2580
 2606
 2630
 2656
 2678
 2700
 2720
 2742
 2762
 2790
 2818
 2844
 2868
 2888
 2906
 2918
 2928
 2944
 2958
 2974
 2986
 2998
 3010
 3024
 3038
 3046
 3056
 3064
 3066
 3066
 3064
 3068
 3072
 3074
 3074
 3074
 3076
 3076
 3078
 3080
 3078
 3078
 3074
 3070
 3064
 3048
 3032
 3014
 2990
 2960
 2924
 2888
 2852
 2818
 2786
 2748
 2710
 2666
 2620
 2576
 2532
 2484
 2436
 2388
 2336
 2284
 2236
 2186
 2140
 2094
 2050
 2002
 1958
 1920
 1880
 1850
 1818
 1788
 1758
 1728
 1702
 1676
 1654
 1634
 1620
 1612
 1610
 1614
 1624
 1638
 1660
 1686
 1712
 1736
 1770
 1802
 1838
 1880
 1916
 1954
 1992
 2026
 2058
 2088
 2118
 2154
 2186
 2214
 2244
 2276
 2308
 2340
 2368
 2398
 2428
 2456
 2480
 2506
 2530
 2560
 2596
 2628
 2658
 2682
 2706
 2728
 2748
 2768
 2786
 2804
 2818
 2830
 2842
 2854
 2862
 2872
 2878
 2880
 2882
 2878
 2872
 2866
 2864
 2862
 2860
 2852
 2846
 2840
 2826
 2814
 2796
 2776
 2750
 2722
 2694
 2666
 2638
 2608
 2574
 2542
 2504
 2468
 2428
 2388
 2350
 2316
 2284
 2250
 2214
 2174
 2138
 2106
 2074
 2044
 2012
 1980
 1950
 1922
 1898
 1882
 1876
 1876
 1884
 1896
 1912
 1934
 1960
 1986
 2020
 2056
 2090
 2120
 2148
 2172
 2198
 2224
 2248
 2276
 2302
 2326
 2352
 2380
 2408
 2436
 2460
 2488
 2514
 2534
 2554
 2570
 2588
 2606
 2624
 2638
 2652
 2666
 2678
 2690
 2702
 2716
 2728
 2738
 2748
 2756
 2766
 2776
 2788
 2798
 2812
 2826
 2838
 2850
 2858
 2870
 2884
 2902
 2918
 2930
 2940
 2946
 2950
 2956
 2962
 2968
 2978
 2976
 2974
 2972
 2972
 2972
 2970
 2970
 2970
 2972
 2972
 2972
 2970
 2974
 2982
 2994
 3004
 3012
 3022
 3032
 3040
 3046
 3056
 3064
 3068
 3068
 3066
 3060
 3052
 3042
 3030
 3008
 2986
 2958
 2926
 2890
 2850
 2814
 2782
 2756
 2728
 2698
 2668
 2636
 2606
 2574
 2544
 2510
 2476
 2440
 2402
 2358
 2318
 2278
 2232
 2186
 2142
 2096
 2050
 2002
 1956
 1916
 1874
 1838
 1808
 1776
 1746
 1720
 1700
 1690
 1688
 1704
 1718
 1740
 1762
 1794
 1842
 1902
 1960
 2018
 2070
 2110
 2138
 2162
 2176
 2190
 2200
 2196
 2176
 2146
 2112
 2068
 2022
 1976
 1932
 1886
 1836
 1788
 1736
 1688
 1640
 1598
 1558
 1518
 1482
 1450
 1424
 1398
 1372
 1346
 1318
 1304
 1294
 1282
 1272
 1264
 1262
 1262
 1264
 1272
 1284
 1298
 1314
 1326
 1340
 1362
 1380
 1402
 1424
 1444
 1468
 1492
 1514
 1536
 1562
 1586
 1612
 1640
 1662
 1684
 1706
 1724
 1744
 1764
 1782
 1802
 1824
 1844
 1862
 1880
 1900
 1924
 1946
 1962
 1980
 1996
 2018
 2034
 2052
 2072
 2092
 2112
 2130
 2144
 2160
 2178
 2196
 2212
 2226
 2244
 2258
 2268
 2274
 2280
 2276
 2272
 2266
 2252
 2238
 2220
 2198
 2174
 2140
 2106
 2068
 2024
 1974
 1926
 1880
 1834
 1790
 1748
 1706
 1668
 1634
 1600
 1570
 1550
 1524
 1500
 1474
 1450
 1432
 1414
 1398
 1388
 1380
 1378
 1376
 1372
 1368
 1376
 1386
 1398
 1414
 1436
 1464
 1490
 1516
 1544
 1568
 1594
 1620
 1648
 1672
 1688
 1704
 1722
 1740
 1756
 1772
 1784
 1794
 1800
 1806
 1816
 1812
 1804
 1802
 1808
 1802
 1790
 1780
 1766
 1752
 1734
 1716
 1694
 1670
 1646
 1618
 1590
 1568
 1546
 1524
 1500
 1484
 1464
 1448
 1434
 1412
 1400
 1388
 1380
 1372
 1370
 1372
 1378
 1384
 1392
 1402
 1418
 1438
 1456
 1478
 1504
 1530
 1550
 1572
 1590
 1614
 1642
 1668
 1696
 1728
 1754
 1780
 1808
 1834
 1864
 1896
 1922
 1946
 1966
 1980
 1996
 2012
 2022
 2034
 2042
 2046
 2046
 2044
 2034
 2024
 2014
 2000
 1984
 1964
 1944
 1920
 1900
 1876
 1852
 1824
 1798
 1772
 1746
 1710
 1676
 1648
 1622
 1588
 1550
 1514
 1482
 1448
 1414
 1382
 1356
 1330
 1308
 1292
 1286
 1276
 1268
 1258
 1252
 1254
 1260
 1260
 1268
 1280
 1292
 1304
 1320
 1342
 1360
 1374
 1386
 1402
 1416
 1428
 1442
 1458
 1476
 1496
 1516
 1536
 1556
 1574
 1598
 1622
 1644
 1664
 1684
 1704
 1724
 1746
 1764
 1788
 1814
 1838
 1866
 1892
 1916
 1944
 1972
 1998
 2024
 2050
 2074
 2098
 2126
 2148
 2172
 2200
 2228
 2256
 2282
 2308
 2336
 2364
 2390
 2414
 2440
 2464
 2488
 2510
 2530
 2552
 2578
 2598
 2618
 2638
 2660
 2688
 2710
 2732
 2750
 2766
 2782
 2796
 2806
 2810
 2806
 2798
 2776
 2750
 2718
 2682
 2640
 2598
 2560
 2514
 2470
 2430
 2392
 2358
 2320
 2280
 2240
 2198
 2158
 2120
 2084
 2048
 2008
 1968
 1924
 1880
 1836
 1792
 1756
 1716
 1678
 1644
 1608
 1576
 1544
 1514
 1486
 1458
 1434
 1412
 1400
 1398
 1404
 1410
 1420
 1434
 1452
 1470
 1492
 1516
 1538
 1566
 1592
 1614
 1636
 1662
 1684
 1708
 1732
 1754
 1776
 1800
 1822
 1846
 1868
 1890
 1916
 1942
 1968
 1996
 2024
 2046
 2070
 2094
 2116
 2140
 2164
 2186
 2208
 2232
 2252
 2272
 2294
 2314
 2334
 2354
 2370
 2390
 2408
 2428
 2446
 2466
 2484
 2498
 2510
 2528
 2544
 2564
 2586
 2602
 2618
 2632
 2644
 2656
 2670
 2682
 2698
 2710
 2722
 2732
 2744
 2754
 2762
 2770
 2776
 2782
 2784
 2790
 2798
 2810
 2826
 2840
 2852
 2864
 2876
 2888
 2896
 2910
 2922
 2930
 2934
 2928
 2922
 2910
 2896
 2876
 2856
 2832
 2802
 2772
 2742
 2710
 2684
 2654
 2620
 2584
 2546
 2508
 2468
 2428
 2386
 2344
 2298
 2250
 2202
 2152
 2100
 2048
 1992
 1938
 1884
 1828
 1774
 1716
 1658
 1604
 1556
 1516
 1480
 1450
 1424
 1406
 1388
 1374
 1362
 1356
 1356
 1358
 1366
 1370
 1368
 1356
 1334
 1304
 1262
 1222
 1182
 1150
 1118
 1090
 1068
 1048
 1022
 990
 936
 866
 786
 698
 594
 478
 346
 230
 118
 16
 0
 0
 0
 0
 0
 0
 0
 0
 0
 0
 0
 0
 0
 0
 0
 0
 0
 0
 0
 0
 24
 150
 288
 422
 544
 662
 764
 852
 932
 1002
 1064
 1122
 1184
 1242
 1294
 1338
 1374
 1410
 1442
 1470
 1492
 1514
 1534
 1548
 1560
 1572
 1580
 1586
 1592
 1596
 1602
 1604
 1606
 1604
 1598
 1590
 1586
 1580
 1578
 1578
 1576
 1582
 1586
 1584
 1578
 1568
 1558
 1556
 1548
 1540
 1530
 1520
 1518
 1518
 1522
 1524
 1526
 1526
 1530
 1540
 1554
 1572
 1598
 1622
 1650
 1682
 1712
 1738
 1764
 1788
 1806
 1812
 1808
 1802
 1798
 1798
 1798
 1804
 1810
 1814
 1818
 1826
 1832
 1838
 1840
 1844
 1848
 1852
 1852
 1854
 1854
 1860
 1872
 1884
 1896
 1912
 1926
 1944
 1964
 1982
 1996
 2010
 2018
 2030
 2038
 2046
 2056
 2066
 2074
 2084
 2094
 2102
 2108
 2116
 2122
 2128
 2142
 2150
 2158
 2166
 2170
 2176
 2182
 2186
 2190
 2194
 2200
 2202
 2208
 2210
 2212
 2214
 2216
 2216
 2218
 2218
 2218
 2222
 2220
 2220
 2222
 2224
 2226
 2230
 2230
 2230
 2226
 2222
 2214
 2204
 2194
 2184
 2174
 2166
 2160
 2158
 2156
 2156
 2158
 2162
 2164
 2166
 2170
 2174
 2178
 2180
 2182
 2180
 2180
 2176
 2178
 2176
 2178
 2178
 2174
 2174
 2174
 2172
 2172
 2172
 2172
 2174
 2178
 2178
 2182
 2186
 2190
 2190
 2192
 2192
 2192
 2192
 2192
 2194
 2192
 2194
 2194
 2190
 2190
 2186
 2186
 2186
 2188
 2188
 2190
 2192
 2194
 2196
 2198
 2202
 2204
 2204
 2202
 2200
 2198
 2200
 2198
 2200
 2198
 2198
 2196
 2194
 2190
 2186
 2184
 2186
 2184
 2188
 2188
 2190
 2192
 2194
 2196
 2200
 2200
 2198
 2196
 2194
 2194
 2194
 2192
 2190
 2192
 2194
 2200
 2214
 2230
 2248
 2266
 2286
 2306
 2324
 2342
 2360
 2374
 2386
 2394
 2400
 2400
 2400
 2402
 2400
 2396
 2386
 2372
 2350
 2322
 2292
 2264
 2242
 2226
 2218
 2216
 2218
 2222
 2230
 2242
 2248
 2256
 2260
 2264
 2270
 2274
 2282
 2290
 2296
 2306
 2314
 2318
 2324
 2330
 2336
 2340
 2346
 2352
 2360
 2368
 2376
 2388
 2402
 2412
 2424
 2434
 2440
 2444
 2450
 2454
 2458
 2464
 2470
 2472
 2476
 2480
 2484
 2488
 2488
 2492
 2496
 2498
 2500
 2500
 2506
 2510
 2514
 2514
 2516
 2516
 2514
 2516
 2516
 2522
 2524
 2530
 2534
 2536
 2538
 2540
 2540
 2546
 2548
 2552
 2554
 2558
 2560
 2566
 2570
 2574
 2582
 2586
 2588
 2590
 2592
 2594
 2598
 2604
 2608
 2618
 2622
 2626
 2630
 2632
 2634
 2634
 2634
 2632
 2632
 2630
 2630
 2632
 2634
 2638
 2638
 2640
 2640
 2644
 2666
 2678
 2674
 2670
 2666
 2658
 2646
 2642
 2642
 2642
 2642
 2644
 2642
 2640
 2642
 2640
 2646
 2652
 2658
 2664
 2670
 2674
 2678
 2684
 2692
 2700
 2710
 2722
 2736
 2748
 2760
 2770
 2784
 2794
 2800
 2804
 2810
 2814
 2814
 2818
 2822
 2830
 2838
 2844
 2848
 2850
 2854
 2856
 2860
 2862
 2868
 2872
 2874
 2876
 2878
 2878
 2876
 2870
 2864
 2864
 2860
 2856
 2860
 2862
 2868
 2870
 2872
 2868
 2868
 2868
 2870
 2872
 2876
 2882
 2888
 2894
 2900
 2910
 2922
 2936
 2952
 2966
 2976
 2984
 2994
 3008
 3022
 3036
 3048
 3062
 3078
 3094
 3110
 3124
 3142
 3160
 3168
 3172
 3176
 3174
 3172
 3170
 3158
 3150
 3140
 3124
 3110
 3090
 3060
 3026
 2982
 2930
 2874
 2822
 2772
 2724
 2680
 2638
 2598
 2562
 2528
 2506
 2494
 2486
 2484
 2486
 2494
 2500
 2516
 2534
 2552
 2570
 2588
 2604
 2618
 2632
 2648
 2666
 2682
 2702
 2720
 2736
 2752
 2766
 2780
 2792
 2808
 2824
 2842
 2858
 2882
 2900
 2916
 2936
 2950
 2966
 2982
 2996
 3012
 3026
 3042
 3058
 3068
 3078
 3086
 3096
 3102
 3106
 3108
 3110
 3112
 3108
 3108
 3108
 3108
 3110
 3110
 3106
 3102
 3098
 3096
 3094
 3092
 3088
 3084
 3078
 3070
 3064
 3060
 3056
 3050
 3042
 3032
 3026
 3022
 3010
 2992
 2992
 2988
 2990
 3002
 3016
 3034
 3052
 3070
 3086
 3098
 3086
 3068
 3068
 3082
 3094
 3102
 3116
 3132
 3146
 3156
 3164
 3174
 3186
 3204
 3226
 3254
 3278
 3298
 3314
 3330
 3342
 3356
 3376
 3392
 3412
 3430
 3448
 3444
 3432
 3438
 3452
 3462
 3472
 3482
 3490
 3492
 3490
 3486
 3478
 3464
 3440
 3412
 3376
 3338
 3298
 3256
 3212
 3162
 3110
 3056
 3002
 2952
 2902
 2852
 2796
 2738
 2682
 2626
 2572
 2518
 2462
 2404
 2344
 2290
 2238
 2198
 2158
 2116
 2084
 2056
 2030
 2008
 1978
 1934
 1882
 1822
 1750
 1676
 1596
 1518
 1448
 1376
 1310
 1250
 1196
 1152
 1110
 1074
 1048
 1028
 1024
 1022
 1026
 1034
 1048
 1068
 1088
 1112
 1138
 1164
 1194
 1220
 1248
 1278
 1312
 1350
 1388
 1426
 1466
 1502
 1544
 1584
 1622
 1656
 1688
 1720
 1750
 1782
 1814
 1848
 1880
 1910
 1942
 1974
 2010
 2046
 2080
 2116
 2152
 2184
 2220
 2254
 2288
 2322
 2356
 2386
 2416
 2446
 2470
 2494
 2522
 2550
 2574
 2600
 2626
 2652
 2684
 2716
 2744
 2772
 2788
 2798
 2806
 2814
 2836
 2858
 2880
 2900
 2916
 2928
 2938
 2952
 2966
 2986
 3014
 3042
 3070
 3102
 3136
 3166
 3200
 3232
 3262
 3292
 3316
 3332
 3348
 3364
 3386
 3408
 3426
 3442
 3456
 3468
 3478
 3488
 3500
 3512
 3520
 3524
 3524
 3526
 3532
 3538
 3544
 3550
 3552
 3554
 3556
 3558
 3566
 3576
 3582
 3586
 3590
 3588
 3586
 3586
 3588
 3588
 3584
 3580
 3576
 3566
 3550
 3526
 3492
 3456
 3404
 3348
 3288
 3230
 3176
 3122
 3070
 3012
 2954
 2900
 2848
 2798
 2750
 2702
 2654
 2608
 2564
 2526
 2488
 2450
 2412
 2376
 2344
 2312
 2286
 2264
 2244
 2226
 2212
 2200
 2192
 2188
 2188
 2192
 2194
 2198
 2204
 2210
 2218
 2228
 2238
 2252
 2264
 2282
 2298
 2314
 2334
 2350
 2364
 2374
 2386
 2398
 2410
 2422
 2438
 2450
 2462
 2474
 2486
 2496
 2510
 2524
 2540
 2550
 2564
 2582
 2602
 2620
 2632
 2646
 2660
 2672
 2688
 2706
 2726
 2744
 2762
 2780
 2798
 2814
 2828
 2844
 2860
 2874
 2888
 2904
 2920
 2940
 2958
 2972
 2984
 2994
 3000
 3008
 3014
 3018
 3020
 3018
 3016
 3014
 3014
 3012
 3008
 3002
 2998
 2996
 2994
 2994
 2996
 3000
 3002
 3004
 3004
 3006
 3008
 3012
 3012
 3010
 3006
 3000
 2996
 2990
 2980
 2968
 2956
 2944
 2930
 2918
 2910
 2908
 2904
 2902
 2894
 2892
 2894
 2898
 2904
 2904
 2908
 2906
 2904
 2902
 2900
 2900
 2902
 2902
 2902
 2898
 2896
 2894
 2894
 2896
 2900
 2904
 2908
 2910
 2912
 2914
 2916
 2920
 2926
 2928
 2928
 2928
 2928
 2926
 2926
 2928
 2926
 2928
 2930
 2928
 2926
 2926
 2928
 2934
 2942
 2952
 2966
 2984
 2998
 3008
 3012
 3020
 3022
 3024
 3026
 3024
 3022
 3026
 3026
 3028
 3032
 3034
 3036
 3040
 3046
 3050
 3062
 3074
 3082
 3090
 3098
 3108
 3110
 3116
 3114
 3112
 3104
 3092
 3080
 3062
 3040
 3018
 2996
 2974
 2946
 2918
 2894
 2870
 2846
 2816
 2786
 2754
 2722
 2688
 2654
 2626
 2598
 2566
 2532
 2496
 2456
 2416
 2380
 2344
 2308
 2274
 2238
 2208
 2176
 2146
 2120
 2092
 2060
 2032
 2006
 1984
 1968
 1962
 1960
 1962
 1968
 1978
 1992
 2008
 2030
 2054
 2082
 2106
 2134
 2162
 2190
 2220
 2248
 2270
 2290
 2306
 2324
 2338
 2354
 2368
 2380
 2390
 2394
 2400
 2410
 2420
 2430
 2442
 2454
 2464
 2474
 2486
 2500
 2518
 2538
 2554
 2570
 2588
 2604
 2620
 2640
 2660
 2678
 2698
 2714
 2722
 2722
 2714
 2710
 2708
 2712
 2718
 2724
 2728
 2736
 2748
 2760
 2774
 2792
 2806
 2822
 2840
 2858
 2882
 2902
 2920
 2938
 2954
 2974
 2990
 3002
 3010
 3018
 3022
 3014
 3000
 2978
 2948
 2918
 2882
 2848
 2816
 2782
 2742
 2700
 2654
 2604
 2550
 2492
 2438
 2388
 2338
 2290
 2242
 2194
 2148
 2104
 2064
 2022
 1984
 1940
 1894
 1846
 1800
 1756
 1716
 1674
 1638
 1604
 1572
 1548
 1534
 1526
 1524
 1534
 1550
 1568
 1590
 1614
 1642
 1672
 1704
 1736
 1772
 1808
 1842
 1870
 1892
 1916
 1940
 1966
 1990
 2016
 2044
 2072
 2102
 2134
 2162
 2190
 2218
 2252
 2286
 2312
 2338
 2360
 2382
 2400
 2422
 2442
 2462
 2482
 2502
 2522
 2544
 2566
 2590
 2614
 2634
 2652
 2668
 2684
 2702
 2726
 2748
 2770
 2794
 2816
 2836
 2852
 2868
 2888
 2904
 2920
 2934
 2940
 2944
 2950
 2958
 2964
 2968
 2972
 2978
 2984
 2992
 3006
 3014
 3024
 3034
 3044
 3054
 3064
 3074
 3086
 3096
 3104
 3106
 3108
 3110
 3112
 3112
 3108
 3102
 3094
 3084
 3070
 3054
 3040
 3028
 3010
 2992
 2968
 2946
 2924
 2906
 2884
 2860
 2838
 2814
 2790
 2766
 2742
 2720
 2696
 2672
 2648
 2622
 2602
 2584
 2570
 2562
 2560
 2560
 2562
 2568
 2580
 2594
 2608
 2626
 2646
 2664
 2682
 2700
 2720
 2742
 2762
 2788
 2810
 2830
 2850
 2870
 2892
 2918
 2942
 2964
 2980
 2992
 3006
 3020
 3036
 3056
 3072
 3088
 3102
 3118
 3132
 3142
 3152
 3166
 3176
 3182
 3190
 3194
 3200
 3208
 3210
 3204
 3190
 3174
 3154
 3130
 3100
 3068
 3034
 2996
 2954
 2914
 2872
 2832
 2792
 2752
 2710
 2670
 2632
 2598
 2570
 2544
 2512
 2482
 2448
 2414
 2382
 2346
 2312
 2274
 2236
 2198
 2158
 2122
 2088
 2060
 2032
 2004
 1986
 1972
 1968
 1968
 1972
 1978
 1992
 2010
 2032
 2060
 2088
 2120
 2150
 2178
 2204
 2234
 2258
 2286
 2314
 2336
 2360
 2384
 2406
 2434
 2460
 2484
 2504
 2526
 2550
 2572
 2598
 2620
 2640
 2658
 2672
 2682
 2692
 2702
 2708
 2712
 2714
 2716
 2718
 2722
 2728
 2732
 2736
 2742
 2746
 2750
 2756
 2766
 2774
 2786
 2796
 2808
 2820
 2830
 2844
 2858
 2872
 2888
 2904
 2918
 2936
 2956
 2982
 3012
 3038
 3060
 3080
 3104
 3124
 3136
 3146
 3152
 3154
 3150
 3144
 3134
 3122
 3108
 3086
 3066
 3040
 3010
 2982
 2952
 2922
 2890
 2854
 2812
 2768
 2726
 2678
 2636
 2594
 2552
 2508
 2466
 2422
 2380
 2338
 2300
 2264
 2228
 2188
 2152
 2118
 2084
 2052
 2016
 1980
 1940
 1904
 1868
 1834
 1802
 1772
 1748
 1730
 1718
 1716
 1722
 1732
 1750
 1768
 1790
 1816
 1844
 1876
 1908
 1942
 1976
 2008
 2040
 2072
 2102
 2132
 2164
 2192
 2216
 2242
 2270
 2298
 2322
 2348
 2370
 2394
 2416
 2442
 2470
 2494
 2518
 2540
 2560
 2582
 2600
 2620
 2644
 2668
 2690
 2714
 2738
 2762
 2788
 2814
 2840
 2866
 2890
 2912
 2938
 2966
 2986
 3008
 3026
 3042
 3056
 3068
 3078
 3090
 3098
 3100
 3100
 3100
 3096
 3092
 3084
 3072
 3060
 3042
 3022
 2998
 2978
 2958
 2932
 2902
 2868
 2830
 2792
 2756
 2722
 2684
 2646
 2608
 2568
 2530
 2492
 2454
 2420
 2386
 2346
 2310
 2274
 2238
 2206
 2170
 2130
 2090
 2052
 2018
 1988
 1968
 1954
 1950
 1950
 1958
 1968
 1986
 2006
 2030
 2062
 2092
 2128
 2166
 2208
 2252
 2300
 2344
 2382
 2420
 2454
 2486
 2522
 2556
 2588
 2618
 2646
 2676
 2704
 2734
 2762
 2794
 2824
 2856
 2888
 2918
 2948
 2976
 3002
 3024
 3044
 3064
 3080
 3094
 3112
 3130
 3144
 3154
 3166
 3178
 3194
 3208
 3222
 3238
 3252
 3264
 3274
 3284
 3296
 3314
 3330
 3344
 3352
 3358
 3366
 3372
 3380
 3386
 3390
 3392
 3394
 3392
 3388
 3384
 3376
 3366
 3352
 3328
 3302
 3274
 3244
 3216
 3188
 3156
 3120
 3082
 3042
 3002
 2962
 2920
 2878
 2834
 2786
 2738
 2692
 2646
 2604
 2564
 2526
 2486
 2444
 2402
 2364
 2328
 2292
 2252
 2208
 2166
 2124
 2084
 2044
 2008
 1974
 1944
 1918
 1900
 1890
 1890
 1894
 1904
 1918
 1934
 1958
 1982
 2008
 2036
 2064
 2092
 2116
 2142
 2170
 2200
 2232
 2264
 2294
 2320
 2348
 2374
 2400
 2428
 2458
 2486
 2514
 2542
 2568
 2598
 2630
 2660
 2688
 2710
 2734
 2754
 2778
 2800
 2824
 2846
 2864
 2882
 2896
 2914
 2930
 2944
 2958
 2970
 2982
 2992
 3002
 3010
 3014
 3014
 3012
 3006
 3002
 3000
 2996
 2994
 2992
 2984
 2980
 2974
 2970
 2964
 2956
 2952
 2944
 2934
 2928
 2920
 2916
 2916
 2914
 2902
 2888
 2868
 2842
 2818
 2802
 2782
 2760
 2730
 2698
 2664
 2632
 2596
 2564
 2532
 2490
 2452
 2410
 2366
 2326
 2284
 2246
 2206
 2166
 2126
 2086
 2044
 1998
 1956
 1910
 1868
 1828
 1790
 1758
 1732
 1710
 1700
 1696
 1702
 1714
 1730
 1752
 1776
 1804
 1832
 1866
 1904
 1946
 1984
 2022
 2062
 2104
 2148
 2196
 2242
 2286
 2332
 2378
 2426
 2476
 2524
 2570
 2608
 2644
 2672
 2702
 2734
 2762
 2788
 2808
 2824
 2840
 2856
 2870
 2884
 2892
 2896
 2904
 2912
 2928
 2942
 2954
 2962
 2970
 2982
 2990
 2996
 3004
 3012
 3016
 3018
 3018
 3016
 3012
 3004
 2992
 2972
 2950
 2926
 2906
 2888
 2864
 2836
 2810
 2782
 2754
 2728
 2700
 2670
 2636
 2602
 2566
 2526
 2484
 2442
 2400
 2360
 2318
 2274
 2232
 2190
 2148
 2106
 2062
 2012
 1962
 1914
 1868
 1826
 1786
 1750
 1720
 1696
 1680
 1676
 1682
 1696
 1720
 1746
 1776
 1810
 1848
 1886
 1922
 1958
 1992
 2026
 2058
 2090
 2122
 2152
 2184
 2214
 2240
 2266
 2288
 2312
 2336
 2362
 2386
 2406
 2428
 2448
 2470
 2494
 2508
 2524
 2536
 2548
 2556
 2566
 2582
 2592
 2604
 2614
 2622
 2632
 2644
 2654
 2666
 2676
 2688
 2700
 2712
 2726
 2744
 2766
 2786
 2804
 2818
 2834
 2846
 2854
 2864
 2876
 2882
 2882
 2882
 2882
 2880
 2878
 2874
 2868
 2860
 2850
 2834
 2816
 2796
 2778
 2764
 2744
 2726
 2704
 2680
 2654
 2630
 2608
 2584
 2560
 2536
 2512
 2492
 2470
 2452
 2438
 2418
 2402
 2390
 2382
 2380
 2386
 2398
 2416
 2436
 2456
 2476
 2500
 2522
 2546
 2572
 2596
 2618
 2642
 2662
 2682
 2706
 2728
 2750
 2776
 2800
 2824
 2846
 2868
 2892
 2922
 2946
 2964
 2982
 3000
 3016
 3032
 3044
 3060
 3074
 3088
 3098
 3108
 3114
 3122
 3130
 3134
 3132
 3134
 3132
 3128
 3122
 3122
 3120
 3116
 3110
 3100
 3086
 3072
 3056
 3040
 3016
 2990
 2960
 2928
 2896
 2862
 2828
 2794
 2758
 2722
 2684
 2646
 2610
 2578
 2548
 2520
 2492
 2460
 2426
 2394
 2364
 2334
 2304
 2272
 2238
 2202
 2164
 2126
 2092
 2060
 2028
 2004
 1980
 1962
 1956
 1954
 1962
 1974
 1988
 2006
 2026
 2052
 2078
 2104
 2130
 2162
 2192
 2222
 2250
 2282
 2316
 2352
 2394
 2436
 2470
 2508
 2544
 2580
 2622
 2658
 2692
 2722
 2750
 2774
 2796
 2818
 2838
 2854
 2870
 2886
 2900
 2912
 2924
 2938
 2952
 2966
 2976
 2990
 3000
 3016
 3036
 3052
 3068
 3080
 3092
 3100
 3106
 3114
 3120
 3126
 3126
 3128
 3130
 3130
 3130
 3128
 3122
 3116
 3110
 3102
 3096
 3088
 3084
 3078
 3074
 3062
 3046
 3032
 3014
 2994
 2972
 2942
 2908
 2872
 2834
 2796
 2756
 2718
 2680
 2644
 2606
 2568
 2534
 2500
 2468
 2444
 2418
 2390
 2362
 2330
 2302
 2276
 2250
 2226
 2204
 2182
 2168
 2160
 2158
 2162
 2172
 2184
 2196
 2212
 2232
 2252
 2278
 2310
 2346
 2380
 2412
 2442
 2468
 2496
 2520
 2542
 2564
 2584
 2604
 2622
 2640
 2660
 2680
 2700
 2718
 2736
 2756
 2782
 2812
 2840
 2864
 2888
 2908
 2926
 2944
 2960
 2972
 2984
 2996
 3010
 3020
 3032
 3044
 3054
 3064
 3068
 3066
 3066
 3064
 3070
 3072
 3070
 3068
 3068
 3072
 3072
 3072
 3074
 3074
 3074
 3062
 3054
 3058
 3052
 3046
 3040
 3030
 3014
 2994
 2978
 2952
 2928
 2906
 2880
 2846
 2814
 2776
 2740
 2704
 2672
 2636
 2604
 2566
 2532
 2498
 2462
 2430
 2400
 2370
 2338
 2310
 2282
 2258
 2240
 2220
 2202
 2184
 2174
 2168
 2172
 2178
 2192
 2206
 2218
 2234
 2250
 2270
 2290
 2310
 2336
 2360
 2384
 2408
 2430
 2458
 2488
 2516
 2542
 2568
 2592
 2618
 2640
 2662
 2684
 2708
 2732
 2756
 2784
 2810
 2838
 2872
 2908
 2946
 2980
 3012
 3048
 3078
 3108
 3134
 3160
 3180
 3196
 3210
 3222
 3234
 3238
 3236
 3234
 3234
 3236
 3232
 3224
 3214
 3198
 3178
 3156
 3138
 3118
 3092
 3060
 3026
 2990
 2950
 2912
 2874
 2832
 2786
 2738
 2690
 2642
 2598
 2554
 2510
 2468
 2420
 2378
 2338
 2302
 2268
 2232
 2192
 2150
 2110
 2072
 2034
 1996
 1956
 1910
 1862
 1818
 1784
 1762
 1750
 1750
 1756
 1772
 1798
 1822
 1854
 1884
 1916
 1946
 1976
 2010
 2040
 2074
 2108
 2146
 2182
 2216
 2252
 2288
 2324
 2358
 2394
 2426
 2458
 2490
 2528
 2572
 2610
 2648
 2684
 2716
 2750
 2784
 2818
 2848
 2876
 2900
 2920
 2934
 2950
 2972
 3002
 3030
 3056
 3086
 3114
 3146
 3180
 3208
 3234
 3256
 3270
 3276
 3278
 3276
 3266
 3250
 3222
 3188
 3146
 3102
 3056
 3008
 2952
 2894
 2836
 2780
 2726
 2676
 2624
 2574
 2524
 2476
 2430
 2394
 2362
 2336
 2312
 2292
 2266
 2238
 2202
 2166
 2134
 2108
 2094
 2090
 2088
 2096
 2102
 2106
 2114
 2118
 2124
 2134
 2148
 2160
 2172
 2182
 2184
 2184
 2182
 2170
 2160
 2146
 2132
 2126
 2124
 2124
 2126
 2130
 2128
 2126
 2124
 2120
 2120
 2120
 2122
 2124
 2132
 2142
 2156
 2174
 2194
 2220
 2250
 2282
 2318
 2352
 2382
 2406
 2428
 2446
 2456
 2472
 2488
 2502
 2518
 2534
 2550
 2570
 2586
 2604
 2620
 2640
 2670
 2704
 2742
 2788
 2834
 2884
 2928
 2974
 3016
 3058
 3100
 3142
 3178
 3212
 3246
 3276
 3300
 3320
 3334
 3354
 3376
 3392
 3402
 3408
 3412
 3416
 3420
 3420
 3422
 3418
 3410
 3396
 3372
 3336
 3294
 3242
 3182
 3118
 3050
 2994
 2936
 2872
 2802
 2736
 2672
 2608
 2552
 2494
 2436
 2382
 2332
 2280
 2230
 2178
 2128
 2074
 2016
 1958
 1900
 1840
 1782
 1722
 1662
 1604
 1548
 1496
 1448
 1406
 1372
 1346
 1326
 1318
 1324
 1342
 1370
 1402
 1434
 1470
 1508
 1544
 1582
 1614
 1644
 1672
 1696
 1724
 1750
 1776
 1804
 1830
 1852
 1876
 1904
 1932
 1964
 1996
 2024
 2056
 2090
 2124
 2166
 2208
 2244
 2282
 2314
 2346
 2378
 2408
 2444
 2478
 2512
 2546
 2584
 2622
 2662
 2704
 2744
 2784
 2822
 2858
 2892
 2932
 2966
 2994
 3020
 3042
 3062
 3078
 3094
 3106
 3118
 3120
 3118
 3108
 3094
 3074
 3046
 3014
 2976
 2932
 2888
 2846
 2806
 2768
 2728
 2688
 2652
 2614
 2578
 2546
 2516
 2482
 2448
 2414
 2378
 2344
 2306
 2270
 2230
 2196
 2160
 2122
 2090
 2058
 2028
 2000
 1970
 1932
 1892
 1856
 1824
 1796
 1780
 1766
 1760
 1762
 1766
 1780
 1802
 1824
 1852
 1878
 1904
 1936
 1966
 2002
 2034
 2066
 2098
 2128
 2156
 2184
 2218
 2254
 2288
 2322
 2350
 2380
 2408
 2436
 2464
 2494
 2522
 2548
 2578
 2608
 2642
 2680
 2712
 2740
 2766
 2792
 2814
 2836
 2860
 2882
 2902
 2918
 2934
 2948
 2960
 2974
 2988
 2996
 3004
 3012
 3022
 3038
 3054
 3068
 3080
 3092
 3104
 3108
 3116
 3126
 3132
 3136
 3136
 3138
 3142
 3146
 3146
 3144
 3148
 3146
 3150
 3154
 3158
 3174
 3186
 3198
 3208
 3214
 3218
 3222
 3228
 3226
 3220
 3214
 3208
 3200
 3190
 3176
 3162
 3142
 3120
 3092
 3064
 3038
 3014
 2988
 2958
 2922
 2888
 2856
 2822
 2792
 2760
 2720
 2680
 2638
 2598
 2560
 2520
 2482
 2446
 2410
 2372
 2338
 2308
 2282
 2262
 2244
 2228
 2212
 2204
 2200
 2202
 2208
 2218
 2230
 2240
 2254
 2268
 2284
 2304
 2324
 2342
 2358
 2380
 2402
 2428
 2460
 2488
 2512
 2536
 2556
 2578
 2602
 2624
 2648
 2668
 2684
 2702
 2722
 2738
 2756
 2776
 2796
 2812
 2826
 2842
 2858
 2882
 2902
 2918
 2926
 2932
 2938
 2946
 2956
 2968
 2980
 2992
 3002
 3016
 3026
 3038
 3050
 3062
 3072
 3078
 3078
 3078
 3078
 3086
 3096
 3104
 3108
 3114
 3118
 3122
 3124
 3126
 3128
 3126
 3120
 3110
 3100
 3092
 3082
 3070
 3054
 3038
 3018
 2998
 2978
 2958
 2944
 2924
 2902
 2878
 2850
 2824
 2796
 2770
 2746
 2720
 2692
 2664
 2636
 2610
 2588
 2566
 2546
 2528
 2514
 2502
 2500
 2498
 2506
 2518
 2528
 2542
 2556
 2572
 2586
 2606
 2626
 2646
 2668
 2688
 2710
 2732
 2754
 2778
 2806
 2832
 2858
 2878
 2896
 2908
 2922
 2938
 2950
 2962
 2972
 2980
 2986
 2994
 3004
 3010
 3018
 3024
 3032
 3040
 3048
 3056
 3066
 3076
 3088
 3096
 3104
 3110
 3118
 3136
 3148
 3154
 3162
 3170
 3174
 3180
 3184
 3190
 3190
 3186
 3178
 3168
 3152
 3136
 3116
 3090
 3056
 3018
 2978
 2938
 2902
 2866
 2826
 2790
 2750
 2710
 2670
 2632
 2596
 2558
 2514
 2468
 2420
 2374
 2328
 2284
 2242
 2204
 2160
 2122
 2092
 2068
 2058
 2048
 2034
 2020
 2004
 1998
 1998
 2004
 2014
 2024
 2042
 2058
 2072
 2096
 2122
 2152
 2180
 2204
 2230
 2256
 2290
 2326
 2360
 2392
 2420
 2450
 2480
 2510
 2540
 2572
 2606
 2636
 2666
 2696
 2728
 2760
 2794
 2828
 2858
 2892
 2924
 2954
 2992
 3020
 3040
 3058
 3076
 3090
 3104
 3120
 3130
 3140
 3146
 3148
 3148
 3148
 3146
 3146
 3140
 3132
 3124
 3116
 3110
 3106
 3108
 3110
 3112
 3116
 3116
 3118
 3120
 3124
 3128
 3128
 3126
 3124
 3122
 3120
 3120
 3118
 3116
 3114
 3114
 3110
 3106
 3100
 3096
 3098
 3098
 3092
 3086
 3084
 3078
 3068
 3060
 3048
 3030
 3006
 2980
 2948
 2914
 2880
 2844
 2802
 2758
 2712
 2666
 2620
 2576
 2536
 2502
 2466
 2428
 2384
 2342
 2302
 2262
 2226
 2192
 2152
 2114
 2072
 2032
 1992
 1954
 1918
 1882
 1852
 1820
 1790
 1766
 1744
 1726
 1714
 1708
 1702
 1702
 1710
 1722
 1740
 1758
 1778
 1796
 1818
 1840
 1864
 1892
 1924
 1964
 2002
 2036
 2072
 2110
 2150
 2200
 2244
 2290
 2330
 2366
 2402
 2432
 2460
 2486
 2508
 2530
 2546
 2564
 2580
 2596
 2616
 2636
 2654
 2676
 2692
 2710
 2726
 2748
 2774
 2800
 2824
 2844
 2866
 2886
 2902
 2920
 2936
 2952
 2966
 2976
 2986
 2994
 3002
 3014
 3022
 3028
 3034
 3036
 3038
 3038
 3038
 3038
 3038
 3036
 3026
 3010
 2992
 2970
 2946
 2920
 2886
 2850
 2812
 2772
 2734
 2696
 2656
 2614
 2574
 2532
 2490
 2444
 2402
 2362
 2330
 2296
 2260
 2220
 2182
 2142
 2102
 2064
 2032
 1998
 1962
 1920
 1878
 1832
 1790
 1750
 1712
 1676
 1642
 1608
 1582
 1562
 1548
 1544
 1544
 1550
 1562
 1582
 1600
 1626
 1654
 1688
 1718
 1746
 1772
 1798
 1826
 1854
 1880
 1908
 1936
 1960
 1988
 2014
 2044
 2076
 2106
 2134
 2162
 2186
 2210
 2232
 2256
 2276
 2296
 2320
 2340
 2358
 2378
 2398
 2416
 2436
 2454
 2476
 2496
 2516
 2540
 2568
 2600
 2630
 2658
 2688
 2718
 2746
 2774
 2804
 2834
 2860
 2886
 2910
 2930
 2948
 2966
 2988
 3006
 3022
 3034
 3042
 3044
 3046
 3042
 3040
 3036
 3034
 3024
 3012
 2996
 2974
 2952
 2928
 2900
 2864
 2828
 2788
 2746
 2704
 2664
 2624
 2582
 2542
 2502
 2462
 2426
 2396
 2368
 2344
 2318
 2290
 2262
 2228
 2194
 2168
 2136
 2108
 2076
 2046
 2018
 1994
 1978
 1964
 1954
 1948
 1952
 1956
 1970
 1986
 2006
 2030
 2056
 2080
 2104
 2128
 2152
 2174
 2198
 2222
 2248
 2274
 2290
 2310
 2324
 2336
 2348
 2362
 2376
 2394
 2408
 2420
 2432
 2444
 2460
 2470
 2478
 2490
 2502
 2520
 2536
 2552
 2572
 2592
 2614
 2634
 2654
 2676
 2700
 2724
 2752
 2776
 2802
 2822
 2840
 2858
 2874
 2894
 2918
 2938
 2950
 2964
 2980
 2996
 3010
 3030
 3050
 3068
 3086
 3102
 3112
 3122
 3130
 3138
 3146
 3150
 3154
 3156
 3156
 3156
 3152
 3156
 3162
 3168
 3172
 3170
 3170
 3166
 3160
 3150
 3140
 3122
 3100
 3076
 3052
 3022
 2994
 2960
 2924
 2884
 2838
 2790
 2742
 2696
 2652
 2622
 2588
 2554
 2520
 2484
 2452
 2420
 2388
 2356
 2322
 2284
 2242
 2196
 2150
 2102
 2052
 2000
 1954
 1910
 1866
 1828
 1802
 1778
 1768
 1762
 1762
 1766
 1772
 1782
 1798
 1818
 1838
 1860
 1880
 1902
 1924
 1946
 1970
 1992
 2022
 2048
 2070
 2098
 2122
 2152
 2182
 2212
 2240
 2264
 2290
 2314
 2338
 2364
 2390
 2418
 2444
 2472
 2496
 2522
 2550
 2578
 2606
 2634
 2658
 2682
 2706
 2726
 2754
 2784
 2812
 2836
 2860
 2882
 2900
 2914
 2928
 2942
 2956
 2968
 2980
 2990
 3000
 3010
 3018
 3026
 3032
 3036
 3038
 3040
 3040
 3038
 3046
 3054
 3062
 3068
 3074
 3076
 3080
 3082
 3086
 3084
 3084
 3082
 3076
 3068
 3056
 3042
 3026
 3006
 2980
 2948
 2912
 2874
 2832
 2792
 2752
 2720
 2688
 2656
 2620
 2588
 2554
 2518
 2486
 2452
 2418
 2382
 2344
 2304
 2266
 2230
 2194
 2158
 2120
 2084
 2048
 2010
 1972
 1938
 1904
 1874
 1850
 1826
 1802
 1786
 1776
 1772
 1776
 1786
 1800
 1820
 1840
 1860
 1892
 1932
 1980
 2034
 2086
 2138
 2188
 2230
 2274
 2312
 2340
 2362
 2374
 2370
 2356
 2340
 2326
 2310
 2304
 2306
 2324
 2358
 2396
 2422
 2426
 2412
 2386
 2346
 2290
 2226
 2158
 2100
 2046
 1994
 1942
 1890
 1834
 1768
 1700
 1632
 1566
 1504
 1446
 1384
 1322
 1262
 1202
 1146
 1090
 1036
 984
 934
 892
 854
 818
 786
 766
 758
 756
 764
 778
 800
 828
 860
 896
 936
 982
 1034
 1088
 1144
 1200
 1262
 1324
 1380
 1436
 1486
 1540
 1596
 1646
 1690
 1730
 1774
 1810
 1848
 1884
 1918
 1950
 1980
 2010
 2036
 2066
 2094
 2124
 2154
 2182
 2210
 2236
 2264
 2288
 2314
 2344
 2372
 2396
 2416
 2434
 2452
 2470
 2486
 2502
 2514
 2522
 2530
 2534
 2540
 2542
 2548
 2552
 2558
 2560
 2560
 2558
 2548
 2536
 2520
 2504
 2488
 2468
 2442
 2414
 2386
 2356
 2330
 2302
 2270
 2234
 2198
 2160
 2122
 2082
 2042
 2002
 1960
 1918
 1880
 1836
 1794
 1752
 1716
 1684
 1656
 1632
 1610
 1596
 1584
 1586
 1610
 1642
 1694
 1770
 1874
 1984
 2106
 2226
 2300
 2322
 2324
 2330
 2336
 2348
 2356
 2366
 2390
 2422
 2464
 2500
 2530
 2548
 2556
 2540
 2496
 2472
 2448
 2416
 2372
 2304
 2214
 2116
 2016
 1912
 1818
 1736
 1666
 1612
 1570
 1542
 1516
 1494
 1474
 1458
 1444
 1432
 1426
 1426
 1434
 1448
 1460
 1476
 1504
 1528
 1556
 1582
 1606
 1642
 1678
 1710
 1742
 1778
 1814
 1848
 1884
 1922
 1964
 2002
 2042
 2078
 2110
 2142
 2180
 2218
 2258
 2298
 2334
 2378
 2422
 2462
 2496
 2530
 2560
 2582
 2604
 2632
 2654
 2678
 2700
 2722
 2744
 2768
 2790
 2812
 2834
 2854
 2872
 2886
 2898
 2912
 2926
 2936
 2942
 2952
 2958
 2964
 2972
 2980
 2990
 2998
 3006
 3012
 3018
 3022
 3028
 3034
 3040
 3046
 3054
 3058
 3066
 3074
 3088
 3102
 3116
 3130
 3144
 3154
 3166
 3180
 3200
 3218
 3234
 3252
 3268
 3288
 3306
 3322
 3342
 3360
 3380
 3396
 3406
 3418
 3426
 3438
 3454
 3466
 3478
 3482
 3482
 3482
 3484
 3486
 3488
 3488
 3482
 3468
 3454
 3436
 3410
 3378
 3342
 3304
 3256
 3208
 3154
 3098
 3044
 2986
 2936
 2886
 2836
 2786
 2736
 2688
 2638
 2590
 2544
 2496
 2446
 2394
 2342
 2292
 2242
 2192
 2144
 2098
 2056
 2008
 1964
 1920
 1878
 1844
 1812
 1782
 1756
 1736
 1720
 1710
 1710
 1718
 1730
 1744
 1756
 1772
 1788
 1806
 1828
 1848
 1870
 1896
 1920
 1942
 1966
 1990
 2016
 2044
 2072
