95
116
232
234
259
284
394
395
492
503
574
679
813
921
1036
1120
1204
1864
1880
1976
1989
2102
2171
2275
2422
2504
2529
2687
2799
2917
2919
3060
3062
3172
3187
3219
3313
3413
3430
3525
3622
3750
3757
3870
3881
3994
4109
4125
4196
4333
4410
4412
4538
4549
4619
4621
4724
4740
4911
4918
4951
5584
5596
5732
5948
6071
6087
6272
6290
6398
6409
6492
6610
6625
6722
6815
6833
6902
6999
7097
7197
7308
7316
7414
7431
7537
7538
7620
7636
7734
7759
7836
7940
8076
8086
8196
8198
8289
8305
8416
8430
8532
8551
8618
8620
8689
8746
8891
