 -140
 -24
 102
 300
 524
 750
 1002
 1222
 1394
 1528
 1610
 1666
 1690
 1710
 1648
 1528
 1470
 1378
 1240
 1092
 964
 824
 678
 550
 404
 262
 122
 14
 -82
 -186
 -290
 -420
 -502
 -542
 -572
 -612
 -640
 -680
 -668
 -664
 -644
 -646
 -664
 -670
 -642
 -614
 -574
 -586
 -618
 -598
 -592
 -530
 -468
 -464
 -452
 -466
 -436
 -436
 -470
 -456
 -410
 -360
 -328
 -378
 -444
 -424
 -352
 -326
 -330
 -318
 -322
 -358
 -376
 -374
 -354
 -326
 -306
 -336
 -338
 -316
 -284
 -212
 -74
 106
 284
 450
 624
 830
 1018
 1128
 1212
 1278
 1364
 1370
 1334
 1288
 1232
 1216
 1152
 1010
 860
 782
 688
 568
 442
 354
 298
 202
 76
 -44
 -144
 -208
 -218
 -276
 -384
 -458
 -478
 -482
 -504
 -550
 -526
 -462
 -446
 -458
 -424
 -406
 -404
 -390
 -388
 -386
 -386
 -380
 -362
 -394
 -422
 -414
 -376
 -362
 -348
 -304
 -346
 -370
 -346
 -304
 -280
 -280
 -288
 -310
 -276
 -258
 -276
 -298
 -358
 -386
 -382
 -390
 -410
 -408
 -364
 -260
 -136
 -6
 176
 402
 624
 810
 952
 1090
 1194
 1252
 1302
 1310
 1260
 1224
 1142
 1012
 926
 848
 728
 580
 440
 328
 204
 88
 2
 -114
 -248
 -356
 -426
 -506
 -578
 -606
 -654
 -692
 -718
 -738
 -734
 -750
 -756
 -740
 -726
 -718
 -740
 -714
 -656
 -640
 -598
 -532
 -490
 -436
 -418
 -440
 -424
 -396
 -400
 -386
 -386
 -360
 -330
 -296
 -292
 -276
 -262
 -276
 -314
 -306
 -298
 -310
 -322
 -278
 -258
 -322
 -356
 -314
 -256
 -232
 -148
 6
 180
 360
 562
 742
 924
 1084
 1184
 1238
 1306
 1304
 1306
 1308
 1252
 1132
 1026
 914
 780
 644
 520
 420
 336
 218
 74
 -62
 -154
 -256
 -348
 -392
 -438
 -530
 -642
 -734
 -744
 -716
 -714
 -740
 -740
 -748
 -768
 -742
 -692
 -674
 -678
 -672
 -658
 -616
 -590
 -554
 -576
 -566
 -514
 -498
 -480
 -438
 -402
 -378
 -366
 -360
 -340
 -332
 -306
 -306
 -320
 -292
 -296
 -322
 -308
 -282
 -276
 -256
 -194
 -130
 -70
 24
 146
 314
 524
 782
 1012
 1228
 1404
 1546
 1628
 1726
 1784
 1782
 1746
 1650
 1538
 1468
 1412
 1260
 1076
 900
 736
 632
 544
 432
 276
 106
 -38
 -116
 -170
 -246
 -390
 -532
 -594
 -622
 -644
 -718
 -758
 -782
 -800
 -796
 -804
 -782
 -726
 -686
 -662
 -670
 -694
 -646
 -610
 -608
 -586
 -520
 -498
 -472
 -470
 -448
 -410
 -396
 -376
 -378
 -414
 -420
 -374
 -314
 -292
 -314
 -358
 -356
 -356
 -338
 -332
 -334
 -336
 -290
 -184
 -60
 50
 222
 424
 638
 870
 1052
 1190
 1302
 1432
 1506
 1510
 1490
 1424
 1312
 1216
 1152
 1060
 910
 770
 626
 488
 328
 196
 94
 -40
 -154
 -252
 -294
 -358
 -432
 -526
 -602
 -644
 -718
 -756
 -738
 -738
 -720
 -692
 -708
 -752
 -788
 -772
 -710
 -662
 -660
 -666
 -638
 -592
 -560
 -570
 -530
 -458
 -424
 -416
 -400
 -370
 -324
 -320
 -328
 -324
 -312
 -304
 -302
 -298
 -308
 -316
 -318
 -304
 -264
 -240
 -230
 -180
 -74
 92
 250
 414
 594
 756
 894
 1038
 1160
 1252
 1290
 1260
 1226
 1202
 1154
 1078
 1000
 890
 746
 624
 514
 394
 272
 144
 38
 -64
 -158
 -214
 -304
 -380
 -448
 -542
 -620
 -650
 -644
 -654
 -716
 -738
 -716
 -712
 -736
 -764
 -742
 -704
 -656
 -634
 -630
 -592
 -520
 -502
 -498
 -492
 -484
 -464
 -428
 -402
 -412
 -422
 -384
 -320
 -302
 -306
 -306
 -278
 -270
 -268
 -264
 -258
 -276
 -284
 -254
 -198
 -136
 -12
 106
 206
 378
 620
 822
 982
 1144
 1276
 1436
 1512
 1528
 1512
 1468
 1378
 1276
 1180
 1040
 898
 778
 670
 548
 460
 350
 192
 78
 -32
 -146
 -218
 -258
 -336
 -436
 -516
 -540
 -562
 -610
 -614
 -630
 -674
 -714
 -734
 -730
 -688
 -628
 -628
 -652
 -632
 -610
 -604
 -554
 -504
 -492
 -478
 -450
 -460
 -426
 -344
 -282
 -292
 -326
 -330
 -298
 -266
 -276
 -284
 -280
 -312
 -308
 -278
 -246
 -198
 -154
 -102
 -14
 128
 324
 510
 672
 816
 994
 1160
 1292
 1346
 1352
 1352
 1354
 1268
 1130
 1054
 1000
 910
 794
 640
 500
 384
 316
 246
 154
 2
 -122
 -196
 -256
 -310
 -408
 -472
 -496
 -524
 -542
 -548
 -598
 -624
 -638
 -656
 -686
 -670
 -640
 -590
 -556
 -566
 -560
 -534
 -514
 -478
 -446
 -436
 -458
 -412
 -352
 -302
 -314
 -320
 -302
 -300
 -292
 -310
 -344
 -336
 -302
 -290
 -280
 -236
 -206
 -186
 -134
 -56
 66
 226
 388
 546
 710
 892
 1042
 1114
 1170
 1218
 1216
 1156
 1084
 1042
 1006
 908
 790
 668
 560
 474
 358
 238
 152
 74
 34
 -36
 -152
 -244
 -326
 -400
 -450
 -490
 -520
 -538
 -574
 -602
 -616
 -672
 -660
 -592
 -570
 -564
 -558
 -548
 -526
 -494
 -474
 -464
 -458
 -444
 -432
 -378
 -322
 -280
 -310
 -316
 -276
 -242
 -288
 -370
 -360
 -324
 -286
 -288
 -284
 -290
 -256
 -214
 -184
 -132
 -6
 168
 334
 514
 704
 856
 982
 1120
 1216
 1266
 1278
 1276
 1294
 1274
 1196
 1114
 1018
 902
 774
 670
 586
 438
 306
 228
 154
 50
 -48
 -128
 -238
 -340
 -388
 -414
 -430
 -484
 -548
 -554
 -546
 -572
 -598
 -628
 -660
 -656
 -612
 -572
 -586
 -566
 -500
 -476
 -474
 -466
 -428
 -400
 -404
 -422
 -406
 -370
 -284
 -250
 -252
 -262
 -300
 -318
 -286
 -238
 -252
 -242
 -222
 -228
 -310
 -362
 -342
 -256
 -172
 -86
 66
 224
 374
 572
 750
 912
 1096
 1230
 1290
 1338
 1338
 1290
 1238
 1196
 1178
 1096
 964
 870
 772
 664
 568
 452
 388
 282
 158
 42
 -56
 -138
 -224
 -292
 -350
 -388
 -444
 -486
 -540
 -596
 -612
 -610
 -604
 -584
 -596
 -618
 -632
 -632
 -620
 -604
 -598
 -580
 -514
 -462
 -456
 -444
 -454
 -428
 -348
 -322
 -358
 -384
 -356
 -310
 -302
 -338
 -354
 -318
 -306
 -316
 -332
 -324
 -316
 -330
 -318
 -288
 -298
 -338
 -292
 -216
 -178
 -98
 66
 226
 386
 598
 804
 958
 1126
 1252
 1302
 1308
 1286
 1262
 1238
 1196
 1154
 1060
 896
 782
 642
 534
 400
 268
 212
 112
 26
 -46
 -130
 -242
 -352
 -442
 -520
 -548
 -558
 -590
 -634
 -660
 -650
 -638
 -608
 -608
 -630
 -636
 -624
 -622
 -604
 -544
 -504
 -492
 -462
 -430
 -408
 -402
 -416
 -418
 -400
 -346
 -314
 -304
 -302
 -300
 -292
 -318
 -336
 -306
 -312
 -320
 -338
 -358
 -320
 -276
 -274
 -324
 -332
 -312
 -322
 -334
 -308
 -218
 -120
 12
 192
 380
 560
 712
 854
 1012
 1218
 1338
 1356
 1360
 1416
 1402
 1290
 1118
 1026
 994
 878
 726
 606
 470
 374
 280
 208
 92
 -20
 -148
 -270
 -396
 -432
 -466
 -478
 -478
 -496
 -576
 -632
 -622
 -624
 -612
 -600
 -592
 -582
 -602
 -650
 -676
 -622
 -530
 -446
 -420
 -402
 -416
 -402
 -398
 -380
 -354
 -360
 -366
 -328
 -270
 -274
 -304
 -328
 -316
 -292
 -300
 -326
 -312
 -292
 -290
 -318
 -358
 -392
 -352
 -322
 -336
 -402
 -392
 -376
 -384
 -342
 -300
 -286
 -232
 -172
 -26
 152
 352
 576
 816
 1002
 1154
 1316
 1470
 1534
 1530
 1528
 1536
 1458
 1346
 1250
 1144
 1110
 986
 812
 640
 500
 378
 244
 156
 88
 16
 -102
 -212
 -320
 -382
 -438
 -464
 -502
 -524
 -560
 -600
 -586
 -600
 -646
 -660
 -610
 -558
 -540
 -552
 -592
 -596
 -548
 -526
 -528
 -496
 -428
 -368
 -394
 -434
 -436
 -366
 -304
 -332
 -346
 -364
 -326
 -282
 -254
 -278
 -306
 -326
 -286
 -254
 -226
 -242
 -310
 -364
 -364
 -376
 -364
 -354
 -338
 -332
 -304
 -274
 -220
 -206
 -194
 -128
 -10
 172
 384
 542
 698
 898
 1110
 1222
 1276
 1306
 1322
 1324
 1316
 1248
 1132
 1010
 902
 820
 728
 592
 468
 368
 224
 110
 40
 -32
 -162
 -282
 -350
 -368
 -372
 -424
 -462
 -538
 -592
 -578
 -564
 -606
 -638
 -598
 -560
 -560
 -570
 -580
 -568
 -532
 -516
 -530
 -514
 -484
 -468
 -450
 -448
 -454
 -430
 -402
 -366
 -316
 -290
 -274
 -226
 -226
 -252
 -258
 -266
 -282
 -290
 -274
 -256
 -304
 -306
 -316
 -326
 -304
 -290
 -250
 -294
 -338
 -352
 -276
 -174
 -106
 -8
 118
 356
 590
 780
 948
 1114
 1298
 1356
 1390
 1440
 1486
 1488
 1390
 1266
 1170
 1080
 948
 866
 794
 654
 492
 356
 270
 206
 98
 -54
 -170
 -248
 -306
 -346
 -376
 -426
 -440
 -502
 -578
 -594
 -600
 -620
 -618
 -634
 -610
 -604
 -598
 -540
 -508
 -498
 -490
 -446
 -402
 -414
 -454
 -434
 -398
 -372
 -368
 -354
 -330
 -350
 -348
 -298
 -254
 -238
 -244
 -294
 -288
 -274
 -254
 -248
 -290
 -306
 -302
 -242
 -220
 -228
 -238
 -250
 -292
 -256
 -166
 -62
 70
 210
 350
 528
 722
 880
 1004
 1144
 1248
 1256
 1292
 1262
 1210
 1164
 1060
 920
 812
 726
 642
 510
 386
 286
 178
 72
 -50
 -170
 -282
 -338
 -352
 -396
 -498
 -544
 -508
 -524
 -608
 -624
 -636
 -634
 -644
 -650
 -642
 -652
 -662
 -606
 -550
 -548
 -556
 -532
 -500
 -466
 -428
 -364
 -298
 -304
 -338
 -360
 -294
 -228
 -246
 -290
 -320
 -308
 -272
 -274
 -284
 -268
 -294
 -348
 -326
 -282
 -298
 -298
 -268
 -242
 -202
 -134
 -66
 -2
 104
 242
 406
 576
 778
 992
 1128
 1216
 1272
 1324
 1364
 1366
 1292
 1194
 1088
 1012
 884
 756
 660
 550
 438
 328
 224
 82
 -88
 -174
 -206
 -310
 -398
 -436
 -442
 -502
 -556
 -588
 -640
 -666
 -646
 -618
 -606
 -652
 -704
 -650
 -602
 -574
 -540
 -546
 -576
 -610
 -578
 -506
 -440
 -394
 -416
 -440
 -440
 -410
 -390
 -334
 -276
 -302
 -336
 -326
 -320
 -330
 -346
 -300
 -272
 -294
 -316
 -286
 -230
 -188
 -106
 -64
 -28
 124
 366
 540
 680
 832
 1018
 1196
 1312
 1364
 1420
 1456
 1434
 1358
 1270
 1168
 1028
 906
 806
 706
 620
 496
 308
 162
 50
 -22
 -116
 -230
 -300
 -346
 -398
 -458
 -530
 -634
 -698
 -680
 -648
 -648
 -610
 -616
 -618
 -598
 -576
 -606
 -602
 -538
 -492
 -472
 -492
 -508
 -452
 -426
 -440
 -472
 -406
 -330
 -318
 -344
 -304
 -268
 -246
 -236
 -206
 -212
 -222
 -222
 -180
 -198
 -182
 -168
 -176
 -164
 -170
 -100
 78
 280
 454
 642
 840
 1026
 1202
 1334
 1462
 1538
 1518
 1486
 1478
 1388
 1294
 1170
 1026
 912
 814
 712
 594
 490
 334
 190
 104
 -4
 -96
 -158
 -246
 -348
 -378
 -390
 -448
 -478
 -528
 -536
 -528
 -528
 -514
 -482
 -442
 -482
 -538
 -494
 -430
 -406
 -416
 -436
 -372
 -334
 -322
 -266
 -222
 -246
 -246
 -272
 -272
 -284
 -294
 -280
 -264
 -274
 -266
 -262
 -242
 -278
 -294
 -272
 -212
 -190
 -182
 -150
 -40
 80
 236
 494
 778
 946
 1112
 1270
 1420
 1508
 1596
 1714
 1756
 1676
 1536
 1440
 1388
 1298
 1166
 1056
 916
 770
 658
 506
 380
 266
 190
 98
 -70
 -176
 -252
 -316
 -402
 -510
 -560
 -512
 -486
 -516
 -548
 -536
 -560
 -568
 -548
 -600
 -582
 -562
 -528
 -510
 -546
 -580
 -498
 -412
 -368
 -356
 -358
 -344
 -340
 -310
 -286
 -312
 -332
 -316
 -272
 -246
 -250
 -314
 -354
 -314
 -256
 -266
 -302
 -340
 -320
 -332
 -304
 -202
 -124
 -18
 132
 316
 502
 750
 1042
 1292
 1418
 1506
 1602
 1678
 1732
 1734
 1692
 1602
 1510
 1418
 1296
 1116
 944
 822
 742
 636
 498
 368
 240
 102
 20
 -80
 -194
 -306
 -310
 -330
 -454
 -564
 -638
 -632
 -652
 -662
 -658
 -700
 -686
 -664
 -682
 -646
 -624
 -658
 -622
 -610
 -570
 -486
 -496
 -502
 -476
 -424
 -430
 -460
 -470
 -446
 -396
 -392
 -406
 -382
 -346
 -294
 -264
 -268
 -290
 -318
 -304
 -324
 -356
 -380
 -392
 -392
 -380
 -358
 -340
 -374
 -416
 -372
 -278
 -148
 -20
 126
 330
 622
 882
 1100
 1314
 1460
 1576
 1704
 1784
 1774
 1720
 1650
 1552
 1442
 1328
 1220
 1064
 872
 750
 668
 584
 462
 310
 164
 26
 -62
 -126
 -226
 -340
 -430
 -482
 -528
 -572
 -636
 -664
 -662
 -692
 -736
 -722
 -682
 -678
 -734
 -746
 -696
 -644
 -638
 -608
 -574
 -562
 -554
 -548
 -466
 -398
 -390
 -424
 -470
 -446
 -392
 -350
 -318
 -298
 -326
 -340
 -322
 -320
 -302
 -288
 -328
 -348
 -358
 -346
 -336
 -350
 -360
 -374
 -360
 -356
 -368
 -386
 -424
 -420
 -402
 -364
 -324
 -244
 -132
 42
 294
 528
 744
 930
 1130
 1324
 1482
 1564
 1608
 1626
 1614
 1542
 1440
 1364
 1256
 1102
 978
 850
 674
 536
 412
 304
 190
 54
 -76
 -208
 -356
 -454
 -508
 -560
 -622
 -636
 -616
 -610
 -620
 -660
 -706
 -744
 -730
 -700
 -684
 -672
 -666
 -650
 -632
 -582
 -508
 -458
 -432
 -400
 -410
 -414
 -368
 -342
 -340
 -334
 -324
 -302
 -282
 -308
 -300
 -312
 -298
 -268
 -288
 -280
 -262
 -254
 -312
 -344
 -336
 -322
 -312
 -330
 -350
 -352
 -368
 -352
 -392
 -422
 -444
 -452
 -386
 -284
 -278
 -294
 -250
 -102
 132
 372
 594
 782
 954
 1126
 1290
 1414
 1458
 1470
 1426
 1406
 1374
 1304
 1190
 1046
 908
 806
 676
 556
 434
 290
 148
 32
 -58
 -94
 -148
 -268
 -384
 -462
 -512
 -548
 -588
 -632
 -694
 -702
 -674
 -648
 -642
 -654
 -654
 -622
 -594
 -570
 -572
 -562
 -566
 -600
 -582
 -498
 -416
 -378
 -368
 -394
 -422
 -414
 -348
 -302
 -302
 -334
 -348
 -340
 -308
 -308
 -278
 -242
 -270
 -300
 -290
 -272
 -260
 -268
 -284
 -288
 -270
 -290
 -326
 -360
 -356
 -348
 -354
 -328
 -296
 -250
 -162
 -24
 120
 288
 480
 710
 898
 1030
 1114
 1204
 1288
 1312
 1310
 1298
 1228
 1146
 1012
 858
 734
 624
 504
 412
 344
 226
 116
 46
 -50
 -172
 -302
 -372
 -422
 -462
 -484
 -542
 -582
 -584
 -602
 -640
 -634
 -630
 -624
 -602
 -622
 -630
 -626
 -614
 -578
 -550
 -564
 -556
 -506
 -444
 -376
 -388
 -388
 -358
 -332
 -352
 -364
 -310
 -282
 -282
 -272
 -266
 -250
 -226
 -246
 -258
 -230
 -216
 -220
 -236
 -234
 -262
 -284
 -292
 -274
 -270
 -292
 -298
 -334
 -334
 -342
 -326
 -304
 -258
 -158
 -88
 10
 194
 382
 554
 718
 874
 1058
 1202
 1296
 1338
 1314
 1276
 1256
 1214
 1114
 990
 868
 748
 644
 530
 372
 244
 130
 50
 -18
 -102
 -194
 -294
 -374
 -398
 -416
 -472
 -548
 -600
 -606
 -608
 -610
 -600
 -588
 -610
 -616
 -604
 -582
 -534
 -506
 -514
 -500
 -448
 -424
 -454
 -430
 -370
 -346
 -370
 -344
 -298
 -286
 -242
 -230
 -284
 -276
 -224
 -140
 -148
 -224
 -234
 -220
 -220
 -190
 -190
 -220
 -220
 -200
 -232
 -238
 -238
 -218
 -220
 -250
 -266
 -234
 -192
 -140
 -64
 56
 198
 376
 620
 794
 938
 1078
 1186
 1222
 1208
 1254
 1252
 1192
 1106
 1050
 936
 794
 644
 566
 492
 356
 228
 118
 24
 -94
 -192
 -264
 -326
 -392
 -460
 -516
 -568
 -580
 -558
 -578
 -588
 -612
 -650
 -674
 -632
 -614
 -594
 -578
 -574
 -548
 -498
 -514
 -492
 -466
 -436
 -368
 -296
 -288
 -282
 -246
 -226
 -250
 -244
 -242
 -278
 -280
 -252
 -202
 -168
 -168
 -166
 -178
 -152
 -158
 -160
 -210
 -246
 -228
 -198
 -198
 -188
 -168
 -212
 -166
 -82
 -24
 126
 302
 470
 646
 838
 984
 1068
 1172
 1200
 1180
 1174
 1170
 1130
 1058
 950
 832
 714
 648
 564
 438
 276
 180
 64
 -36
 -140
 -246
 -308
 -408
 -458
 -436
 -490
 -554
 -576
 -586
 -622
 -594
 -574
 -568
 -560
 -554
 -544
 -574
 -592
 -560
 -488
 -458
 -458
 -436
 -376
 -322
 -318
 -320
 -294
 -240
 -208
 -230
 -208
 -208
 -260
 -268
 -218
 -184
 -166
 -130
 -136
 -180
 -224
 -222
 -210
 -220
 -236
 -254
 -218
 -174
 -148
 -210
 -208
 -112
 -4
 100
 242
 404
 558
 716
 852
 960
 1018
 1092
 1126
 1094
 1048
 994
 896
 838
 812
 756
 610
 484
 342
 216
 110
 34
 -24
 -90
 -174
 -288
 -362
 -386
 -412
 -410
 -456
 -506
 -490
 -522
 -538
 -544
 -558
 -562
 -540
 -482
 -458
 -468
 -476
 -448
 -438
 -408
 -346
 -284
 -296
 -322
 -330
 -216
 -186
 -204
 -148
 -104
 -82
 -98
 -170
 -202
 -148
 -104
 -108
 -110
 -130
 -150
 -202
 -172
 -118
 -144
 -224
 -236
 -178
 -102
 -56
 0
 112
 286
 398
 524
 672
 804
 892
 976
 1042
 1090
 1066
 1006
 956
 880
 786
 702
 642
 570
 414
 242
 90
 -4
 -70
 -120
 -200
 -246
 -262
 -322
 -346
 -364
 -384
 -430
 -464
 -466
 -514
 -532
 -518
 -484
 -474
 -468
 -416
 -384
 -332
 -312
 -322
 -324
 -266
 -224
 -206
 -234
 -238
 -192
 -144
 -158
 -136
 -88
 -118
 -116
 -118
 -148
 -142
 -102
 -108
 -118
 -64
 -52
 -94
 -94
 -108
 -146
 -164
 -154
 -106
 -66
 -78
 -28
 176
 366
 472
 586
 712
 870
 994
 1018
 1000
 958
 942
 958
 898
 748
 592
 546
 528
 446
 332
 196
 128
 58
 -32
 -82
 -194
 -252
 -236
 -254
 -326
 -324
 -358
 -426
 -462
 -452
 -424
 -450
 -456
 -448
 -400
 -378
 -362
 -338
 -338
 -306
 -272
 -258
 -234
 -226
 -196
 -110
 -82
 -120
 -148
 -152
 -162
 -146
 -122
 -88
 -100
 -98
 -82
 -30
 -32
 -76
 -90
 -46
 -78
 -116
 -122
 -166
 -164
 -114
 -50
 24
 122
 262
 376
 532
 678
 760
 840
 918
 946
 996
 1046
 978
 924
 860
 766
 660
 554
 458
 340
 250
 234
 204
 86
 -42
 -138
 -198
 -280
 -332
 -338
 -356
 -398
 -444
 -450
 -452
 -486
 -466
 -404
 -348
 -330
 -324
 -318
 -312
 -304
 -288
 -266
 -256
 -216
 -192
 -98
 -38
 -80
 -144
 -120
 -40
 -12
 -38
 -96
 -62
 -86
 -148
 -130
 -96
 -112
 -130
 -110
 -80
 -86
 -152
 -190
 -158
 -144
 -136
 -40
 -14
 50
 172
 328
 454
 532
 694
 824
 900
 954
 1018
 1082
 1066
 1012
 962
 896
 778
 644
 542
 454
 386
 292
 218
 122
 10
 -118
 -218
 -222
 -216
 -344
 -412
 -400
 -420
 -470
 -446
 -398
 -352
 -390
 -476
 -472
 -400
 -328
 -272
 -338
 -390
 -364
 -302
 -238
 -186
 -160
 -150
 -106
 -68
 -104
 -140
 -60
 -6
 -44
 -72
 -68
 -108
 -152
 -150
 -174
 -180
 -106
 12
 -20
 -130
 -176
 -166
 -160
 -186
 -168
 -108
 -90
 -60
 52
 186
 370
 554
 646
 748
 866
 960
 1008
 1018
 1056
 1094
 1114
 1034
 868
 746
 600
 458
 394
 304
 170
 148
 76
 -16
 -90
 -204
 -250
 -274
 -296
 -296
 -354
 -394
 -426
 -436
 -440
 -390
 -388
 -402
 -382
 -328
 -298
 -334
 -328
 -262
 -216
 -266
 -342
 -278
 -178
 -156
 -130
 -128
 -148
 -142
 -128
 -128
 -86
 -34
 -58
 -88
 -142
 -92
 -80
 -86
 -102
 -112
 -142
 -160
 -182
 -200
 -182
 -190
 -180
 -224
 -244
 -192
 -132
 -86
 0
 150
 302
 428
 548
 714
 908
 1044
 1062
 1056
 1120
 1092
 1028
 952
 842
 806
 748
 638
 546
 458
 338
 208
 124
 12
 -108
 -156
 -138
 -200
 -282
 -376
 -402
 -404
 -382
 -358
 -366
 -384
 -430
 -478
 -464
 -408
 -360
 -348
 -322
 -374
 -356
 -320
 -326
 -254
 -162
 -134
 -116
 -98
 -104
 -102
 -64
 -100
 -130
 -114
 -80
 -50
 -100
 -100
 -70
 -18
 -66
 -118
 -166
 -168
 -180
 -218
 -210
 -246
 -272
 -284
 -276
 -258
 -240
 -236
 -266
 -234
 -236
 -216
 -198
 -132
 -10
 186
 356
 484
 666
 796
 920
 1016
 1126
 1190
 1164
 1156
 1108
 1014
 908
 794
 642
 480
 418
 416
 390
 218
 70
 -30
 -124
 -122
 -82
 -148
 -276
 -350
 -332
 -286
 -352
 -432
 -492
 -558
 -518
 -490
 -468
 -448
 -380
 -324
 -378
 -360
 -330
 -326
 -306
 -236
 -178
 -128
 -110
 -152
 -180
 -182
 -170
 -134
 -158
 -148
 -142
 -128
 -168
 -214
 -196
 -128
 -96
 -116
 -216
 -226
 -182
 -156
 -174
 -174
 -182
 -252
 -274
 -240
 -226
 -238
 -260
 -288
 -280
 -292
 -294
 -254
 -218
 -122
 -30
 56
 204
 376
 574
 730
 858
 940
 946
 950
 982
 1062
 1078
 1038
 916
 830
 782
 670
 524
 370
 300
 290
 254
 138
 -20
 -142
 -174
 -160
 -174
 -264
 -326
 -352
 -398
 -426
 -392
 -340
 -364
 -392
 -394
 -332
 -346
 -360
 -314
 -294
 -252
 -284
 -298
 -248
 -220
 -278
 -208
 -160
 -140
 -156
 -222
 -226
 -172
 -170
 -172
 -148
 -112
 -88
 -88
 -152
 -196
 -222
 -182
 -124
 -150
 -262
 -262
 -196
 -180
 -250
 -274
 -246
 -192
 -208
 -260
 -250
 -264
 -272
 -218
 -156
 -140
 -46
 62
 172
 280
 382
 484
 636
 818
 902
 908
 934
 978
 950
 918
 906
 884
 824
 704
 588
 508
 438
 362
 210
 116
 46
 -12
 -92
 -104
 -142
 -178
 -210
 -266
 -320
 -340
 -402
 -414
 -320
 -318
 -386
 -436
 -400
 -344
 -322
 -344
 -322
 -284
 -230
 -246
 -276
 -242
 -192
 -204
 -224
 -246
 -180
 -114
 -112
 -86
 -72
 -86
 -138
 -138
 -124
 -136
 -168
 -194
 -212
 -234
 -228
 -204
 -248
 -306
 -224
 -140
 -134
 -184
 -212
 -228
 -286
 -318
 -326
 -276
 -200
 -204
 -206
 -142
 -14
 44
 88
 254
 388
 520
 752
 898
 914
 966
 1028
 992
 924
 896
 856
 734
 682
 682
 634
 558
 460
 356
 222
 42
 -42
 26
 -24
 -204
 -268
 -260
 -260
 -338
 -392
 -334
 -334
 -406
 -444
 -406
 -342
 -340
 -370
 -364
 -350
 -382
 -352
 -304
 -294
 -320
 -346
 -284
 -182
 -148
 -174
 -226
 -268
 -262
 -198
 -182
 -178
 -156
 -114
 -108
 -168
 -176
 -178
 -206
 -190
 -198
 -186
 -160
 -216
 -194
 -188
 -218
 -260
 -252
 -226
 -234
 -244
 -204
 -198
 -252
 -290
 -284
 -216
 -126
 -24
 22
 58
 204
 418
 602
 686
 778
 892
 940
 904
 858
 840
 802
 758
 714
 708
 662
 588
 460
 368
 194
 58
 62
 94
 -8
 -114
 -180
 -220
 -260
 -290
 -254
 -198
 -266
 -352
 -370
 -360
 -398
 -426
 -418
 -404
 -400
 -392
 -338
 -294
 -274
 -246
 -254
 -244
 -230
 -238
 -216
 -176
 -130
 -142
 -156
 -86
 -92
 -120
 -140
 -136
 -106
 -96
 -158
 -122
 -156
 -212
 -170
 -140
 -138
 -148
 -234
 -228
 -190
 -198
 -200
 -248
 -212
 -114
 -88
 -108
 -102
 -18
 128
 236
 368
 522
 672
 730
 776
 836
 904
 910
 860
 838
 784
 682
 532
 500
 454
 430
 364
 192
 140
 110
 26
 -84
 -142
 -192
 -202
 -164
 -216
 -334
 -414
 -378
 -324
 -312
 -316
 -344
 -364
 -368
 -338
 -248
 -214
 -192
 -208
 -250
 -306
 -328
 -316
 -240
 -174
 -162
 -196
 -152
 -118
 -128
 -146
 -142
 -150
 -180
 -216
 -224
 -180
 -114
 -70
 -114
 -150
 -116
 -136
 -154
 -112
 -116
 -156
 -170
 -158
 -154
 -162
 -106
 -8
 62
 144
 244
 378
 552
 680
 812
 930
 1030
 1090
 1108
 1092
 1048
 960
 854
 768
 686
 648
 570
 476
 390
 308
 236
 182
 122
 58
 -62
 -160
 -214
 -218
 -270
 -318
 -350
 -330
 -372
 -366
 -406
 -464
 -472
 -428
 -408
 -340
 -262
 -272
 -296
 -250
 -238
 -288
 -310
 -220
 -162
 -200
 -202
 -110
 -96
 -124
 -110
 -144
 -178
 -120
 -84
 -86
 -126
 -202
 -168
 -136
 -152
 -148
 -196
 -234
 -258
 -246
 -192
 -192
 -168
 -106
 -42
 40
 178
 374
 514
 562
 668
 848
 974
 1040
 1100
 1154
 1188
 1178
 1078
 988
 874
 730
 574
 508
 470
 430
 338
 184
 82
 78
 58
 -24
 -104
 -188
 -256
 -266
 -298
 -358
 -392
 -400
 -442
 -414
 -394
 -418
 -382
 -326
 -288
 -278
 -286
 -244
 -236
 -304
 -284
 -196
 -116
 -76
 -108
 -172
 -236
 -176
 -148
 -178
 -170
 -190
 -148
 -108
 -146
 -220
 -216
 -192
 -190
 -146
 -152
 -260
 -310
 -234
 -206
 -184
 -70
 86
 266
 376
 504
 708
 880
 1022
 1150
 1312
 1402
 1424
 1394
 1330
 1220
 1140
 1058
 1016
 960
 870
 780
 618
 462
 420
 376
 276
 112
 20
 -28
 -152
 -206
 -232
 -224
 -268
 -374
 -434
 -442
 -426
 -430
 -448
 -466
 -492
 -508
 -428
 -424
 -370
 -332
 -300
 -248
 -186
 -170
 -188
 -198
 -180
 -152
 -180
 -222
 -242
 -188
 -134
 -174
 -214
 -230
 -194
 -186
 -208
 -254
 -294
 -326
 -286
 -222
 -250
 -312
 -348
 -306
 -130
 16
 162
 290
 444
 700
 906
 1092
 1320
 1494
 1614
 1702
 1648
 1546
 1454
 1394
 1378
 1374
 1308
 1176
 1062
 938
 702
 534
 508
 446
 288
 98
 -10
 -34
 -62
 -132
 -214
 -314
 -376
 -424
 -436
 -448
 -482
 -512
 -472
 -448
 -492
 -462
 -426
 -414
 -396
 -378
 -314
 -262
 -256
 -308
 -370
 -354
 -282
 -252
 -200
 -176
 -192
 -176
 -152
 -182
 -218
 -238
 -302
 -334
 -256
 -220
 -288
 -320
 -338
 -296
 -262
 -212
 -174
 -34
 170
 432
 678
 886
 1048
 1174
 1312
 1472
 1588
 1636
 1614
 1572
 1496
 1442
 1376
 1280
 1174
 1018
 870
 702
 596
 440
 264
 154
 120
 90
 8
 -128
 -286
 -378
 -430
 -472
 -492
 -528
 -514
 -512
 -608
 -634
 -574
 -574
 -570
 -504
 -486
 -448
 -398
 -378
 -416
 -430
 -364
 -368
 -344
 -294
 -292
 -260
 -238
 -302
 -314
 -278
 -262
 -258
 -272
 -328
 -392
 -420
 -410
 -448
 -442
 -390
 -360
 -396
 -414
 -408
 -404
 -372
 -290
 -222
 -112
 28
 190
 386
 642
 950
 1210
 1426
 1570
 1638
 1684
 1728
 1740
 1672
 1584
 1540
 1466
 1380
 1284
 1084
 904
 752
 650
 548
 392
 276
 138
 54
 -8
 -108
 -232
 -366
 -430
 -492
 -558
 -642
 -678
 -656
 -640
 -662
 -704
 -698
 -646
 -582
 -526
 -512
 -520
 -476
 -454
 -442
 -418
 -376
 -368
 -344
 -292
 -306
 -328
 -324
 -304
 -296
 -318
 -298
 -308
 -360
 -382
 -480
 -520
 -470
 -444
 -486
 -560
 -576
 -574
 -578
 -560
 -520
 -536
 -544
 -582
 -632
 -604
 -568
 -598
 -638
 -648
 -608
 -578
 -598
 -560
 -514
 -558
 -616
 -610
 -590
 -578
 -574
 -514
 -464
 -510
 -608
 -556
 -490
 -442
 -428
 -480
 -442
 -348
 -256
 -184
 -74
 188
 458
 682
 918
 1214
 1508
 1708
 1856
 1936
 1966
 2018
 1954
 1794
 1612
 1432
 1352
 1302
 1166
 1000
 838
 702
 584
 390
 204
 70
 -66
 -150
 -226
 -320
 -428
 -502
 -550
 -590
 -606
 -614
 -670
 -706
 -722
 -690
 -654
 -618
 -592
 -524
 -542
 -566
 -554
 -514
 -500
 -484
 -434
 -360
 -322
 -314
 -344
 -310
 -294
 -314
 -348
 -380
 -386
 -374
 -364
 -368
 -410
 -464
 -460
 -376
 -374
 -436
 -482
 -490
 -440
 -464
 -510
 -554
 -562
 -558
 -524
 -534
 -570
 -600
 -604
 -558
 -498
 -506
 -558
 -602
 -588
 -554
 -572
 -596
 -570
 -588
 -544
 -510
 -522
 -512
 -490
 -456
 -428
 -392
 -292
 -136
 106
 358
 596
 838
 1060
 1216
 1388
 1532
 1584
 1582
 1568
 1536
 1430
 1320
 1242
 1120
 972
 830
 658
 512
 388
 306
 212
 52
 -102
 -162
 -202
 -286
 -370
 -442
 -486
 -538
 -590
 -626
 -670
 -700
 -710
 -704
 -674
 -642
 -598
 -570
 -552
 -548
 -524
 -482
 -420
 -398
 -432
 -410
 -322
 -268
 -248
 -258
 -274
 -278
 -278
 -304
 -332
 -356
 -370
 -328
 -318
 -366
 -360
 -356
 -376
 -392
 -448
 -450
 -412
 -406
 -460
 -520
 -522
 -488
 -472
 -452
 -430
 -428
 -462
 -534
 -560
 -518
 -468
 -478
 -448
 -400
 -384
 -336
 -208
 -40
 154
 328
 544
 794
 990
 1136
 1322
 1450
 1528
 1538
 1538
 1492
 1358
 1218
 1114
 1034
 970
 928
 846
 644
 438
 360
 292
 204
 40
 -114
 -190
 -266
 -364
 -424
 -440
 -498
 -570
 -588
 -572
 -526
 -502
 -518
 -556
 -610
 -648
 -622
 -580
 -528
 -524
 -530
 -510
 -442
 -352
 -346
 -380
 -396
 -350
 -302
 -278
 -282
 -296
 -276
 -232
 -270
 -304
 -326
 -342
 -348
 -346
 -356
 -388
 -382
 -352
 -376
 -388
 -410
 -434
 -408
 -398
 -396
 -426
 -446
 -446
 -434
 -382
 -360
 -416
 -516
 -474
 -392
 -314
 -290
 -258
 -172
 -26
 118
 318
 550
 758
 924
 1056
 1218
 1310
 1366
 1378
 1314
 1232
 1132
 1070
 964
 834
 740
 676
 598
 466
 328
 250
 170
 40
 -100
 -170
 -204
 -278
 -386
 -442
 -442
 -440
 -456
 -506
 -568
 -618
 -598
 -536
 -546
 -588
 -580
 -538
 -488
 -464
 -460
 -468
 -416
 -342
 -298
 -306
 -322
 -318
 -292
 -286
 -270
 -312
 -332
 -322
 -304
 -278
 -282
 -334
 -340
 -300
 -320
 -338
 -346
 -318
 -300
 -324
 -364
 -366
 -374
 -418
 -480
 -452
 -380
 -364
 -390
 -448
 -482
 -494
 -460
 -406
 -360
 -292
 -152
 -40
 146
 374
 538
 680
 838
 968
 1078
 1198
 1242
 1214
 1200
 1138
 1088
 1020
 932
 802
 668
 554
 460
 370
 300
 192
 82
 -20
 -126
 -182
 -254
 -304
 -328
 -386
 -482
 -532
 -562
 -552
 -534
 -498
 -474
 -522
 -558
 -522
 -480
 -456
 -436
 -432
 -406
 -374
 -372
 -348
 -330
 -308
 -242
 -224
 -254
 -230
 -238
 -232
 -208
 -218
 -202
 -212
 -226
 -250
 -264
 -272
 -272
 -264
 -304
 -302
 -338
 -328
 -302
 -312
 -372
 -404
 -382
 -340
 -332
 -338
 -338
 -328
 -326
 -296
 -238
 -232
 -172
 -72
 76
 298
 502
 708
 884
 1062
 1216
 1296
 1256
 1264
 1288
 1268
 1268
 1196
 1046
 922
 866
 756
 686
 598
 472
 312
 196
 124
 82
 6
 -74
 -144
 -262
 -354
 -402
 -418
 -504
 -534
 -514
 -522
 -516
 -504
 -498
 -460
 -468
 -444
 -382
 -336
 -310
 -340
 -370
 -334
 -238
 -228
 -258
 -276
 -260
 -226
 -182
 -118
 -114
 -200
 -218
 -184
 -242
 -288
 -268
 -252
 -272
 -266
 -232
 -246
 -258
 -288
 -310
 -316
 -350
 -388
 -428
 -432
 -356
 -378
 -448
 -410
 -340
 -340
 -380
 -380
 -398
 -396
 -392
 -374
 -348
 -292
 -182
 -26
 80
 226
 420
 658
 862
 1052
 1282
 1382
 1432
 1440
 1494
 1496
 1420
 1334
 1224
 1080
 974
 900
 806
 672
 578
 480
 342
 198
 130
 62
 -4
 -114
 -236
 -324
 -372
 -368
 -364
 -426
 -466
 -478
 -494
 -506
 -528
 -478
 -464
 -490
 -472
 -462
 -446
 -432
 -410
 -328
 -248
 -232
 -262
 -268
 -234
 -208
 -236
 -242
 -248
 -282
 -294
 -260
 -172
 -156
 -216
 -242
 -238
 -242
 -246
 -256
 -296
 -290
 -304
 -358
 -316
 -294
 -284
 -292
 -306
 -292
 -338
 -392
 -366
 -360
 -432
 -468
 -432
 -406
 -394
 -380
 -352
 -328
 -354
 -326
 -256
 -126
 8
 136
 262
 386
 522
 664
 882
 1076
 1198
 1292
 1360
 1382
 1370
 1296
 1266
 1180
 1106
 962
 828
 708
 586
 488
 400
 302
 196
 90
 6
 -68
 -122
 -212
 -322
 -386
 -408
 -406
 -446
 -498
 -534
 -534
 -476
 -508
 -476
 -428
 -426
 -434
 -462
 -458
 -388
 -366
 -346
 -310
 -258
 -230
 -276
 -302
 -284
 -242
 -196
 -198
 -166
 -148
 -188
 -180
 -168
 -152
 -158
 -224
 -260
 -268
 -234
 -242
 -238
 -206
 -236
 -268
 -258
 -282
 -322
 -312
 -324
 -352
 -358
 -354
 -328
 -348
 -376
 -328
 -304
 -322
 -356
 -296
 -224
 -178
 -114
 -30
 148
 414
 664
 854
 1004
 1166
 1334
 1474
 1488
 1434
 1380
 1354
 1344
 1322
 1232
 1084
 958
 880
 780
 628
 480
 368
 296
 204
 88
 -54
 -190
 -266
 -280
 -332
 -374
 -406
 -426
 -474
 -486
 -500
 -490
 -454
 -458
 -472
 -454
 -400
 -388
 -398
 -390
 -300
 -248
 -288
 -296
 -242
 -220
 -248
 -286
 -238
 -190
 -178
 -218
 -164
 -176
 -210
 -234
 -230
 -230
 -236
 -272
 -282
 -294
 -284
 -322
 -358
 -372
 -330
 -280
 -256
 -264
 -244
 -244
 -248
 -274
 -298
 -300
 -318
 -346
 -318
 -278
 -290
 -332
 -334
 -310
 -272
 -248
 -192
 -70
 72
 212
 386
 590
 790
 990
 1148
 1264
 1358
 1476
 1546
 1534
 1450
 1404
 1360
 1292
 1180
 1016
 842
 662
 564
 500
 430
 326
 192
 108
 42
 -56
 -130
 -190
 -264
 -358
 -398
 -462
 -456
 -456
 -482
 -494
 -516
 -526
 -522
 -528
 -516
 -458
 -424
 -396
 -340
 -314
 -310
 -366
 -396
 -314
 -284
 -278
 -256
 -254
 -240
 -248
 -258
 -284
 -280
 -250
 -262
 -286
 -286
 -234
 -222
 -256
 -270
 -274
 -286
 -308
 -306
 -320
 -332
 -320
 -258
 -250
 -326
 -380
 -402
 -398
 -374
 -358
 -314
 -288
 -330
 -352
 -330
 -308
 -280
 -246
 -178
 -42
 144
 310
 488
 686
 868
 1040
 1176
 1286
 1350
 1368
 1342
 1294
 1236
 1180
 1132
 986
 820
 704
 592
 454
 362
 268
 164
 84
 8
 -96
 -164
 -200
 -250
 -310
 -366
 -432
 -488
 -524
 -500
 -490
 -522
 -498
 -474
 -460
 -478
 -498
 -438
 -354
 -362
 -398
 -358
 -292
 -244
 -248
 -286
 -286
 -250
 -212
 -172
 -130
 -128
 -198
 -214
 -190
 -154
 -144
 -204
 -258
 -256
 -268
 -278
 -206
 -188
 -294
 -352
 -304
 -284
 -290
 -276
 -274
 -286
 -276
 -282
 -276
 -290
 -306
 -318
 -376
 -446
 -422
 -250
 -144
 -122
 -70
 74
 286
 500
 732
 954
 1106
 1282
 1392
 1456
 1492
 1492
 1442
 1374
 1306
 1238
 1190
 1114
 1006
 874
 756
 660
 558
 418
 224
 68
 6
 -82
 -154
 -178
 -214
 -308
 -406
 -386
 -398
 -472
 -510
 -496
 -472
 -454
 -484
 -506
 -556
 -594
 -552
 -484
 -474
 -426
 -372
 -340
 -300
 -212
 -166
 -206
 -230
 -248
 -208
 -178
 -198
 -228
 -258
 -268
 -256
 -232
 -222
 -208
 -204
 -214
 -218
 -240
 -252
 -272
 -328
 -356
 -344
 -320
 -334
 -378
 -356
 -306
 -304
 -372
 -380
 -382
 -400
 -442
 -474
 -458
 -420
 -368
 -294
 -310
 -322
 -272
 -172
 -66
 2
 116
 306
 520
 750
 1004
 1210
 1370
 1424
 1462
 1530
 1566
 1494
 1354
 1280
 1296
 1208
 1074
 960
 846
 720
 578
 490
 378
 252
 160
 96
 36
 -108
 -206
 -302
 -396
 -448
 -462
 -520
 -520
 -544
 -540
 -584
 -580
 -536
 -474
 -502
 -530
 -520
 -506
 -446
 -402
 -354
 -370
 -360
 -336
 -358
 -296
 -194
 -148
 -190
 -256
 -252
 -246
 -284
 -320
 -302
 -254
 -242
 -274
 -276
 -294
 -254
 -262
 -278
 -264
 -282
 -306
 -342
 -394
 -370
 -302
 -310
 -318
 -352
 -384
 -388
 -402
 -372
 -334
 -352
 -378
 -378
 -386
 -402
 -408
 -424
 -404
 -358
 -318
 -318
 -278
 -202
 -70
 84
 224
 354
 526
 786
 1026
 1122
 1206
 1346
 1452
 1474
 1434
 1310
 1246
 1184
 1092
 994
 896
 790
 672
 518
 416
 340
 288
 196
 68
 -36
 -116
 -210
 -304
 -328
 -358
 -436
 -484
 -486
 -488
 -488
 -494
 -520
 -548
 -558
 -512
 -458
 -416
 -438
 -414
 -408
 -404
 -324
 -278
 -260
 -266
 -314
 -348
 -328
 -248
 -184
 -174
 -150
 -172
 -158
 -140
 -140
 -184
 -182
 -216
 -256
 -294
 -266
 -226
 -260
 -322
 -334
 -334
 -260
 -266
 -332
 -356
 -348
 -382
 -392
 -356
 -336
 -340
 -382
 -386
 -390
 -364
 -346
 -338
 -376
 -370
 -292
 -216
 -112
 40
 198
 372
 518
 680
 902
 1096
 1268
 1386
 1424
 1500
 1574
 1582
 1512
 1412
 1280
 1150
 1050
 956
 832
 728
 580
 444
 358
 294
 198
 98
 30
 -38
 -108
 -216
 -318
 -298
 -290
 -342
 -438
 -474
 -456
 -430
 -500
 -572
 -574
 -540
 -508
 -426
 -382
 -394
 -418
 -406
 -388
 -344
 -278
 -238
 -184
 -222
 -256
 -274
 -274
 -266
 -224
 -234
 -228
 -274
 -314
 -308
 -212
 -162
 -210
 -268
 -300
 -310
 -316
 -288
 -254
 -300
 -354
 -364
 -336
 -306
 -288
 -286
 -324
 -324
 -336
 -320
 -324
 -326
 -346
 -358
 -374
 -364
 -348
 -360
 -352
 -330
 -328
 -294
 -172
 -32
 130
 246
 422
 606
 752
 950
 1158
 1320
 1390
 1432
 1464
 1438
 1426
 1366
 1266
 1168
 1108
 1040
 952
 808
 640
 506
 410
 360
 256
 150
 28
 -88
 -152
 -174
 -260
 -342
 -386
 -396
 -404
 -454
 -444
 -430
 -488
 -524
 -534
 -518
 -504
 -514
 -512
 -512
 -500
 -460
 -434
 -370
 -334
 -328
 -328
 -326
 -324
 -268
 -256
 -284
 -276
 -316
 -274
 -182
 -178
 -220
 -196
 -222
 -254
 -224
 -196
 -208
 -252
 -276
 -272
 -278
 -294
 -320
 -332
 -336
 -268
 -250
 -314
 -364
 -380
 -370
 -356
 -344
 -318
 -348
 -358
 -304
 -306
 -326
 -328
 -350
 -364
 -302
 -238
 -150
 -62
 46
 242
 538
 742
 856
 1008
 1120
 1232
 1352
 1430
 1450
 1424
 1360
 1286
 1204
 1106
 998
 874
 746
 624
 520
 394
 304
 230
 86
 -34
 -94
 -130
 -190
 -260
 -348
 -420
 -482
 -494
 -462
 -432
 -484
 -564
 -566
 -514
 -518
 -546
 -520
 -448
 -430
 -380
 -308
 -304
 -322
 -350
 -348
 -276
 -298
 -336
 -318
 -284
 -248
 -270
 -276
 -230
 -200
 -248
 -238
 -160
 -104
 -138
 -180
 -204
 -190
 -208
 -224
 -250
 -238
 -194
 -210
 -258
 -288
 -326
 -358
 -346
 -254
 -228
 -258
 -300
 -326
 -324
 -336
 -322
 -304
 -320
 -312
 -212
 -154
 -126
 -16
 156
 362
 526
 710
 932
 1140
 1288
 1334
 1396
 1446
 1498
 1482
 1438
 1362
 1286
 1170
 1046
 904
 734
 598
 522
 442
 334
 214
 106
 52
 -18
 -144
 -214
 -212
 -300
 -430
 -534
 -550
 -496
 -482
 -514
 -566
 -592
 -568
 -500
 -486
 -494
 -466
 -460
 -488
 -488
 -410
 -324
 -328
 -364
 -356
 -306
 -286
 -272
 -320
 -324
 -246
 -212
 -222
 -232
 -182
 -200
 -244
 -262
 -196
 -118
 -172
 -240
 -264
 -272
 -278
 -264
 -266
 -296
 -298
 -286
 -280
 -310
 -310
 -316
 -324
 -290
 -290
 -324
 -338
 -312
 -332
 -392
 -396
 -382
 -352
 -186
 -12
 56
 184
 354
 592
 844
 1062
 1194
 1282
 1394
 1514
 1578
 1560
 1546
 1518
 1470
 1354
 1192
 1072
 1004
 888
 720
 608
 536
 404
 298
 222
 90
 -32
 -144
 -184
 -232
 -326
 -394
 -428
 -480
 -488
 -502
 -524
 -556
 -616
 -600
 -580
 -544
 -542
 -512
 -500
 -522
 -482
 -454
 -442
 -436
 -402
 -358
 -294
 -284
 -282
 -270
 -244
 -234
 -224
 -212
 -214
 -216
 -208
 -192
 -206
 -226
 -196
 -202
 -262
 -300
 -272
 -240
 -260
 -258
 -282
 -346
 -398
 -360
 -320
 -280
 -306
 -368
 -368
 -348
 -344
 -372
 -370
 -348
 -360
 -370
 -310
 -234
 -100
 54
 220
 376
 578
 786
 1018
 1172
 1280
 1358
 1380
 1458
 1526
 1478
 1392
 1330
 1234
 1136
 962
 792
 682
 594
 464
 358
 230
 166
 94
 2
 -28
 -118
 -276
 -366
 -368
 -398
 -434
 -474
 -504
 -532
 -522
 -536
 -590
 -640
 -612
 -516
 -458
 -486
 -496
 -458
 -432
 -454
 -434
 -342
 -264
 -276
 -312
 -286
 -266
 -268
 -226
 -218
 -224
 -250
 -254
 -236
 -206
 -216
 -256
 -274
 -270
 -270
 -278
 -302
 -272
 -232
 -276
 -286
 -260
 -290
 -308
 -318
 -308
 -334
 -356
 -346
 -308
 -320
 -370
 -404
 -392
 -340
 -300
 -240
 -180
 -108
 -10
 178
 392
 546
 714
 912
 1068
 1182
 1314
 1426
 1456
 1472
 1496
 1458
 1362
 1274
 1184
 1030
 890
 764
 660
 536
 358
 246
 148
 66
 -22
 -70
 -158
 -244
 -292
 -290
 -376
 -476
 -490
 -480
 -518
 -590
 -622
 -600
 -578
 -560
 -550
 -526
 -544
 -534
 -502
 -488
 -446
 -434
 -372
 -314
 -318
 -350
 -344
 -296
 -232
 -198
 -198
 -172
 -154
 -164
 -168
 -198
 -220
 -244
 -210
 -186
 -210
 -264
 -316
 -310
 -264
 -218
 -222
 -262
 -264
 -278
 -274
 -286
 -292
 -306
 -338
 -304
 -320
 -306
 -312
 -342
 -344
 -298
 -232
 -168
 -86
 28
 160
 372
 612
 840
 1012
 1190
 1350
 1504
 1598
 1612
 1638
 1640
 1588
 1498
 1392
 1292
 1190
 1066
 892
 772
 676
 516
 368
 288
 220
 82
 -40
 -130
 -184
 -238
 -354
 -462
 -488
 -444
 -454
 -492
 -520
 -580
 -608
 -618
 -612
 -582
 -540
 -582
 -540
 -514
 -478
 -448
 -438
 -442
 -426
 -404
 -372
 -368
 -304
 -266
 -260
 -250
 -210
 -192
 -202
 -256
 -234
 -206
 -228
 -234
 -178
 -212
 -242
 -236
 -230
 -256
 -264
 -256
 -290
 -326
 -298
 -296
 -342
 -432
 -478
 -430
 -370
 -386
 -388
 -374
 -362
 -316
 -212
 -104
 -54
 34
 236
 456
 640
 842
 1034
 1204
 1342
 1414
 1474
 1522
 1528
 1524
 1458
 1332
 1202
 1086
 976
 866
 754
 640
 516
 396
 278
 158
 70
 -10
 -112
 -230
 -294
 -306
 -402
 -452
 -468
 -514
 -578
 -614
 -668
 -660
 -626
 -616
 -638
 -604
 -546
 -526
 -542
 -550
 -508
 -430
 -392
 -390
 -408
 -380
 -318
 -264
 -288
 -320
 -340
 -324
 -308
 -244
 -214
 -244
 -278
 -260
 -260
 -240
 -230
 -222
 -214
 -232
 -222
 -232
 -232
 -220
 -230
 -272
 -306
 -324
 -314
 -338
 -358
 -356
 -344
 -306
 -262
 -226
 -136
 6
 164
 328
 508
 724
 912
 1026
 1168
 1278
 1358
 1402
 1392
 1362
 1314
 1240
 1144
 1020
 896
 840
 738
 600
 484
 382
 318
 218
 58
 -86
 -164
 -260
 -312
 -340
 -370
 -414
 -476
 -540
 -548
 -510
 -520
 -570
 -624
 -578
 -502
 -502
 -520
 -488
 -486
 -490
 -472
 -396
 -374
 -394
 -358
 -294
 -282
 -314
 -294
 -258
 -250
 -236
 -222
 -192
 -182
 -186
 -242
 -274
 -226
 -178
 -200
 -232
 -258
 -256
 -280
 -296
 -250
 -258
 -280
 -274
 -272
 -278
 -238
 -224
 -228
 -178
 -102
 -14
 128
 328
 542
 726
 888
 1062
 1244
 1400
 1540
 1620
 1620
 1580
 1506
 1450
 1410
 1314
 1220
 1132
 998
 856
 732
 586
 446
 312
 184
 84
 -22
 -92
 -160
 -278
 -350
 -388
 -430
 -468
 -498
 -500
 -524
 -532
 -518
 -510
 -524
 -528
 -506
 -436
 -402
 -446
 -458
 -444
 -406
 -356
 -300
 -292
 -326
 -354
 -326
 -278
 -242
 -220
 -196
 -174
 -170
 -186
 -200
 -210
 -214
 -206
 -240
 -260
 -254
 -234
 -242
 -296
 -332
 -344
 -360
 -342
 -348
 -346
 -380
 -390
 -376
 -370
 -348
 -272
 -190
 -108
 44
 232
 420
 612
 818
 1014
 1186
 1336
 1428
 1456
 1492
 1514
 1486
 1404
 1306
 1216
 1132
 1018
 898
 802
 694
 558
 438
 332
 238
 106
 -32
 -98
 -172
 -270
 -354
 -416
 -442
 -476
 -528
 -556
 -582
 -560
 -544
 -530
 -534
 -544
 -548
 -530
 -496
 -478
 -454
 -422
 -402
 -360
 -330
 -324
 -324
 -320
 -276
 -254
 -288
 -300
 -306
 -276
 -244
 -252
 -248
 -226
 -222
 -256
 -292
 -308
 -310
 -322
 -316
 -322
 -340
 -342
 -354
 -362
 -374
 -376
 -388
 -386
 -374
 -400
 -426
 -428
 -426
 -408
 -376
 -394
 -388
 -336
 -338
 -264
 -164
 -86
 30
 208
 402
 626
 812
 946
 1110
 1280
 1412
 1468
 1490
 1456
 1408
 1346
 1252
 1160
 1064
 950
 810
 680
 534
 406
 262
 120
 84
 22
 -104
 -226
 -286
 -298
 -352
 -380
 -374
 -444
 -518
 -574
 -590
 -600
 -594
 -556
 -502
 -494
 -510
 -512
 -516
 -490
 -410
 -338
 -306
 -272
 -278
 -266
 -260
 -280
 -280
 -246
 -232
 -226
 -230
 -248
 -240
 -212
 -200
 -210
 -234
 -264
 -242
 -232
 -264
 -292
 -308
 -318
 -320
 -362
 -378
 -388
 -400
 -392
 -344
 -308
 -324
 -368
 -418
 -404
 -394
 -352
 -350
 -360
 -362
 -356
 -362
 -372
 -320
 -246
 -188
 -56
 134
 330
 516
 714
 922
 1112
 1250
 1370
 1514
 1568
 1550
 1522
 1512
 1446
 1300
 1158
 1058
 968
 874
 782
 664
 536
 428
 296
 154
 44
 -32
 -104
 -176
 -282
 -336
 -378
 -452
 -508
 -520
 -522
 -534
 -572
 -626
 -614
 -582
 -556
 -524
 -494
 -482
 -470
 -440
 -400
 -362
 -372
 -374
 -318
 -294
 -288
 -286
 -268
 -246
 -236
 -230
 -206
 -174
 -186
 -236
 -276
 -266
 -248
 -234
 -248
 -296
 -296
 -288
 -302
 -330
 -358
 -372
 -398
 -392
 -398
 -426
 -404
 -372
 -354
 -356
 -404
 -438
 -418
 -390
 -370
 -360
 -364
 -390
 -380
 -388
 -400
 -384
 -358
 -366
 -384
 -374
 -310
 -300
 -338
 -350
 -292
 -244
 -208
 -92
 58
 206
 354
 556
 794
 1012
 1174
 1298
 1354
 1392
 1418
 1432
 1424
 1374
 1278
 1166
 1046
 972
 872
 750
 622
 506
 456
 372
 246
 108
 26
 -32
 -118
 -184
 -298
 -416
 -480
 -492
 -538
 -536
 -512
 -496
 -516
 -554
 -586
 -566
 -520
 -498
 -494
 -486
 -464
 -430
 -366
 -386
 -408
 -358
 -274
 -224
 -226
 -244
 -260
 -270
 -238
 -214
 -220
 -242
 -230
 -210
 -210
 -212
 -220
 -242
 -250
 -276
 -280
 -278
 -256
 -254
 -270
 -282
 -300
 -326
 -338
 -328
 -340
 -342
 -340
 -376
 -342
 -322
 -322
 -352
 -368
 -332
 -334
 -350
 -366
 -404
 -430
 -410
 -370
 -362
 -374
 -380
 -362
 -336
 -322
 -336
 -348
 -330
 -238
 -148
 -88
 0
 146
 322
 488
 666
 856
 1044
 1208
 1322
 1354
 1326
 1318
 1320
 1274
 1184
 1042
 944
 888
 816
 708
 566
 434
 338
 186
 34
 -16
 -18
 -80
 -190
 -244
 -274
 -354
 -424
 -466
 -502
 -506
 -508
 -506
 -522
 -542
 -542
 -518
 -466
 -448
 -464
 -462
 -424
 -402
 -422
 -404
 -352
 -294
 -246
 -250
 -266
 -286
 -258
 -204
 -180
 -176
 -174
 -192
 -198
 -174
 -170
 -182
 -206
 -224
 -238
 -216
 -188
 -216
 -290
 -304
 -286
 -274
 -256
 -268
 -290
 -312
 -304
 -302
 -302
 -308
 -298
 -300
 -296
 -298
 -312
 -304
 -286
 -310
 -308
 -278
 -274
 -300
 -322
 -320
 -296
 -206
 -106
 14
 126
 282
 460
 662
 852
 1022
 1188
 1324
 1388
 1416
 1464
 1494
 1444
 1374
 1266
 1150
 1046
 970
 884
 760
 604
 454
 342
 256
 182
 90
 -10
 -112
 -234
 -286
 -328
 -352
 -360
 -362
 -434
 -510
 -542
 -556
 -592
 -594
 -584
 -604
 -588
 -568
 -522
 -478
 -428
 -378
 -370
 -356
 -362
 -326
 -298
 -298
 -294
 -294
 -248
 -186
 -148
 -168
 -250
 -258
 -226
 -200
 -170
 -130
 -166
 -206
 -214
 -246
 -254
 -240
 -238
 -236
 -236
 -234
 -246
 -226
 -238
 -274
 -298
 -316
 -316
 -312
 -310
 -338
 -358
 -372
 -354
 -346
 -318
 -314
 -358
 -370
 -326
 -282
 -222
 -116
 2
 118
 260
 434
 634
 888
 1060
 1162
 1254
 1350
 1418
 1400
 1394
 1398
 1330
 1238
 1140
 1058
 964
 846
 742
 632
 472
 322
 214
 86
 24
 -28
 -124
 -200
 -268
 -326
 -372
 -414
 -442
 -494
 -532
 -554
 -554
 -538
 -556
 -574
 -580
 -570
 -538
 -500
 -478
 -450
 -444
 -468
 -440
 -384
 -332
 -320
 -326
 -302
 -268
 -262
 -260
 -264
 -268
 -256
 -240
 -200
 -202
 -230
 -216
 -208
 -248
 -236
 -192
 -174
 -176
 -184
 -176
 -206
 -220
 -204
 -182
 -288
 -384
 -354
 -286
 -272
 -312
 -314
 -302
 -326
 -308
 -266
 -258
 -264
 -302
 -306
 -256
 -176
 -96
 24
 144
 258
 422
 616
 828
 1022
 1194
 1316
 1366
 1404
 1390
 1334
 1284
 1244
 1196
 1078
 934
 818
 726
 650
 536
 380
 240
 168
 92
 -8
 -136
 -242
 -294
 -320
 -352
 -410
 -474
 -504
 -508
 -506
 -532
 -576
 -590
 -592
 -608
 -566
 -492
 -466
 -464
 -466
 -436
 -410
 -372
 -344
 -328
 -320
 -366
 -370
 -288
 -224
 -184
 -216
 -220
 -178
 -134
 -104
 -118
 -160
 -198
 -190
 -214
 -234
 -238
 -220
 -188
 -168
 -180
 -186
 -186
 -254
 -306
 -314
 -268
 -244
 -218
 -214
 -250
 -290
 -296
 -310
 -284
 -212
 -146
 -68
 48
 192
 408
 626
 828
 1012
 1134
 1238
 1358
 1474
 1510
 1500
 1468
 1416
 1310
 1230
 1154
 1058
 928
 802
 720
 594
 454
 330
 220
 140
 48
 -82
 -172
 -220
 -256
 -318
 -406
 -494
 -554
 -536
 -514
 -520
 -544
 -560
 -540
 -564
 -576
 -550
 -522
 -496
 -486
 -472
 -466
 -406
 -346
 -354
 -350
 -322
 -276
 -250
 -278
 -252
 -224
 -230
 -204
 -198
 -202
 -196
 -196
 -186
 -184
 -176
 -118
 -134
 -194
 -224
 -258
 -260
 -244
 -254
 -244
 -252
 -266
 -246
 -240
 -254
 -288
 -320
 -350
 -358
 -334
 -254
 -208
 -146
 -40
 120
 262
 460
 654
 802
 1008
 1172
 1314
 1418
 1464
 1486
 1484
 1476
 1412
 1300
 1184
 1070
 944
 864
 780
 660
 522
 402
 280
 202
 114
 0
 -94
 -170
 -248
 -328
 -402
 -440
 -522
 -574
 -584
 -612
 -616
 -608
 -578
 -584
 -594
 -568
 -562
 -564
 -528
 -452
 -402
 -394
 -386
 -398
 -396
 -362
 -292
 -262
 -222
 -232
 -234
 -230
 -212
 -210
 -224
 -192
 -164
 -142
 -146
 -148
 -156
 -206
 -242
 -238
 -270
 -278
 -236
 -236
 -274
 -294
 -310
 -330
 -338
 -322
 -330
 -324
 -298
 -274
 -302
 -338
 -354
 -320
 -284
 -266
 -212
 -102
 50
 242
 398
 574
 766
 920
 1070
 1250
 1380
 1458
 1490
 1466
 1428
 1348
 1254
 1172
 1080
 970
 818
 696
 574
 416
 300
 220
 164
 84
 -16
 -120
 -226
 -314
 -342
 -410
 -450
 -494
 -516
 -546
 -590
 -602
 -600
 -610
 -578
 -582
 -568
 -518
 -488
 -474
 -474
 -432
 -378
 -390
 -354
 -342
 -350
 -310
 -304
 -306
 -268
 -216
 -202
 -228
 -206
 -164
 -150
 -178
 -208
 -204
 -182
 -176
 -178
 -170
 -194
 -220
 -238
 -234
 -232
 -248
 -238
 -212
 -242
 -294
 -310
 -316
 -312
 -302
 -302
 -330
 -314
 -246
 -176
 -98
 12
 170
 324
 500
 718
 890
 1026
 1148
 1252
 1332
 1388
 1424
 1358
 1290
 1232
 1176
 1068
 952
 856
 776
 678
 546
 400
 296
 206
 118
 10
 -128
 -234
 -296
 -360
 -420
 -466
 -484
 -502
 -536
 -572
 -590
 -594
 -606
 -608
 -568
 -568
 -566
 -520
 -466
 -478
 -444
 -394
 -364
 -328
 -318
 -304
 -304
 -314
 -284
 -226
 -226
 -234
 -206
 -208
 -238
 -228
 -194
 -184
 -194
 -198
 -168
 -158
 -190
 -244
 -230
 -212
 -216
 -218
 -224
 -256
 -288
 -278
 -232
 -256
 -288
 -326
 -328
 -314
 -322
 -330
 -332
 -332
 -294
 -212
 -116
 -28
 96
 266
 460
 690
 960
 1216
 1380
 1474
 1528
 1576
 1600
 1586
 1530
 1466
 1392
 1278
 1148
 984
 904
 852
 748
 592
 466
 346
 230
 80
 -60
 -120
 -194
 -264
 -342
 -416
 -440
 -432
 -462
 -552
 -574
 -528
 -532
 -578
 -612
 -610
 -598
 -558
 -516
 -458
 -430
 -416
 -402
 -388
 -358
 -358
 -360
 -290
 -266
 -300
 -276
 -248
 -232
 -238
 -232
 -238
 -208
 -170
 -160
 -164
 -192
 -216
 -224
 -258
 -294
 -290
 -264
 -274
 -296
 -332
 -338
 -312
 -304
 -286
 -294
 -348
 -362
 -356
 -328
 -302
 -314
 -340
 -360
 -338
 -358
 -374
 -360
 -358
 -338
 -286
 -200
 -98
 48
 220
 402
 578
 750
 942
 1150
 1310
 1374
 1390
 1438
 1450
 1448
 1414
 1326
 1190
 1058
 956
 888
 796
 644
 474
 364
 326
 250
 134
 6
 -122
 -222
 -260
 -284
 -332
 -424
 -496
 -494
 -476
 -506
 -568
 -582
 -578
 -566
 -552
 -538
 -520
 -530
 -542
 -508
 -472
 -454
 -428
 -406
 -384
 -316
 -270
 -264
 -274
 -256
 -230
 -228
 -240
 -234
 -202
 -206
 -220
 -204
 -198
 -208
 -214
 -216
 -210
 -214
 -242
 -254
 -244
 -262
 -296
 -318
 -298
 -268
 -254
 -268
 -302
 -312
 -294
 -320
 -364
 -370
 -310
 -296
 -326
 -312
 -296
 -286
 -256
 -238
 -198
 -88
 22
 130
 310
 522
 698
 798
 922
 1060
 1212
 1310
 1340
 1354
 1340
 1280
 1180
 1064
 974
 904
 800
 686
 564
 454
 352
 266
 154
 50
 -30
 -94
 -166
 -252
 -326
 -378
 -400
 -422
 -468
 -490
 -518
 -542
 -580
 -606
 -558
 -534
 -554
 -540
 -484
 -458
 -454
 -454
 -436
 -380
 -326
 -332
 -350
 -338
 -314
 -278
 -240
 -256
 -234
 -186
 -172
 -172
 -186
 -190
 -180
 -182
 -194
 -212
 -230
 -270
 -268
 -210
 -180
 -156
 -178
 -222
 -242
 -254
 -246
 -262
 -292
 -296
 -308
 -312
 -314
 -304
 -292
 -302
 -290
 -286
 -282
 -226
 -126
 -28
 86
 278
 482
 718
 942
 1108
 1234
 1342
 1428
 1472
 1486
 1478
 1448
 1368
 1280
 1210
 1134
 1004
 854
 726
 646
 572
 444
 318
 238
 142
 30
 -54
 -132
 -224
 -288
 -364
 -426
 -460
 -490
