96
197
300
401
500
593
684
777
870
965
1071
1173
1274
1372
1464
1558
1651
1742
1838
1937
2033
2134
2241
2338
2436
2539
2638
2737
2847
2954
3062
3178
3286
3391
3498
3611
3715
3826
3933
4035
4148
4261
4367
4475
4580
4685
4802
4914
5018
5130
5238
5343
5453
5557
5660
5764
5865
5966
6084
6192
6302
6411
6511
6620
6729
6828
6934
7047
7153
7264
7378
7482
7597
7705
7808
7916
8027
8139
8260
8372
8481
8594
8700
8815
8928
9036
9151
9265
9366
9471
9577
9678
9785
9894
10002
10119
10226
10332
10437
10535
10628
10727
10857
10969
11080
11191
11293
11397
11503
11606
11724
11838
11949
12063
12176
12281
12388
12489
12581
12676
12767
12856
12954
13059
13164
13270
13374
13469
13567
13668
13769
13873
14000
14112
14216
14320
14428
14532
14645
14757
14866
14979
15092
15189
15290
15399
15506
15612
15724
15834
15937
16032
16129
16234
16344
16457
16578
16691
16797
16906
17015
17116
17220
17324
17430
17538
17643
17747
17857
17968
18076
18187
18293
18390
18486
18602
18721
18830
18951
19066
19168
19273
19375
19475
19581
19685
19781
19871
19971
20073
20175
20282
20384
20489
20593
20698
20805
20902
20999
21106
21213
21318
21428
21532
21629
21732
21836
21936
22036
22130
22229
22332
22433
22538
22643
22738
22832
22931
23038
23141
23249
23352
23458
23563
23669
23779
23887
23993
24103
24208
24318
24429
24534
24644
24755
24866
24982
25095
25200
25315
25424
25529
25644
25759
25870
25987
26096
26195
26295
26406
