95
184
268
354
440
522
606
695
784
879
978
1074
1169
1263
1350
1437
1528
1622
1719
1816
1915
2016
2110
2207
2309
2406
2505
2606
2705
2804
2910
3019
3123
3229
3333
3427
3520
3615
3715
3813
3921
4033
4139
4246
4350
4446
4539
4635
4738
4843
4956
5067
5172
5279
5389
5491
5592
5701
5810
5913
6020
6125
6224
6329
6443
6554
6673
6789
6890
6996
7101
7203
7314
7430
7540
7660
7771
7871
7970
8076
8199
8309
8416
8525
8636
8746
8853
8976
9094
9203
9316
9427
9529
9634
9743
9848
9965
10082
10192
10305
10412
10515
10617
10719
10817
10921
11027
11129
11231
11334
11433
11532
11631
11724
11812
11899
11988
12079
12169
12268
12373
12475
12577
12676
12773
12863
12951
13049
13164
13271
13376
13486
13597
13696
13799
13903
14003
14107
14224
14333
14440
14551
14661
14769
14883
14995
15092
15192
15295
15405
15510
15623
15735
15843
15948
16051
16152
16259
16375
16485
16594
16710
16817
16917
17020
17128
17231
17337
17450
17555
17658
17763
17865
17966
18077
18184
18284
18390
18497
18597
18700
18805
18903
18998
19099
19199
19289
19385
19488
19582
19670
19759
19853
19948
20046
20146
20244
20348
20451
20551
20654
20761
20870
20971
21076
21193
21300
21414
21528
21634
21744
21850
21949
22055
22167
22272
22388
22498
22599
22702
22808
22909
23023
23137
23248
23367
23480
23584
23688
23791
23891
24017
24131
24249
24366
24472
24579
24688
24796
24910
25039
25151
25260
25375
25481
25582
25686
25797
25899
26009
26123
26231
26344
26462
26566
26667
26769
26868
26966
27073
27176
27277
27383
27492
27592
27700
27805
27906
28009
28118
28216
28317
28429
28540
28660
28776
28884
28991
29097
29195
29296
29408
29523
29634
29750
29850
29956
30048
30138
30236
30336
30445
30494
30544
30646
30749
30859
30967
31067
31170
31270
31371
31483
31603
31713
31827
31937
32041
32153
32263
32368
32485
32603
32701
32823
32933
33033
33135
33240
33336
33427
33519
33618
33740
33849
33951
34053
34148
34241
34338
34435
34551
34656
34759
34866
34972
35076
35179
35283
35385
35485
35578
