 3028
 2998
 2966
 2928
 2884
 2840
 2796
 2766
 2736
 2698
 2652
 2610
 2564
 2518
 2480
 2448
 2430
 2438
 2464
 2516
 2588
 2672
 2750
 2818
 2872
 2888
 2868
 2836
 2810
 2774
 2714
 2658
 2624
 2594
 2566
 2544
 2514
 2482
 2450
 2424
 2402
 2390
 2390
 2414
 2452
 2502
 2568
 2628
 2672
 2704
 2720
 2740
 2776
 2814
 2844
 2852
 2850
 2878
 2942
 3008
 3068
 3114
 3182
 3280
 3372
 3422
 3438
 3444
 3430
 3398
 3366
 3336
 3300
 3260
 3210
 3154
 3108
 3072
 3044
 3020
 2990
 2974
 2958
 2948
 2958
 2966
 2952
 2930
 2930
 2936
 2936
 2936
 2932
 2924
 2916
 2906
 2880
 2854
 2824
 2784
 2766
 2750
 2750
 2758
 2758
 2770
 2784
 2798
 2830
 2882
 2968
 3052
 3116
 3150
 3176
 3202
 3226
 3230
 3208
 3168
 3108
 3020
 2922
 2832
 2764
 2716
 2660
 2586
 2516
 2458
 2412
 2368
 2334
 2296
 2254
 2198
 2128
 2054
 1982
 1912
 1852
 1784
 1720
 1668
 1632
 1624
 1628
 1624
 1616
 1606
 1596
 1582
 1578
 1574
 1572
 1578
 1586
 1616
 1662
 1720
 1782
 1856
 1918
 1970
 2012
 2058
 2120
 2186
 2250
 2314
 2374
 2418
 2446
 2482
 2520
 2542
 2536
 2534
 2540
 2542
 2556
 2570
 2588
 2594
 2602
 2608
 2614
 2638
 2656
 2660
 2652
 2638
 2608
 2568
 2522
 2480
 2430
 2380
 2328
 2276
 2220
 2160
 2096
 2034
 1970
 1902
 1844
 1786
 1742
 1724
 1704
 1688
 1666
 1648
 1636
 1630
 1634
 1642
 1656
 1682
 1712
 1756
 1800
 1846
 1892
 1936
 1982
 2026
 2070
 2114
 2178
 2252
 2312
 2362
 2404
 2436
 2460
 2478
 2502
 2524
 2542
 2556
 2566
 2572
 2576
 2578
 2582
 2580
 2582
 2574
 2564
 2554
 2556
 2578
 2596
 2608
 2612
 2606
 2590
 2562
 2538
 2512
 2474
 2434
 2388
 2336
 2278
 2226
 2178
 2126
 2070
 2024
 1970
 1910
 1862
 1824
 1806
 1780
 1748
 1710
 1668
 1624
 1580
 1550
 1530
 1518
 1516
 1522
 1538
 1568
 1610
 1668
 1730
 1794
 1858
 1912
 1964
 2016
 2078
 2156
 2220
 2278
 2330
 2378
 2414
 2444
 2478
 2508
 2528
 2546
 2560
 2572
 2582
 2590
 2598
 2602
 2608
 2616
 2612
 2608
 2604
 2612
 2632
 2646
 2650
 2638
 2616
 2578
 2528
 2478
 2416
 2346
 2276
 2198
 2118
 2040
 1960
 1876
 1790
 1706
 1618
 1532
 1456
 1386
 1326
 1250
 1166
 1092
 1018
 938
 870
 820
 774
 734
 700
 666
 638
 612
 584
 560
 534
 506
 488
 490
 506
 544
 586
 628
 672
 718
 758
 796
 838
 880
 924
 968
 1014
 1062
 1110
 1154
 1198
 1232
 1260
 1288
 1320
 1370
 1422
 1466
 1508
 1548
 1576
 1600
 1622
 1652
 1682
 1720
 1762
 1814
 1870
 1930
 1986
 2040
 2086
 2126
 2166
 2222
 2286
 2340
 2384
 2426
 2460
 2482
 2506
 2526
 2542
 2550
 2554
 2548
 2524
 2486
 2432
 2370
 2310
 2236
 2162
 2094
 2036
 2000
 1956
 1906
 1852
 1798
 1742
 1682
 1630
 1580
 1528
 1472
 1414
 1358
 1306
 1260
 1226
 1204
 1198
 1202
 1214
 1238
 1278
 1340
 1430
 1524
 1610
 1690
 1768
 1836
 1904
 1978
 2048
 2106
 2158
 2208
 2252
 2290
 2326
 2358
 2386
 2418
 2444
 2470
 2490
 2508
 2520
 2534
 2566
 2600
 2628
 2652
 2672
 2688
 2696
 2708
 2718
 2726
 2732
 2736
 2738
 2738
 2738
 2734
 2732
 2730
 2728
 2726
 2720
 2704
 2682
 2648
 2608
 2564
 2530
 2516
 2494
 2464
 2424
 2378
 2326
 2268
 2210
 2158
 2100
 2042
 1984
 1926
 1868
 1816
 1764
 1714
 1670
 1632
 1610
 1600
 1600
 1604
 1618
 1642
 1680
 1750
 1816
 1880
 1940
 2002
 2054
 2100
 2144
 2186
 2222
 2256
 2284
 2310
 2336
 2358
 2380
 2400
 2418
 2436
 2454
 2470
 2488
 2500
 2510
 2516
 2528
 2562
 2594
 2624
 2646
 2664
 2680
 2688
 2696
 2706
 2712
 2714
 2718
 2716
 2712
 2706
 2690
 2668
 2638
 2600
 2554
 2506
 2450
 2378
 2306
 2236
 2178
 2126
 2064
 1994
 1922
 1848
 1774
 1696
 1628
 1558
 1486
 1416
 1350
 1292
 1248
 1224
 1214
 1220
 1240
 1276
 1318
 1364
 1418
 1484
 1566
 1656
 1736
 1808
 1874
 1934
 1986
 2034
 2088
 2138
 2186
 2226
 2262
 2292
 2322
 2352
 2378
 2406
 2434
 2458
 2484
 2498
 2508
 2520
 2550
 2592
 2624
 2654
 2678
 2700
 2716
 2728
 2740
 2752
 2758
 2766
 2772
 2772
 2774
 2774
 2774
 2774
 2772
 2762
 2750
 2724
 2688
 2644
 2610
 2592
 2562
 2522
 2474
 2420
 2362
 2298
 2236
 2174
 2108
 2036
 1958
 1876
 1796
 1718
 1636
 1558
 1484
 1414
 1346
 1276
 1218
 1182
 1170
 1186
 1212
 1242
 1268
 1294
 1324
 1352
 1390
 1428
 1474
 1524
 1572
 1628
 1690
 1758
 1838
 1934
 2018
 2078
 2118
 2166
 2208
 2256
 2322
 2378
 2426
 2466
 2502
 2528
 2544
 2562
 2582
 2596
 2604
 2612
 2616
 2622
 2626
 2632
 2636
 2640
 2648
 2646
 2644
 2646
 2664
 2698
 2724
 2746
 2764
 2778
 2788
 2790
 2796
 2800
 2796
 2798
 2792
 2784
 2776
 2760
 2740
 2716
 2688
 2656
 2624
 2580
 2536
 2496
 2472
 2458
 2432
 2402
 2364
 2326
 2282
 2230
 2184
 2136
 2086
 2038
 1990
 1944
 1902
 1858
 1816
 1778
 1746
 1720
 1704
 1696
 1706
 1732
 1790
 1852
 1910
 1972
 2030
 2086
 2134
 2180
 2232
 2272
 2310
 2346
 2374
 2402
 2430
 2452
 2472
 2492
 2510
 2528
 2542
 2548
 2554
 2568
 2606
 2648
 2680
 2708
 2728
 2746
 2758
 2764
 2774
 2782
 2784
 2786
 2786
 2782
 2782
 2778
 2774
 2768
 2760
 2752
 2742
 2716
 2684
 2650
 2628
 2622
 2602
 2574
 2534
 2490
 2442
 2386
 2334
 2284
 2222
 2160
 2098
 2032
 1970
 1908
 1844
 1780
 1716
 1650
 1590
 1522
 1468
 1434
 1422
 1436
 1456
 1484
 1520
 1566
 1626
 1688
 1762
 1834
 1900
 1964
 2024
 2076
 2128
 2174
 2226
 2272
 2316
 2358
 2386
 2414
 2442
 2488
 2552
 2602
 2648
 2684
 2714
 2742
 2758
 2776
 2796
 2806
 2816
 2824
 2830
 2834
 2840
 2844
 2848
 2852
 2858
 2856
 2854
 2852
 2866
 2902
 2928
 2950
 2966
 2974
 2972
 2958
 2942
 2918
 2882
 2840
 2792
 2740
 2686
 2632
 2574
 2520
 2462
 2406
 2342
 2276
 2220
 2174
 2152
 2126
 2090
 2044
 1992
 1934
 1870
 1812
 1758
 1704
 1660
 1630
 1614
 1614
 1630
 1654
 1690
 1732
 1782
 1828
 1882
 1942
 2024
 2118
 2196
 2266
 2332
 2392
 2440
 2480
 2522
 2558
 2588
 2616
 2636
 2654
 2672
 2690
 2708
 2724
 2742
 2752
 2760
 2764
 2784
 2830
 2874
 2910
 2940
 2964
 2982
 2984
 2990
 2996
 3000
 3000
 2998
 2992
 2988
 2982
 2974
 2964
 2950
 2934
 2906
 2872
 2832
 2810
 2802
 2776
 2742
 2694
 2638
 2578
 2512
 2446
 2376
 2302
 2222
 2142
 2062
 1982
 1904
 1826
 1746
 1668
 1596
 1510
 1434
 1372
 1322
 1302
 1280
 1266
 1258
 1264
 1282
 1306
 1350
 1404
 1468
 1538
 1614
 1692
 1774
 1854
 1938
 2018
 2090
 2160
 2214
 2264
 2312
 2382
 2464
 2534
 2594
 2646
 2690
 2726
 2754
 2786
 2814
 2834
 2854
 2870
 2878
 2888
 2896
 2902
 2906
 2908
 2910
 2910
 2906
 2898
 2910
 2942
 2968
 2992
 3006
 3014
 3012
 2998
 2976
 2948
 2902
 2854
 2798
 2738
 2674
 2612
 2546
 2478
 2408
 2336
 2258
 2176
 2102
 2036
 1990
 1946
 1892
 1830
 1762
 1686
 1608
 1530
 1458
 1382
 1302
 1226
 1154
 1094
 1054
 1032
 1032
 1050
 1086
 1128
 1182
 1252
 1336
 1450
 1572
 1690
 1800
 1902
 1996
 2076
 2150
 2230
 2300
 2362
 2418
 2468
 2518
 2564
 2604
 2642
 2672
 2702
 2720
 2734
 2742
 2760
 2806
 2844
 2876
 2902
 2924
 2942
 2952
 2960
 2966
 2962
 2942
 2910
 2866
 2814
 2758
 2696
 2630
 2566
 2498
 2420
 2342
 2268
 2212
 2170
 2116
 2054
 1984
 1912
 1836
 1752
 1676
 1598
 1514
 1430
 1346
 1264
 1184
 1104
 1028
 956
 900
 852
 820
 816
 832
 886
 952
 1018
 1088
 1160
 1240
 1316
 1406
 1506
 1604
 1706
 1800
 1890
 1972
 2054
 2132
 2206
 2274
 2334
 2384
 2434
 2482
 2548
 2624
 2686
 2740
 2782
 2822
 2850
 2876
 2896
 2916
 2930
 2942
 2950
 2948
 2944
 2940
 2938
 2936
 2930
 2924
 2908
 2882
 2848
 2826
 2816
 2788
 2748
 2698
 2644
 2582
 2514
 2454
 2392
 2322
 2250
 2174
 2094
 2008
 1924
 1840
 1758
 1678
 1596
 1504
 1410
 1324
 1252
 1198
 1144
 1086
 1030
 982
 948
 930
 936
 956
 982
 1014
 1050
 1086
 1122
 1166
 1226
 1302
 1390
 1482
 1566
 1652
 1736
 1836
 1954
 2054
 2142
 2220
 2290
 2348
 2398
 2450
 2506
 2552
 2596
 2632
 2664
 2694
 2722
 2748
 2770
 2788
 2810
 2824
 2832
 2838
 2848
 2884
 2920
 2944
 2952
 2942
 2912
 2866
 2816
 2760
 2698
 2630
 2558
 2478
 2400
 2318
 2234
 2154
 2072
 1990
 1912
 1838
 1754
 1670
 1602
 1540
 1502
 1462
 1412
 1360
 1308
 1268
 1246
 1240
 1254
 1278
 1314
 1360
 1416
 1482
 1554
 1634
 1716
 1796
 1882
 1960
 2032
 2098
 2166
 2256
 2350
 2434
 2510
 2574
 2630
 2676
 2718
 2760
 2798
 2830
 2854
 2876
 2894
 2910
 2922
 2932
 2934
 2936
 2938
 2930
 2920
 2904
 2896
 2892
 2868
 2832
 2786
 2736
 2678
 2614
 2554
 2492
 2418
 2342
 2262
 2180
 2100
 2020
 1940
 1860
 1780
 1696
 1608
 1530
 1466
 1422
 1376
 1324
 1266
 1210
 1162
 1128
 1112
 1114
 1128
 1150
 1182
 1220
 1264
 1322
 1392
 1460
 1532
 1598
 1670
 1746
 1842
 1964
 2072
 2166
 2250
 2324
 2388
 2442
 2496
 2550
 2598
 2638
 2674
 2704
 2732
 2760
 2788
 2808
 2828
 2838
 2846
 2850
 2866
 2904
 2940
 2964
 2984
 3002
 3010
 3016
 3018
 3026
 3026
 3022
 3008
 2980
 2944
 2902
 2852
 2802
 2744
 2682
 2608
 2534
 2466
 2410
 2376
 2334
 2288
 2232
 2170
 2104
 2032
 1962
 1894
 1822
 1744
 1670
 1596
 1526
 1464
 1410
 1366
 1342
 1332
 1330
 1342
 1364
 1412
 1490
 1574
 1656
 1738
 1818
 1890
 1960
 2038
 2114
 2186
 2258
 2324
 2386
 2444
 2494
 2546
 2592
 2634
 2672
 2694
 2716
 2736
 2774
 2826
 2868
 2906
 2928
 2948
 2964
 2974
 2990
 3000
 3004
 3008
 3004
 2992
 2968
 2934
 2896
 2854
 2806
 2754
 2698
 2630
 2568
 2514
 2484
 2452
 2412
 2362
 2310
 2252
 2192
 2130
 2074
 2014
 1950
 1888
 1824
 1760
 1700
 1644
 1590
 1548
 1522
 1512
 1510
 1518
 1542
 1578
 1648
 1738
 1826
 1908
 1988
 2064
 2132
 2200
 2272
 2338
 2398
 2456
 2510
 2554
 2598
 2636
 2672
 2702
 2730
 2756
 2774
 2790
 2802
 2820
 2858
 2896
 2924
 2942
 2958
 2974
 2982
 2988
 2998
 3006
 3012
 3018
 3018
 3016
 3012
 3006
 2994
 2972
 2942
 2910
 2866
 2814
 2760
 2712
 2682
 2646
 2604
 2556
 2502
 2448
 2386
 2326
 2268
 2204
 2138
 2072
 2002
 1934
 1870
 1804
 1736
 1668
 1602
 1542
 1480
 1438
 1418
 1424
 1462
 1504
 1554
 1606
 1666
 1724
 1778
 1838
 1902
 1966
 2034
 2098
 2158
 2220
 2280
 2338
 2392
 2442
 2490
 2530
 2562
 2590
 2620
 2676
 2730
 2774
 2812
 2842
 2868
 2890
 2906
 2922
 2934
 2944
 2944
 2944
 2942
 2942
 2940
 2938
 2936
 2934
 2932
 2920
 2902
 2878
 2862
 2860
 2846
 2828
 2800
 2766
 2728
 2684
 2642
 2600
 2554
 2506
 2450
 2396
 2342
 2288
 2236
 2184
 2128
 2070
 2014
 1946
 1886
 1838
 1806
 1784
 1762
 1738
 1726
 1724
 1734
 1752
 1780
 1818
 1864
 1914
 1970
 2030
 2092
 2152
 2212
 2268
 2320
 2374
 2418
 2458
 2500
 2558
 2624
 2678
 2726
 2764
 2802
 2832
 2858
 2882
 2904
 2916
 2924
 2928
 2932
 2934
 2934
 2936
 2936
 2938
 2942
 2940
 2936
 2932
 2944
 2974
 2994
 3006
 3010
 3002
 2988
 2962
 2930
 2890
 2846
 2798
 2746
 2694
 2642
 2588
 2536
 2486
 2432
 2382
 2320
 2258
 2202
 2152
 2124
 2090
 2048
 2000
 1946
 1888
 1824
 1760
 1696
 1630
 1568
 1510
 1470
 1448
 1448
 1460
 1488
 1522
 1566
 1612
 1660
 1718
 1786
 1878
 1972
 2058
 2138
 2214
 2282
 2346
 2406
 2468
 2520
 2570
 2614
 2650
 2686
 2716
 2742
 2768
 2788
 2808
 2818
 2826
 2834
 2850
 2886
 2922
 2950
 2966
 2980
 2992
 2998
 3000
 2998
 2982
 2956
 2922
 2876
 2824
 2772
 2716
 2658
 2602
 2538
 2480
 2408
 2340
 2278
 2226
 2186
 2136
 2078
 2008
 1936
 1860
 1786
 1716
 1652
 1588
 1532
 1488
 1458
 1448
 1452
 1468
 1496
 1532
 1580
 1632
 1688
 1754
 1828
 1928
 2028
 2118
 2200
 2274
 2340
 2402
 2462
 2520
 2570
 2614
 2654
 2686
 2718
 2746
 2772
 2796
 2820
 2840
 2858
 2866
 2876
 2886
 2916
 2954
 2988
 3008
 3022
 3034
 3040
 3044
 3052
 3058
 3062
 3066
 3068
 3066
 3064
 3060
 3056
 3050
 3036
 3016
 2988
 2948
 2906
 2862
 2832
 2810
 2782
 2746
 2706
 2664
 2620
 2568
 2518
 2470
 2416
 2364
 2310
 2254
 2200
 2144
 2084
 2022
 1956
 1892
 1818
 1744
 1686
 1642
 1626
 1620
 1626
 1640
 1662
 1692
 1722
 1762
 1810
 1864
 1922
 1986
 2048
 2112
 2174
 2238
 2302
 2360
 2412
 2456
 2496
 2536
 2584
 2650
 2706
 2754
 2794
 2828
 2858
 2880
 2900
 2920
 2936
 2948
 2958
 2962
 2966
 2972
 2978
 2978
 2978
 2978
 2970
 2962
 2958
 2970
 2986
 2990
 2984
 2970
 2946
 2914
 2878
 2840
 2792
 2732
 2670
 2604
 2542
 2480
 2420
 2362
 2302
 2242
 2176
 2106
 2046
 1996
 1964
 1932
 1896
 1854
 1812
 1770
 1732
 1706
 1698
 1698
 1710
 1726
 1756
 1790
 1834
 1884
 1938
 1994
 2052
 2100
 2152
 2202
 2272
 2358
 2434
 2498
 2554
 2604
 2648
 2682
 2718
 2748
 2776
 2800
 2820
 2836
 2850
 2864
 2878
 2888
 2896
 2904
 2898
 2892
 2890
 2906
 2936
 2960
 2982
 2996
 3010
 3020
 3020
 3022
 3018
 3006
 2988
 2960
 2926
 2888
 2850
 2806
 2758
 2708
 2658
 2608
 2550
 2496
 2450
 2420
 2396
 2366
 2332
 2292
 2250
 2206
 2160
 2116
 2072
 2026
 1982
 1942
 1916
 1906
 1906
 1916
 1934
 1956
 1984
 2018
 2050
 2088
 2138
 2212
 2292
 2362
 2424
 2478
 2530
 2574
 2612
 2650
 2686
 2714
 2738
 2758
 2774
 2792
 2806
 2818
 2832
 2844
 2854
 2866
 2870
 2870
 2870
 2880
 2912
 2940
 2964
 2982
 2990
 2996
 2996
 2994
 2988
 2968
 2944
 2914
 2878
 2842
 2802
 2762
 2718
 2676
 2630
 2588
 2538
 2486
 2438
 2396
 2372
 2350
 2322
 2286
 2246
 2204
 2158
 2110
 2066
 2020
 1974
 1934
 1902
 1884
 1880
 1886
 1904
 1924
 1952
 1982
 2008
 2042
 2086
 2150
 2228
 2304
 2372
 2430
 2486
 2532
 2570
 2610
 2648
 2676
 2706
 2732
 2750
 2772
 2790
 2804
 2822
 2834
 2848
 2852
 2856
 2862
 2878
 2916
 2946
 2974
 2988
 3000
 3010
 3016
 3020
 3024
 3024
 3018
 3006
 2986
 2958
 2926
 2894
 2858
 2820
 2782
 2740
 2690
 2642
 2596
 2562
 2544
 2518
 2488
 2450
 2408
 2366
 2318
 2274
 2228
 2176
 2126
 2074
 2022
 1974
 1932
 1894
 1868
 1850
 1848
 1850
 1858
 1878
 1906
 1960
 2026
 2088
 2148
 2208
 2262
 2310
 2356
 2406
 2450
 2494
 2532
 2568
 2600
 2630
 2658
 2686
 2712
 2736
 2758
 2768
 2782
 2794
 2820
 2864
 2898
 2928
 2950
 2970
 2984
 2996
 3006
 3016
 3022
 3028
 3030
 3026
 3022
 3018
 3016
 3014
 3010
 3006
 3004
 2992
 2978
 2958
 2940
 2942
 2936
 2922
 2902
 2876
 2846
 2812
 2774
 2740
 2700
 2658
 2612
 2566
 2516
 2468
 2418
 2366
 2310
 2254
 2196
 2128
 2064
 2012
 1974
 1948
 1920
 1886
 1856
 1832
 1818
 1814
 1826
 1844
 1870
 1904
 1940
 1982
 2028
 2080
 2134
 2186
 2234
 2280
 2320
 2360
 2402
 2466
 2536
 2594
 2646
 2688
 2728
 2762
 2790
 2820
 2846
 2864
 2882
 2896
 2906
 2916
 2924
 2934
 2940
 2944
 2946
 2944
 2936
 2924
 2932
 2958
 2980
 2998
 3012
 3022
 3032
 3038
 3044
 3050
 3052
 3054
 3052
 3050
 3040
 3030
 3012
 2992
 2966
 2934
 2902
 2858
 2814
 2766
 2726
 2700
 2672
 2636
 2594
 2552
 2506
 2458
 2408
 2360
 2308
 2252
 2196
 2134
 2078
 2022
 1968
 1910
 1856
 1798
 1746
 1692
 1654
 1638
 1644
 1678
 1714
 1752
 1792
 1840
 1892
 1948
 2008
 2072
 2132
 2192
 2250
 2304
 2356
 2404
 2454
 2500
 2542
 2578
 2610
 2636
 2658
 2680
 2704
 2750
 2792
 2828
 2858
 2882
 2906
 2918
 2926
 2936
 2946
 2952
 2958
 2958
 2958
 2960
 2958
 2956
 2950
 2946
 2942
 2932
 2918
 2892
 2860
 2824
 2794
 2780
 2758
 2734
 2700
 2664
 2626
 2584
 2538
 2494
 2446
 2392
 2338
 2280
 2220
 2162
 2104
 2042
 1978
 1920
 1862
 1804
 1750
 1688
 1632
 1588
 1564
 1562
 1570
 1584
 1604
 1636
 1672
 1712
 1760
 1818
 1878
 1940
 2002
 2060
 2120
 2176
 2228
 2280
 2330
 2378
 2424
 2470
 2504
 2536
 2564
 2602
 2660
 2708
 2750
 2782
 2816
 2844
 2866
 2886
 2904
 2914
 2920
 2926
 2930
 2934
 2934
 2934
 2934
 2932
 2932
 2930
 2924
 2918
 2898
 2874
 2842
 2818
 2808
 2792
 2770
 2740
 2706
 2668
 2622
 2576
 2532
 2482
 2434
 2380
 2324
 2272
 2216
 2160
 2102
 2042
 1986
 1930
 1874
 1818
 1766
 1730
 1712
 1722
 1744
 1770
 1806
 1850
 1898
 1946
 2000
 2062
 2122
 2180
 2236
 2290
 2342
 2392
 2442
 2484
 2528
 2568
 2604
 2634
 2658
 2678
 2704
 2748
 2792
 2826
 2856
 2880
 2900
 2916
 2928
 2940
 2946
 2946
 2948
 2948
 2946
 2944
 2942
 2938
 2936
 2936
 2930
 2920
 2900
 2874
 2846
 2828
 2812
 2788
 2760
 2724
 2684
 2644
 2600
 2556
 2512
 2466
 2416
 2364
 2310
 2256
 2198
 2142
 2084
 2024
 1966
 1908
 1842
 1782
 1730
 1690
 1664
 1634
 1610
 1594
 1588
 1594
 1606
 1630
 1660
 1694
 1740
 1788
 1842
 1896
 1956
 2014
 2072
 2130
 2188
 2242
 2290
 2336
 2380
 2442
 2504
 2560
 2612
 2656
 2698
 2732
 2760
 2790
 2816
 2836
 2854
 2872
 2884
 2896
 2908
 2916
 2916
 2918
 2920
 2924
 2922
 2918
 2910
 2912
 2932
 2940
 2940
 2932
 2914
 2888
 2856
 2818
 2778
 2734
 2686
 2638
 2588
 2538
 2486
 2432
 2374
 2318
 2258
 2200
 2142
 2086
 2030
 1966
 1908
 1860
 1822
 1800
 1774
 1756
 1742
 1742
 1752
 1766
 1792
 1826
 1864
 1908
 1958
 2010
 2064
 2118
 2178
 2234
 2290
 2344
 2394
 2444
 2486
 2520
 2552
 2586
 2642
 2692
 2732
 2764
 2792
 2816
 2834
 2848
 2862
 2870
 2876
 2880
 2880
 2880
 2880
 2868
 2854
 2834
 2810
 2782
 2752
 2720
 2678
 2636
 2592
 2554
 2530
 2500
 2464
 2420
 2368
 2322
 2268
 2216
 2170
 2120
 2072
 2022
 1974
 1928
 1886
 1850
 1822
 1802
 1796
 1798
 1808
 1828
 1852
 1878
 1916
 1960
 2018
 2098
 2168
 2236
 2300
 2358
 2412
 2458
 2510
 2558
 2598
 2634
 2666
 2694
 2722
 2746
 2766
 2784
 2804
 2822
 2836
 2848
 2860
 2872
 2874
 2878
 2880
 2902
 2930
 2948
 2964
 2976
 2984
 2986
 2980
 2972
 2956
 2930
 2892
 2850
 2804
 2758
 2714
 2668
 2622
 2572
 2522
 2472
 2420
 2368
 2310
 2250
 2192
 2140
 2102
 2066
 2020
 1970
 1914
 1856
 1798
 1732
 1674
 1610
 1544
 1478
 1410
 1348
 1298
 1256
 1214
 1172
 1132
 1092
 1050
 1002
 964
 948
 952
 978
 1008
 1042
 1084
 1140
 1208
 1276
 1346
 1420
 1490
 1558
 1620
 1682
 1750
 1810
 1868
 1922
 1970
 2020
 2070
 2114
 2158
 2200
 2256
 2320
 2374
 2420
 2462
 2502
 2538
 2572
 2606
 2640
 2668
 2694
 2718
 2738
 2756
 2770
 2786
 2800
 2812
 2824
 2830
 2834
 2834
 2844
 2872
 2898
 2910
 2924
 2934
 2946
 2950
 2948
 2936
 2912
 2874
 2824
 2764
 2698
 2628
 2560
 2490
 2420
 2350
 2278
 2204
 2120
 2040
 1968
 1904
 1852
 1792
 1726
 1654
 1586
 1520
 1462
 1420
 1396
 1388
 1398
 1418
 1434
 1436
 1422
 1402
 1384
 1384
 1402
 1430
 1458
 1486
 1518
 1560
 1610
 1650
 1680
 1700
 1710
 1712
 1706
 1698
 1698
 1698
 1708
 1722
 1742
 1770
 1806
 1848
 1890
 1936
 1978
 2018
 2058
 2106
 2176
 2242
 2300
 2350
 2396
 2438
 2480
 2520
 2562
 2600
 2636
 2668
 2696
 2724
 2748
 2770
 2792
 2812
 2824
 2832
 2836
 2848
 2880
 2908
 2932
 2948
 2958
 2966
 2970
 2974
 2978
 2980
 2980
 2980
 2978
 2976
 2970
 2968
 2962
 2960
 2958
 2948
 2936
 2926
 2922
 2938
 2952
 2960
 2962
 2956
 2944
 2922
 2896
 2868
 2834
 2794
 2754
 2710
 2670
 2628
 2586
 2546
 2502
 2462
 2420
 2380
 2338
 2290
 2244
 2206
 2180
 2160
 2136
 2104
 2072
 2042
 2016
 1998
 1992
 1996
 2004
 2020
 2036
 2056
 2082
 2110
 2140
 2170
 2206
 2240
 2280
 2316
 2346
 2378
 2416
 2474
 2532
 2580
 2622
 2656
 2690
 2718
 2740
 2766
 2786
 2804
 2822
 2838
 2850
 2862
 2872
 2884
 2896
 2902
 2912
 2918
 2914
 2912
 2910
 2928
 2956
 2976
 2992
 3004
 3014
 3022
 3024
 3028
 3034
 3032
 3034
 3030
 3022
 3016
 3008
 2994
 2972
 2946
 2918
 2892
 2858
 2820
 2784
 2752
 2736
 2718
 2694
 2662
 2624
 2588
 2546
 2504
 2460
 2412
 2362
 2310
 2258
 2210
 2162
 2114
 2068
 2020
 1972
 1930
 1888
 1856
 1844
 1844
 1870
 1904
 1940
 1976
 2014
 2054
 2094
 2138
 2188
 2236
 2286
 2334
 2374
 2420
 2462
 2500
 2538
 2572
 2604
 2636
 2658
 2678
 2696
 2732
 2778
 2814
 2848
 2872
 2898
 2918
 2932
 2946
 2960
 2964
 2966
 2968
 2968
 2968
 2968
 2964
 2964
 2964
 2962
 2962
 2958
 2952
 2948
 2954
 2976
 2994
 3010
 3022
 3030
 3032
 3028
 3028
 3030
 3026
 3020
 3012
 2998
 2978
 2956
 2930
 2898
 2862
 2824
 2786
 2742
 2692
 2640
 2592
 2556
 2532
 2500
 2464
 2424
 2382
 2338
 2294
 2252
 2206
 2160
 2112
 2060
 2010
 1964
 1922
 1886
 1862
 1850
 1850
 1860
 1872
 1894
 1922
 1966
 2034
 2104
 2168
 2226
 2282
 2332
 2380
 2430
 2474
 2516
 2552
 2586
 2614
 2642
 2668
 2690
 2714
 2734
 2756
 2772
 2790
 2802
 2812
 2818
 2828
 2862
 2892
 2920
 2942
 2958
 2974
 2980
 2984
 2988
 2992
 2994
 2996
 2992
 2990
 2988
 2984
 2976
 2972
 2966
 2962
 2958
 2950
 2934
 2920
 2902
 2896
 2896
 2890
 2878
 2858
 2836
 2808
 2780
 2750
 2716
 2678
 2640
 2598
 2558
 2520
 2482
 2442
 2400
 2358
 2316
 2270
 2226
 2180
 2130
 2072
 2020
 1978
 1948
 1926
 1896
 1866
 1844
 1830
 1826
 1830
 1846
 1866
 1890
 1920
 1954
 1992
 2042
 2092
 2140
 2190
 2238
 2288
 2338
 2378
 2414
 2446
 2482
 2538
 2592
 2634
 2674
 2708
 2738
 2762
 2784
 2806
 2826
 2846
 2860
 2870
 2878
 2884
 2888
 2892
 2896
 2898
 2896
 2894
 2896
 2894
 2890
 2884
 2884
 2904
 2924
 2940
 2952
 2962
 2966
 2966
 2962
 2952
 2936
 2914
 2890
 2860
 2828
 2796
 2762
 2726
 2686
 2650
 2612
 2574
 2534
 2484
 2440
 2400
 2370
 2348
 2318
 2282
 2244
 2204
 2164
 2116
 2072
 2028
 1986
 1946
 1916
 1900
 1896
 1902
 1916
 1938
 1964
 1998
 2032
 2068
 2110
 2160
 2226
 2302
 2366
 2422
 2476
 2528
 2568
 2604
 2640
 2676
 2706
 2730
 2752
 2772
 2788
 2808
 2822
 2836
 2848
 2858
 2866
 2868
 2870
 2870
 2894
 2924
 2944
 2964
 2976
 2982
 2986
 2986
 2986
 2986
 2978
 2970
 2964
 2960
 2958
 2952
 2948
 2940
 2934
 2924
 2908
 2886
 2858
 2826
 2798
 2782
 2770
 2746
 2718
 2684
 2650
 2612
 2568
 2526
 2480
 2430
 2382
 2332
 2282
 2234
 2186
 2136
 2084
 2032
 1978
 1928
 1872
 1816
 1772
 1738
 1722
 1722
 1728
 1740
 1760
 1788
 1818
 1854
 1902
 1948
 2000
 2054
 2104
 2158
 2210
 2260
 2308
 2354
 2396
 2436
 2476
 2506
 2532
 2556
 2584
 2634
 2678
 2714
 2746
 2772
 2796
 2818
 2834
 2848
 2860
 2870
 2878
 2884
 2888
 2892
 2890
 2884
 2882
 2880
 2878
 2878
 2876
 2868
 2856
 2850
 2852
 2858
 2858
 2850
 2834
 2820
 2800
 2774
 2744
 2714
 2680
 2646
 2608
 2570
 2530
 2490
 2446
 2400
 2354
 2308
 2260
 2214
 2158
 2100
 2050
 2008
 1982
 1952
 1918
 1878
 1838
 1802
 1772
 1752
 1748
 1750
 1766
 1786
 1814
 1848
 1892
 1940
 1988
 2036
 2088
 2138
 2184
 2228
 2272
 2318
 2390
 2464
 2524
 2574
 2622
 2662
 2696
 2724
 2752
 2778
 2800
 2816
 2830
 2842
 2854
 2864
 2870
 2876
 2884
 2890
 2892
 2892
 2888
 2884
 2884
 2902
 2924
 2944
 2958
 2968
 2976
 2982
 2984
 2986
 2984
 2974
 2960
 2938
 2914
 2886
 2850
 2814
 2776
 2738
 2702
 2666
 2626
 2582
 2534
 2490
 2452
 2428
 2404
 2372
 2330
 2286
 2240
 2194
 2144
 2096
 2048
 1994
 1942
 1888
 1836
 1792
 1758
 1738
 1730
 1732
 1746
 1768
 1798
 1828
 1870
 1920
 1994
 2076
 2150
 2216
 2282
 2344
 2394
 2440
 2488
 2532
 2568
 2604
 2636
 2664
 2694
 2722
 2744
 2766
 2786
 2804
 2822
 2834
 2842
 2848
 2856
 2884
 2912
 2936
 2956
 2966
 2974
 2978
 2984
 2992
 2994
 2996
 2996
 2994
 2992
 2988
 2982
 2974
 2962
 2950
 2932
 2912
 2890
 2860
 2824
 2784
 2750
 2736
 2718
 2696
 2668
 2634
 2600
 2562
 2520
 2482
 2438
 2388
 2336
 2284
 2232
 2180
 2126
 2070
 2016
 1962
 1906
 1856
 1806
 1756
 1722
 1706
 1712
 1740
 1772
 1810
 1852
 1892
 1934
 1976
 2026
 2074
 2124
 2174
 2222
 2276
 2330
 2380
 2428
 2474
 2518
 2560
 2598
 2632
 2656
 2680
 2702
 2740
 2786
 2826
 2860
 2888
 2912
 2932
 2946
 2952
 2962
 2964
 2968
 2972
 2970
 2968
 2966
 2966
 2962
 2960
 2956
 2954
 2950
 2940
 2926
 2910
 2896
 2896
 2884
 2862
 2834
 2802
 2770
 2732
 2696
 2658
 2616
 2570
 2524
 2476
 2430
 2382
 2334
 2284
 2234
 2182
 2132
 2076
 2018
 1966
 1922
 1890
 1866
 1836
 1806
 1782
 1768
 1764
 1770
 1790
 1816
 1848
 1884
 1924
 1966
 2014
 2062
 2112
 2160
 2214
 2264
 2306
 2348
 2390
 2446
 2512
 2570
 2618
 2660
 2700
 2732
 2758
 2784
 2808
 2828
 2846
 2858
 2868
 2878
 2888
 2896
 2904
 2912
 2918
 2916
 2912
 2906
 2906
 2924
 2946
 2966
 2982
 2994
 3006
 3012
 3016
 3022
 3028
 3028
 3020
 3010
 2992
 2972
 2948
 2920
 2890
 2856
 2822
 2788
 2752
 2716
 2680
 2642
 2604
 2558
 2514
 2472
 2438
 2416
 2388
 2352
 2310
 2268
 2222
 2170
 2118
 2070
 2016
 1962
 1910
 1866
 1830
 1814
 1810
 1812
 1826
 1844
 1870
 1900
 1934
 1972
 2008
 2044
 2084
 2140
 2214
 2288
 2352
 2410
 2462
 2512
 2552
 2588
 2626
 2658
 2688
 2716
 2740
 2758
 2782
 2800
 2816
 2830
 2844
 2856
 2870
 2882
 2894
 2902
 2902
 2902
 2902
 2920
 2944
 2964
 2982
 2994
 3004
 3012
 3010
 3012
 3012
 3008
 3002
 2988
 2966
 2942
 2916
 2884
 2852
 2816
 2778
 2744
 2708
 2672
 2634
 2588
 2540
 2496
 2458
 2436
 2410
 2376
 2336
 2296
 2252
 2206
 2160
 2114
 2064
 2012
 1962
 1918
 1884
 1866
 1862
 1870
 1886
 1908
 1934
 1966
 2000
 2032
 2070
 2110
 2166
 2242
 2310
 2372
 2432
 2488
 2538
 2578
 2616
 2658
 2690
 2718
 2744
 2764
 2784
 2804
 2820
 2834
 2848
 2862
 2874
 2886
 2894
 2898
 2896
 2902
 2930
 2952
 2976
 2990
 3000
 3012
 3018
 3024
 3028
 3030
 3030
 3030
 3026
 3018
 3006
 2988
 2964
 2942
 2910
 2878
 2844
 2810
 2766
 2726
 2690
 2662
 2646
 2618
 2590
 2552
 2512
 2470
 2422
 2374
 2326
 2272
 2212
 2150
 2082
 2020
 1960
 1906
 1852
 1812
 1782
 1770
 1770
 1778
 1796
 1830
 1878
 1946
 2008
 2068
 2124
 2178
 2230
 2276
 2332
 2386
 2436
 2484
 2524
 2566
 2604
 2640
 2672
 2702
 2734
 2758
 2784
 2802
 2816
 2828
 2846
 2884
 2920
 2948
 2964
 2976
 2990
 3000
 3006
 3012
 3020
 3022
 3026
 3026
 3024
 3020
 3018
 3014
 3012
 3008
 3006
 3006
 3004
 2998
 2988
 2982
 2984
 3000
 3004
 2998
 2982
 2962
 2940
 2912
 2880
 2848
 2810
 2770
 2728
 2684
 2640
 2594
 2548
 2496
 2446
 2394
 2342
 2292
 2240
 2178
 2122
 2076
 2040
 2012
 1974
 1936
 1896
 1858
 1832
 1818
 1820
 1832
 1854
 1884
 1916
 1952
 1992
 2034
 2078
 2126
 2180
 2230
 2288
 2338
 2386
 2428
 2472
 2536
 2602
 2658
 2708
 2750
 2788
 2818
 2844
 2870
 2892
 2908
 2922
 2930
 2936
 2942
 2948
 2952
 2952
 2954
 2954
 2954
 2954
 2948
 2940
 2938
 2954
 2976
 2986
 2992
 2992
 2986
 2974
 2952
 2928
 2900
 2866
 2832
 2794
 2756
 2718
 2680
 2640
 2600
 2560
 2518
 2476
 2432
 2382
 2336
 2296
 2268
 2250
 2222
 2190
 2156
 2122
 2090
 2064
 2054
 2052
 2056
 2070
 2088
 2112
 2146
 2182
 2224
 2266
 2308
 2352
 2396
 2436
 2474
 2510
 2550
 2608
 2666
 2716
 2762
 2800
 2834
 2862
 2888
 2910
 2930
 2944
 2956
 2960
 2960
 2964
 2966
 2966
 2964
 2964
 2962
 2962
 2958
 2950
 2944
 2940
 2950
 2968
 2976
 2978
 2972
 2960
 2944
 2914
 2886
 2852
 2818
 2780
 2740
 2696
 2654
 2610
 2562
 2516
 2468
 2420
 2370
 2324
 2274
 2218
 2170
 2126
 2094
 2068
 2036
 1998
 1954
 1912
 1870
 1826
 1788
 1756
 1734
 1728
 1732
 1746
 1770
 1804
 1836
 1872
 1910
 1952
 1992
 2040
 2086
 2132
 2190
 2266
 2342
 2408
 2466
 2516
 2562
 2602
 2638
 2676
 2706
 2732
 2758
 2778
 2796
 2812
 2826
 2842
 2856
 2866
 2876
 2888
 2886
 2882
 2880
 2882
 2904
 2926
 2942
 2958
 2968
 2978
 2978
 2976
 2976
 2976
 2970
 2962
 2944
 2924
 2904
 2880
 2852
 2816
 2784
 2748
 2714
 2674
 2628
 2584
 2544
 2518
 2494
 2460
 2424
 2380
 2332
 2284
 2232
 2180
 2128
 2074
 2018
 1964
 1908
 1856
 1806
 1760
 1720
 1696
 1686
 1692
 1706
 1722
 1750
 1786
 1848
 1924
 1996
 2064
 2128
 2190
 2250
 2304
 2362
 2412
 2458
 2502
 2540
 2574
 2608
 2636
 2666
 2694
 2718
 2740
 2762
 2778
 2790
 2798
 2810
 2840
 2874
 2900
 2922
 2940
 2960
 2968
 2974
 2980
 2986
 2990
 2988
 2984
 2978
 2976
 2970
 2964
 2958
 2952
 2950
 2946
 2942
 2936
 2922
 2902
 2882
 2870
 2868
 2858
 2840
 2816
 2792
 2762
 2728
 2694
 2658
 2618
 2576
 2534
 2488
 2440
 2394
 2344
 2294
 2244
 2194
 2146
 2100
 2052
 1996
 1942
 1892
 1856
 1840
 1832
 1828
 1830
 1842
 1860
 1884
 1910
 1946
 1984
 2026
 2070
 2118
 2172
 2226
 2280
 2332
 2384
 2432
 2480
 2524
 2568
 2600
 2630
 2654
 2682
 2732
 2774
 2808
 2838
 2864
 2886
 2902
 2914
 2924
 2934
 2938
 2942
 2938
 2934
 2930
 2926
 2922
 2918
 2912
 2910
 2906
 2904
 2898
 2890
 2884
 2884
 2896
 2898
 2892
 2876
 2858
 2834
 2804
 2774
 2742
 2706
 2668
 2628
 2584
 2540
 2496
 2450
 2402
 2354
 2304
 2256
 2208
 2158
 2100
 2046
 2000
 1966
 1942
 1912
 1876
 1836
 1796
 1760
 1726
 1706
 1702
 1704
 1720
 1740
 1770
 1802
 1838
 1878
 1916
 1954
 1994
 2038
 2078
 2120
 2164
 2218
 2290
 2362
 2426
 2482
 2532
 2578
 2618
 2654
 2692
 2722
 2748
 2772
 2792
 2808
 2824
 2838
 2850
 2862
 2872
 2880
 2888
 2886
 2882
 2876
 2878
 2902
 2922
 2938
 2952
 2958
 2962
 2956
 2944
 2928
 2906
 2880
 2842
 2804
 2762
 2724
 2682
 2642
 2602
 2560
 2522
 2482
 2438
 2390
 2338
 2290
 2252
 2226
 2200
 2166
 2126
 2084
 2038
 1990
 1942
 1896
 1848
 1804
 1768
 1744
 1734
 1738
 1752
 1772
 1800
 1832
 1874
 1922
 1966
 2016
 2072
 2142
 2222
 2294
 2354
 2410
 2462
 2512
 2552
 2594
 2630
 2660
 2690
 2712
 2732
 2750
 2766
 2782
 2796
 2808
 2818
 2828
 2834
 2836
 2842
 2848
 2876
 2906
 2930
 2950
 2964
 2978
 2980
 2980
 2984
 2986
 2988
 2984
 2982
 2978
 2972
 2964
 2946
 2922
 2898
 2872
 2848
 2814
 2776
 2736
 2702
 2682
 2668
 2646
 2620
 2584
 2548
 2510
 2468
 2424
 2376
 2324
 2270
 2218
 2162
 2108
 2054
 2000
 1946
 1890
 1834
 1782
 1728
 1684
 1658
 1650
 1670
 1698
 1732
 1766
 1808
 1850
 1894
 1944
 1996
 2048
 2100
 2158
 2212
 2264
 2316
 2362
 2406
 2452
 2490
 2526
 2558
 2582
 2604
 2624
 2662
 2708
 2746
 2778
 2804
 2830
 2850
 2866
 2882
 2898
 2908
 2916
 2916
 2914
 2914
 2914
 2912
 2910
 2910
 2908
 2908
 2910
 2904
 2896
 2888
 2884
 2894
 2892
 2884
 2870
 2850
 2826
 2796
 2762
 2728
 2694
 2656
 2616
 2574
 2534
 2494
 2454
 2412
 2368
 2326
 2282
 2236
 2194
 2144
 2094
 2052
 2020
 1998
 1974
 1946
 1914
 1886
 1866
 1850
 1850
 1860
 1874
 1898
 1926
 1954
 1988
 2022
 2064
 2106
 2150
 2196
 2248
 2294
 2334
 2374
 2416
 2476
 2542
 2596
 2644
 2686
 2722
 2756
 2782
 2808
 2830
 2850
 2866
 2878
 2888
 2898
 2906
 2906
 2906
 2906
 2906
 2908
 2902
 2898
 2892
 2892
 2910
 2932
 2948
 2960
 2968
 2970
 2964
 2952
 2938
 2920
 2896
 2868
 2836
 2802
 2768
 2732
 2696
 2658
 2620
 2578
 2538
 2492
 2440
 2390
 2348
 2318
 2294
 2260
 2222
 2178
 2134
 2090
 2044
 2006
 1968
 1934
 1916
 1906
 1908
 1924
 1946
 1972
 2000
 2030
 2064
 2094
 2126
 2160
 2202
 2264
 2330
 2392
 2442
 2490
 2534
 2570
 2604
 2640
 2672
 2698
 2722
 2742
 2762
 2780
 2794
 2808
 2822
 2834
 2844
 2850
 2854
 2856
 2858
 2874
 2904
 2928
 2946
 2958
 2972
 2982
 2988
 2988
 2988
 2986
 2984
 2982
 2978
 2974
 2968
 2962
 2952
 2938
 2924
 2908
 2888
 2868
 2838
 2804
 2770
 2742
 2730
 2718
 2696
 2668
 2634
 2602
 2564
 2524
 2486
 2444
 2396
 2346
 2296
 2246
 2196
 2146
 2092
 2038
 1984
 1930
 1884
 1838
 1796
 1774
 1768
 1790
 1830
 1870
 1912
 1960
 2006
 2052
 2096
 2146
 2192
 2236
 2278
 2318
 2356
 2396
 2434
 2474
 2512
 2548
 2582
 2614
 2642
 2662
 2680
 2700
 2740
 2782
 2816
 2844
 2868
 2886
 2900
 2912
 2922
 2930
 2934
 2938
 2940
 2938
 2938
 2938
 2934
 2930
 2926
 2926
 2926
 2920
 2916
 2908
 2900
 2892
 2892
 2908
 2922
 2928
 2928
 2920
 2906
 2886
 2860
 2834
 2802
 2764
 2726
 2684
 2640
 2596
 2554
 2510
 2462
 2416
 2368
 2324
 2272
 2218
 2170
 2132
 2104
 2082
 2054
 2020
 1986
 1952
 1920
 1890
 1878
 1874
 1880
 1896
 1914
 1938
 1966
 1996
 2026
 2054
 2082
 2118
 2154
 2186
 2224
 2266
 2326
 2392
 2450
 2500
 2544
 2588
 2622
 2652
 2682
 2706
 2726
 2746
 2760
 2772
 2786
 2798
 2810
 2820
 2828
 2836
 2840
 2842
 2842
 2844
 2862
 2890
 2912
 2932
 2944
 2958
 2962
 2960
 2964
 2966
 2966
 2964
 2958
 2948
 2936
 2920
 2898
 2874
 2848
 2822
 2794
 2762
 2722
 2684
 2648
 2624
 2610
 2586
 2558
 2522
 2486
 2444
 2402
 2362
 2318
 2272
 2222
 2172
 2122
 2070
 2022
 1970
 1918
 1864
 1808
 1760
 1712
 1668
 1642
 1638
 1656
 1696
 1734
 1774
 1814
 1860
 1904
 1954
 2010
 2066
 2118
 2174
 2228
 2274
 2320
 2364
 2408
 2450
 2492
 2530
 2566
 2598
 2622
 2642
 2664
 2700
 2748
 2786
 2820
 2846
 2868
 2886
 2898
 2910
 2922
 2930
 2934
 2938
 2938
 2936
 2936
 2930
 2924
 2914
 2902
 2886
 2868
 2838
 2806
 2770
 2740
 2724
 2706
 2682
 2654
 2622
 2588
 2548
 2506
 2462
 2412
 2362
 2306
 2250
 2194
 2136
 2080
 2024
 1966
 1910
 1854
 1802
 1750
 1696
 1650
 1624
 1618
 1638
 1664
 1698
 1734
 1776
 1822
 1864
 1908
 1958
 2006
 2056
 2104
 2152
 2200
 2252
 2302
 2350
 2394
 2438
 2480
 2520
 2552
 2580
 2606
 2640
 2692
 2738
 2776
 2806
 2834
 2856
 2876
 2888
 2902
 2904
 2908
 2908
 2910
 2910
 2908
 2910
 2908
 2910
 2908
 2908
 2906
 2908
 2902
 2896
 2884
 2876
 2882
 2882
 2876
 2862
 2840
 2816
 2786
 2754
 2722
 2688
 2652
 2610
 2568
 2528
 2484
 2440
 2392
 2342
 2292
 2240
 2188
 2136
 2074
 2016
 1966
 1926
 1904
 1884
 1864
 1852
 1848
 1854
 1860
 1876
 1902
 1930
 1964
 2004
 2048
 2098
 2150
 2200
 2250
 2298
 2348
 2394
 2442
 2486
 2518
 2550
 2580
 2624
 2680
 2724
 2766
 2798
 2826
 2850
 2868
 2886
 2904
 2912
 2922
 2922
 2920
 2920
 2918
 2916
 2914
 2910
 2908
 2906
 2906
 2898
 2888
 2876
 2870
 2876
 2876
 2872
 2860
 2842
 2822
 2794
 2760
 2728
 2690
 2652
 2612
 2566
 2522
 2476
 2430
 2382
 2332
 2282
 2232
 2184
 2134
 2076
 2024
 1978
 1944
 1922
 1894
 1860
 1822
 1784
 1750
 1718
 1698
 1692
 1696
 1712
 1732
 1762
 1794
 1830
 1868
 1906
 1946
 1986
 2036
 2086
 2138
 2188
 2250
 2328
 2396
 2456
 2504
 2548
 2584
 2616
 2650
 2686
 2716
 2742
 2764
 2784
 2800
 2814
 2828
 2840
 2850
 2860
 2866
 2872
 2874
 2872
 2866
 2870
 2894
 2916
 2932
 2946
 2958
 2968
 2970
 2972
 2974
 2970
 2960
 2940
 2912
 2884
 2854
 2820
 2782
 2748
 2708
 2670
 2634
 2598
 2562
 2518
 2474
 2432
 2398
 2376
 2348
 2316
 2274
 2226
 2182
 2130
 2082
 2034
 1984
 1930
 1878
 1830
 1792
 1768
 1754
 1752
 1762
 1776
 1800
 1826
 1862
 1894
 1932
 1980
 2036
 2114
 2190
 2260
 2326
 2384
 2440
 2484
 2526
 2566
 2604
 2634
 2664
 2688
 2710
 2732
 2752
 2766
 2778
 2790
 2800
 2812
 2822
 2834
 2840
 2844
 2846
 2858
 2890
 2914
 2932
 2948
 2958
 2970
 2970
 2966
 2962
 2954
 2942
 2922
 2896
 2870
 2842
 2810
 2774
 2738
 2700
 2660
 2622
 2586
 2546
 2508
 2458
 2410
 2368
 2336
 2314
 2284
 2248
 2208
 2166
 2120
 2070
 2022
 1972
 1922
 1872
 1826
 1786
 1762
 1752
 1754
 1764
 1784
 1810
 1836
 1868
 1902
 1930
 1970
 2012
 2076
 2158
 2230
 2296
 2358
 2416
 2464
 2506
 2550
 2590
 2624
 2656
 2682
 2706
 2730
 2750
 2770
 2788
 2802
 2818
 2828
 2840
 2850
 2854
 2856
 2860
 2880
 2910
 2930
 2952
 2964
 2980
 2990
 2990
 2990
 2994
 2992
 2994
 2992
 2988
 2986
 2982
 2976
 2970
 2960
 2950
 2938
 2924
 2906
 2884
 2854
 2820
 2788
 2768
 2752
 2728
 2698
 2660
 2622
 2584
 2538
 2494
 2446
 2394
 2344
 2290
 2236
 2180
 2124
 2066
 2006
 1944
 1880
 1818
 1754
 1684
 1624
 1572
 1534
 1508
 1474
 1448
 1432
 1430
 1440
 1456
 1484
 1514
 1550
 1586
 1620
 1656
 1694
 1738
 1782
 1826
 1870
 1916
 1958
 2002
 2052
 2112
 2192
 2264
 2330
 2388
 2444
 2496
 2538
 2580
 2618
 2652
 2682
 2708
 2728
 2748
 2766
 2780
 2796
 2808
 2820
 2826
 2832
 2834
 2844
 2870
 2896
 2916
 2934
 2946
 2956
 2964
 2968
 2974
 2976
 2972
 2968
 2956
 2938
 2918
 2892
 2864
 2834
 2796
 2756
 2718
 2680
 2632
 2588
 2544
 2510
 2488
 2460
 2426
 2386
 2344
 2298
 2252
 2202
 2154
 2100
 2042
 1982
 1922
 1866
 1812
 1768
 1734
 1714
 1708
 1716
 1732
 1762
 1796
 1828
 1868
 1912
 1972
 2046
 2112
 2172
 2226
 2278
 2324
 2364
 2406
 2444
 2476
 2506
 2536
 2562
 2590
 2616
 2642
 2668
 2690
 2712
 2734
 2756
 2778
 2798
 2806
 2814
 2822
 2840
 2874
 2902
 2926
 2936
 2946
 2956
 2962
 2968
 2972
 2974
 2976
 2976
 2976
 2968
 2962
 2956
 2948
 2942
 2936
 2930
 2924
 2916
 2904
 2890
 2868
 2840
 2810
 2782
 2768
 2758
 2742
 2718
 2688
 2658
 2624
 2584
 2544
 2502
 2454
 2410
 2360
 2310
 2260
 2212
 2160
 2110
 2060
 2010
 1964
 1920
 1880
 1848
 1818
 1802
 1804
 1824
 1866
 1912
 1956
 2000
 2046
 2090
 2128
 2174
 2218
 2258
 2298
 2332
 2368
 2404
 2440
 2474
 2508
 2540
 2568
 2596
 2624
 2650
 2676
 2696
 2710
 2724
 2738
 2776
 2814
 2846
 2870
 2890
 2904
 2912
 2918
 2926
 2932
 2934
 2938
 2938
 2936
 2938
 2934
 2932
 2928
 2926
 2926
 2922
 2922
 2922
 2918
 2910
 2900
 2892
 2894
 2904
 2906
 2902
 2888
 2872
 2852
 2824
 2794
 2760
 2724
 2686
 2644
 2602
 2560
 2516
 2468
 2416
 2368
 2318
 2270
 2222
 2176
 2128
 2076
 2034
 2000
 1980
 1970
 1958
 1950
 1950
 1960
 1978
 1998
 2024
 2052
 2082
 2116
 2148
 2180
 2214
 2248
 2278
 2312
 2342
 2376
 2410
 2446
 2478
 2506
 2530
 2560
 2610
 2660
 2704
 2740
 2768
 2798
 2820
 2836
 2854
 2868
 2878
 2890
 2896
 2900
 2904
 2902
 2898
 2898
 2896
 2896
 2894
 2894
 2888
 2882
 2878
 2886
 2910
 2928
 2944
 2956
 2964
 2972
 2974
 2976
 2978
 2976
 2974
 2970
 2966
 2962
 2950
 2940
 2930
 2916
 2904
 2888
 2872
 2850
 2822
 2796
 2774
 2766
 2756
 2736
 2712
 2684
 2654
 2620
 2584
 2548
 2508
 2464
 2420
 2374
 2326
 2280
 2232
 2182
 2132
 2082
 2032
 1988
 1938
 1898
 1874
 1866
 1884
 1908
 1940
 1976
 2012
 2052
 2090
 2126
 2168
 2200
 2232
 2258
 2286
 2314
 2346
 2376
 2408
 2438
 2468
 2498
 2528
 2556
 2578
 2598
 2620
 2656
 2706
 2748
 2780
 2806
 2832
 2852
 2866
 2880
 2886
 2890
 2892
 2894
 2896
 2894
 2894
 2892
 2888
 2886
 2884
 2882
 2882
 2880
 2882
 2878
 2878
 2874
 2868
 2858
 2844
 2842
 2852
 2850
 2846
 2836
 2822
 2806
 2782
 2754
 2728
 2696
 2662
 2628
 2594
 2558
 2524
 2488
 2450
 2412
 2372
 2332
 2294
 2256
 2220
 2184
 2144
 2100
 2068
 2046
 2038
 2036
 2038
 2042
 2054
 2072
 2090
 2110
 2136
 2160
 2194
 2230
 2266
 2304
 2342
 2378
 2418
 2454
 2488
 2522
 2556
 2588
 2620
 2646
 2664
 2680
 2700
 2738
 2780
 2816
 2846
 2870
 2890
 2906
 2918
 2922
 2926
 2926
 2928
 2926
 2922
 2918
 2914
 2912
 2910
 2906
 2904
 2902
 2900
 2896
 2882
 2870
 2852
 2828
 2804
 2784
 2780
 2774
 2760
 2740
 2714
 2688
 2656
 2618
 2584
 2544
 2502
 2460
 2414
 2364
 2318
 2268
 2216
 2164
 2112
 2062
 2010
 1964
 1914
 1860
 1814
 1782
 1762
 1758
 1758
 1766
 1782
 1808
 1836
 1864
 1894
 1928
 1960
 2000
 2044
 2090
 2138
 2188
 2238
 2286
 2332
 2380
 2424
 2466
 2500
 2530
 2556
 2594
 2650
 2696
 2738
 2772
 2800
 2828
 2846
 2862
 2878
 2888
 2898
 2904
 2906
 2906
 2906
 2904
 2906
 2898
 2892
 2888
 2886
 2880
 2872
 2864
 2860
 2876
 2892
 2900
 2904
 2898
 2890
 2870
 2846
 2820
 2794
 2762
 2732
 2700
 2664
 2626
 2586
 2546
 2502
 2460
 2414
 2372
 2328
 2282
 2226
 2174
 2130
 2096
 2074
 2044
 2010
 1970
 1930
 1890
 1848
 1814
 1782
 1758
 1746
 1746
 1758
 1780
 1806
 1834
 1862
 1892
 1926
 1964
 2004
 2046
 2090
 2136
 2202
 2284
 2352
 2416
 2472
 2524
 2572
 2608
 2644
 2676
 2702
 2728
 2750
 2768
 2782
 2798
 2810
 2820
 2830
 2838
 2846
 2854
 2864
 2864
 2864
 2860
 2868
 2898
 2922
 2942
 2956
 2960
 2956
 2948
 2934
 2916
 2894
 2864
 2832
 2796
 2754
 2714
 2674
 2632
 2588
 2544
 2502
 2462
 2418
 2374
 2326
 2270
 2218
 2172
 2138
 2112
 2082
 2042
 1998
 1952
 1906
 1858
 1814
 1778
 1744
 1726
 1720
 1726
 1744
 1770
 1798
 1830
 1864
 1902
 1948
 1998
 2056
 2108
 2160
 2208
 2264
 2348
 2426
 2494
 2550
 2600
 2646
 2684
 2714
 2742
 2766
 2788
 2806
 2822
 2832
 2846
 2856
 2864
 2870
 2874
 2880
 2880
 2880
 2882
 2880
 2880
 2874
 2878
 2902
 2926
 2946
 2960
 2968
 2976
 2980
 2978
 2970
 2958
 2938
 2918
 2890
 2858
 2824
 2790
 2752
 2712
 2672
 2634
 2594
 2556
 2518
 2480
 2434
 2386
 2342
 2308
 2286
 2258
 2222
 2178
 2130
 2084
 2032
 1980
 1932
 1882
 1840
 1804
 1784
 1780
 1792
 1816
 1846
 1878
 1912
 1946
 1982
 2012
 2044
 2078
 2126
 2196
 2266
 2328
 2386
 2438
 2492
 2536
 2576
 2616
 2648
 2680
 2708
 2730
 2752
 2770
 2788
 2808
 2820
 2834
 2846
 2860
 2870
 2872
 2874
 2876
 2890
 2924
 2948
 2970
 2986
 2992
 2996
 2996
 2996
 2994
 2988
 2978
 2966
 2946
 2924
 2898
 2868
 2836
 2804
 2770
 2736
 2698
 2660
 2614
 2562
 2514
 2472
 2448
 2422
 2392
 2354
 2310
 2266
 2220
 2170
 2124
 2074
 2020
 1964
 1910
 1860
 1816
 1780
 1756
 1746
 1750
 1766
 1792
 1822
 1850
 1884
 1922
 1976
 2054
 2126
 2192
 2252
 2314
 2368
 2416
 2470
 2520
 2564
 2606
 2642
 2674
 2706
 2734
 2758
 2780
 2802
 2818
 2838
 2854
 2870
 2880
 2886
 2886
 2890
 2916
 2940
 2962
 2978
 2992
 3004
 3012
 3016
 3020
 3024
 3024
 3022
 3018
 3012
 3002
 2988
 2966
 2942
 2916
 2888
 2860
 2824
 2788
 2748
 2698
 2648
 2604
 2570
 2550
 2522
 2486
 2444
 2400
 2352
 2298
 2246
 2194
 2136
 2074
 2010
 1942
 1880
 1818
 1754
 1692
 1628
 1570
 1524
 1496
 1482
 1484
 1502
 1534
 1584
 1656
 1724
 1788
 1848
 1906
 1962
 2012
 2070
 2130
 2186
 2240
 2292
 2340
 2388
 2436
 2478
 2520
 2560
 2600
 2634
 2668
 2692
 2714
 2732
 2760
 2808
 2850
 2886
 2912
 2938
 2958
 2972
 2982
 2992
 2998
 3002
 3004
 3002
 3000
 2996
 2994
 2990
 2984
 2980
 2976
 2974
 2974
 2960
 2946
 2926
 2914
 2918
 2920
 2914
 2900
 2880
 2858
 2828
 2792
 2756
 2718
 2676
 2632
 2588
 2542
 2494
 2446
 2396
 2344
 2292
 2238
 2186
 2134
 2078
 2018
 1962
 1914
 1878
 1854
 1826
 1796
 1770
 1756
 1756
 1766
 1788
 1818
 1850
 1884
 1918
 1954
 1990
 2032
 2074
 2116
 2160
 2208
 2256
 2306
 2348
 2388
 2426
 2472
 2540
 2602
 2656
 2700
 2742
 2780
 2808
 2830
 2854
 2874
 2892
 2904
 2912
 2922
 2928
 2932
 2936
 2938
 2940
 2940
 2938
 2936
 2932
 2926
 2916
 2924
 2946
 2958
 2968
 2966
 2958
 2946
 2924
 2902
 2874
 2842
 2808
 2770
 2728
 2688
 2650
 2608
 2566
 2522
 2480
 2434
 2390
 2338
 2284
 2234
 2188
 2158
 2132
 2096
 2054
 2010
 1966
 1920
 1874
 1836
 1800
 1778
 1766
 1766
 1778
 1800
 1828
 1860
 1892
 1924
 1960
 1998
 2032
 2070
 2116
 2178
 2256
 2324
 2384
 2446
 2504
 2554
 2594
 2636
 2672
 2706
 2734
 2758
 2778
 2798
 2816
 2832
 2846
 2860
 2872
 2882
 2890
 2894
 2894
 2888
 2904
 2932
 2956
 2974
 2988
 3000
 3010
 3016
 3022
 3028
 3028
 3026
 3024
 3014
 2998
 2980
 2958
 2936
 2910
 2882
 2850
 2818
 2776
 2732
 2688
 2654
 2636
 2614
 2584
 2548
 2508
 2468
 2420
 2372
 2324
 2272
 2216
 2160
 2100
 2042
 1986
 1930
 1876
 1826
 1788
 1764
 1756
 1756
 1766
 1788
 1822
 1880
 1946
 2006
 2060
 2112
 2162
 2208
 2252
 2302
 2348
 2392
 2434
 2474
 2512
 2552
 2590
 2626
 2658
 2690
 2720
 2748
 2776
 2792
 2808
 2818
 2834
 2874
 2912
 2940
 2962
 2982
 2998
 3008
 3016
 3024
 3028
 3032
 3032
 3028
 3026
 3022
 3016
 3012
 2998
 2986
 2978
 2972
 2966
 2960
 2956
 2942
 2926
 2902
 2882
 2884
 2880
 2868
 2850
 2822
 2790
 2754
 2716
 2676
 2636
 2588
 2538
 2486
 2434
 2380
 2324
 2266
 2206
 2146
 2086
 2026
 1970
 1910
 1852
 1788
 1714
 1648
 1592
 1550
 1530
 1510
 1498
 1496
 1510
 1536
 1562
 1598
 1634
 1676
 1726
 1774
 1820
 1870
 1920
 1970
 2022
 2074
 2124
 2176
 2226
 2278
 2318
 2358
 2392
 2436
 2504
 2564
 2616
 2660
 2698
 2734
 2762
 2784
 2808
 2828
 2844
 2858
 2866
 2872
 2880
 2884
 2890
 2896
 2902
 2906
 2908
 2912
 2914
 2910
 2906
 2902
 2914
 2940
 2956
 2966
 2964
 2958
 2948
 2928
 2902
 2872
 2836
 2800
 2764
 2726
 2686
 2646
 2602
 2556
 2508
 2464
 2416
 2370
 2318
 2258
 2206
 2162
 2134
 2110
 2076
 2038
 1994
 1950
 1904
 1862
 1832
 1810
 1802
 1804
 1816
 1832
 1858
 1888
 1918
 1952
 1990
 2038
 2084
 2130
 2186
 2244
 2320
 2400
 2466
 2528
 2582
 2632
 2672
 2708
 2744
 2772
 2798
 2820
 2836
 2854
 2870
 2884
 2894
 2906
 2912
 2920
 2922
 2922
 2918
 2918
 2938
 2964
 2982
 2994
 2996
 2992
 2978
 2960
 2940
 2908
 2872
 2834
 2796
 2756
 2714
 2672
 2628
 2584
 2540
 2494
 2450
 2398
 2344
 2292
 2250
 2224
 2198
 2164
 2124
 2082
 2036
 1988
 1942
 1900
 1856
 1816
 1786
 1766
 1764
 1774
 1796
 1820
 1848
 1878
 1912
 1952
 1996
 2038
 2084
 2138
 2206
 2292
 2370
 2438
 2498
 2558
 2608
 2648
 2688
 2724
 2754
 2782
 2806
 2828
 2850
 2868
 2884
 2898
 2910
 2918
 2928
 2936
 2946
 2954
 2958
 2960
 2958
 2954
 2952
 2966
 2992
 3010
 3026
 3036
 3038
 3032
 3022
 3006
 2990
 2964
 2936
 2900
 2864
 2824
 2782
 2738
 2692
 2646
 2600
 2554
 2508
 2462
 2416
 2366
 2318
 2262
 2202
 2146
 2096
 2062
 2030
 1990
 1944
 1898
 1852
 1810
 1772
 1750
 1740
 1744
 1756
 1774
 1798
 1826
 1860
 1896
 1934
 1976
 2020
 2072
 2130
 2186
 2244
 2300
 2346
 2392
 2436
 2498
 2568
 2624
 2676
 2716
 2754
 2784
 2808
 2832
 2854
 2872
 2886
 2900
 2906
 2914
 2922
 2928
 2932
 2936
 2938
 2942
 2948
 2948
 2950
 2952
 2948
 2942
 2928
 2924
 2930
 2928
 2922
 2906
 2888
 2866
 2834
 2802
 2768
 2730
 2690
 2648
 2600
 2554
 2504
 2454
 2402
 2350
 2298
 2246
 2192
 2138
 2084
 2028
 1964
 1902
 1852
 1812
 1790
 1764
 1736
 1712
 1698
 1700
 1704
 1718
 1740
 1762
 1794
 1830
 1870
 1916
 1968
 2026
 2084
 2142
 2202
 2258
 2314
 2370
 2416
 2456
 2494
 2534
 2594
 2656
 2706
 2750
 2786
 2820
 2846
 2864
 2882
 2898
 2908
 2918
 2924
 2928
 2932
 2932
 2934
 2934
 2936
 2936
 2936
 2938
 2938
 2934
 2916
 2890
 2866
 2858
 2852
 2834
 2812
 2782
 2750
 2716
 2674
 2638
 2598
 2554
 2508
 2462
 2414
 2366
 2318
 2262
 2206
 2152
 2100
 2046
 1992
 1934
 1876
 1826
 1786
 1762
 1748
 1732
 1728
 1732
 1748
 1768
 1794
 1826
 1858
 1894
 1938
 1984
 2034
 2086
 2138
 2192
 2246
 2298
 2350
 2404
 2454
 2498
 2536
 2576
 2636
 2694
 2740
 2780
 2814
 2842
 2870
 2888
 2908
 2922
 2934
 2940
 2940
 2940
 2942
 2942
 2934
 2930
 2928
 2928
 2930
 2926
 2922
 2916
 2918
 2938
 2956
 2968
 2970
 2964
 2956
 2932
 2902
 2874
 2840
 2804
 2764
 2720
 2676
 2634
 2590
 2548
 2502
 2460
 2416
 2372
 2326
 2272
 2222
 2174
 2136
 2110
 2080
 2040
 1992
 1946
 1900
 1854
 1810
 1776
 1750
 1738
 1736
 1740
 1756
 1780
 1810
 1846
 1884
 1928
 1982
 2034
 2086
 2138
 2196
 2272
 2356
 2426
 2490
 2546
 2596
 2640
 2674
 2708
 2738
 2762
 2782
 2802
 2816
 2830
 2842
 2852
 2860
 2870
 2878
 2886
 2882
 2878
 2872
 2872
 2892
 2908
 2922
 2926
 2920
 2912
 2894
 2868
 2844
 2810
 2772
 2734
 2690
 2646
 2602
 2558
 2510
 2464
 2418
 2370
 2324
 2266
 2212
 2162
 2120
 2090
 2050
 2004
 1946
 1884
 1818
 1746
 1680
 1622
 1566
 1524
 1500
 1490
 1498
 1514
 1540
 1572
 1604
 1640
 1680
 1712
 1752
 1800
 1866
 1950
 2028
 2100
 2166
 2230
 2292
 2344
 2408
 2466
 2516
 2564
 2604
 2640
 2676
 2708
 2736
 2762
 2786
 2808
 2824
 2836
 2844
 2856
 2888
 2920
 2948
 2970
 2980
 2994
 3002
 3006
 3012
 3016
 3016
 3016
 3012
 3004
 2990
 2968
 2944
 2920
 2890
 2858
 2822
 2778
 2732
 2688
 2658
 2638
 2610
 2576
 2534
 2492
 2448
 2398
 2350
 2300
 2242
 2180
 2116
 2054
 1994
 1936
 1880
 1826
 1774
 1726
 1690
 1664
 1650
 1650
 1666
 1696
 1746
 1794
 1840
 1886
 1928
 1972
 2010
 2054
 2098
 2142
 2184
 2220
 2256
 2294
 2332
 2372
 2414
 2452
 2492
 2528
 2566
 2596
 2620
 2642
 2670
 2718
 2762
 2800
 2834
 2862
 2888
 2910
 2924
 2942
 2952
 2962
 2968
 2970
 2974
 2972
 2968
 2958
 2936
 2910
 2874
 2834
 2790
 2738
 2674
 2610
 2546
 2494
 2448
 2394
 2336
 2274
 2214
 2152
 2086
 2026
 1968
 1906
 1846
 1788
 1734
 1682
 1636
 1592
 1552
 1520
 1502
 1502
 1510
 1526
 1552
 1590
 1646
 1708
 1762
 1810
 1856
 1902
 1940
 1980
 2028
 2070
 2110
 2150
 2188
 2228
 2268
 2310
 2350
 2392
 2434
 2476
 2512
 2542
 2566
 2596
 2642
 2696
 2740
 2776
 2808
 2840
 2864
 2884
 2902
 2920
 2934
 2944
 2952
 2958
 2964
 2966
 2966
 2968
 2970
 2968
 2968
 2960
 2950
 2936
 2926
 2924
 2916
 2902
 2884
 2860
 2832
 2798
 2762
 2726
 2688
 2646
 2604
 2560
 2518
 2474
 2428
 2380
 2330
 2280
 2228
 2176
 2118
 2068
 2024
 1992
 1968
 1936
 1902
 1868
 1840
 1822
 1816
 1828
 1846
 1874
 1906
 1940
 1978
 2018
 2062
 2102
 2142
 2176
 2216
 2252
 2288
 2328
 2368
 2432
 2500
 2558
 2612
 2656
 2698
 2734
 2764
 2796
 2820
 2842
 2860
 2876
 2888
 2898
 2908
 2916
 2920
 2926
 2930
 2934
 2930
 2926
 2924
 2938
 2964
 2978
 2988
 2996
 3002
 3002
 2998
 2992
 2982
 2970
 2952
 2928
 2902
 2872
 2840
 2804
 2764
 2726
 2686
 2646
 2602
 2556
 2510
 2472
 2448
 2428
 2398
 2362
 2318
 2274
 2226
 2176
 2130
 2084
 2036
 1990
 1952
 1924
 1914
 1916
 1928
 1948
 1970
 1998
 2026
 2052
 2082
 2118
 2174
 2240
 2298
 2356
 2406
 2454
 2498
 2540
 2584
 2628
 2664
 2698
 2730
 2758
 2784
 2806
 2828
 2848
 2868
 2886
 2896
 2902
 2908
 2912
 2938
 2964
 2986
 3004
 3016
 3026
 3032
 3038
 3044
 3046
 3046
 3046
 3044
 3042
 3036
 3032
 3024
 3012
 3000
 2988
 2972
 2950
 2928
 2904
 2884
 2874
 2858
 2836
 2806
 2774
 2740
 2700
 2660
 2622
 2578
 2536
 2490
 2442
 2396
 2350
 2302
 2252
 2202
 2154
 2106
 2058
 2016
 1988
 1980
 1994
 2022
 2052
 2082
 2114
 2148
 2180
 2212
 2252
 2290
 2328
 2370
 2408
 2448
 2488
 2526
 2562
 2602
 2638
 2670
 2702
 2724
 2744
 2762
 2794
 2840
 2878
 2910
 2934
 2954
 2970
 2980
 2990
 3000
 3006
 3008
 3008
 3008
 3008
 3008
 3000
 2994
 2986
 2980
 2974
 2968
 2958
 2948
 2942
 2954
 2966
 2968
 2964
 2956
 2944
 2924
 2898
 2874
 2844
 2812
 2774
 2736
 2698
 2660
 2622
 2582
 2542
 2502
 2460
 2416
 2366
 2316
 2274
 2240
 2220
 2192
 2158
 2118
 2080
 2042
 2010
 1992
 1984
 1986
 2000
 2020
 2044
 2076
 2108
 2142
 2174
 2204
 2234
 2264
 2290
 2324
 2362
 2424
 2490
 2550
 2604
 2652
 2694
 2732
 2762
 2794
 2822
 2846
 2866
 2880
 2888
 2898
 2906
 2912
 2920
 2922
 2930
 2928
 2926
 2922
 2924
 2944
 2968
 2986
 3000
 3010
 3018
 3020
 3022
 3022
 3016
 3004
 2988
 2968
 2944
 2914
 2884
 2850
 2818
 2782
 2748
 2706
 2660
 2616
 2576
 2554
 2532
 2502
 2464
 2422
 2376
 2326
 2276
 2228
 2174
 2118
 2060
 2002
 1946
 1894
 1838
 1800
 1770
 1754
 1754
 1758
 1772
 1798
 1830
 1886
 1950
 2008
 2060
 2108
 2152
 2190
 2228
 2272
 2312
 2352
 2398
 2438
 2478
 2518
 2554
 2590
 2624
 2656
 2688
 2714
 2736
 2756
 2776
 2814
 2856
 2892
 2922
 2944
 2966
 2980
 2988
 2994
 3000
 3000
 3000
 2996
 2992
 2990
 2990
 2990
 2986
 2982
 2980
 2978
 2978
 2976
 2966
 2956
 2944
 2940
 2944
 2940
 2930
 2914
 2896
 2874
 2844
 2816
 2784
 2748
 2710
 2670
 2624
 2582
 2538
 2490
 2444
 2394
 2344
 2292
 2244
 2190
 2132
 2080
 2040
 2010
 1990
 1964
 1940
 1922
 1916
 1914
 1922
 1942
 1966
 1994
 2024
 2058
 2094
 2134
 2180
 2226
 2272
 2320
 2366
 2416
 2454
 2490
 2524
 2562
 2622
 2680
 2726
 2768
 2802
 2834
 2858
 2878
 2900
 2916
 2924
 2928
 2932
 2934
 2938
 2940
 2940
 2940
 2936
 2932
 2924
 2910
 2890
 2872
 2862
 2864
 2854
 2840
 2818
 2792
 2764
 2730
 2696
 2662
 2624
 2588
 2546
 2502
 2458
 2414
 2368
 2320
 2270
 2216
 2164
 2104
 2044
 1992
 1952
 1920
 1892
 1854
 1816
 1780
 1750
 1732
 1734
 1748
 1772
 1806
 1842
 1880
 1920
 1964
 2004
 2044
 2082
 2122
 2162
 2202
 2248
 2298
 2368
 2440
 2504
 2562
 2612
 2656
 2692
 2720
 2754
 2782
 2804
 2824
 2840
 2856
 2872
 2888
 2900
 2910
 2912
 2914
 2910
 2906
 2902
 2910
 2936
 2958
 2976
 2990
 2998
 3004
 3008
 3010
 3010
 3000
 2984
 2966
 2942
 2914
 2886
 2850
 2814
 2776
 2736
 2698
 2654
 2608
 2564
 2528
 2510
 2488
 2460
 2422
 2378
 2336
 2288
 2240
 2194
 2144
 2092
 2040
 1990
 1944
 1914
 1892
 1882
 1888
 1900
 1924
 1946
 1968
 1992
 2026
 2080
 2146
 2204
 2260
 2312
 2364
 2410
 2456
 2504
 2548
 2588
 2628
 2662
 2692
 2720
 2746
 2770
 2792
 2812
 2830
 2844
 2852
 2858
 2862
 2882
 2912
 2934
 2950
 2962
 2974
 2982
 2984
 2990
 2994
 3000
 3002
 3002
 2998
 2996
 2994
 2990
 2980
 2970
 2954
 2940
 2920
 2900
 2872
 2842
 2812
 2786
 2778
 2766
 2748
 2724
 2696
 2666
 2632
 2596
 2560
 2522
 2480
 2438
 2394
 2350
 2308
 2264
 2222
 2178
 2134
 2090
 2048
 2006
 1958
 1910
 1878
 1852
 1846
 1844
 1852
 1870
 1898
 1930
 1962
 2000
 2040
 2078
 2118
 2150
 2182
 2212
 2244
 2278
 2310
 2346
 2380
 2422
 2456
 2490
 2520
 2554
 2608
 2664
 2710
 2750
 2786
 2818
 2846
 2868
 2890
 2906
 2914
 2922
 2926
 2930
 2934
 2936
 2934
 2936
 2936
 2936
 2936
 2936
 2928
 2922
 2918
 2928
 2944
 2950
 2952
 2942
 2928
 2908
 2882
 2854
 2824
 2788
 2750
 2710
 2666
 2624
 2582
 2538
 2492
 2442
 2394
 2350
 2302
 2244
 2194
 2150
 2118
 2094
 2064
 2028
 1990
 1952
 1918
 1890
 1878
 1874
 1880
 1892
 1902
 1912
 1922
 1932
 1942
 1944
 1934
 1922
 1910
 1894
 1890
 1896
 1920
 1962
 1994
 2022
 2048
 2072
 2088
 2094
 2096
 2098
 2094
 2094
 2090
 2088
 2090
 2094
 2106
 2118
 2138
 2152
 2168
 2188
 2220
 2276
 2330
 2378
 2422
 2460
 2496
 2528
 2558
 2592
 2624
 2652
 2682
 2708
 2730
 2752
 2770
 2778
 2774
 2752
 2720
 2680
 2642
 2606
 2556
 2502
 2446
 2390
 2338
 2290
 2256
 2224
 2192
 2166
 2144
 2130
 2134
 2148
 2166
 2182
 2192
 2202
 2216
 2244
 2278
 2302
 2316
 2326
 2334
 2336
 2346
 2364
 2386
 2412
 2430
 2438
 2448
 2464
 2480
 2500
 2510
 2518
 2524
 2546
 2594
 2638
 2672
 2700
 2728
 2752
 2772
 2792
 2818
 2834
 2850
 2864
 2874
 2886
 2896
 2900
 2898
 2892
 2886
 2886
 2908
 2934
 2954
 2966
 2970
 2960
 2936
 2906
 2866
 2820
 2766
 2706
 2648
 2584
 2522
 2462
 2400
 2336
 2264
 2196
 2140
 2104
 2070
 2028
 1978
 1924
 1868
 1810
 1756
 1708
 1664
 1622
 1592
 1576
 1582
 1604
 1638
 1674
 1716
 1756
 1786
 1824
 1866
 1930
 2008
 2078
 2140
 2196
 2246
 2288
 2326
 2368
 2410
 2448
 2486
 2518
 2552
 2582
 2614
 2642
 2672
 2700
 2728
 2752
 2766
 2782
 2800
 2836
 2884
 2922
 2952
 2974
 2998
 3012
 3026
 3038
 3050
 3060
 3066
 3070
 3072
 3070
 3070
 3068
 3064
 3060
 3054
 3052
 3050
 3048
 3036
 3022
 3010
 3016
 3032
 3038
 3038
 3028
 3010
 2988
 2958
 2928
 2896
 2858
 2820
 2778
 2734
 2690
 2644
 2598
 2556
 2510
 2464
 2414
 2366
 2312
 2252
 2198
 2154
 2124
 2092
 2054
 2006
 1956
 1906
 1854
 1812
 1776
 1746
 1734
 1736
 1748
 1774
 1806
 1844
 1882
 1918
 1950
 1988
 2018
 2052
 2094
 2144
 2220
 2294
 2362
 2424
 2478
 2528
 2568
 2606
 2646
 2682
 2716
 2746
 2770
 2796
 2816
 2836
 2856
 2872
 2888
 2902
 2908
 2912
 2916
 2940
 2974
 3004
 3028
 3038
 3050
 3058
 3064
 3070
 3076
 3076
 3078
 3078
 3074
 3072
 3066
 3062
 3056
 3052
 3040
 3020
 2994
 2970
 2962
 2954
 2934
 2908
 2874
 2834
 2790
 2740
 2692
 2642
 2590
 2534
 2474
 2414
 2352
 2292
 2230
 2166
 2102
 2026
 1954
 1894
 1846
 1812
 1774
 1728
 1676
 1626
 1582
 1542
 1524
 1522
 1536
 1564
 1602
 1654
 1718
 1786
 1848
 1900
 1944
 1980
 2018
 2062
 2120
 2188
 2250
 2304
 2352
 2398
 2438
 2476
 2522
 2566
 2606
 2644
 2676
 2704
 2732
 2758
 2782
 2806
 2824
 2836
 2842
 2850
 2876
 2914
 2944
 2970
 2990
 3000
 3008
 3014
 3020
 3028
 3030
 3032
 3032
 3032
 3030
 3028
 3022
 3018
 3012
 3010
 3000
 2988
 2974
 2962
 2964
 2974
 2970
 2962
 2942
 2916
 2880
 2842
 2802
 2758
 2708
 2658
 2602
 2544
 2482
 2422
 2358
 2290
 2222
 2154
 2082
 2016
 1942
 1870
 1808
 1758
 1724
 1688
 1644
 1596
 1550
 1506
 1468
 1448
 1448
 1458
 1480
 1506
 1540
 1580
 1626
 1678
 1732
 1782
 1830
 1882
 1926
 1974
