18
91
165
237
311
383
450
515
581
648
716
785
860
938
1020
1104
1178
1249
1323
1396
1467
1539
1614
1689
1760
1829
1898
1966
2036
2108
2187
2266
2343
2414
2488
2562
2639
2718
2798
2873
2948
3027
3109
3191
3274
3357
3442
3526
3613
3699
3786
3863
3935
4008
4076
4142
4207
4273
4336
4397
4457
4519
4582
4651
4726
4799
4869
4941
5016
5091
5163
5233
5306
5381
5458
5536
5609
5682
5756
5833
5911
5991
6066
6137
6206
6274
6341
6406
6472
6544
6620
6695
6771
6845
6919
6995
7069
7145
7219
7295
7372
7451
7530
7611
7690
7771
7849
7929
8010
8095
8182
8269
8357
8444
8529
8608
8681
8748
8813
8874
8933
8994
9062
9140
9223
9310
9397
9482
9566
9643
9712
9783
9845
9909
9971
10033
10093
10153
10212
10274
10345
10433
10514
10587
10659
10733
10807
10885
10966
11048
11129
11208
11285
11362
11436
11506
11581
11661
11744
11819
11893
11972
12053
12131
12205
12283
12363
12439
12512
12588
12668
12748
12825
12906
12994
13080
13163
13250
13335
13416
13500
13583
13664
13750
13838
13919
14004
14090
14167
14243
14318
14390
14459
14528
14605
14694
14780
14862
14950
15038
15115
15193
15274
15350
15424
15504
15587
15669
15751
15833
15914
15993
16072
16153
16228
16300
16371
16438
16501
16562
16623
16684
16746
16807
16868
16934
17003
17069
17135
17199
17267
17337
17406
17474
17539
17603
17665
17727
17790
17855
17922
17990
18061
18135
18207
18281
18355
18427
18502
18575
18649
18728
18812
18898
18985
19062
19131
19203
19278
19358
19431
19506
19585
19671
19755
19832
19913
19994
20073
20148
20225
20305
20385
20466
20546
20630
20712
20788
20866
20947
21027
21104
21184
21265
21343
21426
21510
21591
21672
21750
21822
21893
21962
22028
22094
22167
22242
22312
22385
22465
22549
22634
22722
22808
22889
22969
23048
23126
23205
23288
23374
23461
23548
23638
23726
23790
23875
23944
24013
24085
24156
24224
24296
24370
24441
24522
24607
24687
24768
24855
24943
25020
25102
25184
25262
25345
25429
25512
25594
25677
25760
25836
25913
25995
26079
26160
26242
26319
26398
26482
26567
26651
26736
26819
26900
26982
27063
27140
27213
27292
27372
27450
27530
27616
27705
27787
27873
27960
28041
28120
28201
28276
28350
28429
28509
28586
28668
28753
28834
28915
28998
29075
29154
29234
29312
29388
29468
29546
29624
29705
29787
29866
29948
30031
30109
30185
30262
30337
30407
30476
30547
30616
30682
30749
30823
30897
30967
31042
31121
31201
31277
31355
31436
31516
31597
31679
31758
31832
31908
31984
32058
32132
32208
32286
32364
32443
32522
32598
32675
32755
32837
32916
32997
33079
33158
33238
33315
33387
33457
33527
33597
33666
33736
33810
33890
33969
34043
34115
34184
34256
34328
34401
34474
34547
34618
34687
34753
34818
34884
34952
35024
35101
35180
35262
35345
35428
35509
35589
