95
186
284
378
475
579
702
814
911
1012
1114
1208
1303
1396
1520
1640
1737
1840
1947
2052
2147
2249
2354
2443
2529
2607
2687
2754
2816
2916
3011
3115
3215
3303
3390
3487
3588
3682
3793
3905
3998
4082
4173
4265
4355
4458
4570
4675
4782
4886
4974
5047
5120
5195
5268
5345
5470
5561
5669
5782
5894
6004
6112
6218
6315
6396
6474
6567
6667
6781
6906
7026
7139
7253
7362
7471
7581
7691
7793
7903
8023
8135
8239
8356
8470
8566
8661
8761
8860
8953
9056
9168
9268
9369
9463
9556
9641
9734
9845
9948
10037
10133
10247
10356
10460
10550
10641
10728
10813
10898
10987
11080
11177
11269
11362
11475
11589
11682
11785
11892
11984
12075
12165
12246
12324
12428
12525
12627
12729
12820
12902
12989
13075
13153
13228
13305
13415
13517
13606
13695
13794
13899
13990
14081
14176
14279
14375
14484
14595
14692
14797
14906
15009
15101
15197
15298
15390
15484
15579
15673
15766
15866
15977
16077
16178
16276
16363
16452
16534
16615
16745
16856
16958
17058
17157
17244
17334
17425
17518
17611
17718
17818
17908
18009
18119
18217
18319
18423
18527
18619
18726
18840
18932
19031
19137
19231
19343
19457
19558
19656
19757
19846
19931
20026
20130
20229
20319
20408
20502
20597
20704
20810
20910
21005
21114
21225
21322
21407
21489
21566
21647
21746
21845
21963
22079
22188
22287
22389
22487
22578
22674
22767
22865
22968
23059
23163
23260
23353
23440
23538
23650
23750
23855
23968
24082
24181
24275
24374
24473
24569
24687
24804
24904
25009
25116
25214
25303
25395
25488
25600
25705
25809
25912
26005
26108
26220
26327
26417
26492
26573
26663
26775
26890
26994
27101
27200
27285
27367
27444
27528
27655
27765
27878
27989
28101
28203
28311
28420
28528
28630
28718
28808
28889
28982
29100
29195
29300
29416
29525
29622
29723
29819
29912
30007
30111
30211
30306
30411
30517
30609
30706
30809
30907
30993
31081
31171
31267
31360
31460
31570
31670
31760
31851
31942
32041
32134
32237
32342
32435
32522
32614
32702
32787
32879
32972
33053
33136
33228
33327
33437
33546
33649
33740
33835
33930
34027
34124
34244
34365
34475
34576
34682
34792
34894
35001
35102
35194
35306
35407
35492
35583
35678
