31
113
188
264
340
413
483
551
619
688
754
818
882
950
1021
1092
1167
1247
1331
1410
1490
1572
1653
1733
1814
1890
1968
2050
2136
2218
2300
2384
2461
2532
2604
2682
2764
2846
2932
3021
3112
3199
3284
3364
3438
3515
3597
3678
3763
3852
3929
3999
4070
4138
4206
4277
4349
4420
4489
4561
4637
4710
4777
4842
4904
4966
5026
5086
5147
5211
5282
5361
5440
5511
5579
5652
5727
5803
5880
5953
6024
6097
6172
6247
6326
6402
6481
6562
6641
6715
6790
6865
6943
7020
7096
7178
7262
7342
7424
7507
7588
7668
7749
7826
7904
7987
8070
8148
8230
8313
8395
8468
8548
8626
8700
8775
8849
8920
8988
9054
9118
9181
9244
9306
9369
9433
9498
9562
9628
9701
9776
9850
9920
9990
10061
10132
10201
10270
10341
10414
10491
10564
10638
10713
10791
10863
10934
11009
11084
11158
11232
11309
11390
11469
11543
11620
11700
11778
11853
11932
12015
12095
12177
12261
12345
12430
12513
12588
12665
12745
12823
12903
12988
13071
13149
13231
13316
13399
13483
13566
13643
13724
13809
13891
13977
14068
14159
14247
14337
14420
14505
14592
14675
14761
14850
14934
15022
15113
15198
15282
15367
15451
15533
15619
15707
15789
15875
15960
16037
16111
16188
16269
16346
16425
16502
16573
16643
16714
16783
16851
16923
17000
17082
17166
17252
17332
17410
17489
17569
17644
17725
17807
17885
17966
18050
18134
18216
18301
18387
18467
18552
18636
18718
18802
18888
18971
19056
19139
19219
19302
19386
19467
19551
19638
19721
19805
19891
19975
20056
20140
20222
20297
20373
20455
20538
20611
20681
20746
20811
20875
20943
21015
21084
21152
21222
21294
21366
21434
21500
21564
21628
21692
21757
21825
21895
21964
22035
22108
22181
22258
22336
22413
22491
22568
22646
22725
22803
22882
22962
23038
23107
23181
23256
23335
23416
23490
23567
23647
23725
23800
23870
23940
24009
24079
24146
24213
24284
24356
24428
24507
24588
24675
24752
24829
24911
24987
25058
25132
25209
25292
25370
25454
25540
25624
25703
25783
25862
25939
26018
26101
26188
26277
26358
26442
26524
26599
26672
26748
26827
26903
26982
27061
27143
27219
27290
27369
27444
27516
27583
27647
27709
27770
27829
27889
27948
28010
28073
28138
28205
28270
28335
28399
28465
28536
28610
28689
28771
28851
28930
29005
29074
29141
29206
29271
29338
29410
29486
29565
29637
29711
29789
29869
29952
30036
30114
30193
30275
30359
30441
30519
30600
30683
30768
30848
30926
31008
31089
31168
31244
31324
31408
31492
31571
31654
31741
31827
31911
31992
32065
32136
32209
32286
32373
32460
32552
32653
32750
32838
32921
33001
33085
33170
33252
33334
33418
33505
33588
33671
33753
33831
33911
33994
34076
34157
34232
34308
34387
34458
34526
34595
34662
34731
34807
34889
34975
35056
35137
35220
35302
35382
35463
35544
