 2022
 2070
 2114
 2152
 2196
 2238
 2272
 2310
 2346
 2386
 2430
 2470
 2506
 2546
 2572
 2590
 2628
 2690
 2752
 2824
 2908
 2976
 3012
 3044
 3066
 3064
 3062
 3030
 2970
 2924
 2878
 2850
 2844
 2844
 2848
 2848
 2848
 2852
 2860
 2870
 2880
 2886
 2888
 2888
 2886
 2882
 2880
 2884
 2886
 2890
 2892
 2892
 2896
 2894
 2886
 2872
 2848
 2816
 2778
 2732
 2680
 2628
 2582
 2530
 2482
 2432
 2384
 2338
 2286
 2238
 2192
 2146
 2098
 2054
 2010
 1962
 1916
 1874
 1830
 1794
 1760
 1726
 1696
 1668
 1642
 1624
 1614
 1606
 1596
 1590
 1590
 1592
 1598
 1606
 1620
 1632
 1640
 1648
 1652
 1656
 1664
 1670
 1678
 1688
 1694
 1700
 1708
 1720
 1732
 1746
 1758
 1772
 1788
 1802
 1818
 1828
 1838
 1856
 1878
 1900
 1920
 1938
 1956
 1968
 1984
 1998
 2012
 2034
 2056
 2076
 2104
 2138
 2176
 2218
 2260
 2302
 2346
 2384
 2422
 2460
 2494
 2528
 2556
 2582
 2604
 2634
 2660
 2678
 2696
 2704
 2712
 2720
 2726
 2732
 2738
 2740
 2742
 2744
 2750
 2750
 2752
 2756
 2758
 2764
 2772
 2780
 2786
 2794
 2798
 2806
 2814
 2824
 2828
 2830
 2832
 2838
 2850
 2858
 2866
 2870
 2868
 2864
 2858
 2852
 2844
 2834
 2820
 2806
 2782
 2750
 2718
 2682
 2642
 2602
 2566
 2528
 2488
 2444
 2400
 2356
 2314
 2274
 2240
 2216
 2200
 2190
 2186
 2182
 2182
 2180
 2176
 2176
 2176
 2180
 2182
 2186
 2190
 2192
 2196
 2202
 2210
 2220
 2230
 2248
 2266
 2286
 2312
 2342
 2380
 2412
 2440
 2462
 2478
 2496
 2512
 2528
 2550
 2570
 2588
 2606
 2626
 2650
 2676
 2700
 2724
 2748
 2768
 2788
 2806
 2820
 2830
 2838
 2844
 2864
 2884
 2902
 2918
 2928
 2940
 2954
 2968
 2974
 2972
 2958
 2936
 2910
 2882
 2848
 2816
 2784
 2748
 2718
 2690
 2662
 2640
 2620
 2604
 2594
 2594
 2606
 2622
 2640
 2662
 2686
 2712
 2738
 2764
 2792
 2814
 2830
 2848
 2860
 2872
 2880
 2882
 2878
 2876
 2888
 2910
 2934
 2964
 2976
 2968
 2930
 2868
 2794
 2706
 2620
 2540
 2462
 2392
 2324
 2256
 2192
 2132
 2078
 2026
 1978
 1936
 1894
 1854
 1822
 1802
 1786
 1770
 1756
 1742
 1722
 1700
 1680
 1664
 1654
 1654
 1652
 1656
 1666
 1680
 1700
 1726
 1752
 1782
 1816
 1860
 1910
 1962
 2014
 2058
 2102
 2134
 2174
 2218
 2256
 2294
 2326
 2356
 2388
 2414
 2442
 2472
 2498
 2524
 2548
 2570
 2588
 2608
 2628
 2648
 2668
 2684
 2702
 2718
 2732
 2748
 2764
 2778
 2794
 2808
 2818
 2828
 2840
 2858
 2882
 2902
 2918
 2928
 2938
 2942
 2940
 2940
 2944
 2944
 2938
 2928
 2908
 2884
 2854
 2816
 2774
 2726
 2672
 2620
 2568
 2514
 2462
 2410
 2360
 2308
 2252
 2202
 2154
 2110
 2062
 2012
 1960
 1908
 1864
 1822
 1780
 1748
 1714
 1678
 1642
 1604
 1564
 1528
 1492
 1460
 1434
 1418
 1412
 1422
 1444
 1474
 1504
 1538
 1578
 1620
 1676
 1740
 1810
 1876
 1936
 2002
 2066
 2128
 2188
 2244
 2294
 2338
 2378
 2414
 2450
 2484
 2516
 2546
 2576
 2604
 2626
 2646
 2666
 2698
 2738
 2770
 2802
 2826
 2846
 2866
 2880
 2894
 2912
 2926
 2934
 2940
 2946
 2950
 2958
 2964
 2968
 2972
 2974
 2978
 2980
 2980
 2974
 2966
 2948
 2926
 2902
 2868
 2826
 2782
 2732
 2688
 2638
 2592
 2550
 2506
 2458
 2412
 2362
 2314
 2268
 2224
 2182
 2138
 2094
 2050
 2002
 1960
 1912
 1866
 1828
 1794
 1762
 1730
 1698
 1666
 1640
 1618
 1602
 1592
 1594
 1602
 1620
 1642
 1666
 1690
 1714
 1740
 1778
 1826
 1884
 1946
 1998
 2046
 2088
 2134
 2190
 2244
 2290
 2330
 2366
 2402
 2434
 2466
 2498
 2530
 2564
 2594
 2622
 2652
 2678
 2708
 2736
 2762
 2790
 2814
 2840
 2862
 2876
 2888
 2896
 2908
 2926
 2938
 2950
 2958
 2962
 2966
 2964
 2960
 2952
 2934
 2912
 2884
 2852
 2820
 2780
 2742
 2704
 2666
 2626
 2586
 2542
 2498
 2448
 2396
 2348
 2302
 2258
 2208
 2156
 2104
 2050
 1994
 1932
 1872
 1816
 1764
 1720
 1678
 1640
 1606
 1586
 1572
 1568
 1568
 1576
 1588
 1608
 1636
 1672
 1702
 1730
 1750
 1766
 1788
 1810
 1826
 1836
 1826
 1802
 1776
 1758
 1746
 1744
 1752
 1768
 1782
 1788
 1796
 1804
 1818
 1832
 1844
 1856
 1878
 1912
 1958
 2006
 2058
 2114
 2166
 2220
 2266
 2310
 2356
 2402
 2442
 2476
 2508
 2538
 2580
 2622
 2658
 2690
 2718
 2744
 2768
 2788
 2812
 2838
 2860
 2880
 2898
 2912
 2922
 2930
 2938
 2942
 2942
 2942
 2950
 2962
 2974
 2984
 2990
 2994
 3000
 3004
 3012
 3020
 3020
 3020
 3020
 3018
 3016
 3016
 3014
 3014
 3010
 3010
 3010
 3008
 3006
 3004
 3006
 3002
 3000
 2996
 2980
 2952
 2910
 2864
 2826
 2778
 2724
 2664
 2598
 2536
 2472
 2408
 2350
 2288
 2224
 2162
 2102
 2042
 1988
 1934
 1884
 1834
 1788
 1740
 1694
 1652
 1606
 1572
 1542
 1516
 1496
 1478
 1464
 1456
 1454
 1460
 1472
 1504
 1542
 1592
 1650
 1710
 1768
 1830
 1886
 1948
 2006
 2060
 2114
 2162
 2202
 2242
 2284
 2336
 2392
 2442
 2484
 2522
 2554
 2584
 2610
 2640
 2666
 2690
 2708
 2720
 2732
 2746
 2762
 2782
 2810
 2838
 2862
 2882
 2902
 2918
 2928
 2932
 2938
 2954
 2972
 2984
 2996
 3000
 3006
 3012
 3014
 3016
 3014
 3004
 2984
 2954
 2914
 2872
 2826
 2776
 2726
 2672
 2614
 2554
 2494
 2440
 2386
 2330
 2276
 2224
 2164
 2104
 2044
 1986
 1932
 1882
 1844
 1802
 1766
 1728
 1692
 1656
 1626
 1598
 1572
 1552
 1534
 1520
 1516
 1516
 1530
 1552
 1578
 1612
 1646
 1684
 1722
 1762
 1808
 1854
 1902
 1952
 1998
 2046
 2092
 2140
 2190
 2234
 2272
 2306
 2342
 2384
 2434
 2482
 2524
 2564
 2602
 2640
 2670
 2702
 2738
 2770
 2796
 2816
 2832
 2852
 2874
 2892
 2912
 2930
 2942
 2948
 2950
 2952
 2950
 2948
 2956
 2962
 2956
 2942
 2914
 2882
 2848
 2808
 2774
 2736
 2692
 2650
 2602
 2554
 2510
 2468
 2422
 2374
 2330
 2286
 2244
 2198
 2144
 2090
 2042
 2000
 1960
 1918
 1870
 1818
 1772
 1738
 1714
 1702
 1690
 1692
 1712
 1744
 1780
 1808
 1838
 1880
 1930
 1988
 2052
 2108
 2160
 2204
 2246
 2304
 2358
 2390
 2414
 2440
 2470
 2492
 2506
 2518
 2526
 2528
 2534
 2538
 2540
 2542
 2546
 2558
 2580
 2612
 2642
 2676
 2704
 2738
 2772
 2798
 2822
 2838
 2864
 2898
 2924
 2946
 2960
 2970
 2980
 2988
 2994
 3002
 3008
 3012
 3016
 3016
 3012
 3008
 2998
 2986
 2962
 2928
 2888
 2846
 2800
 2754
 2698
 2644
 2590
 2538
 2490
 2442
 2390
 2336
 2284
 2236
 2184
 2134
 2086
 2034
 1978
 1922
 1868
 1814
 1760
 1714
 1670
 1632
 1600
 1570
 1544
 1528
 1518
 1516
 1518
 1528
 1544
 1568
 1600
 1640
 1680
 1726
 1776
 1824
 1874
 1918
 1968
 2018
 2068
 2120
 2172
 2226
 2276
 2322
 2372
 2430
 2486
 2532
 2574
 2616
 2654
 2684
 2716
 2748
 2776
 2802
 2826
 2848
 2868
 2888
 2906
 2920
 2936
 2948
 2956
 2960
 2960
 2968
 2980
 2990
 2996
 2998
 2998
 2996
 2990
 2982
 2964
 2938
 2906
 2868
 2824
 2776
 2728
 2682
 2634
 2586
 2540
 2490
 2442
 2396
 2356
 2312
 2266
 2220
 2170
 2126
 2088
 2044
 1998
 1950
 1900
 1856
 1814
 1780
 1752
 1736
 1728
 1722
 1726
 1738
 1754
 1784
 1822
 1872
 1930
 1988
 2044
 2100
 2156
 2210
 2256
 2310
 2358
 2404
 2448
 2490
 2532
 2570
 2610
 2644
 2678
 2712
 2746
 2774
 2804
 2828
 2848
 2864
 2880
 2910
 2932
 2948
 2962
 2970
 2980
 2986
 2990
 2996
 3002
 3004
 3006
 3002
 2996
 2984
 2964
 2940
 2908
 2872
 2832
 2790
 2748
 2696
 2652
 2600
 2548
 2502
 2456
 2414
 2370
 2324
 2276
 2226
 2178
 2130
 2080
 2036
 1986
 1936
 1888
 1836
 1790
 1748
 1708
 1676
 1650
 1630
 1622
 1618
 1624
 1636
 1658
 1688
 1726
 1778
 1834
 1892
 1948
 2002
 2058
 2108
 2156
 2208
 2258
 2304
 2352
 2398
 2444
 2486
 2528
 2568
 2606
 2644
 2678
 2712
 2742
 2770
 2796
 2816
 2832
 2852
 2886
 2906
 2930
 2948
 2960
 2970
 2974
 2978
 2984
 2990
 2992
 2990
 2988
 2982
 2982
 2978
 2970
 2970
 2970
 2978
 2982
 2984
 2976
 2972
 2970
 2976
 2990
 3006
 3018
 3022
 3018
 3000
 2964
 2914
 2840
 2732
 2598
 2442
 2260
 2060
 1840
 1606
 1350
 1070
 762
 444
 128
 0
 0
 0
 0
 0
 0
 0
 0
 0
 0
 0
 0
 0
 0
 0
 0
 0
 0
 0
 0
 0
 0
 0
 0
 0
 0
 0
 0
 0
 0
 0
 74
 172
 280
 392
 512
 640
 778
 932
 1086
 1236
 1374
 1500
 1612
 1718
 1830
 1948
 2070
 2192
 2304
 2398
 2480
 2542
 2586
 2626
 2654
 2686
 2714
 2734
 2748
 2760
 2766
 2772
 2780
 2792
 2804
 2812
 2824
 2838
 2850
 2862
 2866
 2868
 2870
 2876
 2882
 2884
 2882
 2872
 2848
 2818
 2788
 2766
 2756
 2754
 2758
 2766
 2774
 2786
 2802
 2814
 2826
 2836
 2852
 2880
 2908
 2930
 2946
 2952
 2954
 2950
 2948
 2946
 2944
 2940
 2934
 2926
 2908
 2876
 2836
 2802
 2778
 2760
 2752
 2750
 2752
 2754
 2756
 2760
 2766
 2772
 2778
 2778
 2784
 2800
 2838
 2878
 2916
 2948
 2972
 2994
 3014
 3032
 3052
 3068
 3082
 3096
 3108
 3116
 3120
 3126
 3132
 3136
 3144
 3144
 3144
 3144
 3146
 3154
 3160
 3168
 3170
 3174
 3176
 3174
 3176
 3180
 3184
 3182
 3180
 3174
 3174
 3174
 3174
 3172
 3172
 3172
 3170
 3168
 3166
 3164
 3158
 3154
 3146
 3144
 3146
 3148
 3150
 3150
 3148
 3148
 3148
 3150
 3154
 3154
 3154
 3152
 3152
 3148
 3146
 3142
 3140
 3138
 3134
 3130
 3128
 3126
 3122
 3120
 3114
 3108
 3102
 3102
 3106
 3104
 3106
 3104
 3102
 3102
 3098
 3100
 3104
 3104
 3102
 3100
 3098
 3096
 3096
 3092
 3088
 3082
 3078
 3074
 3072
 3066
 3064
 3060
 3054
 3048
 3042
 3040
 3046
 3050
 3052
 3048
 3046
 3046
 3044
 3046
 3048
 3048
 3046
 3042
 3040
 3036
 3034
 3032
 3030
 3028
 3020
 3018
 3014
 3010
 3006
 3000
 2994
 2988
 2984
 2988
 2988
 2988
 2988
 2986
 2984
 2982
 2984
 2986
 2986
 2986
 2984
 2982
 2982
 2982
 2980
 2974
 2972
 2968
 2966
 2962
 2958
 2956
 2952
 2946
 2938
 2932
 2934
 2936
 2938
 2938
 2936
 2934
 2936
 2936
 2938
 2940
 2940
 2938
 2938
 2934
 2930
 2926
 2924
 2922
 2920
 2918
 2914
 2914
 2912
 2906
 2898
 2894
 2898
 2902
 2906
 2904
 2902
 2902
 2904
 2906
 2908
 2906
 2896
 2882
 2866
 2852
 2840
 2830
 2828
 2828
 2830
 2834
 2838
 2838
 2836
 2838
 2842
 2850
 2858
 2864
 2868
 2870
 2874
 2874
 2876
 2878
 2880
 2886
 2886
 2886
 2882
 2878
 2876
 2876
 2872
 2864
 2864
 2866
 2870
 2870
 2866
 2862
 2860
 2858
 2858
 2858
 2858
 2860
 2858
 2858
 2858
 2858
 2860
 2860
 2858
 2856
 2858
 2864
 2866
 2870
 2872
 2872
 2872
 2874
 2874
 2874
 2874
 2870
 2870
 2866
 2862
 2858
 2856
 2854
 2852
 2856
 2854
 2850
 2846
 2842
 2842
 2836
 2820
 2798
 2768
 2734
 2698
 2660
 2624
 2584
 2546
 2506
 2468
 2428
 2390
 2356
 2324
 2294
 2272
 2250
 2234
 2220
 2210
 2202
 2202
 2214
 2226
 2238
 2250
 2262
 2276
 2290
 2304
 2322
 2340
 2358
 2376
 2400
 2422
 2444
 2468
 2490
 2510
 2530
 2546
 2562
 2580
 2596
 2614
 2632
 2644
 2658
 2670
 2688
 2710
 2732
 2748
 2760
 2770
 2780
 2786
 2796
 2804
 2812
 2818
 2826
 2828
 2832
 2836
 2842
 2846
 2850
 2852
 2852
 2854
 2854
 2852
 2850
 2850
 2850
 2850
 2850
 2846
 2844
 2848
 2864
 2866
 2872
 2874
 2874
 2876
 2876
 2874
 2870
 2862
 2842
 2816
 2788
 2754
 2724
 2694
 2664
 2634
 2602
 2570
 2536
 2504
 2472
 2438
 2406
 2378
 2348
 2324
 2306
 2298
 2300
 2302
 2310
 2320
 2336
 2358
 2380
 2404
 2432
 2454
 2476
 2498
 2518
 2538
 2560
 2582
 2602
 2624
 2644
 2660
 2676
 2692
 2706
 2720
 2732
 2740
 2750
 2764
 2784
 2800
 2814
 2822
 2830
 2838
 2842
 2852
 2860
 2866
 2872
 2878
 2880
 2882
 2884
 2884
 2884
 2878
 2876
 2872
 2870
 2866
 2860
 2854
 2846
 2828
 2808
 2786
 2766
 2744
 2714
 2680
 2644
 2606
 2568
 2530
 2492
 2452
 2412
 2368
 2326
 2282
 2242
 2204
 2168
 2134
 2100
 2070
 2044
 2028
 2018
 2014
 2016
 2026
 2040
 2066
 2100
 2132
 2166
 2198
 2234
 2272
 2310
 2348
 2384
 2422
 2456
 2490
 2518
 2548
 2576
 2604
 2632
 2658
 2682
 2702
 2724
 2742
 2760
 2774
 2782
 2790
 2802
 2824
 2840
 2856
 2866
 2870
 2878
 2884
 2888
 2894
 2894
 2894
 2894
 2892
 2890
 2890
 2890
 2890
 2892
 2888
 2886
 2886
 2884
 2882
 2876
 2868
 2860
 2856
 2862
 2868
 2872
 2874
 2874
 2876
 2878
 2876
 2876
 2876
 2874
 2868
 2856
 2838
 2816
 2796
 2768
 2740
 2708
 2674
 2640
 2606
 2572
 2540
 2500
 2462
 2426
 2396
 2366
 2332
 2296
 2256
 2220
 2182
 2144
 2104
 2068
 2028
 1990
 1950
 1912
 1878
 1848
 1826
 1808
 1802
 1798
 1802
 1814
 1830
 1854
 1890
 1934
 1988
 2044
 2094
 2144
 2188
 2234
 2276
 2312
 2350
 2386
 2416
 2446
 2474
 2502
 2528
 2554
 2578
 2602
 2624
 2646
 2664
 2684
 2700
 2718
 2730
 2738
 2744
 2758
 2780
 2800
 2816
 2826
 2836
 2846
 2854
 2862
 2872
 2878
 2882
 2884
 2884
 2886
 2888
 2888
 2886
 2884
 2882
 2880
 2876
 2874
 2872
 2868
 2866
 2860
 2848
 2834
 2818
 2812
 2808
 2798
 2784
 2762
 2736
 2710
 2682
 2652
 2620
 2584
 2546
 2502
 2454
 2406
 2362
 2322
 2278
 2236
 2188
 2138
 2094
 2052
 2018
 1986
 1960
 1942
 1936
 1940
 1950
 1970
 1992
 2018
 2050
 2084
 2116
 2152
 2190
 2224
 2254
 2286
 2314
 2344
 2374
 2408
 2438
 2468
 2498
 2528
 2554
 2578
 2598
 2616
 2630
 2654
 2686
 2712
 2738
 2756
 2770
 2786
 2798
 2808
 2820
 2828
 2834
 2842
 2848
 2852
 2856
 2862
 2868
 2872
 2876
 2878
 2878
 2880
 2882
 2884
 2886
 2882
 2876
 2866
 2864
 2874
 2880
 2886
 2888
 2888
 2890
 2892
 2894
 2894
 2896
 2894
 2890
 2886
 2880
 2872
 2864
 2854
 2838
 2816
 2792
 2764
 2736
 2704
 2672
 2638
 2598
 2560
 2526
 2500
 2472
 2440
 2406
 2376
 2350
 2332
 2316
 2310
 2308
 2312
 2322
 2336
 2352
 2374
 2398
 2424
 2450
 2472
 2490
 2508
 2526
 2544
 2560
 2590
 2622
 2646
 2666
 2682
 2700
 2716
 2728
 2740
 2746
 2750
 2760
 2770
 2780
 2790
 2800
 2810
 2820
 2826
 2828
 2812
 2776
 2754
 2748
 2768
 2802
 2836
 2858
 2870
 2880
 2882
 2878
 2882
 2884
 2884
 2878
 2874
 2868
 2864
 2854
 2840
 2822
 2800
 2772
 2738
 2698
 2654
 2624
 2606
 2598
 2586
 2566
 2540
 2512
 2484
 2456
 2430
 2408
 2382
 2354
 2324
 2292
 2264
 2238
 2210
 2188
 2166
 2134
 2104
 2074
 2040
 1998
 1962
 1924
 1886
 1852
 1810
 1774
 1742
 1722
 1714
 1720
 1740
 1768
 1806
 1880
 1978
 2086
 2194
 2294
 2386
 2466
 2534
 2584
 2614
 2636
 2652
 2666
 2682
 2692
 2702
 2710
 2720
 2734
 2740
 2732
 2734
 2754
 2782
 2814
 2848
 2874
 2890
 2906
 2926
 2946
 2956
 2958
 2954
 2946
 2936
 2922
 2912
 2918
 2924
 2928
 2930
 2932
 2934
 2936
 2926
 2906
 2870
 2826
 2778
 2728
 2674
 2624
 2576
 2526
 2478
 2430
 2378
 2326
 2276
 2222
 2170
 2114
 2054
 2004
 1954
 1910
 1866
 1818
 1768
 1720
 1676
 1632
 1588
 1550
 1512
 1478
 1440
 1406
 1378
 1364
 1360
 1372
 1394
 1430
 1488
 1582
 1692
 1808
 1920
 2032
 2158
 2278
 2394
 2492
 2562
 2612
 2644
 2674
 2706
 2738
 2764
 2778
 2790
 2800
 2814
 2828
 2842
 2850
 2856
 2862
 2884
 2918
 2958
 3004
 3042
 3072
 3100
 3120
 3134
 3146
 3158
 3166
 3166
 3168
 3170
 3164
 3162
 3156
 3148
 3140
 3134
 3126
 3122
 3114
 3102
 3080
 3054
 3022
 2992
 2952
 2892
 2824
 2754
 2682
 2620
 2562
 2508
 2462
 2408
 2358
 2312
 2272
 2238
 2204
 2170
 2138
 2100
 2058
 2010
 1962
 1912
 1862
 1814
 1760
 1702
 1648
 1594
 1546
 1500
 1456
 1416
 1376
 1340
 1304
 1280
 1266
 1256
 1258
 1266
 1284
 1312
 1348
 1388
 1440
 1500
 1554
 1608
 1660
 1710
 1760
 1800
 1842
 1886
 1928
 1974
 2024
 2070
 2116
 2164
 2212
 2262
 2310
 2354
 2392
 2426
 2456
 2492
 2538
 2578
 2614
 2644
 2670
 2696
 2716
 2738
 2762
 2782
 2798
 2816
 2828
 2842
 2856
 2870
 2882
 2892
 2896
 2902
 2908
 2914
 2918
 2918
 2912
 2900
 2884
 2872
 2850
 2822
 2788
 2746
 2698
 2644
 2590
 2542
 2494
 2440
 2390
 2334
 2274
 2214
 2160
 2106
 2054
 2002
 1952
 1904
 1856
 1806
 1758
 1716
 1674
 1634
 1594
 1552
 1508
 1468
 1438
 1408
 1384
 1372
 1362
 1366
 1378
 1398
 1424
 1460
 1502
 1546
 1596
 1642
 1688
 1738
 1786
 1844
 1908
 1964
 2020
 2070
 2118
 2166
 2208
 2254
 2300
 2342
 2382
 2418
 2454
 2490
 2526
 2560
 2592
 2624
 2654
 2682
 2702
 2720
 2736
 2760
 2792
 2816
 2838
 2854
 2868
 2882
 2890
 2898
 2900
 2906
 2908
 2912
 2916
 2918
 2922
 2928
 2934
 2936
 2936
 2938
 2940
 2942
 2940
 2940
 2938
 2930
 2918
 2908
 2898
 2886
 2876
 2862
 2852
 2846
 2846
 2846
 2850
 2852
 2856
 2862
 2868
 2876
 2884
 2892
 2898
 2906
 2912
 2914
 2914
 2916
 2920
 2924
 2928
 2928
 2932
 2948
 2964
 2974
 2978
 2980
 2976
 2960
 2926
 2880
 2822
 2758
 2694
 2632
 2570
 2514
 2460
 2408
 2362
 2320
 2278
 2236
 2194
 2152
 2106
 2064
 2022
 1986
 1942
 1900
 1858
 1824
 1808
 1820
 1884
 2036
 2254
 2474
 2680
 2828
 2932
 3068
 3208
 3302
 3342
 3356
 3378
 3412
 3454
 3484
 3506
 3520
 3556
 3606
 3644
 3654
 3638
 3628
 3636
 3644
 3654
 3650
 3640
 3632
 3630
 3622
 3598
 3572
 3562
 3574
 3606
 3646
 3660
 3652
 3652
 3674
 3746
 3868
 3966
 4002
 4002
 3996
 3988
 4002
 4038
 4028
 3992
 3978
 3976
 3998
 3978
 3936
 3918
 3906
 3922
 3936
 3942
 3942
 3936
 3924
 3904
 3858
 3786
 3684
 3564
 3454
 3356
 3270
 3198
 3132
 3072
 3002
 2926
 2848
 2766
 2678
 2592
 2512
 2434
 2366
 2302
 2236
 2170
 2108
 2040
 1976
 1914
 1854
 1800
 1754
 1716
 1684
 1652
 1620
 1600
 1596
 1602
 1622
 1656
 1698
 1744
 1800
 1852
 1902
 1960
 2010
 2048
 2082
 2112
 2142
 2172
 2206
 2240
 2274
 2276
 2268
 2294
 2354
 2442
 2558
 2666
 2744
 2792
 2820
 2842
 2858
 2872
 2886
 2894
 2896
 2898
 2898
 2902
 2906
 2910
 2912
 2918
 2924
 2926
 2920
 2918
 2912
 2920
 2926
 2928
 2928
 2926
 2926
 2924
 2924
 2926
 2928
 2924
 2914
 2910
 2914
 2922
 2932
 2940
 2928
 2900
 2858
 2802
 2740
 2680
 2618
 2564
 2516
 2460
 2408
 2356
 2304
 2256
 2210
 2168
 2126
 2080
 2038
 1996
 1954
 1916
 1880
 1848
 1816
 1786
 1758
 1728
 1698
 1670
 1648
 1622
 1600
 1584
 1574
 1574
 1580
 1588
 1610
 1634
 1670
 1716
 1764
 1814
 1854
 1888
 1924
 1958
 1996
 2038
 2078
 2112
 2146
 2186
 2240
 2292
 2338
 2380
 2418
 2456
 2486
 2516
 2546
 2572
 2600
 2624
 2646
 2668
 2690
 2712
 2732
 2752
 2770
 2784
 2802
 2818
 2830
 2842
 2848
 2852
 2852
 2856
 2866
 2876
 2878
 2872
 2858
 2842
 2816
 2790
 2762
 2730
 2694
 2656
 2620
 2582
 2548
 2514
 2478
 2442
 2404
 2364
 2324
 2284
 2242
 2200
 2158
 2114
 2072
 2036
 2000
 1962
 1922
 1882
 1846
 1816
 1788
 1762
 1750
 1746
 1750
 1762
 1780
 1804
 1838
 1878
 1922
 1970
 2018
 2064
 2104
 2142
 2176
 2216
 2268
 2316
 2364
 2406
 2444
 2482
 2516
 2550
 2584
 2616
 2644
 2676
 2706
 2732
 2758
 2780
 2798
 2814
 2830
 2842
 2856
 2868
 2876
 2880
 2886
 2894
 2902
 2910
 2916
 2920
 2924
 2924
 2924
 2926
 2928
 2926
 2922
 2914
 2900
 2886
 2866
 2842
 2812
 2780
 2744
 2708
 2672
 2636
 2596
 2548
 2508
 2468
 2432
 2394
 2356
 2312
 2268
 2228
 2186
 2144
 2108
 2064
 2022
 1978
 1936
 1894
 1854
 1822
 1796
 1782
 1776
 1782
 1796
 1820
 1852
 1898
 1944
 1990
 2036
 2078
 2128
 2174
 2218
 2260
 2298
 2336
 2372
 2406
 2438
 2470
 2502
 2534
 2566
 2596
 2618
 2638
 2656
 2678
 2710
 2740
 2764
 2786
 2810
 2830
 2850
 2868
 2886
 2900
 2910
 2914
 2914
 2910
 2904
 2902
 2898
 2888
 2866
 2842
 2824
 2810
 2812
 2820
 2824
 2830
 2830
 2834
 2836
 2836
 2838
 2836
 2836
 2840
 2840
 2844
 2854
 2870
 2884
 2896
 2902
 2904
 2912
 2922
 2928
 2934
 2936
 2938
 2938
 2940
 2944
 2950
 2952
 2948
 2946
 2944
 2944
 2946
 2944
 2940
 2932
 2922
 2908
 2884
 2876
 2880
 2900
 2926
 2948
 2964
 2970
 2968
 2958
 2932
 2900
 2862
 2818
 2774
 2728
 2682
 2634
 2584
 2538
 2494
 2448
 2398
 2350
 2304
 2264
 2220
 2174
 2128
 2082
 2036
 1986
 1928
 1878
 1826
 1782
 1740
 1698
 1660
 1638
 1628
 1628
 1642
 1670
 1706
 1756
 1810
 1870
 1932
 2004
 2078
 2150
 2214
 2266
 2320
 2370
 2414
 2458
 2496
 2530
 2560
 2596
 2624
 2650
 2676
 2696
 2716
 2734
 2746
 2760
 2778
 2784
 2792
 2796
 2802
 2822
 2848
 2860
 2860
 2846
 2842
 2834
 2824
 2820
 2812
 2806
 2808
 2814
 2824
 2834
 2844
 2852
 2860
 2868
 2884
 2896
 2896
 2882
 2864
 2832
 2796
 2758
 2710
 2658
 2608
 2556
 2502
 2446
 2388
 2322
 2246
 2172
 2100
 2030
 1964
 1908
 1862
 1818
 1782
 1754
 1726
 1702
 1680
 1650
 1606
 1560
 1516
 1474
 1440
 1414
 1400
 1404
 1420
 1454
 1502
 1562
 1626
 1696
 1764
 1836
 1898
 1956
 2000
 2048
 2108
 2164
 2212
 2256
 2296
 2332
 2362
 2394
 2428
 2460
 2488
 2518
 2544
 2568
 2596
 2620
 2646
 2664
 2674
 2678
 2670
 2668
 2664
 2646
 2622
 2590
 2550
 2506
 2460
 2422
 2390
 2358
 2328
 2308
 2300
 2296
 2300
 2308
 2320
 2332
 2344
 2358
 2380
 2410
 2436
 2464
 2498
 2530
 2556
 2576
 2598
 2620
 2634
 2646
 2656
 2666
 2674
 2686
 2698
 2710
 2718
 2716
 2720
 2722
 2712
 2694
 2670
 2644
 2610
 2572
 2534
 2490
 2444
 2396
 2348
 2298
 2252
 2202
 2148
 2098
 2044
 1992
 1940
 1888
 1834
 1776
 1718
 1662
 1614
 1572
 1538
 1518
 1506
 1510
 1524
 1552
 1592
 1630
 1678
 1724
 1784
 1854
 1918
 1978
 2032
 2088
 2150
 2206
 2268
 2320
 2360
 2396
 2432
 2464
 2498
 2534
 2566
 2596
 2626
 2650
 2676
 2702
 2722
 2744
 2758
 2768
 2772
 2784
 2804
 2822
 2834
 2842
 2846
 2850
 2852
 2854
 2860
 2866
 2868
 2870
 2868
 2864
 2844
 2814
 2778
 2736
 2692
 2644
 2596
 2546
 2494
 2446
 2394
 2348
 2298
 2242
 2180
 2116
 2054
 1996
 1938
 1886
 1832
 1780
 1726
 1670
 1618
 1568
 1522
 1482
 1446
 1420
 1394
 1376
 1372
 1374
 1382
 1394
 1408
 1426
 1452
 1486
 1518
 1556
 1598
 1640
 1686
 1730
 1774
 1820
 1872
 1928
 1982
 2042
 2094
 2140
 2188
 2232
 2290
 2346
 2392
 2432
 2470
 2504
 2532
 2558
 2588
 2614
 2640
 2662
 2684
 2702
 2722
 2744
 2762
 2778
 2796
 2810
 2822
 2830
 2834
 2836
 2844
 2858
 2864
 2870
 2872
 2876
 2880
 2884
 2894
 2896
 2888
 2872
 2846
 2812
 2774
 2736
 2696
 2654
 2612
 2566
 2520
 2466
 2412
 2348
 2284
 2220
 2158
 2096
 2030
 1962
 1894
 1826
 1762
 1698
 1638
 1580
 1522
 1464
 1406
 1352
 1304
 1258
 1224
 1194
 1174
 1164
 1158
 1166
 1182
 1212
 1246
 1282
 1320
 1358
 1406
 1458
 1504
 1558
 1614
 1670
 1726
 1784
 1840
 1898
 1958
 2016
 2076
 2132
 2184
 2232
 2274
 2312
 2360
 2416
 2464
 2504
 2538
 2570
 2598
 2622
 2648
 2674
 2696
 2716
 2734
 2752
 2768
 2786
 2808
 2830
 2854
 2874
 2880
 2876
 2862
 2858
 2868
 2882
 2884
 2872
 2844
 2808
 2766
 2724
 2682
 2636
 2588
 2534
 2482
 2430
 2378
 2328
 2274
 2218
 2164
 2110
 2054
 2002
 1944
 1888
 1834
 1784
 1736
 1684
 1638
 1588
 1544
 1510
 1478
 1456
 1444
 1442
 1446
 1458
 1476
 1502
 1530
 1564
 1604
 1650
 1698
 1748
 1794
 1842
 1890
 1942
 2006
 2066
 2122
 2176
 2224
 2274
 2316
 2356
 2402
 2442
 2480
 2514
 2542
 2570
 2596
 2622
 2646
 2670
 2690
 2710
 2730
 2746
 2764
 2778
 2786
 2790
 2798
 2814
 2828
 2840
 2846
 2850
 2856
 2858
 2860
 2864
 2864
 2858
 2848
 2826
 2804
 2778
 2746
 2716
 2680
 2644
 2604
 2566
 2524
 2482
 2442
 2394
 2346
 2298
 2252
 2206
 2152
 2094
 2034
 1976
 1920
 1868
 1822
 1780
 1740
 1708
 1678
 1660
 1654
 1656
 1668
 1686
 1714
 1744
 1784
 1826
 1868
 1916
 1968
 2032
 2094
 2148
 2198
 2242
 2288
 2330
 2366
 2408
 2450
 2490
 2526
 2558
 2590
 2620
 2648
 2676
 2700
 2722
 2746
 2764
 2784
 2802
 2810
 2820
 2828
 2846
 2866
 2882
 2888
 2892
 2898
 2904
 2908
 2916
 2924
 2930
 2934
 2936
 2938
 2940
 2942
 2944
 2942
 2940
 2934
 2926
 2916
 2896
 2870
 2832
 2788
 2742
 2706
 2668
 2624
 2574
 2520
 2468
 2416
 2362
 2312
 2258
 2200
 2144
 2084
 2024
 1966
 1912
 1860
 1808
 1758
 1708
 1660
 1614
 1568
 1520
 1478
 1446
 1424
 1408
 1398
 1396
 1396
 1412
 1434
 1460
 1494
 1534
 1582
 1632
 1688
 1750
 1818
 1892
 1968
 2044
 2126
 2210
 2294
 2370
 2446
 2532
 2618
 2688
 2746
 2792
 2830
 2864
 2890
 2916
 2940
 2958
 2968
 2974
 2980
 2984
 2990
 2994
 3000
 3002
 3006
 3008
 3004
 2996
 2990
 2990
 2994
 2990
 2982
 2966
 2940
 2912
 2872
 2824
 2774
 2722
 2666
 2610
 2556
 2504
 2450
 2396
 2346
 2296
 2246
 2200
 2154
 2094
 2026
 1960
 1900
 1840
 1780
 1724
 1666
 1614
 1568
 1518
 1478
 1444
 1412
 1388
 1374
 1368
 1374
 1388
 1408
 1432
 1464
 1500
 1532
 1574
 1628
 1698
 1778
 1852
 1926
 1996
 2062
 2128
 2180
 2234
 2288
 2340
 2390
 2434
 2476
 2518
 2562
 2604
 2648
 2688
 2730
 2768
 2798
 2822
 2846
 2878
 2910
 2932
 2952
 2964
 2976
 2982
 2990
 2998
 3008
 3010
 3010
 3006
 2998
 2982
 2960
 2926
 2888
 2846
 2802
 2750
 2696
 2644
 2600
 2562
 2522
 2476
 2428
 2374
 2322
 2268
 2216
 2166
 2112
 2060
 2006
 1952
 1900
 1852
 1808
 1766
 1728
 1692
 1658
 1622
 1592
 1566
 1546
 1528
 1514
 1510
 1514
 1528
 1548
 1568
 1602
 1638
 1678
 1720
 1764
 1812
 1864
 1920
 1978
 2034
 2090
 2148
 2196
 2242
 2282
 2334
 2396
 2450
 2498
 2538
 2574
 2614
 2642
 2674
 2706
 2736
 2762
 2788
 2812
 2832
 2854
 2876
 2896
 2914
 2934
 2948
 2958
 2962
 2966
 2966
 2972
 2982
 2988
 2994
 2996
 2994
 2988
 2976
 2964
 2942
 2908
 2870
 2824
 2776
 2724
 2674
 2624
 2574
 2522
 2472
 2420
 2368
 2316
 2266
 2214
 2158
 2104
 2054
 2012
 1962
 1910
 1854
 1802
 1750
 1704
 1656
 1614
 1576
 1536
 1504
 1480
 1476
 1486
 1502
 1526
 1552
 1588
 1630
 1684
 1746
 1808
 1868
 1922
 1984
 2054
 2116
 2176
 2232
 2288
 2340
 2384
 2434
 2482
 2522
 2560
 2598
 2630
 2664
 2694
 2722
 2746
 2774
 2798
 2820
 2842
 2854
 2866
 2874
 2886
 2912
 2930
 2942
 2952
 2958
 2966
 2972
 2976
 2982
 2986
 2984
 2974
 2952
 2926
 2894
 2856
 2816
 2768
 2720
 2672
 2622
 2568
 2516
 2466
 2420
 2364
 2308
 2252
 2192
 2142
 2088
 2034
 1986
 1930
 1876
 1822
 1768
 1720
 1678
 1642
 1616
 1604
 1598
 1604
 1620
 1650
 1692
 1738
 1788
 1836
 1884
 1936
 1984
 2030
 2076
 2114
 2140
 2162
 2182
 2196
 2210
 2222
 2228
 2220
 2200
 2176
 2160
 2152
 2160
 2168
 2174
 2176
 2180
 2184
 2186
 2188
 2192
 2194
 2198
 2208
 2232
 2268
 2310
 2358
 2408
 2452
 2490
 2522
 2562
 2614
 2658
 2696
 2730
 2762
 2790
 2814
 2840
 2868
 2890
 2910
 2930
 2944
 2954
 2968
 2982
 2990
 2996
 2994
 2996
 3010
 3022
 3028
 3032
 3032
 3036
 3038
 3040
 3042
 3042
 3042
 3042
 3042
 3042
 3042
 3040
 3042
 3040
 3036
 3032
 3028
 3018
 3000
 2974
 2942
 2904
 2862
 2818
 2766
 2710
 2656
 2600
 2556
 2510
 2456
 2402
 2348
 2296
 2248
 2196
 2150
 2106
 2054
 1990
 1928
 1864
 1806
 1754
 1702
 1654
 1610
 1574
 1544
 1526
 1522
 1530
 1548
 1570
 1604
 1648
 1704
 1762
 1816
 1868
 1914
 1962
 2012
 2070
 2134
 2188
 2232
 2270
 2306
 2346
 2388
 2430
 2468
 2508
 2548
 2584
 2620
 2656
 2686
 2712
 2732
 2760
 2796
 2828
 2854
 2874
 2892
 2906
 2918
 2926
 2938
 2948
 2958
 2964
 2970
 2974
 2978
 2984
 2986
 2988
 2990
 2990
 2990
 2986
 2976
 2960
 2960
 2962
 2958
 2946
 2922
 2892
 2856
 2816
 2774
 2734
 2688
 2640
 2594
 2544
 2498
 2454
 2414
 2370
 2326
 2278
 2230
 2184
 2132
 2080
 2030
 1980
 1928
 1876
 1820
 1766
 1716
 1670
 1624
 1592
 1560
 1542
 1536
 1568
 1646
 1756
 1880
 2006
 2130
 2250
 2362
 2464
 2562
 2670
 2780
 2884
 2980
 3066
 3142
 3198
 3242
 3278
 3302
 3320
 3332
 3344
 3350
 3356
 3360
 3364
 3366
 3366
 3364
 3360
 3352
 3352
 3358
 3360
 3358
 3352
 3346
 3346
 3344
 3346
 3348
 3350
 3350
 3348
 3350
 3354
 3362
 3368
 3372
 3370
 3360
 3332
 3280
 3206
 3132
 3048
 2962
 2876
 2794
 2716
 2642
 2572
 2508
 2444
 2380
 2318
 2254
 2194
 2134
 2078
 2028
 1976
 1930
 1888
 1842
 1802
 1764
 1732
 1702
 1674
 1656
 1646
 1648
 1666
 1690
 1724
 1758
 1794
 1830
 1866
 1902
 1940
 1976
 2012
 2048
 2086
 2124
 2156
 2182
 2212
 2252
 2308
 2360
 2408
 2450
 2486
 2522
 2552
 2578
 2608
 2638
 2662
 2686
 2708
 2730
 2754
 2778
 2800
 2826
 2852
 2886
 2932
 2982
 3038
 3078
 3102
 3110
 3112
 3112
 3102
 3078
 3038
 2986
 2930
 2868
 2808
 2748
 2682
 2608
 2530
 2452
 2378
 2306
 2242
 2178
 2116
 2058
 2002
 1950
 1896
 1848
 1800
 1758
 1716
 1676
 1636
 1594
 1558
 1522
 1488
 1464
 1442
 1418
 1398
 1388
 1390
 1404
 1428
 1460
 1504
 1558
 1616
 1678
 1748
 1820
 1900
 1982
 2054
 2116
 2174
 2228
 2278
 2322
 2366
 2410
 2456
 2498
 2538
 2574
 2612
 2648
 2680
 2714
 2746
 2782
 2816
 2848
 2878
 2902
 2922
 2944
 2974
 2996
 3014
 3020
 3026
 3028
 3022
 3012
 2992
 2958
 2920
 2876
 2830
 2782
 2730
 2682
 2634
 2586
 2542
 2498
 2454
 2412
 2370
 2322
 2274
 2228
 2184
 2144
 2098
 2052
 2002
 1958
 1918
 1876
 1840
 1810
 1782
 1760
 1748
 1740
 1746
 1762
 1786
 1826
 1872
 1928
 1994
 2074
 2158
 2258
 2358
 2470
 2584
 2688
 2780
 2858
 2924
 2978
 3024
 3068
 3112
 3148
 3182
 3212
 3236
 3254
 3274
 3290
 3300
 3308
 3318
 3324
 3328
 3330
 3326
 3322
 3318
 3320
 3320
 3318
 3312
 3304
 3298
 3290
 3276
 3270
 3260
 3248
 3236
 3220
 3204
 3192
 3182
 3174
 3166
 3162
 3158
 3158
 3158
 3152
 3148
 3140
 3138
 3138
 3132
 3112
 3078
 3034
 2986
 2934
 2878
 2826
 2774
 2718
 2664
 2610
 2558
 2508
 2460
 2412
 2364
 2320
 2274
 2234
 2196
 2152
 2110
 2072
 2036
 2000
 1962
 1926
 1888
 1858
 1834
 1820
 1816
 1826
 1848
 1878
 1908
 1938
 1972
 2008
 2050
 2096
 2140
 2186
 2228
 2268
 2308
 2348
 2396
 2444
 2488
 2528
 2562
 2598
 2632
 2664
 2698
 2730
 2758
 2788
 2814
 2840
 2864
 2890
 2908
 2924
 2938
 2950
 2964
 2974
 2982
 2984
 2984
 2980
 2980
 2984
 2990
 2996
 2994
 2984
 2964
 2932
 2898
 2868
 2834
 2798
 2762
 2734
 2706
 2678
 2642
 2596
 2548
 2500
 2450
 2406
 2362
 2318
 2276
 2228
 2178
 2132
 2086
 2042
 1998
 1954
 1908
 1868
 1836
 1812
 1796
 1792
 1796
 1812
 1834
 1862
 1900
 1942
 1986
 2036
 2084
 2130
 2176
 2216
 2256
 2296
 2344
 2394
 2440
 2480
 2516
 2552
 2586
 2614
 2646
 2678
 2704
 2730
 2752
 2774
 2796
 2818
 2836
 2854
 2872
 2888
 2904
 2914
 2920
 2920
 2918
 2924
 2932
 2936
 2936
 2932
 2930
 2924
 2914
 2900
 2876
 2848
 2812
 2772
 2732
 2690
 2648
 2606
 2562
 2520
 2480
 2442
 2404
 2368
 2328
 2292
 2256
 2222
 2188
 2152
 2114
 2070
 2034
 1998
 1962
 1932
 1902
 1876
 1854
 1840
 1830
 1832
 1844
 1862
 1884
 1914
 1946
 1980
 2012
 2048
 2086
 2134
 2180
 2222
 2260
 2294
 2324
 2344
 2356
 2372
 2390
 2414
 2442
 2468
 2492
 2520
 2548
 2574
 2600
 2626
 2650
 2676
 2700
 2724
 2748
 2770
 2788
 2798
 2812
 2836
 2858
 2874
 2888
 2896
 2904
 2908
 2914
 2922
 2928
 2936
 2938
 2940
 2942
 2946
 2946
 2946
 2946
 2942
 2936
 2924
 2904
 2882
 2860
 2830
 2796
 2760
 2724
 2696
 2666
 2632
 2598
 2558
 2520
 2480
 2440
 2402
 2362
 2316
 2270
 2222
 2174
 2128
 2086
 2048
 2012
 1980
 1952
 1924
 1904
 1888
 1880
 1880
 1890
 1912
 1936
 1968
 2004
 2048
 2094
 2134
 2172
 2214
 2252
 2292
 2334
 2378
 2420
 2460
 2498
 2538
 2576
 2616
 2652
 2688
 2714
 2742
 2762
 2792
 2824
 2854
 2882
 2908
 2928
 2946
 2956
 2964
 2970
 2974
 2980
 2988
 2990
 2994
 3004
 3014
 3024
 3030
 3036
 3040
 3040
 3026
 3002
 2970
 2940
 2910
 2870
 2828
 2784
 2740
 2694
 2648
 2606
 2568
 2524
 2482
 2442
 2404
 2368
 2330
 2298
 2264
 2234
 2198
 2162
 2128
 2094
 2056
 2014
 1968
 1918
 1872
 1832
 1794
 1770
 1752
 1744
 1742
 1748
 1762
 1782
 1810
 1844
 1884
 1922
 1962
 2008
 2054
 2122
 2196
 2266
 2336
 2402
 2458
 2502
 2534
 2568
 2602
 2634
 2664
 2686
 2702
 2712
 2720
 2730
 2746
 2768
 2790
 2808
 2820
 2828
 2840
 2862
 2882
 2896
 2904
 2910
 2914
 2922
 2930
 2944
 2958
 2968
 2978
 2988
 2998
 3012
 3030
 3052
 3080
 3110
 3148
 3184
 3220
 3250
 3268
 3280
 3288
 3298
 3304
 3302
 3288
 3256
 3210
 3154
 3092
 3032
 2968
 2904
 2840
 2784
 2726
 2672
 2620
 2566
 2518
 2474
 2432
 2388
 2338
 2294
 2250
 2210
 2166
 2118
 2068
 2016
 1972
 1924
 1874
 1836
 1804
 1808
 1876
 2010
 2164
 2302
 2414
 2530
 2672
 2800
 2902
 2982
 3038
 3078
 3150
 3248
 3340
 3416
 3466
 3502
 3534
 3560
 3582
 3592
 3596
 3594
 3590
 3584
 3580
 3580
 3578
 3576
 3572
 3564
 3554
 3538
 3524
 3510
 3494
 3472
 3446
 3414
 3382
 3342
 3300
 3256
 3196
 3132
 3070
 3008
 2946
 2886
 2828
 2772
 2718
 2670
 2620
 2574
 2526
 2482
 2438
 2386
 2334
 2280
 2228
 2182
 2136
 2094
 2056
 2014
 1972
 1934
 1894
 1860
 1834
 1814
 1806
 1808
 1818
 1832
 1850
 1874
 1900
 1934
 1970
 2004
 2040
 2078
 2114
 2154
 2190
 2232
 2274
 2316
 2356
 2398
 2436
 2476
 2514
 2548
 2568
 2572
 2582
 2604
 2638
 2682
 2732
 2768
 2798
 2820
 2852
 2886
 2914
 2936
 2950
 2960
 2968
 2972
 2978
 2988
 2992
 2992
 2994
 2996
 2996
 3000
 3002
 3004
 3006
 3010
 3012
 3012
 3014
 3010
 3002
 2988
 2974
 2960
 2932
 2898
 2860
 2816
 2776
 2736
 2698
 2666
 2628
 2594
 2554
 2514
 2474
 2434
 2394
 2352
 2312
 2270
 2228
 2188
 2146
 2104
 2066
 2032
 1998
 1962
 1924
 1888
 1856
 1832
 1808
 1796
 1794
 1798
 1808
 1822
 1842
 1870
 1904
 1944
 1986
 2030
 2078
 2128
 2172
 2216
 2256
 2306
 2362
 2408
 2450
 2488
 2524
 2560
 2590
 2620
 2650
 2678
 2704
 2728
 2750
 2768
 2790
 2812
 2830
 2846
 2862
 2876
 2892
 2906
 2918
 2926
 2930
 2926
 2932
 2944
 2954
 2958
 2956
 2956
 2956
 2956
 2960
 2964
 2966
 2968
 2968
 2972
 2970
 2972
 2972
 2974
 2974
 2974
 2972
 2972
 2974
 2972
 2968
 2962
 2954
 2950
 2952
 2956
 2956
 2954
 2948
 2938
 2924
 2902
 2884
 2856
 2824
 2784
 2744
 2704
 2668
 2634
 2604
 2576
 2548
 2518
 2486
 2448
 2412
 2374
 2340
 2308
 2274
 2240
 2210
 2188
 2172
 2158
 2154
 2156
 2160
 2164
 2172
 2182
 2198
 2218
 2246
 2276
 2302
 2322
 2336
 2348
 2364
 2378
 2386
 2390
 2384
 2368
 2342
 2320
 2308
 2298
 2294
 2294
 2292
 2292
 2298
 2304
 2308
 2306
 2306
 2312
 2336
 2368
 2402
 2436
 2466
 2498
 2538
 2572
 2608
 2638
 2662
 2682
 2702
 2720
 2734
 2752
 2768
 2790
 2826
 2886
 2980
 3070
 3150
 3214
 3266
 3304
 3336
 3358
 3368
 3378
 3396
 3424
 3454
 3478
 3496
 3506
 3506
 3500
 3488
 3458
 3414
 3356
 3290
 3218
 3148
 3080
 3012
 2952
 2894
 2834
 2774
 2718
 2662
 2608
 2558
 2506
 2456
 2404
 2350
 2296
 2244
 2192
 2142
 2096
 2046
 2000
 1952
 1904
 1856
 1812
 1774
 1736
 1710
 1690
 1682
 1680
 1686
 1700
 1718
 1742
 1774
 1812
 1852
 1898
 1946
 1992
 2038
 2084
 2128
 2182
 2246
 2300
 2348
 2390
 2428
 2466
 2496
 2526
 2556
 2582
 2606
 2630
 2650
 2670
 2692
 2714
 2732
 2752
 2768
 2786
 2804
 2822
 2838
 2854
 2870
 2884
 2894
 2898
 2908
 2922
 2926
 2930
 2930
 2932
 2934
 2932
 2936
 2944
 2952
 2958
 2960
 2964
 2972
 2984
 2992
 3002
 3010
 3016
 3020
 3016
 3004
 2988
 2964
 2932
 2892
 2846
 2792
 2746
 2706
 2660
 2612
 2562
 2508
 2460
 2410
 2362
 2316
 2268
 2220
 2166
 2114
 2062
 2016
 1968
 1924
 1884
 1842
 1802
 1766
 1726
 1694
 1656
 1622
 1594
 1572
 1558
 1552
 1552
 1556
 1568
 1586
 1610
 1636
 1668
 1706
 1750
 1800
 1852
 1908
 1966
 2026
 2084
 2140
 2194
 2248
 2302
 2350
 2394
 2434
 2480
 2536
 2594
 2650
 2700
 2746
 2794
 2840
 2882
 2926
 2964
 2992
 3014
 3030
 3042
 3050
 3060
 3074
 3088
 3100
 3108
 3110
 3108
 3106
 3098
 3092
 3092
 3092
 3090
 3088
 3080
 3074
 3070
 3064
 3060
 3058
 3048
 3034
 3018
 2992
 2964
 2928
 2890
 2850
 2806
 2762
 2718
 2670
 2620
 2572
 2526
 2486
 2442
 2394
 2342
 2292
 2242
 2190
 2140
 2090
 2036
 1984
 1932
 1878
 1830
 1784
 1744
 1706
 1672
 1642
 1612
 1594
 1582
 1580
 1586
 1598
 1616
 1632
 1648
 1668
 1686
 1710
 1750
 1828
 1968
 2146
 2318
 2478
 2614
 2722
 2816
 2904
 2978
 3046
 3106
 3154
 3192
 3236
 3280
 3318
 3356
 3382
 3408
 3428
 3446
 3462
 3476
 3488
 3498
 3508
 3514
 3514
 3518
 3522
 3526
 3530
 3534
 3532
 3530
 3528
 3526
 3528
 3526
 3524
 3522
 3520
 3516
 3514
 3514
 3514
 3510
 3508
 3500
 3496
 3490
 3486
 3480
 3474
 3470
 3464
 3454
 3444
 3434
 3420
 3406
 3384
 3346
 3288
 3220
 3148
 3074
 3002
 2930
 2864
 2800
 2734
 2670
 2608
 2548
 2490
 2436
 2386
 2336
 2288
 2240
 2196
 2154
 2114
 2070
 2032
 1992
 1956
 1918
 1878
 1838
 1798
 1764
 1730
 1696
 1674
 1650
 1638
 1630
 1630
 1636
 1654
 1678
 1712
 1756
 1810
 1868
 1922
 1978
 2030
 2090
 2152
 2210
 2262
 2310
 2360
 2408
 2452
 2492
 2526
 2552
 2580
 2606
 2632
 2658
 2684
 2704
 2726
 2748
 2772
 2798
 2830
 2862
 2896
 2936
 2984
 3036
 3084
 3128
 3164
 3194
 3218
 3234
 3250
 3266
 3280
 3294
 3304
 3312
 3320
 3324
 3328
 3324
 3322
 3322
 3326
 3330
 3328
 3324
 3314
 3306
 3290
 3258
 3212
 3146
 3070
 2992
 2914
 2838
 2766
 2696
 2628
 2562
 2498
 2436
 2374
 2316
 2256
 2204
 2150
 2096
 2048
 2000
 1954
 1910
 1864
 1818
 1776
 1736
 1700
 1664
 1634
 1606
 1578
 1550
 1528
 1520
 1524
 1536
 1556
 1584
 1618
 1664
 1716
 1774
 1844
 1918
 1982
 2040
 2094
 2142
 2192
 2238
 2284
 2332
 2380
 2428
 2472
 2508
 2540
 2570
 2596
 2624
 2652
 2678
 2704
 2726
 2746
 2758
 2776
 2798
 2816
 2834
 2846
 2858
 2866
 2872
 2880
 2888
 2900
 2914
 2926
 2934
 2942
 2946
 2946
 2938
 2922
 2898
 2862
 2822
 2774
 2722
 2670
 2614
 2558
 2508
 2464
 2422
 2378
 2334
 2286
 2240
 2196
 2156
 2118
 2080
 2038
 1998
 1958
 1918
 1880
 1844
 1810
 1784
 1762
 1744
 1736
 1734
 1734
 1742
 1760
 1784
 1814
 1846
 1882
 1922
 1964
 2008
 2048
 2086
 2128
 2168
 2204
 2240
 2276
 2308
 2346
 2378
 2412
 2444
 2476
 2508
 2536
 2566
 2592
 2616
 2636
 2662
 2692
 2718
 2742
 2762
 2774
 2786
 2796
 2804
 2812
 2822
 2830
 2838
 2844
 2850
 2858
 2864
 2870
 2878
 2884
 2888
 2894
 2900
 2900
 2898
 2894
 2890
 2886
 2882
 2886
 2890
 2892
 2892
 2890
 2886
 2886
 2886
 2892
 2896
 2896
 2898
 2900
 2906
 2910
 2916
 2924
 2928
 2932
 2932
 2926
 2912
 2890
 2860
 2826
 2776
 2722
 2672
 2626
 2586
 2542
 2504
 2458
 2412
 2366
 2320
 2274
 2228
 2178
 2128
 2080
 2032
 1986
 1944
 1906
 1868
 1832
 1802
 1776
 1752
 1734
 1726
 1726
 1734
 1750
 1772
 1794
 1820
 1854
 1898
 1950
 2014
 2078
 2148
 2218
 2292
 2368
 2442
 2520
 2596
 2670
 2736
 2794
 2838
 2872
 2898
 2920
 2946
 2968
 2980
 2988
 2992
 3000
 3004
 3006
 3010
 3012
 3016
 3020
 3022
 3026
 3030
 3034
 3040
 3046
 3052
 3054
 3056
 3054
 3046
 3028
 3014
 2996
 2964
 2924
 2882
 2836
 2786
 2728
 2668
 2616
 2562
 2508
 2454
 2404
 2352
 2300
 2254
 2206
 2160
 2118
 2078
 2038
 1996
 1958
 1922
 1890
 1860
 1828
 1798
 1768
 1744
 1724
 1706
 1700
 1704
 1716
 1730
 1750
 1776
 1808
 1844
 1886
 1930
 1974
 2016
 2058
 2096
 2132
 2168
 2212
 2262
 2308
 2350
 2388
 2422
 2456
 2484
 2512
 2544
 2572
 2598
 2622
 2646
 2672
 2696
 2720
 2742
 2762
 2782
 2800
 2816
 2832
 2848
 2864
 2880
 2894
 2900
 2906
 2906
 2912
 2914
 2918
 2920
 2918
 2914
 2914
 2914
 2914
 2914
 2904
 2888
 2868
 2838
 2804
 2768
 2728
 2690
 2648
 2608
 2566
 2526
 2484
 2446
 2404
 2366
 2320
 2280
 2236
 2198
 2156
 2114
 2072
 2032
 1996
 1964
 1934
 1912
 1888
 1868
 1852
 1844
 1844
 1858
 1882
 1918
 1962
 2010
 2058
 2104
 2146
 2180
 2212
 2242
 2284
 2330
 2370
 2406
 2436
 2466
 2488
 2502
 2514
 2522
 2526
 2530
 2534
 2540
 2556
 2574
 2594
 2614
 2634
 2654
 2672
 2692
 2710
 2718
 2722
 2726
 2738
 2750
 2758
 2770
 2780
 2788
 2796
 2804
 2812
 2822
 2834
 2844
 2854
 2864
 2874
 2888
 2900
 2914
 2930
 2946
 2964
 2990
 3026
 3074
 3126
 3168
 3198
 3232
 3258
 3272
 3278
 3276
 3260
 3230
 3190
 3146
 3096
 3038
 2978
 2918
 2856
 2796
 2742
 2688
 2636
 2580
 2524
 2470
 2416
 2368
 2322
 2280
 2240
 2194
 2152
 2108
 2064
 2026
 1986
 1950
 1920
 1886
 1856
 1826
 1800
 1778
 1764
 1756
 1760
 1776
 1804
 1846
 1906
 1982
 2076
 2160
 2230
 2286
 2336
 2384
 2434
 2482
 2538
 2592
 2644
 2694
 2742
 2786
 2828
 2870
 2908
 2944
 2978
 3010
 3032
 3046
 3056
 3076
 3092
 3100
 3104
 3104
 3106
 3106
 3106
 3108
 3110
 3112
 3112
 3114
 3112
 3110
 3112
 3112
 3110
 3104
 3100
 3092
 3086
 3078
 3074
 3072
 3062
 3052
 3034
 3012
 2982
 2946
 2910
 2868
 2820
 2768
 2716
 2666
 2618
 2572
 2526
 2480
 2434
 2390
 2344
 2300
 2256
 2214
 2172
 2126
 2084
 2044
 2008
 1974
 1940
 1918
 1904
 1902
 1912
 1930
 1960
 1992
 2026
 2058
 2098
 2136
 2180
 2236
 2298
 2368
 2438
 2502
 2560
 2610
 2654
 2690
 2726
 2758
 2792
 2832
 2866
 2894
 2918
 2936
 2952
 2968
 2986
 3006
 3024
 3034
 3044
 3052
 3060
 3066
 3072
 3078
 3082
 3088
 3094
 3098
 3102
 3100
 3094
 3086
 3074
 3062
 3034
 2990
 2936
 2874
 2812
 2752
 2692
 2638
 2580
 2526
 2474
 2420
 2372
 2330
 2286
 2248
 2212
 2174
 2136
 2100
 2060
 2018
 1982
 1948
 1916
 1884
 1852
 1822
 1794
 1766
 1746
 1722
 1706
 1696
 1690
 1694
 1712
 1742
 1782
 1822
 1870
 1916
 1964
 2018
 2066
 2108
 2146
 2184
 2228
 2268
 2302
 2330
 2354
 2376
 2392
 2404
 2418
 2434
 2452
 2470
 2486
 2500
 2512
 2522
 2536
 2556
 2582
 2604
 2622
 2636
 2642
 2642
 2652
 2672
 2694
 2706
 2714
 2716
 2722
 2734
 2746
 2758
 2770
 2780
 2788
 2796
 2810
 2824
 2838
 2854
 2864
 2874
 2876
 2880
 2886
 2890
 2896
 2900
 2894
 2892
 2890
 2898
 2906
 2912
 2912
 2910
 2904
 2896
 2880
 2866
 2840
 2812
 2780
 2742
 2700
 2652
 2598
 2548
 2506
 2476
 2452
 2434
 2414
 2400
 2396
 2404
 2420
 2442
 2474
 2506
 2538
 2562
 2586
 2610
 2630
 2646
 2664
 2676
 2674
 2658
 2622
 2568
 2500
 2432
 2372
 2318
 2262
 2196
 2122
 2032
 1922
 1796
 1646
 1476
 1298
 1104
 904
 686
 476
 286
 126
 6
 0
 0
 0
 80
 144
 162
 174
 196
 220
 240
 278
 336
 414
 494
 552
 616
 722
 906
 1148
 1384
 1580
 1722
 1822
 1902
 1968
 2032
 2088
 2142
 2202
 2244
 2266
 2280
 2286
 2292
 2294
 2292
 2290
 2286
 2286
 2290
 2292
 2288
 2286
 2286
 2286
 2282
 2274
 2274
 2320
 2434
 2576
 2706
 2796
 2850
 2912
 2966
 3010
 3040
 3058
 3064
 3064
 3060
 3056
 3050
 3048
 3046
 3048
 3050
 3056
 3066
 3076
 3086
 3098
 3112
 3122
 3128
 3126
 3126
 3134
 3142
 3144
 3146
 3144
 3144
 3144
 3146
 3148
 3146
 3146
 3146
 3144
 3142
 3140
 3136
 3124
 3116
 3120
 3134
 3154
 3176
 3192
 3202
 3206
 3206
 3204
 3196
 3190
 3184
 3174
 3154
 3124
 3084
 3042
 2994
 2946
 2900
 2854
 2812
 2774
 2736
 2708
 2688
 2676
 2668
 2668
 2672
 2682
 2694
 2706
 2716
 2726
 2734
 2752
 2772
 2788
 2802
 2814
 2826
 2836
 2844
 2854
 2866
 2882
 2898
 2914
 2922
 2924
 2922
 2924
 2926
 2924
 2928
 2932
 2936
 2942
 2942
 2936
 2922
 2904
 2884
 2856
 2814
 2770
 2718
 2670
 2622
 2572
 2528
 2488
 2444
 2400
 2352
 2306
 2264
 2230
 2204
 2184
 2170
 2154
 2142
 2126
 2104
 2082
 2060
 2044
 2018
 1994
 1962
 1928
 1896
 1862
 1822
 1792
 1772
 1760
 1752
 1746
 1742
 1744
 1750
 1762
 1778
 1792
 1808
 1826
 1852
 1884
 1908
 1926
 1930
 1916
 1890
 1862
 1842
 1830
 1822
 1822
 1818
 1818
 1816
 1816
 1818
 1816
 1814
 1814
 1834
 1876
 1922
 1962
 2002
 2036
 2070
 2102
 2136
 2174
 2214
 2258
 2300
 2340
 2376
 2412
 2446
 2472
 2496
 2514
 2536
 2564
 2586
 2602
 2618
 2630
 2642
 2652
 2666
 2682
 2692
 2696
 2700
 2718
 2744
 2778
 2814
 2838
 2854
 2866
 2878
 2892
 2910
 2924
 2930
 2934
 2932
 2932
 2932
 2936
 2936
 2930
 2920
 2902
 2874
 2838
 2792
 2754
 2712
 2666
 2622
 2580
 2536
 2496
 2458
 2418
 2380
 2346
 2312
 2278
 2240
 2206
 2172
 2142
 2112
 2084
 2058
 2038
 2026
 2020
 2018
 2022
 2028
 2034
 2044
 2056
 2070
 2086
 2104
 2124
 2148
 2176
 2200
 2226
 2250
 2278
 2310
 2338
 2366
 2392
 2424
 2462
 2492
 2518
 2540
 2558
 2580
 2596
 2616
 2638
 2656
 2674
 2692
 2708
 2722
 2734
 2742
 2754
 2760
 2766
 2774
 2782
 2788
 2796
 2804
 2808
 2810
 2812
 2818
 2828
 2844
 2858
 2872
 2886
 2898
 2902
 2902
 2906
 2906
 2908
 2906
 2904
 2902
 2904
 2902
 2902
 2900
 2900
 2898
 2896
 2892
 2886
 2882
 2878
 2874
 2870
 2874
 2882
 2886
 2888
 2888
 2886
 2886
 2886
 2886
 2888
 2880
 2860
 2832
 2798
 2758
 2720
 2678
 2636
 2592
 2548
 2506
 2464
 2422
 2380
 2338
 2292
 2246
 2204
 2168
 2130
 2090
 2048
 2006
 1968
 1934
 1896
 1864
 1832
 1800
 1770
 1742
 1718
 1702
 1696
 1696
 1704
 1720
 1736
 1754
 1778
 1804
 1832
 1862
 1894
 1940
 1986
 2028
 2068
 2106
 2146
 2184
 2218
 2254
 2290
 2322
 2360
 2390
 2420
 2446
 2474
 2500
 2524
 2546
 2566
 2584
 2602
 2622
 2634
 2644
 2650
 2658
 2676
 2692
 2704
 2712
 2720
 2726
 2732
 2738
 2746
 2752
 2756
 2758
 2760
 2762
 2764
 2768
 2772
 2772
 2776
 2778
 2778
 2780
 2782
 2780
 2776
 2774
 2774
 2784
 2792
 2794
 2798
 2796
 2794
 2796
 2798
 2804
 2806
 2810
 2812
 2812
 2814
 2814
 2814
 2816
 2818
 2818
 2820
 2820
 2818
 2816
 2808
 2800
 2792
 2790
 2792
 2794
 2788
 2776
 2752
 2722
 2690
 2660
 2630
 2598
 2564
 2530
 2494
 2458
 2422
 2386
 2352
 2328
 2312
 2298
 2282
 2262
 2230
 2198
 2170
 2148
 2134
 2124
 2114
 2104
 2100
 2108
 2118
 2142
 2172
 2206
 2244
 2280
 2318
 2360
 2402
 2446
 2484
 2524
 2556
 2584
 2606
 2632
 2670
 2700
 2726
 2746
 2752
 2742
 2716
 2688
 2668
 2652
 2640
 2636
 2632
 2630
 2630
 2634
 2636
 2634
 2634
 2626
 2624
 2628
 2654
 2682
 2704
 2726
 2742
 2758
 2772
 2784
 2798
 2812
 2826
 2842
 2852
 2864
 2880
 2894
 2908
 2916
 2922
 2920
 2920
 2936
 2946
 2948
 2946
 2942
 2940
 2938
 2940
 2942
 2942
 2942
 2942
 2942
 2940
 2940
 2940
 2940
 2940
 2940
 2940
 2936
 2928
 2922
 2924
 2918
 2914
 2912
 2918
 2928
 2928
 2922
 2918
 2926
 2938
 2940
 2928
 2908
 2882
 2846
 2798
 2752
 2704
 2654
 2600
 2548
 2500
 2448
 2402
 2356
 2302
 2254
 2206
 2160
 2106
 2050
 1990
 1928
 1872
 1818
 1768
 1728
 1692
 1660
 1640
 1626
 1622
 1626
 1640
 1662
 1692
 1726
 1764
 1802
 1846
 1896
 1952
 2026
 2098
 2164
 2224
 2280
 2332
 2378
 2420
 2466
 2506
 2540
 2576
 2608
 2638
 2664
 2690
 2712
 2736
 2758
 2778
 2796
 2814
 2830
 2838
 2844
 2850
 2866
 2886
 2898
 2906
 2908
 2914
 2918
 2918
 2926
 2932
 2936
 2938
 2938
 2938
 2938
 2940
 2940
 2940
 2940
 2938
 2936
 2932
 2926
 2920
 2916
 2912
 2904
 2894
 2888
 2896
 2902
 2906
 2906
 2902
 2896
 2884
 2866
 2842
 2812
 2772
 2732
 2688
 2642
 2596
 2550
 2504
 2454
 2404
 2354
 2302
 2250
 2202
 2152
 2102
 2064
 2034
 2016
 2004
 1994
 1986
 1984
 1988
 1998
 2010
 2034
 2056
 2088
 2116
 2140
 2162
 2184
 2212
 2254
 2298
 2344
 2388
 2430
 2468
 2502
 2530
 2566
 2612
 2650
 2684
 2712
 2734
 2758
 2776
 2790
 2806
 2806
 2780
 2764
 2796
 2866
 2956
 3044
 3110
 3148
 3164
 3172
 3178
 3180
 3174
 3158
 3138
 3124
 3106
 3090
 3068
 3046
 3026
 3002
 2980
 2964
 2946
 2928
 2902
 2878
 2848
 2818
 2782
 2744
 2706
 2666
 2624
 2582
 2538
 2496
 2456
 2426
 2390
 2350
 2304
 2252
 2198
 2138
 2086
 2036
 1984
 1934
 1886
 1840
 1800
 1768
 1744
 1730
 1724
 1728
 1738
 1754
 1780
 1812
 1858
 1906
 1950
 1994
 2038
 2086
 2132
 2174
 2222
 2268
 2312
 2352
 2388
 2422
 2456
 2488
 2518
 2548
 2576
 2604
 2628
 2642
 2654
 2668
 2696
 2720
 2740
 2754
 2764
 2776
 2786
 2794
 2808
 2816
 2820
 2826
 2828
 2830
 2834
 2838
 2842
 2844
 2850
 2856
 2864
 2872
 2878
 2878
 2876
 2878
 2884
 2878
 2864
 2836
 2798
 2756
 2710
 2662
 2620
 2576
 2532
 2484
 2436
 2388
 2338
 2290
 2244
 2198
 2154
 2110
 2068
 2024
 1980
 1938
 1898
 1864
 1826
 1784
 1742
 1704
 1668
 1638
 1610
 1598
 1590
 1590
 1598
 1612
 1634
 1668
 1708
 1750
 1798
 1848
 1900
 1948
 1994
 2040
 2096
 2168
 2232
 2288
 2336
 2380
 2424
 2464
 2498
 2540
 2576
 2612
 2646
 2674
 2700
 2728
 2752
 2774
 2796
 2814
 2834
 2852
 2872
 2888
 2896
 2900
 2904
 2922
 2940
 2950
 2956
 2954
 2954
 2954
 2952
 2950
 2944
 2932
 2908
 2876
 2840
 2798
 2752
 2710
 2664
 2616
 2568
 2516
 2468
 2416
 2364
 2314
 2266
 2222
 2178
 2130
 2078
 2028
 1982
 1940
 1900
 1870
 1838
 1806
 1774
 1742
 1714
 1692
 1680
 1680
 1688
 1704
 1728
 1752
 1786
 1824
 1878
 1934
 1982
 2026
 2070
 2118
 2166
 2206
 2248
 2286
 2322
 2356
 2390
 2422
 2452
 2484
 2514
 2546
 2578
 2608
 2638
 2660
 2678
 2692
 2714
 2746
 2772
 2794
 2810
 2824
 2840
 2852
 2868
 2888
 2904
 2914
 2922
 2930
 2934
 2938
 2940
 2944
 2948
 2952
 2954
 2952
 2946
 2932
 2904
 2862
 2818
 2774
 2716
 2658
 2600
 2548
 2504
 2458
 2422
 2388
 2356
 2330
 2308
 2294
 2276
 2260
 2240
 2214
 2182
 2142
 2086
 2012
 1928
 1844
 1756
 1668
 1580
 1490
 1398
 1308
 1230
 1158
 1102
 1064
 1046
 1052
 1072
 1104
 1138
 1174
 1212
 1250
 1296
 1344
 1402
 1466
 1544
 1636
 1720
 1796
 1866
 1932
 1994
 2044
 2092
 2146
 2192
 2236
 2280
 2320
 2362
 2404
 2444
 2486
 2530
 2560
 2584
 2606
 2636
 2682
 2718
 2748
 2772
 2792
 2810
 2826
 2844
 2864
 2878
 2886
 2892
 2898
 2906
 2912
 2922
 2928
 2934
 2940
 2942
 2936
 2928
 2938
 2948
 2954
 2960
 2958
 2958
 2956
 2954
 2958
 2950
 2936
 2914
 2886
 2852
 2818
 2784
 2746
 2714
 2680
 2646
 2612
 2572
 2530
 2492
 2460
 2422
 2376
 2328
 2278
 2232
 2186
 2140
 2100
 2058
 2014
 1972
 1930
 1892
 1858
 1832
 1816
 1806
 1808
 1816
 1830
 1852
 1886
 1934
 1990
 2048
 2110
 2168
 2226
 2278
 2328
 2376
 2422
 2462
 2498
 2534
 2564
 2592
 2622
 2648
 2676
 2702
 2726
 2748
 2770
 2782
 2792
 2802
 2822
 2848
 2870
 2886
 2894
 2904
 2910
 2908
 2914
 2920
 2924
 2924
 2922
 2920
 2922
 2926
 2930
 2934
 2938
 2942
 2944
 2946
 2946
 2940
 2926
 2906
 2878
 2856
 2836
 2804
 2768
 2726
 2680
 2636
 2584
 2536
 2488
 2436
 2384
 2328
 2274
 2220
 2168
 2118
 2072
 2030
 1986
 1948
 1906
 1862
 1822
 1786
 1750
 1720
 1686
 1656
 1626
 1612
 1606
 1602
 1610
 1624
 1648
 1678
 1714
 1752
 1798
 1844
 1892
 1936
 1982
 2026
 2072
 2118
 2160
 2218
 2274
 2322
 2362
 2392
 2426
 2454
 2478
 2506
 2532
 2558
 2582
 2608
 2632
 2656
 2680
 2704
 2728
 2750
 2766
 2778
 2786
 2802
 2828
 2848
 2864
 2872
 2876
 2882
 2884
 2890
 2896
 2896
 2898
 2902
 2904
 2904
 2906
 2910
 2916
 2924
 2928
 2926
 2926
 2922
 2926
 2938
 2940
 2944
 2940
 2932
 2920
 2894
 2866
 2834
 2796
 2762
 2722
 2676
 2630
 2584
 2538
 2492
 2446
 2402
 2358
 2316
 2274
 2234
 2196
 2160
 2124
 2080
 2034
 1986
 1940
 1898
 1854
 1820
 1788
 1760
 1738
 1726
 1724
 1738
 1760
 1794
 1836
 1880
 1930
 1972
 2018
 2064
 2114
 2176
 2230
 2280
 2326
 2368
 2406
 2440
 2476
 2512
 2544
 2574
 2602
 2626
 2652
 2676
 2700
 2722
 2746
 2770
 2792
 2812
 2830
 2844
 2854
 2864
 2882
 2908
 2920
 2928
 2934
 2936
 2942
 2940
 2944
 2952
 2962
 2990
 3028
 3066
 3100
 3126
 3138
 3142
 3140
 3134
 3124
 3114
 3096
 3062
 3016
 2966
 2920
 2878
 2828
 2780
 2730
 2678
 2632
 2586
 2546
 2504
 2460
 2408
 2358
 2302
 2244
 2188
 2132
 2080
 2028
 1982
 1936
 1894
 1858
 1828
 1806
 1792
 1784
 1784
 1798
 1824
 1850
 1884
 1922
 1960
 2000
 2040
 2082
 2124
 2168
 2214
 2258
 2302
 2344
 2378
 2406
 2440
 2490
 2538
 2582
 2618
 2648
 2670
 2690
 2708
 2730
 2746
 2764
 2780
 2796
 2810
 2826
 2840
 2858
 2874
 2888
 2896
 2898
 2894
 2900
 2914
 2924
 2930
 2924
 2922
 2922
 2920
 2922
 2926
 2926
 2926
 2922
 2914
 2900
 2882
 2858
 2828
 2792
 2742
 2690
 2636
 2588
 2548
 2494
 2448
 2400
 2354
 2318
 2286
 2264
 2244
 2220
 2194
 2160
 2122
 2082
 2042
 2002
 1964
 1922
 1884
 1846
 1810
 1788
 1764
 1746
 1738
 1740
 1756
 1778
 1818
 1866
 1916
 1974
 2028
 2078
 2130
 2180
 2232
 2284
 2332
 2382
 2426
 2464
 2500
 2534
 2584
 2628
 2664
 2698
 2724
 2748
 2768
 2784
 2798
 2794
 2784
 2770
 2756
 2744
 2740
 2738
 2740
 2742
 2746
 2748
 2748
 2744
 2746
 2758
 2772
 2784
 2798
 2816
 2836
 2854
 2870
 2890
 2908
 2924
 2936
 2948
 2954
 2960
 2966
 2974
 2980
 2980
 2974
 2978
 2992
 3002
 3010
 3010
 3010
 3010
 3010
 3016
 3034
 3058
 3086
 3114
 3138
 3158
 3176
 3190
 3196
 3196
 3184
 3168
 3162
 3156
 3146
 3132
 3108
 3082
 3046
 3000
 2954
 2900
 2840
 2778
 2720
 2658
 2598
 2540
 2478
 2418
 2362
 2306
 2248
 2194
 2140
 2092
 2044
 1990
 1936
 1882
 1830
 1778
 1724
 1678
 1628
 1578
 1524
 1466
 1416
 1372
 1342
 1326
 1328
 1344
 1372
 1416
 1462
 1512
 1570
 1632
 1718
 1804
 1878
 1946
 2010
 2068
 2122
 2172
 2228
 2286
 2346
 2396
 2442
 2478
 2512
 2548
 2580
 2612
 2646
 2678
 2710
 2742
 2770
 2798
 2818
 2834
 2846
 2868
 2904
 2936
 2974
 3008
 3044
 3078
 3100
 3116
 3128
 3134
 3134
 3132
 3126
 3122
 3118
 3118
 3114
 3106
 3100
 3096
 3092
 3088
 3082
 3074
 3062
 3044
 3030
 3018
 2994
 2962
 2924
 2882
 2846
 2802
 2762
 2726
 2688
 2648
 2608
 2564
 2522
 2484
 2444
 2404
 2366
 2328
 2288
 2250
 2214
 2170
 2132
 2092
 2056
 2020
 1980
 1940
 1900
 1868
 1840
 1816
 1804
 1798
 1804
 1816
 1832
 1854
 1886
 1928
 1974
 2022
 2070
 2120
 2166
 2208
 2252
 2306
 2362
 2408
 2448
 2484
 2520
 2550
 2578
 2608
 2638
 2664
 2688
 2708
 2724
 2736
 2742
 2754
 2794
 2860
 2938
 3020
 3086
 3130
 3162
 3194
 3218
 3234
 3238
 3236
 3236
 3232
 3226
 3224
 3220
 3212
 3206
 3198
 3186
 3176
 3168
 3158
 3140
 3112
 3078
 3036
 2988
 2934
 2886
 2844
 2796
 2746
 2692
 2638
 2590
 2538
 2486
 2440
 2388
 2332
 2278
 2220
 2164
 2110
 2060
 2010
 1962
 1916
 1872
 1826
 1780
 1740
 1702
 1672
 1640
 1604
 1570
 1542
 1524
 1508
 1496
 1492
 1492
 1496
 1496
 1504
 1512
 1530
 1556
 1586
 1624
 1666
 1712
 1762
 1810
 1862
 1916
 1982
 2050
 2108
 2160
 2208
 2258
 2308
 2350
 2396
 2436
 2474
 2510
 2544
 2574
 2602
 2632
 2662
 2692
 2722
 2748
 2776
 2802
 2826
 2850
 2874
 2894
 2906
 2912
 2916
 2922
 2936
 2946
 2954
 2958
 2954
 2954
 2954
 2952
 2958
 2960
 2960
 2960
 2958
 2954
 2952
 2948
 2940
 2930
 2918
 2900
 2878
 2854
 2828
 2802
 2776
 2750
 2724
 2682
 2640
 2596
 2562
 2526
 2484
 2440
 2390
 2344
 2302
 2252
 2210
 2168
 2118
 2072
 2022
 1970
 1924
 1880
 1834
 1796
 1762
 1734
 1718
 1710
 1708
 1716
 1730
 1752
 1786
 1826
 1880
 1938
 1990
 2040
 2092
 2146
 2194
 2242
 2294
 2340
 2386
 2428
 2466
 2502
 2538
 2570
 2602
 2632
 2662
 2690
 2716
 2738
 2754
 2768
 2780
 2802
 2828
 2848
 2868
 2880
 2890
 2900
 2908
 2912
 2920
 2926
 2930
 2934
 2934
 2936
 2940
 2944
 2946
 2948
 2950
 2952
 2956
 2956
 2948
 2940
 2930
 2928
 2930
 2922
 2908
 2886
 2856
 2820
 2780
 2738
 2696
 2648
 2602
 2556
 2508
 2458
 2412
 2366
 2322
 2278
 2236
 2194
 2156
 2120
 2086
 2054
 2022
 2000
 1988
 1988
 1996
 2008
 2026
 2046
 2076
 2112
 2148
 2190
 2230
 2264
 2288
 2310
 2338
 2374
 2416
 2454
 2490
 2526
 2558
 2590
 2622
 2646
 2666
 2682
 2708
 2744
 2772
 2796
 2814
 2832
 2850
 2864
 2882
 2904
 2922
 2940
 2954
 2964
 2970
 2976
 2984
 2994
 2998
 3004
 3006
 3008
 3006
 3004
 2994
 2982
 2972
 2970
 2966
 2952
 2928
 2894
 2856
 2816
 2766
 2722
 2678
 2630
 2586
 2540
 2492
 2444
 2398
 2354
 2310
 2264
 2218
 2174
 2130
 2082
 2036
 1994
 1952
 1912
 1868
 1822
 1780
 1740
 1708
 1682
 1666
 1660
 1662
 1676
 1696
 1726
 1762
 1802
 1854
 1910
 1968
 2028
 2082
 2134
 2186
 2238
 2300
 2356
 2404
 2446
 2482
 2518
 2548
 2578
 2610
 2638
 2666
 2690
 2716
 2740
 2762
 2784
 2804
 2822
 2838
 2856
 2874
 2888
 2908
 2924
 2932
 2936
 2934
 2930
 2936
 2936
 2936
 2930
 2926
 2916
 2904
 2886
 2866
 2834
 2786
 2734
 2678
 2620
 2562
 2506
 2450
 2398
 2352
 2310
 2272
 2232
 2190
 2150
 2116
 2082
 2046
 2008
 1966
 1926
 1892
 1856
 1822
 1794
 1766
 1738
 1716
 1698
 1686
 1690
 1706
 1730
 1760
 1794
 1840
 1892
 1958
 2032
 2100
 2162
 2220
 2274
 2324
 2364
 2406
 2440
 2476
 2518
 2558
 2600
 2640
 2678
 2712
 2748
 2782
 2814
 2844
 2874
 2904
 2946
 2986
 3020
 3048
 3070
 3094
 3108
 3122
 3136
 3150
 3164
 3174
 3188
 3198
 3208
 3212
 3202
 3166
 3116
 3070
 3026
 2992
 2966
 2946
 2946
 2944
 2938
 2930
 2926
 2922
 2918
 2912
 2912
 2912
 2910
 2906
 2904
 2900
 2898
 2896
 2894
 2892
 2892
 2894
 2894
 2892
