 3324
 3310
 3320
 3306
 3302
 3302
 3304
 3300
 3296
 3296
 3302
 3306
 3318
 3322
 3324
 3322
 3320
 3300
 3264
 3214
 3160
 3086
 3006
 2926
 2846
 2766
 2698
 2632
 2568
 2502
 2442
 2372
 2304
 2250
 2210
 2174
 2146
 2126
 2116
 2116
 2122
 2128
 2138
 2154
 2178
 2212
 2244
 2276
 2304
 2328
 2350
 2368
 2386
 2414
 2450
 2492
 2530
 2570
 2602
 2628
 2664
 2696
 2746
 2816
 2892
 2970
 3044
 3116
 3188
 3224
 3232
 3244
 3250
 3256
 3256
 3254
 3258
 3266
 3278
 3322
 3378
 3458
 3556
 3672
 3802
 3904
 3970
 3998
 4024
 4064
 4074
 4082
 4092
 4078
 4018
 3942
 3854
 3752
 3626
 3498
 3364
 3218
 3068
 2902
 2754
 2630
 2528
 2422
 2306
 2202
 2126
 2074
 2028
 1968
 1906
 1878
 1854
 1834
 1840
 1864
 1890
 1910
 1962
 2032
 2114
 2200
 2278
 2348
 2412
 2458
 2486
 2512
 2538
 2554
 2554
 2554
 2570
 2584
 2598
 2614
 2636
 2670
 2708
 2746
 2788
 2828
 2862
 2886
 2894
 2902
 2894
 2864
 2842
 2848
 2848
 2842
 2848
 2854
 2848
 2846
 2834
 2828
 2818
 2810
 2796
 2782
 2772
 2760
 2744
 2734
 2736
 2742
 2748
 2762
 2776
 2786
 2792
 2790
 2788
 2786
 2786
 2784
 2786
 2794
 2788
 2782
 2782
 2788
 2796
 2804
 2808
 2810
 2810
 2810
 2810
 2812
 2812
 2810
 2808
 2810
 2808
 2804
 2806
 2822
 2830
 2838
 2848
 2856
 2860
 2866
 2872
 2874
 2884
 2886
 2888
 2898
 2894
 2884
 2882
 2888
 2890
 2890
 2898
 2902
 2908
 2910
 2914
 2918
 2920
 2920
 2916
 2912
 2904
 2886
 2862
 2842
 2820
 2788
 2754
 2720
 2676
 2626
 2576
 2526
 2476
 2424
 2372
 2320
 2270
 2224
 2174
 2122
 2082
 2060
 2046
 2036
 2036
 2044
 2052
 2064
 2082
 2106
 2128
 2150
 2170
 2188
 2206
 2232
 2244
 2252
 2274
 2300
 2322
 2346
 2370
 2392
 2414
 2432
 2454
 2478
 2502
 2524
 2544
 2564
 2584
 2606
 2626
 2638
 2652
 2672
 2702
 2726
 2752
 2782
 2806
 2824
 2844
 2862
 2880
 2894
 2906
 2912
 2914
 2920
 2926
 2932
 2938
 2930
 2926
 2922
 2918
 2902
 2884
 2862
 2824
 2782
 2736
 2690
 2640
 2586
 2534
 2478
 2418
 2362
 2302
 2240
 2182
 2116
 2050
 1996
 1962
 1936
 1916
 1910
 1908
 1912
 1922
 1934
 1954
 1978
 2002
 2026
 2050
 2074
 2098
 2122
 2146
 2158
 2172
 2190
 2216
 2244
 2272
 2302
 2334
 2362
 2388
 2416
 2446
 2474
 2502
 2528
 2552
 2578
 2602
 2624
 2648
 2666
 2676
 2694
 2720
 2748
 2772
 2800
 2824
 2842
 2860
 2876
 2892
 2908
 2920
 2926
 2928
 2932
 2938
 2942
 2948
 2948
 2940
 2932
 2934
 2934
 2934
 2930
 2926
 2914
 2902
 2888
 2878
 2866
 2852
 2842
 2830
 2822
 2818
 2812
 2808
 2806
 2796
 2786
 2788
 2800
 2808
 2818
 2830
 2836
 2842
 2848
 2852
 2856
 2862
 2864
 2868
 2872
 2878
 2882
 2886
 2890
 2886
 2880
 2882
 2892
 2896
 2900
 2908
 2910
 2906
 2896
 2886
 2870
 2854
 2830
 2798
 2760
 2716
 2662
 2602
 2540
 2466
 2384
 2308
 2238
 2166
 2092
 2016
 1942
 1866
 1800
 1740
 1698
 1666
 1648
 1638
 1638
 1650
 1668
 1694
 1716
 1738
 1772
 1812
 1858
 1906
 1956
 2006
 2054
 2104
 2154
 2202
 2250
 2296
 2338
 2376
 2414
 2452
 2486
 2518
 2542
 2560
 2586
 2618
 2648
 2678
 2708
 2734
 2756
 2774
 2790
 2804
 2818
 2830
 2840
 2848
 2860
 2866
 2874
 2878
 2880
 2876
 2876
 2884
 2896
 2904
 2916
 2926
 2932
 2932
 2924
 2918
 2906
 2890
 2866
 2832
 2792
 2748
 2698
 2640
 2580
 2516
 2438
 2362
 2292
 2226
 2156
 2082
 2008
 1928
 1848
 1766
 1690
 1626
 1574
 1532
 1498
 1480
 1474
 1480
 1494
 1516
 1534
 1556
 1592
 1634
 1682
 1732
 1786
 1838
 1892
 1944
 1994
 2048
 2106
 2162
 2212
 2254
 2290
 2324
 2362
 2396
 2432
 2464
 2496
 2536
 2584
 2628
 2672
 2712
 2748
 2774
 2788
 2800
 2818
 2834
 2848
 2854
 2852
 2842
 2824
 2804
 2778
 2746
 2698
 2646
 2598
 2552
 2490
 2418
 2338
 2244
 2134
 2026
 1926
 1828
 1730
 1634
 1538
 1444
 1356
 1282
 1218
 1152
 1108
 1084
 1076
 1078
 1092
 1116
 1148
 1180
 1212
 1252
 1304
 1360
 1420
 1482
 1544
 1616
 1684
 1736
 1794
 1858
 1924
 1992
 2062
 2130
 2192
 2246
 2290
 2332
 2374
 2412
 2448
 2482
 2510
 2540
 2568
 2588
 2598
 2616
 2638
 2662
 2682
 2706
 2726
 2744
 2756
 2768
 2782
 2790
 2802
 2810
 2816
 2824
 2830
 2838
 2840
 2838
 2836
 2844
 2858
 2870
 2884
 2902
 2914
 2920
 2922
 2918
 2906
 2890
 2872
 2850
 2822
 2788
 2744
 2692
 2638
 2574
 2500
 2434
 2374
 2308
 2236
 2170
 2102
 2034
 1970
 1912
 1862
 1824
 1798
 1780
 1778
 1788
 1808
 1832
 1868
 1902
 1934
 1976
 2026
 2086
 2142
 2202
 2258
 2308
 2354
 2396
 2438
 2478
 2516
 2550
 2580
 2614
 2640
 2662
 2682
 2700
 2718
 2728
 2734
 2746
 2766
 2786
 2802
 2824
 2838
 2848
 2856
 2864
 2872
 2878
 2884
 2886
 2888
 2894
 2896
 2898
 2898
 2896
 2896
 2892
 2878
 2866
 2862
 2856
 2846
 2838
 2822
 2802
 2778
 2752
 2728
 2706
 2684
 2666
 2650
 2640
 2634
 2630
 2630
 2628
 2634
 2642
 2644
 2652
 2666
 2688
 2710
 2732
 2754
 2768
 2782
 2794
 2804
 2814
 2824
 2836
 2844
 2852
 2862
 2868
 2874
 2878
 2882
 2884
 2878
 2882
 2894
 2908
 2920
 2936
 2944
 2942
 2936
 2926
 2912
 2898
 2878
 2852
 2820
 2780
 2732
 2680
 2620
 2554
 2486
 2404
 2320
 2240
 2160
 2076
 1998
 1922
 1836
 1744
 1648
 1552
 1460
 1372
 1288
 1200
 1126
 1070
 1028
 1006
 998
 994
 1014
 1052
 1102
 1156
 1226
 1304
 1382
 1466
 1550
 1640
 1734
 1832
 1922
 1996
 2060
 2122
 2182
 2234
 2274
 2314
 2362
 2412
 2452
 2490
 2528
 2562
 2596
 2622
 2650
 2678
 2702
 2726
 2746
 2770
 2790
 2814
 2834
 2844
 2852
 2862
 2888
 2910
 2928
 2946
 2954
 2956
 2950
 2944
 2930
 2908
 2880
 2844
 2796
 2740
 2676
 2600
 2520
 2432
 2332
 2236
 2150
 2068
 1988
 1912
 1838
 1766
 1692
 1622
 1564
 1518
 1488
 1464
 1452
 1452
 1466
 1488
 1518
 1552
 1584
 1628
 1682
 1744
 1804
 1868
 1932
 1986
 2046
 2098
 2152
 2208
 2264
 2312
 2352
 2392
 2430
 2464
 2492
 2520
 2556
 2586
 2614
 2646
 2684
 2712
 2730
 2750
 2768
 2776
 2780
 2784
 2786
 2782
 2774
 2758
 2732
 2704
 2688
 2678
 2668
 2666
 2668
 2668
 2666
 2674
 2682
 2674
 2670
 2672
 2670
 2672
 2672
 2676
 2682
 2688
 2694
 2696
 2696
 2698
 2700
 2702
 2694
 2682
 2678
 2686
 2694
 2700
 2706
 2718
 2728
 2746
 2770
 2802
 2830
 2850
 2868
 2882
 2894
 2910
 2916
 2910
 2904
 2902
 2886
 2858
 2820
 2762
 2684
 2588
 2490
 2384
 2270
 2154
 2030
 1900
 1782
 1664
 1536
 1436
 1358
 1270
 1186
 1112
 1032
 952
 888
 828
 790
 770
 764
 776
 810
 856
 900
 946
 1012
 1088
 1186
 1294
 1404
 1542
 1700
 1844
 1974
 2104
 2240
 2366
 2488
 2618
 2736
 2844
 2930
 2974
 3008
 3052
 3084
 3112
 3152
 3186
 3188
 3168
 3140
 3124
 3122
 3144
 3180
 3218
 3258
 3294
 3316
 3330
 3356
 3380
 3396
 3418
 3438
 3444
 3442
 3434
 3426
 3410
 3384
 3350
 3300
 3238
 3170
 3086
 2994
 2908
 2834
 2748
 2662
 2582
 2510
 2442
 2380
 2316
 2254
 2190
 2130
 2062
 1988
 1918
 1856
 1784
 1722
 1684
 1676
 1676
 1684
 1706
 1732
 1758
 1784
 1820
 1866
 1916
 1966
 2022
 2074
 2136
 2196
 2244
 2302
 2366
 2444
 2520
 2600
 2686
 2764
 2830
 2892
 2950
 3004
 3056
 3098
 3130
 3156
 3180
 3194
 3200
 3204
 3222
 3248
 3266
 3284
 3300
 3310
 3314
 3316
 3316
 3310
 3296
 3268
 3234
 3190
 3130
 3062
 2984
 2888
 2798
 2722
 2648
 2564
 2474
 2378
 2282
 2182
 2080
 1980
 1886
 1790
 1692
 1596
 1498
 1406
 1312
 1210
 1122
 1046
 970
 904
 852
 802
 750
 706
 672
 646
 628
 618
 612
 614
 624
 618
 612
 618
 622
 626
 632
 640
 646
 654
 652
 652
 650
 632
 606
 564
 508
 444
 366
 290
 198
 100
 6
 0
 0
 0
 0
 0
 0
 0
 0
 0
 0
 0
 0
 0
 0
 0
 0
 0
 0
 0
 0
 0
 0
 0
 0
 0
 0
 0
 0
 0
 0
 0
 0
 0
 0
 0
 0
 0
 0
 0
 0
 0
 0
 0
 0
 0
 0
 0
 0
 0
 0
 0
 0
 0
 0
 0
 0
 0
 0
 0
 0
 0
 0
 0
 0
 0
 0
 0
 0
 0
 0
 0
 0
 0
 0
 0
 0
 0
 0
 0
 0
 0
 0
 0
 0
 0
 0
 0
 0
 0
 0
 70
 174
 264
 358
 454
 550
 652
 754
 854
 956
 1054
 1154
 1258
 1356
 1446
 1536
 1626
 1718
 1816
 1910
 2002
 2094
 2180
 2258
 2324
 2390
 2464
 2536
 2600
 2658
 2710
 2762
 2808
 2848
 2884
 2904
 2914
 2932
 2956
 2976
 2996
 3016
 3032
 3044
 3052
 3064
 3074
 3080
 3088
 3092
 3096
 3092
 3080
 3074
 3060
 3044
 3036
 3040
 3048
 3052
 3056
 3062
 3064
 3060
 3058
 3058
 3054
 3048
 3044
 3042
 3040
 3032
 3020
 3008
 3006
 3010
 3014
 3018
 3022
 3028
 3028
 3026
 3024
 3026
 3028
 3028
 3026
 3026
 3028
 3024
 3016
 3012
 3014
 3018
 3022
 3026
 3024
 3022
 3018
 3016
 3016
 3014
 3012
 3012
 3010
 3012
 3014
 3008
 2996
 2992
 2992
 2996
 2998
 3004
 3008
 3010
 3008
 3008
 3012
 3014
 3012
 3010
 3012
 3012
 3014
 3012
 2996
 2984
 2982
 2986
 2990
 2996
 3004
 3008
 3010
 3010
 3010
 3008
 3004
 3000
 2994
 2990
 2986
 2984
 2982
 2970
 2960
 2956
 2960
 2962
 2964
 2962
 2958
 2952
 2950
 2946
 2942
 2938
 2930
 2916
 2898
 2874
 2842
 2802
 2750
 2694
 2642
 2588
 2532
 2476
 2422
 2366
 2314
 2268
 2232
 2204
 2178
 2162
 2150
 2146
 2148
 2156
 2160
 2162
 2174
 2188
 2202
 2222
 2242
 2262
 2280
 2296
 2314
 2338
 2358
 2374
 2390
 2406
 2422
 2442
 2454
 2464
 2478
 2498
 2516
 2534
 2554
 2572
 2588
 2602
 2618
 2634
 2652
 2664
 2678
 2690
 2706
 2722
 2730
 2730
 2734
 2740
 2748
 2756
 2768
 2780
 2788
 2792
 2800
 2806
 2814
 2820
 2824
 2832
 2836
 2846
 2854
 2852
 2848
 2850
 2862
 2872
 2880
 2894
 2902
 2906
 2904
 2908
 2910
 2914
 2918
 2918
 2920
 2922
 2926
 2926
 2910
 2898
 2894
 2898
 2898
 2898
 2896
 2886
 2872
 2850
 2820
 2788
 2750
 2706
 2658
 2604
 2550
 2496
 2436
 2364
 2292
 2224
 2162
 2106
 2054
 2010
 1974
 1946
 1928
 1920
 1924
 1936
 1952
 1976
 2002
 2034
 2068
 2104
 2134
 2162
 2196
 2238
 2282
 2326
 2370
 2414
 2452
 2490
 2522
 2552
 2586
 2614
 2640
 2662
 2686
 2708
 2726
 2746
 2756
 2762
 2772
 2790
 2806
 2824
 2850
 2872
 2886
 2894
 2904
 2908
 2906
 2904
 2904
 2902
 2904
 2904
 2904
 2906
 2902
 2892
 2888
 2894
 2898
 2898
 2898
 2892
 2876
 2856
 2826
 2796
 2754
 2706
 2656
 2600
 2536
 2470
 2402
 2326
 2240
 2158
 2086
 2016
 1942
 1874
 1810
 1744
 1682
 1628
 1586
 1560
 1550
 1558
 1570
 1590
 1614
 1648
 1688
 1722
 1764
 1814
 1874
 1934
 1994
 2054
 2108
 2160
 2210
 2258
 2306
 2354
 2400
 2440
 2478
 2512
 2544
 2572
 2590
 2608
 2630
 2658
 2684
 2710
 2734
 2754
 2772
 2786
 2802
 2814
 2826
 2834
 2844
 2852
 2860
 2870
 2872
 2872
 2874
 2882
 2892
 2898
 2904
 2910
 2914
 2920
 2930
 2938
 2940
 2942
 2942
 2936
 2926
 2910
 2890
 2860
 2816
 2766
 2716
 2668
 2610
 2546
 2484
 2408
 2328
 2244
 2164
 2084
 2004
 1924
 1846
 1770
 1696
 1630
 1578
 1526
 1490
 1474
 1476
 1492
 1518
 1554
 1602
 1650
 1702
 1760
 1824
 1894
 1962
 2028
 2094
 2160
 2224
 2282
 2332
 2380
 2430
 2486
 2538
 2584
 2630
 2676
 2710
 2738
 2762
 2786
 2808
 2828
 2846
 2860
 2874
 2884
 2888
 2896
 2898
 2896
 2892
 2890
 2896
 2900
 2904
 2906
 2900
 2886
 2866
 2844
 2816
 2780
 2742
 2696
 2648
 2594
 2536
 2476
 2410
 2338
 2260
 2188
 2122
 2060
 1996
 1936
 1882
 1836
 1810
 1798
 1796
 1802
 1824
 1858
 1894
 1934
 1980
 2032
 2090
 2146
 2192
 2248
 2304
 2358
 2408
 2458
 2506
 2548
 2584
 2614
 2646
 2678
 2706
 2730
 2752
 2772
 2794
 2810
 2826
 2840
 2850
 2862
 2880
 2904
 2926
 2940
 2950
 2958
 2960
 2958
 2950
 2938
 2922
 2900
 2876
 2844
 2810
 2766
 2718
 2668
 2614
 2552
 2490
 2434
 2382
 2326
 2276
 2230
 2184
 2148
 2124
 2114
 2116
 2128
 2146
 2168
 2196
 2232
 2270
 2310
 2350
 2384
 2420
 2460
 2510
 2556
 2600
 2646
 2688
 2722
 2750
 2776
 2798
 2818
 2836
 2852
 2864
 2880
 2888
 2894
 2900
 2890
 2884
 2884
 2894
 2900
 2908
 2918
 2924
 2926
 2926
 2924
 2918
 2908
 2894
 2874
 2848
 2818
 2784
 2742
 2700
 2644
 2586
 2532
 2484
 2428
 2376
 2322
 2268
 2212
 2156
 2106
 2060
 2022
 1994
 1972
 1964
 1966
 1980
 2006
 2032
 2064
 2108
 2162
 2224
 2290
 2356
 2420
 2476
 2528
 2572
 2616
 2656
 2690
 2720
 2746
 2772
 2796
 2812
 2826
 2834
 2836
 2844
 2860
 2874
 2886
 2898
 2906
 2912
 2918
 2918
 2916
 2916
 2914
 2914
 2912
 2910
 2910
 2906
 2904
 2900
 2890
 2882
 2882
 2886
 2884
 2880
 2872
 2854
 2832
 2804
 2770
 2736
 2698
 2656
 2610
 2562
 2514
 2460
 2404
 2348
 2282
 2214
 2156
 2104
 2050
 1998
 1950
 1904
 1864
 1834
 1814
 1808
 1816
 1834
 1862
 1894
 1938
 1988
 2044
 2104
 2158
 2212
 2270
 2336
 2402
 2466
 2528
 2584
 2630
 2670
 2702
 2732
 2758
 2778
 2796
 2810
 2824
 2836
 2842
 2850
 2856
 2854
 2852
 2858
 2870
 2880
 2890
 2902
 2906
 2910
 2904
 2904
 2906
 2904
 2904
 2900
 2896
 2892
 2884
 2870
 2854
 2828
 2794
 2762
 2732
 2694
 2650
 2598
 2530
 2450
 2366
 2282
 2194
 2110
 2028
 1946
 1862
 1776
 1692
 1604
 1522
 1436
 1344
 1264
 1192
 1130
 1078
 1040
 1016
 1004
 1006
 1018
 1046
 1088
 1146
 1222
 1306
 1410
 1522
 1636
 1740
 1850
 1968
 2082
 2188
 2280
 2370
 2462
 2546
 2618
 2686
 2748
 2802
 2846
 2876
 2900
 2918
 2932
 2948
 2962
 2972
 2978
 2992
 3014
 3026
 3032
 3044
 3050
 3056
 3058
 3062
 3054
 3034
 3002
 2954
 2892
 2822
 2740
 2640
 2520
 2396
 2298
 2222
 2154
 2098
 2074
 2068
 2064
 2066
 2074
 2074
 2074
 2086
 2106
 2128
 2142
 2160
 2180
 2194
 2214
 2246
 2282
 2318
 2356
 2396
 2440
 2492
 2542
 2580
 2610
 2626
 2628
 2626
 2624
 2624
 2624
 2632
 2640
 2654
 2662
 2680
 2696
 2712
 2726
 2744
 2760
 2770
 2776
 2776
 2776
 2776
 2784
 2788
 2786
 2784
 2780
 2770
 2764
 2770
 2778
 2784
 2794
 2806
 2810
 2812
 2814
 2814
 2808
 2804
 2804
 2798
 2796
 2796
 2794
 2788
 2782
 2788
 2798
 2810
 2830
 2846
 2850
 2846
 2830
 2812
 2778
 2732
 2678
 2604
 2532
 2450
 2358
 2270
 2176
 2068
 1950
 1838
 1726
 1612
 1500
 1388
 1282
 1178
 1078
 978
 880
 794
 708
 628
 564
 522
 488
 462
 446
 432
 426
 418
 414
 408
 398
 380
 368
 370
 364
 366
 382
 402
 422
 440
 458
 472
 484
 488
 500
 514
 528
 538
 542
 540
 532
 530
 524
 512
 500
 488
 484
 486
 486
 486
 494
 504
 514
 522
 530
 544
 554
 564
 580
 598
 618
 642
 658
 672
 680
 696
 712
 724
 738
 748
 758
 762
 758
 752
 754
 748
 748
 754
 762
 770
 778
 790
 804
 814
 824
 830
 838
 838
 840
 844
 846
 848
 848
 846
 846
 846
 844
 848
 848
 850
 850
 846
 846
 842
 834
 832
 834
 830
 828
 828
 826
 828
 830
 838
 840
 846
 852
 850
 852
 848
 842
 838
 832
 820
 814
 812
 814
 814
 814
 814
 812
 814
 814
 816
 826
 828
 834
 842
 844
 844
 846
 854
 872
 888
 902
 930
 964
 994
 1036
 1076
 1114
 1166
 1212
 1250
 1300
 1356
 1408
 1464
 1520
 1574
 1626
 1672
 1716
 1764
 1818
 1874
 1932
 1992
 2056
 2120
 2178
 2228
 2282
 2350
 2416
 2486
 2556
 2612
 2652
 2694
 2736
 2772
 2802
 2826
 2846
 2864
 2886
 2910
 2924
 2930
 2934
 2944
 2956
 2966
 2976
 2986
 2988
 2982
 2970
 2956
 2950
 2942
 2936
 2938
 2940
 2944
 2948
 2942
 2938
 2938
 2940
 2940
 2940
 2944
 2944
 2946
 2942
 2942
 2944
 2946
 2946
 2944
 2944
 2948
 2950
 2944
 2946
 2960
 2972
 2976
 2984
 2994
 2998
 2996
 2994
 2996
 2994
 2994
 2994
 2994
 2996
 3000
 2994
 2986
 2986
 2990
 2992
 2994
 3000
 3004
 3004
 2996
 2994
 2996
 2992
 2990
 2990
 2988
 2990
 2986
 2976
 2966
 2966
 2966
 2966
 2964
 2958
 2946
 2932
 2916
 2890
 2858
 2818
 2774
 2726
 2674
 2622
 2556
 2486
 2420
 2362
 2302
 2246
 2194
 2142
 2098
 2064
 2036
 2018
 2008
 2002
 2000
 2004
 2014
 2022
 2028
 2038
 2052
 2068
 2086
 2102
 2120
 2140
 2156
 2174
 2198
 2220
 2240
 2258
 2276
 2296
 2316
 2326
 2340
 2360
 2380
 2400
 2424
 2448
 2468
 2490
 2510
 2532
 2556
 2580
 2602
 2622
 2644
 2670
 2686
 2698
 2714
 2734
 2754
 2774
 2800
 2824
 2844
 2864
 2878
 2894
 2902
 2906
 2908
 2910
 2912
 2914
 2916
 2912
 2906
 2908
 2914
 2918
 2924
 2930
 2930
 2922
 2910
 2896
 2878
 2852
 2816
 2772
 2720
 2662
 2602
 2540
 2462
 2386
 2312
 2242
 2166
 2096
 2026
 1958
 1896
 1852
 1822
 1792
 1760
 1746
 1744
 1742
 1748
 1762
 1770
 1784
 1808
 1838
 1870
 1908
 1952
 1992
 2032
 2066
 2104
 2142
 2182
 2218
 2252
 2284
 2316
 2350
 2382
 2404
 2430
 2460
 2492
 2522
 2556
 2592
 2624
 2652
 2680
 2706
 2734
 2758
 2778
 2798
 2816
 2834
 2854
 2866
 2868
 2874
 2884
 2892
 2904
 2920
 2938
 2956
 2966
 2964
 2966
 2966
 2956
 2936
 2908
 2870
 2824
 2770
 2704
 2622
 2546
 2474
 2402
 2326
 2250
 2174
 2092
 2010
 1928
 1852
 1772
 1696
 1620
 1548
 1482
 1430
 1388
 1354
 1334
 1330
 1342
 1362
 1396
 1444
 1498
 1558
 1624
 1702
 1790
 1882
 1966
 2046
 2126
 2202
 2270
 2330
 2386
 2444
 2506
 2562
 2610
 2654
 2700
 2738
 2768
 2796
 2822
 2846
 2870
 2888
 2906
 2920
 2930
 2934
 2930
 2928
 2934
 2942
 2946
 2952
 2962
 2968
 2970
 2972
 2972
 2968
 2962
 2948
 2930
 2904
 2874
 2838
 2788
 2722
 2658
 2596
 2530
 2464
 2398
 2328
 2252
 2176
 2102
 2032
 1962
 1896
 1832
 1774
 1734
 1708
 1690
 1684
 1692
 1714
 1750
 1796
 1852
 1916
 1982
 2046
 2104
 2164
 2224
 2282
 2338
 2388
 2436
 2480
 2526
 2562
 2590
 2618
 2650
 2680
 2712
 2742
 2770
 2794
 2816
 2836
 2852
 2870
 2884
 2894
 2904
 2912
 2918
 2924
 2920
 2910
 2906
 2908
 2914
 2918
 2926
 2932
 2936
 2938
 2938
 2940
 2942
 2942
 2942
 2938
 2938
 2932
 2924
 2912
 2888
 2854
 2818
 2786
 2754
 2718
 2682
 2638
 2588
 2526
 2466
 2402
 2338
 2272
 2202
 2126
 2054
 1976
 1900
 1830
 1754
 1686
 1636
 1602
 1576
 1566
 1566
 1574
 1590
 1612
 1640
 1676
 1716
 1760
 1804
 1852
 1902
 1954
 2004
 2046
 2092
 2136
 2186
 2234
 2284
 2334
 2384
 2428
 2466
 2504
 2542
 2580
 2612
 2644
 2674
 2704
 2728
 2752
 2766
 2778
 2790
 2810
 2828
 2846
 2866
 2884
 2898
 2910
 2920
 2926
 2930
 2930
 2924
 2918
 2906
 2888
 2866
 2840
 2796
 2750
 2704
 2658
 2610
 2556
 2500
 2436
 2366
 2294
 2224
 2154
 2086
 2018
 1950
 1880
 1818
 1758
 1712
 1670
 1638
 1628
 1636
 1658
 1698
 1754
 1826
 1908
 1994
 2076
 2158
 2240
 2316
 2384
 2444
 2502
 2554
 2604
 2646
 2674
 2700
 2732
 2764
 2788
 2814
 2836
 2854
 2870
 2882
 2892
 2902
 2910
 2914
 2918
 2922
 2926
 2926
 2924
 2916
 2906
 2902
 2904
 2910
 2914
 2920
 2926
 2928
 2926
 2922
 2916
 2908
 2892
 2870
 2846
 2822
 2794
 2762
 2726
 2684
 2632
 2582
 2538
 2492
 2442
 2388
 2336
 2280
 2224
 2170
 2122
 2082
 2052
 2030
 2018
 2018
 2032
 2054
 2084
 2124
 2166
 2218
 2274
 2338
 2400
 2458
 2512
 2566
 2614
 2652
 2686
 2716
 2742
 2764
 2782
 2800
 2816
 2826
 2832
 2836
 2832
 2828
 2830
 2840
 2850
 2858
 2868
 2876
 2878
 2880
 2882
 2886
 2886
 2882
 2880
 2874
 2874
 2868
 2860
 2850
 2840
 2824
 2808
 2800
 2802
 2804
 2806
 2812
 2818
 2820
 2824
 2824
 2826
 2830
 2832
 2834
 2836
 2840
 2844
 2848
 2850
 2852
 2846
 2844
 2848
 2856
 2864
 2870
 2880
 2888
 2894
 2898
 2900
 2898
 2898
 2896
 2892
 2888
 2882
 2874
 2862
 2844
 2820
 2782
 2736
 2698
 2660
 2618
 2576
 2530
 2476
 2416
 2352
 2286
 2222
 2156
 2088
 2018
 1946
 1872
 1800
 1726
 1654
 1580
 1496
 1428
 1370
 1326
 1290
 1268
 1258
 1260
 1278
 1304
 1346
 1400
 1464
 1530
 1590
 1658
 1728
 1798
 1872
 1944
 2016
 2098
 2184
 2268
 2346
 2418
 2482
 2542
 2598
 2650
 2696
 2736
 2770
 2798
 2826
 2850
 2868
 2884
 2892
 2888
 2886
 2888
 2890
 2888
 2888
 2896
 2900
 2900
 2900
 2900
 2902
 2900
 2898
 2890
 2880
 2868
 2852
 2832
 2802
 2766
 2728
 2692
 2652
 2608
 2566
 2518
 2468
 2416
 2366
 2316
 2268
 2220
 2172
 2124
 2076
 2040
 2014
 1994
 1978
 1978
 1988
 2012
 2044
 2084
 2130
 2176
 2228
 2278
 2326
 2374
 2418
 2456
 2492
 2528
 2564
 2592
 2620
 2644
 2662
 2678
 2694
 2720
 2742
 2762
 2786
 2806
 2822
 2834
 2846
 2856
 2866
 2874
 2880
 2882
 2878
 2874
 2864
 2852
 2834
 2806
 2774
 2744
 2714
 2676
 2634
 2590
 2538
 2476
 2412
 2346
 2278
 2206
 2136
 2064
 1988
 1914
 1840
 1764
 1692
 1616
 1542
 1486
 1446
 1422
 1414
 1418
 1436
 1466
 1508
 1556
 1618
 1690
 1764
 1842
 1920
 2002
 2080
 2150
 2222
 2276
 2324
 2370
 2420
 2470
 2522
 2576
 2624
 2666
 2702
 2736
 2764
 2792
 2816
 2836
 2854
 2870
 2888
 2898
 2904
 2906
 2900
 2896
 2898
 2910
 2918
 2924
 2928
 2926
 2916
 2902
 2884
 2862
 2838
 2810
 2776
 2736
 2696
 2650
 2604
 2560
 2516
 2466
 2420
 2386
 2362
 2336
 2318
 2302
 2290
 2282
 2278
 2278
 2284
 2296
 2308
 2318
 2332
 2348
 2360
 2372
 2388
 2396
 2404
 2422
 2442
 2466
 2496
 2528
 2560
 2588
 2622
 2656
 2690
 2724
 2758
 2790
 2814
 2840
 2864
 2886
 2898
 2908
 2906
 2886
 2858
 2830
 2802
 2764
 2728
 2688
 2636
 2584
 2522
 2458
 2394
 2326
 2258
 2188
 2116
 2044
 1972
 1896
 1824
 1746
 1668
 1600
 1536
 1474
 1416
 1368
 1328
 1298
 1278
 1272
 1280
 1298
 1330
 1374
 1432
 1510
 1592
 1680
 1770
 1852
 1936
 2022
 2114
 2204
 2290
 2372
 2448
 2512
 2568
 2620
 2668
 2714
 2752
 2782
 2810
 2836
 2856
 2870
 2886
 2894
 2896
 2898
 2910
 2924
 2934
 2946
 2956
 2960
 2964
 2960
 2956
 2946
 2930
 2916
 2892
 2866
 2836
 2800
 2760
 2718
 2666
 2610
 2558
 2510
 2458
 2404
 2354
 2298
 2242
 2188
 2136
 2098
 2066
 2044
 2028
 2024
 2028
 2036
 2050
 2068
 2088
 2106
 2130
 2164
 2202
 2242
 2284
 2326
 2368
 2408
 2446
 2480
 2512
 2544
 2574
 2602
 2626
 2652
 2676
 2696
 2718
 2738
 2750
 2758
 2772
 2794
 2814
 2834
 2858
 2878
 2896
 2910
 2922
 2934
 2940
 2942
 2948
 2950
 2954
 2950
 2944
 2932
 2916
 2896
 2872
 2834
 2794
 2754
 2720
 2684
 2646
 2606
 2558
 2508
 2456
 2410
 2364
 2320
 2286
 2250
 2214
 2184
 2162
 2150
 2144
 2148
 2158
 2168
 2178
 2200
 2228
 2258
 2294
 2328
 2362
 2392
 2424
 2450
 2478
 2504
 2528
 2552
 2572
 2592
 2616
 2636
 2656
 2672
 2694
 2710
 2722
 2744
 2770
 2800
 2828
 2862
 2886
 2904
 2914
 2912
 2902
 2890
 2874
 2850
 2822
 2792
 2760
 2724
 2686
 2638
 2592
 2536
 2462
 2394
 2332
 2276
 2216
 2158
 2102
 2040
 1978
 1920
 1868
 1828
 1802
 1784
 1780
 1782
 1798
 1820
 1842
 1868
 1900
 1922
 1954
 1992
 2036
 2080
 2128
 2180
 2232
 2282
 2328
 2372
 2418
 2466
 2512
 2556
 2598
 2640
 2680
 2716
 2750
 2782
 2806
 2824
 2848
 2878
 2904
 2924
 2938
 2948
 2948
 2944
 2930
 2906
 2874
 2838
 2796
 2744
 2690
 2630
 2568
 2500
 2434
 2364
 2286
 2214
 2148
 2084
 2018
 1954
 1886
 1816
 1748
 1684
 1632
 1596
 1572
 1562
 1562
 1570
 1592
 1620
 1652
 1692
 1734
 1772
 1824
 1884
 1954
 2028
 2106
 2180
 2250
 2314
 2370
 2426
 2480
 2528
 2580
 2624
 2662
 2702
 2740
 2770
 2798
 2824
 2842
 2856
 2874
 2896
 2918
 2938
 2958
 2968
 2976
 2982
 2986
 2986
 2978
 2968
 2950
 2926
 2900
 2866
 2828
 2782
 2730
 2674
 2612
 2544
 2480
 2422
 2360
 2296
 2234
 2168
 2100
 2032
 1968
 1914
 1876
 1854
 1844
 1848
 1870
 1904
 1948
 1998
 2056
 2110
 2162
 2218
 2286
 2354
 2418
 2484
 2544
 2596
 2646
 2686
 2722
 2754
 2782
 2808
 2830
 2850
 2864
 2878
 2886
 2890
 2898
 2900
 2896
 2900
 2908
 2920
 2930
 2946
 2954
 2962
 2968
 2972
 2974
 2970
 2968
 2970
 2968
 2966
 2960
 2952
 2936
 2916
 2892
 2862
 2816
 2768
 2722
 2674
 2618
 2560
 2500
 2428
 2354
 2280
 2210
 2140
 2074
 2008
 1942
 1876
 1814
 1758
 1710
 1676
 1658
 1648
 1654
 1682
 1720
 1776
 1840
 1914
 1988
 2064
 2138
 2204
 2268
 2332
 2394
 2450
 2502
 2550
 2594
 2632
 2664
 2694
 2716
 2734
 2756
 2784
 2814
 2840
 2868
 2894
 2912
 2928
 2938
 2948
 2956
 2964
 2970
 2974
 2978
 2980
 2980
 2980
 2984
 2982
 2970
 2962
 2958
 2956
 2944
 2930
 2910
 2886
 2860
 2830
 2798
 2766
 2732
 2696
 2658
 2620
 2578
 2536
 2488
 2444
 2394
 2340
 2300
 2270
 2250
 2238
 2240
 2248
 2260
 2282
 2306
 2336
 2370
 2408
 2448
 2488
 2530
 2570
 2608
 2642
 2678
 2702
 2724
 2748
 2778
 2808
 2834
 2862
 2886
 2902
 2910
 2918
 2924
 2932
 2936
 2940
 2944
 2948
 2952
 2950
 2948
 2946
 2944
 2936
 2928
 2924
 2924
 2920
 2918
 2910
 2896
 2876
 2852
 2820
 2790
 2754
 2716
 2674
 2628
 2580
 2530
 2476
 2418
 2362
 2302
 2232
 2172
 2118
 2066
 2014
 1966
 1916
 1868
 1832
 1804
 1790
 1790
 1802
 1824
 1852
 1888
 1932
 1984
 2040
 2104
 2170
 2232
 2302
 2378
 2450
 2518
 2582
 2638
 2686
 2730
 2764
 2794
 2822
 2842
 2862
 2878
 2892
 2904
 2914
 2918
 2924
 2926
 2922
 2918
 2918
 2918
 2916
 2914
 2910
 2904
 2894
 2880
 2860
 2832
 2814
 2796
 2768
 2730
 2682
 2624
 2574
 2542
 2514
 2466
 2406
 2328
 2226
 2074
 1922
 1770
 1604
 1462
 1344
 1236
 1138
 1060
 994
 926
 834
 720
 636
 570
 500
 450
 428
 426
 434
 468
 528
 584
 646
 736
 828
 906
 988
 1074
 1150
 1224
 1300
 1384
 1470
 1548
 1622
 1698
 1776
 1850
 1928
 2008
 2082
 2156
 2232
 2302
 2366
 2432
 2494
 2548
 2594
 2640
 2680
 2722
 2752
 2772
 2788
 2812
 2838
 2860
 2880
 2896
 2902
 2900
 2896
 2890
 2878
 2866
 2844
 2810
 2778
 2750
 2716
 2674
 2620
 2560
 2506
 2472
 2450
 2436
 2434
 2432
 2432
 2432
 2434
 2436
 2436
 2436
 2438
 2442
 2450
 2462
 2480
 2498
 2500
 2502
 2512
 2534
 2554
 2574
 2594
 2610
 2622
 2636
 2654
 2664
 2676
 2700
 2712
 2732
 2760
 2784
 2806
 2822
 2832
 2842
 2858
 2876
 2890
 2896
 2898
 2900
 2900
 2896
 2896
 2894
 2882
 2874
 2874
 2882
 2882
 2878
 2870
 2858
 2846
 2846
 2854
 2862
 2868
 2876
 2880
 2882
 2882
 2882
 2878
 2876
 2876
 2874
 2872
 2876
 2876
 2868
 2864
 2868
 2876
 2884
 2898
 2906
 2912
 2910
 2910
 2912
 2912
 2910
 2910
 2904
 2904
 2906
 2898
 2886
 2876
 2870
 2858
 2840
 2814
 2780
 2734
 2678
 2616
 2550
 2476
 2398
 2318
 2232
 2146
 2058
 1956
 1858
 1768
 1684
 1598
 1520
 1444
 1374
 1314
 1260
 1224
 1204
 1198
 1202
 1212
 1230
 1256
 1278
 1308
 1346
 1388
 1430
 1480
 1530
 1576
 1626
 1670
 1718
 1774
 1828
 1876
 1922
 1966
 2012
 2050
 2080
 2116
 2156
 2196
 2236
 2280
 2318
 2354
 2388
 2420
 2452
 2486
 2516
 2544
 2570
 2596
 2620
 2636
 2648
 2662
 2684
 2702
 2724
 2748
 2770
 2786
 2800
 2818
 2832
 2846
 2858
 2866
 2876
 2884
 2894
 2902
 2904
 2896
 2890
 2894
 2900
 2904
 2906
 2906
 2902
 2896
 2890
 2882
 2864
 2848
 2838
 2826
 2820
 2816
 2812
 2808
 2808
 2804
 2802
 2808
 2820
 2826
 2836
 2848
 2852
 2856
 2860
 2864
 2866
 2868
 2868
 2868
 2870
 2874
 2876
 2876
 2878
 2874
 2866
 2866
 2874
 2884
 2888
 2900
 2912
 2922
 2928
 2928
 2922
 2910
 2894
 2874
 2848
 2816
 2772
 2718
 2652
 2584
 2504
 2412
 2322
 2234
 2146
 2050
 1956
 1866
 1772
 1686
 1600
 1524
 1458
 1400
 1356
 1322
 1308
 1306
 1316
 1338
 1370
 1400
 1444
 1494
 1546
 1604
 1668
 1736
 1804
 1874
 1944
 2014
 2084
 2150
 2210
 2266
 2322
 2372
 2418
 2464
 2502
 2530
 2560
 2596
 2630
 2662
 2696
 2726
 2754
 2778
 2800
 2822
 2842
 2862
 2880
 2898
 2914
 2930
 2938
 2944
 2930
 2908
 2890
 2870
 2842
 2804
 2764
 2712
 2652
 2594
 2528
 2458
 2384
 2302
 2218
 2124
 2034
 1946
 1856
 1772
 1682
 1594
 1522
 1462
 1410
 1374
 1354
 1348
 1354
 1372
 1404
 1444
 1488
 1540
 1594
 1654
 1720
 1788
 1858
 1922
 1982
 2046
 2116
 2184
 2252
 2328
 2394
 2454
 2510
 2560
 2608
 2652
 2694
 2732
 2766
 2796
 2818
 2836
 2854
 2866
 2872
 2880
 2896
 2906
 2906
 2898
 2882
 2858
 2826
 2786
 2734
 2674
 2610
 2536
 2454
 2372
 2284
 2192
 2100
 2002
 1894
 1796
 1708
 1618
 1530
 1450
 1370
 1296
 1230
 1176
 1138
 1118
 1112
 1116
 1132
 1158
 1196
 1242
 1298
 1350
 1414
 1490
 1572
 1658
 1742
 1830
 1918
 1998
 2074
 2142
 2210
 2280
 2342
 2398
 2450
 2502
 2548
 2588
 2628
 2662
 2684
 2706
 2732
 2762
 2788
 2818
 2848
 2870
 2888
 2904
 2918
 2928
 2940
 2950
 2954
 2958
 2964
 2966
 2962
 2954
 2936
 2906
 2874
 2842
 2806
 2756
 2706
 2652
 2588
 2520
 2448
 2380
 2308
 2238
 2166
 2094
 2022
 1952
 1888
 1832
 1788
 1752
 1726
 1724
 1740
 1768
 1812
 1862
 1920
 1976
 2040
 2098
 2158
 2214
 2272
 2326
 2372
 2420
 2464
 2502
 2540
 2576
 2598
 2620
 2646
 2678
 2710
 2740
 2772
 2800
 2824
 2844
 2864
 2880
 2896
 2908
 2920
 2930
 2944
 2952
 2954
 2958
 2964
 2960
 2952
 2946
 2954
 2960
 2964
 2966
 2962
 2952
 2938
 2916
 2892
 2862
 2832
 2796
 2754
 2710
 2662
 2608
 2550
 2492
 2428
 2356
 2294
 2238
 2184
 2130
 2082
 2040
 2004
 1982
 1970
 1974
 1986
 2010
 2040
 2074
 2110
 2156
 2200
 2242
 2284
 2316
 2352
 2396
 2442
 2492
 2542
 2594
 2636
 2678
 2712
 2744
 2768
 2794
 2818
 2838
 2858
 2878
 2894
 2906
 2914
 2922
 2920
 2922
 2928
 2938
 2944
 2948
 2948
 2938
 2922
 2894
 2864
 2832
 2798
 2762
 2720
 2674
 2626
 2576
 2518
 2466
 2406
 2340
 2280
 2226
 2178
 2136
 2102
 2082
 2070
 2072
 2080
 2100
 2126
 2160
 2196
 2238
 2286
 2336
 2386
 2434
 2482
 2518
 2550
 2582
 2620
 2662
 2700
 2738
 2772
 2802
 2830
 2850
 2870
 2888
 2902
 2916
 2926
 2936
 2942
 2942
 2940
 2940
 2938
 2926
 2918
 2916
 2914
 2906
 2892
 2862
 2830
 2796
 2756
 2726
 2700
 2670
 2644
 2614
 2578
 2542
 2498
 2452
 2404
 2354
 2296
 2248
 2212
 2188
 2170
 2166
 2170
 2178
 2192
 2210
 2232
 2260
 2290
 2322
 2354
 2384
 2420
 2456
 2492
 2528
 2564
 2588
 2616
 2652
 2692
 2732
 2772
 2810
 2840
 2866
 2888
 2904
 2922
 2934
 2942
 2942
 2946
 2950
 2950
 2942
 2928
 2908
 2872
 2832
 2798
 2762
 2720
 2674
 2620
 2558
 2492
 2422
 2356
 2290
 2220
 2152
 2080
 2004
 1930
 1856
 1778
 1706
 1630
 1550
 1494
 1458
 1438
 1434
 1452
 1482
 1524
 1582
 1646
 1720
 1806
 1900
 1990
 2076
 2156
 2232
 2302
 2368
 2424
 2466
 2506
 2554
 2604
 2650
 2692
 2736
 2772
 2804
 2828
 2846
 2866
 2882
 2898
 2908
 2916
 2926
 2930
 2932
 2934
 2934
 2924
 2920
 2926
 2936
 2944
 2954
 2956
 2950
 2942
 2926
 2902
 2874
 2842
 2806
 2766
 2718
 2670
 2614
 2552
 2490
 2424
 2352
 2290
 2234
 2178
 2118
 2062
 2002
 1940
 1880
 1824
 1780
 1750
 1734
 1726
 1732
 1750
 1776
 1810
 1850
 1894
 1930
 1976
 2028
 2090
 2154
 2220
 2290
 2352
 2410
 2462
 2516
 2564
 2608
 2646
 2680
 2712
 2740
 2766
 2786
 2808
 2828
 2838
 2846
 2864
 2886
 2908
 2930
 2952
 2968
 2976
 2976
 2978
 2976
 2976
 2970
 2960
 2944
 2926
 2902
 2874
 2838
 2804
 2760
 2710
 2662
 2620
 2578
 2532
 2488
 2440
 2386
 2332
 2278
 2228
 2178
 2132
 2092
 2060
 2040
 2034
 2040
 2058
 2086
 2114
 2154
 2202
 2262
 2324
 2384
 2446
 2502
 2554
 2600
 2640
 2678
 2712
 2748
 2776
 2800
 2826
 2850
 2870
 2886
 2902
 2904
 2900
 2902
 2916
 2928
 2940
 2954
 2966
 2972
 2976
 2980
 2982
 2984
 2986
 2986
 2984
 2978
 2970
 2956
 2936
 2914
 2882
 2838
 2800
 2768
 2734
 2696
 2658
 2612
 2556
 2498
 2438
 2378
 2318
 2260
 2204
 2148
 2094
 2048
 2008
 1978
 1962
 1952
 1948
 1966
 1994
 2032
 2076
 2120
 2164
 2204
 2244
 2280
 2314
 2348
 2382
 2414
 2444
 2474
 2502
 2528
 2558
 2588
 2612
 2638
 2670
 2712
 2750
 2788
 2828
 2862
 2890
 2914
 2934
 2948
 2960
 2970
 2976
 2980
 2976
 2966
 2940
 2908
 2874
 2822
 2770
 2718
 2672
 2618
 2562
 2500
 2430
 2352
 2272
 2192
 2110
 2024
 1930
 1830
 1728
 1628
 1528
 1426
 1326
 1212
 1096
 992
 888
 784
 688
 604
 528
 462
 408
 364
 344
 346
 362
 390
 430
 476
 534
 602
 668
 742
 832
 934
 1042
 1150
 1260
 1368
 1476
 1578
 1674
 1768
 1862
 1954
 2040
 2120
 2196
 2268
 2344
 2410
 2464
 2510
 2562
 2618
 2668
 2716
 2764
 2804
 2842
 2870
 2896
 2920
 2936
 2952
 2962
 2972
 2982
 2984
 2982
 2974
 2956
 2930
 2904
 2884
 2854
 2828
 2808
 2780
 2752
 2724
 2694
 2660
 2620
 2584
 2548
 2508
 2466
 2422
 2370
 2318
 2266
 2214
 2178
 2158
 2148
 2142
 2138
 2130
 2102
 2046
 1978
 1924
 1884
 1854
 1828
 1808
 1818
 1838
 1850
 1854
 1870
 1892
 1920
 1946
 1978
 2030
 2096
 2170
 2244
 2326
 2434
 2550
 2652
 2720
 2764
 2830
 2876
 2898
 2896
 2890
 2882
 2864
 2824
 2764
 2704
 2606
 2490
 2388
 2282
 2156
 2048
 1946
 1820
 1680
 1532
 1398
 1262
 1116
 980
 824
 676
 518
 350
 198
 60
 0
 0
 0
 0
 0
 0
 0
 0
 0
 0
 0
 0
 0
 0
 0
 0
 0
 0
 0
 0
 40
 116
 198
 294
 378
 456
 538
 630
 744
 856
 964
 1064
 1154
 1238
 1308
 1378
 1452
 1520
 1586
 1646
 1712
 1778
 1856
 1936
 2006
 2070
 2120
 2166
 2214
 2258
 2298
 2334
 2376
 2426
 2482
 2534
 2598
 2666
 2740
 2814
 2890
 2968
 3048
 3106
 3148
 3188
 3228
 3272
 3316
 3354
 3394
 3448
 3492
 3526
 3558
 3594
 3628
 3662
 3692
 3720
 3742
 3754
 3754
 3750
 3752
 3758
 3754
 3752
 3756
 3750
 3730
 3718
 3720
 3726
 3740
 3760
 3778
 3790
 3788
 3776
 3776
 3786
 3788
 3788
 3778
 3756
 3738
 3716
 3686
 3660
 3650
 3642
 3636
 3636
 3642
 3652
 3664
 3658
 3658
 3656
 3634
 3584
 3502
 3424
 3370
 3332
 3286
 3238
 3186
 3146
 3116
 3074
 3036
 3000
 2954
 2906
 2870
 2830
 2798
 2776
 2746
 2730
 2728
 2728
 2722
 2710
 2716
 2730
 2742
 2756
 2772
 2788
 2794
 2806
 2826
 2824
 2812
 2804
 2802
 2798
 2792
 2792
 2800
 2816
 2828
 2840
 2852
 2860
 2864
 2868
 2870
 2874
 2878
 2874
 2868
 2864
 2848
 2836
 2838
 2846
 2850
 2860
 2870
 2876
 2882
 2886
 2896
 2908
 2914
 2914
 2916
 2922
 2920
 2920
 2926
 2940
 2946
 2952
 2956
 2958
 2956
 2954
 2956
 2962
 2964
 2966
 2970
 2974
 2968
 2964
 2970
 2980
 2984
 2988
 2996
 2996
 2998
 2998
 3002
 3004
 3008
 3010
 3010
 3014
 3008
 3004
 3008
 3016
 3016
 3022
 3030
 3032
 3034
 3034
 3038
 3038
 3040
 3036
 3028
 3026
 3020
 3008
 3000
 3002
 3004
 3004
 3006
 3008
 3000
 2996
 2996
 2998
 2998
 2994
 2994
 2992
 2994
 2990
 2980
 2974
 2978
 2982
 2990
 2992
 2992
 2990
 2984
 2984
 2982
 2982
 2978
 2978
 2978
 2978
 2978
 2968
 2958
 2958
 2962
 2960
 2964
 2966
 2962
 2960
 2960
 2964
 2968
 2966
 2966
 2966
 2964
 2968
 2962
 2946
 2938
 2940
 2938
 2938
 2944
 2942
 2940
 2938
 2940
 2942
 2944
 2944
 2944
 2946
 2948
 2948
 2940
 2936
 2938
 2944
 2946
 2950
 2954
 2952
 2944
 2938
 2940
 2940
 2940
 2936
 2936
 2934
 2936
 2936
 2928
 2916
 2912
 2918
 2918
 2920
 2926
 2928
 2928
 2928
 2930
 2930
 2932
 2934
 2932
 2932
 2932
 2934
 2930
 2914
 2904
 2902
 2902
 2904
 2906
 2908
 2906
 2906
 2906
 2908
 2910
 2908
 2908
 2908
 2908
 2908
 2908
 2902
 2890
 2884
 2886
 2888
 2892
 2900
 2902
 2896
 2890
 2888
 2888
 2884
 2882
 2878
 2878
 2876
 2876
 2872
 2868
 2858
 2848
 2846
 2852
 2856
 2862
 2868
 2872
 2872
 2876
 2878
 2880
 2880
 2876
 2870
 2870
 2870
 2866
 2866
 2856
 2846
 2842
 2848
 2850
 2856
 2862
 2864
 2866
 2870
 2876
 2880
 2882
 2878
 2872
 2866
 2866
 2862
 2860
 2854
 2842
 2834
 2834
 2838
 2842
 2848
 2854
 2854
 2856
 2860
 2862
 2864
 2864
 2864
 2864
 2866
 2868
 2866
 2868
 2858
 2850
 2848
 2852
 2858
 2864
 2870
 2874
 2876
 2878
 2882
 2884
 2884
 2884
 2880
 2874
 2872
 2868
 2868
 2860
 2844
 2836
 2836
 2840
 2844
 2850
 2854
 2858
 2858
 2858
 2862
 2864
 2866
 2866
 2866
 2866
 2868
 2868
 2870
 2864
 2854
 2854
 2860
 2864
 2870
 2874
 2876
 2878
 2878
 2876
 2874
 2870
 2868
 2864
 2862
 2862
 2860
 2858
 2856
 2846
 2842
 2842
 2848
 2854
 2860
 2868
 2874
 2874
 2876
 2878
 2878
 2878
 2876
 2874
 2872
 2866
 2860
 2856
 2848
 2836
 2828
 2830
 2836
 2840
 2846
 2852
 2856
 2856
 2856
 2858
 2860
 2858
 2854
 2844
 2832
 2818
 2794
 2764
 2728
 2676
 2628
 2586
 2546
 2506
 2460
 2404
 2336
 2250
 2150
 2044
 1940
 1840
 1740
 1638
 1540
 1448
 1362
 1270
 1176
 1100
 1038
 996
 970
 960
 966
 990
 1034
 1104
 1196
 1296
 1396
 1498
 1602
 1708
 1820
 1922
 2014
 2102
 2194
 2276
 2352
 2424
 2490
 2546
 2592
 2632
 2670
 2704
 2732
 2756
 2778
 2796
 2814
 2826
 2830
 2836
 2846
 2856
 2864
 2874
 2884
 2892
 2896
 2900
 2902
 2900
 2898
 2898
 2898
 2896
 2896
 2898
 2894
 2884
 2878
 2878
 2878
 2878
 2878
 2878
 2876
 2874
 2874
 2876
 2874
 2872
 2866
 2864
 2862
 2862
 2864
 2864
 2856
 2844
 2836
 2836
 2832
 2822
 2804
 2776
 2744
 2702
 2656
 2604
 2548
 2488
 2420
 2350
 2276
 2196
 2114
 2032
 1938
 1850
 1766
 1684
 1610
 1546
 1498
 1462
 1438
 1426
 1434
 1458
 1500
 1558
 1622
 1696
 1772
 1856
 1936
 2010
 2084
 2160
 2240
 2316
 2384
 2450
 2508
 2558
 2600
 2640
 2676
 2708
 2732
 2754
 2774
 2790
 2804
 2818
 2822
 2824
 2828
 2836
 2846
 2854
 2866
 2874
 2880
 2882
 2884
 2886
 2886
 2888
 2888
 2880
 2876
 2874
 2872
 2868
 2858
 2848
 2842
 2846
 2852
 2856
 2866
 2870
 2872
 2872
 2874
 2876
 2876
 2874
 2868
 2860
 2852
 2838
 2820
 2790
 2748
 2698
 2656
 2606
 2550
 2496
 2436
 2364
 2284
 2202
 2130
 2050
 1962
 1874
 1794
 1716
 1642
 1572
 1494
 1424
 1370
 1334
 1320
 1318
 1322
 1346
 1378
 1416
 1468
 1530
 1600
 1670
 1742
 1816
 1890
 1960
 2026
 2090
 2154
 2216
 2270
 2324
 2388
 2450
 2502
 2544
 2582
 2624
 2660
 2698
 2728
 2758
 2786
 2816
 2836
 2854
 2878
 2902
 2924
 2946
 2966
 2988
 2998
 3002
 3010
 3014
 3020
 3030
 3040
 3050
 3060
 3062
 3062
 3064
 3070
 3072
 3076
 3082
 3086
 3084
 3080
 3080
 3080
 3078
 3076
 3068
 3064
 3066
 3064
 3056
 3050
 3052
 3054
 3056
 3064
 3068
 3068
 3066
 3064
 3064
 3062
 3060
 3058
 3054
 3050
 3032
 3006
 2978
 2956
 2932
 2906
 2884
 2860
 2838
 2814
 2788
 2770
 2750
 2736
 2726
 2720
 2708
 2694
 2680
 2672
 2674
 2674
 2674
 2680
 2680
 2678
 2676
 2680
 2682
 2684
 2684
 2680
 2672
 2658
 2638
 2602
 2560
 2522
 2478
 2422
 2366
 2310
 2246
 2174
 2104
 2036
 1968
 1898
 1828
 1758
 1692
 1638
 1590
 1542
 1510
 1496
 1492
 1500
 1520
 1546
 1580
 1614
 1654
 1700
 1748
 1800
 1850
 1898
 1942
 1988
 2030
 2058
 2090
 2126
 2164
 2202
 2240
 2278
 2312
 2342
 2374
 2406
 2438
 2464
 2492
 2518
 2542
 2566
 2586
 2610
 2622
 2628
 2636
 2654
 2668
 2682
 2698
 2712
 2720
 2726
 2730
 2736
 2742
 2746
 2748
 2752
 2756
 2758
 2764
 2772
 2778
 2776
 2778
 2788
 2796
 2802
 2808
 2816
 2816
 2812
 2812
 2812
 2810
 2802
 2786
 2766
 2740
 2704
 2660
 2606
 2548
 2484
 2412
 2344
 2282
 2216
 2142
 2072
 2000
 1930
 1858
 1794
 1744
 1706
 1676
 1656
 1648
 1646
 1656
 1670
 1692
 1712
 1736
 1776
 1822
 1876
 1934
 1994
 2054
 2112
 2164
 2218
 2274
 2326
 2378
 2428
 2474
 2512
 2548
 2582
 2608
 2622
 2638
 2662
 2692
 2720
 2742
 2766
 2782
 2790
 2798
 2802
 2804
 2808
 2808
 2810
 2812
 2812
 2810
 2808
 2810
 2802
 2794
 2794
 2796
 2790
 2784
 2778
 2760
 2736
 2704
 2668
 2630
 2582
 2532
 2474
 2416
 2360
 2304
 2236
 2156
 2082
 2012
 1940
 1868
 1814
 1772
 1740
 1718
 1712
 1720
 1734
 1756
 1786
 1820
 1856
 1900
 1946
 1984
 2026
 2072
 2124
 2174
 2224
 2278
 2330
 2378
 2422
 2464
 2506
 2544
 2578
 2604
 2632
 2654
 2680
 2694
 2700
 2708
 2724
 2738
 2752
 2768
 2782
 2790
 2800
 2810
 2818
 2824
 2832
 2840
 2846
 2852
 2854
 2858
 2858
 2848
 2844
 2846
 2854
 2858
 2864
 2866
 2864
 2852
 2838
 2820
 2798
 2768
 2734
 2696
 2652
 2610
 2562
 2508
 2456
 2386
 2314
 2252
 2194
 2130
 2070
 2014
 1966
 1922
 1888
 1866
 1860
 1862
 1874
 1892
 1916
 1944
 1978
 2018
 2058
 2094
 2138
 2184
 2238
 2298
 2354
 2412
 2464
 2510
 2550
 2588
 2622
 2652
 2678
 2698
 2718
 2734
 2746
 2752
 2762
 2768
 2764
 2762
 2766
 2780
 2790
 2800
 2812
 2820
 2830
 2836
 2844
 2850
 2856
 2862
 2862
 2864
 2866
 2868
 2870
 2868
 2868
 2856
 2844
 2838
 2832
 2820
 2804
 2782
 2752
 2710
 2662
 2610
 2552
 2490
 2424
 2354
 2280
 2208
 2132
 2056
 1986
 1928
 1870
 1826
 1798
 1776
 1758
 1756
 1774
 1794
 1818
 1848
 1884
 1922
 1966
 2008
 2050
 2094
 2142
 2186
 2230
 2270
 2302
 2336
 2376
 2418
 2458
 2500
 2542
 2580
 2614
 2644
 2672
 2698
 2720
 2740
 2754
 2772
 2788
 2802
 2812
 2820
 2818
 2814
 2822
 2836
 2842
 2846
 2846
 2832
 2814
 2784
 2750
 2710
 2660
 2606
 2548
 2486
 2420
 2348
 2278
 2198
 2104
 2022
 1946
 1876
 1810
 1766
 1732
 1714
 1708
 1714
 1734
 1766
 1808
 1854
 1902
 1956
 2010
 2066
 2120
 2162
 2206
 2256
 2310
 2360
 2414
 2470
 2518
 2562
 2600
 2636
 2678
 2724
 2756
 2780
 2792
 2804
 2818
 2828
 2832
 2830
 2830
 2834
 2844
 2852
 2864
 2876
 2882
 2884
 2886
 2886
 2882
 2878
 2872
 2864
 2856
 2850
 2846
 2840
 2840
 2830
 2816
 2816
 2824
 2834
 2848
 2866
 2882
 2888
 2890
 2892
 2892
 2888
 2886
 2886
 2882
 2884
 2880
 2882
 2882
 2882
 2880
 2868
 2854
 2848
 2848
 2846
 2848
 2856
 2852
 2832
 2806
 2780
 2746
 2702
 2652
 2594
 2528
 2460
 2388
 2314
 2238
 2160
 2082
 1988
 1896
 1820
 1748
 1676
 1612
 1554
 1502
 1462
 1434
 1422
 1428
 1446
 1472
 1504
 1540
 1586
 1644
 1710
 1780
 1850
 1916
 1992
 2084
 2178
 2266
 2348
 2430
 2498
 2554
 2600
 2642
 2682
 2718
 2744
 2768
 2790
 2808
 2824
 2832
 2846
 2848
 2844
 2848
 2862
 2874
 2886
 2900
 2908
 2908
 2904
 2892
 2880
 2866
 2844
 2816
 2778
 2734
 2678
 2610
 2534
 2448
 2346
 2246
 2150
 2052
 1944
 1836
 1726
 1610
 1496
 1384
 1282
 1190
 1110
 1040
 980
 938
 916
 912
 914
 918
 944
 978
 1026
 1088
 1158
 1234
 1320
 1406
 1492
 1578
 1670
 1762
 1852
 1944
 2032
 2116
 2196
 2260
 2310
 2364
 2428
 2490
 2548
 2602
 2650
 2690
 2724
 2756
 2784
 2808
 2830
 2850
 2864
 2878
 2890
 2900
 2898
 2892
 2892
 2902
 2908
 2910
 2920
 2924
 2928
 2928
 2928
 2926
 2918
 2906
 2886
 2856
 2826
 2786
 2740
 2684
 2612
 2536
 2466
 2394
 2314
 2238
 2162
 2080
 1998
 1916
 1840
 1774
 1722
 1684
 1656
 1650
 1660
 1692
 1740
 1788
 1846
 1914
 1990
 2068
 2150
 2234
 2312
 2382
 2442
 2500
 2552
 2598
 2640
 2676
 2708
 2740
 2766
 2790
 2806
 2812
 2818
 2834
 2854
 2868
 2886
 2900
 2908
 2912
 2918
 2922
 2924
 2926
 2926
 2924
 2924
 2924
 2922
 2922
 2914
 2900
 2886
 2886
 2888
 2890
 2894
 2892
 2882
 2870
 2852
 2832
 2804
 2772
 2734
 2692
 2646
 2596
 2538
 2474
 2402
 2316
 2232
 2152
 2064
 1958
 1834
 1702
 1566
 1430
 1300
 1182
 1078
 982
 896
 816
 746
 692
 654
 626
 608
 616
 642
 680
 726
 780
 844
 916
 998
 1090
 1192
 1296
 1400
 1498
 1594
 1686
 1786
 1888
 1980
 2064
 2150
 2238
 2310
 2372
 2424
 2468
 2510
 2568
 2620
 2654
 2676
 2688
 2698
 2704
 2708
 2708
 2710
 2710
 2704
 2698
 2700
 2702
 2702
 2698
 2686
 2678
 2672
 2670
 2666
 2666
 2648
 2640
 2644
 2658
 2670
 2674
 2670
 2662
 2666
 2682
 2710
 2730
 2744
 2760
 2774
 2776
 2780
 2778
 2776
 2780
 2784
 2782
 2774
 2776
 2764
 2744
 2724
 2706
 2682
 2662
 2650
 2664
 2676
 2674
 2676
 2698
 2756
 2856
 2990
 3128
 3252
 3356
 3452
 3554
 3638
 3692
 3760
 3822
 3870
 3900
 3912
 3922
 3954
 3994
 4014
 4010
 3986
 3926
 3874
 3820
 3734
 3650
 3572
 3488
 3418
 3358
 3298
 3226
 3154
 3110
 3068
 3012
 2966
 2916
 2862
 2806
 2764
 2722
 2664
 2600
 2550
 2512
 2480
 2464
 2462
 2474
 2482
 2476
 2464
 2456
 2454
 2452
 2458
 2474
 2490
 2504
 2522
 2536
 2552
 2564
 2574
 2584
 2598
 2602
 2602
 2610
 2624
 2636
 2642
 2652
 2664
 2670
 2670
 2676
 2682
 2700
 2712
 2722
 2728
 2732
 2736
 2748
 2754
 2766
 2780
 2796
 2806
 2816
 2832
 2840
 2844
 2836
 2808
 2768
 2730
 2706
 2688
 2666
 2652
 2642
 2632
 2624
 2616
 2616
 2616
 2612
 2612
 2612
 2606
 2602
 2600
 2606
 2602
 2600
 2600
 2600
 2594
 2592
 2586
 2578
 2572
 2566
 2552
 2536
 2514
 2494
 2478
 2474
 2472
 2474
 2474
 2474
 2476
 2482
 2500
 2520
 2536
 2534
 2518
 2508
 2496
 2480
 2462
 2454
 2440
 2430
 2416
 2396
 2368
 2328
 2284
 2232
 2174
 2104
 2020
 1934
 1846
 1744
 1650
 1570
 1510
 1460
 1426
 1402
 1386
 1374
 1364
 1366
 1370
 1376
 1380
 1372
 1366
 1354
 1346
 1344
 1356
 1364
 1370
 1376
 1382
 1394
 1402
 1416
 1432
 1446
 1464
 1482
 1504
 1518
 1522
 1526
 1544
 1550
 1546
 1536
 1518
 1496
 1468
 1440
 1412
 1400
 1392
 1378
 1364
 1352
 1334
 1320
 1306
 1282
 1250
 1214
 1190
 1170
 1150
 1138
 1128
 1126
 1126
 1112
 1082
 1072
 1076
 1074
 1074
 1092
 1108
 1120
 1106
 1072
 1032
 988
 950
 928
 912
 908
 920
 948
 994
 1052
 1118
 1192
 1276
 1360
 1442
 1532
 1628
 1722
 1806
 1886
 1972
 2066
 2156
 2236
 2310
 2378
 2446
 2518
 2580
 2638
 2710
 2788
 2860
 2928
 2996
 3056
 3100
 3136
 3170
 3204
 3234
 3256
 3274
 3294
 3314
 3332
 3348
 3356
 3352
 3350
 3364
 3370
 3372
 3378
 3384
 3384
 3382
 3382
 3384
 3390
 3396
 3396
 3394
 3394
 3398
 3398
 3400
 3394
 3378
 3370
 3372
 3376
 3368
 3368
 3370
 3366
 3362
 3358
 3356
 3356
 3358
 3354
 3354
 3354
 3352
 3352
 3354
 3348
 3332
 3324
 3328
 3332
 3334
 3342
 3350
 3350
 3348
 3344
 3344
 3344
 3346
 3344
 3338
 3338
 3338
 3338
 3336
 3324
 3312
 3304
 3308
 3310
 3304
 3306
 3304
 3302
 3296
 3294
 3294
 3296
 3294
 3292
 3292
 3292
 3292
 3286
 3270
 3260
 3256
 3260
 3266
 3272
 3280
 3284
 3286
 3286
 3284
 3284
 3280
 3276
 3272
 3266
 3266
 3264
 3250
 3248
 3250
 3252
 3256
 3258
 3262
 3260
 3252
 3246
 3242
 3242
 3240
 3236
 3232
 3234
 3230
 3218
 3212
 3216
 3218
 3220
 3224
 3226
 3224
 3224
 3222
 3222
 3222
 3220
 3216
 3216
 3216
 3204
 3196
 3196
 3198
 3198
 3200
 3204
 3204
 3202
 3200
 3194
 3190
 3188
 3186
 3182
 3182
 3176
 3166
 3162
 3168
 3168
 3170
 3174
 3180
 3178
 3176
 3182
 3188
 3194
 3196
 3192
 3186
 3178
 3166
 3154
 3146
 3144
 3146
 3148
 3150
 3144
 3140
 3138
 3138
 3140
 3138
 3136
 3136
 3134
 3138
 3142
 3132
 3124
 3124
 3130
 3128
 3128
 3130
 3130
 3126
 3122
 3122
 3122
 3120
 3118
 3114
 3112
 3110
 3110
 3106
 3090
 3072
 3052
 3032
 2998
 2956
 2916
 2862
 2794
 2718
 2636
 2554
 2466
 2378
 2288
 2196
 2104
 2016
 1932
 1848
 1770
 1706
 1658
 1618
 1586
 1570
 1560
 1558
 1562
 1576
 1604
 1632
 1662
 1692
 1720
 1750
 1788
 1814
 1840
 1874
 1912
 1952
 1994
 2038
 2084
 2132
 2178
 2224
 2278
 2334
 2386
 2436
 2482
 2526
 2568
 2614
 2644
 2674
 2702
 2740
 2776
 2810
 2842
 2866
 2886
 2900
 2912
 2926
 2938
 2952
 2958
 2966
 2974
 2982
 2990
 2992
 2986
 2984
 2992
 3000
 3006
 3016
 3024
 3028
 3032
 3032
 3036
 3040
 3042
 3040
 3034
 3034
 3032
 3030
 3030
 3022
 3012
 3006
 3008
 3012
 3016
 3020
 3026
 3028
 3026
 3026
 3026
 3026
 3026
 3024
 3022
 3020
 3022
 3018
 3012
 3000
 2980
 2960
 2944
 2926
 2900
 2872
 2838
 2796
 2750
 2694
 2640
 2586
 2530
 2470
 2408
 2344
 2280
 2212
 2144
 2074
 2002
 1926
 1860
 1804
 1754
 1714
 1680
 1658
 1642
 1638
 1638
 1650
 1668
 1692
 1718
 1742
 1768
 1792
 1814
 1838
 1856
 1872
 1894
 1920
 1952
 1982
 2010
 2038
 2064
 2090
 2116
 2144
 2174
 2206
 2238
 2268
 2298
 2328
 2362
 2394
 2420
 2446
 2476
 2510
 2546
 2578
 2610
 2642
 2672
 2702
 2730
 2758
 2786
 2810
 2834
 2852
 2872
 2890
 2902
 2910
 2916
 2918
 2920
 2926
 2936
 2944
 2952
 2960
 2964
 2960
 2958
 2960
 2962
 2962
 2964
 2964
 2966
 2970
 2972
 2970
 2970
 2964
 2950
 2936
 2922
 2902
 2878
 2852
 2820
 2778
 2732
 2678
 2624
 2570
 2514
 2456
 2394
 2332
 2270
 2204
 2134
 2068
 1996
 1934
 1884
 1848
 1818
 1798
 1788
 1784
 1790
 1798
 1814
 1836
 1860
 1886
 1910
 1938
 1964
 1994
 2022
 2044
 2062
 2088
 2120
 2154
 2192
 2234
 2278
 2326
 2370
 2410
 2448
 2486
 2526
 2562
 2594
 2624
 2656
 2682
 2708
 2732
 2744
 2758
 2778
 2800
 2820
 2840
 2860
 2878
 2894
 2904
 2916
 2922
 2926
 2928
 2930
 2932
 2936
 2940
 2944
 2948
 2950
 2944
 2942
 2946
 2954
 2964
 2972
 2976
 2980
 2978
 2972
 2962
 2946
 2928
 2908
 2880
 2848
 2812
 2776
 2730
 2684
 2632
 2572
 2514
 2458
 2404
 2346
 2288
 2230
 2168
 2104
 2042
 1984
 1930
 1888
 1848
 1816
 1792
 1780
 1772
 1772
 1776
 1782
 1800
 1826
 1862
 1904
 1954
 2012
 2074
 2142
 2208
 2272
 2338
 2402
 2458
 2510
 2562
 2606
 2646
 2680
 2706
 2724
 2746
 2766
 2790
 2810
 2830
 2850
 2868
 2878
 2886
 2890
 2894
 2898
 2900
 2902
 2902
 2902
 2902
 2900
 2898
 2888
 2880
 2878
 2886
 2888
 2888
 2888
 2880
 2860
 2838
 2814
 2786
 2764
 2742
 2718
 2692
 2666
 2638
 2600
 2562
 2512
 2454
 2396
 2340
 2280
 2216
 2156
 2088
 2016
 1942
 1872
 1810
 1754
 1702
 1654
 1610
 1572
 1546
 1528
 1518
 1510
 1514
 1524
 1542
 1566
 1598
 1630
 1664
 1698
 1732
 1774
 1816
 1858
 1900
 1936
 1974
 2010
 2046
 2080
 2110
 2140
 2176
 2216
 2254
 2292
 2332
 2368
 2402
 2432
 2458
 2488
 2516
 2542
 2566
 2588
 2612
 2634
 2656
 2674
 2686
 2698
 2712
 2734
 2752
 2770
 2794
 2812
 2826
 2838
 2852
 2866
 2880
 2892
 2900
 2906
 2906
 2908
 2906
 2904
 2894
 2876
 2852
 2830
 2812
 2786
 2760
 2728
 2690
 2646
 2600
 2550
 2498
 2442
 2384
 2322
 2260
 2202
 2140
 2076
 2014
 1948
 1876
 1818
 1770
 1732
 1700
 1678
 1666
 1662
 1666
 1678
 1702
 1732
 1770
 1814
 1862
 1918
 1972
 2028
 2088
 2144
 2194
 2244
 2298
 2350
 2404
 2452
 2502
 2544
 2582
 2618
 2650
 2682
 2710
 2736
 2758
 2778
 2798
 2816
 2828
 2844
 2852
 2856
 2862
 2874
 2890
 2904
 2918
 2928
 2934
 2934
 2936
 2940
 2942
 2944
 2944
 2944
 2942
 2940
 2934
 2922
 2910
 2896
 2870
 2844
 2822
 2802
 2780
 2754
 2730
 2704
 2676
 2650
 2624
 2598
 2574
 2554
 2532
 2510
 2494
 2488
 2482
 2482
 2492
 2498
 2504
 2518
 2534
 2560
 2586
 2616
 2648
 2676
 2702
 2724
 2744
 2758
 2770
 2776
 2786
 2796
 2806
 2816
 2816
 2804
 2788
 2776
 2764
 2758
 2760
 2754
 2744
 2728
 2702
 2670
 2630
 2582
 2530
 2474
 2406
 2326
 2246
 2166
 2082
 2008
 1932
 1868
 1824
 1794
 1766
 1736
 1702
 1662
 1614
 1568
 1522
 1484
 1454
 1434
 1436
 1450
 1468
 1488
 1506
 1516
 1532
 1548
 1564
 1582
 1602
 1622
 1644
 1662
 1680
 1698
 1722
 1750
 1776
 1802
 1818
 1840
 1860
 1872
 1884
 1902
 1922
 1938
 1960
 1980
 2000
 2020
 2044
 2068
 2096
 2126
 2162
 2194
 2224
 2258
 2296
 2326
 2350
 2376
 2408
 2440
 2470
 2502
 2536
 2570
 2596
 2620
 2642
 2662
 2684
 2708
 2730
 2752
 2774
 2798
 2818
 2834
 2846
 2864
 2886
 2896
 2902
 2908
 2912
 2912
 2910
 2904
 2894
 2880
 2864
 2844
 2818
 2790
 2760
 2726
 2684
 2644
 2598
 2544
 2496
 2458
 2418
 2380
 2350
 2318
 2282
 2242
 2206
 2182
 2166
 2158
 2156
 2156
 2162
 2170
 2180
 2190
 2204
 2222
 2234
 2248
 2272
 2300
 2326
 2354
 2384
 2412
 2438
 2460
 2484
 2508
 2528
 2548
 2566
 2582
 2602
 2622
 2638
 2652
 2668
 2682
 2700
 2710
 2720
 2736
 2760
 2782
 2806
 2834
 2856
 2878
 2898
 2920
 2942
 2964
 2982
 2994
 3008
 3024
 3040
 3054
 3064
 3076
 3086
 3092
 3092
 3090
 3076
 3054
 3038
 3020
 2990
 2958
 2924
 2884
 2834
 2782
 2728
 2672
 2616
 2558
 2500
 2438
 2376
 2322
 2266
 2212
 2164
 2120
 2090
 2066
 2046
 2038
 2040
 2058
 2076
 2102
 2132
 2164
 2196
 2226
 2258
 2294
 2332
 2376
 2416
 2448
 2480
 2510
 2538
 2564
 2592
 2620
 2640
 2656
 2678
 2710
 2738
 2766
 2796
 2822
 2844
 2864
 2880
 2898
 2912
 2920
 2930
 2940
 2950
 2958
 2964
 2970
 2978
 2978
 2974
 2978
 2990
 2996
 3004
 3012
 3016
 3016
 3016
 3016
 3014
 3014
 3014
 3014
 3012
 3012
 3006
 3000
 2998
 2988
 2978
 2974
 2980
 2986
 2996
 3008
 3014
 3018
 3018
 3018
 3016
 3014
 3012
 3012
 3008
 3006
 3006
 3004
 3000
 3000
 2994
 2984
 2982
 2988
 2994
 2998
 3000
 3002
 3002
 3002
 3002
 3002
 2998
 2992
 2984
 2970
 2952
 2932
 2904
 2872
 2834
 2786
 2730
 2680
 2632
 2584
 2532
 2478
 2422
 2362
 2298
 2236
 2180
 2130
 2088
 2056
 2028
 2010
 2002
 2000
 2002
 2008
 2010
 2016
 2036
 2068
 2096
 2126
 2156
 2186
 2214
 2238
 2268
 2298
 2330
 2364
 2394
 2422
 2446
 2472
 2492
 2516
 2530
 2534
 2548
 2570
 2590
 2608
 2626
 2640
 2652
 2664
 2670
 2680
 2692
 2702
 2716
 2728
 2736
 2748
 2754
 2758
 2768
 2770
 2766
 2768
 2778
 2788
 2800
 2812
 2824
 2834
 2838
 2836
 2836
 2838
 2836
 2836
 2832
 2832
 2832
 2834
 2830
 2828
 2830
 2822
 2818
 2820
 2832
 2840
 2850
 2862
 2872
 2880
 2884
 2888
 2888
 2886
 2890
 2892
 2894
 2896
 2898
 2898
 2902
 2904
 2896
 2892
 2900
 2912
 2920
 2930
 2942
 2952
 2962
 2968
 2972
 2980
 2988
 2996
 2998
 2998
 3002
 3006
 3006
 3008
 3008
 2998
 2988
 2982
 2974
 2958
 2942
 2924
 2898
 2866
 2826
 2786
 2744
 2698
 2648
 2596
 2538
 2482
 2422
 2358
 2298
 2228
 2160
 2104
 2062
 2024
 1994
 1974
 1962
 1960
 1964
 1974
 1992
 2014
 2040
 2068
 2094
 2124
 2154
 2184
 2212
 2234
 2258
 2290
 2328
 2362
 2398
 2436
 2470
 2504
 2532
 2564
 2592
 2622
 2648
 2674
 2698
 2722
 2744
 2766
 2788
 2800
 2812
 2830
 2856
 2878
 2898
 2920
 2936
 2946
 2950
 2956
 2962
 2968
 2976
 2978
 2982
 2988
 2994
 2996
 3000
 3000
 2992
 2990
 2996
 3004
 3010
 3018
 3026
 3030
 3030
 3028
 3030
 3030
 3026
 3016
 3006
 2992
 2980
 2960
 2934
 2910
 2872
 2828
 2792
 2758
 2718
 2676
 2634
 2584
 2532
 2476
 2414
 2356
 2292
 2228
 2160
 2088
 2018
 1948
 1886
 1836
 1780
 1740
 1722
 1718
 1722
 1730
 1744
 1764
 1784
 1808
 1832
 1860
 1896
 1932
 1966
 1998
 2024
 2052
 2086
 2120
 2150
 2184
 2224
 2258
 2288
 2322
 2360
 2400
 2432
 2458
 2482
 2506
 2528
 2552
 2574
 2592
 2610
 2630
 2644
 2652
 2660
 2674
 2690
 2704
 2724
 2746
 2756
 2766
 2776
 2786
 2790
 2796
 2800
 2798
 2794
 2794
 2794
 2796
 2790
 2784
 2788
 2790
 2792
 2800
 2808
 2812
 2810
 2808
 2808
 2806
 2804
 2804
 2806
 2806
 2812
 2808
 2788
 2768
 2758
 2756
 2754
 2760
 2776
 2792
 2800
 2800
 2802
 2808
 2814
 2820
 2820
 2820
 2818
 2810
 2792
 2770
 2750
 2714
 2670
 2628
 2574
 2514
 2450
 2384
 2314
 2238
 2162
 2076
 1990
 1908
 1818
 1726
 1642
 1562
 1482
 1404
 1328
 1260
 1202
 1150
 1116
 1094
 1088
 1096
 1110
 1130
 1158
 1184
 1216
 1260
 1310
 1362
 1424
 1490
 1550
 1612
 1666
 1724
 1782
 1842
 1898
 1950
 2000
 2056
 2102
 2138
 2172
 2214
 2250
 2280
 2314
 2348
 2376
 2400
 2428
 2452
 2478
 2502
 2522
 2544
 2562
 2580
 2598
 2608
 2612
 2620
 2638
 2650
 2666
 2684
 2702
 2716
 2726
 2738
 2752
 2766
 2782
 2798
 2814
 2832
 2852
 2864
 2878
 2888
 2890
 2892
 2904
 2916
 2918
 2922
 2920
 2910
 2892
 2872
 2848
 2820
 2788
 2748
 2704
 2654
 2604
 2552
 2488
 2426
 2360
 2278
 2192
 2116
 2046
 1974
 1908
 1846
 1792
 1746
 1708
 1686
 1680
 1688
 1706
 1732
 1766
 1808
 1856
 1908
 1958
 2004
 2046
 2096
 2152
 2202
 2256
 2308
 2358
 2406
 2448
 2484
 2516
 2550
 2580
 2606
 2628
 2654
 2676
 2696
 2716
 2730
 2736
 2750
 2770
 2792
 2806
 2826
 2846
 2860
 2872
 2882
 2894
 2902
 2904
 2908
 2912
 2918
 2924
 2930
 2934
 2938
 2934
 2930
 2930
 2936
 2938
 2938
 2938
 2932
 2920
 2906
 2892
 2876
 2856
 2832
 2806
 2780
 2756
 2732
 2706
 2684
 2654
 2620
 2600
 2590
 2578
 2574
 2576
 2578
 2584
 2590
 2594
 2602
 2610
 2620
 2628
 2638
 2650
 2664
 2672
 2684
 2690
 2690
 2698
 2712
 2728
 2740
 2754
 2764
 2772
 2782
 2792
 2804
 2820
 2836
 2852
 2868
 2886
 2906
 2922
 2934
 2944
 2942
 2940
 2942
 2950
 2952
 2950
 2948
 2938
 2926
 2908
 2890
 2866
 2838
 2808
 2774
 2740
 2706
 2664
 2616
 2558
 2490
 2430
 2380
 2330
 2270
 2200
 2122
 2038
 1948
 1850
 1748
 1646
 1546
 1436
 1318
 1198
 1084
 972
 864
 754
 650
