19
96
172
420
1456
1462
1635
1641
1675
1782
1807
1832
1857
1894
1934
1959
1996
2021
2046
2071
2143
2147
2221
2326
2351
2376
2411
2426
2451
2860
3013
3024
3071
3090
3115
3426
3433
3482
3553
3606
3676
3785
3856
3956
4105
4189
4329
4446
4503
4566
4629
4700
4761
4815
4878
4950
5020
5087
5147
5212
5277
5336
5402
5461
5533
5599
5676
5741
5817
5879
6102
6143
6199
6208
6233
6261
6348
6351
6428
6430
6492
6507
6594
6671
6687
6833
7071
7130
7140
7165
7226
7234
7815
8002
8003
8028
8446
8466
8515
8527
8578
8652
8717
8784
9231
9243
9268
9435
9504
9591
9602
9656
10066
10074
10099
10521
10742
10926
10928
10954
10979
11120
11199
11337
11510
11511
11536
11590
11654
11663
11788
11860
11937
11950
11975
12232
12328
12333
12358
12417
12477
12594
12672
12752
12829
12905
12973
13043
13129
13204
13285
13406
13503
13569
13702
13766
13856
13867
13919
13999
14062
14231
14305
14535
14767
14769
14799
14824
14855
14886
14923
14948
14980
15005
15030
15055
15121
15545
15547
15718
15794
15882
15959
16039
