 2678
 2638
 2596
 2554
 2512
 2468
 2428
 2384
 2342
 2300
 2258
 2218
 2176
 2140
 2108
 2078
 2054
 2028
 2008
 1992
 1992
 1996
 2006
 2024
 2044
 2068
 2094
 2122
 2150
 2184
 2218
 2254
 2292
 2328
 2364
 2402
 2436
 2470
 2502
 2540
 2588
 2630
 2668
 2702
 2736
 2768
 2796
 2826
 2854
 2880
 2900
 2914
 2928
 2940
 2950
 2966
 2976
 2986
 2998
 3008
 3018
 3026
 3036
 3040
 3044
 3042
 3036
 3038
 3036
 3018
 2996
 2970
 2942
 2912
 2872
 2828
 2784
 2738
 2694
 2648
 2602
 2558
 2514
 2472
 2430
 2386
 2346
 2306
 2268
 2228
 2182
 2142
 2106
 2072
 2040
 2006
 1970
 1938
 1910
 1888
 1872
 1868
 1870
 1880
 1894
 1912
 1936
 1962
 1994
 2032
 2072
 2114
 2152
 2180
 2208
 2240
 2280
 2318
 2354
 2386
 2416
 2450
 2482
 2508
 2542
 2574
 2604
 2634
 2658
 2678
 2706
 2740
 2772
 2796
 2818
 2842
 2864
 2884
 2900
 2916
 2936
 2952
 2960
 2968
 2970
 2970
 2968
 2966
 2970
 2970
 2968
 2966
 2962
 2958
 2958
 2958
 2952
 2942
 2922
 2902
 2886
 2866
 2852
 2846
 2850
 2860
 2868
 2878
 2884
 2888
 2892
 2892
 2894
 2898
 2902
 2906
 2912
 2918
 2928
 2936
 2946
 2952
 2954
 2956
 2962
 2974
 2986
 2994
 3000
 3004
 3008
 3010
 3014
 3020
 3022
 3020
 3014
 3010
 3008
 3006
 3000
 2990
 2976
 2952
 2930
 2902
 2858
 2806
 2748
 2688
 2626
 2564
 2502
 2438
 2368
 2302
 2232
 2166
 2102
 2040
 1984
 1930
 1876
 1828
 1782
 1742
 1704
 1666
 1624
 1584
 1548
 1522
 1492
 1464
 1442
 1424
 1410
 1400
 1392
 1398
 1412
 1438
 1476
 1522
 1572
 1632
 1692
 1752
 1814
 1870
 1924
 1978
 2034
 2088
 2134
 2176
 2224
 2268
 2306
 2346
 2382
 2420
 2456
 2490
 2524
 2556
 2586
 2616
 2644
 2670
 2698
 2722
 2742
 2758
 2776
 2804
 2838
 2864
 2888
 2902
 2916
 2922
 2928
 2938
 2946
 2952
 2958
 2960
 2964
 2966
 2968
 2968
 2968
 2966
 2964
 2956
 2946
 2930
 2912
 2886
 2852
 2818
 2776
 2734
 2690
 2652
 2616
 2572
 2524
 2472
 2424
 2376
 2324
 2274
 2226
 2174
 2122
 2074
 2020
 1972
 1930
 1890
 1852
 1814
 1780
 1750
 1722
 1694
 1672
 1644
 1622
 1608
 1594
 1588
 1584
 1588
 1600
 1618
 1644
 1670
 1708
 1754
 1800
 1848
 1894
 1944
 1996
 2050
 2100
 2148
 2194
 2238
 2278
 2316
 2352
 2392
 2440
 2494
 2538
 2578
 2614
 2650
 2682
 2708
 2736
 2764
 2788
 2810
 2832
 2854
 2878
 2906
 2928
 2948
 2968
 2982
 2992
 3004
 3012
 3016
 3018
 3014
 3018
 3016
 3002
 2978
 2942
 2902
 2856
 2806
 2756
 2704
 2646
 2588
 2532
 2474
 2420
 2366
 2314
 2264
 2214
 2164
 2114
 2068
 2018
 1974
 1932
 1894
 1852
 1806
 1762
 1718
 1680
 1640
 1602
 1570
 1540
 1512
 1482
 1458
 1442
 1438
 1442
 1450
 1464
 1484
 1510
 1544
 1586
 1634
 1692
 1750
 1804
 1852
 1904
 1954
 2000
 2046
 2088
 2132
 2172
 2216
 2254
 2296
 2334
 2372
 2408
 2444
 2482
 2516
 2546
 2576
 2610
 2654
 2696
 2730
 2760
 2784
 2810
 2830
 2848
 2870
 2890
 2904
 2920
 2930
 2936
 2944
 2952
 2960
 2968
 2970
 2972
 2974
 2970
 2962
 2944
 2918
 2884
 2846
 2806
 2764
 2718
 2664
 2608
 2550
 2496
 2442
 2388
 2340
 2292
 2244
 2194
 2146
 2100
 2056
 2014
 1976
 1938
 1902
 1866
 1828
 1792
 1754
 1722
 1690
 1660
 1628
 1596
 1568
 1540
 1528
 1520
 1522
 1534
 1550
 1578
 1608
 1638
 1674
 1716
 1762
 1808
 1856
 1900
 1942
 1990
 2038
 2092
 2152
 2208
 2262
 2308
 2352
 2392
 2426
 2462
 2494
 2528
 2556
 2580
 2604
 2626
 2646
 2662
 2682
 2702
 2724
 2746
 2764
 2786
 2812
 2848
 2876
 2900
 2918
 2930
 2944
 2956
 2966
 2976
 2980
 2982
 2976
 2960
 2938
 2908
 2876
 2840
 2806
 2762
 2718
 2674
 2626
 2576
 2526
 2474
 2426
 2386
 2340
 2296
 2250
 2204
 2162
 2116
 2070
 2032
 1990
 1954
 1914
 1872
 1832
 1796
 1762
 1734
 1710
 1688
 1672
 1666
 1668
 1680
 1696
 1714
 1738
 1768
 1806
 1844
 1884
 1926
 1968
 2010
 2054
 2094
 2134
 2172
 2208
 2250
 2286
 2324
 2358
 2392
 2428
 2468
 2516
 2558
 2596
 2628
 2660
 2692
 2720
 2748
 2778
 2806
 2832
 2856
 2880
 2900
 2924
 2948
 2970
 2988
 3002
 3014
 3022
 3022
 3016
 2996
 2984
 2962
 2932
 2892
 2846
 2800
 2752
 2702
 2658
 2612
 2562
 2514
 2464
 2416
 2374
 2334
 2292
 2252
 2212
 2172
 2136
 2098
 2062
 2026
 1990
 1958
 1934
 1914
 1892
 1872
 1856
 1840
 1834
 1832
 1838
 1856
 1874
 1898
 1924
 1950
 1980
 2012
 2042
 2072
 2104
 2134
 2164
 2194
 2224
 2256
 2288
 2320
 2348
 2374
 2402
 2428
 2466
 2502
 2536
 2566
 2594
 2622
 2650
 2670
 2694
 2718
 2742
 2764
 2782
 2804
 2822
 2840
 2856
 2872
 2886
 2896
 2906
 2914
 2920
 2920
 2924
 2928
 2934
 2940
 2944
 2948
 2946
 2946
 2946
 2958
 2968
 2976
 2980
 2978
 2974
 2966
 2956
 2944
 2926
 2906
 2882
 2852
 2822
 2788
 2750
 2714
 2676
 2644
 2616
 2598
 2578
 2552
 2518
 2486
 2444
 2398
 2354
 2314
 2278
 2236
 2192
 2144
 2092
 2044
 1996
 1944
 1902
 1856
 1810
 1768
 1728
 1696
 1674
 1662
 1662
 1668
 1678
 1696
 1716
 1744
 1780
 1826
 1878
 1932
 1984
 2028
 2076
 2122
 2162
 2204
 2250
 2292
 2332
 2374
 2416
 2456
 2498
 2534
 2574
 2616
 2652
 2688
 2716
 2742
 2768
 2798
 2836
 2868
 2896
 2914
 2932
 2950
 2964
 2974
 2984
 2988
 2988
 2976
 2958
 2928
 2892
 2854
 2816
 2776
 2730
 2688
 2638
 2582
 2532
 2488
 2446
 2402
 2354
 2304
 2254
 2202
 2150
 2100
 2054
 2006
 1958
 1906
 1856
 1816
 1774
 1732
 1698
 1678
 1668
 1664
 1670
 1682
 1706
 1740
 1780
 1816
 1854
 1892
 1936
 1982
 2026
 2072
 2112
 2152
 2190
 2228
 2270
 2312
 2354
 2396
 2436
 2476
 2510
 2540
 2566
 2598
 2640
 2686
 2726
 2760
 2786
 2810
 2832
 2852
 2874
 2896
 2916
 2932
 2944
 2952
 2962
 2968
 2974
 2978
 2980
 2976
 2960
 2934
 2896
 2852
 2804
 2750
 2700
 2652
 2614
 2574
 2530
 2484
 2436
 2392
 2350
 2306
 2266
 2222
 2176
 2128
 2080
 2032
 1986
 1940
 1896
 1856
 1820
 1784
 1756
 1732
 1712
 1704
 1710
 1730
 1756
 1786
 1818
 1858
 1902
 1946
 1988
 2034
 2078
 2122
 2166
 2208
 2250
 2292
 2336
 2378
 2420
 2460
 2500
 2540
 2572
 2602
 2632
 2666
 2712
 2750
 2786
 2816
 2844
 2874
 2896
 2920
 2944
 2960
 2972
 2982
 2994
 3002
 3008
 3010
 3010
 3006
 2992
 2970
 2940
 2906
 2862
 2816
 2768
 2724
 2678
 2630
 2578
 2524
 2472
 2422
 2368
 2320
 2270
 2220
 2168
 2114
 2060
 2012
 1966
 1924
 1884
 1846
 1814
 1788
 1764
 1750
 1746
 1754
 1770
 1792
 1816
 1846
 1880
 1918
 1954
 1996
 2036
 2076
 2116
 2156
 2194
 2234
 2276
 2316
 2360
 2400
 2440
 2474
 2508
 2538
 2574
 2616
 2654
 2690
 2722
 2752
 2782
 2808
 2834
 2860
 2884
 2906
 2924
 2938
 2950
 2966
 2980
 2990
 2996
 3004
 3008
 3016
 3018
 3020
 3022
 3018
 3008
 2992
 2978
 2962
 2938
 2910
 2870
 2826
 2780
 2730
 2680
 2632
 2586
 2538
 2486
 2434
 2384
 2340
 2296
 2252
 2212
 2166
 2124
 2084
 2040
 2000
 1964
 1934
 1910
 1892
 1880
 1874
 1876
 1886
 1904
 1924
 1952
 1988
 2026
 2066
 2104
 2146
 2184
 2224
 2264
 2300
 2338
 2378
 2416
 2450
 2480
 2512
 2548
 2592
 2630
 2664
 2694
 2726
 2756
 2782
 2806
 2836
 2862
 2884
 2906
 2926
 2942
 2954
 2966
 2980
 2992
 3004
 3012
 3022
 3030
 3034
 3034
 3032
 3032
 3034
 3030
 3016
 2992
 2962
 2932
 2896
 2866
 2832
 2796
 2758
 2720
 2680
 2642
 2602
 2562
 2520
 2478
 2436
 2396
 2356
 2314
 2274
 2236
 2202
 2170
 2136
 2106
 2076
 2054
 2038
 2028
 2030
 2036
 2048
 2064
 2082
 2104
 2130
 2160
 2190
 2222
 2256
 2288
 2318
 2348
 2386
 2430
 2472
 2510
 2546
 2582
 2618
 2650
 2680
 2714
 2742
 2770
 2798
 2822
 2846
 2870
 2890
 2904
 2922
 2938
 2952
 2964
 2972
 2978
 2988
 3008
 3024
 3036
 3044
 3050
 3058
 3062
 3064
 3066
 3066
 3064
 3058
 3046
 3030
 3012
 2988
 2960
 2930
 2896
 2860
 2824
 2782
 2738
 2688
 2636
 2586
 2548
 2510
 2466
 2416
 2360
 2308
 2256
 2192
 2128
 2072
 2012
 1956
 1902
 1854
 1810
 1764
 1724
 1700
 1684
 1680
 1686
 1708
 1736
 1774
 1818
 1858
 1904
 1948
 1984
 2018
 2054
 2088
 2122
 2160
 2194
 2230
 2264
 2296
 2322
 2334
 2330
 2324
 2318
 2312
 2312
 2312
 2316
 2320
 2322
 2324
 2326
 2326
 2328
 2334
 2342
 2352
 2374
 2400
 2436
 2480
 2520
 2560
 2596
 2636
 2674
 2706
 2734
 2760
 2780
 2794
 2812
 2828
 2846
 2860
 2872
 2880
 2892
 2912
 2930
 2944
 2952
 2956
 2960
 2960
 2964
 2970
 2970
 2966
 2960
 2946
 2924
 2894
 2858
 2814
 2764
 2708
 2652
 2598
 2550
 2496
 2442
 2386
 2328
 2270
 2216
 2162
 2112
 2062
 2014
 1970
 1932
 1900
 1876
 1860
 1846
 1842
 1842
 1844
 1850
 1864
 1884
 1910
 1942
 1986
 2038
 2084
 2126
 2166
 2206
 2246
 2280
 2314
 2354
 2388
 2424
 2460
 2496
 2530
 2566
 2602
 2634
 2670
 2702
 2734
 2764
 2792
 2818
 2846
 2866
 2884
 2898
 2914
 2940
 2966
 2986
 3000
 3008
 3014
 3016
 3018
 3016
 3002
 2984
 2962
 2936
 2902
 2862
 2826
 2788
 2746
 2708
 2664
 2612
 2566
 2522
 2478
 2432
 2384
 2336
 2290
 2252
 2210
 2164
 2120
 2074
 2032
 1994
 1958
 1932
 1910
 1894
 1888
 1886
 1894
 1908
 1928
 1958
 1986
 2020
 2056
 2094
 2134
 2168
 2210
 2248
 2294
 2342
 2386
 2426
 2462
 2498
 2532
 2560
 2594
 2626
 2656
 2686
 2712
 2740
 2766
 2794
 2818
 2842
 2864
 2888
 2906
 2918
 2932
 2940
 2954
 2978
 2994
 3008
 3018
 3024
 3024
 3016
 3002
 2980
 2950
 2912
 2868
 2820
 2774
 2726
 2678
 2626
 2578
 2528
 2482
 2434
 2380
 2330
 2278
 2226
 2166
 2104
 2044
 1984
 1930
 1886
 1842
 1806
 1772
 1744
 1726
 1714
 1714
 1722
 1742
 1768
 1800
 1834
 1870
 1914
 1960
 2012
 2066
 2114
 2156
 2198
 2240
 2280
 2312
 2348
 2380
 2414
 2448
 2478
 2506
 2538
 2568
 2598
 2628
 2658
 2680
 2702
 2722
 2746
 2780
 2816
 2844
 2870
 2890
 2910
 2924
 2936
 2952
 2964
 2974
 2984
 2988
 2994
 3000
 3004
 3004
 2988
 2964
 2934
 2900
 2866
 2838
 2814
 2784
 2734
 2674
 2620
 2566
 2510
 2458
 2410
 2356
 2306
 2254
 2204
 2158
 2112
 2070
 2030
 1994
 1958
 1926
 1898
 1870
 1840
 1808
 1786
 1784
 1798
 1812
 1820
 1836
 1858
 1882
 1912
 1946
 1980
 2022
 2060
 2100
 2140
 2180
 2216
 2252
 2288
 2326
 2376
 2424
 2468
 2508
 2544
 2580
 2612
 2644
 2680
 2714
 2744
 2774
 2800
 2826
 2852
 2882
 2908
 2930
 2950
 2966
 2974
 2980
 2982
 2990
 3000
 3004
 3004
 2996
 2980
 2956
 2926
 2890
 2852
 2810
 2764
 2718
 2674
 2624
 2578
 2532
 2486
 2440
 2394
 2346
 2302
 2254
 2212
 2174
 2140
 2106
 2066
 2028
 1988
 1952
 1920
 1890
 1868
 1852
 1842
 1844
 1852
 1868
 1890
 1916
 1946
 1980
 2016
 2050
 2084
 2122
 2162
 2206
 2260
 2306
 2348
 2388
 2424
 2460
 2490
 2526
 2560
 2594
 2628
 2664
 2696
 2730
 2764
 2796
 2826
 2856
 2886
 2908
 2926
 2942
 2960
 2982
 3004
 3020
 3034
 3044
 3050
 3058
 3066
 3074
 3078
 3078
 3070
 3056
 3034
 3004
 2968
 2930
 2886
 2842
 2796
 2748
 2698
 2654
 2612
 2572
 2528
 2480
 2428
 2380
 2336
 2290
 2248
 2208
 2168
 2132
 2094
 2056
 2024
 1996
 1976
 1960
 1956
 1958
 1970
 1994
 2024
 2064
 2102
 2140
 2178
 2214
 2250
 2284
 2316
 2352
 2388
 2424
 2460
 2496
 2532
 2570
 2608
 2648
 2682
 2716
 2742
 2766
 2784
 2804
 2836
 2864
 2886
 2908
 2922
 2938
 2948
 2958
 2974
 2986
 2996
 3004
 3014
 3022
 3030
 3034
 3032
 3030
 3026
 3016
 3002
 2978
 2950
 2918
 2894
 2870
 2838
 2802
 2764
 2724
 2686
 2646
 2608
 2568
 2528
 2490
 2446
 2398
 2344
 2296
 2248
 2202
 2160
 2118
 2082
 2050
 2016
 1984
 1948
 1916
 1896
 1884
 1880
 1886
 1906
 1934
 1968
 2012
 2062
 2106
 2142
 2172
 2202
 2236
 2270
 2306
 2348
 2392
 2434
 2470
 2506
 2540
 2584
 2630
 2670
 2712
 2748
 2782
 2812
 2840
 2872
 2908
 2938
 2964
 2986
 3002
 3020
 3040
 3058
 3076
 3088
 3094
 3098
 3100
 3100
 3104
 3104
 3096
 3078
 3052
 3022
 2982
 2944
 2902
 2858
 2810
 2760
 2710
 2656
 2606
 2556
 2506
 2460
 2416
 2366
 2318
 2272
 2230
 2188
 2146
 2098
 2052
 2006
 1964
 1924
 1890
 1858
 1826
 1798
 1774
 1760
 1756
 1760
 1774
 1792
 1818
 1850
 1888
 1938
 1998
 2054
 2104
 2150
 2194
 2240
 2282
 2326
 2374
 2418
 2460
 2502
 2546
 2586
 2628
 2668
 2704
 2742
 2776
 2808
 2836
 2866
 2906
 2944
 2974
 3000
 3018
 3030
 3040
 3048
 3058
 3062
 3064
 3062
 3056
 3046
 3028
 3002
 2970
 2936
 2898
 2856
 2804
 2758
 2714
 2676
 2632
 2588
 2542
 2492
 2446
 2398
 2348
 2302
 2254
 2200
 2148
 2092
 2040
 1992
 1948
 1908
 1872
 1836
 1798
 1768
 1742
 1724
 1714
 1708
 1710
 1720
 1742
 1768
 1796
 1832
 1872
 1916
 1958
 2002
 2044
 2092
 2138
 2186
 2234
 2280
 2320
 2364
 2402
 2444
 2498
 2546
 2592
 2630
 2666
 2702
 2732
 2762
 2796
 2824
 2850
 2874
 2896
 2914
 2936
 2956
 2978
 2996
 3022
 3044
 3060
 3066
 3066
 3064
 3062
 3070
 3084
 3086
 3088
 3082
 3074
 3056
 3032
 3008
 2980
 2952
 2918
 2880
 2844
 2808
 2772
 2740
 2702
 2654
 2602
 2552
 2504
 2454
 2400
 2346
 2300
 2252
 2208
 2162
 2114
 2068
 2030
 1998
 1968
 1944
 1930
 1922
 1924
 1934
 1952
 1978
 2010
 2050
 2092
 2138
 2182
 2224
 2268
 2312
 2364
 2426
 2482
 2532
 2578
 2622
 2662
 2700
 2740
 2776
 2812
 2842
 2872
 2902
 2926
 2952
 2976
 2998
 3016
 3032
 3048
 3058
 3066
 3072
 3088
 3108
 3124
 3134
 3138
 3140
 3142
 3142
 3138
 3130
 3110
 3084
 3052
 3014
 2974
 2930
 2886
 2838
 2788
 2732
 2672
 2618
 2564
 2518
 2482
 2442
 2390
 2330
 2266
 2202
 2142
 2086
 2026
 1964
 1904
 1844
 1786
 1736
 1686
 1644
 1606
 1574
 1554
 1546
 1554
 1572
 1602
 1638
 1684
 1732
 1778
 1824
 1874
 1926
 1976
 2026
 2076
 2122
 2174
 2230
 2280
 2334
 2394
 2452
 2510
 2570
 2632
 2688
 2734
 2776
 2814
 2842
 2868
 2898
 2920
 2948
 2970
 2994
 3012
 3030
 3046
 3062
 3076
 3082
 3084
 3088
 3098
 3118
 3128
 3134
 3136
 3126
 3104
 3074
 3040
 2996
 2944
 2886
 2822
 2750
 2684
 2634
 2608
 2590
 2566
 2526
 2472
 2430
 2392
 2350
 2300
 2244
 2198
 2158
 2130
 2122
 2120
 2120
 2124
 2130
 2154
 2180
 2212
 2242
 2266
 2282
 2288
 2282
 2276
 2270
 2262
 2260
 2264
 2268
 2270
 2274
 2282
 2286
 2292
 2292
 2292
 2294
 2304
 2324
 2354
 2390
 2426
 2464
 2522
 2580
 2634
 2682
 2726
 2766
 2800
 2830
 2866
 2902
 2934
 2960
 2982
 3002
 3026
 3050
 3068
 3084
 3092
 3098
 3114
 3130
 3142
 3152
 3152
 3146
 3126
 3102
 3080
 3056
 3022
 2982
 2942
 2900
 2866
 2838
 2816
 2800
 2788
 2774
 2758
 2742
 2724
 2710
 2696
 2678
 2654
 2624
 2592
 2560
 2532
 2506
 2474
 2436
 2398
 2352
 2308
 2264
 2216
 2176
 2134
 2090
 2048
 2006
 1964
 1928
 1894
 1854
 1824
 1802
 1792
 1790
 1800
 1818
 1844
 1882
 1930
 1990
 2050
 2108
 2166
 2220
 2274
 2320
 2364
 2410
 2454
 2498
 2540
 2584
 2626
 2666
 2708
 2750
 2792
 2828
 2862
 2896
 2926
 2956
 2976
 2990
 3000
 3020
 3048
 3070
 3088
 3102
 3114
 3124
 3128
 3132
 3138
 3144
 3146
 3144
 3144
 3142
 3138
 3128
 3112
 3086
 3054
 3020
 2984
 2944
 2900
 2858
 2810
 2758
 2710
 2668
 2628
 2582
 2536
 2484
 2434
 2388
 2340
 2296
 2248
 2200
 2156
 2110
 2062
 2016
 1976
 1934
 1898
 1864
 1832
 1806
 1784
 1774
 1774
 1790
 1820
 1854
 1888
 1928
 1966
 2006
 2048
 2088
 2130
 2174
 2218
 2264
 2308
 2352
 2398
 2440
 2484
 2530
 2576
 2620
 2660
 2696
 2728
 2770
 2814
 2854
 2894
 2924
 2952
 2970
 2986
 3004
 3022
 3038
 3048
 3060
 3068
 3074
 3082
 3084
 3080
 3066
 3042
 3010
 2970
 2920
 2870
 2820
 2772
 2720
 2664
 2604
 2544
 2488
 2432
 2374
 2326
 2272
 2220
 2168
 2116
 2066
 2022
 1978
 1940
 1902
 1862
 1820
 1784
 1756
 1738
 1726
 1720
 1722
 1734
 1760
 1790
 1822
 1864
 1908
 1954
 2002
 2048
 2094
 2142
 2192
 2240
 2288
 2334
 2372
 2414
 2452
 2496
 2550
 2598
 2650
 2696
 2736
 2772
 2798
 2826
 2856
 2880
 2902
 2924
 2944
 2964
 2984
 3000
 3014
 3026
 3036
 3044
 3048
 3050
 3052
 3062
 3070
 3072
 3060
 3038
 3010
 2976
 2940
 2902
 2858
 2810
 2762
 2712
 2662
 2612
 2564
 2522
 2480
 2436
 2390
 2340
 2288
 2240
 2192
 2146
 2098
 2048
 1998
 1950
 1908
 1868
 1830
 1800
 1776
 1760
 1748
 1748
 1758
 1776
 1808
 1842
 1878
 1918
 1958
 2002
 2052
 2108
 2164
 2216
 2268
 2312
 2356
 2400
 2436
 2478
 2518
 2558
 2594
 2628
 2662
 2696
 2726
 2758
 2786
 2816
 2844
 2868
 2886
 2900
 2916
 2944
 2968
 2988
 3006
 3016
 3028
 3038
 3048
 3058
 3064
 3068
 3072
 3076
 3080
 3082
 3084
 3086
 3088
 3090
 3092
 3090
 3088
 3082
 3078
 3074
 3072
 3064
 3048
 3022
 2992
 2958
 2918
 2878
 2834
 2786
 2736
 2686
 2634
 2586
 2536
 2488
 2440
 2394
 2348
 2300
 2254
 2212
 2174
 2138
 2098
 2056
 2014
 1972
 1936
 1900
 1864
 1836
 1806
 1782
 1768
 1758
 1756
 1766
 1782
 1804
 1828
 1854
 1882
 1918
 1960
 2010
 2058
 2102
 2144
 2184
 2224
 2262
 2300
 2342
 2384
 2424
 2462
 2498
 2532
 2566
 2600
 2636
 2670
 2704
 2734
 2762
 2786
 2820
 2860
 2894
 2924
 2950
 2972
 2988
 2996
 3006
 3018
 3026
 3034
 3038
 3042
 3044
 3046
 3040
 3024
 3006
 2978
 2948
 2914
 2874
 2832
 2790
 2752
 2722
 2682
 2640
 2594
 2548
 2504
 2458
 2414
 2372
 2326
 2280
 2236
 2192
 2150
 2110
 2070
 2036
 2002
 1970
 1938
 1906
 1876
 1852
 1834
 1822
 1814
 1814
 1818
 1830
 1848
 1868
 1900
 1936
 1972
 2012
 2054
 2096
 2140
 2184
 2228
 2274
 2322
 2368
 2414
 2454
 2494
 2530
 2570
 2622
 2664
 2708
 2746
 2784
 2818
 2848
 2876
 2908
 2930
 2952
 2970
 2984
 2996
 3010
 3022
 3032
 3042
 3050
 3058
 3064
 3068
 3072
 3070
 3064
 3058
 3052
 3052
 3050
 3040
 3024
 2998
 2968
 2932
 2892
 2856
 2816
 2772
 2724
 2676
 2628
 2580
 2534
 2494
 2452
 2410
 2370
 2328
 2284
 2246
 2206
 2162
 2120
 2086
 2052
 2020
 1984
 1950
 1916
 1890
 1872
 1862
 1864
 1874
 1890
 1912
 1938
 1972
 2012
 2054
 2098
 2138
 2182
 2222
 2260
 2300
 2342
 2392
 2442
 2486
 2526
 2562
 2598
 2634
 2670
 2710
 2750
 2784
 2820
 2852
 2884
 2912
 2936
 2954
 2970
 2988
 3004
 3016
 3024
 3036
 3056
 3078
 3092
 3102
 3106
 3110
 3112
 3112
 3110
 3104
 3084
 3056
 3018
 2974
 2930
 2882
 2836
 2788
 2740
 2686
 2638
 2590
 2550
 2510
 2466
 2420
 2374
 2330
 2288
 2244
 2208
 2172
 2134
 2100
 2064
 2026
 1986
 1950
 1922
 1898
 1880
 1868
 1866
 1872
 1886
 1906
 1934
 1978
 2060
 2158
 2252
 2340
 2424
 2502
 2572
 2634
 2692
 2740
 2786
 2826
 2864
 2902
 2930
 2950
 2964
 2976
 2990
 3012
 3026
 3040
 3048
 3056
 3064
 3070
 3078
 3092
 3102
 3104
 3106
 3104
 3110
 3118
 3122
 3128
 3126
 3124
 3116
 3104
 3080
 3056
 3036
 3006
 2968
 2926
 2882
 2838
 2794
 2748
 2706
 2658
 2608
 2558
 2508
 2458
 2412
 2366
 2320
 2276
 2236
 2194
 2152
 2116
 2082
 2054
 2024
 1994
 1964
 1938
 1920
 1904
 1898
 1902
 1910
 1920
 1936
 1954
 1972
 1996
 2024
 2052
 2084
 2114
 2148
 2176
 2210
 2244
 2288
 2338
 2386
 2430
 2466
 2502
 2536
 2564
 2596
 2622
 2646
 2670
 2694
 2718
 2742
 2766
 2788
 2810
 2832
 2856
 2880
 2902
 2918
 2934
 2954
 2980
 3016
 3064
 3116
 3172
 3224
 3272
 3310
 3338
 3354
 3364
 3362
 3352
 3340
 3336
 3338
 3342
 3336
 3326
 3320
 3318
 3320
 3328
 3332
 3324
 3304
 3264
 3210
 3152
 3084
 3010
 2930
 2848
 2772
 2696
 2626
 2562
 2496
 2436
 2374
 2314
 2260
 2206
 2156
 2106
 2056
 2010
 1964
 1924
 1888
 1858
 1824
 1794
 1766
 1744
 1732
 1732
 1740
 1758
 1780
 1804
 1840
 1884
 1942
 2020
 2110
 2194
 2280
 2352
 2418
 2482
 2542
 2600
 2646
 2682
 2714
 2744
 2778
 2808
 2836
 2862
 2882
 2906
 2934
 2962
 2990
 3016
 3038
 3058
 3080
 3096
 3108
 3114
 3118
 3130
 3138
 3142
 3142
 3142
 3144
 3146
 3146
 3148
 3150
 3148
 3148
 3146
 3144
 3142
 3140
 3134
 3118
 3088
 3056
 3014
 2968
 2922
 2878
 2838
 2792
 2746
 2698
 2652
 2610
 2564
 2524
 2484
 2440
 2396
 2352
 2308
 2270
 2232
 2196
 2158
 2122
 2090
 2058
 2026
 1998
 1970
 1940
 1924
 1912
 1906
 1906
 1910
 1920
 1934
 1960
 1992
 2030
 2066
 2096
 2128
 2162
 2198
 2238
 2278
 2320
 2362
 2408
 2450
 2488
 2524
 2558
 2602
 2648
 2686
 2720
 2748
 2774
 2800
 2822
 2848
 2870
 2890
 2902
 2916
 2928
 2940
 2952
 2960
 2966
 2974
 2984
 2990
 2994
 2998
 3002
 3000
 3002
 3010
 3018
 3018
 3012
 2994
 2964
 2926
 2884
 2844
 2796
 2750
 2702
 2654
 2606
 2558
 2512
 2466
 2420
 2374
 2328
 2286
 2240
 2196
 2152
 2112
 2076
 2036
 1996
 1958
 1922
 1888
 1856
 1828
 1806
 1790
 1782
 1780
 1786
 1798
 1816
 1842
 1868
 1900
 1936
 1972
 2014
 2056
 2106
 2158
 2204
 2250
 2292
 2334
 2374
 2408
 2448
 2486
 2522
 2558
 2592
 2624
 2658
 2690
 2722
 2754
 2786
 2816
 2840
 2860
 2874
 2894
 2922
 2944
 2964
 2976
 2984
 2994
 3000
 3006
 3010
 3004
 2988
 2964
 2934
 2896
 2854
 2810
 2764
 2718
 2672
 2624
 2580
 2534
 2484
 2440
 2400
 2366
 2328
 2288
 2246
 2206
 2168
 2130
 2092
 2058
 2022
 1986
 1950
 1914
 1884
 1858
 1842
 1834
 1832
 1836
 1844
 1858
 1880
 1908
 1944
 1984
 2020
 2056
 2092
 2130
 2170
 2204
 2242
 2278
 2312
 2350
 2386
 2418
 2454
 2490
 2526
 2562
 2596
 2624
 2652
 2676
 2700
 2730
 2766
 2800
 2828
 2850
 2866
 2882
 2894
 2904
 2918
 2932
 2942
 2952
 2956
 2962
 2968
 2978
 2982
 2986
 2988
 2982
 2968
 2942
 2906
 2862
 2816
 2768
 2724
 2682
 2634
 2584
 2534
 2486
 2440
 2392
 2350
 2304
 2258
 2212
 2168
 2124
 2082
 2046
 2010
 1974
 1938
 1906
 1874
 1840
 1812
 1788
 1770
 1756
 1744
 1742
 1748
 1764
 1784
 1810
 1840
 1872
 1904
 1938
 1976
 2014
 2052
 2088
 2128
 2166
 2206
 2244
 2278
 2314
 2352
 2398
 2444
 2486
 2522
 2558
 2592
 2622
 2650
 2684
 2714
 2742
 2768
 2794
 2820
 2844
 2866
 2888
 2908
 2922
 2934
 2944
 2956
 2964
 2968
 2968
 2966
 2968
 2960
 2940
 2912
 2882
 2846
 2806
 2770
 2734
 2686
 2640
 2596
 2548
 2500
 2456
 2410
 2366
 2322
 2280
 2236
 2194
 2150
 2104
 2062
 2024
 1988
 1952
 1918
 1880
 1846
 1816
 1794
 1778
 1774
 1776
 1786
 1800
 1822
 1848
 1882
 1918
 1958
 1998
 2042
 2084
 2124
 2162
 2204
 2256
 2310
 2362
 2408
 2448
 2488
 2530
 2564
 2598
 2632
 2662
 2692
 2718
 2744
 2770
 2794
 2818
 2838
 2860
 2878
 2894
 2910
 2922
 2930
 2932
 2936
 2948
 2960
 2968
 2970
 2962
 2950
 2930
 2908
 2882
 2852
 2816
 2780
 2742
 2704
 2666
 2626
 2586
 2548
 2506
 2464
 2420
 2378
 2334
 2286
 2244
 2208
 2174
 2136
 2102
 2068
 2034
 2008
 1988
 1970
 1962
 1956
 1958
 1968
 1984
 2006
 2028
 2052
 2078
 2108
 2140
 2172
 2204
 2234
 2266
 2302
 2346
 2388
 2426
 2464
 2498
 2532
 2562
 2592
 2624
 2656
 2684
 2712
 2740
 2764
 2786
 2806
 2830
 2850
 2870
 2890
 2906
 2916
 2928
 2936
 2950
 2968
 2984
 2994
 3002
 3010
 3018
 3024
 3032
 3036
 3036
 3034
 3030
 3024
 3008
 2984
 2956
 2926
 2888
 2854
 2810
 2764
 2720
 2682
 2646
 2608
 2566
 2524
 2480
 2440
 2400
 2360
 2322
 2280
 2238
 2196
 2152
 2112
 2074
 2038
 2008
 1980
 1950
 1924
 1906
 1894
 1892
 1894
 1900
 1912
 1930
 1952
 1980
 2010
 2048
 2086
 2122
 2158
 2192
 2228
 2262
 2300
 2334
 2366
 2398
 2430
 2460
 2492
 2530
 2572
 2612
 2646
 2674
 2698
 2724
 2742
 2764
 2788
 2808
 2828
 2848
 2866
 2884
 2904
 2920
 2936
 2950
 2962
 2972
 2978
 2980
 2980
 2984
 2982
 2970
 2950
 2920
 2888
 2856
 2818
 2782
 2742
 2700
 2656
 2614
 2572
 2532
 2492
 2452
 2416
 2374
 2334
 2294
 2250
 2212
 2176
 2144
 2110
 2076
 2046
 2016
 1996
 1974
 1960
 1956
 1956
 1964
 1974
 1990
 2010
 2036
 2066
 2094
 2126
 2160
 2192
 2226
 2260
 2302
 2352
 2396
 2438
 2478
 2516
 2554
 2584
 2620
 2650
 2678
 2708
 2734
 2762
 2790
 2818
 2844
 2868
 2894
 2916
 2938
 2954
 2962
 2968
 2972
 2984
 2998
 3002
 3000
 2988
 2972
 2950
 2920
 2890
 2856
 2820
 2784
 2744
 2704
 2666
 2628
 2590
 2552
 2516
 2476
 2438
 2400
 2362
 2322
 2284
 2252
 2220
 2184
 2146
 2106
 2070
 2038
 2008
 1980
 1958
 1942
 1936
 1932
 1934
 1940
 1956
 1978
 2010
 2042
 2076
 2114
 2156
 2200
 2244
 2294
 2352
 2408
 2458
 2504
 2548
 2590
 2624
 2656
 2696
 2734
 2766
 2796
 2822
 2848
 2870
 2894
 2914
 2930
 2944
 2962
 2976
 2986
 2994
 2998
 3010
 3028
 3042
 3046
 3052
 3054
 3058
 3058
 3062
 3062
 3064
 3066
 3066
 3066
 3064
 3062
 3056
 3038
 3012
 2980
 2946
 2904
 2862
 2818
 2776
 2740
 2694
 2650
 2604
 2556
 2508
 2460
 2416
 2372
 2324
 2278
 2230
 2184
 2142
 2102
 2066
 2032
 2000
 1964
 1936
 1914
 1896
 1884
 1878
 1880
 1886
 1904
 1930
 1960
 2000
 2046
 2094
 2146
 2200
 2250
 2298
 2344
 2386
 2428
 2464
 2498
 2528
 2556
 2596
 2638
 2676
 2714
 2750
 2786
 2820
 2850
 2878
 2910
 2944
 2996
 3058
 3120
 3178
 3226
 3262
 3292
 3312
 3324
 3330
 3332
 3336
 3344
 3348
 3342
 3334
 3320
 3310
 3298
 3288
 3272
 3250
 3238
 3234
 3234
 3240
 3250
 3260
 3272
 3286
 3302
 3312
 3316
 3310
 3294
 3266
 3234
 3198
 3156
 3108
 3050
 2988
 2928
 2860
 2790
 2718
 2648
 2584
 2524
 2472
 2418
 2368
 2318
 2268
 2224
 2184
 2148
 2110
 2070
 2028
 1988
 1952
 1916
 1884
 1858
 1832
 1812
 1798
 1796
 1806
 1824
 1848
 1878
 1916
 1954
 1988
 2030
 2070
 2120
 2176
 2226
 2270
 2308
 2348
 2386
 2418
 2452
 2486
 2518
 2554
 2586
 2620
 2654
 2692
 2730
 2762
 2792
 2818
 2842
 2866
 2884
 2898
 2912
 2936
 2954
 2972
 2992
 3008
 3022
 3030
 3034
 3038
 3040
 3036
 3024
 3006
 2978
 2946
 2908
 2862
 2818
 2774
 2732
 2692
 2652
 2614
 2566
 2514
 2464
 2420
 2380
 2336
 2290
 2244
 2194
 2150
 2104
 2058
 2020
 1978
 1938
 1902
 1866
 1834
 1812
 1798
 1788
 1790
 1802
 1820
 1844
 1868
 1896
 1930
 1972
 2022
 2072
 2122
 2168
 2214
 2260
 2302
 2342
 2382
 2424
 2460
 2500
 2536
 2570
 2606
 2642
 2676
 2712
 2744
 2778
 2806
 2830
 2852
 2884
 2918
 2946
 2972
 2990
 3004
 3010
 3018
 3028
 3036
 3042
 3044
 3044
 3042
 3032
 3012
 2980
 2946
 2906
 2866
 2816
 2758
 2702
 2650
 2604
 2558
 2510
 2464
 2414
 2368
 2322
 2276
 2234
 2190
 2142
 2096
 2048
 2002
 1958
 1920
 1880
 1844
 1808
 1772
 1740
 1716
 1694
 1678
 1664
 1658
 1660
 1674
 1694
 1716
 1748
 1788
 1828
 1870
 1910
 1950
 1994
 2048
 2112
 2186
 2270
 2356
 2446
 2528
 2604
 2682
 2748
 2804
 2850
 2878
 2902
 2920
 2934
 2952
 2968
 2982
 2998
 3008
 3020
 3034
 3048
 3062
 3074
 3086
 3098
 3104
 3110
 3106
 3108
 3112
 3104
 3086
 3056
 3022
 2982
 2936
 2888
 2840
 2790
 2742
 2696
 2648
 2602
 2556
 2512
 2468
 2428
 2386
 2346
 2302
 2262
 2222
 2188
 2148
 2104
 2064
 2028
 1988
 1956
 1922
 1888
 1860
 1834
 1812
 1800
 1794
 1798
 1814
 1836
 1862
 1894
 1934
 1972
 2012
 2050
 2082
 2118
 2162
 2204
 2248
 2284
 2312
 2340
 2380
 2414
 2426
 2430
 2436
 2456
 2456
 2452
 2460
 2462
 2470
 2482
 2490
 2490
 2490
 2490
 2494
 2488
 2470
 2450
 2428
 2414
 2402
 2394
 2396
 2396
 2396
 2396
 2394
 2394
 2394
 2396
 2404
 2420
 2448
 2478
 2512
 2558
 2610
 2658
 2704
 2744
 2784
 2820
 2850
 2884
 2914
 2940
 2960
 2974
 2990
 3006
 3022
 3034
 3042
 3048
 3060
 3080
 3094
 3104
 3110
 3114
 3118
 3116
 3112
 3094
 3064
 3026
 2984
 2936
 2890
 2844
 2798
 2750
 2700
 2648
 2596
 2550
 2506
 2468
 2426
 2386
 2340
 2296
 2256
 2212
 2170
 2134
 2094
 2056
 2020
 1988
 1960
 1944
 1938
 1938
 1948
 1960
 1978
 1998
 2028
 2058
 2102
 2154
 2208
 2262
 2308
 2354
 2404
 2450
 2504
 2558
 2612
 2668
 2720
 2770
 2814
 2856
 2896
 2928
 2954
 2984
 3020
 3056
 3092
 3128
 3150
 3168
 3184
 3206
 3226
 3246
 3262
 3270
 3274
 3278
 3278
 3280
 3270
 3254
 3248
 3244
 3242
 3242
 3238
 3234
 3226
 3210
 3180
 3136
 3080
 3016
 2948
 2886
 2832
 2772
 2714
 2652
 2590
 2536
 2482
 2430
 2380
 2326
 2278
 2228
 2178
 2132
 2092
 2054
 2020
 1988
 1958
 1930
 1906
 1888
 1876
 1868
 1862
 1858
 1862
 1872
 1894
 1916
 1950
 1984
 2016
 2046
 2076
 2110
 2144
 2178
 2216
 2256
 2300
 2340
 2374
 2408
 2440
 2478
 2524
 2570
 2612
 2652
 2688
 2724
 2752
 2786
 2816
 2842
 2868
 2890
 2912
 2932
 2948
 2964
 2978
 2992
 3004
 3014
 3018
 3016
 3004
 2982
 2962
 2936
 2900
 2866
 2826
 2784
 2740
 2692
 2642
 2588
 2534
 2484
 2436
 2386
 2342
 2300
 2258
 2218
 2180
 2140
 2104
 2066
 2028
 1992
 1962
 1934
 1904
 1870
 1842
 1820
 1808
 1810
 1816
 1834
 1860
 1890
 1924
 1960
 1996
 2038
 2082
 2126
 2172
 2216
 2262
 2312
 2354
 2396
 2438
 2486
 2538
 2584
 2626
 2662
 2698
 2732
 2762
 2792
 2820
 2848
 2872
 2894
 2914
 2932
 2946
 2956
 2964
 2976
 2986
 2996
 3002
 3008
 3010
 3010
 3006
 3004
 2994
 2972
 2942
 2912
 2872
 2828
 2784
 2738
 2686
 2624
 2560
 2498
 2440
 2382
 2326
 2270
 2218
 2166
 2112
 2058
 2010
 1964
 1914
 1864
 1818
 1774
 1732
 1700
 1676
 1660
 1654
 1654
 1660
 1674
 1696
 1728
 1762
 1800
 1836
 1876
 1916
 1960
 2002
 2056
 2114
 2168
 2218
 2260
 2300
 2338
 2374
 2414
 2448
 2482
 2512
 2538
 2564
 2586
 2608
 2632
 2640
 2628
 2614
 2594
 2574
 2564
 2560
 2560
 2562
 2564
 2554
 2542
 2532
 2524
 2520
 2520
 2532
 2566
 2604
 2638
 2660
 2660
 2672
 2688
 2700
 2724
 2752
 2774
 2794
 2822
 2866
 2914
 2938
 2962
 2974
 2980
 2990
 2992
 2996
 2996
 2998
 3000
 3008
 3026
 3052
 3076
 3082
 3076
 3054
 3014
 2970
 2924
 2874
 2820
 2764
 2710
 2656
 2604
 2552
 2498
 2434
 2372
 2314
 2266
 2214
 2156
 2100
 2038
 1984
 1934
 1882
 1838
 1794
 1752
 1716
 1682
 1656
 1642
 1638
 1644
 1660
 1684
 1712
 1750
 1792
 1840
 1890
 1934
 1978
 2020
 2066
 2104
 2142
 2184
 2224
 2266
 2304
 2338
 2374
 2412
 2450
 2490
 2530
 2570
 2610
 2650
 2680
 2708
 2732
 2762
 2800
 2834
 2866
 2890
 2914
 2936
 2952
 2970
 2986
 2994
 3002
 3010
 3016
 3022
 3026
 3028
 3026
 3022
 3012
 2996
 2976
 2950
 2920
 2884
 2840
 2796
 2752
 2716
 2674
 2628
 2580
 2526
 2478
 2426
 2378
 2330
 2278
 2228
 2176
 2128
 2078
 2032
 1988
 1944
 1902
 1862
 1826
 1790
 1756
 1726
 1702
 1682
 1664
 1652
 1650
 1658
 1672
 1692
 1720
 1756
 1798
 1842
 1888
 1938
 1996
 2054
 2120
 2182
 2242
 2300
 2350
 2396
 2438
 2492
 2550
 2598
 2642
 2680
 2718
 2750
 2780
 2808
 2838
 2862
 2888
 2908
 2928
 2948
 2966
 2978
 2992
 3006
 3018
 3022
 3022
 3024
 3036
 3050
 3058
 3062
 3062
 3056
 3044
 3026
 3000
 2968
 2932
 2890
 2846
 2798
 2750
 2702
 2658
 2612
 2568
 2522
 2472
 2426
 2384
 2344
 2302
 2256
 2210
 2160
 2116
 2074
 2026
 1984
 1938
 1896
 1854
 1812
 1774
 1738
 1710
 1688
 1676
 1668
 1670
 1682
 1704
 1734
 1766
 1800
 1840
 1878
 1922
 1964
 2006
 2050
 2096
 2142
 2184
 2230
 2276
 2320
 2362
 2406
 2448
 2490
 2530
 2564
 2598
 2636
 2682
 2724
 2764
 2796
 2824
 2854
 2878
 2900
 2924
 2940
 2952
 2962
 2974
 2984
 2996
 3004
 3014
 3020
 3024
 3020
 3008
 2988
 2960
 2924
 2884
 2846
 2814
 2780
 2740
 2698
 2654
 2614
 2570
 2528
 2488
 2444
 2400
 2356
 2312
 2272
 2232
 2194
 2154
 2116
 2078
 2042
 2006
 1974
 1940
 1910
 1886
 1872
 1862
 1858
 1858
 1864
 1876
 1896
 1918
 1942
 1978
 2018
 2060
 2092
 2124
 2156
 2188
 2220
 2258
 2298
 2338
 2382
 2422
 2460
 2500
 2542
 2592
 2636
 2674
 2710
 2740
 2770
 2794
 2818
 2846
 2870
 2894
 2912
 2930
 2948
 2960
 2974
 2988
 3002
 3014
 3022
 3026
 3028
 3032
 3040
 3042
 3038
 3028
 3008
 2984
 2954
 2924
 2888
 2848
 2806
 2760
 2710
 2664
 2616
 2570
 2524
 2478
 2430
 2380
 2328
 2278
 2232
 2190
 2148
 2106
 2058
 2010
 1972
 1936
 1900
 1880
 1866
 1858
 1856
 1860
 1870
 1886
 1908
 1930
 1960
 1992
 2024
 2060
 2098
 2142
 2186
 2224
 2258
 2294
 2332
 2374
 2412
 2452
 2490
 2528
 2564
 2598
 2628
 2660
 2690
 2722
 2754
 2782
 2806
 2830
 2850
 2874
 2904
 2930
 2950
 2962
 2976
 2990
 3000
 3010
 3020
 3026
 3032
 3036
 3036
 3030
 3022
 3012
 2998
 2976
 2952
 2926
 2896
 2862
 2826
 2792
 2766
 2734
 2698
 2664
 2626
 2590
 2552
 2514
 2478
 2440
 2398
 2356
 2312
 2268
 2230
 2192
 2158
 2130
 2104
 2082
 2064
 2054
 2050
 2054
 2064
 2074
 2086
 2100
 2124
 2150
 2174
 2208
 2238
 2270
 2304
 2336
 2368
 2400
 2432
 2468
 2502
 2540
 2574
 2602
 2630
 2658
 2690
 2730
 2766
 2794
 2820
 2844
 2866
 2884
 2902
 2920
 2940
 2960
 2976
 2990
 3006
 3020
 3034
 3046
 3052
 3058
 3066
 3072
 3078
 3076
 3068
 3060
 3042
 3016
 2982
 2944
 2902
 2860
 2816
 2770
 2724
 2676
 2628
 2582
 2538
 2496
 2454
 2410
 2366
 2324
 2280
 2234
 2188
 2142
 2100
 2056
 2012
 1966
 1920
 1874
 1836
 1806
 1782
 1768
 1762
 1764
 1772
 1788
 1810
 1844
 1882
 1914
 1942
 1976
 2014
 2060
 2116
 2182
 2250
 2314
 2384
 2446
 2504
 2556
 2600
 2644
 2684
 2698
 2718
 2734
 2754
 2772
 2784
 2816
 2840
 2866
 2902
 2934
 2944
 2968
 2990
 3012
 3020
 3024
 3032
 3034
 3036
 3038
 3034
 3022
 3014
 2998
 2978
 2950
 2912
 2870
 2828
 2784
 2740
 2698
 2664
 2624
 2588
 2546
 2502
 2460
 2412
 2358
 2296
 2234
 2180
 2130
 2082
 2042
 2010
 1988
 1972
 1964
 1960
 1966
 1982
 2002
 2026
 2052
 2086
 2120
 2166
 2208
 2256
 2310
 2354
 2390
 2422
 2456
 2490
 2526
 2562
 2606
 2652
 2688
 2722
 2758
 2802
 2840
 2878
 2910
 2938
 2958
 2976
 2988
 3004
 3016
 3026
 3030
 3034
 3032
 3026
 3012
 2986
 2956
 2920
 2876
 2830
 2782
 2732
 2672
 2614
 2560
 2508
 2458
 2408
 2364
 2320
 2272
 2226
 2182
 2140
 2094
 2046
 2004
 1962
 1922
 1888
 1856
 1832
 1818
 1812
 1816
 1822
 1832
 1842
 1858
 1876
 1896
 1924
 1954
 1982
 2016
 2050
 2086
 2120
 2160
 2198
 2244
 2292
 2340
 2388
 2430
 2474
 2524
 2576
 2632
 2676
 2714
 2750
 2776
 2804
 2830
 2862
 2892
 2920
 2944
 2964
 2980
 2992
 3006
 3020
 3034
 3046
 3054
 3062
 3066
 3062
 3052
 3024
 2984
 2940
 2900
 2860
 2812
 2762
 2710
 2656
 2606
 2560
 2512
 2468
 2416
 2366
 2314
 2262
 2212
 2164
 2112
 2064
 2016
 1968
 1926
 1884
 1842
 1802
 1766
 1730
 1700
 1670
 1648
 1636
 1636
 1648
 1668
 1696
 1726
 1762
 1798
 1840
 1882
 1926
 1968
 2012
 2062
 2108
 2154
 2200
 2250
 2312
 2382
 2438
 2488
 2528
 2566
 2602
 2630
 2658
 2686
 2712
 2734
 2758
 2780
 2800
 2824
 2850
 2874
 2898
 2920
 2932
 2942
 2952
 2970
 2990
 3004
 3016
 3022
 3024
 3018
 3002
 2982
 2958
 2930
 2894
 2856
 2814
 2768
 2720
 2672
 2624
 2578
 2528
 2478
 2428
 2382
 2336
 2286
 2234
 2182
 2126
 2074
 2020
 1966
 1914
 1858
 1806
 1760
 1716
 1682
 1658
 1642
 1634
 1636
 1644
 1664
 1692
 1726
 1770
 1816
 1866
 1914
 1968
 2020
 2064
 2112
 2160
 2206
 2250
 2296
 2338
 2382
 2426
 2470
 2516
 2558
 2596
 2632
 2664
 2698
 2742
 2782
 2816
 2846
 2874
 2900
 2922
 2942
 2964
 2982
 2994
 3006
 3016
 3026
 3032
 3036
 3038
 3036
 3030
 3016
 2994
 2968
 2936
 2908
 2880
 2846
 2806
 2764
 2722
 2680
 2634
 2594
 2548
 2502
 2454
 2406
 2362
 2318
 2276
 2236
 2196
 2154
 2112
 2072
 2032
 2000
 1972
 1948
 1926
 1904
 1888
 1876
 1872
 1874
 1884
 1902
 1920
 1940
 1964
 1988
 2014
 2046
 2076
 2108
 2140
 2174
 2208
 2238
 2272
 2306
 2352
 2396
 2436
 2474
 2506
 2542
 2572
 2596
 2618
 2640
 2662
 2680
 2702
 2720
 2744
 2766
 2786
 2810
 2836
 2860
 2884
 2910
 2932
 2950
 2962
 2972
 2992
 3012
 3026
 3038
 3042
 3040
 3028
 3016
 2998
 2972
 2942
 2910
 2874
 2836
 2794
 2756
 2718
 2678
 2640
 2602
 2560
 2524
 2482
 2442
 2412
 2388
 2356
 2304
 2246
 2196
 2154
 2116
 2080
 2048
 2026
 2008
 1998
 1996
 2004
 2014
 2030
 2050
 2072
 2102
 2130
 2160
 2194
 2230
 2276
 2326
 2370
 2412
 2450
 2488
 2524
 2558
 2596
 2628
 2660
 2692
 2720
 2750
 2778
 2808
 2838
 2866
 2894
 2918
 2936
 2948
 2962
 2986
 3012
 3030
 3042
 3052
 3062
 3070
 3076
 3084
 3090
 3094
 3096
 3098
 3096
 3088
 3082
 3068
 3046
 3016
 2980
 2936
 2892
 2848
 2806
 2766
 2720
 2672
 2622
 2574
 2528
 2482
 2440
 2398
 2354
 2312
 2270
 2226
 2186
 2146
 2106
 2068
 2030
 1996
 1964
 1944
 1928
 1920
 1916
 1916
 1922
 1938
 1956
 1976
 2006
 2036
 2068
 2100
 2130
 2164
 2196
 2228
 2262
 2294
 2328
 2360
 2392
 2428
 2472
 2520
 2564
 2604
 2638
 2674
 2704
 2730
 2758
 2780
 2806
 2828
 2850
 2870
 2890
 2906
 2922
 2940
 2958
 2970
 2980
 2984
 2992
 3006
 3020
 3028
 3030
 3032
 3030
 3030
 3024
 3020
 3004
 2986
 2962
 2938
 2912
 2882
 2854
 2828
 2796
 2762
 2722
 2684
 2644
 2608
 2580
 2544
 2500
 2458
 2414
 2372
 2330
 2290
 2254
 2220
 2186
 2160
 2138
 2124
 2116
 2114
 2118
 2126
 2138
 2150
 2166
 2190
 2228
 2280
 2324
 2356
 2376
 2390
 2410
 2432
 2456
 2482
 2512
 2542
 2572
 2600
 2630
 2662
 2694
 2726
 2760
 2794
 2826
 2854
 2880
 2904
 2930
 2964
 2998
 3022
 3038
 3050
 3064
 3072
 3082
 3094
 3106
 3114
 3120
 3124
 3126
 3128
 3128
 3132
 3132
 3132
 3132
 3132
 3130
 3120
 3114
 3108
 3100
 3088
 3068
 3038
 3006
 2970
 2936
 2898
 2858
 2814
 2770
 2728
 2690
 2650
 2614
 2580
 2544
 2508
 2480
 2458
 2440
 2418
 2396
 2376
 2358
 2332
 2306
 2286
 2272
 2264
 2260
 2258
 2264
 2270
 2280
 2296
 2304
 2310
 2318
 2328
 2348
 2368
 2388
 2408
 2426
 2452
 2478
 2510
 2548
 2582
 2616
 2646
 2680
 2708
 2740
 2774
 2798
 2820
 2842
 2876
 2912
 2942
 2966
 2980
 2998
 3012
 3028
 3044
 3058
 3068
 3076
 3084
 3088
 3088
 3092
 3094
 3096
 3092
 3086
 3074
 3068
 3056
 3028
 2988
 2940
 2886
 2830
 2774
 2716
 2656
 2594
 2538
 2484
 2432
 2384
 2340
 2296
 2256
 2218
 2174
 2132
 2096
 2060
 2030
 1996
 1964
 1934
 1908
 1894
 1882
 1880
 1886
 1900
 1918
 1940
 1960
 1986
 2016
 2050
 2086
 2124
 2162
 2200
 2242
 2282
 2326
 2378
 2426
 2474
 2514
 2550
 2588
 2620
 2652
 2688
 2720
 2752
 2786
 2818
 2844
 2870
 2894
 2912
 2924
 2938
 2950
 2964
 2976
 2984
 2996
 3012
 3028
 3044
 3052
 3056
 3060
 3068
 3072
 3074
 3084
 3092
 3092
 3082
 3064
 3040
 3010
 2982
 2958
 2928
 2886
 2834
 2776
 2718
 2666
 2614
 2566
 2530
 2500
 2466
 2416
 2360
 2302
 2244
 2190
 2138
 2088
 2044
 2002
 1956
 1920
 1882
 1858
 1836
 1808
 1772
 1738
 1716
 1706
 1710
 1724
 1750
 1792
 1848
 1904
 1958
 2010
 2062
 2110
 2150
 2194
 2240
 2284
 2326
 2372
 2412
 2454
 2492
 2530
 2572
 2612
 2650
 2684
 2718
 2746
 2778
 2820
 2858
 2892
 2922
 2944
 2968
 2986
 3000
 3012
 3020
 3030
 3038
 3044
 3050
 3056
 3062
 3066
 3072
 3070
 3060
 3040
 3012
 2980
 2944
 2900
 2852
 2798
 2742
 2686
 2632
 2578
 2526
 2472
 2414
 2360
 2306
 2256
 2210
 2166
 2124
 2078
 2034
 1990
 1950
 1912
 1876
 1838
 1798
 1764
 1732
 1702
 1672
 1650
 1632
 1618
 1614
 1616
 1630
 1656
 1692
 1730
 1770
 1814
 1866
 1916
 1976
 2032
 2084
 2132
 2180
 2226
 2264
 2302
 2342
 2378
 2416
 2454
 2490
 2524
 2556
 2590
 2620
 2652
 2682
 2706
 2730
 2756
 2792
 2826
 2858
 2886
 2906
 2926
 2938
 2948
 2964
 2978
 2986
 2994
 3002
 3008
 3012
 3010
 2994
 2970
 2936
 2888
 2838
 2788
 2740
 2692
 2640
 2588
 2534
 2484
 2434
 2386
 2340
 2290
 2240
 2190
 2140
 2094
 2050
 2006
 1964
 1924
 1880
 1844
 1812
 1782
 1758
 1730
 1700
 1658
 1626
 1608
 1600
 1606
 1620
 1640
 1662
 1686
 1720
 1754
 1794
 1842
 1892
 1940
 1982
 2034
 2086
 2144
 2208
 2260
 2308
 2350
 2396
 2440
 2478
 2518
 2556
 2590
 2624
 2658
 2688
 2718
 2748
 2780
 2808
 2836
 2862
 2884
 2902
 2918
 2932
 2954
 2972
 2982
 2982
 2970
 2944
 2908
 2858
 2812
 2758
 2704
 2646
 2592
 2540
 2490
 2442
 2396
 2350
 2306
 2266
 2224
 2182
 2144
 2108
 2072
 2022
 1968
 1902
 1826
 1754
 1724
 1672
 1630
 1596
 1560
 1542
 1534
 1538
 1558
 1588
 1626
 1666
 1714
 1758
 1804
 1852
 1912
 1976
 2036
 2090
 2138
 2188
 2232
 2270
 2308
 2346
 2378
 2410
 2438
 2466
 2496
 2526
 2554
 2584
 2614
 2634
 2656
 2680
 2710
 2746
 2774
 2796
 2816
 2830
 2844
 2854
 2864
 2860
 2842
 2804
 2746
 2672
 2596
 2518
 2444
 2374
 2302
 2234
 2170
 2110
 2056
 2000
 1948
 1894
 1840
 1790
 1740
 1690
 1644
 1596
 1546
 1498
 1452
 1408
 1368
 1334
 1302
 1274
 1248
 1224
 1208
 1200
 1204
 1210
 1226
 1246
 1280
 1316
 1360
 1408
 1458
 1508
 1558
 1608
 1660
 1712
 1766
 1814
 1860
 1896
 1922
 1948
 1966
 1990
 2018
 2038
 2060
 2080
 2098
 2114
 2126
 2148
 2172
 2200
 2230
 2262
 2300
 2342
 2386
 2430
 2472
 2512
 2548
 2582
 2620
 2656
 2690
 2718
 2746
 2766
 2776
 2778
 2768
 2752
 2728
 2700
 2676
 2652
 2626
 2598
 2570
 2544
 2516
 2490
 2464
 2432
 2398
 2366
 2334
 2298
 2262
 2228
 2200
 2170
 2132
 2092
 2048
 1996
 1950
 1908
 1876
 1856
 1832
 1808
 1780
 1750
 1724
 1702
 1688
 1678
 1678
 1678
 1688
 1704
 1726
 1760
 1798
 1840
 1882
 1924
 1968
 2010
 2052
 2098
 2144
 2190
 2234
 2278
 2322
 2366
 2410
 2454
 2500
 2548
 2592
 2632
 2670
 2706
 2744
 2788
 2824
 2854
 2878
 2902
 2922
 2938
 2954
 2968
 2980
 2992
 3000
 3006
 3008
 3010
 3016
 3018
 3020
 3018
 3018
 3018
 3016
 3002
 2984
 2954
 2918
 2880
 2844
 2808
 2764
 2718
 2664
 2612
 2560
 2506
 2456
 2408
 2358
 2312
 2262
 2214
 2172
 2130
 2092
 2052
 2014
 1974
 1934
 1898
 1856
 1820
 1788
 1760
 1738
 1718
 1706
 1698
 1702
 1714
 1728
 1750
 1776
 1804
 1836
 1868
 1902
 1938
 1976
 2018
 2060
 2102
 2144
 2186
 2226
 2268
 2310
 2366
 2418
 2466
 2508
 2548
 2588
 2622
 2656
 2692
 2726
 2756
 2786
 2814
 2840
 2866
 2892
 2914
 2930
 2946
 2964
 2980
 2994
 3004
 3008
 3010
 3014
 3028
 3044
 3056
 3066
 3068
 3068
 3062
 3046
 3028
 3000
 2966
 2922
 2874
 2828
 2780
 2732
 2684
 2638
 2590
 2544
 2500
 2458
 2414
 2372
 2324
 2280
 2242
 2204
 2164
 2120
 2076
 2028
 1984
 1944
 1902
 1868
 1844
 1822
 1810
 1806
 1808
 1820
 1842
 1870
 1904
 1942
 1984
 2022
 2052
 2080
 2110
 2146
 2180
 2216
 2252
 2286
 2328
 2362
 2392
 2426
 2456
 2484
 2514
 2546
 2582
 2612
 2642
 2668
 2692
 2710
 2728
 2746
 2754
 2762
 2770
 2790
 2824
 2852
 2880
 2900
 2918
 2932
 2946
 2960
 2978
 2994
 3010
 3026
 3042
 3056
 3062
 3064
 3064
 3060
 3050
 3032
 3006
 2974
 2932
 2888
 2842
 2802
 2764
 2722
 2676
 2630
 2582
 2536
 2488
 2442
 2400
 2354
 2306
 2258
 2208
 2160
 2114
 2068
 2024
 1982
 1942
 1904
 1868
 1838
 1812
 1790
 1768
 1750
 1740
 1736
 1744
 1760
 1782
 1812
 1842
 1874
 1910
 1948
 1988
 2026
 2066
 2114
 2162
 2212
 2254
 2292
 2332
 2376
 2424
 2470
 2508
 2540
 2570
 2600
 2632
 2662
 2696
 2728
 2760
 2790
 2816
 2840
 2856
 2866
 2874
 2882
 2888
 2898
 2914
 2932
 2940
 2942
 2944
 2958
 2976
 2988
 2996
 3004
 3014
 3024
 3032
 3042
 3044
 3044
 3040
 3036
 3030
 3030
 3032
 3036
 3028
 3006
 2970
 2926
 2876
 2824
 2764
 2704
 2652
 2606
 2562
 2516
 2468
 2418
 2370
 2322
 2276
 2234
 2192
 2148
 2106
 2064
 2024
 1988
 1956
 1932
 1912
 1902
 1898
 1898
 1906
 1924
 1950
 1982
 2018
 2054
 2086
 2110
 2136
 2162
 2192
 2230
 2264
 2298
 2332
 2364
 2396
 2432
 2464
 2496
 2526
 2558
 2590
 2622
 2644
 2658
 2670
 2694
 2732
 2768
 2794
 2816
 2834
 2858
 2880
 2902
 2922
 2940
 2956
 2970
 2984
 2996
 3006
 3020
 3028
 3032
 3034
 3028
 3016
 2996
 2962
 2920
 2866
 2812
 2760
 2708
 2662
 2610
 2558
 2504
 2450
 2404
 2354
 2308
 2262
 2212
 2166
 2118
 2070
 2026
 1986
 1946
 1908
 1872
 1838
 1804
 1772
 1746
 1722
 1706
 1696
 1692
 1692
 1698
 1710
 1732
 1756
 1788
 1822
 1856
 1890
 1926
 1958
 1990
 2024
 2058
 2096
 2132
 2166
 2200
 2232
 2270
 2314
 2366
 2410
 2450
 2486
 2516
 2544
 2564
 2584
 2606
 2626
 2646
 2662
 2684
 2704
 2724
 2748
 2768
 2790
 2816
 2840
 2860
 2880
 2892
 2900
 2926
 2950
 2972
 2992
 3006
 3018
 3028
 3038
 3048
 3056
 3056
 3048
 3026
 2994
 2948
 2896
 2846
 2796
 2740
 2686
 2634
 2584
 2538
 2480
 2424
 2374
 2336
 2302
 2262
 2216
 2156
 2100
 2046
 1996
 1954
 1912
 1870
 1826
 1782
 1744
 1706
 1670
 1638
 1612
 1592
 1578
 1574
 1578
 1590
 1616
 1646
 1674
 1702
 1732
 1770
 1810
 1842
 1876
 1910
 1942
 1976
 2008
 2040
 2078
 2118
 2162
 2204
 2250
 2298
 2348
 2390
 2430
 2470
 2522
 2576
 2622
 2662
 2696
 2730
 2762
 2790
 2818
 2846
 2870
 2894
 2916
 2938
 2960
 2976
 2986
 2996
 3006
 3018
 3028
 3038
 3046
 3058
 3066
 3068
 3068
 3070
 3080
 3090
 3086
 3064
 3032
 2994
 2948
 2894
 2844
 2790
 2736
 2682
 2626
 2572
 2522
 2470
 2422
 2374
 2326
 2278
 2230
 2182
 2134
 2088
 2038
 1992
 1954
 1918
 1882
 1844
 1806
 1772
 1740
 1712
 1688
 1672
 1662
 1664
 1676
 1694
 1714
 1742
 1772
 1808
 1844
 1880
 1918
 1954
 1996
 2040
 2088
 2148
 2204
 2264
 2320
 2370
 2424
 2470
 2518
 2566
 2606
 2646
 2682
 2714
 2746
 2776
 2804
 2832
 2860
 2886
 2910
 2932
 2944
 2950
 2952
 2962
 2976
 2984
 2988
 2996
 3006
 3014
 3022
 3028
 3034
 3030
 3010
 2966
 2908
 2850
 2786
 2722
 2660
 2602
 2542
 2482
 2420
 2360
 2302
 2252
 2202
 2146
 2088
 2036
 1982
 1930
 1884
 1838
 1790
 1748
 1702
 1656
 1616
 1580
 1548
 1522
 1500
 1488
 1486
 1488
 1498
 1520
 1554
 1592
 1634
 1682
 1728
 1780
 1832
 1872
 1914
 1956
 1998
 2042
 2086
 2130
 2174
 2220
 2264
 2312
 2356
 2392
 2432
 2468
 2512
 2570
 2620
 2666
 2704
 2740
 2772
 2810
 2846
 2886
 2916
 2936
 2954
 2970
 2982
 2994
 3008
 3020
 3030
 3040
 3048
 3056
 3060
 3060
 3054
 3054
 3056
 3048
 3028
 2992
 2946
 2898
 2846
 2788
 2732
 2670
 2608
 2548
 2488
 2430
 2376
 2324
 2276
 2228
 2182
 2134
 2088
 2042
 2000
 1964
 1928
 1890
 1854
 1816
 1782
 1754
 1730
 1716
 1710
 1716
 1726
 1740
 1760
 1784
 1814
 1850
 1888
 1928
 1968
 2006
 2048
 2092
 2142
 2196
 2246
 2292
 2336
 2378
 2420
 2456
 2496
 2534
 2568
 2606
 2640
 2672
 2706
 2738
 2770
 2804
 2836
 2866
 2894
 2912
 2926
 2936
 2958
 2986
 3008
 3024
 3036
 3048
 3056
 3062
 3066
 3070
 3074
 3076
 3076
 3074
 3072
 3074
 3074
 3076
 3074
 3072
 3068
 3062
 3048
 3022
 2982
 2936
 2880
 2822
 2764
 2716
 2664
 2612
 2560
 2506
 2460
 2410
 2360
 2316
 2272
 2228
 2182
 2138
 2094
 2054
 2018
 1986
 1964
 1948
 1942
 1946
 1956
 1980
 2020
 2078
 2156
 2234
 2302
 2366
 2442
 2524
 2602
 2682
 2760
 2834
 2908
 2976
 3042
 3100
 3158
 3216
 3272
 3330
 3380
 3420
 3452
 3480
 3510
 3540
 3574
 3606
 3638
 3664
 3684
 3694
 3704
 3720
 3740
 3746
 3738
 3724
 3716
 3716
 3720
 3724
 3728
 3728
 3718
 3704
 3684
 3666
 3638
 3590
 3530
 3456
 3374
 3290
 3210
 3136
 3058
 2980
 2908
 2834
 2764
 2696
 2630
 2574
 2516
 2466
 2414
 2364
 2318
 2268
 2220
 2168
 2120
 2072
 2028
 1986
 1946
 1908
 1866
 1822
 1780
 1746
 1722
 1708
 1706
 1716
 1734
 1754
 1790
 1832
 1872
 1914
 1952
 1994
 2034
 2074
 2118
 2164
 2210
 2256
 2304
 2350
 2392
 2434
 2480
 2532
 2586
 2636
 2674
 2706
 2730
 2762
 2806
 2842
 2874
 2898
 2918
 2938
 2952
 2970
 2986
 3000
 3014
 3030
 3046
 3060
 3068
 3074
 3076
 3080
 3082
 3080
 3080
 3082
 3078
 3074
 3060
 3040
 3014
 2976
 2930
 2880
 2836
 2794
 2746
 2694
 2638
 2584
 2530
 2474
 2422
 2372
 2318
 2264
 2212
 2158
 2108
 2062
 2016
 1972
 1930
 1890
 1850
 1814
 1778
 1746
 1716
 1692
 1676
 1668
 1664
 1672
 1684
 1704
 1732
 1762
 1798
 1840
 1884
 1930
 1980
 2028
 2078
 2132
 2184
 2238
 2292
 2344
 2394
 2434
 2474
 2512
 2558
 2610
 2654
 2694
 2730
 2764
 2796
 2822
 2846
 2872
 2894
 2912
 2930
 2944
 2954
 2964
 2970
 2974
 2980
 2984
 2988
 2990
 2994
 2990
 2982
 2974
 2978
 2986
 2982
 2970
 2950
 2934
 2918
 2908
 2902
 2898
 2894
 2892
 2890
 2886
 2886
 2886
 2888
 2892
 2896
 2902
 2912
 2918
 2930
 2948
 2960
 2970
 2976
 2980
 2982
 2982
 2986
 2990
 2992
 2992
 2992
 2992
 2992
 2994
 2996
 2994
 2986
 2980
 2978
 2970
 2952
 2924
 2884
 2840
 2790
 2738
 2688
 2634
 2582
 2528
 2472
 2420
 2370
 2322
 2276
 2230
 2184
 2138
 2098
 2060
 2028
 1988
 1950
 1914
 1884
 1860
 1840
 1828
 1824
 1824
 1834
 1844
 1860
 1880
 1906
 1934
 1964
 2000
 2036
 2072
 2108
 2144
 2192
 2240
 2288
 2328
 2366
 2406
 2442
 2476
 2514
 2548
 2582
 2614
 2644
 2672
 2702
 2730
 2758
 2782
 2806
 2828
 2848
 2872
 2892
 2912
 2926
 2934
 2936
 2936
 2944
 2956
 2970
 2978
 2980
 2984
 2982
 2984
 2980
 2968
 2952
 2928
 2900
 2864
 2826
 2786
 2744
 2702
 2660
 2624
 2586
 2548
 2510
 2470
 2432
 2396
 2352
 2306
 2266
 2226
 2186
 2146
 2102
 2058
 2018
 1978
 1942
 1914
 1890
 1872
 1864
 1864
 1870
 1888
 1910
 1940
 1974
 2012
 2054
 2098
 2142
 2186
 2234
 2290
 2340
 2386
 2428
 2464
 2504
 2536
 2566
 2602
 2632
 2660
 2688
 2714
 2738
 2766
 2788
 2808
 2832
 2856
 2870
 2886
 2898
 2902
 2906
 2914
 2930
 2946
 2956
 2964
 2972
 2978
 2978
 2982
 2988
 2990
 2992
 2992
 2990
 2988
 2988
 2978
 2964
 2946
 2932
 2918
 2906
 2900
 2880
 2844
 2778
 2694
 2580
 2434
 2270
 2070
 1840
 1592
 1306
 1012
 714
 428
 162
 0
 0
 0
 0
 0
 0
 0
 0
 0
 0
 0
 12
 346
 606
 810
 988
 1154
 1296
 1356
 1406
 1468
 1576
 1602
 1462
 1466
 1574
 1688
 1816
 1938
 2048
 2142
 2208
 2246
 2270
 2284
 2284
 2270
 2262
 2264
 2280
 2312
 2350
 2404
 2458
 2504
 2540
 2566
 2584
 2596
 2608
 2630
 2662
 2690
 2702
 2700
 2676
 2628
 2566
 2492
 2434
 2392
 2358
 2330
 2306
 2286
 2266
 2256
 2246
 2242
 2244
 2254
 2268
 2286
 2306
 2328
 2352
 2380
 2402
 2430
 2458
 2484
 2506
 2522
 2528
 2532
 2530
 2530
 2538
 2560
 2598
 2640
 2670
 2688
 2700
 2712
 2726
 2748
 2774
 2802
 2828
 2846
 2856
 2868
 2882
 2894
 2904
 2914
 2932
 2950
 2958
 2964
 2966
 2964
 2954
 2952
 2956
 2964
 2966
 2964
 2956
 2952
 2952
 2954
 2954
 2950
 2944
 2946
 2954
 2960
 2964
 2962
 2958
 2952
 2946
 2940
 2938
 2930
 2910
 2878
 2842
 2806
 2768
 2730
 2688
 2640
 2588
 2538
 2494
 2452
 2410
 2366
 2324
 2266
 2210
 2164
 2120
 2082
 2040
 2002
 1972
 1950
 1936
 1936
 1942
 1956
 1978
 2002
 2030
 2062
 2098
 2146
 2192
 2234
 2270
 2308
 2346
 2378
 2410
 2444
 2474
 2502
 2526
 2550
 2572
 2596
 2618
 2640
 2660
 2680
 2702
 2722
 2736
 2746
 2756
 2772
 2796
 2816
 2834
 2846
 2860
 2868
 2878
 2890
 2898
 2904
 2908
 2910
 2914
 2916
 2916
 2916
 2918
 2920
 2922
 2922
 2922
 2922
 2924
 2922
 2918
 2914
 2908
 2908
 2918
 2922
 2928
 2930
 2930
 2928
 2926
 2928
 2928
 2926
 2918
 2906
 2888
 2860
 2826
 2786
 2736
 2686
 2634
 2584
 2538
 2494
 2450
 2402
 2358
 2314
 2276
 2234
 2190
 2146
 2100
 2058
 2022
 1988
 1964
 1944
 1926
 1918
 1914
 1922
 1936
 1958
 1986
 2014
 2044
 2072
 2104
 2136
 2180
 2224
 2266
 2308
 2342
 2380
 2414
 2444
 2478
 2510
 2538
 2562
 2586
 2608
 2628
 2650
 2670
 2690
 2710
 2722
 2732
 2740
 2754
 2776
 2794
 2806
 2816
 2826
 2834
 2840
 2850
 2862
 2868
 2874
 2874
 2876
 2876
 2876
 2880
 2884
 2886
 2888
 2884
 2874
 2872
 2880
 2888
 2890
 2886
 2882
 2880
 2876
 2878
 2878
 2880
 2880
 2878
 2878
 2874
 2872
 2872
 2874
 2876
 2872
 2868
 2862
 2862
 2870
 2878
 2884
 2890
 2888
 2888
 2878
 2872
 2866
 2856
 2844
 2824
 2798
 2772
 2736
 2700
 2660
 2614
 2568
 2524
 2478
 2438
 2404
 2374
 2344
 2312
 2286
 2264
 2250
 2240
 2240
 2248
 2260
 2276
 2296
 2318
 2342
 2368
 2402
 2432
 2466
 2490
 2512
 2530
 2556
 2588
 2616
 2640
 2656
 2666
 2672
 2668
 2656
 2638
 2612
 2594
 2580
 2570
 2566
 2568
 2572
 2578
 2582
 2582
 2586
 2598
 2620
 2638
 2648
 2656
 2674
 2700
 2720
 2746
 2772
 2794
 2810
 2822
 2834
 2844
 2860
 2870
 2876
 2878
 2878
 2882
 2890
 2896
 2900
 2902
 2900
 2900
 2900
 2904
 2908
 2908
 2900
 2896
 2896
 2894
 2892
 2890
 2886
 2880
 2872
 2874
 2882
 2886
 2888
 2888
 2888
 2882
 2878
 2880
 2878
 2876
 2870
 2862
 2848
 2832
 2806
 2774
 2732
 2684
 2636
 2584
 2524
 2466
 2408
 2352
 2296
 2234
 2166
 2096
 2024
 1954
 1886
 1822
 1758
 1694
 1634
 1576
 1520
 1468
 1424
 1386
 1354
 1324
 1294
 1266
 1242
 1224
 1210
 1204
 1216
 1278
 1412
 1614
 1876
 2172
 2448
 2678
 2872
 3016
 3118
 3188
 3244
 3292
 3332
 3362
 3382
 3406
 3438
 3470
 3496
 3526
 3540
 3524
 3496
 3466
 3436
 3398
 3362
 3334
 3312
 3282
 3244
 3192
 3142
 3102
 3074
 3050
 3038
 3028
 3024
 3018
 3018
 3028
 3042
 3056
 3064
 3066
 3064
 3062
 3060
 3068
 3080
 3084
 3084
 3078
 3074
 3064
 3052
 3038
 3014
 2986
 2956
 2938
 2922
 2902
 2882
 2854
 2820
 2784
 2750
 2722
 2690
 2652
 2612
 2568
 2524
 2478
 2432
 2382
 2330
 2280
 2236
 2196
 2150
 2102
 2048
 2000
 1954
 1906
 1866
 1830
 1794
 1766
 1744
 1736
 1736
 1746
 1764
 1790
 1824
 1860
 1904
 1960
 2020
 2074
 2126
 2174
 2222
 2266
 2304
 2350
 2392
 2432
 2474
 2510
 2546
 2582
 2616
 2646
 2676
 2708
 2736
 2758
 2778
 2794
 2818
 2848
 2870
 2882
 2888
 2890
 2888
 2888
 2894
 2902
 2906
 2906
 2908
 2916
 2922
 2928
 2930
 2928
 2932
 2932
 2928
 2916
 2904
 2890
 2882
 2878
 2880
 2876
 2862
 2844
 2818
 2796
 2762
 2726
 2688
 2646
 2608
 2566
 2524
 2482
 2440
 2402
 2364
 2322
 2282
 2246
 2208
 2170
 2134
 2098
 2072
 2058
 2054
 2058
 2068
 2084
 2102
 2132
 2160
 2188
 2222
 2256
 2292
 2328
 2364
 2396
 2434
 2470
 2504
 2538
 2570
 2604
 2636
 2662
 2680
 2698
 2714
 2732
 2750
 2774
 2794
 2810
 2826
 2838
 2852
 2864
 2870
 2880
 2890
 2896
 2900
 2902
 2906
 2908
 2908
 2906
 2906
 2904
 2904
 2902
 2902
 2898
 2892
 2882
 2868
 2852
 2836
 2814
 2780
 2736
 2686
 2634
 2580
 2526
 2480
 2430
 2378
 2324
 2272
 2218
 2166
 2116
 2064
 2014
 1968
 1920
 1870
 1826
 1788
 1760
 1742
 1730
 1728
 1734
 1752
 1780
 1812
 1850
 1890
 1928
 1966
 2006
 2044
 2082
 2120
 2158
 2198
 2232
 2266
 2298
 2338
 2388
 2430
 2464
 2492
 2514
 2540
 2560
 2586
 2620
 2640
 2656
 2668
 2680
 2690
 2704
 2724
 2738
 2750
 2750
 2744
 2736
 2728
 2730
 2726
 2718
 2708
 2696
 2686
 2674
 2668
 2666
 2664
 2664
 2666
 2670
 2674
 2678
 2680
 2676
 2668
 2666
 2664
 2672
 2686
 2688
 2690
 2684
 2680
 2672
 2664
 2660
 2656
 2652
 2650
 2650
 2652
 2654
 2656
 2656
 2656
 2650
 2634
 2616
 2604
 2598
 2584
 2568
 2568
 2570
 2568
 2566
 2576
 2584
 2588
 2592
 2596
 2594
 2596
 2598
 2602
 2608
 2610
 2608
 2604
 2608
 2624
 2644
 2672
 2700
 2722
 2738
 2746
 2750
 2750
 2746
 2738
 2728
 2708
 2682
 2654
 2622
 2582
 2540
 2492
 2438
 2380
 2324
 2276
 2222
 2162
 2104
 2046
 1986
 1928
 1880
 1834
 1786
 1738
 1700
 1670
 1640
 1626
 1632
 1640
 1658
 1692
 1734
 1782
 1846
 1910
 1972
 2028
 2084
 2140
 2194
 2246
 2302
 2354
 2404
 2452
 2504
 2550
 2596
 2640
 2686
 2728
 2768
 2804
 2832
 2856
 2876
 2908
 2948
 2980
 3006
 3026
 3044
 3058
 3070
 3084
 3092
 3098
 3102
 3102
 3104
 3102
 3092
 3072
 3040
 2996
 2942
 2882
 2816
 2752
 2684
 2612
 2544
 2482
 2424
 2364
 2302
 2240
 2174
 2116
 2058
 2000
 1948
 1890
 1832
 1776
 1716
 1664
 1618
 1576
 1544
 1526
 1518
 1520
 1534
 1558
 1598
 1650
 1702
 1756
 1808
 1860
 1914
 1968
 2016
 2070
 2124
 2174
 2220
 2266
 2314
 2366
 2418
 2470
 2520
 2568
 2612
 2646
 2676
 2702
 2734
 2780
 2822
 2856
 2888
 2918
 2948
 2972
 2996
 3014
 3024
 3030
 3036
 3044
 3050
 3060
 3068
 3074
 3084
 3092
 3094
 3092
 3090
 3090
 3098
 3112
 3118
 3124
 3124
 3120
 3106
 3080
 3056
 3022
 2982
 2934
 2884
 2834
 2782
 2734
 2684
 2636
 2588
 2534
 2482
 2432
 2388
 2338
 2284
 2226
 2160
 2100
 2038
 1974
 1916
 1856
 1794
 1734
 1678
 1626
 1586
 1562
 1550
 1550
 1558
 1580
 1612
 1654
 1704
 1758
 1812
 1864
 1920
 1968
 2008
 2058
 2106
 2158
 2210
 2256
 2288
 2324
 2358
 2386
 2408
 2422
 2428
 2428
 2420
 2402
 2386
 2376
 2364
 2360
 2358
 2358
 2362
 2370
 2376
 2382
 2388
 2396
 2406
 2418
 2430
 2454
 2482
 2516
 2564
 2616
 2662
 2708
 2746
 2780
 2810
 2840
 2876
 2910
 2940
 2960
 2980
 2996
 3010
 3018
 3024
 3022
 3026
 3040
 3054
 3064
 3062
 3058
 3062
 3062
 3064
 3064
 3060
 3060
 3058
 3050
 3032
 2996
 2948
 2884
 2808
 2728
 2648
 2580
 2508
 2418
 2338
 2258
 2178
 2100
 2018
 1942
 1870
 1798
 1730
 1664
 1602
 1548
 1500
 1452
 1408
 1366
 1326
 1292
 1264
 1248
 1244
 1256
 1272
 1294
 1326
 1360
 1400
 1444
 1488
 1538
 1598
 1658
 1714
 1766
 1826
 1886
 1944
