28
112
255
267
349
434
523
606
684
791
866
943
1019
1097
1175
1265
1283
1361
1436
1513
1594
1670
1743
1825
1907
1986
2064
2148
2213
2238
2319
2404
2479
2558
2653
2735
2817
2896
2981
3075
3164
3249
3325
3409
3487
3558
3646
3725
3801
3886
3986
4065
4147
4225
4243
4334
4422
4497
4576
4683
4766
4849
4926
5006
5084
5173
5242
5317
5397
5475
5554
5630
5715
5791
5879
5967
6052
6137
6218
6291
6375
6385
6453
6539
6620
6714
6800
6890
6984
6997
7071
7155
7235
7315
7409
7496
7615
7696
7791
7798
7835
7932
8033
8134
8259
8361
8438
8522
8661
8738
8827
8941
