 3124
 3112
 3098
 3090
 3090
 3094
 3098
 3104
 3112
 3120
 3130
 3132
 3132
 3128
 3120
 3112
 3098
 3084
 3074
 3062
 3050
 3040
 3032
 3022
 3008
 2990
 2972
 2956
 2946
 2934
 2924
 2916
 2916
 2924
 2928
 2928
 2928
 2926
 2926
 2922
 2922
 2928
 2936
 2964
 3026
 3138
 3260
 3370
 3444
 3486
 3516
 3534
 3550
 3566
 3576
 3584
 3590
 3590
 3586
 3572
 3548
 3518
 3484
 3444
 3398
 3352
 3308
 3266
 3226
 3180
 3122
 3054
 2984
 2920
 2856
 2792
 2734
 2680
 2630
 2584
 2544
 2508
 2470
 2428
 2392
 2348
 2290
 2224
 2136
 2032
 1924
 1800
 1670
 1546
 1434
 1326
 1230
 1150
 1094
 1058
 1046
 1060
 1096
 1138
 1190
 1244
 1296
 1346
 1400
 1460
 1516
 1572
 1620
 1658
 1690
 1716
 1748
 1784
 1820
 1860
 1904
 1954
 2008
 2070
 2134
 2194
 2250
 2306
 2374
 2454
 2534
 2612
 2660
 2690
 2704
 2690
 2656
 2620
 2586
 2552
 2522
 2506
 2510
 2526
 2542
 2558
 2574
 2592
 2614
 2634
 2662
 2694
 2726
 2752
 2776
 2792
 2800
 2796
 2774
 2740
 2698
 2658
 2618
 2580
 2544
 2508
 2470
 2428
 2386
 2346
 2302
 2254
 2206
 2156
 2108
 2064
 2016
 1976
 1934
 1892
 1848
 1810
 1770
 1730
 1694
 1658
 1624
 1594
 1564
 1542
 1516
 1490
 1466
 1444
 1424
 1404
 1384
 1366
 1356
 1354
 1356
 1364
 1382
 1406
 1442
 1478
 1524
 1574
 1632
 1698
 1764
 1824
 1876
 1928
 1974
 2020
 2058
 2098
 2142
 2186
 2228
 2260
 2278
 2298
 2312
 2322
 2326
 2324
 2328
 2340
 2348
 2356
 2368
 2380
 2388
 2392
 2398
 2404
 2408
 2414
 2410
 2406
 2402
 2408
 2418
 2426
 2436
 2436
 2438
 2448
 2454
 2456
 2456
 2452
 2444
 2434
 2434
 2438
 2442
 2440
 2436
 2438
 2438
 2442
 2444
 2446
 2446
 2438
 2432
 2426
 2430
 2444
 2450
 2452
 2452
 2450
 2448
 2440
 2438
 2438
 2434
 2430
 2428
 2428
 2414
 2390
 2378
 2382
 2392
 2398
 2402
 2402
 2408
 2414
 2420
 2426
 2432
 2440
 2442
 2442
 2450
 2458
 2466
 2474
 2476
 2480
 2484
 2486
 2488
 2484
 2476
 2466
 2464
 2468
 2478
 2488
 2492
 2498
 2508
 2514
 2516
 2518
 2518
 2520
 2528
 2536
 2552
 2564
 2568
 2566
 2562
 2564
 2566
 2564
 2562
 2554
 2548
 2546
 2550
 2560
 2566
 2570
 2570
 2572
 2572
 2572
 2572
 2570
 2568
 2572
 2582
 2590
 2586
 2568
 2532
 2488
 2444
 2392
 2338
 2282
 2220
 2158
 2094
 2034
 1980
 1922
 1870
 1816
 1766
 1728
 1694
 1666
 1636
 1604
 1568
 1532
 1492
 1454
 1416
 1392
 1362
 1336
 1314
 1298
 1304
 1328
 1370
 1430
 1502
 1580
 1666
 1758
 1856
 1944
 2014
 2070
 2118
 2160
 2184
 2192
 2174
 2126
 2072
 2028
 2000
 1992
 1992
 2002
 2030
 2058
 2078
 2094
 2124
 2170
 2218
 2254
 2286
 2318
 2350
 2380
 2408
 2440
 2468
 2496
 2526
 2554
 2588
 2624
 2660
 2696
 2726
 2748
 2766
 2778
 2800
 2836
 2874
 2894
 2896
 2888
 2884
 2888
 2900
 2906
 2894
 2880
 2868
 2862
 2852
 2844
 2830
 2812
 2786
 2754
 2728
 2704
 2686
 2656
 2614
 2586
 2550
 2516
 2488
 2458
 2432
 2396
 2372
 2342
 2310
 2286
 2252
 2232
 2220
 2188
 2164
 2154
 2150
 2138
 2118
 2106
 2100
 2096
 2094
 2086
 2068
 2040
 2012
 1986
 1956
 1930
 1908
 1888
 1868
 1852
 1842
 1834
 1834
 1826
 1812
 1798
 1778
 1764
 1744
 1728
 1712
 1690
 1672
 1654
 1636
 1624
 1626
 1634
 1642
 1656
 1670
 1688
 1720
 1758
 1798
 1844
 1890
 1936
 1980
 2022
 2070
 2122
 2174
 2224
 2274
 2324
 2366
 2408
 2452
 2496
 2538
 2574
 2610
 2636
 2656
 2676
 2714
 2756
 2792
 2826
 2852
 2872
 2888
 2904
 2918
 2932
 2944
 2958
 2972
 2992
 3006
 3018
 3034
 3050
 3068
 3080
 3086
 3094
 3100
 3122
 3140
 3154
 3166
 3174
 3180
 3178
 3174
 3172
 3164
 3144
 3116
 3078
 3032
 2984
 2932
 2880
 2830
 2780
 2736
 2690
 2656
 2626
 2590
 2548
 2508
 2468
 2426
 2386
 2348
 2306
 2262
 2222
 2178
 2134
 2096
 2058
 2024
 1998
 1980
 1964
 1958
 1958
 1968
 1986
 2010
 2040
 2074
 2110
 2154
 2196
 2238
 2284
 2326
 2366
 2404
 2446
 2482
 2524
 2566
 2606
 2650
 2692
 2726
 2758
 2786
 2824
 2870
 2908
 2938
 2964
 2982
 2998
 3012
 3024
 3038
 3050
 3064
 3078
 3088
 3102
 3112
 3124
 3138
 3152
 3166
 3174
 3182
 3184
 3194
 3210
 3220
 3222
 3220
 3220
 3220
 3216
 3220
 3222
 3224
 3220
 3212
 3200
 3182
 3160
 3138
 3114
 3088
 3060
 3030
 2998
 2966
 2938
 2900
 2860
 2818
 2768
 2726
 2686
 2648
 2614
 2576
 2544
 2508
 2472
 2438
 2402
 2366
 2336
 2314
 2284
 2258
 2234
 2214
 2196
 2178
 2162
 2146
 2134
 2130
 2126
 2134
 2144
 2160
 2176
 2196
 2218
 2238
 2260
 2282
 2310
 2342
 2376
 2412
 2450
 2500
 2554
 2600
 2638
 2672
 2702
 2726
 2746
 2768
 2786
 2808
 2830
 2852
 2868
 2886
 2904
 2918
 2938
 2956
 2976
 2996
 3008
 3020
 3028
 3044
 3066
 3080
 3090
 3098
 3108
 3114
 3114
 3120
 3128
 3134
 3138
 3146
 3150
 3152
 3156
 3158
 3162
 3164
 3164
 3168
 3170
 3172
 3172
 3170
 3164
 3156
 3150
 3144
 3132
 3114
 3082
 3048
 3012
 2970
 2936
 2898
 2860
 2824
 2788
 2754
 2722
 2692
 2658
 2626
 2592
 2556
 2524
 2490
 2456
 2426
 2396
 2370
 2342
 2308
 2272
 2236
 2202
 2168
 2138
 2114
 2088
 2070
 2054
 2044
 2042
 2044
 2054
 2070
 2092
 2120
 2150
 2186
 2224
 2264
 2316
 2366
 2416
 2462
 2504
 2546
 2584
 2618
 2656
 2688
 2718
 2748
 2774
 2796
 2818
 2836
 2850
 2866
 2878
 2888
 2902
 2916
 2922
 2936
 2964
 2988
 3006
 3018
 3026
 3034
 3036
 3030
 3014
 2990
 2968
 2952
 2938
 2928
 2922
 2920
 2920
 2922
 2926
 2922
 2922
 2920
 2924
 2932
 2940
 2948
 2958
 2968
 2980
 2988
 3002
 3014
 3024
 3034
 3042
 3050
 3056
 3060
 3064
 3064
 3062
 3058
 3062
 3068
 3074
 3074
 3074
 3074
 3070
 3068
 3072
 3074
 3074
 3074
 3072
 3066
 3054
 3032
 3000
 2960
 2916
 2868
 2822
 2784
 2740
 2698
 2654
 2610
 2570
 2530
 2492
 2460
 2422
 2388
 2352
 2316
 2280
 2248
 2218
 2190
 2166
 2140
 2112
 2090
 2070
 2052
 2038
 2018
 1998
 1986
 1984
 1990
 2004
 2028
 2050
 2076
 2106
 2138
 2176
 2214
 2252
 2292
 2332
 2372
 2414
 2450
 2484
 2516
 2550
 2598
 2638
 2674
 2704
 2734
 2764
 2786
 2810
 2838
 2862
 2884
 2906
 2924
 2942
 2956
 2970
 2984
 2998
 3012
 3024
 3036
 3048
 3062
 3070
 3082
 3086
 3090
 3084
 3082
 3088
 3092
 3092
 3090
 3086
 3086
 3084
 3084
 3084
 3072
 3044
 3006
 2958
 2902
 2846
 2790
 2738
 2688
 2646
 2610
 2574
 2546
 2522
 2498
 2474
 2446
 2420
 2396
 2378
 2360
 2336
 2302
 2272
 2236
 2190
 2140
 2090
 2032
 1978
 1924
 1876
 1832
 1788
 1742
 1700
 1668
 1654
 1646
 1668
 1700
 1746
 1796
 1842
 1902
 1974
 2042
 2114
 2156
 2176
 2198
 2214
 2226
 2250
 2276
 2312
 2366
 2414
 2464
 2512
 2550
 2576
 2612
 2654
 2698
 2746
 2786
 2820
 2856
 2894
 2920
 2940
 2958
 2966
 2980
 2990
 2998
 3008
 3016
 3026
 3032
 3038
 3042
 3052
 3064
 3066
 3064
 3056
 3056
 3060
 3058
 3056
 3052
 3048
 3036
 3020
 3000
 2974
 2942
 2898
 2852
 2822
 2808
 2796
 2780
 2756
 2730
 2704
 2678
 2652
 2626
 2594
 2556
 2512
 2474
 2434
 2392
 2352
 2308
 2258
 2206
 2160
 2116
 2082
 2052
 2026
 1998
 1974
 1954
 1940
 1932
 1928
 1928
 1930
 1934
 1944
 1952
 1974
 1998
 2020
 2048
 2078
 2108
 2142
 2178
 2220
 2264
 2306
 2346
 2388
 2426
 2466
 2496
 2524
 2548
 2584
 2620
 2646
 2668
 2688
 2706
 2722
 2736
 2756
 2772
 2786
 2802
 2814
 2824
 2838
 2852
 2868
 2882
 2894
 2910
 2922
 2934
 2944
 2954
 2968
 2974
 2976
 2978
 2982
 2994
 3002
 3008
 3008
 3008
 3010
 3006
 3000
 2994
 2982
 2966
 2946
 2918
 2886
 2852
 2818
 2786
 2750
 2716
 2678
 2640
 2602
 2568
 2536
 2506
 2470
 2436
 2404
 2376
 2348
 2316
 2284
 2250
 2216
 2188
 2156
 2126
 2098
 2068
 2038
 2008
 1980
 1954
 1934
 1920
 1908
 1900
 1898
 1896
 1900
 1908
 1916
 1932
 1950
 1976
 2006
 2038
 2074
 2108
 2146
 2184
 2222
 2266
 2310
 2354
 2398
 2442
 2482
 2518
 2556
 2592
 2626
 2658
 2688
 2718
 2746
 2770
 2792
 2808
 2820
 2844
 2870
 2890
 2908
 2918
 2932
 2938
 2938
 2944
 2950
 2954
 2960
 2962
 2962
 2966
 2968
 2968
 2970
 2968
 2962
 2954
 2938
 2916
 2884
 2850
 2808
 2768
 2734
 2692
 2648
 2604
 2558
 2514
 2474
 2432
 2394
 2352
 2310
 2270
 2228
 2186
 2148
 2112
 2076
 2044
 2012
 1982
 1952
 1920
 1892
 1864
 1838
 1814
 1786
 1762
 1738
 1724
 1714
 1706
 1704
 1704
 1708
 1716
 1724
 1734
 1748
 1768
 1790
 1816
 1848
 1888
 1928
 1980
 2032
 2094
 2162
 2224
 2282
 2332
 2378
 2424
 2462
 2500
 2538
 2570
 2600
 2630
 2656
 2680
 2706
 2730
 2752
 2776
 2798
 2818
 2838
 2860
 2874
 2886
 2894
 2904
 2918
 2928
 2934
 2938
 2940
 2944
 2944
 2946
 2952
 2956
 2956
 2956
 2950
 2944
 2930
 2910
 2882
 2850
 2816
 2780
 2742
 2704
 2666
 2630
 2592
 2554
 2516
 2478
 2440
 2408
 2374
 2336
 2296
 2254
 2212
 2174
 2136
 2102
 2066
 2030
 1992
 1956
 1918
 1882
 1848
 1818
 1790
 1760
 1734
 1708
 1690
 1678
 1666
 1662
 1662
 1674
 1690
 1708
 1726
 1746
 1772
 1804
 1830
 1864
 1900
 1936
 1976
 2016
 2054
 2092
 2134
 2178
 2218
 2260
 2300
 2340
 2382
 2422
 2456
 2486
 2512
 2544
 2586
 2618
 2648
 2676
 2698
 2724
 2744
 2764
 2788
 2806
 2822
 2840
 2854
 2868
 2882
 2896
 2910
 2922
 2930
 2932
 2938
 2944
 2948
 2954
 2956
 2954
 2952
 2944
 2942
 2934
 2916
 2896
 2866
 2836
 2804
 2768
 2736
 2704
 2672
 2642
 2612
 2578
 2548
 2516
 2488
 2458
 2428
 2398
 2368
 2336
 2304
 2274
 2242
 2208
 2176
 2146
 2120
 2094
 2066
 2036
 2006
 1982
 1962
 1948
 1938
 1936
 1938
 1946
 1958
 1974
 1996
 2024
 2058
 2092
 2130
 2168
 2206
 2248
 2288
 2324
 2360
 2394
 2436
 2480
 2520
 2556
 2588
 2618
 2646
 2674
 2698
 2724
 2744
 2768
 2788
 2806
 2822
 2838
 2856
 2872
 2888
 2900
 2910
 2922
 2926
 2932
 2938
 2946
 2946
 2946
 2940
 2938
 2938
 2928
 2910
 2880
 2844
 2808
 2766
 2724
 2682
 2640
 2600
 2560
 2520
 2482
 2444
 2408
 2372
 2336
 2302
 2268
 2236
 2202
 2172
 2146
 2114
 2084
 2056
 2028
 2002
 1974
 1942
 1910
 1880
 1850
 1822
 1792
 1766
 1742
 1714
 1690
 1670
 1654
 1650
 1650
 1654
 1662
 1674
 1692
 1710
 1728
 1754
 1784
 1826
 1870
 1912
 1952
 1992
 2036
 2080
 2118
 2156
 2200
 2244
 2286
 2328
 2366
 2402
 2440
 2474
 2508
 2540
 2574
 2606
 2638
 2668
 2696
 2718
 2738
 2756
 2784
 2812
 2834
 2856
 2870
 2884
 2898
 2906
 2914
 2924
 2932
 2940
 2948
 2952
 2960
 2968
 2984
 3024
 3082
 3152
 3230
 3308
 3382
 3450
 3516
 3574
 3626
 3670
 3710
 3748
 3772
 3786
 3790
 3780
 3766
 3734
 3680
 3602
 3504
 3404
 3308
 3216
 3126
 3046
 2970
 2902
 2842
 2784
 2732
 2678
 2628
 2582
 2538
 2500
 2456
 2412
 2368
 2324
 2286
 2246
 2208
 2178
 2144
 2110
 2078
 2044
 2012
 1986
 1964
 1946
 1930
 1918
 1912
 1912
 1916
 1930
 1942
 1956
 1976
 1994
 2022
 2054
 2084
 2116
 2152
 2184
 2220
 2256
 2294
 2332
 2370
 2410
 2450
 2488
 2524
 2556
 2584
 2608
 2638
 2676
 2708
 2734
 2758
 2780
 2802
 2820
 2836
 2856
 2874
 2890
 2906
 2920
 2932
 2940
 2950
 2960
 2970
 2976
 2980
 2982
 2990
 2994
 2998
 3002
 3008
 3012
 3016
 3018
 3014
 3006
 2996
 2986
 2964
 2932
 2894
 2850
 2810
 2766
 2722
 2686
 2648
 2610
 2574
 2540
 2504
 2468
 2432
 2400
 2368
 2336
 2306
 2276
 2246
 2216
 2188
 2158
 2128
 2098
 2070
 2044
 2016
 1986
 1952
 1916
 1884
 1854
 1828
 1808
 1794
 1786
 1784
 1788
 1798
 1814
 1836
 1862
 1894
 1932
 1974
 2016
 2058
 2098
 2138
 2180
 2234
 2284
 2326
 2366
 2402
 2436
 2470
 2494
 2524
 2550
 2572
 2594
 2614
 2630
 2652
 2674
 2690
 2708
 2722
 2738
 2752
 2764
 2778
 2792
 2806
 2820
 2828
 2834
 2836
 2842
 2856
 2866
 2874
 2876
 2874
 2874
 2876
 2878
 2888
 2904
 2932
 2962
 2990
 3012
 3032
 3048
 3066
 3076
 3082
 3072
 3048
 3018
 2978
 2932
 2884
 2832
 2782
 2732
 2692
 2658
 2622
 2584
 2544
 2506
 2472
 2440
 2408
 2378
 2346
 2314
 2278
 2246
 2210
 2176
 2144
 2114
 2082
 2052
 2022
 1992
 1960
 1930
 1902
 1880
 1864
 1846
 1838
 1830
 1830
 1836
 1846
 1862
 1880
 1900
 1922
 1946
 1970
 1996
 2028
 2068
 2108
 2148
 2186
 2224
 2262
 2296
 2328
 2356
 2396
 2432
 2456
 2474
 2486
 2500
 2518
 2534
 2562
 2594
 2632
 2676
 2722
 2760
 2794
 2826
 2854
 2876
 2894
 2916
 2930
 2940
 2952
 2960
 2966
 2968
 2968
 2976
 2982
 2986
 2982
 2972
 2960
 2946
 2926
 2906
 2882
 2854
 2824
 2796
 2764
 2736
 2706
 2676
 2644
 2610
 2578
 2546
 2514
 2478
 2448
 2416
 2378
 2346
 2312
 2282
 2254
 2224
 2188
 2152
 2116
 2078
 2044
 2008
 1980
 1948
 1920
 1896
 1876
 1862
 1858
 1862
 1874
 1888
 1908
 1932
 1966
 1998
 2030
 2064
 2098
 2140
 2184
 2228
 2266
 2306
 2350
 2392
 2426
 2460
 2496
 2528
 2558
 2588
 2614
 2642
 2670
 2698
 2722
 2748
 2772
 2796
 2820
 2842
 2864
 2884
 2898
 2910
 2918
 2932
 2950
 2958
 2964
 2968
 2970
 2972
 2970
 2970
 2974
 2976
 2976
 2976
 2978
 2976
 2978
 2980
 2982
 2984
 2984
 2988
 2988
 2990
 2994
 2996
 2996
 2994
 2986
 2984
 2986
 2980
 2966
 2940
 2910
 2884
 2854
 2822
 2794
 2762
 2730
 2700
 2666
 2634
 2602
 2572
 2538
 2508
 2474
 2442
 2408
 2376
 2344
 2312
 2278
 2246
 2218
 2186
 2152
 2116
 2082
 2050
 2022
 1992
 1964
 1938
 1914
 1892
 1874
 1860
 1854
 1854
 1860
 1874
 1892
 1918
 1950
 1990
 2036
 2084
 2136
 2198
 2256
 2310
 2356
 2396
 2440
 2478
 2510
 2544
 2578
 2608
 2638
 2666
 2692
 2716
 2742
 2762
 2792
 2812
 2834
 2854
 2878
 2898
 2914
 2924
 2932
 2944
 2958
 2968
 2976
 2980
 2982
 2982
 2982
 2986
 2992
 2996
 3002
 3006
 3008
 3010
 3010
 3008
 3002
 2994
 2982
 2968
 2946
 2922
 2886
 2832
 2774
 2726
 2688
 2642
 2596
 2548
 2500
 2454
 2414
 2372
 2334
 2292
 2248
 2206
 2162
 2118
 2072
 2030
 1992
 1954
 1920
 1882
 1850
 1822
 1804
 1792
 1788
 1790
 1802
 1826
 1860
 1894
 1936
 1978
 2012
 2044
 2078
 2106
 2136
 2168
 2200
 2236
 2268
 2298
 2326
 2358
 2406
 2450
 2484
 2516
 2546
 2578
 2610
 2636
 2668
 2698
 2726
 2750
 2774
 2798
 2824
 2848
 2866
 2882
 2896
 2904
 2908
 2908
 2908
 2910
 2898
 2884
 2870
 2858
 2850
 2842
 2838
 2836
 2834
 2832
 2832
 2830
 2828
 2828
 2830
 2834
 2844
 2852
 2862
 2872
 2892
 2910
 2922
 2934
 2942
 2950
 2958
 2964
 2974
 2984
 2990
 2996
 3000
 3006
 3012
 3022
 3026
 3030
 3028
 3028
 3032
 3034
 3036
 3032
 3032
 3032
 3030
 3034
 3038
 3040
 3042
 3044
 3044
 3046
 3046
 3048
 3048
 3046
 3046
 3048
 3046
 3040
 3036
 3034
 3032
 3030
 3028
 3026
 3026
 3016
 2998
 2966
 2932
 2896
 2850
 2802
 2750
 2702
 2656
 2612
 2570
 2532
 2490
 2448
 2406
 2362
 2322
 2284
 2246
 2212
 2180
 2146
 2114
 2086
 2056
 2032
 2010
 1994
 1988
 1988
 1994
 2004
 2014
 2022
 2032
 2048
 2082
 2128
 2182
 2250
 2326
 2408
 2498
 2598
 2710
 2834
 2970
 3100
 3224
 3352
 3472
 3584
 3694
 3800
 3900
 3992
 4072
 4094
 4094
 4094
 4094
 4094
 4094
 4094
 4094
 4094
 4094
 4094
 4094
 4094
 4094
 4094
 4094
 4094
 4094
 4094
 4002
 3834
 3684
 3550
 3428
 3310
 3204
 3118
 3042
 2982
 2928
 2874
 2810
 2756
 2708
 2654
 2594
 2526
 2448
 2356
 2254
 2144
 2032
 1914
 1800
 1682
 1566
 1460
 1354
 1254
 1172
 1128
 1134
 1192
 1288
 1418
 1574
 1750
 1930
 2114
 2288
 2452
 2596
 2724
 2842
 2950
 3042
 3120
 3182
 3238
 3288
 3322
 3346
 3362
 3372
 3384
 3396
 3416
 3438
 3452
 3466
 3478
 3486
 3492
 3498
 3500
 3500
 3502
 3504
 3508
 3504
 3504
 3500
 3504
 3516
 3520
 3522
 3526
 3524
 3522
 3516
 3512
 3512
 3510
 3508
 3502
 3498
 3494
 3494
 3496
 3494
 3494
 3496
 3500
 3496
 3484
 3468
 3444
 3422
 3406
 3390
 3378
 3368
 3360
 3354
 3344
 3338
 3334
 3328
 3322
 3316
 3306
 3290
 3268
 3242
 3204
 3168
 3134
 3100
 3066
 3032
 2996
 2962
 2926
 2888
 2852
 2820
 2790
 2762
 2730
 2700
 2668
 2638
 2606
 2578
 2554
 2524
 2494
 2462
 2432
 2402
 2372
 2344
 2320
 2296
 2274
 2260
 2248
 2240
 2242
 2250
 2270
 2296
 2326
 2358
 2388
 2422
 2456
 2488
 2522
 2558
 2592
 2624
 2654
 2680
 2708
 2732
 2756
 2778
 2796
 2816
 2834
 2850
 2866
 2882
 2910
 2938
 2960
 2978
 2992
 3004
 3012
 3022
 3032
 3040
 3048
 3054
 3062
 3068
 3074
 3080
 3086
 3094
 3102
 3110
 3114
 3116
 3118
 3118
 3124
 3132
 3134
 3138
 3136
 3136
 3130
 3128
 3128
 3130
 3128
 3128
 3126
 3126
 3126
 3126
 3126
 3128
 3128
 3128
 3128
 3124
 3122
 3114
 3114
 3114
 3112
 3108
 3102
 3090
 3074
 3048
 3018
 2988
 2952
 2916
 2878
 2840
 2804
 2770
 2738
 2712
 2684
 2658
 2632
 2606
 2580
 2556
 2524
 2498
 2468
 2442
 2418
 2388
 2360
 2332
 2308
 2286
 2264
 2250
 2238
 2232
 2236
 2238
 2248
 2266
 2280
 2302
 2324
 2352
 2382
 2414
 2444
 2470
 2498
 2528
 2564
 2602
 2630
 2660
 2686
 2708
 2726
 2744
 2766
 2788
 2806
 2828
 2846
 2864
 2882
 2898
 2916
 2932
 2948
 2960
 2972
 2980
 2986
 2994
 3004
 3006
 3006
 3006
 3014
 3030
 3042
 3050
 3052
 3054
 3058
 3060
 3064
 3068
 3072
 3072
 3074
 3074
 3076
 3076
 3074
 3072
 3068
 3064
 3062
 3054
 3042
 3026
 3010
 2986
 2958
 2928
 2900
 2878
 2852
 2822
 2788
 2752
 2720
 2688
 2656
 2626
 2594
 2562
 2528
 2496
 2466
 2434
 2406
 2376
 2350
 2320
 2294
 2266
 2240
 2216
 2192
 2170
 2156
 2146
 2142
 2144
 2152
 2170
 2196
 2232
 2272
 2310
 2350
 2388
 2424
 2460
 2492
 2526
 2556
 2588
 2620
 2650
 2682
 2708
 2736
 2762
 2786
 2810
 2828
 2842
 2860
 2886
 2910
 2928
 2942
 2950
 2958
 2968
 2974
 2984
 2990
 2996
 3002
 3006
 3010
 3008
 3010
 3014
 3016
 3020
 3022
 3024
 3026
 3028
 3032
 3030
 3030
 3026
 3030
 3036
 3038
 3040
 3042
 3040
 3040
 3034
 3034
 3036
 3036
 3036
 3036
 3034
 3034
 3034
 3034
 3034
 3032
 3034
 3034
 3032
 3032
 3028
 3024
 3020
 3014
 3012
 3008
 2998
 2984
 2966
 2946
 2924
 2900
 2876
 2854
 2826
 2800
 2776
 2748
 2722
 2700
 2674
 2650
 2624
 2600
 2574
 2550
 2522
 2492
 2464
 2438
 2416
 2390
 2364
 2334
 2310
 2288
 2268
 2252
 2238
 2226
 2220
 2218
 2220
 2230
 2246
 2266
 2292
 2322
 2350
 2382
 2418
 2448
 2480
 2510
 2548
 2590
 2626
 2656
 2682
 2706
 2730
 2750
 2770
 2790
 2808
 2826
 2842
 2858
 2872
 2888
 2904
 2918
 2930
 2940
 2948
 2954
 2962
 2970
 2974
 2976
 2976
 2980
 2990
 2996
 2996
 2994
 2994
 2994
 2994
 2996
 3000
 3000
 3002
 3002
 3002
 3004
 3004
 3006
 3006
 3002
 3002
 3000
 3000
 3000
 2996
 2998
 2996
 2994
 2990
 2988
 2992
 2996
 3000
 2998
 2996
 2994
 2994
 2994
 2992
 2988
 2980
 2970
 2956
 2938
 2914
 2892
 2866
 2840
 2814
 2786
 2760
 2732
 2704
 2678
 2652
 2622
 2594
 2566
 2544
 2524
 2500
 2476
 2454
 2436
 2420
 2406
 2394
 2386
 2380
 2378
 2380
 2386
 2398
 2414
 2434
 2456
 2478
 2500
 2524
 2550
 2574
 2596
 2616
 2642
 2674
 2702
 2726
 2746
 2762
 2782
 2798
 2812
 2826
 2838
 2848
 2858
 2866
 2876
 2884
 2888
 2894
 2900
 2906
 2912
 2918
 2924
 2928
 2928
 2928
 2926
 2932
 2938
 2942
 2942
 2936
 2936
 2936
 2934
 2934
 2936
 2934
 2936
 2936
 2936
 2936
 2938
 2940
 2942
 2942
 2938
 2934
 2934
 2934
 2934
 2928
 2926
 2920
 2922
 2924
 2924
 2926
 2922
 2920
 2920
 2916
 2914
 2914
 2912
 2910
 2904
 2896
 2886
 2872
 2852
 2830
 2802
 2772
 2742
 2712
 2682
 2654
 2624
 2592
 2564
 2536
 2510
 2486
 2460
 2432
 2400
 2374
 2348
 2320
 2294
 2270
 2242
 2216
 2190
 2164
 2140
 2124
 2110
 2100
 2092
 2084
 2084
 2084
 2086
 2094
 2104
 2122
 2140
 2158
 2174
 2190
 2210
 2232
 2254
 2276
 2302
 2328
 2354
 2380
 2404
 2426
 2450
 2476
 2502
 2528
 2556
 2584
 2614
 2640
 2662
 2682
 2704
 2736
 2762
 2784
 2806
 2822
 2840
 2854
 2870
 2888
 2912
 2934
 2956
 2974
 2988
 3004
 3018
 3032
 3040
 3046
 3050
 3052
 3054
 3052
 3046
 3038
 3032
 3032
 3026
 3014
 3002
 2988
 2968
 2936
 2892
 2844
 2794
 2742
 2694
 2648
 2600
 2558
 2516
 2480
 2446
 2416
 2390
 2364
 2340
 2320
 2306
 2298
 2294
 2290
 2278
 2264
 2250
 2234
 2214
 2196
 2176
 2150
 2118
 2076
 2030
 1986
 1946
 1908
 1872
 1842
 1808
 1780
 1764
 1758
 1778
 1808
 1862
 1950
 2048
 2136
 2204
 2248
 2276
 2290
 2296
 2302
 2308
 2314
 2318
 2324
 2328
 2338
 2346
 2354
 2360
 2368
 2388
 2408
 2424
 2444
 2458
 2478
 2496
 2516
 2538
 2560
 2586
 2616
 2650
 2688
 2726
 2760
 2790
 2820
 2850
 2874
 2894
 2912
 2928
 2948
 2968
 2978
 2982
 2982
 2980
 2976
 2976
 2976
 2974
 2990
 3026
 3072
 3126
 3172
 3202
 3222
 3230
 3232
 3224
 3192
 3128
 3028
 2928
 2834
 2740
 2650
 2568
 2494
 2430
 2370
 2320
 2280
 2240
 2204
 2168
 2130
 2096
 2062
 2032
 2004
 1976
 1948
 1918
 1890
 1866
 1840
 1818
 1792
 1768
 1746
 1728
 1710
 1696
 1686
 1682
 1678
 1678
 1684
 1696
 1718
 1748
 1790
 1830
 1878
 1924
 1966
 2006
 2046
 2098
 2148
 2188
 2226
 2258
 2294
 2324
 2352
 2380
 2406
 2428
 2452
 2472
 2492
 2512
 2530
 2550
 2568
 2584
 2602
 2618
 2634
 2654
 2666
 2674
 2682
 2696
 2718
 2732
 2746
 2754
 2762
 2772
 2776
 2784
 2792
 2796
 2800
 2802
 2806
 2808
 2812
 2816
 2820
 2818
 2824
 2830
 2832
 2834
 2836
 2838
 2836
 2830
 2818
 2808
 2782
 2750
 2712
 2674
 2642
 2610
 2574
 2544
 2510
 2470
 2434
 2396
 2358
 2320
 2284
 2256
 2234
 2218
 2204
 2188
 2170
 2142
 2114
 2088
 2062
 2034
 2002
 1970
 1934
 1898
 1864
 1830
 1798
 1766
 1734
 1708
 1686
 1668
 1656
 1652
 1656
 1666
 1686
 1710
 1734
 1770
 1812
 1860
 1914
 1960
 2004
 2046
 2088
 2130
 2166
 2206
 2244
 2282
 2318
 2350
 2380
 2410
 2436
 2464
 2494
 2526
 2558
 2592
 2620
 2642
 2662
 2680
 2710
 2738
 2758
 2778
 2794
 2810
 2824
 2836
 2850
 2864
 2876
 2888
 2896
 2902
 2902
 2908
 2908
 2912
 2912
 2910
 2910
 2914
 2918
 2918
 2920
 2918
 2922
 2930
 2934
 2934
 2928
 2924
 2912
 2888
 2852
 2806
 2754
 2702
 2648
 2598
 2550
 2506
 2464
 2426
 2388
 2356
 2324
 2290
 2256
 2224
 2192
 2164
 2136
 2100
 2062
 2024
 1984
 1946
 1906
 1868
 1832
 1796
 1758
 1720
 1688
 1654
 1628
 1600
 1580
 1570
 1564
 1562
 1568
 1582
 1606
 1640
 1672
 1708
 1746
 1790
 1834
 1864
 1890
 1914
 1934
 1960
 1996
 2036
 2070
 2108
 2140
 2176
 2212
 2248
 2288
 2324
 2354
 2382
 2412
 2452
 2490
 2524
 2552
 2578
 2602
 2622
 2638
 2658
 2676
 2694
 2716
 2738
 2762
 2786
 2814
 2842
 2864
 2886
 2904
 2916
 2928
 2940
 2950
 2958
 2960
 2960
 2956
 2958
 2956
 2942
 2918
 2882
 2840
 2796
 2744
 2698
 2652
 2606
 2562
 2520
 2476
 2438
 2398
 2360
 2320
 2282
 2242
 2202
 2164
 2126
 2092
 2054
 2016
 1982
 1946
 1918
 1888
 1854
 1818
 1784
 1752
 1722
 1690
 1668
 1644
 1622
 1598
 1572
 1550
 1534
 1522
 1518
 1518
 1528
 1544
 1566
 1588
 1616
 1650
 1696
 1750
 1804
 1856
 1906
 1956
 2010
 2060
 2102
 2146
 2188
 2226
 2262
 2296
 2328
 2360
 2388
 2418
 2446
 2476
 2508
 2542
 2590
 2662
 2742
 2816
 2884
 2940
 2996
 3046
 3082
 3110
 3128
 3144
 3156
 3160
 3166
 3174
 3182
 3188
 3196
 3204
 3214
 3224
 3230
 3240
 3250
 3258
 3266
 3276
 3280
 3282
 3284
 3280
 3274
 3262
 3258
 3250
 3236
 3206
 3160
 3106
 3048
 2986
 2926
 2872
 2816
 2760
 2708
 2656
 2610
 2564
 2522
 2482
 2442
 2404
 2368
 2332
 2298
 2262
 2226
 2192
 2160
 2132
 2104
 2072
 2040
 2008
 1976
 1948
 1914
 1888
 1858
 1830
 1804
 1776
 1750
 1726
 1706
 1694
 1690
 1694
 1706
 1726
 1756
 1798
 1840
 1896
 1948
 2002
 2056
 2104
 2160
 2214
 2258
 2304
 2346
 2384
 2424
 2460
 2496
 2528
 2562
 2594
 2626
 2658
 2692
 2722
 2750
 2778
 2802
 2820
 2834
 2862
 2886
 2900
 2912
 2922
 2930
 2938
 2942
 2950
 2960
 2966
 2968
 2972
 2970
 2970
 2972
 2974
 2976
 2980
 2984
 2988
 2992
 2994
 2996
 3002
 3008
 3010
 3010
 3010
 3010
 3014
 3014
 3008
 2996
 2972
 2940
 2900
 2852
 2806
 2762
 2718
 2676
 2634
 2594
 2552
 2514
 2478
 2442
 2406
 2370
 2334
 2300
 2266
 2232
 2204
 2170
 2138
 2106
 2078
 2052
 2024
 1994
 1964
 1932
 1902
 1872
 1842
 1818
 1790
 1760
 1734
 1708
 1686
 1670
 1658
 1654
 1656
 1668
 1688
 1710
 1738
 1776
 1816
 1862
 1916
 1968
 2018
 2068
 2112
 2158
 2198
 2238
 2278
 2314
 2348
 2380
 2412
 2440
 2468
 2494
 2520
 2548
 2578
 2610
 2640
 2674
 2706
 2734
 2754
 2776
 2806
 2834
 2856
 2876
 2892
 2908
 2920
 2928
 2938
 2946
 2954
 2964
 2966
 2970
 2976
 2984
 2988
 2996
 3000
 3000
 3004
 3004
 3002
 2994
 2976
 2948
 2918
 2886
 2846
 2806
 2758
 2712
 2670
 2626
 2584
 2546
 2504
 2466
 2428
 2388
 2352
 2318
 2286
 2254
 2224
 2194
 2164
 2136
 2102
 2072
 2042
 2014
 1988
 1960
 1930
 1896
 1864
 1834
 1806
 1778
 1750
 1724
 1698
 1674
 1656
 1642
 1638
 1642
 1648
 1658
 1672
 1688
 1706
 1730
 1762
 1804
 1852
 1902
 1950
 1996
 2042
 2088
 2126
 2164
 2202
 2236
 2270
 2304
 2334
 2366
 2396
 2428
 2460
 2492
 2524
 2556
 2586
 2616
 2646
 2666
 2684
 2700
 2728
 2756
 2778
 2794
 2810
 2824
 2840
 2850
 2864
 2876
 2890
 2902
 2914
 2924
 2930
 2936
 2942
 2950
 2956
 2964
 2970
 2978
 2984
 2992
 2998
 3002
 3000
 2998
 2992
 2986
 2970
 2938
 2906
 2870
 2836
 2802
 2766
 2730
 2694
 2656
 2620
 2582
 2542
 2502
 2468
 2434
 2400
 2370
 2338
 2304
 2272
 2240
 2212
 2178
 2144
 2116
 2086
 2062
 2032
 2004
 1970
 1940
 1912
 1886
 1860
 1836
 1810
 1786
 1764
 1742
 1728
 1720
 1714
 1716
 1724
 1738
 1760
 1790
 1830
 1888
 1956
 2034
 2120
 2194
 2258
 2316
 2364
 2402
 2422
 2450
 2508
 2576
 2642
 2700
 2744
 2770
 2792
 2810
 2832
 2858
 2884
 2910
 2932
 2956
 2974
 2982
 2990
 2998
 3014
 3032
 3048
 3062
 3072
 3084
 3096
 3104
 3118
 3130
 3140
 3148
 3152
 3154
 3158
 3166
 3174
 3180
 3186
 3198
 3208
 3220
 3232
 3238
 3238
 3236
 3234
 3232
 3228
 3220
 3208
 3190
 3164
 3128
 3086
 3042
 2990
 2936
 2882
 2826
 2774
 2722
 2672
 2626
 2586
 2544
 2504
 2466
 2430
 2390
 2352
 2316
 2282
 2252
 2216
 2180
 2144
 2104
 2072
 2038
 2004
 1974
 1942
 1908
 1876
 1844
 1812
 1784
 1762
 1740
 1722
 1708
 1698
 1690
 1684
 1680
 1682
 1686
 1688
 1694
 1702
 1722
 1750
 1782
 1824
 1866
 1914
 1958
 1998
 2038
 2078
 2118
 2158
 2194
 2228
 2264
 2296
 2324
 2352
 2384
 2422
 2460
 2492
 2522
 2550
 2578
 2602
 2626
 2650
 2674
 2694
 2714
 2736
 2754
 2772
 2788
 2806
 2822
 2840
 2856
 2872
 2886
 2896
 2908
 2916
 2922
 2920
 2924
 2934
 2940
 2946
 2946
 2946
 2948
 2948
 2948
 2952
 2950
 2952
 2950
 2950
 2948
 2946
 2946
 2944
 2946
 2944
 2938
 2936
 2934
 2934
 2934
 2934
 2932
 2932
 2930
 2932
 2938
 2940
 2942
 2940
 2936
 2928
 2912
 2892
 2864
 2828
 2788
 2748
 2708
 2668
 2630
 2596
 2564
 2530
 2498
 2470
 2440
 2410
 2382
 2354
 2322
 2294
 2264
 2240
 2214
 2182
 2150
 2120
 2090
 2062
 2032
 2006
 1978
 1948
 1922
 1894
 1870
 1848
 1832
 1816
 1806
 1802
 1802
 1802
 1804
 1814
 1824
 1844
 1866
 1890
 1922
 1960
 2002
 2048
 2092
 2136
 2180
 2224
 2266
 2304
 2346
 2386
 2424
 2462
 2496
 2532
 2564
 2596
 2628
 2654
 2678
 2702
 2730
 2764
 2792
 2820
 2842
 2862
 2882
 2896
 2910
 2920
 2928
 2938
 2948
 2956
 2966
 2976
 2986
 2996
 3004
 3010
 3018
 3022
 3028
 3030
 3026
 3020
 3020
 3022
 3020
 3018
 3014
 3012
 3014
 3018
 3022
 3030
 3042
 3054
 3068
 3076
 3088
 3102
 3114
 3124
 3128
 3136
 3142
 3148
 3152
 3152
 3150
 3142
 3132
 3116
 3080
 3026
 2960
 2888
 2816
 2748
 2682
 2624
 2568
 2518
 2472
 2426
 2386
 2350
 2318
 2292
 2272
 2252
 2232
 2216
 2198
 2188
 2178
 2174
 2174
 2170
 2166
 2164
 2162
 2162
 2160
 2158
 2154
 2148
 2138
 2120
 2094
 2068
 2040
 2010
 1976
 1948
 1916
 1884
 1858
 1834
 1816
 1806
 1798
 1798
 1804
 1818
 1836
 1854
 1870
 1874
 1872
 1874
 1890
 1936
 2012
 2106
 2206
 2296
 2374
 2436
 2482
 2510
 2534
 2562
 2588
 2612
 2636
 2656
 2676
 2694
 2708
 2726
 2742
 2756
 2774
 2792
 2810
 2826
 2844
 2862
 2880
 2898
 2916
 2932
 2948
 2960
 2970
 2978
 2990
 3004
 3014
 3020
 3026
 3028
 3026
 3028
 3026
 3028
 3026
 3022
 3018
 3008
 2998
 2978
 2950
 2914
 2874
 2832
 2788
 2740
 2694
 2650
 2608
 2572
 2536
 2496
 2462
 2426
 2396
 2368
 2334
 2302
 2270
 2238
 2206
 2172
 2144
 2114
 2082
 2052
 2020
 1988
 1960
 1936
 1912
 1892
 1870
 1854
 1838
 1822
 1810
 1796
 1788
 1784
 1786
 1786
 1784
 1788
 1790
 1798
 1806
 1814
 1826
 1838
 1856
 1874
 1902
 1938
 1986
 2042
 2096
 2150
 2200
 2246
 2294
 2336
 2372
 2404
 2436
 2478
 2514
 2546
 2576
 2604
 2632
 2656
 2680
 2704
 2726
 2748
 2770
 2788
 2806
 2822
 2836
 2852
 2866
 2880
 2892
 2904
 2914
 2926
 2938
 2944
 2950
 2952
 2964
 2976
 2988
 2990
 2990
 2992
 2994
 2996
 3000
 3002
 3006
 3010
 3014
 3014
 3016
 3016
 3016
 3014
 3006
 2996
 2978
 2950
 2914
 2872
 2824
 2778
 2736
 2700
 2666
 2630
 2590
 2552
 2516
 2482
 2448
 2416
 2382
 2346
 2312
 2278
 2242
 2206
 2176
 2146
 2120
 2094
 2070
 2046
 2018
 1994
 1970
 1948
 1928
 1906
 1880
 1856
 1830
 1806
 1784
 1762
 1742
 1726
 1712
 1704
 1698
 1692
 1692
 1700
 1708
 1720
 1732
 1744
 1764
 1792
 1826
 1870
 1916
 1966
 2012
 2062
 2110
 2152
 2194
 2236
 2274
 2308
 2344
 2378
 2412
 2444
 2476
 2504
 2536
 2568
 2598
 2626
 2648
 2666
 2688
 2720
 2746
 2770
 2788
 2802
 2816
 2824
 2832
 2846
 2856
 2866
 2876
 2884
 2890
 2892
 2898
 2904
 2914
 2918
 2920
 2926
 2930
 2936
 2938
 2936
 2936
 2946
 2952
 2958
 2962
 2962
 2962
 2964
 2964
 2962
 2960
 2958
 2956
 2956
 2954
 2956
 2954
 2956
 2956
 2956
 2954
 2956
 2954
 2952
 2942
 2918
 2880
 2834
 2790
 2744
 2694
 2642
 2586
 2532
 2480
 2428
 2382
 2338
 2292
 2248
 2208
 2168
 2134
 2104
 2072
 2042
 2012
 1982
 1950
 1914
 1880
 1844
 1816
 1792
 1770
 1754
 1738
 1726
 1718
 1716
 1722
 1736
 1750
 1772
 1794
 1820
 1850
 1878
 1898
 1906
 1908
 1910
 1914
 1922
 1926
 1930
 1932
 1930
 1936
 1942
 1948
 1956
 1962
 1972
 1992
 2020
 2050
 2082
 2118
 2156
 2188
 2212
 2232
 2262
 2296
 2328
 2360
 2392
 2422
 2448
 2472
 2500
 2528
 2552
 2574
 2594
 2612
 2632
 2654
 2674
 2688
 2696
 2700
 2698
 2684
 2662
 2644
 2632
 2632
 2638
 2646
 2656
 2664
 2670
 2672
 2668
 2668
 2672
 2674
 2676
 2674
 2670
 2670
 2670
 2674
 2680
 2682
 2682
 2688
 2688
 2684
 2678
 2668
 2656
 2644
 2624
 2610
 2602
 2598
 2598
 2602
 2602
 2596
 2590
 2578
 2570
 2562
 2560
 2566
 2572
 2574
 2562
 2546
 2530
 2502
 2462
 2416
 2364
 2310
 2254
 2188
 2126
 2062
 1998
 1938
 1884
 1834
 1804
 1802
 1856
 1942
 2050
 2174
 2316
 2458
 2596
 2726
 2850
 2952
 3038
 3108
 3168
 3220
 3264
 3306
 3346
 3384
 3412
 3424
 3426
 3424
 3388
 3366
 3362
 3366
 3382
 3408
 3438
 3436
 3434
 3446
 3462
 3488
 3514
 3512
 3492
 3480
 3482
 3494
 3508
 3528
 3540
 3538
 3536
 3536
 3544
 3548
 3530
 3520
 3514
 3502
 3490
 3476
 3452
 3420
 3386
 3342
 3282
 3210
 3134
 3050
 2962
 2876
 2794
 2714
 2650
 2598
 2552
 2510
 2468
 2426
 2382
 2342
 2304
 2258
 2212
 2162
 2118
 2072
 2026
 1986
 1950
 1918
 1888
 1860
 1838
 1814
 1800
 1788
 1776
 1758
 1742
 1728
 1722
 1722
 1718
 1716
 1710
 1702
 1694
 1686
 1688
 1690
 1698
 1712
 1728
 1744
 1760
 1780
 1806
 1840
 1878
 1910
 1946
 1988
 2038
 2094
 2148
 2198
 2236
 2274
 2304
 2328
 2358
 2388
 2406
 2432
 2454
 2474
 2500
 2528
 2552
 2580
 2608
 2638
 2664
 2690
 2706
 2720
 2734
 2758
 2780
 2794
 2804
 2812
 2818
 2824
 2828
 2836
 2846
 2850
 2858
 2864
 2870
 2876
 2884
 2894
 2908
 2920
 2934
 2948
 2964
 2974
 2980
 2976
 2968
 2950
 2920
 2886
 2832
 2778
 2720
 2664
 2612
 2560
 2514
 2470
 2424
 2382
 2344
 2304
 2262
 2222
 2186
 2154
 2126
 2096
 2066
 2034
 2006
 1974
 1944
 1916
 1890
 1868
 1840
 1814
 1786
 1762
 1742
 1718
 1694
 1672
 1646
 1626
 1602
 1578
 1556
 1538
 1524
 1516
 1510
 1504
 1504
 1504
 1506
 1510
 1518
 1526
 1536
 1548
 1560
 1572
 1590
 1608
 1632
 1654
 1676
 1710
 1754
 1810
 1880
 1964
 2044
 2122
 2196
 2264
 2324
 2374
 2420
 2464
 2516
 2566
 2606
 2640
 2664
 2686
 2706
 2724
 2746
 2768
 2786
 2802
 2818
 2832
 2848
 2862
 2876
 2890
 2900
 2912
 2930
 2942
 2952
 2958
 2974
 2992
 3004
 3016
 3020
 3026
 3032
 3034
 3044
 3050
 3058
 3080
 3110
 3140
 3172
 3206
 3234
 3262
 3284
 3302
 3312
 3310
 3322
 3352
 3392
 3440
 3478
 3480
 3482
 3484
 3488
 3498
 3492
 3492
 3488
 3482
 3482
 3482
 3484
 3484
 3472
 3434
 3416
 3408
 3410
 3418
 3398
 3388
 3390
 3396
 3414
 3430
 3452
 3466
 3472
 3478
 3480
 3480
 3476
 3472
 3464
 3456
 3448
 3432
 3410
 3392
 3366
 3318
 3250
 3178
 3118
 3064
 3002
 2948
 2894
 2844
 2794
 2746
 2702
 2652
 2602
 2554
 2506
 2458
 2414
 2376
 2340
 2318
 2296
 2282
 2270
 2258
 2242
 2218
 2188
 2156
 2122
 2082
 2044
 2006
 1976
 1948
 1924
 1904
 1890
 1892
 1918
 1978
 2058
 2146
 2240
 2332
 2412
 2490
 2562
 2632
 2698
 2756
 2806
 2848
 2886
 2920
 2954
 2986
 3008
 3030
 3048
 3064
 3080
 3098
 3116
 3136
 3156
 3176
 3190
 3202
 3214
 3220
 3224
 3228
 3232
 3238
 3246
 3250
 3252
 3252
 3250
 3246
 3246
 3242
 3240
 3238
 3236
 3234
 3232
 3234
 3238
 3240
 3244
 3236
 3226
 3218
 3216
 3216
 3218
 3218
 3218
 3220
 3224
 3226
 3226
 3226
 3222
 3222
 3218
 3218
 3218
 3218
 3216
 3210
 3206
 3202
 3202
 3200
 3200
 3202
 3202
 3204
 3206
 3204
 3208
 3212
 3218
 3212
 3190
 3168
 3138
 3100
 3052
 2994
 2946
 2900
 2846
 2792
 2736
 2678
 2624
 2574
 2524
 2478
 2434
 2390
 2346
 2308
 2268
 2232
 2198
 2160
 2122
 2084
 2046
 2012
 1982
 1958
 1930
 1898
 1872
 1846
 1822
 1802
 1788
 1776
 1766
 1756
 1752
 1750
 1746
 1744
 1738
 1732
 1726
 1716
 1708
 1702
 1694
 1688
 1680
 1670
 1660
 1652
 1638
 1628
 1620
 1610
 1604
 1598
 1590
 1580
 1572
 1564
 1558
 1550
 1540
 1530
 1520
 1512
 1504
 1500
 1502
 1508
 1516
 1520
 1530
 1542
 1554
 1576
 1602
 1636
 1682
 1730
 1774
 1818
 1860
 1910
 1964
 2012
 2052
 2086
 2122
 2160
 2194
 2234
 2274
 2316
 2366
 2416
 2466
 2512
 2556
 2598
 2634
 2666
 2696
 2722
 2748
 2770
 2788
 2802
 2818
 2838
 2870
 2898
 2926
 2944
 2954
 2964
 2972
 2980
 2988
 2990
 2992
 2994
 2994
 2992
 2990
 2990
 2988
 2986
 2986
 2986
 2988
 2994
 2998
 2998
 2994
 2990
 2990
 2990
 2988
 2984
 2976
 2962
 2932
 2884
 2836
 2784
 2726
 2668
 2612
 2558
 2504
 2454
 2408
 2364
 2328
 2294
 2266
 2238
 2216
 2200
 2190
 2184
 2184
 2194
 2216
 2248
 2290
 2330
 2370
 2404
 2434
 2470
 2508
 2548
 2598
 2646
 2690
 2730
 2764
 2792
 2810
 2826
 2850
 2884
 2932
 2976
 3006
 3028
 3042
 3048
 3054
 3058
 3066
 3068
 3066
 3072
 3088
 3122
 3156
 3184
 3202
 3210
 3210
 3216
 3242
 3272
 3298
 3318
 3328
 3326
 3324
 3318
 3314
 3312
 3312
 3310
 3308
 3306
 3304
 3298
 3296
 3294
 3292
 3290
 3282
 3276
 3272
 3270
 3268
 3266
 3262
 3256
 3254
 3250
 3248
 3246
 3246
 3244
 3242
 3234
 3228
 3224
 3220
 3216
 3210
 3200
 3186
 3158
 3112
 3056
 3002
 2948
 2896
 2844
 2792
 2740
 2694
 2656
 2620
 2586
 2554
 2522
 2486
 2446
 2402
 2362
 2320
 2284
 2248
 2210
 2178
 2148
 2124
 2098
 2072
 2046
 2020
 1996
 1974
 1950
 1932
 1912
 1892
 1872
 1852
 1832
 1820
 1818
 1832
 1864
 1902
 1940
 1978
 2018
 2066
 2116
 2168
 2214
 2256
 2296
 2330
 2358
 2390
 2420
 2456
 2492
 2528
 2564
 2602
 2642
 2684
 2720
 2754
 2782
 2804
 2820
 2832
 2846
 2866
 2882
 2896
 2908
 2916
 2922
 2926
 2930
 2938
 2942
 2944
 2942
 2942
 2942
 2946
 2948
 2950
 2952
 2952
 2956
 2958
 2954
 2950
 2948
 2948
 2950
 2952
 2954
 2952
 2946
 2936
 2922
 2918
 2914
 2912
 2910
 2904
 2900
 2896
 2898
 2896
 2896
 2898
 2898
 2900
 2900
 2898
 2894
 2886
 2884
 2880
 2880
 2874
 2860
 2830
 2794
 2750
 2698
 2648
 2594
 2540
 2484
 2432
 2384
 2338
 2296
 2258
 2220
 2182
 2150
 2120
 2088
 2058
 2032
 2006
 1980
 1954
 1926
 1898
 1870
 1846
 1824
 1802
 1782
 1764
 1750
 1734
 1718
 1702
 1686
 1672
 1666
 1660
 1660
 1668
 1694
 1734
 1788
 1850
 1916
 1986
 2052
 2112
 2172
 2224
 2272
 2318
 2360
 2398
 2436
 2470
 2500
 2532
 2560
 2588
 2616
 2642
 2668
 2686
 2702
 2718
 2736
 2754
 2766
 2778
 2784
 2790
 2798
 2802
 2810
 2816
 2826
 2832
 2838
 2842
 2844
 2850
 2854
 2858
 2864
 2866
 2872
 2876
 2878
 2880
 2880
 2882
 2882
 2880
 2874
 2864
 2854
 2830
 2798
 2760
 2722
 2684
 2644
 2604
 2564
 2524
 2486
 2448
 2412
 2378
 2348
 2316
 2286
 2256
 2230
 2206
 2182
 2156
 2126
 2096
 2068
 2042
 2016
 1992
 1968
 1944
 1916
 1888
 1864
 1842
 1818
 1800
 1784
 1774
 1768
 1768
 1784
 1802
 1832
 1866
 1900
 1934
 1966
 2000
 2034
 2068
 2106
 2148
 2190
 2238
 2290
 2346
 2400
 2454
 2502
 2548
 2588
 2614
 2630
 2642
 2654
 2672
 2686
 2698
 2708
 2716
 2728
 2736
 2748
 2760
 2772
 2784
 2796
 2804
 2816
 2826
 2840
 2850
 2860
 2868
 2876
 2882
 2890
 2900
 2908
 2912
 2908
 2908
 2910
 2910
 2914
 2914
 2916
 2916
 2918
 2920
 2920
 2924
 2928
 2934
 2940
 2944
 2944
 2944
 2944
 2944
 2942
 2938
 2934
 2928
 2928
 2928
 2926
 2930
 2932
 2936
 2938
 2938
 2940
 2938
 2936
 2932
 2930
 2928
 2926
 2924
 2920
 2918
 2920
 2924
 2922
 2918
 2914
 2912
 2912
 2910
 2910
 2906
 2902
 2890
 2862
 2824
 2784
 2742
 2696
 2652
 2616
 2580
 2542
 2506
 2472
 2442
 2412
 2376
 2340
 2302
 2264
 2230
 2194
 2162
 2130
 2098
 2068
 2038
 2010
 1984
 1962
 1944
 1932
 1922
 1914
 1914
 1926
 1960
 2020
 2090
 2164
 2248
 2350
 2460
 2568
 2670
 2754
 2820
 2872
 2904
 2924
 2942
 2960
 2972
 2978
 2984
 2982
 2980
 2976
 2968
 2964
 2960
 2956
 2952
 2950
 2948
 2946
 2946
 2948
 2948
 2948
 2946
 2944
 2944
 2950
 2958
 2956
 2956
 2954
 2958
 2962
 2968
 2976
 2978
 2972
 2964
 2954
 2942
 2936
 2932
 2934
 2932
 2934
 2930
 2926
 2916
 2914
 2912
 2914
 2916
 2914
 2910
 2906
 2906
 2898
 2888
 2862
 2820
 2766
 2706
 2644
 2582
 2522
 2464
 2412
 2364
 2318
 2276
 2234
 2196
 2160
 2130
 2102
 2078
 2056
 2032
 2008
 1984
 1960
 1938
 1916
 1894
 1872
 1846
 1814
 1782
 1754
 1732
 1710
 1692
 1674
 1650
 1628
 1606
 1590
 1574
 1554
 1536
 1518
 1502
 1496
 1490
 1490
 1492
 1498
 1508
 1518
 1526
 1538
 1554
 1574
 1588
 1600
 1610
 1612
 1610
 1604
 1596
 1594
 1592
 1596
 1602
 1606
 1608
 1612
 1614
 1614
 1612
 1612
 1614
 1628
 1654
 1686
 1720
 1760
 1810
 1864
 1912
 1956
 1996
 2032
 2064
 2094
 2122
 2148
 2174
 2198
 2222
 2248
 2274
 2300
 2322
 2342
 2354
 2368
 2390
 2406
 2420
 2432
 2444
 2458
 2474
 2494
 2520
 2548
 2572
 2594
 2610
 2624
 2632
 2638
 2644
 2646
 2646
 2642
 2630
 2610
 2572
 2532
 2486
 2432
 2378
 2324
 2272
 2222
 2174
 2128
 2086
 2040
 1998
 1956
 1914
 1878
 1842
 1810
 1782
 1754
 1730
 1706
 1684
 1666
 1648
 1632
 1618
 1600
 1586
 1572
 1562
 1556
 1562
 1586
 1634
 1706
 1788
 1880
 1972
 2058
 2136
 2204
 2268
 2330
 2384
 2432
 2472
 2504
 2536
 2572
 2604
 2630
 2654
 2676
 2694
 2708
 2724
 2738
 2750
 2762
 2770
 2778
 2782
 2786
 2792
 2796
 2798
 2802
 2808
 2814
 2818
 2820
 2820
 2822
 2828
 2832
 2834
 2836
 2832
 2832
 2832
 2834
 2838
 2844
 2848
 2852
 2854
 2856
 2862
 2866
 2868
 2870
 2870
 2868
 2864
 2854
 2834
 2800
 2754
 2696
 2640
 2588
 2534
 2478
 2424
 2368
 2316
 2264
 2212
 2164
 2114
 2064
 2020
 1978
 1936
 1900
 1864
 1832
 1800
 1770
 1740
 1712
 1684
 1660
 1636
 1616
 1594
 1568
 1546
 1526
 1506
 1488
 1474
 1464
 1456
 1450
 1448
 1450
 1458
 1472
 1492
 1516
 1548
 1582
 1610
 1642
 1674
 1716
 1766
 1816
 1868
 1924
 1990
 2062
 2132
 2204
 2274
 2336
 2396
 2446
 2494
 2534
 2570
 2602
 2628
 2654
 2676
 2696
 2712
 2728
 2742
 2760
 2778
 2790
 2798
 2800
 2804
 2806
 2808
 2812
 2814
 2816
 2818
 2818
 2820
 2826
 2832
 2840
 2852
 2866
 2880
 2894
 2902
 2906
 2908
 2914
 2920
 2922
 2916
 2910
 2904
 2898
 2892
 2888
 2884
 2880
 2878
 2880
 2886
 2894
 2898
 2900
 2890
 2860
 2810
 2746
 2678
 2610
 2546
 2484
 2428
 2374
 2318
 2266
 2214
 2166
 2120
 2078
 2042
 2008
 1976
 1942
 1908
 1874
 1840
 1806
 1774
 1742
 1714
 1684
 1660
 1640
 1640
 1676
 1742
 1826
 1914
 2000
 2090
 2172
 2254
 2332
 2404
 2468
 2524
 2570
 2610
 2644
 2674
 2698
 2724
 2746
 2766
 2782
 2798
 2814
 2834
 2852
 2870
 2884
 2896
 2908
 2916
 2922
 2932
 2940
 2948
 2954
 2958
 2962
 2968
 2974
 2978
 2980
 2980
 2978
 2976
 2974
 2974
 2968
 2964
 2958
 2944
 2920
 2884
 2846
 2802
 2750
 2692
 2634
 2580
 2528
 2478
 2432
 2388
 2344
 2302
 2260
 2216
 2172
 2134
 2096
 2064
 2034
 2004
 1976
 1952
 1938
 1926
 1924
 1928
 1938
 1958
 1986
 2030
 2084
 2158
 2238
 2320
 2384
 2422
 2438
 2430
 2394
 2332
 2242
 2118
 1970
 1796
 1600
 1382
 1146
 902
 650
 390
 106
 0
 0
 0
 0
 0
 0
 0
 0
 0
 130
 494
 824
 1106
 1352
 1542
 1720
 1804
 1754
 1772
 1824
 1928
 1968
 1852
 1824
 1876
 1942
 1990
 2026
 2048
 2056
 2062
 2050
 2032
 2024
 2010
 1982
 1948
 1918
 1892
 1868
 1846
 1826
 1806
 1784
 1774
 1774
 1772
 1778
 1796
 1792
 1760
 1732
 1722
 1714
 1708
 1702
 1686
 1672
 1658
 1650
 1668
 1706
 1762
 1820
 1878
 1934
 1992
 2054
 2110
 2158
 2204
 2260
 2350
 2454
 2554
 2662
 2750
 2806
 2836
 2838
 2818
 2796
 2792
 2794
 2780
 2754
 2722
 2696
 2668
 2648
 2634
 2628
 2634
 2642
 2640
 2638
 2636
 2648
 2670
 2704
 2736
 2762
 2810
 2856
 2874
 2876
 2870
 2854
 2836
 2810
 2770
 2732
 2694
 2646
 2594
 2542
 2490
 2436
 2384
 2336
 2294
 2264
 2240
 2226
 2208
 2190
 2172
 2142
 2112
 2086
 2070
 2050
 2022
 1988
 1954
 1922
 1888
 1858
 1836
 1818
 1808
 1818
 1868
 1946
 2036
 2126
 2210
 2290
 2366
 2438
 2506
 2566
 2622
 2670
 2716
 2760
 2796
 2834
 2870
 2904
 2932
 2956
 2976
 2992
 3004
 3018
 3030
 3038
 3042
 3048
 3056
 3062
 3064
 3064
 3066
 3064
 3058
 3052
 3050
 3050
 3052
 3052
 3050
 3050
 3050
 3052
 3050
 3046
 3040
 3036
 3038
 3036
 3032
 3028
 3022
 3020
 3016
 3016
 3024
 3034
 3046
 3058
 3066
 3074
 3078
 3084
 3082
 3076
 3070
 3064
 3060
 3050
 3034
 3026
 3026
 3034
 3048
 3064
 3078
 3092
 3102
 3106
 3108
 3114
 3120
 3130
 3136
 3144
 3152
 3160
 3170
 3182
 3194
 3210
 3222
 3230
 3234
 3230
 3224
 3210
 3190
 3182
 3180
 3186
 3196
 3206
 3214
 3214
 3216
 3218
 3218
 3204
 3182
 3150
 3108
 3064
 3024
 2986
 2952
 2918
 2884
 2852
 2820
 2788
 2760
 2730
 2698
 2664
 2634
 2604
 2564
 2522
 2484
 2450
 2422
 2402
 2392
 2382
 2378
 2376
 2374
 2376
 2382
 2382
 2380
 2374
 2370
 2366
 2356
 2342
 2324
 2304
 2284
 2262
 2252
 2244
 2248
 2262
 2282
 2304
 2322
 2346
 2364
 2382
 2404
 2430
 2464
 2494
 2520
 2544
 2568
 2594
 2620
 2652
 2686
 2714
 2744
 2776
 2814
 2848
 2880
 2904
 2912
 2914
 2910
 2904
 2894
 2884
 2872
 2862
 2850
 2844
 2836
 2834
 2838
 2844
 2856
 2870
 2882
 2892
 2898
 2900
 2900
 2902
 2904
 2908
 2906
 2902
 2902
 2904
 2902
 2894
 2880
 2854
 2822
 2784
 2742
 2698
 2656
 2608
 2560
 2512
 2464
 2418
 2370
 2324
 2282
 2238
 2194
 2152
 2110
 2070
 2030
 1990
 1948
 1908
 1874
 1844
 1820
 1806
 1796
 1798
 1818
 1862
 1924
 1996
 2072
 2146
 2212
 2270
 2316
 2358
 2396
 2434
 2468
 2490
 2510
 2526
 2540
 2550
 2558
 2566
 2576
 2584
 2590
 2596
 2598
 2602
 2604
 2608
 2610
 2614
 2614
 2616
 2614
 2612
 2610
 2614
 2620
 2622
 2624
 2622
 2622
 2620
 2622
 2626
 2632
 2638
 2646
 2654
 2666
 2678
 2694
 2708
 2720
 2730
 2738
 2740
 2744
 2744
 2740
 2734
 2728
 2720
 2708
 2672
 2622
 2562
 2498
 2436
 2376
 2322
 2270
 2218
 2170
 2122
 2074
 2028
 1982
 1936
 1892
 1850
 1812
 1776
 1742
 1706
 1672
 1642
 1612
 1582
 1546
 1512
 1480
 1450
 1424
 1396
 1376
 1362
 1346
 1334
 1324
 1318
 1320
 1328
 1342
 1360
 1386
 1418
 1446
 1488
 1534
 1588
 1658
 1726
 1790
 1852
 1906
 1958
 2000
 2036
 2070
 2100
 2136
 2170
 2212
 2254
 2300
 2348
 2392
 2428
 2460
 2484
 2498
 2510
 2522
 2538
 2554
 2566
 2576
 2582
 2590
 2592
 2598
 2604
 2608
 2614
 2622
 2626
 2634
 2642
 2650
 2658
 2668
 2676
 2684
 2692
 2696
 2698
 2698
 2702
 2710
 2714
 2718
 2716
 2712
 2710
 2708
 2706
 2702
 2698
 2696
 2692
 2688
 2684
 2680
 2678
 2676
 2674
 2672
 2670
 2662
 2656
 2644
 2626
 2612
 2584
 2542
 2494
 2440
 2386
 2338
 2290
 2246
 2204
 2162
 2124
 2088
 2056
 2028
 2008
 2000
 1996
 2006
 2026
 2054
 2088
 2126
 2164
 2206
 2240
 2262
 2282
 2302
 2326
 2346
 2364
 2386
 2406
 2426
 2444
 2462
 2482
 2500
 2522
 2544
 2568
 2594
 2620
 2644
 2664
 2678
 2682
 2684
 2684
 2692
 2698
 2700
 2700
 2698
 2698
 2694
 2692
 2690
 2686
 2684
 2682
 2678
 2678
 2678
 2678
 2680
 2682
 2684
 2684
 2680
 2676
 2676
 2684
 2694
 2708
 2728
 2748
 2774
 2798
 2822
 2844
 2862
 2872
 2878
 2882
 2882
 2874
 2850
 2808
 2748
 2674
 2596
 2524
 2460
 2402
 2352
 2298
 2242
 2188
 2130
 2070
 2012
 1962
 1914
 1860
 1808
 1760
 1712
 1672
 1636
 1606
 1578
 1550
 1522
 1500
 1480
 1466
 1458
 1450
 1444
 1448
 1470
 1508
 1568
 1650
 1742
 1838
 1936
 2030
 2122
 2212
 2296
 2376
 2450
 2508
 2556
 2594
 2632
 2672
 2704
 2734
 2760
 2782
 2800
 2816
 2830
 2846
 2860
 2872
 2882
 2890
 2896
 2898
 2906
 2912
 2918
 2924
 2928
 2928
 2934
 2936
 2940
 2952
 2958
 2966
 2970
 2970
 2972
 2970
 2970
 2970
 2966
 2958
 2950
 2938
 2924
 2906
 2884
 2848
 2804
 2752
 2692
 2632
 2570
 2512
 2450
 2386
 2326
 2274
 2226
 2176
 2122
 2070
 2020
 1972
 1922
 1874
 1828
 1780
 1736
 1692
 1652
 1616
 1578
 1542
 1508
 1474
 1446
 1414
 1386
 1356
 1328
 1304
 1276
 1242
 1208
 1178
 1156
 1144
 1154
 1190
 1254
 1338
 1426
 1522
 1626
 1734
 1848
 1960
 2066
 2164
 2256
 2338
 2414
 2486
 2544
 2598
 2644
 2682
 2720
 2754
 2782
 2812
 2838
 2862
 2884
 2900
 2910
 2924
 2936
 2946
 2952
 2954
 2952
 2952
 2956
 2958
 2958
 2956
 2950
 2948
 2940
 2926
 2896
 2854
 2808
 2766
 2734
 2708
 2692
 2680
 2672
 2670
 2666
 2662
 2660
 2666
 2674
 2680
 2682
 2678
 2666
 2646
 2610
 2580
 2544
 2500
 2462
 2420
 2376
 2330
 2286
 2232
 2182
 2132
 2090
 2050
 2008
 1962
 1914
 1870
 1826
 1784
 1748
 1712
 1676
 1646
 1620
 1604
 1594
 1594
 1602
 1616
 1636
 1660
 1698
 1740
 1786
 1830
 1870
 1914
 1956
 2000
 2052
 2102
 2150
 2202
 2254
 2306
 2356
 2406
 2454
 2500
 2544
 2580
 2614
 2642
 2668
 2688
 2708
 2722
 2736
 2744
 2748
 2754
 2766
 2776
 2784
 2790
 2796
 2804
 2814
 2832
 2854
 2876
 2894
 2908
 2916
 2918
 2920
 2918
 2912
 2898
 2868
 2824
 2772
 2714
 2656
 2602
 2546
 2492
 2436
 2392
 2344
 2296
 2246
 2196
 2148
 2104
 2058
 2018
 1976
 1934
 1892
 1852
 1810
 1774
 1742
 1710
 1678
 1650
 1624
 1598
 1570
 1542
 1512
 1490
 1466
 1436
 1410
 1382
 1360
 1340
 1320
 1306
 1294
 1284
 1282
 1282
 1282
 1292
 1308
 1328
 1350
 1376
 1404
 1452
 1516
 1610
 1730
 1856
 1970
 2076
 2172
 2260
 2338
 2410
 2476
 2532
 2580
 2622
 2660
 2692
 2726
 2758
 2786
 2814
 2840
 2864
 2882
 2898
 2908
 2918
 2940
 2952
 2962
 2968
 2974
 2984
 2990
 3000
 3008
 3014
 3020
 3026
 3032
 3036
 3042
 3046
 3050
 3058
 3070
 3080
 3096
 3112
 3120
 3124
 3124
 3130
 3138
 3142
 3142
 3140
 3138
 3138
 3138
 3140
 3142
 3144
 3140
 3138
 3132
 3122
 3106
 3080
 3046
 3006
 2954
 2900
 2844
 2788
 2730
 2674
 2626
 2578
 2524
 2464
 2414
 2368
 2314
 2262
 2212
 2160
 2112
 2060
 2008
 1962
 1918
 1876
 1836
 1800
 1764
 1728
 1696
 1664
 1636
 1608
 1578
 1546
 1512
 1478
 1450
 1422
 1398
 1378
 1354
 1334
 1316
 1298
 1284
 1276
 1274
 1280
 1292
 1304
 1316
 1334
 1366
 1408
 1464
 1526
 1598
 1682
 1766
 1852
 1926
 1998
 2064
 2128
 2186
 2242
 2300
 2358
 2412
 2464
 2512
 2558
 2602
 2644
 2676
 2704
 2728
 2754
 2784
 2806
 2826
 2844
 2856
 2870
 2878
 2890
 2894
 2896
 2898
 2900
 2904
 2908
 2912
 2918
 2922
 2926
 2930
 2932
 2932
 2934
 2928
 2918
 2894
 2864
 2830
 2790
 2740
 2680
 2618
 2560
 2502
 2444
 2392
 2340
 2288
 2238
 2188
 2142
 2096
 2056
 2016
 1978
 1940
 1904
 1870
 1834
 1796
 1762
 1732
 1704
 1674
 1642
 1612
 1584
 1556
 1532
 1508
 1492
 1474
 1462
 1450
 1444
 1444
 1448
 1468
 1496
 1536
 1592
 1656
 1720
 1786
 1850
 1914
 1984
 2046
 2100
 2150
 2196
 2240
 2280
 2314
 2350
 2386
 2418
 2448
 2476
 2500
 2526
 2552
 2576
 2598
 2622
 2644
 2666
 2684
 2698
 2708
 2716
 2734
 2748
 2758
 2766
 2770
 2776
 2780
 2782
 2788
 2796
 2800
 2804
 2812
 2814
 2820
 2826
 2830
 2834
 2836
 2840
 2842
 2846
 2844
 2840
 2830
 2810
 2788
 2760
 2720
 2672
 2624
 2576
 2528
 2480
 2432
 2390
 2346
 2300
 2258
 2214
 2172
 2132
 2096
 2058
 2022
 1988
 1952
 1924
 1892
 1858
 1832
 1806
 1784
 1760
 1736
 1712
 1692
 1682
 1680
 1688
 1698
 1712
 1728
 1750
 1776
 1810
 1846
 1884
 1926
 1970
 2018
 2068
 2118
 2174
 2234
 2302
 2370
 2430
 2488
 2542
 2588
 2636
 2678
 2720
 2762
 2796
 2830
 2854
 2874
 2892
 2908
 2920
 2932
 2940
 2942
 2948
 2950
 2950
 2952
 2950
 2952
 2958
 2958
 2956
 2950
 2946
 2942
 2938
 2934
 2928
 2924
 2922
 2918
 2914
 2908
 2900
 2888
 2870
 2840
 2800
 2756
 2712
 2666
 2620
 2576
 2528
 2478
 2432
 2390
 2352
 2312
 2270
 2228
 2184
 2148
 2110
 2074
 2046
 2016
 1984
 1954
 1926
 1896
 1874
 1858
 1852
 1860
 1874
 1904
 1944
 1982
 2018
 2050
 2086
 2140
 2188
 2230
 2266
 2304
 2350
 2392
 2436
 2486
 2536
 2588
 2634
 2676
 2712
 2744
 2770
 2796
 2814
 2830
 2846
 2860
 2870
 2880
 2886
 2892
 2904
 2914
 2922
 2928
 2930
 2928
 2926
 2928
 2930
 2932
 2930
 2932
 2930
 2926
 2922
 2916
 2906
 2890
 2868
 2836
 2798
 2752
 2704
 2656
 2616
 2586
 2544
 2504
 2460
 2416
 2376
 2338
 2298
 2264
 2230
 2196
 2162
 2130
 2096
 2064
 2034
 2008
 1982
 1958
 1938
 1912
 1892
 1874
 1860
 1844
 1826
 1806
 1790
 1774
 1766
 1772
 1800
 1852
 1916
 1994
 2078
 2164
 2246
 2324
 2400
 2472
 2534
 2594
 2658
 2726
 2802
 2882
 2970
 3056
 3126
 3172
 3196
 3208
 3214
 3214
 3214
 3214
 3216
 3218
 3220
 3224
 3228
 3234
 3240
 3242
 3244
 3246
 3248
 3252
 3252
 3244
 3240
 3236
 3236
 3232
 3228
 3224
 3220
 3216
 3212
 3210
 3208
 3206
 3204
 3200
 3194
 3188
 3184
 3180
 3178
 3174
 3170
 3170
 3168
 3164
 3160
 3154
 3144
 3130
 3110
 3076
 3026
 2964
 2896
 2826
 2758
 2690
 2628
 2572
 2518
 2464
 2414
 2366
 2316
 2274
 2230
 2192
 2154
 2116
 2082
 2050
 2020
 1990
 1954
 1924
 1898
 1876
 1852
 1826
 1798
 1770
 1742
 1722
 1698
 1682
 1674
 1668
 1666
 1666
 1672
 1682
 1694
 1710
 1726
 1750
 1782
 1822
 1858
 1898
 1940
 1990
 2044
 2092
 2136
 2176
 2218
 2260
 2296
 2334
 2370
 2406
 2442
 2478
 2512
 2546
 2578
 2608
 2636
 2664
 2688
 2708
 2726
 2744
 2758
 2770
 2776
 2782
 2794
 2806
 2814
 2818
 2814
 2806
 2790
 2758
 2724
 2688
 2644
 2600
 2558
 2512
 2470
 2432
 2394
 2358
 2324
 2290
 2256
 2222
 2188
 2152
 2114
 2076
 2044
 2014
 1984
 1950
 1916
 1884
 1854
 1824
 1790
 1768
 1740
 1716
 1698
 1684
 1674
 1674
 1678
 1688
 1704
 1726
 1754
 1782
 1822
 1862
 1914
 1974
 2028
 2082
 2132
 2176
 2220
 2262
 2296
 2334
 2370
 2402
 2434
 2468
 2498
 2532
 2562
 2594
 2626
 2654
 2680
 2702
 2718
 2730
 2742
 2766
 2784
 2798
 2812
 2820
 2824
 2832
 2840
 2848
 2856
 2862
 2866
 2868
 2868
 2868
 2870
 2870
 2870
 2870
 2868
 2856
 2836
 2806
 2772
 2738
 2704
 2662
 2614
 2564
 2512
 2464
 2414
 2368
 2326
 2282
 2238
 2198
 2156
 2118
 2078
 2040
 2006
 1972
 1942
 1908
 1872
