 2420
 2390
 2348
 2300
 2248
 2200
 2156
 2104
 2048
 1990
 1950
 1914
 1898
 1894
 1896
 1892
 1894
 1894
 1916
 1928
 1952
 1998
 2060
 2116
 2160
 2216
 2238
 2238
 2222
 2214
 2214
 2216
 2218
 2218
 2222
 2214
 2202
 2188
 2170
 2134
 2116
 2104
 2086
 2074
 2054
 2032
 2014
 2004
 2018
 2040
 2056
 2076
 2096
 2110
 2126
 2142
 2156
 2168
 2182
 2188
 2198
 2204
 2204
 2206
 2218
 2232
 2242
 2256
 2272
 2284
 2292
 2294
 2304
 2312
 2316
 2320
 2322
 2328
 2330
 2334
 2332
 2324
 2324
 2334
 2346
 2350
 2358
 2362
 2360
 2346
 2326
 2298
 2266
 2236
 2206
 2178
 2152
 2120
 2086
 2042
 1988
 1944
 1902
 1850
 1786
 1718
 1660
 1590
 1510
 1438
 1380
 1330
 1288
 1254
 1228
 1216
 1206
 1206
 1208
 1214
 1238
 1268
 1306
 1348
 1400
 1454
 1506
 1556
 1604
 1660
 1720
 1774
 1822
 1870
 1916
 1958
 2002
 2046
 2086
 2134
 2184
 2234
 2280
 2328
 2374
 2420
 2456
 2488
 2528
 2570
 2610
 2638
 2654
 2662
 2658
 2648
 2630
 2602
 2574
 2556
 2540
 2518
 2500
 2488
 2470
 2450
 2434
 2422
 2414
 2410
 2408
 2410
 2414
 2418
 2428
 2438
 2442
 2452
 2474
 2502
 2526
 2554
 2590
 2624
 2654
 2684
 2718
 2758
 2794
 2828
 2858
 2912
 2988
 3012
 3026
 3012
 2914
 2864
 2830
 2802
 2778
 2766
 2752
 2724
 2680
 2628
 2574
 2516
 2444
 2360
 2272
 2154
 2032
 1918
 1792
 1680
 1594
 1528
 1482
 1452
 1444
 1438
 1458
 1490
 1532
 1592
 1658
 1718
 1778
 1832
 1878
 1916
 1948
 1982
 2020
 2070
 2110
 2162
 2214
 2260
 2298
 2328
 2358
 2388
 2418
 2444
 2468
 2488
 2502
 2514
 2508
 2492
 2468
 2442
 2418
 2396
 2376
 2360
 2372
 2426
 2476
 2506
 2550
 2624
 2714
 2770
 2802
 2820
 2812
 2794
 2804
 2806
 2820
 2814
 2830
 2842
 2884
 2918
 2938
 2964
 3004
 3048
 3094
 3126
 3126
 3116
 3078
 3034
 2986
 2924
 2856
 2794
 2722
 2648
 2578
 2508
 2436
 2364
 2290
 2218
 2156
 2106
 2058
 2014
 1982
 1968
 1972
 1976
 1990
 2012
 2034
 2050
 2064
 2088
 2110
 2136
 2162
 2188
 2208
 2232
 2260
 2276
 2294
 2314
 2340
 2360
 2380
 2406
 2430
 2446
 2460
 2478
 2500
 2522
 2540
 2558
 2576
 2594
 2610
 2636
 2652
 2666
 2694
 2736
 2776
 2818
 2864
 2910
 2944
 2966
 2980
 2988
 2988
 2978
 2956
 2920
 2876
 2814
 2746
 2674
 2594
 2518
 2442
 2368
 2288
 2210
 2138
 2060
 1978
 1900
 1830
 1776
 1726
 1684
 1650
 1624
 1608
 1600
 1590
 1586
 1594
 1612
 1634
 1656
 1686
 1718
 1748
 1780
 1810
 1846
 1882
 1918
 1954
 1988
 2022
 2050
 2088
 2118
 2150
 2190
 2238
 2288
 2342
 2398
 2458
 2510
 2556
 2598
 2640
 2684
 2726
 2766
 2804
 2840
 2872
 2896
 2918
 2936
 2944
 2952
 2966
 2970
 2966
 2962
 2946
 2916
 2874
 2826
 2774
 2716
 2650
 2582
 2510
 2434
 2348
 2268
 2186
 2096
 2016
 1948
 1888
 1824
 1766
 1722
 1688
 1660
 1642
 1642
 1658
 1680
 1708
 1736
 1762
 1796
 1830
 1856
 1890
 1936
 1990
 2052
 2114
 2188
 2268
 2350
 2426
 2502
 2580
 2662
 2740
 2804
 2860
 2912
 2948
 2980
 3006
 3020
 3028
 3042
 3046
 3042
 3040
 3034
 3018
 2998
 2978
 2960
 2944
 2926
 2908
 2894
 2882
 2866
 2860
 2848
 2836
 2834
 2838
 2850
 2856
 2868
 2878
 2890
 2888
 2886
 2890
 2896
 2900
 2908
 2914
 2920
 2922
 2930
 2934
 2932
 2936
 2946
 2966
 2980
 2996
 3014
 3028
 3038
 3040
 3044
 3050
 3052
 3054
 3046
 3038
 3024
 3002
 2978
 2950
 2910
 2868
 2828
 2786
 2738
 2686
 2634
 2574
 2506
 2432
 2360
 2296
 2234
 2172
 2106
 2040
 1984
 1934
 1898
 1872
 1848
 1838
 1844
 1860
 1878
 1900
 1930
 1958
 1982
 2004
 2026
 2052
 2078
 2104
 2124
 2146
 2164
 2182
 2202
 2230
 2258
 2296
 2342
 2400
 2454
 2516
 2576
 2634
 2684
 2724
 2762
 2798
 2832
 2860
 2884
 2904
 2924
 2936
 2952
 2958
 2958
 2956
 2964
 2980
 2990
 3000
 3010
 3016
 3016
 3008
 3002
 3002
 2998
 2998
 2994
 2988
 2982
 2978
 2974
 2964
 2954
 2954
 2964
 2968
 2972
 2982
 2986
 2988
 2986
 2984
 2982
 2984
 2984
 2986
 2984
 2982
 2980
 2980
 2976
 2962
 2958
 2960
 2966
 2968
 2972
 2978
 2980
 2978
 2974
 2972
 2972
 2972
 2972
 2970
 2968
 2960
 2952
 2946
 2936
 2928
 2928
 2934
 2936
 2940
 2946
 2948
 2944
 2934
 2926
 2922
 2918
 2916
 2916
 2914
 2908
 2902
 2892
 2886
 2888
 2894
 2896
 2900
 2906
 2908
 2908
 2902
 2900
 2898
 2898
 2896
 2894
 2890
 2890
 2880
 2872
 2874
 2880
 2882
 2888
 2894
 2900
 2900
 2896
 2894
 2894
 2892
 2892
 2892
 2892
 2882
 2870
 2862
 2866
 2870
 2870
 2876
 2882
 2884
 2884
 2882
 2880
 2878
 2874
 2872
 2862
 2848
 2828
 2796
 2758
 2724
 2690
 2646
 2600
 2550
 2494
 2434
 2368
 2304
 2244
 2182
 2120
 2054
 1984
 1918
 1844
 1772
 1708
 1648
 1590
 1536
 1494
 1458
 1424
 1398
 1386
 1390
 1400
 1418
 1436
 1460
 1490
 1516
 1540
 1572
 1608
 1648
 1688
 1734
 1784
 1840
 1898
 1950
 2006
 2062
 2118
 2170
 2222
 2266
 2312
 2352
 2382
 2412
 2446
 2484
 2516
 2552
 2588
 2618
 2640
 2660
 2680
 2702
 2720
 2740
 2758
 2772
 2784
 2794
 2802
 2806
 2810
 2824
 2842
 2856
 2872
 2890
 2904
 2912
 2916
 2920
 2924
 2928
 2932
 2934
 2928
 2922
 2916
 2914
 2908
 2896
 2888
 2884
 2872
 2850
 2824
 2786
 2736
 2678
 2616
 2550
 2484
 2412
 2340
 2262
 2182
 2104
 2026
 1942
 1858
 1784
 1718
 1658
 1598
 1546
 1506
 1472
 1440
 1418
 1412
 1414
 1422
 1434
 1448
 1462
 1484
 1506
 1522
 1542
 1570
 1602
 1636
 1670
 1708
 1750
 1792
 1830
 1866
 1908
 1948
 1990
 2030
 2072
 2110
 2146
 2186
 2222
 2258
 2300
 2344
 2384
 2426
 2470
 2508
 2538
 2566
 2594
 2622
 2648
 2670
 2692
 2710
 2726
 2740
 2750
 2758
 2768
 2790
 2806
 2822
 2842
 2862
 2874
 2882
 2888
 2886
 2882
 2876
 2868
 2852
 2826
 2794
 2758
 2706
 2644
 2582
 2522
 2456
 2382
 2310
 2236
 2160
 2082
 2006
 1938
 1872
 1808
 1746
 1684
 1626
 1576
 1528
 1482
 1454
 1438
 1436
 1438
 1452
 1472
 1498
 1526
 1556
 1594
 1636
 1678
 1718
 1756
 1796
 1840
 1876
 1914
 1960
 2010
 2062
 2112
 2164
 2216
 2266
 2308
 2352
 2400
 2446
 2488
 2530
 2566
 2596
 2628
 2652
 2670
 2688
 2716
 2742
 2766
 2792
 2818
 2842
 2858
 2872
 2886
 2898
 2900
 2904
 2906
 2900
 2894
 2878
 2852
 2826
 2800
 2770
 2730
 2690
 2642
 2584
 2518
 2454
 2392
 2334
 2276
 2214
 2148
 2078
 2014
 1946
 1872
 1806
 1752
 1708
 1666
 1634
 1618
 1610
 1602
 1596
 1604
 1618
 1636
 1662
 1688
 1716
 1756
 1800
 1838
 1882
 1930
 1986
 2042
 2098
 2160
 2220
 2280
 2332
 2384
 2436
 2486
 2532
 2572
 2612
 2644
 2672
 2702
 2724
 2740
 2758
 2786
 2808
 2830
 2854
 2874
 2888
 2890
 2892
 2898
 2904
 2906
 2898
 2884
 2864
 2836
 2800
 2752
 2690
 2630
 2574
 2510
 2438
 2370
 2304
 2232
 2156
 2082
 2016
 1952
 1888
 1824
 1760
 1700
 1646
 1598
 1552
 1516
 1494
 1486
 1480
 1480
 1490
 1502
 1516
 1528
 1546
 1578
 1608
 1636
 1664
 1688
 1714
 1740
 1760
 1782
 1812
 1852
 1890
 1928
 1970
 2016
 2060
 2100
 2136
 2176
 2218
 2262
 2300
 2338
 2374
 2406
 2438
 2466
 2490
 2518
 2552
 2580
 2610
 2642
 2670
 2696
 2718
 2740
 2764
 2784
 2804
 2820
 2834
 2842
 2852
 2850
 2838
 2820
 2800
 2774
 2736
 2698
 2666
 2620
 2558
 2490
 2418
 2344
 2268
 2190
 2112
 2030
 1950
 1874
 1792
 1724
 1666
 1618
 1580
 1554
 1542
 1540
 1544
 1554
 1574
 1604
 1634
 1668
 1702
 1734
 1774
 1814
 1848
 1888
 1930
 1976
 2020
 2066
 2114
 2166
 2210
 2246
 2284
 2324
 2362
 2398
 2432
 2460
 2488
 2514
 2532
 2548
 2566
 2586
 2604
 2622
 2642
 2662
 2678
 2690
 2702
 2716
 2730
 2740
 2752
 2762
 2770
 2780
 2792
 2796
 2798
 2812
 2834
 2848
 2866
 2886
 2902
 2912
 2918
 2926
 2932
 2926
 2918
 2904
 2888
 2866
 2834
 2800
 2750
 2696
 2644
 2588
 2524
 2458
 2394
 2324
 2252
 2180
 2112
 2048
 1986
 1926
 1868
 1816
 1768
 1736
 1710
 1690
 1684
 1690
 1700
 1712
 1728
 1746
 1766
 1782
 1800
 1828
 1854
 1878
 1900
 1920
 1932
 1948
 1960
 1964
 1980
 2000
 2022
 2044
 2076
 2118
 2168
 2218
 2266
 2316
 2374
 2432
 2486
 2538
 2586
 2630
 2672
 2704
 2730
 2752
 2782
 2814
 2840
 2864
 2892
 2906
 2916
 2924
 2934
 2942
 2948
 2952
 2956
 2956
 2956
 2950
 2934
 2910
 2886
 2864
 2834
 2794
 2754
 2704
 2642
 2576
 2514
 2448
 2384
 2318
 2250
 2180
 2108
 2042
 1972
 1900
 1840
 1792
 1752
 1720
 1700
 1694
 1692
 1694
 1708
 1730
 1758
 1788
 1820
 1852
 1890
 1930
 1960
 1994
 2032
 2072
 2112
 2150
 2192
 2234
 2278
 2316
 2352
 2392
 2430
 2466
 2500
 2532
 2560
 2582
 2598
 2612
 2626
 2648
 2666
 2682
 2704
 2724
 2740
 2752
 2766
 2780
 2792
 2804
 2816
 2826
 2834
 2846
 2852
 2852
 2850
 2860
 2882
 2896
 2914
 2926
 2930
 2926
 2916
 2908
 2890
 2866
 2836
 2804
 2766
 2720
 2664
 2596
 2526
 2462
 2404
 2346
 2288
 2236
 2182
 2128
 2076
 2034
 2006
 1990
 1982
 1984
 1990
 2000
 2016
 2028
 2038
 2058
 2084
 2110
 2136
 2168
 2200
 2232
 2258
 2284
 2318
 2350
 2382
 2416
 2450
 2484
 2518
 2550
 2574
 2596
 2624
 2660
 2700
 2734
 2774
 2818
 2854
 2884
 2910
 2934
 2956
 2970
 2972
 2966
 2950
 2922
 2886
 2842
 2782
 2712
 2650
 2588
 2520
 2450
 2382
 2314
 2244
 2174
 2110
 2056
 2002
 1952
 1904
 1860
 1820
 1794
 1778
 1762
 1762
 1772
 1792
 1818
 1848
 1888
 1930
 1974
 2014
 2060
 2108
 2158
 2208
 2256
 2298
 2342
 2390
 2438
 2476
 2510
 2544
 2586
 2634
 2678
 2724
 2774
 2818
 2854
 2884
 2918
 2948
 2974
 2996
 3014
 3028
 3030
 3016
 2994
 2956
 2916
 2870
 2820
 2760
 2700
 2642
 2576
 2506
 2434
 2362
 2296
 2230
 2162
 2096
 2028
 1962
 1898
 1840
 1778
 1742
 1720
 1718
 1724
 1742
 1774
 1812
 1852
 1892
 1942
 1996
 2052
 2102
 2152
 2200
 2244
 2286
 2320
 2348
 2378
 2410
 2446
 2478
 2512
 2550
 2586
 2616
 2640
 2668
 2698
 2730
 2756
 2782
 2806
 2828
 2850
 2868
 2878
 2888
 2906
 2928
 2944
 2958
 2968
 2970
 2962
 2946
 2928
 2902
 2874
 2840
 2804
 2760
 2712
 2660
 2608
 2544
 2478
 2422
 2374
 2318
 2264
 2222
 2190
 2162
 2140
 2134
 2140
 2152
 2170
 2190
 2212
 2234
 2254
 2276
 2294
 2316
 2344
 2378
 2408
 2440
 2476
 2510
 2542
 2570
 2596
 2628
 2658
 2688
 2716
 2746
 2770
 2794
 2820
 2838
 2850
 2864
 2886
 2906
 2918
 2934
 2944
 2944
 2932
 2914
 2894
 2868
 2838
 2802
 2762
 2720
 2678
 2632
 2588
 2548
 2494
 2446
 2400
 2358
 2314
 2282
 2258
 2244
 2234
 2230
 2242
 2262
 2286
 2318
 2350
 2386
 2418
 2450
 2484
 2516
 2544
 2574
 2608
 2648
 2684
 2720
 2762
 2800
 2834
 2862
 2890
 2924
 2956
 2980
 3000
 3020
 3040
 3052
 3062
 3064
 3050
 3026
 3000
 2972
 2930
 2884
 2836
 2776
 2700
 2618
 2542
 2464
 2388
 2314
 2238
 2162
 2086
 2002
 1924
 1848
 1766
 1702
 1650
 1618
 1596
 1588
 1596
 1614
 1642
 1672
 1708
 1754
 1802
 1850
 1898
 1942
 1988
 2032
 2072
 2104
 2142
 2180
 2220
 2266
 2310
 2358
 2402
 2444
 2480
 2518
 2556
 2594
 2626
 2660
 2692
 2720
 2744
 2770
 2788
 2804
 2822
 2848
 2874
 2898
 2926
 2952
 2974
 2988
 2994
 3002
 3010
 3012
 3008
 2996
 2976
 2948
 2914
 2876
 2824
 2768
 2710
 2652
 2588
 2520
 2454
 2384
 2308
 2230
 2158
 2088
 2026
 1964
 1900
 1842
 1790
 1752
 1726
 1710
 1708
 1724
 1756
 1794
 1840
 1898
 1958
 2016
 2072
 2130
 2194
 2258
 2320
 2376
 2432
 2480
 2526
 2568
 2598
 2624
 2652
 2688
 2720
 2746
 2778
 2810
 2836
 2854
 2870
 2890
 2906
 2922
 2938
 2950
 2964
 2970
 2980
 2984
 2984
 2990
 2998
 3012
 3020
 3030
 3036
 3026
 3010
 2988
 2964
 2938
 2906
 2868
 2826
 2780
 2726
 2668
 2610
 2544
 2470
 2402
 2340
 2278
 2216
 2158
 2102
 2050
 2000
 1958
 1932
 1920
 1920
 1930
 1946
 1968
 1990
 2018
 2048
 2070
 2098
 2132
 2174
 2210
 2248
 2292
 2336
 2376
 2414
 2452
 2490
 2526
 2562
 2594
 2622
 2648
 2672
 2698
 2714
 2728
 2742
 2764
 2786
 2804
 2826
 2848
 2864
 2878
 2892
 2910
 2928
 2946
 2960
 2976
 2992
 3006
 3018
 3024
 3020
 3014
 3006
 3000
 2978
 2948
 2922
 2876
 2824
 2760
 2690
 2624
 2556
 2482
 2404
 2326
 2244
 2162
 2082
 1994
 1906
 1832
 1766
 1706
 1650
 1596
 1548
 1498
 1446
 1398
 1366
 1348
 1338
 1340
 1346
 1362
 1380
 1404
 1426
 1456
 1498
 1544
 1596
 1640
 1696
 1754
 1814
 1880
 1942
 2006
 2074
 2148
 2214
 2276
 2342
 2402
 2456
 2504
 2542
 2578
 2620
 2662
 2696
 2732
 2774
 2814
 2846
 2874
 2900
 2928
 2950
 2974
 2990
 3002
 3006
 3000
 2986
 2962
 2932
 2894
 2862
 2824
 2778
 2732
 2674
 2608
 2536
 2470
 2404
 2338
 2274
 2208
 2142
 2076
 2006
 1944
 1882
 1820
 1780
 1756
 1746
 1744
 1752
 1772
 1794
 1820
 1846
 1882
 1924
 1968
 2010
 2054
 2098
 2142
 2190
 2236
 2272
 2310
 2352
 2398
 2436
 2472
 2512
 2546
 2578
 2604
 2628
 2656
 2680
 2706
 2728
 2746
 2760
 2772
 2786
 2798
 2802
 2808
 2822
 2844
 2860
 2882
 2902
 2924
 2934
 2942
 2952
 2966
 2982
 2996
 3008
 3020
 3030
 3036
 3036
 3036
 3024
 2998
 2974
 2950
 2916
 2870
 2822
 2760
 2670
 2594
 2536
 2462
 2404
 2362
 2318
 2284
 2268
 2260
 2268
 2282
 2296
 2316
 2336
 2362
 2382
 2408
 2442
 2476
 2502
 2532
 2566
 2596
 2634
 2678
 2716
 2752
 2780
 2812
 2840
 2854
 2866
 2880
 2898
 2908
 2918
 2930
 2936
 2938
 2928
 2926
 2936
 2946
 2948
 2948
 2942
 2918
 2878
 2834
 2798
 2780
 2776
 2778
 2788
 2800
 2810
 2816
 2818
 2822
 2832
 2838
 2842
 2840
 2840
 2836
 2826
 2818
 2822
 2832
 2838
 2850
 2864
 2874
 2880
 2880
 2886
 2896
 2908
 2920
 2928
 2936
 2934
 2936
 2946
 2956
 2960
 2972
 2982
 2986
 2986
 2986
 2988
 2996
 3004
 2990
 2970
 2944
 2900
 2852
 2804
 2750
 2684
 2622
 2558
 2488
 2414
 2344
 2276
 2214
 2152
 2088
 2026
 1966
 1900
 1838
 1796
 1770
 1750
 1742
 1748
 1760
 1772
 1786
 1804
 1830
 1864
 1902
 1940
 1978
 2026
 2064
 2100
 2146
 2200
 2250
 2300
 2356
 2414
 2466
 2512
 2556
 2602
 2648
 2694
 2738
 2778
 2812
 2846
 2874
 2892
 2906
 2918
 2942
 2964
 2978
 2998
 3014
 3022
 3028
 3030
 3034
 3038
 3040
 3042
 3040
 3038
 3034
 3034
 3024
 2998
 2972
 2952
 2918
 2872
 2816
 2750
 2672
 2588
 2502
 2418
 2332
 2242
 2148
 2048
 1948
 1850
 1752
 1646
 1548
 1466
 1392
 1326
 1260
 1202
 1158
 1122
 1094
 1086
 1092
 1112
 1140
 1168
 1194
 1224
 1260
 1286
 1320
 1360
 1408
 1462
 1514
 1570
 1628
 1684
 1736
 1786
 1848
 1910
 1968
 2024
 2076
 2126
 2180
 2232
 2288
 2340
 2396
 2456
 2510
 2562
 2618
 2666
 2702
 2734
 2770
 2802
 2832
 2856
 2876
 2892
 2904
 2914
 2922
 2922
 2918
 2928
 2938
 2942
 2946
 2948
 2942
 2934
 2920
 2908
 2890
 2872
 2852
 2832
 2814
 2794
 2780
 2766
 2748
 2740
 2746
 2756
 2762
 2776
 2788
 2800
 2810
 2816
 2828
 2842
 2858
 2874
 2890
 2904
 2916
 2926
 2934
 2932
 2926
 2922
 2912
 2890
 2862
 2832
 2786
 2722
 2652
 2582
 2512
 2440
 2366
 2290
 2208
 2126
 2044
 1964
 1874
 1796
 1724
 1662
 1598
 1546
 1508
 1480
 1462
 1454
 1462
 1482
 1508
 1538
 1568
 1602
 1634
 1672
 1698
 1738
 1784
 1836
 1886
 1940
 1998
 2054
 2108
 2154
 2202
 2252
 2308
 2358
 2406
 2450
 2488
 2528
 2560
 2582
 2612
 2648
 2682
 2714
 2746
 2780
 2808
 2832
 2850
 2870
 2890
 2904
 2918
 2930
 2938
 2946
 2952
 2946
 2936
 2920
 2906
 2890
 2856
 2820
 2776
 2722
 2656
 2584
 2514
 2442
 2370
 2294
 2216
 2138
 2058
 1984
 1906
 1824
 1758
 1698
 1646
 1598
 1566
 1550
 1546
 1550
 1566
 1594
 1634
 1680
 1732
 1792
 1852
 1914
 1980
 2038
 2098
 2166
 2242
 2310
 2376
 2438
 2500
 2552
 2594
 2634
 2676
 2714
 2750
 2780
 2808
 2836
 2860
 2884
 2904
 2918
 2926
 2944
 2968
 2982
 2998
 3016
 3026
 3028
 3022
 3014
 2998
 2978
 2950
 2918
 2880
 2834
 2778
 2722
 2656
 2580
 2512
 2448
 2384
 2316
 2256
 2196
 2138
 2084
 2042
 2016
 2004
 2010
 2024
 2048
 2072
 2102
 2132
 2166
 2200
 2230
 2268
 2310
 2358
 2402
 2448
 2498
 2544
 2582
 2616
 2650
 2688
 2722
 2752
 2780
 2808
 2834
 2856
 2878
 2898
 2910
 2922
 2942
 2966
 2980
 3000
 3016
 3026
 3030
 3026
 3018
 3006
 2990
 2964
 2934
 2902
 2858
 2806
 2758
 2706
 2640
 2578
 2518
 2456
 2386
 2320
 2258
 2194
 2128
 2064
 2008
 1964
 1930
 1906
 1890
 1888
 1894
 1906
 1928
 1946
 1974
 2010
 2056
 2106
 2154
 2210
 2274
 2334
 2388
 2436
 2484
 2536
 2584
 2626
 2664
 2700
 2730
 2760
 2786
 2802
 2824
 2854
 2886
 2910
 2936
 2964
 2982
 2996
 3004
 3014
 3026
 3026
 3024
 3016
 3004
 2986
 2958
 2926
 2886
 2840
 2792
 2744
 2688
 2626
 2566
 2500
 2428
 2352
 2280
 2212
 2148
 2086
 2022
 1958
 1902
 1852
 1816
 1796
 1780
 1784
 1802
 1834
 1872
 1918
 1972
 2032
 2092
 2142
 2198
 2258
 2318
 2378
 2434
 2484
 2532
 2570
 2610
 2640
 2666
 2694
 2728
 2762
 2794
 2826
 2862
 2890
 2902
 2914
 2926
 2940
 2954
 2964
 2972
 2978
 2982
 2982
 2976
 2962
 2938
 2912
 2884
 2854
 2812
 2770
 2720
 2656
 2588
 2516
 2446
 2374
 2304
 2234
 2160
 2084
 2008
 1930
 1862
 1788
 1730
 1688
 1664
 1652
 1654
 1672
 1700
 1738
 1782
 1830
 1890
 1954
 2014
 2080
 2144
 2202
 2256
 2310
 2354
 2390
 2430
 2470
 2514
 2552
 2594
 2636
 2670
 2698
 2722
 2748
 2772
 2794
 2812
 2830
 2846
 2860
 2874
 2884
 2888
 2894
 2904
 2924
 2938
 2952
 2968
 2980
 2986
 2986
 2978
 2966
 2954
 2936
 2912
 2882
 2848
 2808
 2768
 2716
 2660
 2606
 2554
 2502
 2438
 2378
 2316
 2254
 2188
 2128
 2078
 2036
 2006
 1982
 1970
 1966
 1968
 1976
 1988
 2002
 2022
 2050
 2086
 2114
 2150
 2188
 2222
 2254
 2280
 2308
 2338
 2370
 2398
 2426
 2450
 2470
 2490
 2512
 2528
 2540
 2562
 2588
 2616
 2640
 2670
 2700
 2726
 2750
 2772
 2794
 2820
 2846
 2868
 2890
 2912
 2926
 2934
 2948
 2954
 2950
 2938
 2922
 2902
 2872
 2844
 2808
 2760
 2708
 2650
 2588
 2526
 2458
 2388
 2316
 2244
 2172
 2096
 2026
 1954
 1878
 1814
 1756
 1708
 1654
 1608
 1572
 1544
 1524
 1512
 1514
 1528
 1554
 1580
 1612
 1648
 1694
 1748
 1802
 1850
 1908
 1968
 2034
 2098
 2158
 2220
 2282
 2338
 2382
 2428
 2474
 2520
 2560
 2594
 2628
 2656
 2682
 2706
 2724
 2736
 2754
 2782
 2808
 2832
 2862
 2888
 2908
 2922
 2934
 2944
 2956
 2964
 2970
 2974
 2974
 2968
 2954
 2932
 2900
 2862
 2830
 2798
 2756
 2714
 2666
 2610
 2546
 2478
 2412
 2350
 2288
 2226
 2160
 2092
 2024
 1960
 1900
 1830
 1772
 1728
 1696
 1674
 1660
 1662
 1670
 1686
 1704
 1730
 1768
 1810
 1856
 1904
 1956
 2006
 2060
 2120
 2172
 2234
 2300
 2372
 2442
 2508
 2576
 2638
 2688
 2730
 2766
 2802
 2834
 2862
 2884
 2902
 2914
 2926
 2938
 2944
 2944
 2946
 2956
 2970
 2974
 2980
 2982
 2974
 2956
 2934
 2908
 2880
 2850
 2810
 2766
 2716
 2662
 2598
 2536
 2464
 2386
 2318
 2254
 2194
 2130
 2076
 2026
 1984
 1952
 1930
 1928
 1936
 1956
 1982
 2012
 2048
 2090
 2140
 2182
 2228
 2280
 2340
 2400
 2456
 2516
 2572
 2624
 2664
 2702
 2738
 2774
 2808
 2834
 2854
 2876
 2890
 2900
 2914
 2916
 2918
 2926
 2940
 2950
 2960
 2972
 2974
 2972
 2964
 2952
 2940
 2920
 2894
 2866
 2832
 2796
 2754
 2712
 2670
 2618
 2564
 2516
 2474
 2428
 2382
 2344
 2304
 2260
 2216
 2184
 2162
 2152
 2150
 2154
 2168
 2186
 2208
 2238
 2264
 2294
 2334
 2378
 2426
 2472
 2520
 2568
 2614
 2654
 2686
 2720
 2754
 2784
 2808
 2830
 2854
 2870
 2886
 2900
 2908
 2912
 2920
 2932
 2942
 2948
 2962
 2974
 2978
 2976
 2972
 2966
 2960
 2946
 2926
 2902
 2872
 2838
 2800
 2758
 2716
 2658
 2606
 2556
 2508
 2448
 2390
 2332
 2270
 2204
 2140
 2078
 2024
 1980
 1942
 1910
 1892
 1880
 1876
 1876
 1882
 1900
 1930
 1974
 2022
 2068
 2112
 2162
 2212
 2254
 2294
 2342
 2394
 2440
 2478
 2516
 2546
 2572
 2598
 2616
 2628
 2644
 2662
 2684
 2702
 2726
 2752
 2780
 2816
 2852
 2888
 2916
 2938
 2950
 2954
 2950
 2930
 2906
 2870
 2822
 2774
 2728
 2674
 2610
 2544
 2482
 2414
 2344
 2270
 2198
 2130
 2068
 2014
 1968
 1930
 1898
 1878
 1854
 1828
 1816
 1810
 1798
 1778
 1748
 1716
 1680
 1644
 1602
 1556
 1494
 1406
 1296
 1150
 988
 816
 628
 452
 274
 94
 0
 0
 0
 0
 0
 0
 0
 0
 0
 0
 0
 0
 0
 0
 0
 0
 0
 0
 0
 0
 0
 0
 0
 0
 0
 0
 0
 0
 98
 210
 320
 412
 506
 602
 706
 802
 882
 942
 1000
 1074
 1156
 1240
 1324
 1398
 1468
 1524
 1566
 1620
 1682
 1734
 1786
 1846
 1916
 1982
 2036
 2088
 2142
 2188
 2224
 2272
 2320
 2356
 2378
 2396
 2412
 2420
 2428
 2438
 2456
 2468
 2476
 2486
 2502
 2518
 2536
 2548
 2564
 2584
 2598
 2602
 2610
 2618
 2630
 2638
 2628
 2622
 2626
 2626
 2624
 2626
 2630
 2638
 2646
 2652
 2656
 2662
 2664
 2658
 2654
 2652
 2656
 2656
 2664
 2672
 2678
 2682
 2684
 2690
 2696
 2696
 2698
 2702
 2704
 2704
 2702
 2702
 2710
 2720
 2722
 2732
 2742
 2750
 2750
 2750
 2750
 2754
 2756
 2758
 2760
 2760
 2764
 2764
 2756
 2754
 2764
 2772
 2776
 2786
 2794
 2796
 2796
 2794
 2794
 2794
 2790
 2788
 2784
 2782
 2780
 2778
 2778
 2774
 2766
 2764
 2776
 2784
 2788
 2800
 2810
 2814
 2816
 2816
 2814
 2818
 2820
 2820
 2820
 2820
 2818
 2818
 2818
 2818
 2814
 2806
 2806
 2816
 2828
 2830
 2840
 2846
 2846
 2842
 2838
 2834
 2836
 2838
 2838
 2838
 2836
 2838
 2836
 2834
 2832
 2830
 2822
 2820
 2830
 2842
 2844
 2854
 2866
 2870
 2872
 2868
 2870
 2872
 2876
 2878
 2878
 2880
 2878
 2876
 2874
 2872
 2874
 2868
 2862
 2866
 2880
 2880
 2882
 2890
 2896
 2896
 2892
 2884
 2886
 2886
 2886
 2884
 2882
 2882
 2880
 2874
 2870
 2868
 2858
 2850
 2852
 2868
 2872
 2876
 2888
 2894
 2886
 2878
 2868
 2866
 2866
 2864
 2860
 2860
 2856
 2850
 2846
 2842
 2834
 2824
 2816
 2824
 2834
 2836
 2840
 2846
 2848
 2848
 2840
 2834
 2834
 2834
 2832
 2832
 2828
 2826
 2824
 2816
 2816
 2808
 2794
 2790
 2796
 2806
 2808
 2812
 2820
 2820
 2816
 2810
 2806
 2806
 2806
 2806
 2804
 2802
 2802
 2798
 2794
 2790
 2782
 2772
 2768
 2780
 2786
 2788
 2798
 2804
 2808
 2806
 2800
 2800
 2802
 2808
 2814
 2822
 2826
 2828
 2830
 2828
 2830
 2826
 2818
 2818
 2828
 2840
 2842
 2852
 2862
 2866
 2866
 2864
 2862
 2864
 2864
 2864
 2864
 2862
 2862
 2860
 2854
 2854
 2850
 2840
 2838
 2844
 2858
 2858
 2868
 2876
 2880
 2882
 2876
 2872
 2874
 2872
 2868
 2864
 2866
 2864
 2864
 2862
 2860
 2860
 2850
 2844
 2852
 2864
 2868
 2874
 2884
 2890
 2890
 2884
 2872
 2868
 2866
 2864
 2862
 2860
 2858
 2858
 2852
 2850
 2846
 2836
 2834
 2840
 2850
 2854
 2860
 2868
 2874
 2872
 2868
 2864
 2864
 2862
 2862
 2860
 2860
 2858
 2856
 2850
 2848
 2846
 2836
 2832
 2836
 2850
 2852
 2858
 2870
 2874
 2874
 2870
 2864
 2864
 2866
 2866
 2868
 2866
 2866
 2864
 2860
 2854
 2856
 2848
 2840
 2842
 2854
 2860
 2864
 2874
 2880
 2882
 2880
 2874
 2870
 2870
 2870
 2868
 2868
 2866
 2864
 2860
 2854
 2854
 2852
 2842
 2838
 2844
 2854
 2856
 2860
 2868
 2874
 2872
 2866
 2864
 2866
 2866
 2868
 2876
 2880
 2884
 2882
 2880
 2876
 2872
 2870
 2860
 2856
 2856
 2862
 2856
 2860
 2878
 2898
 2918
 2936
 2948
 2966
 2984
 3002
 3018
 3030
 3038
 3042
 3036
 3034
 3034
 3028
 3028
 3034
 3048
 3058
 3066
 3078
 3082
 3084
 3080
 3078
 3080
 3086
 3092
 3096
 3096
 3096
 3086
 3076
 3060
 3030
 2980
 2930
 2874
 2800
 2712
 2620
 2524
 2418
 2308
 2194
 2084
 1976
 1872
 1764
 1650
 1540
 1432
 1328
 1230
 1136
 1052
 992
 946
 920
 908
 912
 932
 960
 1002
 1048
 1108
 1176
 1254
 1330
 1410
 1496
 1586
 1678
 1758
 1846
 1938
 2038
 2132
 2224
 2316
 2408
 2488
 2550
 2608
 2664
 2718
 2770
 2816
 2854
 2884
 2914
 2938
 2952
 2960
 2972
 2994
 3008
 3018
 3034
 3046
 3052
 3056
 3058
 3060
 3064
 3066
 3060
 3058
 3052
 3046
 3044
 3040
 3032
 3026
 3028
 3030
 3016
 3002
 2978
 2944
 2898
 2840
 2774
 2692
 2602
 2510
 2410
 2308
 2210
 2110
 2010
 1912
 1810
 1714
 1636
 1566
 1498
 1442
 1404
 1376
 1356
 1342
 1344
 1356
 1378
 1402
 1428
 1454
 1486
 1518
 1550
 1574
 1602
 1640
 1678
 1720
 1756
 1798
 1842
 1886
 1926
 1962
 2004
 2054
 2108
 2156
 2202
 2246
 2292
 2332
 2374
 2412
 2444
 2480
 2522
 2570
 2612
 2654
 2698
 2738
 2768
 2792
 2814
 2838
 2858
 2878
 2894
 2908
 2920
 2928
 2936
 2944
 2954
 2954
 2956
 2964
 2982
 2998
 3008
 3022
 3032
 3036
 3032
 3020
 3010
 2996
 2976
 2950
 2916
 2876
 2822
 2756
 2686
 2614
 2534
 2446
 2366
 2290
 2214
 2132
 2056
 1980
 1902
 1822
 1750
 1692
 1648
 1618
 1596
 1584
 1586
 1594
 1604
 1624
 1646
 1666
 1702
 1748
 1800
 1852
 1910
 1972
 2034
 2100
 2156
 2210
 2268
 2322
 2374
 2420
 2464
 2504
 2534
 2564
 2592
 2608
 2634
 2662
 2700
 2726
 2756
 2784
 2808
 2826
 2840
 2852
 2866
 2882
 2890
 2898
 2904
 2910
 2914
 2914
 2918
 2920
 2916
 2920
 2928
 2942
 2946
 2954
 2958
 2952
 2942
 2926
 2910
 2890
 2862
 2830
 2788
 2738
 2682
 2618
 2552
 2484
 2406
 2326
 2254
 2186
 2116
 2044
 1980
 1920
 1862
 1810
 1768
 1742
 1726
 1724
 1726
 1736
 1750
 1766
 1788
 1810
 1830
 1864
 1902
 1946
 1986
 2034
 2086
 2134
 2180
 2220
 2260
 2304
 2356
 2404
 2448
 2486
 2520
 2550
 2578
 2604
 2622
 2638
 2664
 2698
 2724
 2748
 2778
 2804
 2824
 2838
 2852
 2864
 2882
 2898
 2910
 2920
 2928
 2930
 2932
 2936
 2936
 2930
 2916
 2908
 2902
 2888
 2876
 2864
 2846
 2824
 2794
 2768
 2746
 2724
 2706
 2690
 2674
 2664
 2656
 2650
 2650
 2650
 2648
 2656
 2668
 2686
 2698
 2718
 2738
 2754
 2768
 2776
 2790
 2806
 2822
 2838
 2852
 2864
 2876
 2884
 2892
 2904
 2914
 2916
 2916
 2920
 2936
 2946
 2960
 2974
 2980
 2976
 2964
 2948
 2934
 2912
 2886
 2856
 2814
 2768
 2712
 2648
 2578
 2506
 2418
 2332
 2254
 2184
 2102
 2026
 1948
 1868
 1782
 1698
 1622
 1564
 1520
 1486
 1462
 1448
 1446
 1450
 1462
 1478
 1496
 1530
 1572
 1622
 1678
 1740
 1812
 1882
 1950
 2014
 2080
 2158
 2236
 2312
 2382
 2448
 2512
 2566
 2618
 2662
 2694
 2728
 2768
 2808
 2838
 2870
 2902
 2928
 2948
 2958
 2968
 2978
 2990
 2996
 3000
 3004
 3006
 3004
 3002
 2996
 2982
 2962
 2948
 2936
 2912
 2884
 2856
 2816
 2770
 2716
 2662
 2610
 2554
 2494
 2428
 2358
 2290
 2220
 2154
 2090
 2020
 1962
 1920
 1894
 1876
 1870
 1884
 1902
 1926
 1952
 1986
 2026
 2072
 2122
 2168
 2218
 2268
 2312
 2356
 2402
 2438
 2476
 2516
 2564
 2608
 2648
 2694
 2734
 2766
 2794
 2816
 2840
 2862
 2884
 2902
 2916
 2926
 2936
 2942
 2946
 2956
 2960
 2960
 2964
 2976
 2986
 2984
 2982
 2976
 2956
 2928
 2888
 2848
 2802
 2752
 2696
 2630
 2556
 2482
 2404
 2324
 2244
 2168
 2086
 2004
 1932
 1868
 1802
 1736
 1672
 1610
 1542
 1478
 1420
 1378
 1348
 1332
 1324
 1324
 1334
 1348
 1366
 1390
 1426
 1462
 1510
 1570
 1638
 1706
 1772
 1842
 1914
 1984
 2044
 2098
 2154
 2210
 2266
 2316
 2360
 2404
 2448
 2486
 2518
 2548
 2582
 2606
 2634
 2670
 2714
 2750
 2790
 2832
 2866
 2894
 2916
 2930
 2948
 2962
 2970
 2966
 2952
 2928
 2902
 2872
 2836
 2798
 2762
 2710
 2658
 2606
 2558
 2504
 2446
 2392
 2332
 2270
 2198
 2132
 2068
 2008
 1950
 1890
 1828
 1772
 1722
 1680
 1650
 1638
 1632
 1630
 1644
 1666
 1700
 1732
 1776
 1828
 1880
 1932
 1982
 2038
 2098
 2162
 2228
 2292
 2352
 2410
 2466
 2516
 2566
 2612
 2654
 2694
 2736
 2786
 2826
 2864
 2904
 2936
 2958
 2972
 2984
 2994
 3000
 2998
 2988
 2966
 2934
 2894
 2842
 2784
 2722
 2640
 2558
 2486
 2418
 2338
 2258
 2184
 2104
 2024
 1946
 1878
 1818
 1768
 1716
 1662
 1612
 1566
 1532
 1504
 1492
 1478
 1478
 1492
 1514
 1546
 1580
 1620
 1664
 1712
 1758
 1802
 1856
 1914
 1978
 2044
 2102
 2158
 2212
 2256
 2306
 2344
 2380
 2420
 2466
 2512
 2552
 2596
 2640
 2682
 2718
 2748
 2778
 2810
 2838
 2868
 2894
 2916
 2934
 2952
 2964
 2976
 2988
 2986
 2980
 2974
 2964
 2944
 2922
 2896
 2860
 2810
 2754
 2694
 2632
 2568
 2508
 2440
 2370
 2294
 2212
 2130
 2052
 1982
 1900
 1830
 1774
 1726
 1690
 1662
 1652
 1654
 1664
 1676
 1700
 1732
 1774
 1820
 1864
 1906
 1948
 1992
 2032
 2076
 2118
 2158
 2202
 2250
 2302
 2346
 2396
 2444
 2488
 2528
 2560
 2594
 2628
 2664
 2696
 2726
 2754
 2780
 2804
 2826
 2848
 2870
 2886
 2902
 2924
 2954
 2976
 2994
 3016
 3032
 3036
 3028
 3018
 3004
 2988
 2968
 2938
 2900
 2856
 2804
 2748
 2686
 2618
 2548
 2468
 2388
 2318
 2248
 2174
 2102
 2038
 1974
 1908
 1846
 1794
 1760
 1744
 1740
 1746
 1760
 1784
 1808
 1836
 1870
 1906
 1938
 1980
 2030
 2086
 2144
 2198
 2262
 2322
 2380
 2430
 2478
 2530
 2584
 2634
 2676
 2714
 2754
 2784
 2814
 2840
 2868
 2888
 2908
 2928
 2960
 2986
 3008
 3030
 3050
 3064
 3072
 3070
 3070
 3064
 3054
 3034
 3008
 2974
 2934
 2888
 2838
 2784
 2718
 2644
 2576
 2510
 2440
 2366
 2294
 2220
 2142
 2066
 1992
 1930
 1876
 1838
 1808
 1788
 1784
 1786
 1798
 1820
 1848
 1874
 1912
 1962
 2024
 2088
 2154
 2224
 2292
 2354
 2404
 2452
 2502
 2552
 2598
 2640
 2680
 2712
 2744
 2772
 2800
 2820
 2834
 2854
 2880
 2910
 2930
 2954
 2974
 2990
 3002
 3006
 3014
 3020
 3028
 3034
 3036
 3034
 3026
 3012
 2988
 2962
 2930
 2886
 2840
 2794
 2750
 2696
 2642
 2592
 2532
 2466
 2396
 2330
 2264
 2204
 2150
 2098
 2060
 2030
 2010
 2000
 2006
 2016
 2026
 2054
 2084
 2122
 2158
 2200
 2242
 2286
 2326
 2360
 2398
 2438
 2480
 2516
 2550
 2584
 2614
 2642
 2666
 2692
 2716
 2736
 2760
 2794
 2830
 2862
 2898
 2936
 2968
 2988
 2998
 3008
 3022
 3036
 3048
 3050
 3046
 3034
 3012
 2984
 2950
 2910
 2854
 2800
 2746
 2694
 2632
 2568
 2504
 2434
 2360
 2280
 2210
 2142
 2076
 2012
 1944
 1874
 1810
 1752
 1708
 1680
 1658
 1654
 1668
 1700
 1742
 1790
 1854
 1922
 1992
 2058
 2118
 2186
 2254
 2322
 2386
 2446
 2506
 2562
 2610
 2658
 2696
 2726
 2764
 2810
 2848
 2880
 2916
 2944
 2966
 2982
 2992
 3004
 3016
 3028
 3034
 3040
 3044
 3046
 3046
 3046
 3034
 3018
 3000
 2984
 2958
 2924
 2892
 2850
 2798
 2738
 2670
 2604
 2538
 2468
 2394
 2318
 2242
 2160
 2082
 2008
 1924
 1854
 1798
 1754
 1718
 1690
 1680
 1680
 1688
 1700
 1724
 1758
 1796
 1840
 1888
 1936
 1988
 2040
 2094
 2140
 2190
 2244
 2308
 2378
 2440
 2502
 2564
 2620
 2666
 2706
 2746
 2784
 2820
 2852
 2878
 2902
 2924
 2940
 2954
 2962
 2968
 2980
 3000
 3018
 3030
 3042
 3048
 3038
 3014
 2986
 2956
 2924
 2888
 2846
 2798
 2746
 2684
 2618
 2552
 2474
 2396
 2328
 2264
 2194
 2126
 2064
 2004
 1952
 1910
 1880
 1870
 1874
 1892
 1918
 1952
 1992
 2034
 2082
 2132
 2178
 2232
 2288
 2356
 2422
 2482
 2546
 2602
 2654
 2692
 2732
 2768
 2804
 2838
 2864
 2886
 2906
 2920
 2934
 2946
 2952
 2956
 2966
 2982
 2992
 3000
 3014
 3026
 3036
 3038
 3038
 3044
 3048
 3050
 3050
 3048
 3042
 3030
 3012
 2990
 2968
 2936
 2896
 2862
 2834
 2804
 2766
 2734
 2702
 2664
 2618
 2572
 2530
 2492
 2452
 2410
 2364
 2316
 2268
 2216
 2162
 2116
 2072
 2042
 2026
 2022
 2030
 2054
 2096
 2138
 2184
 2228
 2262
 2298
 2360
 2412
 2442
 2470
 2504
 2534
 2548
 2554
 2534
 2564
 2652
 2734
 2836
 2928
 3014
 3100
 3166
 3214
 3242
 3266
 3288
 3312
 3326
 3336
 3350
 3358
 3374
 3386
 3390
 3394
 3398
 3396
 3384
 3372
 3362
 3344
 3326
 3312
 3304
 3302
 3298
 3300
 3300
 3298
 3300
 3294
 3288
 3284
 3290
 3296
 3294
 3298
 3300
 3304
 3304
 3296
 3296
 3296
 3298
 3292
 3286
 3284
 3270
 3264
 3264
 3270
 3278
 3290
 3308
 3316
 3322
 3320
 3316
 3308
 3294
 3272
 3256
 3236
 3206
 3160
 3080
 2972
 2868
 2788
 2714
 2636
 2566
 2502
 2442
 2390
 2360
 2350
 2336
 2312
 2296
 2264
 2242
 2232
 2230
 2242
 2268
 2304
 2332
 2356
 2372
 2386
 2406
 2434
 2462
 2498
 2534
 2566
 2600
 2648
 2696
 2750
 2802
 2846
 2892
 2938
 2966
 2966
 2966
 2974
 2992
 3008
 3028
 3052
 3078
 3094
 3112
 3140
 3174
 3200
 3224
 3252
 3284
 3312
 3338
 3374
 3408
 3442
 3482
 3526
 3574
 3614
 3646
 3684
 3728
 3756
 3780
 3800
 3814
 3814
 3808
 3798
 3796
 3796
 3804
 3818
 3842
 3868
 3892
 3924
 3964
 3996
 4024
 4050
 4074
 4074
 4064
 4038
 3996
 3942
 3872
 3778
 3670
 3540
 3372
 3216
 3092
 2980
 2868
 2768
 2660
 2546
 2434
 2314
 2190
 2066
 1950
 1848
 1760
 1688
 1628
 1568
 1518
 1484
 1464
 1462
 1480
 1498
 1510
 1508
 1522
 1554
 1598
 1638
 1664
 1678
 1680
 1664
 1650
 1648
 1658
 1670
 1678
 1672
 1646
 1586
 1506
 1410
 1298
 1172
 1028
 878
 714
 530
 358
 206
 58
 0
 0
 0
 0
 0
 0
 0
 0
 0
 0
 0
 0
 0
 0
 0
 0
 90
 252
 412
 572
 722
 874
 1038
 1210
 1366
 1504
 1652
 1802
 1938
 2066
 2188
 2296
 2406
 2504
 2586
 2664
 2738
 2812
 2882
 2960
 3032
 3100
 3160
 3212
 3258
 3302
 3356
 3402
 3442
 3478
 3502
 3506
 3490
 3460
 3408
 3372
 3338
 3300
 3270
 3240
 3206
 3188
 3192
 3190
 3188
 3186
 3176
 3166
 3154
 3142
 3128
 3116
 3106
 3092
 3076
 3056
 3038
 3028
 3026
 3026
 3030
 3036
 3042
 3042
 3032
 3006
 2962
 2888
 2808
 2714
 2616
 2510
 2416
 2332
 2266
 2238
 2228
 2228
 2240
 2260
 2284
 2308
 2328
 2356
 2382
 2396
 2406
 2422
 2454
 2484
 2506
 2536
 2584
 2630
 2668
 2708
 2748
 2778
 2802
 2828
 2850
 2870
 2886
 2898
 2906
 2916
 2928
 2930
 2932
 2938
 2948
 2952
 2958
 2966
 2968
 2966
 2968
 2980
 2998
 3014
 3026
 3034
 3042
 3050
 3054
 3052
 3048
 3052
 3062
 3064
 3066
 3072
 3080
 3080
 3078
 3076
 3078
 3082
 3080
 3080
 3078
 3074
 3074
 3066
 3058
 3056
 3062
 3066
 3064
 3064
 3064
 3060
 3058
 3056
 3054
 3054
 3054
 3050
 3048
 3044
 3040
 3036
 3026
 3020
 3020
 3024
 3024
 3028
 3036
 3036
 3034
 3034
 3034
 3034
 3032
 3030
 3030
 3028
 3024
 3016
 3004
 2994
 2990
 2994
 2994
 2996
 3000
 3002
 3002
 3000
 2998
 2998
 2998
 2996
 2994
 2992
 2990
 2988
 2978
 2970
 2968
 2972
 2972
 2970
 2968
 2968
 2964
 2962
 2960
 2956
 2956
 2952
 2950
 2950
 2948
 2942
 2934
 2928
 2924
 2928
 2928
 2930
 2934
 2936
 2936
 2934
 2934
 2934
 2932
 2930
 2930
 2928
 2924
 2920
 2906
 2894
 2892
 2896
 2896
 2896
 2898
 2900
 2900
 2898
 2896
 2896
 2896
 2894
 2894
 2890
 2886
 2886
 2876
 2870
 2868
 2872
 2872
 2874
 2876
 2872
 2868
 2864
 2860
 2860
 2858
 2860
 2860
 2856
 2854
 2854
 2848
 2844
 2842
 2850
 2852
 2856
 2860
 2864
 2864
 2864
 2864
 2866
 2864
 2866
 2868
 2870
 2868
 2868
 2862
 2856
 2856
 2862
 2866
 2868
 2874
 2876
 2880
 2878
 2878
 2880
 2880
 2880
 2882
 2880
 2876
 2872
 2868
 2858
 2856
 2858
 2866
 2866
 2870
 2876
 2880
 2882
 2880
 2880
 2878
 2874
 2870
 2868
 2866
 2860
 2856
 2850
 2842
 2836
 2840
 2848
 2850
 2854
 2860
 2862
 2864
 2864
 2864
 2864
 2866
 2868
 2868
 2868
 2866
 2864
 2864
 2856
 2854
 2858
 2866
 2870
 2876
 2882
 2886
 2882
 2876
 2872
 2870
 2870
 2866
 2864
 2862
 2860
 2858
 2852
 2844
 2840
 2844
 2850
 2854
 2860
 2868
 2872
 2872
 2872
 2872
 2874
 2874
 2876
 2876
 2878
 2876
 2874
 2870
 2866
 2862
 2862
 2872
 2876
 2878
 2882
 2886
 2886
 2884
 2880
 2874
 2870
 2866
 2864
 2862
 2858
 2854
 2852
 2844
 2836
 2836
 2846
 2850
 2854
 2862
 2866
 2870
 2870
 2868
 2868
 2872
 2872
 2872
 2870
 2872
 2870
 2870
 2864
 2856
 2856
 2864
 2872
 2874
 2880
 2882
 2878
 2872
 2868
 2864
 2862
 2858
 2856
 2854
 2852
 2850
 2848
 2846
 2840
 2834
 2836
 2844
 2848
 2852
 2858
 2862
 2866
 2864
 2862
 2862
 2864
 2866
 2868
 2868
 2868
 2866
 2868
 2862
 2856
 2856
 2864
 2872
 2874
 2880
 2886
 2888
 2880
 2872
 2872
 2868
 2862
 2848
 2830
 2810
 2788
 2760
 2726
 2676
 2628
 2582
 2536
 2478
 2416
 2352
 2280
 2196
 2102
 2006
 1916
 1822
 1726
 1636
 1552
 1482
 1432
 1372
 1326
 1306
 1310
 1320
 1332
 1372
 1418
 1450
 1482
 1522
 1572
 1622
 1668
 1710
 1732
 1756
 1784
 1814
 1852
 1908
 1982
 2058
 2130
 2210
 2294
 2378
 2450
 2508
 2558
 2606
 2652
 2686
 2710
 2732
 2760
 2786
 2808
 2828
 2848
 2884
 2926
 2958
 2972
 2964
 2942
 2928
 2920
 2912
 2904
 2904
 2908
 2916
 2924
 2936
 2958
 2976
 2992
 3014
 3036
 3052
 3058
 3070
 3082
 3092
 3102
 3106
 3106
 3104
 3100
 3086
 3066
 3046
 3036
 3032
 3030
 3028
 3024
 3026
 3032
 3038
 3040
 3046
 3050
 3046
 3042
 3042
 3044
 3034
 3024
 3016
 3006
 2994
 2984
 2978
 2974
 2968
 2964
 2962
 2954
 2946
 2944
 2946
 2944
 2946
 2946
 2944
 2938
 2934
 2930
 2928
 2926
 2922
 2920
 2914
 2906
 2902
 2906
 2908
 2908
 2912
 2914
 2916
 2914
 2912
 2912
 2910
 2908
 2904
 2904
 2896
 2884
 2878
 2880
 2882
 2882
 2886
 2890
 2890
 2884
 2876
 2864
 2842
 2812
 2770
 2720
 2668
 2608
 2538
 2472
 2408
 2338
 2260
 2184
 2106
 2026
 1946
 1872
 1806
 1748
 1696
 1654
 1616
 1592
 1572
 1564
 1564
 1572
 1584
 1596
 1614
 1646
 1686
 1734
 1790
 1860
 1940
 2024
 2106
 2192
 2274
 2342
 2406
 2462
 2518
 2568
 2616
 2662
 2700
 2732
 2756
 2780
 2802
 2822
 2836
 2852
 2864
 2874
 2880
 2880
 2876
 2874
 2878
 2880
 2884
 2888
 2892
 2892
 2892
 2894
 2896
 2898
 2898
 2896
 2896
 2894
 2888
 2884
 2876
 2870
 2868
 2868
 2858
 2846
 2828
 2800
 2760
 2714
 2666
 2618
 2568
 2512
 2454
 2394
 2328
 2260
 2192
 2120
 2046
 1980
 1920
 1864
 1812
 1766
 1728
 1696
 1672
 1654
 1650
 1654
 1666
 1682
 1702
 1722
 1746
 1770
 1804
 1854
 1912
 1974
 2036
 2100
 2170
 2240
 2302
 2362
 2426
 2484
 2532
 2576
 2614
 2648
 2676
 2700
 2718
 2732
 2754
 2774
 2788
 2806
 2820
 2834
 2840
 2846
 2852
 2860
 2866
 2868
 2872
 2870
 2872
 2872
 2866
 2860
 2860
 2864
 2862
 2862
 2866
 2868
 2870
 2868
 2866
 2870
 2868
 2868
 2868
 2870
 2866
 2866
 2862
 2856
 2848
 2846
 2852
 2856
 2858
 2866
 2870
 2870
 2870
 2866
 2864
 2864
 2862
 2862
 2862
 2862
 2858
 2858
 2854
 2846
 2844
 2848
 2852
 2854
 2862
 2868
 2874
 2878
 2878
 2880
 2880
 2870
 2850
 2824
 2790
 2746
 2694
 2634
 2558
 2486
 2416
 2346
 2270
 2196
 2120
 2046
 1972
 1902
 1842
 1790
 1748
 1710
 1678
 1658
 1650
 1646
 1646
 1658
 1676
 1702
 1730
 1766
 1808
 1854
 1900
 1944
 1996
 2046
 2098
 2152
 2198
 2248
 2296
 2338
 2382
 2428
 2478
 2524
 2566
 2608
 2646
 2678
 2704
 2726
 2752
 2774
 2792
 2810
 2822
 2836
 2846
 2850
 2852
 2858
 2868
 2874
 2880
 2886
 2890
 2886
 2880
 2880
 2880
 2882
 2882
 2882
 2882
 2884
 2882
 2880
 2874
 2866
 2862
 2862
 2864
 2862
 2866
 2866
 2864
 2862
 2856
 2844
 2824
 2804
 2768
 2724
 2678
 2626
 2568
 2514
 2456
 2380
 2316
 2250
 2188
 2126
 2068
 2014
 1964
 1916
 1886
 1870
 1868
 1876
 1900
 1922
 1946
 1970
 1998
 2030
 2052
 2076
 2106
 2142
 2174
 2208
 2246
 2284
 2322
 2358
 2394
 2436
 2478
 2516
 2552
 2590
 2626
 2656
 2686
 2710
 2728
 2742
 2760
 2786
 2804
 2820
 2838
 2852
 2860
 2866
 2874
 2882
 2888
 2890
 2882
 2870
 2846
 2814
 2780
 2734
 2678
 2614
 2550
 2488
 2420
 2346
 2268
 2192
 2116
 2038
 1964
 1894
 1830
 1772
 1718
 1672
 1636
 1610
 1594
 1590
 1586
 1588
 1604
 1626
 1652
 1680
 1716
 1752
 1794
 1838
 1878
 1928
 1978
 2028
 2076
 2126
 2176
 2226
 2278
 2330
 2374
 2416
 2462
 2512
 2560
 2602
 2644
 2686
 2720
 2748
 2778
 2810
 2838
 2862
 2880
 2894
 2904
 2914
 2918
 2918
 2914
 2908
 2910
 2918
 2920
 2918
 2916
 2906
 2886
 2858
 2824
 2784
 2738
 2686
 2628
 2562
 2492
 2420
 2346
 2270
 2182
 2102
 2034
 1966
 1898
 1836
 1786
 1744
 1712
 1688
 1678
 1682
 1692
 1708
 1726
 1748
 1774
 1802
 1836
 1870
 1906
 1950
 2002
 2060
 2112
 2166
 2216
 2262
 2304
 2348
 2392
 2434
 2474
 2512
 2546
 2578
 2608
 2634
 2662
 2682
 2700
 2722
 2750
 2776
 2798
 2824
 2846
 2864
 2876
 2886
 2898
 2910
 2918
 2922
 2922
 2920
 2920
 2916
 2912
 2898
 2878
 2856
 2834
 2806
 2764
 2720
 2666
 2602
 2534
 2468
 2402
 2338
 2272
 2198
 2120
 2046
 1972
 1902
 1834
 1760
 1692
 1642
 1604
 1580
 1564
 1564
 1570
 1582
 1596
 1614
 1640
 1670
 1704
 1738
 1776
 1812
 1850
 1886
 1920
 1954
 1994
 2038
 2086
 2136
 2190
 2242
 2292
 2336
 2380
 2424
 2470
 2514
 2552
 2592
 2628
 2660
 2692
 2726
 2750
 2766
 2782
 2802
 2828
 2846
 2864
 2882
 2896
 2906
 2912
 2916
 2920
 2926
 2930
 2928
 2922
 2914
 2898
 2880
 2856
 2822
 2782
 2744
 2704
 2656
 2606
 2556
 2502
 2444
 2384
 2330
 2280
 2234
 2188
 2146
 2112
 2086
 2068
 2056
 2054
 2050
 2054
 2070
 2094
 2116
 2146
 2182
 2220
 2258
 2294
 2330
 2370
 2414
 2452
 2490
 2526
 2560
 2594
 2622
 2650
 2674
 2690
 2708
 2732
 2760
 2782
 2806
 2826
 2844
 2858
 2868
 2880
 2890
 2902
 2914
 2918
 2918
 2918
 2916
 2910
 2900
 2884
 2858
 2824
 2788
 2750
 2700
 2642
 2584
 2520
 2454
 2382
 2312
 2248
 2182
 2118
 2054
 1988
 1918
 1852
 1794
 1756
 1720
 1706
 1710
 1722
 1742
 1762
 1790
 1824
 1856
 1890
 1922
 1960
 2004
 2054
 2100
 2142
 2186
 2226
 2270
 2308
 2338
 2374
 2412
 2452
 2490
 2526
 2564
 2600
 2632
 2658
 2684
 2710
 2736
 2758
 2778
 2794
 2810
 2824
 2836
 2848
 2854
 2858
 2866
 2884
 2900
 2914
 2930
 2940
 2946
 2948
 2948
 2954
 2958
 2962
 2964
 2964
 2962
 2956
 2942
 2924
 2902
 2868
 2830
 2790
 2748
 2696
 2640
 2582
 2522
 2456
 2388
 2322
 2264
 2206
 2150
 2092
 2038
 1986
 1940
 1902
 1872
 1846
 1836
 1836
 1848
 1864
 1884
 1912
 1942
 1976
 2010
 2052
 2100
 2156
 2212
 2260
 2308
 2356
 2398
 2442
 2480
 2510
 2540
 2572
 2608
 2636
 2666
 2696
 2728
 2754
 2776
 2796
 2818
 2840
 2860
 2874
 2886
 2896
 2902
 2908
 2914
 2918
 2912
 2908
 2912
 2918
 2922
 2926
 2930
 2926
 2916
 2900
 2884
 2864
 2838
 2808
 2772
 2732
 2686
 2632
 2572
 2512
 2446
 2374
 2312
 2252
 2196
 2136
 2082
 2030
 1984
 1942
 1910
 1892
 1888
 1894
 1906
 1924
 1946
 1974
 2006
 2042
 2070
 2106
 2146
 2192
 2238
 2286
 2342
 2394
 2444
 2482
 2518
 2552
 2588
 2622
 2650
 2680
 2704
 2724
 2742
 2760
 2770
 2780
 2794
 2816
 2836
 2852
 2870
 2886
 2898
 2906
 2910
 2914
 2916
 2922
 2926
 2928
 2930
 2930
 2934
 2934
 2930
 2926
 2930
 2940
 2948
 2950
 2952
 2950
 2942
 2928
 2908
 2888
 2862
 2828
 2790
 2742
 2690
 2628
 2562
 2496
 2418
 2344
 2272
 2208
 2142
 2080
 2022
 1974
 1930
 1894
 1876
 1872
 1880
 1898
 1918
 1948
 1982
 2026
 2076
 2120
 2166
 2216
 2272
 2330
 2386
 2442
 2496
 2546
 2586
 2622
 2656
 2692
 2722
 2750
 2772
 2792
 2812
 2826
 2842
 2850
 2856
 2864
 2880
 2898
 2910
 2922
 2934
 2944
 2950
 2954
 2958
 2962
 2964
 2968
 2972
 2970
 2970
 2968
 2966
 2966
 2958
 2946
 2940
 2942
 2944
 2938
 2934
 2928
 2916
 2898
 2880
 2860
 2840
 2818
 2794
 2772
 2748
 2726
 2700
 2678
 2658
 2636
 2622
 2618
 2620
 2626
 2636
 2648
 2664
 2676
 2684
 2698
 2716
 2732
 2748
 2764
 2782
 2794
 2804
 2812
 2822
 2828
 2832
 2840
 2856
 2874
 2888
 2906
 2920
 2934
 2938
 2936
 2938
 2942
 2948
 2950
 2952
 2954
 2954
 2952
 2950
 2950
 2944
 2940
 2940
 2944
 2944
 2936
 2930
 2916
 2894
 2860
 2822
 2786
 2746
 2708
 2668
 2628
 2588
 2536
 2470
 2408
 2334
 2252
 2188
 2116
 2046
 1972
 1898
 1822
 1746
 1680
 1624
 1576
 1540
 1506
 1472
 1436
 1398
 1366
 1342
 1320
 1308
 1310
 1322
 1342
 1368
 1396
 1430
 1476
 1524
 1576
 1636
 1696
 1760
 1830
 1904
 1976
 2042
 2098
 2146
 2194
 2250
 2304
 2350
 2396
 2444
 2482
 2514
 2540
 2558
 2576
 2608
 2630
 2652
 2674
 2698
 2722
 2736
 2754
 2782
 2812
 2836
 2860
 2886
 2906
 2914
 2922
 2930
 2938
 2950
 2964
 2972
 2972
 2958
 2934
 2914
 2898
 2896
 2896
 2894
 2896
 2892
 2892
 2890
 2884
 2876
 2862
 2856
 2852
 2848
 2850
 2848
 2842
 2846
 2854
 2862
 2868
 2878
 2882
 2882
 2876
 2868
 2862
 2862
 2862
 2860
 2858
 2856
 2850
 2844
 2848
 2856
 2862
 2872
 2884
 2888
 2888
 2888
 2890
 2890
 2892
 2894
 2892
 2892
 2884
 2870
 2864
 2866
 2866
 2864
 2870
 2868
 2870
 2868
 2864
 2862
 2858
 2862
 2866
 2866
 2866
 2862
 2858
 2856
 2864
 2866
 2862
 2858
 2844
 2818
 2778
 2732
 2686
 2632
 2570
 2504
 2434
 2360
 2288
 2208
 2122
 2046
 1982
 1918
 1848
 1784
 1736
 1700
 1668
 1652
 1652
 1660
 1678
 1694
 1718
 1742
 1766
 1784
 1806
 1836
 1876
 1910
 1944
 1982
 2020
 2058
 2092
 2128
 2168
 2208
 2246
 2280
 2314
 2344
 2374
 2398
 2418
 2438
 2468
 2502
 2530
 2562
 2594
 2622
 2646
 2666
 2686
 2708
 2726
 2744
 2756
 2772
 2782
 2792
 2802
 2808
 2810
 2820
 2838
 2856
 2868
 2882
 2896
 2902
 2902
 2898
 2898
 2898
 2898
 2892
 2878
 2860
 2834
 2796
 2752
 2694
 2626
 2560
 2496
 2428
 2356
 2288
 2214
 2138
 2060
 1988
 1920
 1860
 1802
 1742
 1686
 1632
 1584
 1550
 1518
 1500
 1498
 1510
 1526
 1548
 1578
 1612
 1652
 1690
 1736
 1794
 1854
 1912
 1968
 2022
 2076
 2130
 2176
 2216
 2262
 2320
 2376
 2426
 2478
 2530
 2574
 2606
 2634
 2660
 2690
 2714
 2734
 2752
 2768
 2782
 2794
 2800
 2802
 2812
 2828
 2844
 2856
 2874
 2888
 2896
 2894
 2896
 2900
 2904
 2908
 2910
 2912
 2910
 2912
 2910
 2902
 2894
 2898
 2904
 2904
 2904
 2900
 2892
 2878
 2856
 2830
 2800
 2766
 2724
 2672
 2616
 2554
 2492
 2418
 2342
 2276
 2222
 2164
 2106
 2056
 2008
 1968
 1934
 1910
 1902
 1906
 1914
 1930
 1948
 1966
 1994
 2014
 2034
 2062
 2096
 2134
 2170
 2210
 2250
 2288
 2324
 2352
 2390
 2426
 2462
 2498
 2532
 2564
 2594
 2624
 2644
 2660
 2684
 2714
 2742
 2766
 2796
 2818
 2838
 2850
 2864
 2880
 2894
 2904
 2914
 2920
 2922
 2924
 2924
 2918
 2904
 2888
 2880
 2868
 2840
 2808
 2770
 2724
 2668
 2612
 2554
 2494
 2432
 2366
 2298
 2228
 2156
 2090
 2012
 1934
 1870
 1812
 1754
 1692
 1634
 1582
 1536
 1496
 1466
 1454
 1460
 1476
 1498
 1524
 1552
 1594
 1632
 1670
 1722
 1778
 1838
 1896
 1962
 2030
 2100
 2170
 2230
 2292
 2354
 2408
 2460
 2506
 2546
 2586
 2620
 2644
 2664
 2690
 2722
 2750
 2774
 2802
 2826
 2844
 2858
 2872
 2886
 2898
 2908
 2916
 2922
 2926
 2932
 2934
 2930
 2924
 2930
 2938
 2940
 2938
 2934
 2924
 2906
 2878
 2844
 2802
 2758
 2712
 2660
 2604
 2542
 2476
 2402
 2322
 2254
 2194
 2138
 2078
 2026
 1976
 1926
 1876
 1834
 1800
 1778
 1768
 1764
 1770
 1780
 1796
 1822
 1842
 1866
 1896
 1934
 1972
 2014
 2062
 2112
 2162
 2210
 2256
 2308
 2364
 2418
 2474
 2522
 2564
 2600
 2634
 2658
 2678
 2700
 2732
 2756
 2778
 2800
 2818
 2828
 2832
 2838
 2844
 2854
 2862
 2872
 2878
 2886
 2888
 2894
 2890
 2880
 2874
 2880
 2884
 2886
 2896
 2910
 2922
 2934
 2942
 2948
 2956
 2962
 2966
 2974
 2982
 2986
 2990
 2994
 2986
 2984
 2994
 3016
 3036
 3056
 3082
 3106
 3126
 3142
 3154
 3166
 3178
 3192
 3202
 3208
 3212
 3214
 3212
 3220
 3214
 3212
 3220
 3226
 3212
 3192
 3166
 3124
 3070
 3002
 2934
 2866
 2800
 2734
 2666
 2596
 2528
 2460
 2392
 2320
 2250
 2196
 2148
 2104
 2064
 2034
 2014
 2002
 1996
 1998
 2012
 2030
 2050
 2074
 2096
 2116
 2138
 2160
 2176
 2194
 2218
 2248
 2272
 2298
 2328
 2360
 2394
 2424
 2458
 2492
 2528
 2562
 2594
 2624
 2654
 2682
 2710
 2730
 2748
 2770
 2800
 2826
 2850
 2878
 2900
 2916
 2926
 2934
 2944
 2950
 2948
 2934
 2916
 2886
 2852
 2810
 2754
 2696
 2646
 2602
 2554
 2502
 2448
 2388
 2322
 2248
 2188
 2146
 2110
 2072
 2040
 2008
 1976
 1950
 1918
 1882
 1848
 1812
 1770
 1718
 1670
 1624
 1582
 1544
 1518
 1508
 1508
 1520
 1538
 1558
 1584
 1616
 1638
 1666
 1702
 1744
 1794
 1844
 1894
 1954
 2008
 2058
 2102
 2144
 2184
 2224
 2264
 2300
 2340
 2380
 2412
 2444
 2482
 2522
 2556
 2588
 2618
 2644
 2664
 2678
 2696
 2716
 2734
 2752
 2770
 2784
 2796
 2810
 2814
 2818
 2828
 2846
 2854
 2856
 2856
 2860
 2860
 2858
 2858
 2860
 2864
 2868
 2872
 2872
 2872
 2870
 2862
 2856
 2856
 2862
 2862
 2864
 2868
 2872
 2874
 2872
 2872
 2872
 2874
 2878
 2880
 2880
 2880
 2876
 2874
 2874
 2882
 2888
 2894
 2908
 2918
 2924
 2928
 2932
 2940
 2944
 2948
 2952
 2954
 2958
 2956
 2948
 2946
 2954
 2962
 2966
 2974
 2984
 2988
 2990
 2990
 2992
 2992
 2988
 2982
 2972
 2958
 2938
 2908
 2868
 2826
 2782
 2728
 2672
 2616
 2556
 2490
 2418
 2348
 2282
 2220
 2158
 2098
 2036
 1986
 1946
 1908
 1884
 1878
 1884
 1898
 1920
 1950
 1984
 2020
 2056
 2102
 2150
 2198
 2246
 2290
 2334
 2376
 2412
 2440
 2470
 2508
 2548
 2580
 2614
 2650
 2680
 2702
 2724
 2742
 2762
 2780
 2796
 2810
 2820
 2832
 2838
 2840
 2842
 2852
 2868
 2880
 2894
 2908
 2920
 2924
 2922
 2924
 2926
 2930
 2930
 2932
 2932
 2930
 2930
 2926
 2918
 2914
 2920
 2930
 2932
 2940
 2948
 2952
 2954
 2956
 2958
 2960
 2962
 2962
 2962
 2960
 2956
 2956
 2950
 2940
 2928
 2928
 2932
 2934
 2940
 2944
 2948
 2948
 2946
 2946
 2946
 2944
 2940
 2934
 2924
 2904
 2884
 2858
 2820
 2782
 2748
 2718
 2682
 2640
 2602
 2556
 2506
 2454
 2402
 2358
 2316
 2274
 2234
 2198
 2170
 2148
 2136
 2124
 2120
 2128
 2144
 2162
 2184
 2212
 2242
 2272
 2300
 2328
 2362
 2400
 2436
 2470
 2506
 2534
 2566
 2590
 2606
 2622
 2646
 2676
 2702
 2728
 2754
 2776
 2794
 2806
 2820
 2834
 2846
 2856
 2866
 2874
 2876
 2880
 2880
 2870
 2862
 2864
 2872
 2880
 2884
 2896
 2904
 2906
 2908
 2908
 2912
 2912
 2912
 2910
 2906
 2896
 2882
 2868
 2840
 2804
 2774
 2746
 2714
 2676
 2640
 2598
 2554
 2504
 2456
 2408
 2364
 2318
 2274
 2232
 2192
 2162
 2142
 2124
 2114
 2118
 2136
 2160
 2186
 2218
 2256
 2294
 2328
 2364
 2400
 2436
 2474
 2506
 2536
 2566
 2592
 2616
 2636
 2650
 2666
 2692
 2720
 2742
 2764
 2788
 2806
 2820
 2830
 2838
 2850
 2862
 2870
 2878
 2884
 2884
 2880
 2880
 2872
 2864
 2864
 2870
 2878
 2884
 2890
 2894
 2890
 2882
 2870
 2858
 2844
 2826
 2802
 2770
 2736
 2692
 2640
 2588
 2520
 2444
 2380
 2330
 2274
 2214
 2154
 2096
 2024
 1956
 1890
 1832
 1776
 1732
 1694
 1668
 1652
 1644
 1646
 1650
 1658
 1678
 1704
 1740
 1780
 1824
 1874
 1926
 1978
 2028
 2084
 2142
 2204
 2262
 2318
 2368
 2404
 2442
 2484
 2512
 2542
 2582
 2626
 2662
 2692
 2722
 2746
 2764
 2780
 2792
 2804
 2818
 2830
 2838
 2846
 2850
 2852
 2856
 2858
 2854
 2854
 2862
 2876
 2884
 2894
 2902
 2904
 2896
 2878
 2860
 2842
 2816
 2786
 2746
 2700
 2646
 2584
 2522
 2450
 2374
 2306
 2248
 2188
 2124
 2068
 2014
 1958
 1902
 1846
 1804
 1782
 1768
 1768
 1776
 1792
 1806
 1830
 1850
 1868
 1900
 1934
 1976
 2014
 2054
 2100
 2142
 2180
 2222
 2266
 2316
 2364
 2408
 2448
 2490
 2526
 2556
 2584
 2606
 2626
 2652
 2686
 2714
 2740
 2772
 2796
 2816
 2828
 2840
 2856
 2870
 2880
 2892
 2894
 2894
 2890
 2892
 2888
 2878
 2870
 2864
 2864
 2850
 2836
 2818
 2786
 2750
 2706
 2662
 2618
 2570
 2522
 2472
 2418
 2364
 2302
 2246
 2184
 2116
 2064
 2014
 1966
 1914
 1872
 1842
 1816
 1800
 1790
 1798
 1810
 1828
 1850
 1874
 1900
 1926
 1954
 1984
 2008
 2036
 2070
 2114
 2156
 2200
 2254
 2308
 2358
 2400
 2440
 2480
 2520
 2558
 2594
 2630
 2666
 2696
 2730
 2760
 2778
 2796
 2816
 2844
 2868
 2886
 2900
 2900
 2892
 2870
 2842
 2806
 2758
 2706
 2644
 2570
 2492
 2408
 2324
 2230
 2130
 2042
 1944
 1832
 1716
 1604
 1492
 1374
 1256
 1132
 1014
 916
 828
 748
 682
 626
 582
 536
 490
 448
 406
 370
 324
 272
 212
 136
 76
 28
 0
 0
 0
 0
 0
 0
 0
 0
 0
 0
 0
 0
 0
 0
 0
 0
 0
 0
 0
 0
 0
 0
 0
 0
 0
 0
 0
 0
 0
 0
 0
 0
 0
 0
 0
 0
 0
 0
 0
 0
 0
 0
 0
 0
 0
 0
 0
 0
 0
 0
 0
 0
 0
 0
 0
 0
 0
 0
 0
 0
 0
 0
 0
 0
 0
 0
 0
 0
 0
 0
 0
 0
 0
 0
 0
 0
 138
 358
 584
 804
 1016
 1220
 1416
 1600
 1780
 1952
 2116
 2262
 2404
 2552
 2696
 2840
 2976
 3116
 3232
 3336
 3458
 3592
 3698
 3752
 3824
 3892
 3942
 3948
 3936
 3820
 3734
 3698
 3674
 3662
 3608
 3510
 3174
 3026
 2900
 2744
 2556
 2352
 2230
 2148
 1996
 1850
 1862
 1878
 1876
 1884
 1864
 1812
 1718
 1532
 944
 400
 118
 12
 0
 0
 8
 104
 266
 440
 730
 1088
 1480
 1908
 2262
 2676
 3058
 3326
 3544
 3682
 3684
 3610
 3440
 3214
 3156
 3136
 3186
 3512
 4094
 4094
 4094
 4094
 4094
 4094
 4094
 4094
 4094
 4094
 4094
 4094
 4094
 4094
 4094
 4094
 4094
 4094
 4010
 3762
 3498
 3228
 2974
 2740
 2532
 2360
 2226
 2144
 2100
 2068
 2058
 2052
 2048
 2040
 2034
 2030
 2024
 2018
 2014
 2008
 2002
 2000
 2000
 2002
 2008
 2010
 2016
 2016
 2016
 2016
 2016
 2018
 2014
 2012
 2008
 2004
 1998
 2000
 2004
 2012
 2026
 2042
 2058
 2070
 2080
 2092
 2106
 2120
 2140
 2162
 2184
 2208
 2236
 2272
 2314
 2350
 2394
 2432
 2464
 2480
 2500
 2530
 2560
 2578
 2600
 2616
 2630
 2646
 2658
 2668
 2682
 2698
 2714
 2728
 2742
 2748
 2752
 2758
 2764
 2770
 2774
 2782
 2786
 2782
 2784
 2792
 2800
 2810
 2820
 2826
 2834
 2844
 2846
 2846
 2852
 2860
 2862
 2868
 2874
 2880
 2886
 2890
 2900
 2908
 2916
 2922
 2922
 2922
 2924
 2928
 2922
 2916
 2916
 2908
 2888
 2870
 2850
 2828
 2808
 2786
 2772
 2760
 2748
 2738
 2728
 2720
 2716
 2714
 2708
 2698
 2698
 2702
 2708
 2714
 2722
 2732
 2738
 2746
 2754
 2764
 2772
 2784
 2790
 2796
 2800
 2806
 2814
 2810
 2810
 2814
 2820
 2826
 2834
 2842
 2844
 2848
 2850
 2854
 2858
 2864
 2866
 2870
 2872
 2874
 2878
 2872
 2856
 2850
 2848
 2850
 2852
 2858
 2862
 2866
 2870
 2874
 2876
 2882
 2886
 2886
 2888
 2890
 2888
 2888
 2880
 2870
 2868
 2868
 2870
 2874
 2880
 2884
 2890
 2894
 2898
 2904
 2908
 2910
 2914
 2916
 2914
 2910
 2908
 2898
 2894
 2892
 2896
 2900
 2902
 2908
 2910
 2912
 2910
 2912
 2916
 2916
 2916
 2916
 2914
 2912
 2912
 2906
 2894
 2890
 2888
 2890
 2890
 2892
 2894
 2896
 2896
 2890
 2890
 2890
 2892
 2892
 2890
 2890
 2888
 2890
 2888
 2878
 2876
 2876
 2880
 2882
 2886
 2888
 2888
 2888
 2888
 2888
 2890
 2892
 2892
 2892
 2890
 2888
 2890
 2884
 2876
 2870
 2872
 2874
 2874
 2876
 2872
 2870
 2868
 2868
 2868
 2870
 2872
 2872
 2872
 2872
 2872
 2872
 2866
 2860
 2856
 2856
 2860
 2860
 2866
 2872
 2878
 2880
 2884
 2888
 2890
 2892
 2890
 2890
 2890
 2886
 2880
 2874
 2862
 2854
 2852
 2856
 2856
 2860
 2864
 2866
 2868
 2868
 2870
 2872
 2874
 2874
 2874
 2874
 2872
 2870
 2866
 2860
 2850
 2848
 2846
 2850
 2856
 2860
 2862
 2868
 2872
 2874
 2878
 2880
 2882
 2876
 2872
 2870
 2870
 2866
 2864
 2858
 2848
 2846
 2848
 2854
 2858
 2866
 2870
 2876
 2878
 2878
 2880
 2882
 2882
 2878
 2874
 2870
 2868
 2866
 2864
 2860
 2852
 2848
 2850
 2858
 2862
 2868
 2874
 2878
 2880
 2880
 2882
 2884
 2886
 2886
 2884
 2884
 2886
 2882
 2876
 2870
 2860
 2854
 2852
 2854
 2856
 2858
 2864
 2866
 2868
 2866
 2868
 2868
 2868
 2868
 2866
 2866
 2866
 2864
 2864
 2862
 2858
 2852
 2852
 2860
 2864
 2870
 2878
 2882
 2880
 2878
 2878
 2880
 2880
 2880
 2878
 2878
 2878
 2876
 2874
 2872
 2866
 2858
 2856
 2856
 2858
 2860
 2864
 2868
 2872
 2874
 2872
 2872
 2868
 2860
 2852
 2840
 2828
 2812
 2790
 2762
 2726
 2678
 2630
 2582
 2536
 2486
 2436
 2382
 2318
 2248
 2178
 2106
 2036
 1970
 1906
 1842
 1780
 1718
 1668
 1624
 1578
 1546
 1526
 1520
 1520
 1524
 1534
 1548
 1568
 1590
 1618
 1656
 1702
 1754
 1802
 1852
 1902
 1956
 2010
 2056
 2104
 2152
 2204
 2252
 2298
 2344
 2388
 2426
 2464
 2498
 2532
 2562
 2588
 2610
 2632
 2648
 2662
 2678
 2686
 2692
 2700
 2712
 2724
 2738
 2752
 2764
 2774
 2784
 2794
 2802
 2812
 2818
 2824
 2830
 2834
 2838
 2842
 2846
 2846
 2846
 2850
 2858
 2868
 2874
 2884
 2894
 2900
 2904
 2904
 2904
 2906
 2910
 2908
 2904
 2898
 2882
 2864
 2836
 2804
 2764
 2716
 2668
 2622
 2574
 2518
 2456
 2394
 2324
 2250
 2180
 2108
 2042
 1978
 1918
 1856
 1800
 1748
 1698
 1662
 1636
 1616
 1608
 1610
 1624
 1642
 1664
 1694
 1728
 1766
 1806
 1850
 1892
 1938
 1984
 2024
 2062
 2102
 2140
 2180
 2214
 2242
 2276
 2312
 2356
 2394
 2434
 2470
 2506
 2536
 2564
 2590
 2618
 2642
 2668
 2688
 2708
 2724
 2736
 2750
 2760
