 2848
 2908
 2954
 2972
 2970
 2950
 2958
 2966
 2936
 2934
 2968
 3018
 3056
 3080
 3100
 3116
 3136
 3162
 3186
 3206
 3222
 3230
 3228
 3222
 3210
 3192
 3158
 3112
 3056
 3012
 2966
 2904
 2842
 2788
 2752
 2726
 2702
 2678
 2658
 2634
 2602
 2580
 2570
 2564
 2562
 2562
 2564
 2568
 2592
 2618
 2644
 2666
 2676
 2688
 2696
 2704
 2712
 2692
 2654
 2612
 2568
 2514
 2458
 2400
 2340
 2282
 2222
 2162
 2112
 2068
 2038
 2016
 1996
 1988
 1980
 1974
 1964
 1948
 1926
 1898
 1866
 1834
 1800
 1766
 1732
 1700
 1670
 1638
 1608
 1586
 1578
 1578
 1586
 1608
 1638
 1686
 1738
 1790
 1842
 1892
 1942
 1984
 2032
 2078
 2124
 2164
 2194
 2222
 2250
 2276
 2306
 2342
 2366
 2388
 2416
 2452
 2484
 2512
 2538
 2554
 2568
 2582
 2598
 2616
 2626
 2638
 2650
 2660
 2670
 2680
 2692
 2706
 2714
 2726
 2730
 2736
 2754
 2768
 2776
 2782
 2786
 2788
 2788
 2794
 2802
 2806
 2812
 2818
 2818
 2820
 2824
 2830
 2834
 2832
 2832
 2826
 2828
 2842
 2848
 2850
 2852
 2854
 2854
 2852
 2854
 2858
 2858
 2862
 2862
 2862
 2862
 2866
 2868
 2870
 2872
 2866
 2864
 2860
 2866
 2870
 2872
 2876
 2872
 2870
 2868
 2862
 2860
 2860
 2858
 2856
 2848
 2840
 2838
 2836
 2830
 2822
 2816
 2814
 2816
 2818
 2802
 2788
 2772
 2758
 2742
 2732
 2732
 2732
 2732
 2730
 2732
 2734
 2736
 2744
 2748
 2748
 2750
 2758
 2772
 2776
 2768
 2750
 2724
 2692
 2644
 2592
 2526
 2460
 2394
 2324
 2248
 2190
 2134
 2066
 2002
 1946
 1896
 1846
 1794
 1742
 1694
 1650
 1602
 1560
 1516
 1468
 1428
 1394
 1352
 1326
 1304
 1288
 1286
 1300
 1334
 1376
 1418
 1456
 1498
 1546
 1598
 1662
 1728
 1786
 1842
 1894
 1942
 1988
 2034
 2078
 2122
 2162
 2200
 2238
 2286
 2332
 2366
 2396
 2422
 2452
 2472
 2500
 2528
 2552
 2572
 2592
 2612
 2630
 2650
 2670
 2686
 2702
 2720
 2732
 2738
 2740
 2754
 2772
 2788
 2794
 2800
 2804
 2808
 2812
 2818
 2824
 2830
 2832
 2834
 2840
 2846
 2854
 2860
 2860
 2858
 2854
 2838
 2812
 2788
 2762
 2722
 2666
 2602
 2526
 2454
 2380
 2310
 2240
 2162
 2084
 2010
 1936
 1868
 1804
 1744
 1686
 1628
 1572
 1512
 1450
 1394
 1340
 1292
 1244
 1190
 1142
 1100
 1062
 1026
 996
 970
 946
 930
 916
 904
 900
 906
 916
 932
 948
 972
 998
 1034
 1076
 1146
 1234
 1336
 1438
 1536
 1632
 1718
 1796
 1876
 1952
 2022
 2088
 2148
 2204
 2256
 2306
 2354
 2404
 2450
 2492
 2524
 2550
 2574
 2612
 2650
 2680
 2704
 2726
 2744
 2760
 2770
 2786
 2802
 2814
 2824
 2836
 2842
 2850
 2858
 2868
 2878
 2882
 2882
 2876
 2872
 2868
 2876
 2884
 2888
 2890
 2890
 2892
 2890
 2890
 2896
 2900
 2902
 2894
 2890
 2888
 2888
 2886
 2878
 2870
 2856
 2834
 2804
 2764
 2724
 2696
 2656
 2604
 2554
 2492
 2434
 2378
 2322
 2270
 2212
 2152
 2092
 2034
 1982
 1932
 1882
 1830
 1786
 1746
 1708
 1684
 1666
 1656
 1652
 1648
 1646
 1644
 1650
 1658
 1670
 1690
 1712
 1738
 1764
 1792
 1826
 1868
 1912
 1966
 2018
 2072
 2118
 2168
 2218
 2278
 2340
 2390
 2434
 2472
 2504
 2534
 2558
 2588
 2618
 2642
 2666
 2684
 2702
 2722
 2738
 2756
 2774
 2790
 2808
 2816
 2822
 2822
 2834
 2852
 2864
 2872
 2874
 2876
 2880
 2884
 2890
 2896
 2898
 2894
 2890
 2886
 2884
 2884
 2882
 2882
 2882
 2882
 2882
 2878
 2872
 2864
 2864
 2872
 2878
 2882
 2882
 2878
 2874
 2866
 2864
 2866
 2866
 2864
 2858
 2854
 2850
 2846
 2846
 2846
 2838
 2818
 2792
 2758
 2716
 2672
 2630
 2596
 2560
 2514
 2470
 2418
 2362
 2306
 2248
 2198
 2148
 2090
 2034
 1976
 1920
 1868
 1820
 1772
 1732
 1692
 1652
 1612
 1572
 1542
 1516
 1496
 1478
 1462
 1458
 1464
 1486
 1520
 1562
 1618
 1674
 1734
 1792
 1852
 1916
 1978
 2038
 2096
 2156
 2216
 2266
 2302
 2344
 2386
 2430
 2464
 2502
 2544
 2576
 2602
 2622
 2642
 2668
 2690
 2710
 2728
 2742
 2760
 2780
 2802
 2824
 2846
 2862
 2878
 2886
 2892
 2890
 2898
 2908
 2906
 2906
 2898
 2888
 2874
 2846
 2820
 2790
 2750
 2704
 2658
 2604
 2550
 2496
 2442
 2390
 2340
 2288
 2236
 2182
 2126
 2076
 2026
 1982
 1932
 1876
 1818
 1756
 1702
 1642
 1592
 1544
 1492
 1442
 1394
 1348
 1308
 1272
 1242
 1220
 1210
 1206
 1210
 1216
 1230
 1256
 1292
 1342
 1398
 1464
 1538
 1614
 1696
 1766
 1836
 1906
 1968
 2028
 2086
 2138
 2192
 2240
 2286
 2330
 2370
 2408
 2444
 2480
 2508
 2528
 2548
 2570
 2608
 2638
 2664
 2688
 2706
 2722
 2738
 2754
 2774
 2790
 2804
 2816
 2826
 2838
 2850
 2864
 2874
 2884
 2892
 2896
 2902
 2908
 2912
 2910
 2904
 2898
 2892
 2898
 2908
 2914
 2916
 2910
 2904
 2894
 2880
 2864
 2840
 2804
 2762
 2716
 2668
 2620
 2574
 2526
 2476
 2426
 2376
 2324
 2274
 2224
 2174
 2118
 2066
 2018
 1976
 1940
 1898
 1860
 1820
 1786
 1762
 1740
 1730
 1728
 1730
 1738
 1750
 1766
 1790
 1830
 1910
 2052
 2264
 2502
 2734
 2950
 3142
 3316
 3456
 3566
 3644
 3706
 3752
 3780
 3806
 3824
 3840
 3852
 3858
 3856
 3854
 3848
 3838
 3822
 3810
 3794
 3782
 3764
 3748
 3726
 3700
 3672
 3646
 3628
 3608
 3588
 3562
 3520
 3468
 3406
 3332
 3248
 3146
 3036
 2930
 2824
 2722
 2634
 2556
 2488
 2434
 2400
 2376
 2352
 2328
 2300
 2272
 2238
 2196
 2150
 2102
 2056
 2012
 1966
 1924
 1882
 1836
 1786
 1736
 1686
 1646
 1614
 1594
 1578
 1572
 1574
 1578
 1602
 1640
 1696
 1766
 1840
 1918
 1998
 2070
 2130
 2180
 2236
 2286
 2326
 2362
 2394
 2428
 2464
 2500
 2536
 2568
 2604
 2640
 2676
 2704
 2730
 2752
 2778
 2826
 2880
 2920
 2944
 2950
 2956
 2956
 2954
 2956
 2950
 2934
 2900
 2852
 2794
 2734
 2670
 2604
 2540
 2478
 2422
 2362
 2290
 2218
 2146
 2076
 2004
 1936
 1872
 1804
 1738
 1678
 1614
 1562
 1506
 1450
 1392
 1336
 1282
 1238
 1196
 1164
 1136
 1116
 1100
 1098
 1106
 1134
 1178
 1274
 1486
 1770
 2034
 2258
 2430
 2558
 2670
 2768
 2850
 2916
 2968
 3002
 3032
 3062
 3086
 3108
 3120
 3130
 3140
 3156
 3176
 3188
 3194
 3196
 3196
 3190
 3188
 3188
 3190
 3186
 3182
 3178
 3172
 3172
 3168
 3164
 3160
 3156
 3152
 3140
 3126
 3108
 3102
 3106
 3102
 3098
 3090
 3074
 3046
 3004
 2960
 2924
 2896
 2872
 2856
 2836
 2818
 2810
 2802
 2798
 2798
 2794
 2788
 2784
 2790
 2814
 2840
 2860
 2878
 2888
 2894
 2900
 2908
 2920
 2930
 2936
 2942
 2952
 2966
 2988
 3026
 3080
 3140
 3202
 3256
 3300
 3336
 3354
 3368
 3372
 3360
 3338
 3302
 3260
 3196
 3110
 3014
 2912
 2816
 2728
 2650
 2578
 2516
 2450
 2388
 2330
 2278
 2228
 2172
 2118
 2062
 2014
 1968
 1920
 1888
 1850
 1812
 1776
 1740
 1700
 1668
 1634
 1606
 1578
 1546
 1520
 1494
 1468
 1448
 1426
 1406
 1392
 1388
 1386
 1390
 1404
 1420
 1444
 1474
 1508
 1538
 1568
 1604
 1648
 1700
 1762
 1820
 1876
 1932
 1984
 2056
 2128
 2190
 2248
 2298
 2344
 2388
 2424
 2464
 2502
 2536
 2574
 2610
 2644
 2674
 2700
 2720
 2738
 2752
 2768
 2786
 2804
 2818
 2836
 2846
 2854
 2856
 2862
 2880
 2892
 2898
 2902
 2902
 2904
 2902
 2902
 2900
 2882
 2846
 2798
 2742
 2684
 2630
 2578
 2528
 2480
 2434
 2390
 2346
 2300
 2254
 2206
 2158
 2110
 2056
 2006
 1956
 1910
 1862
 1808
 1758
 1706
 1658
 1614
 1568
 1532
 1492
 1452
 1418
 1380
 1352
 1332
 1322
 1322
 1332
 1352
 1374
 1400
 1440
 1486
 1544
 1622
 1694
 1760
 1820
 1876
 1932
 1984
 2032
 2086
 2142
 2194
 2244
 2292
 2340
 2388
 2434
 2476
 2518
 2558
 2598
 2632
 2658
 2680
 2700
 2732
 2768
 2796
 2820
 2838
 2856
 2870
 2880
 2894
 2906
 2910
 2916
 2918
 2922
 2924
 2922
 2922
 2922
 2924
 2922
 2918
 2908
 2884
 2844
 2802
 2764
 2716
 2666
 2616
 2564
 2518
 2472
 2428
 2394
 2354
 2316
 2280
 2244
 2210
 2178
 2152
 2134
 2124
 2120
 2122
 2132
 2150
 2184
 2232
 2292
 2356
 2432
 2510
 2580
 2652
 2722
 2798
 2878
 2956
 3030
 3090
 3140
 3184
 3216
 3234
 3236
 3218
 3170
 3082
 2956
 2800
 2628
 2444
 2238
 2026
 1802
 1570
 1324
 1086
 854
 638
 420
 204
 10
 0
 0
 0
 0
 160
 532
 904
 1200
 1414
 1562
 1630
 1646
 1642
 1644
 1648
 1662
 1688
 1726
 1770
 1814
 1868
 1928
 1982
 2030
 2076
 2138
 2200
 2256
 2304
 2340
 2366
 2388
 2404
 2428
 2450
 2470
 2484
 2496
 2504
 2522
 2540
 2556
 2570
 2586
 2618
 2650
 2676
 2698
 2714
 2732
 2742
 2756
 2772
 2784
 2794
 2802
 2812
 2820
 2838
 2862
 2880
 2890
 2892
 2890
 2886
 2880
 2884
 2888
 2892
 2896
 2894
 2892
 2886
 2880
 2874
 2858
 2830
 2804
 2782
 2764
 2756
 2754
 2754
 2756
 2762
 2766
 2774
 2778
 2778
 2778
 2786
 2808
 2826
 2846
 2864
 2876
 2890
 2898
 2906
 2916
 2922
 2922
 2922
 2922
 2922
 2922
 2922
 2922
 2920
 2916
 2908
 2894
 2896
 2902
 2902
 2902
 2900
 2898
 2898
 2900
 2904
 2906
 2908
 2908
 2906
 2906
 2904
 2904
 2902
 2902
 2896
 2882
 2862
 2838
 2818
 2780
 2732
 2686
 2632
 2582
 2532
 2480
 2430
 2376
 2318
 2262
 2206
 2156
 2110
 2066
 2028
 1996
 1966
 1938
 1910
 1880
 1852
 1830
 1816
 1806
 1798
 1794
 1796
 1798
 1806
 1816
 1830
 1850
 1868
 1890
 1918
 1952
 1986
 2028
 2070
 2114
 2166
 2216
 2264
 2306
 2342
 2376
 2412
 2462
 2506
 2544
 2576
 2604
 2632
 2652
 2672
 2698
 2720
 2736
 2750
 2766
 2778
 2794
 2808
 2818
 2828
 2838
 2846
 2854
 2858
 2866
 2872
 2876
 2876
 2872
 2870
 2880
 2892
 2902
 2908
 2906
 2904
 2902
 2900
 2904
 2908
 2906
 2906
 2904
 2904
 2900
 2894
 2894
 2890
 2888
 2888
 2886
 2882
 2882
 2880
 2876
 2870
 2862
 2854
 2858
 2868
 2872
 2878
 2876
 2878
 2876
 2866
 2852
 2824
 2782
 2736
 2680
 2624
 2566
 2514
 2462
 2414
 2370
 2324
 2282
 2240
 2200
 2158
 2120
 2082
 2040
 2000
 1956
 1910
 1868
 1830
 1800
 1776
 1760
 1756
 1762
 1774
 1790
 1806
 1826
 1854
 1892
 1932
 1976
 2024
 2066
 2102
 2138
 2174
 2224
 2272
 2318
 2358
 2392
 2430
 2460
 2488
 2520
 2548
 2574
 2600
 2626
 2648
 2670
 2690
 2706
 2724
 2738
 2752
 2762
 2770
 2774
 2778
 2790
 2808
 2820
 2826
 2830
 2834
 2838
 2842
 2848
 2856
 2862
 2864
 2868
 2870
 2872
 2874
 2878
 2878
 2876
 2872
 2870
 2868
 2862
 2854
 2848
 2850
 2858
 2864
 2870
 2872
 2870
 2872
 2872
 2870
 2870
 2870
 2868
 2868
 2864
 2864
 2862
 2862
 2862
 2862
 2862
 2862
 2858
 2854
 2850
 2852
 2864
 2872
 2876
 2876
 2872
 2872
 2870
 2866
 2866
 2864
 2864
 2864
 2862
 2860
 2862
 2864
 2868
 2868
 2870
 2864
 2860
 2860
 2864
 2860
 2854
 2850
 2846
 2848
 2850
 2850
 2850
 2848
 2846
 2846
 2844
 2842
 2842
 2844
 2850
 2852
 2854
 2856
 2866
 2870
 2868
 2862
 2838
 2808
 2768
 2722
 2674
 2622
 2572
 2532
 2502
 2486
 2484
 2482
 2486
 2488
 2490
 2492
 2486
 2474
 2456
 2434
 2412
 2378
 2352
 2324
 2292
 2258
 2228
 2194
 2162
 2128
 2088
 2048
 2012
 1974
 1940
 1898
 1856
 1814
 1776
 1742
 1710
 1688
 1672
 1662
 1668
 1688
 1718
 1750
 1780
 1808
 1840
 1872
 1906
 1940
 1970
 2016
 2064
 2106
 2148
 2192
 2238
 2286
 2328
 2362
 2392
 2426
 2472
 2514
 2542
 2564
 2588
 2616
 2638
 2670
 2698
 2726
 2750
 2772
 2794
 2814
 2826
 2832
 2838
 2848
 2872
 2890
 2900
 2902
 2904
 2908
 2912
 2914
 2918
 2922
 2926
 2928
 2928
 2924
 2924
 2922
 2924
 2920
 2916
 2912
 2908
 2904
 2898
 2884
 2870
 2858
 2860
 2864
 2864
 2866
 2860
 2852
 2830
 2796
 2756
 2708
 2650
 2592
 2536
 2480
 2430
 2378
 2330
 2292
 2250
 2208
 2172
 2132
 2088
 2040
 1996
 1956
 1916
 1870
 1818
 1770
 1720
 1670
 1624
 1580
 1544
 1516
 1500
 1496
 1500
 1518
 1540
 1578
 1624
 1676
 1732
 1792
 1842
 1892
 1938
 1992
 2062
 2130
 2194
 2254
 2304
 2350
 2394
 2438
 2482
 2520
 2550
 2578
 2606
 2636
 2662
 2684
 2706
 2728
 2746
 2764
 2780
 2796
 2812
 2820
 2826
 2830
 2842
 2858
 2872
 2886
 2892
 2896
 2896
 2894
 2898
 2904
 2906
 2904
 2900
 2898
 2896
 2896
 2896
 2896
 2896
 2896
 2894
 2890
 2882
 2878
 2870
 2872
 2878
 2882
 2884
 2882
 2878
 2870
 2852
 2832
 2806
 2770
 2734
 2696
 2652
 2608
 2564
 2522
 2480
 2438
 2398
 2354
 2310
 2266
 2224
 2188
 2150
 2108
 2066
 2022
 1976
 1936
 1896
 1864
 1838
 1816
 1798
 1788
 1784
 1786
 1796
 1810
 1830
 1850
 1872
 1900
 1940
 1990
 2048
 2098
 2144
 2184
 2228
 2268
 2300
 2338
 2374
 2410
 2448
 2484
 2518
 2550
 2578
 2602
 2630
 2662
 2694
 2716
 2732
 2742
 2768
 2794
 2814
 2830
 2842
 2854
 2866
 2874
 2886
 2896
 2902
 2906
 2906
 2904
 2906
 2908
 2910
 2910
 2912
 2914
 2912
 2906
 2902
 2914
 2934
 2948
 2936
 2892
 2838
 2790
 2748
 2718
 2694
 2654
 2586
 2530
 2482
 2452
 2408
 2344
 2296
 2250
 2204
 2164
 2124
 2094
 2076
 2066
 2054
 2046
 2040
 2036
 2038
 2036
 2034
 2040
 2040
 2042
 2046
 2050
 2062
 2076
 2092
 2102
 2108
 2116
 2124
 2136
 2150
 2174
 2222
 2270
 2312
 2352
 2386
 2426
 2458
 2488
 2520
 2550
 2576
 2598
 2618
 2640
 2662
 2680
 2698
 2714
 2730
 2742
 2750
 2754
 2772
 2802
 2822
 2834
 2846
 2854
 2864
 2868
 2882
 2890
 2892
 2896
 2896
 2898
 2900
 2902
 2902
 2906
 2908
 2908
 2906
 2900
 2890
 2886
 2896
 2900
 2898
 2888
 2870
 2844
 2806
 2764
 2724
 2680
 2634
 2586
 2538
 2494
 2454
 2420
 2392
 2372
 2354
 2338
 2322
 2298
 2276
 2246
 2216
 2174
 2130
 2090
 2058
 2042
 2038
 2050
 2076
 2110
 2152
 2196
 2242
 2288
 2334
 2394
 2470
 2558
 2692
 2858
 3024
 3180
 3312
 3440
 3544
 3632
 3710
 3778
 3854
 3926
 4002
 4074
 4094
 4094
 4094
 4094
 4094
 4094
 4094
 4094
 4094
 4094
 4094
 4092
 4068
 4044
 4028
 4012
 3994
 3986
 3986
 3986
 3984
 3980
 3982
 3980
 3974
 3958
 3942
 3918
 3874
 3808
 3720
 3620
 3522
 3418
 3318
 3220
 3134
 3066
 2994
 2920
 2850
 2784
 2724
 2666
 2612
 2562
 2508
 2454
 2400
 2346
 2294
 2244
 2194
 2142
 2092
 2036
 1990
 1948
 1914
 1878
 1834
 1794
 1762
 1740
 1724
 1712
 1718
 1730
 1754
 1790
 1834
 1882
 1934
 1984
 2040
 2100
 2158
 2210
 2256
 2304
 2350
 2410
 2458
 2498
 2532
 2562
 2590
 2608
 2628
 2652
 2672
 2688
 2704
 2714
 2728
 2738
 2742
 2734
 2722
 2706
 2688
 2682
 2686
 2702
 2710
 2718
 2724
 2724
 2724
 2722
 2722
 2724
 2726
 2736
 2758
 2782
 2808
 2834
 2854
 2870
 2886
 2894
 2910
 2936
 2950
 2954
 2958
 2956
 2960
 2958
 2958
 2960
 2960
 2960
 2962
 2960
 2958
 2962
 2960
 2954
 2946
 2940
 2944
 2938
 2920
 2888
 2844
 2796
 2738
 2682
 2630
 2570
 2508
 2448
 2386
 2326
 2268
 2212
 2156
 2106
 2054
 2004
 1956
 1912
 1874
 1832
 1786
 1736
 1682
 1626
 1574
 1528
 1492
 1468
 1454
 1466
 1498
 1528
 1568
 1622
 1682
 1746
 1806
 1862
 1918
 1972
 2036
 2110
 2174
 2234
 2288
 2336
 2380
 2414
 2450
 2486
 2518
 2552
 2586
 2616
 2644
 2672
 2710
 2736
 2766
 2794
 2818
 2842
 2858
 2872
 2880
 2894
 2918
 2934
 2942
 2942
 2944
 2944
 2946
 2948
 2954
 2958
 2958
 2962
 2964
 2964
 2964
 2966
 2966
 2964
 2956
 2954
 2950
 2946
 2938
 2926
 2912
 2904
 2892
 2868
 2834
 2788
 2740
 2692
 2634
 2582
 2528
 2470
 2412
 2358
 2300
 2244
 2190
 2140
 2088
 2038
 1990
 1940
 1890
 1838
 1792
 1742
 1690
 1640
 1586
 1534
 1484
 1442
 1414
 1390
 1382
 1384
 1394
 1412
 1436
 1470
 1510
 1550
 1596
 1644
 1694
 1740
 1780
 1820
 1862
 1922
 1984
 2042
 2096
 2150
 2212
 2278
 2332
 2384
 2426
 2458
 2490
 2522
 2560
 2606
 2644
 2670
 2690
 2708
 2732
 2758
 2782
 2796
 2810
 2828
 2838
 2848
 2852
 2854
 2860
 2864
 2870
 2876
 2882
 2884
 2880
 2876
 2876
 2874
 2874
 2872
 2870
 2868
 2862
 2850
 2830
 2808
 2774
 2722
 2662
 2592
 2526
 2458
 2392
 2330
 2268
 2208
 2152
 2100
 2052
 2018
 1992
 1978
 1972
 1974
 1976
 1982
 1990
 2002
 2014
 2030
 2046
 2062
 2070
 2072
 2078
 2086
 2090
 2090
 2086
 2084
 2084
 2088
 2108
 2138
 2172
 2218
 2266
 2320
 2374
 2422
 2458
 2480
 2484
 2466
 2416
 2350
 2296
 2274
 2250
 2236
 2234
 2236
 2248
 2264
 2284
 2298
 2318
 2336
 2370
 2414
 2452
 2484
 2512
 2540
 2566
 2586
 2610
 2636
 2658
 2674
 2692
 2704
 2718
 2738
 2758
 2778
 2788
 2796
 2798
 2810
 2832
 2848
 2856
 2866
 2872
 2878
 2880
 2890
 2898
 2888
 2862
 2836
 2804
 2756
 2694
 2644
 2600
 2550
 2496
 2432
 2368
 2306
 2250
 2196
 2132
 2066
 1996
 1930
 1868
 1806
 1750
 1692
 1628
 1564
 1502
 1438
 1378
 1322
 1270
 1218
 1170
 1128
 1088
 1062
 1050
 1052
 1066
 1082
 1110
 1146
 1196
 1258
 1318
 1390
 1470
 1548
 1626
 1704
 1778
 1846
 1920
 1986
 2050
 2112
 2180
 2236
 2282
 2324
 2364
 2418
 2474
 2518
 2560
 2592
 2624
 2654
 2678
 2710
 2736
 2760
 2782
 2800
 2818
 2836
 2856
 2872
 2886
 2900
 2910
 2918
 2928
 2934
 2940
 2936
 2926
 2910
 2896
 2882
 2850
 2808
 2756
 2698
 2642
 2580
 2522
 2466
 2400
 2340
 2276
 2206
 2138
 2068
 2000
 1932
 1870
 1808
 1744
 1684
 1622
 1560
 1506
 1452
 1408
 1362
 1312
 1258
 1202
 1156
 1122
 1108
 1108
 1116
 1136
 1166
 1204
 1250
 1302
 1362
 1430
 1510
 1586
 1658
 1726
 1788
 1854
 1902
 1916
 1902
 1870
 1844
 1822
 1810
 1808
 1810
 1810
 1812
 1816
 1822
 1832
 1844
 1860
 1870
 1884
 1906
 1950
 2014
 2082
 2144
 2200
 2254
 2306
 2354
 2398
 2444
 2488
 2524
 2560
 2594
 2626
 2660
 2692
 2716
 2736
 2750
 2774
 2806
 2830
 2846
 2860
 2872
 2882
 2890
 2906
 2918
 2926
 2934
 2938
 2944
 2950
 2954
 2960
 2962
 2962
 2956
 2944
 2950
 2956
 2958
 2958
 2948
 2936
 2916
 2888
 2856
 2816
 2772
 2726
 2678
 2628
 2582
 2538
 2490
 2442
 2396
 2346
 2294
 2246
 2192
 2140
 2090
 2042
 1996
 1948
 1896
 1854
 1812
 1776
 1736
 1702
 1672
 1654
 1648
 1650
 1662
 1684
 1708
 1736
 1766
 1798
 1840
 1888
 1938
 1992
 2050
 2106
 2164
 2218
 2274
 2324
 2370
 2408
 2448
 2502
 2556
 2602
 2638
 2668
 2696
 2724
 2746
 2774
 2798
 2818
 2836
 2854
 2868
 2884
 2898
 2908
 2916
 2922
 2926
 2934
 2938
 2942
 2946
 2944
 2940
 2936
 2942
 2954
 2962
 2968
 2966
 2966
 2966
 2968
 2972
 2974
 2974
 2970
 2960
 2944
 2920
 2890
 2854
 2816
 2774
 2726
 2682
 2636
 2592
 2540
 2484
 2428
 2374
 2326
 2270
 2212
 2150
 2086
 2030
 1970
 1910
 1856
 1796
 1734
 1676
 1616
 1560
 1512
 1472
 1440
 1418
 1402
 1390
 1384
 1392
 1408
 1436
 1464
 1490
 1522
 1556
 1598
 1634
 1666
 1714
 1774
 1854
 1948
 2042
 2130
 2214
 2292
 2352
 2394
 2414
 2408
 2406
 2404
 2390
 2378
 2376
 2370
 2370
 2378
 2394
 2412
 2430
 2452
 2470
 2480
 2484
 2484
 2476
 2432
 2378
 2328
 2270
 2186
 2086
 1974
 1840
 1686
 1514
 1324
 1112
 888
 652
 408
 178
 0
 0
 0
 0
 0
 0
 0
 0
 0
 0
 0
 0
 0
 0
 0
 0
 0
 0
 0
 0
 0
 0
 0
 0
 0
 0
 0
 0
 0
 0
 0
 0
 0
 0
 0
 0
 0
 0
 0
 0
 0
 0
 0
 0
 0
 0
 0
 0
 0
 0
 0
 0
 192
 368
 504
 610
 708
 800
 896
 1006
 1124
 1246
 1350
 1434
 1500
 1566
 1624
 1674
 1706
 1742
 1794
 1874
 1962
 2044
 2124
 2182
 2222
 2254
 2280
 2302
 2320
 2336
 2364
 2396
 2420
 2436
 2438
 2440
 2466
 2512
 2558
 2604
 2646
 2696
 2730
 2740
 2728
 2700
 2660
 2610
 2554
 2490
 2406
 2310
 2210
 2106
 1996
 1890
 1790
 1684
 1580
 1482
 1396
 1326
 1260
 1204
 1158
 1124
 1100
 1076
 1062
 1042
 1010
 978
 944
 908
 878
 842
 786
 722
 634
 540
 426
 282
 132
 0
 0
 0
 0
 0
 0
 0
 0
 0
 0
 0
 0
 28
 192
 362
 524
 670
 814
 956
 1090
 1196
 1294
 1408
 1514
 1612
 1700
 1780
 1860
 1954
 2042
 2122
 2176
 2226
 2266
 2290
 2302
 2312
 2320
 2318
 2312
 2308
 2314
 2350
 2388
 2408
 2422
 2440
 2460
 2480
 2506
 2534
 2570
 2608
 2646
 2674
 2694
 2704
 2706
 2708
 2708
 2712
 2716
 2720
 2734
 2744
 2750
 2768
 2804
 2846
 2874
 2892
 2904
 2908
 2912
 2914
 2926
 2942
 2960
 2980
 3000
 3020
 3040
 3056
 3074
 3092
 3112
 3126
 3138
 3150
 3162
 3172
 3178
 3188
 3198
 3208
 3214
 3214
 3210
 3214
 3230
 3246
 3254
 3256
 3260
 3262
 3262
 3264
 3270
 3272
 3274
 3276
 3274
 3274
 3274
 3276
 3278
 3278
 3278
 3276
 3276
 3272
 3268
 3260
 3254
 3250
 3240
 3232
 3226
 3230
 3240
 3244
 3248
 3244
 3242
 3242
 3240
 3244
 3246
 3244
 3244
 3242
 3240
 3234
 3230
 3228
 3228
 3226
 3224
 3220
 3218
 3214
 3210
 3206
 3200
 3192
 3186
 3180
 3186
 3192
 3196
 3198
 3196
 3192
 3192
 3190
 3190
 3190
 3186
 3182
 3178
 3174
 3168
 3166
 3164
 3164
 3162
 3160
 3156
 3154
 3152
 3148
 3146
 3144
 3136
 3130
 3128
 3130
 3134
 3138
 3138
 3138
 3136
 3136
 3134
 3136
 3138
 3138
 3136
 3136
 3134
 3132
 3130
 3128
 3128
 3126
 3126
 3122
 3116
 3112
 3106
 3104
 3098
 3092
 3086
 3090
 3100
 3106
 3110
 3112
 3110
 3112
 3114
 3112
 3112
 3110
 3114
 3110
 3102
 3098
 3096
 3096
 3092
 3092
 3094
 3092
 3092
 3088
 3078
 3070
 3070
 3074
 3074
 3066
 3054
 3040
 3032
 3024
 3016
 3014
 3010
 3010
 3010
 3006
 3004
 3004
 3006
 3008
 3010
 3014
 3016
 3020
 3030
 3036
 3042
 3044
 3044
 3042
 3038
 3036
 3038
 3036
 3032
 3032
 3028
 3028
 3032
 3032
 3032
 3028
 3028
 3036
 3044
 3042
 3038
 3032
 3026
 3020
 3018
 3018
 3016
 3014
 3012
 3010
 3008
 3006
 3008
 3006
 2996
 2988
 2982
 2984
 2990
 2990
 2990
 2988
 2986
 2984
 2982
 2982
 2984
 2984
 2984
 2980
 2976
 2976
 2974
 2972
 2966
 2960
 2958
 2954
 2950
 2946
 2944
 2940
 2938
 2936
 2932
 2924
 2918
 2912
 2906
 2902
 2886
 2860
 2820
 2772
 2726
 2676
 2630
 2586
 2542
 2498
 2460
 2424
 2390
 2362
 2342
 2328
 2320
 2322
 2332
 2352
 2372
 2392
 2412
 2436
 2462
 2488
 2526
 2564
 2596
 2628
 2652
 2674
 2696
 2710
 2724
 2738
 2750
 2762
 2772
 2782
 2794
 2802
 2812
 2822
 2830
 2838
 2844
 2850
 2854
 2860
 2862
 2866
 2866
 2864
 2860
 2860
 2870
 2876
 2880
 2878
 2874
 2874
 2874
 2872
 2872
 2874
 2874
 2874
 2874
 2870
 2868
 2870
 2868
 2868
 2870
 2870
 2872
 2870
 2872
 2874
 2876
 2874
 2872
 2868
 2868
 2874
 2882
 2884
 2886
 2884
 2886
 2886
 2884
 2882
 2878
 2870
 2866
 2862
 2856
 2852
 2852
 2850
 2850
 2852
 2856
 2858
 2858
 2860
 2862
 2860
 2858
 2854
 2858
 2870
 2878
 2884
 2888
 2888
 2890
 2888
 2886
 2888
 2888
 2886
 2884
 2880
 2876
 2874
 2872
 2872
 2872
 2870
 2862
 2838
 2804
 2760
 2712
 2664
 2626
 2592
 2564
 2532
 2500
 2466
 2434
 2402
 2372
 2342
 2314
 2282
 2246
 2216
 2186
 2166
 2158
 2162
 2172
 2188
 2204
 2222
 2240
 2266
 2296
 2316
 2320
 2300
 2264
 2234
 2206
 2188
 2182
 2178
 2178
 2180
 2184
 2188
 2196
 2202
 2206
 2214
 2234
 2266
 2310
 2354
 2390
 2422
 2444
 2462
 2476
 2484
 2498
 2510
 2522
 2534
 2550
 2564
 2580
 2592
 2596
 2598
 2590
 2588
 2588
 2586
 2586
 2586
 2586
 2588
 2592
 2598
 2606
 2612
 2620
 2628
 2638
 2648
 2660
 2672
 2686
 2694
 2700
 2706
 2718
 2738
 2756
 2768
 2776
 2784
 2790
 2794
 2798
 2808
 2816
 2820
 2824
 2830
 2834
 2838
 2840
 2846
 2850
 2850
 2850
 2854
 2856
 2856
 2856
 2856
 2848
 2838
 2830
 2832
 2846
 2854
 2862
 2864
 2864
 2866
 2864
 2868
 2876
 2874
 2872
 2872
 2874
 2876
 2880
 2880
 2882
 2886
 2888
 2890
 2890
 2880
 2856
 2832
 2806
 2786
 2764
 2748
 2738
 2742
 2752
 2756
 2766
 2774
 2780
 2790
 2796
 2808
 2824
 2834
 2842
 2852
 2858
 2862
 2868
 2870
 2874
 2876
 2880
 2880
 2882
 2880
 2874
 2870
 2868
 2862
 2856
 2848
 2848
 2846
 2836
 2820
 2802
 2784
 2764
 2734
 2696
 2660
 2606
 2548
 2486
 2422
 2362
 2312
 2262
 2210
 2158
 2106
 2050
 1994
 1940
 1888
 1836
 1784
 1738
 1696
 1660
 1622
 1578
 1538
 1500
 1480
 1468
 1460
 1464
 1478
 1506
 1544
 1582
 1618
 1660
 1710
 1768
 1822
 1874
 1920
 1972
 2014
 2052
 2088
 2122
 2174
 2226
 2272
 2314
 2352
 2388
 2424
 2454
 2486
 2516
 2542
 2570
 2594
 2614
 2636
 2658
 2682
 2702
 2722
 2742
 2760
 2780
 2792
 2800
 2806
 2822
 2848
 2870
 2888
 2904
 2908
 2912
 2916
 2924
 2936
 2944
 2942
 2940
 2932
 2926
 2920
 2916
 2916
 2916
 2918
 2920
 2918
 2914
 2912
 2918
 2928
 2934
 2938
 2938
 2938
 2940
 2934
 2928
 2920
 2890
 2842
 2786
 2732
 2682
 2640
 2598
 2558
 2514
 2466
 2424
 2382
 2342
 2296
 2252
 2204
 2156
 2112
 2070
 2028
 1988
 1946
 1900
 1858
 1816
 1780
 1748
 1732
 1718
 1710
 1712
 1728
 1764
 1810
 1858
 1908
 1960
 2014
 2070
 2116
 2164
 2214
 2260
 2304
 2344
 2380
 2416
 2454
 2492
 2524
 2558
 2588
 2608
 2622
 2632
 2648
 2674
 2686
 2684
 2670
 2656
 2642
 2628
 2620
 2616
 2610
 2606
 2602
 2596
 2596
 2596
 2596
 2594
 2588
 2588
 2594
 2612
 2642
 2670
 2696
 2716
 2736
 2760
 2780
 2798
 2818
 2838
 2856
 2872
 2888
 2902
 2914
 2928
 2936
 2942
 2942
 2942
 2950
 2964
 2972
 2976
 2978
 2982
 2982
 2984
 2990
 2992
 2996
 2996
 2998
 2998
 3002
 3002
 3002
 3002
 2996
 2984
 2964
 2950
 2928
 2894
 2848
 2794
 2740
 2684
 2626
 2572
 2514
 2454
 2394
 2334
 2276
 2220
 2168
 2116
 2068
 2018
 1968
 1918
 1862
 1812
 1754
 1698
 1648
 1596
 1546
 1498
 1448
 1398
 1352
 1320
 1298
 1294
 1318
 1362
 1414
 1462
 1508
 1552
 1606
 1666
 1724
 1782
 1830
 1870
 1906
 1936
 1964
 1990
 2026
 2080
 2130
 2174
 2216
 2256
 2296
 2324
 2348
 2374
 2400
 2426
 2454
 2480
 2502
 2522
 2540
 2560
 2584
 2612
 2640
 2664
 2692
 2718
 2742
 2766
 2782
 2794
 2812
 2842
 2874
 2900
 2918
 2926
 2938
 2948
 2958
 2970
 2982
 2990
 3000
 3010
 3018
 3024
 3028
 3030
 3034
 3034
 3032
 3030
 3030
 3026
 3018
 2998
 2966
 2932
 2902
 2870
 2828
 2782
 2732
 2680
 2634
 2582
 2534
 2484
 2430
 2376
 2324
 2270
 2218
 2170
 2120
 2074
 2026
 1972
 1916
 1858
 1796
 1744
 1694
 1648
 1598
 1550
 1502
 1464
 1436
 1426
 1434
 1462
 1504
 1554
 1612
 1668
 1728
 1790
 1852
 1920
 1990
 2054
 2114
 2174
 2236
 2314
 2390
 2452
 2506
 2554
 2594
 2628
 2654
 2686
 2714
 2740
 2762
 2784
 2806
 2826
 2848
 2870
 2890
 2912
 2926
 2936
 2940
 2948
 2966
 2982
 2990
 2994
 2996
 2998
 2998
 2996
 3000
 3004
 3004
 3004
 3000
 2998
 2998
 2994
 2988
 2970
 2946
 2908
 2862
 2810
 2764
 2726
 2678
 2628
 2580
 2530
 2482
 2434
 2386
 2346
 2296
 2242
 2196
 2146
 2092
 2044
 2000
 1952
 1912
 1866
 1818
 1774
 1732
 1694
 1650
 1608
 1566
 1530
 1504
 1488
 1482
 1492
 1508
 1530
 1560
 1596
 1638
 1692
 1746
 1804
 1860
 1910
 1960
 2010
 2070
 2140
 2200
 2254
 2300
 2348
 2394
 2432
 2470
 2510
 2546
 2578
 2606
 2634
 2660
 2686
 2714
 2742
 2768
 2786
 2808
 2830
 2848
 2854
 2862
 2892
 2920
 2940
 2952
 2962
 2972
 2976
 2976
 2984
 2990
 2992
 2988
 2988
 2984
 2982
 2976
 2970
 2960
 2948
 2934
 2916
 2902
 2884
 2868
 2844
 2798
 2730
 2648
 2570
 2496
 2426
 2370
 2324
 2282
 2246
 2218
 2184
 2148
 2108
 2064
 2014
 1960
 1908
 1866
 1836
 1810
 1792
 1774
 1752
 1734
 1718
 1700
 1674
 1644
 1614
 1580
 1546
 1516
 1514
 1542
 1586
 1646
 1708
 1762
 1820
 1880
 1954
 2028
 2102
 2182
 2264
 2352
 2448
 2542
 2644
 2748
 2858
 2966
 3064
 3156
 3240
 3314
 3366
 3394
 3416
 3430
 3432
 3400
 3338
 3258
 3162
 3072
 2988
 2898
 2808
 2720
 2638
 2564
 2494
 2430
 2382
 2340
 2300
 2270
 2240
 2204
 2156
 2100
 2030
 1956
 1884
 1810
 1734
 1680
 1642
 1634
 1656
 1690
 1724
 1770
 1816
 1858
 1894
 1930
 1962
 1984
 1992
 2002
 2006
 2008
 2002
 1988
 1960
 1908
 1840
 1768
 1686
 1600
 1520
 1426
 1316
 1186
 1030
 846
 628
 390
 138
 0
 0
 0
 0
 0
 0
 0
 0
 0
 0
 0
 0
 0
 0
 0
 0
 0
 0
 0
 0
 0
 0
 0
 0
 0
 0
 0
 0
 136
 282
 416
 570
 718
 844
 956
 1052
 1134
 1174
 1186
 1192
 1204
 1212
 1224
 1234
 1254
 1274
 1292
 1312
 1340
 1374
 1424
 1470
 1520
 1570
 1622
 1670
 1716
 1760
 1804
 1846
 1884
 1924
 1960
 1996
 2034
 2068
 2094
 2116
 2134
 2146
 2156
 2158
 2156
 2156
 2156
 2156
 2158
 2156
 2154
 2156
 2176
 2202
 2222
 2242
 2258
 2276
 2288
 2300
 2318
 2338
 2350
 2362
 2374
 2384
 2392
 2402
 2410
 2422
 2430
 2442
 2456
 2468
 2480
 2492
 2498
 2500
 2506
 2522
 2538
 2550
 2558
 2564
 2568
 2570
 2574
 2582
 2586
 2590
 2592
 2594
 2592
 2594
 2594
 2598
 2606
 2612
 2616
 2618
 2620
 2628
 2628
 2628
 2630
 2642
 2652
 2662
 2668
 2670
 2674
 2680
 2682
 2692
 2698
 2704
 2708
 2708
 2708
 2710
 2714
 2722
 2730
 2742
 2752
 2758
 2760
 2754
 2744
 2738
 2736
 2748
 2756
 2758
 2760
 2762
 2764
 2764
 2766
 2764
 2764
 2762
 2760
 2764
 2768
 2776
 2786
 2796
 2804
 2808
 2812
 2808
 2804
 2798
 2800
 2808
 2812
 2806
 2792
 2772
 2756
 2744
 2740
 2740
 2736
 2734
 2732
 2732
 2732
 2734
 2736
 2736
 2732
 2732
 2738
 2754
 2772
 2784
 2792
 2794
 2798
 2802
 2808
 2814
 2816
 2820
 2822
 2822
 2822
 2824
 2824
 2824
 2818
 2818
 2826
 2830
 2830
 2828
 2822
 2816
 2808
 2794
 2776
 2746
 2710
 2668
 2628
 2586
 2548
 2510
 2470
 2432
 2402
 2380
 2354
 2328
 2306
 2288
 2278
 2278
 2282
 2292
 2310
 2330
 2352
 2378
 2402
 2428
 2454
 2480
 2506
 2528
 2542
 2556
 2572
 2604
 2634
 2656
 2672
 2684
 2698
 2708
 2718
 2734
 2744
 2752
 2758
 2762
 2768
 2774
 2780
 2790
 2800
 2806
 2810
 2818
 2824
 2828
 2832
 2830
 2828
 2826
 2836
 2850
 2860
 2868
 2870
 2870
 2872
 2874
 2880
 2882
 2882
 2884
 2882
 2884
 2880
 2882
 2882
 2882
 2882
 2874
 2870
 2866
 2864
 2860
 2858
 2850
 2842
 2838
 2846
 2860
 2866
 2872
 2872
 2870
 2872
 2870
 2874
 2878
 2882
 2880
 2876
 2876
 2876
 2874
 2874
 2872
 2870
 2868
 2866
 2866
 2866
 2862
 2862
 2854
 2848
 2844
 2850
 2860
 2866
 2874
 2874
 2874
 2876
 2876
 2884
 2888
 2890
 2892
 2892
 2884
 2880
 2878
 2876
 2876
 2874
 2870
 2866
 2864
 2860
 2860
 2854
 2846
 2840
 2838
 2850
 2860
 2866
 2868
 2870
 2874
 2878
 2880
 2888
 2890
 2892
 2890
 2884
 2878
 2872
 2866
 2866
 2868
 2870
 2872
 2866
 2860
 2854
 2844
 2836
 2832
 2838
 2848
 2854
 2862
 2866
 2874
 2888
 2918
 2980
 3080
 3196
 3306
 3412
 3494
 3550
 3586
 3600
 3584
 3534
 3462
 3384
 3286
 3168
 3052
 2938
 2842
 2748
 2654
 2566
 2486
 2416
 2354
 2296
 2244
 2192
 2138
 2082
 2026
 1968
 1918
 1868
 1824
 1786
 1742
 1704
 1684
 1674
 1672
 1670
 1668
 1666
 1668
 1676
 1690
 1716
 1750
 1790
 1832
 1874
 1914
 1952
 1988
 2024
 2064
 2104
 2138
 2176
 2216
 2274
 2328
 2372
 2412
 2446
 2478
 2506
 2528
 2556
 2580
 2602
 2622
 2638
 2654
 2672
 2690
 2710
 2728
 2744
 2756
 2762
 2768
 2776
 2794
 2814
 2826
 2836
 2840
 2846
 2848
 2852
 2860
 2866
 2870
 2876
 2876
 2878
 2880
 2882
 2884
 2884
 2878
 2874
 2872
 2870
 2866
 2850
 2814
 2764
 2714
 2658
 2596
 2530
 2466
 2406
 2350
 2292
 2244
 2192
 2136
 2084
 2028
 1970
 1914
 1860
 1808
 1758
 1706
 1654
 1602
 1550
 1498
 1452
 1410
 1368
 1330
 1288
 1244
 1202
 1162
 1128
 1094
 1074
 1054
 1034
 1020
 1008
 1000
 992
 988
 996
 1012
 1040
 1080
 1122
 1174
 1232
 1298
 1370
 1436
 1494
 1550
 1604
 1654
 1694
 1738
 1784
 1830
 1878
 1918
 1954
 1988
 2018
 2048
 2076
 2102
 2132
 2162
 2196
 2234
 2276
 2310
 2342
 2372
 2414
 2460
 2500
 2538
 2570
 2600
 2630
 2652
 2676
 2702
 2720
 2740
 2758
 2772
 2788
 2802
 2818
 2834
 2850
 2862
 2874
 2886
 2898
 2910
 2920
 2920
 2926
 2932
 2958
 2976
 2980
 2972
 2944
 2904
 2870
 2864
 2908
 2994
 3076
 3122
 3150
 3208
 3300
 3396
 3436
 3410
 3368
 3348
 3340
 3326
 3270
 3180
 3078
 2974
 2886
 2810
 2730
 2642
 2554
 2476
 2412
 2354
 2308
 2262
 2210
 2156
 2098
 2038
 1980
 1926
 1874
 1820
 1766
 1712
 1666
 1622
 1580
 1540
 1500
 1462
 1424
 1394
 1368
 1356
 1350
 1350
 1358
 1372
 1386
 1404
 1432
 1472
 1518
 1574
 1626
 1684
 1748
 1790
 1826
 1874
 1922
 1976
 2022
 2058
 2074
 2126
 2260
 2450
 2684
 2922
 3140
 3306
 3386
 3426
 3458
 3482
 3488
 3474
 3450
 3400
 3338
 3274
 3206
 3130
 3044
 2968
 2912
 2860
 2826
 2800
 2774
 2760
 2760
 2760
 2758
 2754
 2756
 2776
 2792
 2808
 2828
 2844
 2858
 2870
 2882
 2898
 2912
 2916
 2922
 2932
 2936
 2946
 2950
 2952
 2950
 2952
 2964
 2970
 2976
 2978
 2974
 2972
 2970
 2972
 2978
 2978
 2978
 2976
 2976
 2976
 2978
 2976
 2968
 2960
 2950
 2942
 2942
 2926
 2896
 2854
 2800
 2742
 2678
 2618
 2562
 2506
 2454
 2404
 2356
 2310
 2266
 2224
 2182
 2140
 2102
 2064
 2024
 1986
 1950
 1908
 1866
 1834
 1806
 1784
 1766
 1750
 1744
 1748
 1766
 1798
 1856
 1972
 2154
 2368
 2582
 2772
 2936
 3066
 3162
 3230
 3280
 3316
 3338
 3354
 3358
 3356
 3354
 3352
 3360
 3360
 3356
 3350
 3344
 3340
 3338
 3340
 3346
 3348
 3350
 3352
 3354
 3352
 3352
 3350
 3354
 3358
 3354
 3348
 3338
 3326
 3310
 3296
 3288
 3282
 3272
 3260
 3244
 3226
 3212
 3198
 3188
 3178
 3166
 3154
 3140
 3126
 3112
 3094
 3068
 3028
 2964
 2878
 2794
 2718
 2646
 2586
 2534
 2494
 2456
 2416
 2372
 2330
 2290
 2250
 2212
 2176
 2134
 2090
 2042
 1992
 1940
 1894
 1854
 1818
 1786
 1754
 1722
 1690
 1664
 1640
 1620
 1604
 1588
 1570
 1556
 1550
 1552
 1562
 1586
 1616
 1650
 1690
 1736
 1786
 1844
 1906
 1968
 2032
 2086
 2132
 2168
 2204
 2232
 2272
 2318
 2354
 2392
 2426
 2456
 2488
 2510
 2536
 2564
 2588
 2612
 2634
 2654
 2678
 2702
 2728
 2748
 2772
 2792
 2814
 2830
 2842
 2850
 2858
 2878
 2900
 2914
 2918
 2918
 2918
 2918
 2918
 2920
 2922
 2918
 2914
 2896
 2866
 2818
 2768
 2718
 2670
 2624
 2580
 2538
 2496
 2456
 2414
 2370
 2330
 2290
 2256
 2214
 2172
 2128
 2086
 2052
 2018
 1988
 1964
 1940
 1916
 1890
 1866
 1850
 1842
 1846
 1862
 1890
 1916
 1944
 1970
 2002
 2036
 2066
 2104
 2136
 2164
 2190
 2210
 2236
 2258
 2278
 2306
 2328
 2354
 2380
 2406
 2430
 2460
 2488
 2518
 2546
 2574
 2602
 2622
 2638
 2652
 2672
 2702
 2726
 2744
 2760
 2772
 2784
 2794
 2802
 2816
 2822
 2830
 2834
 2840
 2846
 2856
 2868
 2890
 2922
 2970
 3022
 3076
 3118
 3140
 3144
 3142
 3122
 3076
 3010
 2934
 2856
 2782
 2708
 2644
 2586
 2530
 2476
 2432
 2392
 2358
 2324
 2296
 2272
 2258
 2248
 2248
 2266
 2306
 2384
 2484
 2610
 2770
 2948
 3132
 3304
 3452
 3566
 3638
 3698
 3738
 3760
 3774
 3786
 3798
 3802
 3798
 3798
 3792
 3786
 3778
 3772
 3768
 3762
 3760
 3762
 3768
 3788
 3804
 3824
 3866
 3920
 3982
 4040
 4082
 4094
 4094
 4094
 4094
 4094
 4094
 4094
 4094
 4094
 4090
 4082
 4074
 4070
 4066
 4062
 4056
 4046
 4038
 4026
 4006
 3970
 3904
 3814
 3702
 3574
 3444
 3320
 3194
 3074
 2962
 2862
 2766
 2674
 2592
 2516
 2446
 2384
 2326
 2274
 2218
 2160
 2104
 2042
 1976
 1914
 1856
 1802
 1748
 1698
 1644
 1598
 1556
 1522
 1490
 1456
 1422
 1390
 1364
 1338
 1308
 1290
 1270
 1242
 1218
 1190
 1166
 1148
 1136
 1132
 1134
 1152
 1186
 1236
 1292
 1350
 1404
 1454
 1504
 1564
 1654
 1770
 1906
 2048
 2188
 2306
 2404
 2484
 2556
 2616
 2660
 2702
 2738
 2766
 2794
 2818
 2836
 2852
 2872
 2904
 2930
 2956
 2978
 3000
 3018
 3036
 3050
 3066
 3078
 3088
 3096
 3102
 3108
 3114
 3122
 3128
 3134
 3134
 3138
 3142
 3140
 3138
 3130
 3122
 3124
 3116
 3098
 3058
 3002
 2942
 2884
 2824
 2774
 2722
 2670
 2616
 2564
 2514
 2462
 2412
 2360
 2310
 2262
 2214
 2168
 2122
 2074
 2028
 1986
 1950
 1922
 1892
 1864
 1844
 1830
 1826
 1826
 1836
 1856
 1878
 1910
 1942
 1966
 1986
 2006
 2030
 2062
 2102
 2150
 2200
 2246
 2292
 2342
 2402
 2456
 2504
 2546
 2584
 2624
 2658
 2688
 2722
 2754
 2784
 2810
 2834
 2854
 2876
 2896
 2916
 2940
 2972
 3004
 3056
 3128
 3210
 3298
 3382
 3454
 3504
 3544
 3566
 3578
 3586
 3590
 3592
 3588
 3578
 3566
 3550
 3530
 3512
 3488
 3470
 3456
 3444
 3438
 3430
 3418
 3408
 3400
 3392
 3390
 3384
 3382
 3388
 3414
 3458
 3514
 3568
 3620
 3654
 3680
 3706
 3732
 3758
 3778
 3788
 3794
 3802
 3808
 3816
 3826
 3830
 3830
 3830
 3834
 3832
 3832
 3832
 3828
 3822
 3812
 3794
 3754
 3684
 3596
 3498
 3392
 3284
 3186
 3092
 3006
 2928
 2858
 2786
 2722
 2662
 2610
 2554
 2498
 2442
 2380
 2326
 2276
 2222
 2174
 2128
 2080
 2034
 1986
 1942
 1902
 1864
 1830
 1798
 1760
 1730
 1702
 1672
 1652
 1632
 1614
 1594
 1582
 1576
 1576
 1582
 1594
 1608
 1626
 1648
 1674
 1698
 1724
 1754
 1788
 1828
 1864
 1908
 1952
 2006
 2074
 2132
 2182
 2224
 2264
 2304
 2338
 2374
 2410
 2442
 2476
 2508
 2538
 2568
 2600
 2634
 2664
 2694
 2726
 2756
 2788
 2814
 2832
 2846
 2862
 2888
 2912
 2926
 2940
 2948
 2954
 2960
 2966
 2978
 2986
 2992
 2998
 3000
 3006
 3008
 3014
 3022
 3028
 3034
 3038
 3040
 3042
 3042
 3046
 3044
 3038
 3030
 3018
 3000
 2970
 2922
 2858
 2786
 2714
 2648
 2584
 2524
 2466
 2406
 2348
 2290
 2234
 2176
 2126
 2076
 2028
 1984
 1940
 1898
 1854
 1814
 1774
 1732
 1694
 1662
 1634
 1604
 1570
 1538
 1508
 1482
 1462
 1438
 1428
 1420
 1418
 1420
 1424
 1434
 1450
 1474
 1500
 1532
 1562
 1600
 1636
 1674
 1716
 1764
 1822
 1884
 1942
 2002
 2056
 2112
 2158
 2190
 2224
 2250
 2280
 2318
 2354
 2390
 2428
 2466
 2502
 2536
 2570
 2604
 2638
 2670
 2690
 2708
 2726
 2752
 2784
 2808
 2828
 2846
 2862
 2876
 2888
 2900
 2912
 2918
 2920
 2920
 2920
 2924
 2930
 2932
 2936
 2940
 2944
 2946
 2946
 2942
 2934
 2918
 2898
 2862
 2822
 2780
 2744
 2716
 2684
 2650
 2614
 2576
 2540
 2502
 2464
 2430
 2394
 2356
 2322
 2284
 2248
 2216
 2182
 2152
 2120
 2094
 2068
 2048
 2032
 2022
 2016
 2018
 2032
 2060
 2104
 2148
 2190
 2226
 2260
 2294
 2330
 2370
 2412
 2450
 2482
 2510
 2536
 2560
 2582
 2604
 2628
 2652
 2680
 2706
 2732
 2754
 2770
 2782
 2790
 2806
 2830
 2854
 2872
 2882
 2890
 2898
 2906
 2910
 2912
 2920
 2922
 2928
 2930
 2932
 2936
 2942
 2946
 2950
 2954
 2958
 2960
 2964
 2962
 2956
 2948
 2946
 2952
 2954
 2948
 2940
 2918
 2886
 2848
 2802
 2756
 2708
 2658
 2608
 2558
 2506
 2460
 2416
 2374
 2336
 2300
 2264
 2228
 2194
 2158
 2126
 2100
 2082
 2062
 2044
 2026
 2014
 2008
 2016
 2036
 2078
 2144
 2256
 2396
 2520
 2636
 2748
 2854
 2948
 3030
 3088
 3118
 3120
 3100
 3066
 3036
 3016
 3002
 2988
 2976
 2966
 2960
 2958
 2956
 2956
 2958
 2958
 2962
 2962
 2960
 2960
 2964
 2968
 2974
 2978
 2984
 2990
 2992
 2992
 2990
 2994
 3004
 3012
 3016
 3016
 2998
 2982
 2976
 2972
 2982
 2992
 3000
 3000
 2998
 2994
 2998
 2998
 3000
 2986
 2954
 2900
 2838
 2772
 2704
 2636
 2570
 2502
 2436
 2372
 2314
 2258
 2196
 2136
 2078
 2022
 1974
 1928
 1880
 1832
 1782
 1734
 1686
 1638
 1592
 1556
 1518
 1478
 1444
 1412
 1380
 1352
 1332
 1320
 1320
 1334
 1358
 1396
 1444
 1502
 1564
 1632
 1706
 1786
 1866
 1942
 2004
 2054
 2094
 2136
 2178
 2226
 2276
 2318
 2362
 2408
 2466
 2520
 2560
 2590
 2616
 2634
 2654
 2664
 2674
 2686
 2694
 2696
 2696
 2696
 2704
 2716
 2740
 2770
 2806
 2838
 2858
 2872
 2882
 2896
 2902
 2902
 2898
 2888
 2872
 2846
 2804
 2762
 2728
 2694
 2674
 2656
 2644
 2636
 2634
 2636
 2638
 2638
 2638
 2638
 2650
 2668
 2682
 2696
 2706
 2714
 2724
 2730
 2738
 2750
 2758
 2764
 2770
 2776
 2780
 2788
 2792
 2794
 2792
 2794
 2806
 2816
 2824
 2828
 2832
 2836
 2838
 2844
 2852
 2852
 2856
 2856
 2856
 2856
 2858
 2860
 2864
 2866
 2866
 2864
 2862
 2858
 2864
 2872
 2878
 2882
 2886
 2886
 2888
 2886
 2882
 2880
 2880
 2878
 2878
 2876
 2874
 2872
 2872
 2868
 2864
 2860
 2854
 2844
 2828
 2800
 2760
 2712
 2660
 2616
 2578
 2530
 2482
 2434
 2386
 2344
 2302
 2260
 2220
 2178
 2132
 2086
 2040
 1994
 1948
 1908
 1866
 1824
 1782
 1738
 1700
 1664
 1632
 1616
 1610
 1620
 1644
 1678
 1714
 1752
 1798
 1840
 1876
 1918
 1960
 2006
 2052
 2092
 2132
 2172
 2212
 2250
 2286
 2322
 2362
 2404
 2444
 2470
 2494
 2510
 2540
 2578
 2608
 2634
 2656
 2676
 2696
 2710
 2728
 2746
 2760
 2772
 2784
 2794
 2804
 2814
 2826
 2834
 2842
 2850
 2856
 2860
 2858
 2852
 2850
 2854
 2850
 2834
 2804
 2754
 2708
 2652
 2592
 2544
 2494
 2438
 2376
 2314
 2250
 2192
 2138
 2086
 2030
 1974
 1920
 1866
 1812
 1764
 1720
 1682
 1640
 1594
 1552
 1510
 1466
 1426
 1390
 1370
 1364
 1380
 1404
 1426
 1452
 1484
 1524
 1566
 1612
 1658
 1702
 1748
 1800
 1864
 1942
 2010
 2072
 2128
 2178
 2224
 2260
 2298
 2336
 2372
 2402
 2432
 2458
 2486
 2512
 2540
 2566
 2592
 2618
 2636
 2650
 2668
 2694
 2728
 2748
 2754
 2768
 2782
 2804
 2814
 2806
 2780
 2726
 2660
 2572
 2476
 2372
 2272
 2172
 2078
 1986
 1896
 1822
 1776
 1742
 1716
 1702
 1690
 1692
 1704
 1720
 1740
 1758
 1776
 1768
 1736
 1682
 1614
 1536
 1446
 1334
 1194
 1026
 844
 636
 410
 178
 0
 0
 0
 0
 0
 0
 0
 0
 0
 0
 0
 0
 76
 226
 368
 492
 618
 752
 886
 1018
 1150
 1278
 1390
 1482
 1570
 1660
 1750
 1832
 1908
 1976
 2036
 2094
 2148
 2196
 2228
 2266
 2314
 2354
 2386
 2412
 2434
 2456
 2470
 2484
 2502
 2518
 2528
 2538
 2550
 2560
 2570
 2582
 2596
 2610
 2622
 2630
 2648
 2668
 2680
 2690
 2698
 2702
 2702
 2702
 2708
 2716
 2720
 2722
 2728
 2734
 2742
 2750
 2756
 2762
 2764
 2766
 2764
 2762
 2772
 2780
 2786
 2790
 2784
 2772
 2748
 2720
 2690
 2652
 2606
 2558
 2506
 2454
 2400
 2346
 2292
 2238
 2188
 2132
 2074
 2022
 1974
 1928
 1880
 1828
 1776
 1726
 1680
 1632
 1590
 1550
 1508
 1474
 1442
 1412
 1390
 1376
 1372
 1374
 1380
 1388
 1406
 1428
 1458
 1490
 1518
 1548
 1580
 1616
 1656
 1686
 1726
 1766
 1802
 1842
 1880
 1920
 1964
 2010
 2056
 2106
 2154
 2204
 2244
 2282
 2318
 2364
 2418
 2462
 2500
 2528
 2558
 2588
 2614
 2642
 2672
 2708
 2732
 2748
 2758
 2768
 2776
 2788
 2798
 2806
 2816
 2824
 2830
 2838
 2840
 2838
 2832
 2838
 2842
 2844
 2844
 2838
 2834
 2832
 2828
 2830
 2830
 2830
 2830
 2828
 2822
 2822
 2822
 2822
 2828
 2830
 2834
 2836
 2838
 2836
 2834
 2830
 2836
 2850
 2858
 2864
 2870
 2872
 2876
 2878
 2882
 2884
 2882
 2878
 2874
 2872
 2870
 2866
 2868
 2868
 2868
 2868
 2868
 2864
 2858
 2862
 2870
 2876
 2876
 2868
 2850
 2816
 2766
 2712
 2654
 2588
 2520
 2454
 2384
 2316
 2254
 2192
 2132
 2076
 2018
 1960
 1906
 1856
 1808
 1756
 1700
 1644
 1588
 1532
 1480
 1430
 1388
 1356
 1326
 1304
 1288
 1280
 1284
 1300
 1324
 1354
 1388
 1426
 1468
 1524
 1582
 1636
 1686
 1732
 1774
 1812
 1846
 1874
 1888
 1888
 1866
 1836
 1810
 1794
 1788
 1794
 1808
 1820
 1834
 1850
 1876
 1904
 1924
 1942
 1956
 1972
 2000
 2036
 2078
 2120
 2158
 2198
 2242
 2284
 2324
 2368
 2410
 2446
 2478
 2514
 2562
 2604
 2638
 2662
 2676
 2690
 2700
 2710
 2724
 2734
 2744
 2754
 2762
 2768
 2782
 2794
 2804
 2810
 2812
 2824
 2838
 2844
 2848
 2846
 2846
 2846
 2844
 2852
 2856
 2858
 2860
 2860
 2862
 2866
 2870
 2876
 2880
 2884
 2886
 2878
 2872
 2866
 2874
 2876
 2878
 2874
 2870
 2868
 2864
 2866
 2870
 2872
 2876
 2884
 2886
 2890
 2890
 2886
 2882
 2882
 2878
 2878
 2866
 2844
 2810
 2782
 2750
 2706
 2658
 2602
 2546
 2490
 2434
 2382
 2328
 2272
 2216
 2162
 2104
 2048
 1998
 1948
 1900
 1852
 1810
 1766
 1720
 1680
 1646
 1624
 1600
 1578
 1558
 1550
 1560
 1578
 1608
 1656
 1704
 1756
 1814
 1870
 1926
 1984
 2044
 2102
 2160
 2216
 2270
 2318
 2356
 2390
 2434
 2488
 2536
 2574
 2606
 2634
 2664
 2684
 2704
 2730
 2750
 2764
 2778
 2788
 2800
 2812
 2822
 2834
 2844
 2852
 2860
 2868
 2868
 2866
 2862
 2874
 2884
 2892
 2894
 2894
 2886
 2884
 2882
 2884
 2884
 2884
 2884
 2882
 2880
 2880
 2882
 2882
 2884
 2888
 2890
 2888
 2888
 2886
 2882
 2874
 2876
 2884
 2886
 2886
 2886
 2880
 2876
 2872
 2872
 2864
 2842
 2810
 2768
 2718
 2668
 2612
 2550
 2494
 2444
 2392
 2338
 2286
 2232
 2178
 2128
 2080
 2030
 1978
 1924
 1866
 1814
 1764
 1714
 1670
 1618
 1568
 1518
 1468
 1428
 1398
 1388
 1390
 1406
 1432
 1462
 1500
 1552
 1612
 1684
 1756
 1822
 1882
 1940
 1998
 2044
 2086
 2136
 2182
 2230
 2274
 2310
 2344
 2380
 2414
 2444
 2482
 2512
 2540
 2558
 2578
 2596
 2620
 2654
 2678
 2696
 2714
 2728
 2744
 2754
 2772
 2794
 2806
 2812
 2820
 2826
 2832
 2838
 2836
 2824
 2810
 2784
 2756
 2716
 2668
 2616
 2566
 2524
 2472
 2418
 2364
 2308
 2260
 2210
 2168
 2126
 2076
 2028
 1976
 1924
 1874
 1828
 1786
 1744
 1704
 1664
 1620
 1580
 1546
 1514
 1490
 1468
 1454
 1448
 1454
 1472
 1502
 1534
 1570
 1608
 1648
 1690
 1734
 1780
 1834
 1894
 1954
 2010
 2066
 2110
 2148
 2188
 2230
 2288
 2338
 2386
 2428
 2466
 2502
 2532
 2562
 2594
 2622
 2646
 2668
 2690
 2710
 2732
 2754
 2774
 2794
 2814
 2832
 2850
 2868
 2880
 2888
 2890
 2900
 2920
 2930
 2934
 2934
 2936
 2938
 2938
 2940
 2946
 2948
 2950
 2946
 2934
 2920
 2894
 2862
 2816
 2762
 2708
 2650
 2596
 2544
 2488
 2432
 2380
 2332
 2290
 2242
 2190
 2136
 2078
 2028
 1972
 1920
 1872
 1814
 1758
 1700
 1642
 1584
 1532
 1486
 1446
 1412
 1386
 1362
 1350
 1356
 1370
 1400
 1432
 1470
 1514
 1562
 1618
 1672
 1724
 1782
 1838
 1894
 1950
 2004
 2056
 2108
 2162
 2216
 2270
 2326
 2372
 2410
 2444
 2480
 2528
 2572
 2612
 2642
 2668
 2694
 2718
 2738
 2762
 2784
 2804
 2822
 2836
 2852
 2866
 2884
 2900
 2916
 2930
 2940
 2944
 2942
 2940
 2938
 2948
 2956
 2962
 2964
 2960
 2962
 2960
 2960
 2964
 2964
 2958
 2948
 2932
 2910
 2884
 2850
 2810
 2766
 2718
 2668
 2622
 2568
 2508
 2452
 2402
 2358
 2304
 2244
 2182
 2114
 2048
 1982
 1914
 1854
 1786
 1718
 1654
 1588
 1528
 1470
 1420
 1374
 1334
 1298
 1270
 1246
 1232
 1228
 1232
 1250
 1274
 1304
 1340
 1382
 1428
 1478
 1526
 1582
 1638
 1694
 1758
 1824
 1888
 1950
 2012
 2076
 2138
 2200
 2260
 2308
 2354
 2392
 2436
 2490
 2538
 2580
 2616
 2648
 2678
 2704
 2728
 2758
 2784
 2804
 2826
 2844
 2862
 2880
 2898
 2918
 2932
 2946
 2960
 2974
 2980
 2980
 2974
 2972
 2982
 2992
 3000
 3002
 3000
 3000
 3000
 2996
 2996
 2988
 2976
 2956
 2930
 2892
 2850
 2804
 2752
 2696
 2638
 2580
 2524
 2472
 2422
 2376
 2340
 2310
 2294
 2276
 2256
 2242
 2236
 2236
 2238
 2248
 2264
 2284
 2310
 2340
 2376
 2422
 2470
 2524
 2584
 2648
 2716
 2792
 2874
 2962
 3052
 3142
 3232
 3324
 3418
 3506
 3586
 3664
 3750
 3834
 3910
 3982
 4038
 4082
 4094
 4094
 4094
 4094
 4094
 4094
 4094
 4094
 4094
 4094
 4094
 4094
 4094
 4094
 4078
 4044
 4004
 3958
 3898
 3832
 3774
 3722
 3682
 3646
 3614
 3584
 3562
 3540
 3512
 3478
 3436
 3390
 3342
 3292
 3244
 3198
 3154
 3122
 3100
 3080
 3058
 3030
 2992
 2946
 2894
 2860
 2850
 2850
 2852
 2854
 2856
 2856
 2854
 2858
 2866
 2874
 2880
 2888
 2896
 2908
 2920
 2924
 2926
 2930
 2946
 2964
 2980
 2992
 3000
 3006
 3008
 3008
 3022
 3038
 3044
 3048
 3050
 3056
 3064
 3070
 3074
 3078
 3080
 3082
 3082
 3076
 3062
 3052
 3054
 3058
 3062
 3062
 3058
 3056
 3056
 3056
 3054
 3044
 3020
 2988
 2948
 2898
 2846
 2792
 2732
 2676
 2618
 2562
 2506
 2452
 2396
 2336
 2280
 2224
 2174
 2122
 2066
 2012
 1952
 1900
 1850
 1800
 1754
 1704
 1656
 1610
 1570
 1532
 1504
 1484
 1472
 1470
 1476
 1490
 1506
 1524
 1556
 1588
 1624
 1662
 1704
 1752
 1806
 1860
 1912
 1950
 1990
 2030
 2074
 2122
 2180
 2230
 2272
 2314
 2354
 2392
 2432
 2470
 2510
 2548
 2588
 2624
 2654
 2674
 2696
 2728
 2758
 2784
 2808
 2830
 2850
 2866
 2880
 2894
 2906
 2914
 2920
 2928
 2934
 2942
 2948
 2948
 2948
 2952
 2954
 2958
 2958
 2960
 2962
 2964
 2962
 2958
 2950
 2952
 2960
 2964
 2966
 2964
 2964
 2964
 2958
 2952
 2940
 2914
 2874
 2820
 2756
 2692
 2630
 2570
 2510
 2452
 2394
 2340
 2286
 2232
 2180
 2128
 2072
 2020
 1966
 1920
 1868
 1816
 1764
 1714
 1670
 1630
 1592
 1562
 1536
 1518
 1504
 1490
 1480
 1482
 1490
 1504
 1520
 1542
 1566
 1590
 1612
 1634
 1656
 1690
 1736
 1776
 1814
 1846
 1880
 1918
 1956
 1998
 2046
 2094
 2148
 2198
 2248
 2296
 2344
 2392
 2436
 2478
 2516
 2552
 2586
 2616
 2638
 2652
 2666
 2692
 2720
 2742
 2762
 2774
 2790
 2806
 2818
 2836
 2852
 2870
 2882
 2896
 2908
 2916
 2920
 2926
 2932
 2940
 2946
 2950
 2956
 2960
 2962
 2958
 2950
 2950
 2956
 2956
 2946
 2926
 2894
 2858
 2814
 2768
 2726
 2692
 2674
 2664
 2652
 2636
 2620
 2598
 2572
 2548
 2522
 2496
 2464
 2428
 2388
 2342
 2300
 2256
 2202
 2144
 2082
 2022
 1968
 1910
 1854
 1800
 1746
 1696
 1650
 1608
 1570
 1542
 1516
 1496
 1488
 1484
 1480
 1476
 1476
 1482
 1496
 1512
 1526
 1538
 1556
 1584
 1614
 1648
 1688
 1734
 1786
 1844
 1892
 1940
 1978
 2014
 2048
 2086
 2122
 2150
 2184
 2206
 2228
 2258
 2278
 2294
 2306
 2320
 2334
 2348
 2364
 2382
 2392
 2394
 2396
 2394
 2388
 2382
 2374
 2364
 2358
 2350
 2344
 2336
 2332
 2328
 2338
 2356
 2368
 2378
 2380
 2376
 2374
 2364
 2352
 2336
 2310
 2278
 2238
 2196
 2158
 2120
 2090
 2062
 2034
 2006
 1980
 1954
 1932
 1910
 1882
 1854
 1824
 1800
 1770
 1736
 1696
 1650
 1608
 1564
 1522
 1484
 1444
 1410
 1380
 1360
 1338
 1324
 1314
 1314
 1320
 1330
 1348
 1364
 1382
 1406
 1434
 1472
 1504
 1532
 1556
 1580
 1608
 1632
 1656
 1690
 1718
 1748
 1782
 1816
 1854
 1894
 1934
 1976
 2018
 2062
 2108
 2148
 2186
 2222
 2262
 2316
 2374
 2422
 2464
 2502
 2536
 2566
 2590
 2622
 2652
 2678
 2704
 2728
 2752
 2776
 2800
 2822
 2844
 2864
 2886
 2904
 2924
 2936
 2942
 2940
 2944
 2962
 2978
 2988
 2990
 2992
 2996
 2998
 3002
 3008
 3012
 3014
 3018
 3020
 3020
 3020
 3024
 3024
 3026
 3028
 3026
 3026
 3022
 3014
 3006
 3012
 3018
 3022
 3020
 3012
 3006
 2994
 2974
 2952
 2922
 2886
 2846
 2806
 2760
 2718
 2674
 2632
 2592
 2548
 2508
 2466
 2418
 2370
 2324
 2282
 2236
 2184
 2130
 2074
 2022
 1974
 1924
 1878
 1834
 1790
 1748
 1708
 1670
 1640
 1620
 1606
 1600
 1602
 1608
 1626
 1644
 1670
 1706
 1738
 1772
 1808
 1848
 1894
 1936
 1976
 2018
 2058
 2098
 2138
 2182
 2228
 2270
 2312
 2348
 2386
 2418
 2442
 2470
 2510
 2558
 2600
 2632
 2656
 2676
 2698
 2718
 2734
 2764
 2798
 2832
 2848
 2852
 2856
 2868
 2888
 2900
 2912
 2932
 2948
 2964
 2952
 2952
 2968
 2992
 3002
 2996
 2974
 2968
 2920
 2858
 2794
 2768
 2714
 2642
 2602
 2556
 2496
 2454
 2416
 2380
 2344
 2310
 2286
 2268
 2258
 2260
 2272
 2286
 2302
 2316
 2332
 2340
 2352
 2364
 2374
 2390
 2416
 2446
 2486
 2522
 2564
 2600
 2624
 2638
 2632
 2626
 2632
 2630
 2630
 2604
 2574
 2538
 2488
 2456
 2444
 2434
 2434
 2440
 2444
 2446
 2456
 2470
 2486
 2510
 2530
 2542
 2550
 2558
 2582
 2596
 2602
 2606
 2604
 2600
 2592
 2586
 2584
 2584
 2584
 2588
 2598
 2612
 2632
 2658
 2692
 2722
 2748
 2766
 2784
 2812
 2834
 2848
 2854
 2846
 2824
 2790
 2752
 2714
 2674
 2632
 2584
 2534
 2482
 2428
 2376
 2324
 2274
 2220
 2168
 2120
 2080
 2032
 1982
 1930
 1878
 1830
 1784
 1744
 1706
 1670
 1638
 1608
 1578
 1564
 1560
 1568
 1580
 1576
 1566
 1560
 1560
 1560
 1568
 1586
 1606
 1624
 1638
 1650
 1664
 1676
 1690
 1702
 1710
 1728
 1766
 1812
 1862
 1906
 1952
 1998
 2060
 2124
 2178
 2230
 2278
 2320
 2358
 2390
 2430
 2466
 2496
 2526
 2558
 2586
 2612
 2642
 2666
 2692
 2714
 2744
 2778
 2798
 2812
 2824
 2836
 2846
 2856
 2870
 2886
 2900
 2912
 2920
 2928
 2934
 2940
 2946
 2952
 2958
 2958
 2954
 2946
 2952
 2962
 2968
 2970
 2970
 2968
 2968
 2970
 2972
 2974
 2972
 2964
 2946
 2916
 2878
 2836
 2790
 2740
 2688
 2638
 2590
 2546
 2502
 2450
 2404
 2356
 2316
 2274
 2226
 2178
 2128
 2078
 2028
 1978
 1930
 1878
 1828
 1778
 1728
 1680
 1634
 1596
 1566
 1542
 1528
 1526
 1528
 1542
 1572
 1616
 1678
 1750
 1814
 1878
 1938
 2000
 2054
 2108
 2160
 2208
 2262
 2310
 2348
 2382
 2418
 2452
 2484
 2520
 2550
 2576
 2600
 2624
 2662
 2704
 2736
 2756
 2780
 2796
 2812
 2826
 2842
 2860
 2876
 2890
 2900
 2912
 2924
 2936
 2942
 2950
 2962
 2966
 2966
 2964
 2972
 2980
 2982
 2986
 2982
 2984
 2980
 2970
 2956
 2926
 2890
 2862
 2842
 2826
 2818
 2810
 2802
 2798
 2788
 2774
 2758
 2742
 2726
 2702
 2670
 2630
 2582
 2532
 2478
 2428
 2374
 2318
 2258
 2196
 2134
 2074
 2014
 1962
 1912
 1856
 1806
 1762
 1718
 1682
 1652
 1628
 1606
 1594
 1590
 1594
 1602
 1608
 1612
 1624
 1632
 1634
 1640
 1652
 1672
 1702
 1734
 1770
 1812
 1866
 1936
 2002
 2062
 2112
 2160
 2202
 2240
 2276
 2316
 2350
 2386
 2418
 2440
 2460
 2474
 2486
 2506
 2534
 2566
 2596
 2620
 2638
 2656
 2684
 2720
 2750
 2776
 2794
 2812
 2834
 2860
 2884
 2902
 2914
 2924
 2932
 2946
 2964
 2980
 2988
 2992
 2994
 2998
 3002
 3006
 3000
 2984
 2970
 2954
 2950
 2950
 2950
 2956
 2958
 2956
 2954
 2928
 2894
 2854
 2814
 2766
 2722
 2674
 2616
 2554
 2482
 2400
 2312
 2228
 2130
 2012
 1864
 1670
 1424
 1146
 838
 508
 188
 0
 0
 0
 0
 0
 0
 0
 0
 0
 0
 0
 0
 0
 0
 0
 0
 0
 0
 32
 138
 228
 282
 330
 376
 418
 460
 506
 564
 630
 702
 782
 868
 948
 1020
 1088
 1178
 1270
 1356
 1432
 1506
 1572
 1630
 1684
 1738
 1788
 1834
 1872
 1906
 1940
 1978
 2016
 2056
 2092
 2132
 2162
 2198
 2234
 2268
 2300
 2334
 2390
 2444
 2488
 2526
 2558
 2590
 2618
 2648
 2678
 2706
 2730
 2756
 2780
 2804
 2826
 2848
 2870
 2890
 2908
 2928
 2946
 2960
 2966
 2970
 2970
 2974
 2990
 3000
 3006
 3008
 3008
 3012
 3014
 3020
 3026
 3032
 3032
 3032
 3030
 3030
 3034
 3034
 3024
 2998
 2960
 2916
 2866
 2810
 2756
 2700
 2646
 2598
 2562
 2526
 2480
 2436
 2386
 2338
 2294
 2248
 2208
 2166
 2122
 2076
 2030
 1984
 1942
 1906
 1876
 1846
 1828
 1818
 1812
 1812
 1818
 1826
 1844
 1862
 1874
 1884
 1896
 1914
 1932
 1952
 1974
 1996
 2020
 2046
 2072
 2104
 2144
 2188
 2234
 2278
 2316
 2358
 2392
 2428
 2464
 2504
 2554
 2596
 2630
 2660
 2694
 2734
 2768
 2802
 2832
 2854
 2876
 2896
 2912
 2926
 2940
 2954
 2968
 2974
 2980
 2990
 2998
 3006
 3012
 3012
 3012
 3016
 3028
 3038
 3044
 3048
 3046
 3048
 3046
 3044
 3042
 3038
 3032
 3026
 3022
 3022
 3022
 3022
 3022
 3024
 3022
 3024
 3026
 3026
 3026
 3028
 3026
 3022
 3014
 3014
 3022
 3026
 3024
 3014
 2996
 2972
 2940
 2902
 2862
 2818
 2776
 2734
 2692
 2656
 2618
 2584
 2548
 2512
 2480
 2444
 2414
 2380
 2348
 2316
 2280
 2248
 2220
 2202
 2184
 2168
 2156
 2148
 2142
 2142
 2142
 2152
 2166
 2182
 2202
 2224
 2248
 2276
 2308
 2338
 2372
 2404
 2436
 2468
 2498
 2522
 2548
 2574
 2608
 2648
 2676
 2702
 2724
 2744
 2768
 2788
 2810
 2834
 2854
 2876
 2894
 2912
 2926
 2938
 2944
 2952
 2962
 2968
 2976
 2982
 2990
 2998
 3002
 3002
 3000
 3004
 3016
 3028
 3032
 3034
 3032
 3036
 3034
 3036
 3040
 3042
 3042
 3042
 3038
 3032
 3028
 3026
 3024
 3020
 3016
 3010
 2996
 2972
 2938
 2902
 2858
 2810
 2766
 2726
 2694
 2660
 2620
 2582
 2542
 2510
 2486
 2464
 2450
 2444
 2446
 2452
 2466
 2484
 2508
 2538
 2568
 2598
 2630
 2662
 2696
 2728
 2758
 2780
 2798
 2812
 2836
 2868
 2892
 2910
 2920
 2928
 2938
 2944
 2954
 2964
 2974
 2980
 2988
 2992
 2998
 3004
 3010
 3012
 3014
 3014
 3014
 3014
 3016
 3026
 3022
 3020
 3020
 3026
 3036
 3040
 3042
 3040
 3040
 3040
 3038
 3040
 3042
 3034
 3016
 2988
 2952
 2910
 2866
 2820
 2774
 2732
 2690
 2650
 2608
 2558
 2510
 2466
 2424
 2388
 2348
 2306
 2256
 2206
 2156
 2112
 2076
 2044
 2016
 1994
 1982
 1980
 1982
 1998
 2032
 2074
 2108
 2134
 2150
 2178
 2204
 2242
 2284
 2324
 2372
 2426
 2464
 2496
 2522
 2550
 2576
 2602
 2628
 2652
 2678
 2702
 2726
 2748
 2766
 2786
 2806
 2820
 2820
 2818
 2816
 2824
 2838
 2850
 2856
 2856
 2858
 2860
 2860
 2856
 2846
 2820
 2790
 2764
 2744
 2728
 2718
 2716
 2718
 2722
 2724
 2730
 2732
 2740
 2762
 2786
 2806
 2826
 2844
 2866
 2886
 2906
 2930
 2950
 2970
 2984
 2994
 3000
 3012
 3024
 3026
 3026
 3020
 3024
 3032
 3038
 3038
 3036
 3036
 3034
 3034
 3036
 3040
 3038
 3040
 3038
 3036
 3036
 3034
 3036
 3032
 3028
 3024
 3028
 3036
 3038
 3026
 2994
 2946
 2898
 2840
 2782
 2726
 2666
 2608
 2550
 2494
 2444
 2398
 2354
 2314
 2270
 2226
 2180
 2138
 2100
 2058
 2018
 1978
 1936
 1902
 1872
 1854
 1840
 1828
 1820
 1818
 1820
 1822
 1830
 1844
 1864
 1886
 1906
 1924
 1946
 1964
 1984
 2002
 2020
 2040
 2064
 2086
 2112
 2140
 2172
 2200
 2232
 2264
 2304
 2358
 2402
 2440
 2474
 2504
 2538
 2570
