 2690
 2710
 2738
 2762
 2772
 2768
 2766
 2770
 2772
 2782
 2796
 2816
 2822
 2816
 2790
 2766
 2754
 2750
 2754
 2746
 2740
 2742
 2728
 2724
 2724
 2722
 2718
 2720
 2726
 2732
 2738
 2746
 2748
 2752
 2748
 2738
 2720
 2708
 2700
 2706
 2722
 2744
 2754
 2758
 2770
 2792
 2828
 2862
 2876
 2876
 2866
 2832
 2768
 2680
 2596
 2534
 2468
 2392
 2364
 2366
 2440
 2498
 2584
 2650
 2710
 2774
 2840
 2898
 2932
 2926
 2946
 2972
 3042
 3158
 3274
 3330
 3338
 3298
 3238
 3168
 3124
 3104
 3102
 3110
 3120
 3128
 3118
 3106
 3128
 3216
 3314
 3376
 3420
 3442
 3480
 3516
 3550
 3592
 3656
 3736
 3808
 3826
 3796
 3752
 3708
 3666
 3626
 3576
 3528
 3480
 3428
 3370
 3312
 3258
 3198
 3142
 3086
 3034
 2988
 2936
 2892
 2866
 2850
 2846
 2862
 2888
 2902
 2896
 2868
 2848
 2840
 2844
 2848
 2858
 2880
 2900
 2934
 2970
 3012
 3042
 3062
 3088
 3106
 3130
 3152
 3172
 3188
 3190
 3192
 3206
 3218
 3226
 3232
 3238
 3240
 3240
 3236
 3228
 3222
 3204
 3176
 3142
 3084
 3006
 2906
 2844
 2806
 2754
 2698
 2632
 2564
 2502
 2466
 2434
 2390
 2346
 2316
 2304
 2308
 2320
 2336
 2364
 2386
 2402
 2424
 2452
 2476
 2494
 2502
 2496
 2480
 2452
 2406
 2370
 2336
 2300
 2264
 2230
 2196
 2174
 2174
 2192
 2222
 2260
 2300
 2336
 2362
 2382
 2402
 2420
 2434
 2440
 2442
 2440
 2430
 2420
 2416
 2394
 2368
 2338
 2300
 2264
 2234
 2206
 2182
 2164
 2148
 2138
 2132
 2120
 2122
 2122
 2140
 2156
 2170
 2198
 2234
 2264
 2300
 2348
 2400
 2452
 2502
 2556
 2604
 2644
 2682
 2722
 2764
 2798
 2834
 2866
 2890
 2906
 2912
 2914
 2904
 2874
 2832
 2786
 2728
 2654
 2570
 2482
 2404
 2324
 2238
 2154
 2072
 1982
 1890
 1804
 1726
 1652
 1582
 1510
 1442
 1390
 1340
 1300
 1290
 1300
 1322
 1346
 1382
 1414
 1446
 1478
 1512
 1554
 1598
 1644
 1694
 1742
 1794
 1840
 1884
 1936
 1988
 2040
 2088
 2148
 2210
 2260
 2294
 2338
 2380
 2418
 2458
 2504
 2526
 2518
 2514
 2536
 2568
 2604
 2656
 2702
 2746
 2786
 2814
 2840
 2864
 2886
 2906
 2942
 2984
 3022
 3048
 3054
 3050
 3040
 3016
 2980
 2946
 2912
 2864
 2808
 2750
 2686
 2608
 2528
 2450
 2368
 2284
 2202
 2120
 2038
 1958
 1878
 1790
 1714
 1654
 1604
 1558
 1532
 1522
 1520
 1530
 1550
 1584
 1622
 1666
 1712
 1754
 1806
 1858
 1908
 1958
 2014
 2072
 2128
 2180
 2234
 2284
 2326
 2364
 2410
 2458
 2504
 2542
 2582
 2616
 2650
 2678
 2700
 2726
 2764
 2804
 2836
 2874
 2906
 2932
 2946
 2958
 2972
 2978
 2974
 2964
 2950
 2926
 2896
 2854
 2802
 2752
 2704
 2652
 2588
 2522
 2456
 2384
 2306
 2232
 2162
 2088
 2012
 1934
 1852
 1768
 1686
 1596
 1512
 1452
 1408
 1370
 1350
 1346
 1354
 1372
 1392
 1426
 1470
 1526
 1588
 1650
 1712
 1778
 1844
 1902
 1968
 2036
 2106
 2172
 2238
 2306
 2370
 2430
 2490
 2554
 2616
 2674
 2728
 2776
 2818
 2852
 2870
 2872
 2866
 2846
 2802
 2750
 2688
 2612
 2530
 2448
 2370
 2296
 2226
 2156
 2082
 2016
 1942
 1866
 1800
 1742
 1682
 1614
 1546
 1476
 1406
 1338
 1282
 1246
 1226
 1220
 1224
 1234
 1250
 1262
 1280
 1304
 1336
 1372
 1412
 1456
 1498
 1540
 1580
 1628
 1678
 1728
 1774
 1820
 1874
 1918
 1962
 2014
 2080
 2144
 2204
 2266
 2328
 2384
 2436
 2492
 2548
 2598
 2650
 2700
 2740
 2780
 2812
 2838
 2864
 2892
 2908
 2918
 2926
 2928
 2918
 2908
 2896
 2878
 2854
 2828
 2802
 2772
 2748
 2722
 2696
 2676
 2668
 2672
 2674
 2682
 2694
 2704
 2710
 2718
 2726
 2740
 2752
 2762
 2770
 2778
 2786
 2796
 2812
 2824
 2840
 2868
 2896
 2910
 2918
 2924
 2922
 2912
 2896
 2880
 2862
 2836
 2804
 2766
 2718
 2664
 2604
 2540
 2464
 2394
 2332
 2274
 2210
 2144
 2082
 2018
 1952
 1888
 1834
 1790
 1754
 1724
 1702
 1690
 1694
 1702
 1714
 1740
 1778
 1828
 1878
 1934
 1994
 2060
 2118
 2176
 2234
 2296
 2354
 2400
 2438
 2476
 2510
 2544
 2568
 2596
 2626
 2660
 2692
 2724
 2762
 2794
 2822
 2848
 2876
 2904
 2928
 2942
 2938
 2928
 2908
 2866
 2806
 2742
 2684
 2620
 2546
 2470
 2394
 2310
 2226
 2148
 2082
 2022
 1966
 1916
 1870
 1832
 1798
 1780
 1782
 1802
 1822
 1854
 1892
 1932
 1972
 2012
 2060
 2112
 2166
 2220
 2270
 2324
 2374
 2416
 2460
 2508
 2558
 2604
 2652
 2698
 2740
 2780
 2814
 2848
 2886
 2920
 2948
 2968
 2990
 3004
 3006
 3004
 3004
 2998
 2982
 2966
 2940
 2902
 2856
 2810
 2764
 2710
 2652
 2590
 2526
 2462
 2394
 2318
 2256
 2200
 2146
 2090
 2042
 1994
 1942
 1890
 1850
 1814
 1790
 1774
 1764
 1766
 1770
 1772
 1784
 1806
 1836
 1868
 1904
 1946
 1990
 2038
 2080
 2130
 2182
 2236
 2292
 2346
 2398
 2448
 2488
 2528
 2574
 2628
 2676
 2724
 2778
 2822
 2864
 2900
 2934
 2966
 2992
 3014
 3032
 3038
 3034
 3016
 2984
 2950
 2918
 2876
 2822
 2770
 2712
 2646
 2576
 2512
 2446
 2378
 2310
 2238
 2164
 2094
 2022
 1946
 1888
 1834
 1786
 1740
 1700
 1666
 1638
 1620
 1616
 1630
 1650
 1676
 1704
 1732
 1766
 1796
 1832
 1878
 1930
 1982
 2034
 2094
 2150
 2206
 2260
 2318
 2382
 2446
 2506
 2562
 2614
 2666
 2708
 2744
 2780
 2826
 2866
 2900
 2938
 2972
 2994
 3012
 3028
 3040
 3042
 3036
 3022
 3000
 2970
 2932
 2876
 2816
 2760
 2702
 2636
 2570
 2502
 2432
 2358
 2286
 2222
 2160
 2100
 2040
 1980
 1930
 1888
 1850
 1826
 1818
 1828
 1840
 1862
 1892
 1926
 1960
 1992
 2032
 2078
 2124
 2172
 2222
 2270
 2318
 2358
 2398
 2444
 2496
 2546
 2592
 2644
 2692
 2736
 2774
 2810
 2852
 2888
 2928
 2962
 2994
 3018
 3040
 3054
 3062
 3072
 3074
 3062
 3050
 3030
 2996
 2948
 2894
 2834
 2768
 2700
 2628
 2548
 2466
 2380
 2288
 2202
 2124
 2052
 1976
 1906
 1842
 1780
 1718
 1668
 1634
 1614
 1608
 1614
 1624
 1648
 1668
 1692
 1732
 1780
 1834
 1896
 1966
 2036
 2106
 2166
 2228
 2296
 2366
 2436
 2504
 2574
 2640
 2698
 2746
 2796
 2848
 2894
 2928
 2966
 2996
 3016
 3030
 3044
 3058
 3070
 3078
 3082
 3090
 3094
 3094
 3092
 3094
 3100
 3104
 3108
 3110
 3110
 3104
 3100
 3100
 3098
 3098
 3098
 3098
 3100
 3094
 3086
 3084
 3090
 3100
 3098
 3104
 3110
 3108
 3106
 3102
 3100
 3094
 3086
 3074
 3068
 3062
 3052
 3050
 3052
 3056
 3058
 3066
 3070
 3074
 3070
 3064
 3064
 3060
 3058
 3052
 3048
 3042
 3030
 3026
 3028
 3034
 3038
 3048
 3060
 3068
 3074
 3080
 3088
 3100
 3104
 3108
 3112
 3110
 3102
 3096
 3092
 3078
 3058
 3032
 2990
 2938
 2880
 2824
 2768
 2710
 2652
 2592
 2530
 2464
 2410
 2362
 2314
 2266
 2224
 2180
 2134
 2094
 2062
 2042
 2032
 2026
 2032
 2040
 2046
 2062
 2084
 2110
 2134
 2164
 2200
 2234
 2264
 2296
 2332
 2372
 2412
 2450
 2488
 2520
 2550
 2586
 2626
 2660
 2700
 2740
 2776
 2808
 2838
 2868
 2900
 2932
 2958
 2982
 3002
 3010
 3018
 3034
 3048
 3058
 3064
 3066
 3062
 3048
 3032
 3012
 2986
 2952
 2910
 2866
 2810
 2742
 2676
 2614
 2548
 2480
 2416
 2352
 2288
 2224
 2168
 2116
 2068
 2026
 1986
 1962
 1940
 1924
 1924
 1934
 1948
 1968
 1994
 2026
 2058
 2092
 2130
 2174
 2220
 2266
 2316
 2368
 2414
 2452
 2494
 2540
 2586
 2628
 2672
 2714
 2750
 2782
 2810
 2838
 2866
 2892
 2914
 2932
 2948
 2956
 2954
 2960
 2972
 2982
 2992
 3000
 3002
 2998
 2992
 2986
 2976
 2964
 2954
 2940
 2930
 2916
 2900
 2886
 2882
 2884
 2878
 2880
 2882
 2884
 2884
 2886
 2888
 2890
 2894
 2898
 2900
 2900
 2904
 2900
 2898
 2900
 2910
 2916
 2928
 2942
 2946
 2948
 2952
 2956
 2962
 2964
 2962
 2958
 2946
 2934
 2916
 2884
 2852
 2824
 2794
 2752
 2714
 2674
 2624
 2570
 2516
 2466
 2416
 2368
 2318
 2270
 2220
 2176
 2130
 2084
 2052
 2034
 2026
 2024
 2034
 2054
 2074
 2096
 2122
 2154
 2188
 2224
 2262
 2298
 2334
 2368
 2394
 2422
 2456
 2490
 2524
 2558
 2592
 2620
 2646
 2668
 2692
 2716
 2740
 2762
 2786
 2802
 2818
 2830
 2836
 2840
 2850
 2868
 2878
 2892
 2902
 2908
 2910
 2912
 2918
 2922
 2924
 2928
 2930
 2934
 2934
 2934
 2928
 2924
 2928
 2936
 2940
 2942
 2946
 2940
 2928
 2916
 2900
 2882
 2860
 2828
 2794
 2754
 2714
 2670
 2618
 2562
 2512
 2466
 2416
 2364
 2316
 2268
 2218
 2170
 2126
 2088
 2056
 2030
 2008
 1992
 1986
 1988
 1984
 1994
 2010
 2030
 2050
 2074
 2100
 2130
 2156
 2182
 2208
 2240
 2270
 2300
 2328
 2352
 2376
 2396
 2408
 2426
 2448
 2474
 2494
 2516
 2540
 2558
 2572
 2586
 2602
 2616
 2632
 2646
 2658
 2668
 2678
 2688
 2694
 2706
 2726
 2754
 2780
 2810
 2844
 2872
 2894
 2912
 2928
 2938
 2946
 2950
 2948
 2942
 2924
 2904
 2872
 2832
 2792
 2752
 2706
 2654
 2606
 2548
 2484
 2414
 2346
 2282
 2216
 2154
 2088
 2020
 1952
 1888
 1820
 1752
 1698
 1648
 1612
 1584
 1568
 1564
 1568
 1574
 1590
 1616
 1650
 1688
 1732
 1780
 1828
 1878
 1928
 1974
 2032
 2092
 2152
 2208
 2272
 2336
 2398
 2458
 2512
 2566
 2624
 2680
 2734
 2780
 2822
 2860
 2890
 2910
 2928
 2948
 2968
 2982
 2994
 2998
 2988
 2966
 2936
 2902
 2864
 2816
 2762
 2704
 2638
 2570
 2498
 2416
 2342
 2274
 2206
 2130
 2060
 1990
 1920
 1846
 1778
 1718
 1664
 1614
 1574
 1544
 1532
 1534
 1540
 1558
 1590
 1640
 1694
 1756
 1824
 1894
 1960
 2022
 2086
 2154
 2222
 2292
 2362
 2428
 2492
 2550
 2602
 2652
 2704
 2758
 2804
 2852
 2896
 2928
 2954
 2976
 2992
 3004
 3012
 3014
 3008
 2990
 2968
 2936
 2894
 2856
 2818
 2776
 2730
 2684
 2636
 2580
 2522
 2466
 2414
 2362
 2314
 2266
 2220
 2188
 2164
 2140
 2134
 2138
 2150
 2166
 2188
 2210
 2232
 2256
 2278
 2306
 2338
 2370
 2398
 2426
 2446
 2468
 2488
 2506
 2534
 2570
 2610
 2656
 2708
 2758
 2808
 2848
 2884
 2920
 2950
 2972
 2984
 2990
 2986
 2974
 2948
 2910
 2868
 2828
 2788
 2738
 2692
 2644
 2592
 2536
 2486
 2438
 2392
 2352
 2316
 2284
 2256
 2232
 2212
 2196
 2198
 2210
 2232
 2258
 2294
 2332
 2376
 2416
 2460
 2510
 2566
 2616
 2668
 2718
 2760
 2800
 2832
 2858
 2884
 2918
 2944
 2962
 2978
 2980
 2972
 2954
 2922
 2886
 2842
 2792
 2740
 2684
 2620
 2558
 2494
 2426
 2372
 2322
 2272
 2224
 2184
 2146
 2110
 2082
 2066
 2062
 2066
 2078
 2096
 2116
 2144
 2174
 2194
 2220
 2252
 2288
 2324
 2362
 2406
 2446
 2488
 2526
 2566
 2610
 2656
 2698
 2738
 2776
 2814
 2848
 2874
 2898
 2928
 2956
 2968
 2972
 2968
 2954
 2932
 2906
 2876
 2846
 2814
 2778
 2746
 2708
 2668
 2632
 2596
 2560
 2538
 2524
 2512
 2506
 2510
 2518
 2528
 2540
 2558
 2584
 2618
 2652
 2688
 2722
 2752
 2784
 2816
 2840
 2864
 2896
 2920
 2940
 2952
 2954
 2944
 2922
 2888
 2852
 2808
 2762
 2712
 2658
 2598
 2532
 2470
 2400
 2328
 2266
 2214
 2166
 2120
 2086
 2056
 2042
 2030
 2032
 2050
 2074
 2108
 2146
 2190
 2240
 2296
 2356
 2404
 2456
 2506
 2562
 2618
 2674
 2734
 2790
 2834
 2874
 2908
 2934
 2958
 2978
 2994
 3010
 3018
 3018
 3006
 2980
 2942
 2902
 2856
 2798
 2736
 2670
 2598
 2524
 2446
 2378
 2318
 2262
 2208
 2152
 2098
 2048
 2016
 1990
 1978
 1986
 2010
 2042
 2084
 2136
 2186
 2236
 2278
 2318
 2372
 2426
 2482
 2552
 2620
 2678
 2732
 2778
 2812
 2840
 2874
 2908
 2936
 2956
 2962
 2956
 2940
 2908
 2868
 2824
 2776
 2726
 2666
 2602
 2534
 2464
 2394
 2312
 2242
 2178
 2118
 2060
 2012
 1976
 1946
 1930
 1922
 1934
 1956
 1988
 2024
 2064
 2102
 2142
 2186
 2222
 2258
 2304
 2362
 2418
 2468
 2522
 2570
 2618
 2660
 2700
 2742
 2788
 2828
 2864
 2896
 2924
 2950
 2968
 2970
 2956
 2938
 2918
 2880
 2834
 2784
 2722
 2652
 2574
 2494
 2420
 2342
 2266
 2192
 2116
 2038
 1964
 1892
 1818
 1760
 1718
 1692
 1680
 1688
 1710
 1742
 1780
 1820
 1872
 1928
 1988
 2048
 2104
 2160
 2218
 2272
 2318
 2370
 2426
 2482
 2536
 2590
 2646
 2700
 2750
 2790
 2834
 2878
 2914
 2946
 2976
 3002
 3008
 2998
 2978
 2944
 2906
 2864
 2814
 2746
 2680
 2604
 2520
 2428
 2340
 2256
 2174
 2100
 2026
 1952
 1882
 1826
 1772
 1730
 1714
 1716
 1740
 1770
 1814
 1864
 1918
 1974
 2032
 2098
 2166
 2228
 2290
 2350
 2410
 2468
 2516
 2558
 2604
 2652
 2704
 2754
 2810
 2858
 2902
 2934
 2958
 2980
 2998
 2998
 2984
 2958
 2916
 2862
 2802
 2726
 2654
 2586
 2518
 2440
 2364
 2284
 2204
 2118
 2038
 1966
 1900
 1842
 1784
 1728
 1676
 1646
 1626
 1616
 1630
 1654
 1692
 1734
 1786
 1846
 1908
 1968
 2030
 2100
 2178
 2250
 2318
 2380
 2436
 2488
 2538
 2582
 2626
 2672
 2728
 2776
 2824
 2870
 2908
 2934
 2954
 2968
 2970
 2964
 2948
 2920
 2882
 2836
 2780
 2716
 2644
 2574
 2510
 2448
 2378
 2312
 2244
 2172
 2096
 2026
 1960
 1904
 1858
 1822
 1796
 1782
 1782
 1792
 1802
 1824
 1860
 1902
 1948
 1996
 2050
 2102
 2156
 2204
 2254
 2308
 2364
 2418
 2470
 2518
 2562
 2604
 2648
 2682
 2712
 2752
 2794
 2836
 2874
 2914
 2940
 2958
 2972
 2978
 2978
 2966
 2950
 2922
 2884
 2838
 2784
 2720
 2654
 2582
 2508
 2442
 2378
 2310
 2238
 2170
 2098
 2022
 1948
 1878
 1820
 1768
 1724
 1690
 1668
 1658
 1660
 1670
 1678
 1700
 1732
 1770
 1810
 1856
 1906
 1956
 2010
 2060
 2110
 2164
 2220
 2274
 2326
 2378
 2430
 2478
 2528
 2574
 2618
 2666
 2718
 2772
 2820
 2868
 2912
 2946
 2968
 2986
 3002
 3016
 3020
 3012
 2996
 2970
 2932
 2892
 2842
 2782
 2720
 2666
 2610
 2546
 2480
 2414
 2340
 2266
 2192
 2126
 2066
 2012
 1962
 1920
 1888
 1868
 1862
 1862
 1870
 1894
 1924
 1968
 2012
 2062
 2114
 2164
 2212
 2258
 2310
 2366
 2418
 2472
 2522
 2566
 2606
 2646
 2680
 2708
 2746
 2786
 2830
 2866
 2906
 2936
 2958
 2974
 2986
 2996
 2998
 2990
 2974
 2952
 2916
 2868
 2820
 2756
 2686
 2624
 2562
 2496
 2424
 2356
 2286
 2214
 2144
 2082
 2030
 1982
 1942
 1912
 1892
 1880
 1882
 1888
 1900
 1924
 1964
 2012
 2064
 2126
 2194
 2260
 2322
 2386
 2452
 2518
 2578
 2636
 2690
 2738
 2778
 2816
 2840
 2864
 2888
 2920
 2944
 2968
 2984
 2994
 3000
 2994
 2984
 2964
 2936
 2902
 2862
 2816
 2756
 2690
 2620
 2536
 2456
 2382
 2310
 2234
 2164
 2092
 2018
 1942
 1872
 1814
 1762
 1724
 1694
 1678
 1670
 1678
 1694
 1708
 1736
 1776
 1828
 1882
 1940
 2004
 2066
 2122
 2178
 2234
 2290
 2346
 2398
 2446
 2490
 2530
 2568
 2604
 2632
 2658
 2690
 2726
 2758
 2796
 2834
 2864
 2890
 2910
 2930
 2946
 2964
 2976
 2978
 2970
 2952
 2922
 2886
 2840
 2782
 2724
 2666
 2602
 2530
 2458
 2384
 2306
 2230
 2158
 2092
 2032
 1976
 1920
 1864
 1808
 1760
 1726
 1696
 1684
 1696
 1726
 1764
 1810
 1866
 1924
 1986
 2048
 2110
 2180
 2256
 2326
 2398
 2466
 2530
 2594
 2652
 2700
 2744
 2792
 2840
 2880
 2916
 2952
 2978
 2994
 3004
 3012
 3014
 3002
 2978
 2948
 2906
 2858
 2804
 2736
 2668
 2610
 2554
 2492
 2430
 2370
 2304
 2232
 2164
 2102
 2044
 1988
 1938
 1890
 1848
 1820
 1804
 1790
 1796
 1816
 1844
 1876
 1916
 1964
 2012
 2062
 2112
 2164
 2222
 2284
 2342
 2402
 2458
 2516
 2572
 2620
 2668
 2724
 2782
 2830
 2880
 2926
 2960
 2982
 2990
 2986
 2974
 2950
 2920
 2876
 2826
 2770
 2704
 2632
 2568
 2504
 2428
 2352
 2278
 2200
 2124
 2050
 1984
 1930
 1888
 1858
 1840
 1834
 1844
 1854
 1874
 1906
 1944
 1990
 2036
 2088
 2140
 2192
 2240
 2290
 2346
 2402
 2456
 2510
 2560
 2606
 2648
 2682
 2718
 2760
 2800
 2840
 2882
 2920
 2948
 2970
 2988
 3008
 3016
 3014
 3006
 2988
 2962
 2936
 2894
 2846
 2802
 2760
 2718
 2674
 2636
 2594
 2548
 2502
 2458
 2420
 2386
 2358
 2338
 2326
 2322
 2330
 2334
 2348
 2376
 2410
 2448
 2492
 2540
 2592
 2642
 2686
 2730
 2776
 2822
 2866
 2906
 2942
 2974
 2996
 3014
 3022
 3032
 3038
 3030
 3014
 2996
 2966
 2924
 2870
 2810
 2752
 2688
 2626
 2562
 2498
 2428
 2362
 2300
 2232
 2180
 2142
 2116
 2104
 2106
 2122
 2150
 2188
 2226
 2274
 2328
 2384
 2442
 2498
 2550
 2594
 2640
 2678
 2714
 2754
 2800
 2844
 2884
 2926
 2958
 2984
 3002
 3020
 3038
 3050
 3054
 3048
 3030
 3000
 2960
 2912
 2846
 2784
 2724
 2660
 2596
 2534
 2472
 2406
 2336
 2270
 2212
 2158
 2118
 2084
 2064
 2056
 2062
 2074
 2092
 2124
 2164
 2212
 2258
 2314
 2370
 2428
 2480
 2526
 2576
 2624
 2670
 2714
 2756
 2796
 2830
 2864
 2886
 2906
 2926
 2950
 2972
 2988
 2998
 2990
 2972
 2944
 2906
 2862
 2814
 2762
 2704
 2640
 2570
 2502
 2420
 2346
 2282
 2224
 2168
 2116
 2074
 2032
 1998
 1982
 1990
 2018
 2052
 2088
 2128
 2172
 2224
 2270
 2314
 2364
 2416
 2476
 2530
 2590
 2652
 2714
 2768
 2812
 2858
 2904
 2946
 2982
 3012
 3036
 3056
 3064
 3058
 3046
 3030
 2998
 2958
 2914
 2858
 2792
 2720
 2648
 2576
 2504
 2436
 2366
 2292
 2220
 2146
 2074
 2016
 1968
 1922
 1880
 1854
 1840
 1840
 1862
 1896
 1944
 2000
 2060
 2120
 2182
 2242
 2298
 2350
 2404
 2460
 2518
 2572
 2632
 2692
 2748
 2796
 2838
 2882
 2920
 2958
 2990
 3016
 3038
 3054
 3058
 3054
 3042
 3026
 2994
 2958
 2918
 2860
 2792
 2718
 2646
 2572
 2502
 2430
 2354
 2280
 2210
 2134
 2064
 2008
 1960
 1918
 1888
 1876
 1878
 1892
 1908
 1936
 1974
 2018
 2072
 2128
 2182
 2246
 2318
 2390
 2458
 2524
 2586
 2644
 2706
 2768
 2826
 2878
 2920
 2956
 2988
 3012
 3036
 3054
 3068
 3080
 3084
 3076
 3058
 3036
 3012
 2978
 2934
 2886
 2828
 2760
 2688
 2614
 2542
 2466
 2394
 2322
 2244
 2168
 2100
 2026
 1958
 1908
 1874
 1852
 1844
 1854
 1874
 1900
 1922
 1958
 2002
 2050
 2098
 2148
 2190
 2238
 2288
 2324
 2362
 2406
 2452
 2498
 2542
 2590
 2630
 2674
 2710
 2746
 2784
 2818
 2854
 2884
 2912
 2934
 2954
 2960
 2956
 2946
 2936
 2918
 2888
 2854
 2814
 2764
 2704
 2642
 2582
 2524
 2462
 2400
 2334
 2262
 2192
 2128
 2056
 1998
 1952
 1926
 1912
 1910
 1926
 1946
 1970
 1996
 2030
 2072
 2116
 2158
 2202
 2246
 2286
 2330
 2362
 2402
 2450
 2502
 2556
 2606
 2658
 2706
 2754
 2796
 2836
 2876
 2914
 2944
 2966
 2980
 2974
 2958
 2926
 2878
 2824
 2774
 2718
 2654
 2592
 2524
 2444
 2364
 2284
 2212
 2142
 2078
 2016
 1956
 1904
 1868
 1840
 1838
 1856
 1888
 1926
 1976
 2036
 2098
 2156
 2212
 2268
 2334
 2398
 2460
 2520
 2572
 2624
 2668
 2708
 2752
 2796
 2842
 2886
 2936
 2980
 3016
 3040
 3056
 3072
 3084
 3090
 3084
 3064
 3034
 2994
 2936
 2876
 2816
 2752
 2680
 2606
 2530
 2448
 2366
 2284
 2204
 2130
 2058
 1990
 1920
 1852
 1794
 1738
 1696
 1678
 1678
 1688
 1708
 1740
 1774
 1812
 1848
 1890
 1940
 1986
 2034
 2078
 2122
 2164
 2196
 2228
 2268
 2308
 2348
 2388
 2432
 2474
 2514
 2552
 2590
 2632
 2674
 2718
 2762
 2800
 2838
 2874
 2900
 2926
 2958
 2994
 3018
 3044
 3066
 3074
 3066
 3048
 3016
 2974
 2928
 2872
 2808
 2732
 2654
 2570
 2476
 2386
 2304
 2220
 2134
 2056
 1980
 1904
 1830
 1762
 1708
 1662
 1628
 1608
 1596
 1598
 1608
 1618
 1642
 1670
 1706
 1744
 1786
 1836
 1884
 1934
 1980
 2032
 2090
 2146
 2200
 2254
 2304
 2348
 2396
 2434
 2468
 2516
 2566
 2618
 2670
 2724
 2776
 2824
 2864
 2898
 2934
 2964
 2990
 3012
 3032
 3044
 3052
 3056
 3048
 3030
 3012
 2990
 2958
 2924
 2886
 2840
 2786
 2726
 2670
 2612
 2550
 2484
 2414
 2342
 2264
 2186
 2104
 2016
 1938
 1868
 1798
 1728
 1662
 1598
 1538
 1486
 1446
 1424
 1414
 1414
 1424
 1436
 1454
 1476
 1492
 1516
 1548
 1584
 1620
 1658
 1700
 1746
 1792
 1834
 1880
 1928
 1986
 2038
 2086
 2132
 2178
 2216
 2248
 2284
 2326
 2370
 2410
 2450
 2492
 2530
 2562
 2594
 2626
 2660
 2696
 2728
 2758
 2786
 2812
 2834
 2852
 2868
 2892
 2922
 2946
 2972
 2990
 3006
 3014
 3018
 3016
 3006
 2994
 2974
 2952
 2920
 2880
 2838
 2786
 2722
 2664
 2610
 2554
 2494
 2436
 2376
 2314
 2250
 2192
 2140
 2094
 2052
 2016
 1988
 1970
 1964
 1960
 1962
 1976
 2000
 2030
 2062
 2100
 2142
 2182
 2222
 2260
 2302
 2348
 2394
 2438
 2480
 2522
 2564
 2604
 2636
 2672
 2720
 2766
 2810
 2856
 2904
 2944
 2980
 3004
 3028
 3048
 3066
 3078
 3092
 3100
 3098
 3092
 3076
 3048
 3018
 2988
 2950
 2906
 2862
 2808
 2742
 2676
 2608
 2544
 2478
 2412
 2348
 2280
 2214
 2148
 2086
 2018
 1958
 1912
 1878
 1854
 1842
 1848
 1860
 1882
 1910
 1946
 1988
 2036
 2088
 2138
 2188
 2238
 2286
 2324
 2366
 2414
 2462
 2512
 2558
 2606
 2654
 2698
 2736
 2768
 2806
 2842
 2874
 2904
 2930
 2950
 2966
 2982
 2996
 3002
 3010
 3022
 3030
 3026
 3020
 3004
 2980
 2946
 2906
 2868
 2824
 2776
 2720
 2658
 2594
 2524
 2456
 2382
 2302
 2234
 2172
 2112
 2052
 2000
 1948
 1904
 1868
 1846
 1840
 1848
 1862
 1886
 1912
 1938
 1968
 1992
 2018
 2056
 2096
 2138
 2186
 2238
 2286
 2332
 2376
 2418
 2464
 2512
 2558
 2602
 2650
 2694
 2738
 2778
 2810
 2844
 2882
 2924
 2960
 2992
 3016
 3028
 3030
 3020
 3004
 2980
 2950
 2916
 2876
 2826
 2768
 2706
 2636
 2562
 2498
 2436
 2368
 2298
 2234
 2166
 2098
 2030
 1970
 1918
 1874
 1842
 1822
 1810
 1810
 1822
 1834
 1854
 1886
 1926
 1974
 2022
 2076
 2132
 2188
 2242
 2302
 2364
 2424
 2482
 2542
 2598
 2652
 2702
 2742
 2776
 2814
 2856
 2898
 2934
 2974
 3000
 3024
 3040
 3052
 3066
 3068
 3058
 3042
 3022
 2996
 2964
 2930
 2888
 2854
 2830
 2812
 2786
 2772
 2764
 2758
 2752
 2750
 2758
 2770
 2786
 2804
 2824
 2846
 2866
 2890
 2904
 2914
 2934
 2960
 2988
 3010
 3036
 3050
 3052
 3042
 3020
 2992
 2958
 2918
 2870
 2816
 2754
 2688
 2620
 2544
 2478
 2424
 2368
 2312
 2260
 2216
 2174
 2142
 2120
 2114
 2124
 2146
 2172
 2204
 2234
 2274
 2316
 2352
 2400
 2454
 2514
 2574
 2634
 2696
 2754
 2808
 2854
 2896
 2942
 2980
 3006
 3030
 3052
 3068
 3084
 3086
 3080
 3072
 3064
 3044
 3014
 2982
 2944
 2898
 2846
 2790
 2732
 2670
 2610
 2546
 2482
 2416
 2350
 2290
 2222
 2168
 2132
 2114
 2104
 2112
 2132
 2160
 2196
 2234
 2280
 2332
 2386
 2440
 2494
 2546
 2594
 2646
 2690
 2730
 2774
 2824
 2874
 2920
 2970
 3012
 3042
 3060
 3078
 3094
 3098
 3088
 3066
 3032
 2986
 2926
 2860
 2776
 2692
 2618
 2544
 2462
 2388
 2312
 2238
 2164
 2094
 2034
 1980
 1934
 1904
 1892
 1896
 1918
 1954
 1986
 2036
 2092
 2158
 2220
 2286
 2354
 2424
 2486
 2544
 2602
 2660
 2716
 2768
 2818
 2858
 2900
 2936
 2958
 2978
 3004
 3030
 3048
 3058
 3054
 3040
 3010
 2966
 2920
 2866
 2804
 2738
 2666
 2586
 2508
 2426
 2338
 2260
 2188
 2120
 2052
 1990
 1938
 1896
 1866
 1852
 1862
 1886
 1924
 1964
 2010
 2064
 2122
 2174
 2228
 2288
 2354
 2418
 2480
 2546
 2610
 2670
 2724
 2776
 2828
 2876
 2920
 2956
 2990
 3020
 3046
 3054
 3056
 3060
 3064
 3054
 3032
 3008
 2970
 2922
 2862
 2796
 2726
 2652
 2574
 2494
 2414
 2330
 2250
 2162
 2078
 2008
 1946
 1890
 1840
 1810
 1796
 1794
 1802
 1822
 1862
 1908
 1960
 2012
 2066
 2120
 2174
 2218
 2262
 2314
 2366
 2424
 2480
 2540
 2598
 2654
 2708
 2760
 2812
 2862
 2910
 2950
 2986
 3014
 3040
 3058
 3056
 3048
 3038
 3020
 2988
 2954
 2908
 2852
 2786
 2718
 2650
 2578
 2510
 2438
 2366
 2292
 2224
 2156
 2084
 2020
 1976
 1944
 1922
 1918
 1932
 1958
 1990
 2028
 2074
 2128
 2184
 2246
 2302
 2356
 2408
 2466
 2512
 2556
 2604
 2656
 2708
 2758
 2814
 2862
 2906
 2942
 2974
 3006
 3032
 3056
 3072
 3084
 3082
 3068
 3038
 2990
 2936
 2888
 2830
 2766
 2698
 2626
 2550
 2470
 2392
 2318
 2250
 2180
 2112
 2042
 1974
 1910
 1850
 1788
 1754
 1736
 1738
 1750
 1778
 1814
 1860
 1912
 1962
 2022
 2084
 2146
 2208
 2266
 2320
 2378
 2436
 2486
 2538
 2596
 2650
 2700
 2758
 2812
 2862
 2902
 2938
 2972
 3002
 3026
 3048
 3058
 3064
 3070
 3064
 3046
 3014
 2982
 2948
 2900
 2856
 2804
 2744
 2674
 2604
 2534
 2464
 2394
 2322
 2252
 2182
 2114
 2054
 1992
 1944
 1916
 1904
 1904
 1920
 1950
 1982
 2020
 2062
 2106
 2156
 2208
 2262
 2312
 2362
 2408
 2456
 2494
 2536
 2582
 2630
 2676
 2724
 2778
 2822
 2862
 2896
 2928
 2958
 2982
 3006
 3024
 3034
 3042
 3044
 3028
 3004
 2976
 2946
 2910
 2868
 2826
 2772
 2716
 2658
 2600
 2550
 2500
 2456
 2412
 2372
 2336
 2314
 2302
 2292
 2304
 2330
 2370
 2410
 2460
 2514
 2570
 2620
 2666
 2712
 2762
 2804
 2840
 2876
 2910
 2938
 2964
 2982
 2992
 3004
 3026
 3046
 3054
 3066
 3074
 3066
 3048
 3020
 2986
 2942
 2894
 2840
 2778
 2710
 2638
 2566
 2484
 2404
 2336
 2274
 2208
 2144
 2084
 2016
 1950
 1882
 1822
 1768
 1724
 1688
 1660
 1646
 1644
 1652
 1656
 1676
 1706
 1748
 1796
 1852
 1914
 1978
 2042
 2102
 2160
 2222
 2280
 2338
 2394
 2446
 2494
 2538
 2578
 2614
 2652
 2696
 2738
 2778
 2822
 2860
 2888
 2910
 2928
 2942
 2956
 2968
 2976
 2980
 2978
 2972
 2952
 2920
 2884
 2852
 2816
 2768
 2722
 2670
 2612
 2554
 2500
 2448
 2396
 2342
 2280
 2216
 2146
 2080
 2016
 1944
 1882
 1826
 1776
 1726
 1690
 1664
 1646
 1640
 1640
 1652
 1676
 1702
 1732
 1764
 1798
 1834
 1872
 1904
 1944
 1988
 2040
 2088
 2144
 2202
 2256
 2310
 2356
 2402
 2450
 2498
 2542
 2584
 2626
 2662
 2700
 2736
 2762
 2788
 2820
 2856
 2884
 2914
 2944
 2966
 2982
 2994
 3006
 3014
 3020
 3026
 3028
 3022
 3004
 2978
 2946
 2910
 2862
 2810
 2764
 2714
 2658
 2600
 2544
 2482
 2416
 2350
 2286
 2228
 2172
 2114
 2058
 2008
 1964
 1932
 1914
 1900
 1896
 1910
 1934
 1968
 2004
 2048
 2092
 2142
 2184
 2226
 2272
 2322
 2372
 2420
 2460
 2504
 2542
 2578
 2614
 2644
 2668
 2704
 2742
 2778
 2812
 2850
 2884
 2912
 2934
 2952
 2972
 2982
 2990
 2998
 3004
 3008
 3012
 3010
 3008
 2994
 2972
 2948
 2926
 2898
 2866
 2834
 2792
 2744
 2690
 2632
 2576
 2522
 2466
 2408
 2346
 2284
 2224
 2166
 2108
 2048
 2006
 1978
 1962
 1954
 1958
 1970
 1986
 2008
 2028
 2056
 2090
 2128
 2166
 2204
 2240
 2278
 2318
 2350
 2382
 2420
 2460
 2500
 2540
 2580
 2618
 2650
 2680
 2708
 2738
 2768
 2798
 2828
 2854
 2878
 2902
 2918
 2922
 2930
 2946
 2964
 2976
 2984
 2984
 2976
 2954
 2930
 2900
 2866
 2828
 2788
 2744
 2694
 2640
 2586
 2522
 2458
 2402
 2348
 2282
 2214
 2152
 2086
 2016
 1948
 1882
 1826
 1780
 1744
 1718
 1700
 1696
 1702
 1708
 1734
 1774
 1824
 1880
 1942
 2008
 2070
 2128
 2184
 2236
 2288
 2336
 2382
 2426
 2466
 2500
 2534
 2562
 2586
 2616
 2652
 2684
 2714
 2750
 2782
 2808
 2828
 2850
 2872
 2894
 2914
 2932
 2944
 2950
 2950
 2954
 2956
 2948
 2934
 2916
 2896
 2870
 2836
 2800
 2756
 2700
 2636
 2570
 2502
 2432
 2364
 2290
 2206
 2122
 2048
 1998
 1968
 1940
 1906
 1880
 1862
 1842
 1822
 1796
 1762
 1714
 1658
 1588
 1518
 1444
 1370
 1294
 1216
 1146
 1080
 998
 900
 804
 718
 634
 542
 446
 350
 260
 170
 68
 0
 0
 0
 0
 0
 0
 0
 0
 0
 0
 0
 0
 0
 0
 0
 0
 0
 0
 0
 0
 0
 0
 0
 0
 0
 0
 0
 0
 0
 0
 0
 6
 112
 216
 318
 422
 526
 626
 726
 832
 932
 1032
 1148
 1270
 1384
 1500
 1614
 1722
 1812
 1892
 1972
 2056
 2138
 2210
 2282
 2350
 2410
 2466
 2528
 2592
 2650
 2704
 2754
 2792
 2812
 2822
 2834
 2852
 2868
 2874
 2876
 2880
 2870
 2868
 2874
 2878
 2892
 2904
 2916
 2932
 2944
 2952
 2954
 2962
 2976
 2994
 3014
 3028
 3042
 3044
 3042
 3040
 3040
 3048
 3052
 3048
 3038
 3026
 3012
 3000
 2994
 2992
 2990
 2990
 2988
 2990
 2986
 2972
 2964
 2962
 2960
 2954
 2954
 2954
 2950
 2944
 2938
 2934
 2932
 2930
 2928
 2928
 2920
 2914
 2914
 2920
 2928
 2934
 2942
 2952
 2958
 2962
 2964
 2968
 2970
 2972
 2976
 2976
 2970
 2966
 2970
 2976
 2978
 2986
 2994
 3002
 3006
 3012
 3006
 2994
 2988
 2980
 2966
 2958
 2946
 2932
 2922
 2914
 2906
 2896
 2892
 2880
 2862
 2840
 2820
 2800
 2778
 2756
 2730
 2706
 2680
 2650
 2626
 2614
 2610
 2606
 2608
 2616
 2624
 2630
 2634
 2644
 2656
 2666
 2676
 2682
 2692
 2702
 2702
 2704
 2716
 2728
 2740
 2754
 2768
 2778
 2786
 2788
 2794
 2800
 2804
 2808
 2816
 2818
 2824
 2820
 2814
 2818
 2830
 2838
 2848
 2860
 2872
 2878
 2884
 2890
 2896
 2896
 2896
 2896
 2898
 2900
 2900
 2894
 2884
 2884
 2890
 2888
 2890
 2898
 2900
 2898
 2894
 2890
 2888
 2884
 2878
 2874
 2866
 2860
 2854
 2844
 2828
 2822
 2822
 2826
 2828
 2836
 2844
 2846
 2848
 2848
 2854
 2860
 2862
 2864
 2866
 2868
 2872
 2872
 2862
 2860
 2868
 2878
 2886
 2898
 2910
 2910
 2910
 2912
 2914
 2918
 2916
 2918
 2918
 2918
 2920
 2916
 2906
 2896
 2892
 2892
 2890
 2884
 2880
 2864
 2840
 2808
 2774
 2740
 2700
 2664
 2624
 2580
 2536
 2490
 2438
 2384
 2342
 2306
 2272
 2238
 2212
 2194
 2180
 2170
 2170
 2180
 2194
 2210
 2232
 2250
 2276
 2296
 2312
 2336
 2364
 2392
 2418
 2450
 2484
 2514
 2544
 2572
 2608
 2644
 2674
 2706
 2734
 2758
 2784
 2802
 2816
 2834
 2856
 2878
 2898
 2914
 2926
 2934
 2940
 2944
 2946
 2944
 2942
 2936
 2926
 2910
 2888
 2858
 2818
 2782
 2748
 2702
 2656
 2612
 2554
 2492
 2430
 2368
 2312
 2258
 2206
 2160
 2116
 2088
 2060
 2038
 2032
 2040
 2056
 2074
 2100
 2128
 2158
 2186
 2212
 2244
 2276
 2306
 2334
 2362
 2384
 2406
 2426
 2436
 2456
 2482
 2510
 2538
 2568
 2598
 2628
 2656
 2686
 2716
 2750
 2782
 2810
 2836
 2858
 2878
 2898
 2918
 2928
 2936
 2948
 2958
 2962
 2966
 2966
 2962
 2948
 2928
 2908
 2886
 2856
 2824
 2788
 2750
 2710
 2668
 2628
 2592
 2548
 2504
 2476
 2460
 2446
 2442
 2448
 2456
 2470
 2482
 2500
 2520
 2544
 2568
 2592
 2614
 2636
 2656
 2676
 2694
 2704
 2718
 2740
 2764
 2786
 2812
 2840
 2862
 2882
 2900
 2916
 2934
 2950
 2958
 2964
 2970
 2972
 2974
 2966
 2956
 2934
 2902
 2870
 2840
 2802
 2754
 2708
 2660
 2602
 2542
 2486
 2434
 2386
 2338
 2292
 2242
 2200
 2162
 2128
 2108
 2096
 2090
 2104
 2128
 2160
 2196
 2238
 2286
 2334
 2380
 2424
 2472
 2520
 2566
 2608
 2650
 2688
 2724
 2752
 2782
 2806
 2824
 2846
 2874
 2906
 2930
 2956
 2980
 2988
 2992
 2996
 2998
 2996
 2986
 2966
 2932
 2890
 2838
 2776
 2712
 2634
 2550
 2470
 2394
 2310
 2224
 2140
 2052
 1964
 1876
 1796
 1724
 1652
 1588
 1528
 1476
 1434
 1410
 1392
 1382
 1392
 1412
 1444
 1486
 1534
 1588
 1646
 1702
 1756
 1814
 1876
 1940
 2000
 2064
 2124
 2182
 2236
 2282
 2330
 2380
 2434
 2484
 2532
 2580
 2622
 2658
 2690
 2718
 2748
 2774
 2798
 2816
 2834
 2848
 2858
 2868
 2868
 2874
 2886
 2902
 2910
 2926
 2938
 2942
 2940
 2934
 2926
 2916
 2898
 2874
 2844
 2810
 2768
 2720
 2666
 2596
 2526
 2460
 2390
 2310
 2234
 2158
 2076
 1994
 1912
 1834
 1762
 1694
 1638
 1584
 1540
 1508
 1492
 1478
 1472
 1484
 1508
 1540
 1578
 1622
 1666
 1714
 1760
 1806
 1858
 1912
 1968
 2020
 2074
 2126
 2174
 2220
 2260
 2292
 2328
 2370
 2412
 2448
 2488
 2528
 2556
 2584
 2608
 2634
 2664
 2690
 2710
 2730
 2746
 2760
 2770
 2782
 2788
 2792
 2800
 2816
 2834
 2846
 2868
 2884
 2896
 2904
 2910
 2910
 2912
 2914
 2914
 2908
 2896
 2882
 2860
 2832
 2800
 2756
 2704
 2662
 2624
 2574
 2510
 2442
 2366
 2280
 2190
 2102
 2018
 1936
 1852
 1770
 1690
 1612
 1538
 1474
 1422
 1380
 1346
 1336
 1344
 1368
 1398
 1440
 1488
 1544
 1602
 1666
 1736
 1812
 1888
 1958
 2024
 2090
 2148
 2204
 2256
 2300
 2346
 2392
 2444
 2490
 2534
 2580
 2616
 2646
 2670
 2694
 2716
 2738
 2758
 2774
 2788
 2802
 2810
 2820
 2830
 2832
 2836
 2850
 2870
 2886
 2896
 2908
 2916
 2920
 2918
 2912
 2902
 2890
 2874
 2850
 2816
 2780
 2738
 2688
 2636
 2570
 2508
 2456
 2408
 2356
 2304
 2262
 2214
 2168
 2132
 2104
 2092
 2088
 2096
 2108
 2130
 2150
 2180
 2212
 2240
 2272
 2314
 2364
 2414
 2460
 2514
 2562
 2604
 2642
 2676
 2710
 2740
 2770
 2796
 2818
 2838
 2856
 2872
 2880
 2884
 2890
 2902
 2916
 2928
 2944
 2954
 2958
 2960
 2958
 2954
 2944
 2928
 2906
 2878
 2838
 2790
 2742
 2682
 2612
 2552
 2494
 2434
 2368
 2308
 2244
 2172
 2098
 2024
 1952
 1886
 1818
 1752
 1684
 1620
 1568
 1530
 1492
 1468
 1470
 1484
 1508
 1538
 1576
 1618
 1666
 1720
 1776
 1840
 1908
 1972
 2036
 2098
 2158
 2216
 2272
 2320
 2368
 2424
 2480
 2534
 2582
 2634
 2676
 2712
 2742
 2774
 2802
 2830
 2852
 2870
 2892
 2906
 2916
 2928
 2934
 2926
 2924
 2926
 2924
 2912
 2904
 2884
 2858
 2826
 2790
 2754
 2718
 2678
 2638
 2598
 2558
 2518
 2482
 2448
 2414
 2392
 2384
 2386
 2388
 2398
 2416
 2432
 2446
 2458
 2476
 2502
 2526
 2552
 2580
 2606
 2632
 2658
 2686
 2706
 2726
 2756
 2794
 2826
 2856
 2890
 2910
 2922
 2932
 2936
 2936
 2924
 2908
 2882
 2852
 2814
 2764
 2710
 2646
 2576
 2512
 2460
 2410
 2356
 2306
 2260
 2216
 2172
 2134
 2106
 2092
 2088
 2090
 2100
 2114
 2132
 2156
 2178
 2202
 2238
 2282
 2330
 2378
 2434
 2486
 2534
 2578
 2622
 2664
 2710
 2750
 2790
 2824
 2854
 2880
 2904
 2910
 2908
 2914
 2920
 2916
 2900
 2880
 2848
 2806
 2756
 2700
 2636
 2572
 2510
 2442
 2374
 2306
 2232
 2158
 2080
 2004
 1946
 1906
 1874
 1858
 1856
 1868
 1888
 1914
 1950
 1994
 2044
 2098
 2154
 2210
 2268
 2326
 2378
 2426
 2482
 2546
 2610
 2672
 2734
 2790
 2838
 2878
 2914
 2944
 2972
 2992
 3008
 3016
 3014
 2998
 2966
 2916
 2868
 2820
 2770
 2708
 2646
 2576
 2498
 2412
 2324
 2240
 2158
 2078
 2000
 1922
 1846
 1782
 1732
 1690
 1668
 1670
 1694
 1730
 1772
 1828
 1890
 1948
 2010
 2074
 2144
 2210
 2274
 2330
 2388
 2442
 2496
 2548
 2588
 2634
 2690
 2744
 2794
 2842
 2888
 2926
 2952
 2974
 2994
 3014
 3024
 3032
 3034
 3026
 3006
 2976
 2934
 2880
 2828
 2780
 2722
 2656
 2594
 2520
 2440
 2356
 2274
 2192
 2116
 2040
 1970
 1902
 1842
 1796
 1764
 1738
 1730
 1744
 1770
 1804
 1850
 1904
 1962
 2024
 2082
 2150
 2222
 2290
 2356
 2418
 2480
 2536
 2592
 2638
 2674
 2720
 2770
 2816
 2854
 2900
 2934
 2962
 2982
 3000
 3010
 3008
 2998
 2976
 2944
 2904
 2852
 2790
 2710
 2630
 2556
 2480
 2398
 2320
 2242
 2160
 2074
 1996
 1920
 1852
 1786
 1724
 1670
 1630
 1606
 1594
 1588
 1604
 1630
 1670
 1714
 1766
 1824
 1882
 1940
 1996
 2064
 2132
 2198
 2264
 2326
 2384
 2442
 2492
 2532
 2578
 2632
 2682
 2728
 2778
 2824
 2864
 2896
 2926
 2956
 2980
 3000
 3016
 3026
 3032
 3030
 3012
 2980
 2940
 2904
 2868
 2812
 2758
 2702
 2638
 2570
 2504
 2436
 2370
 2306
 2240
 2172
 2104
 2042
 1976
 1906
 1850
 1812
 1790
 1774
 1778
 1790
 1814
 1842
 1872
 1910
 1958
 2006
 2054
 2098
 2142
 2186
 2222
 2254
 2292
 2336
 2388
 2438
 2490
 2542
 2588
 2630
 2668
 2710
 2750
 2790
 2828
 2864
 2898
 2932
 2960
 2972
 2978
 2988
 3006
 3012
 3010
 3006
 2990
 2964
 2930
 2886
 2838
 2788
 2728
 2666
 2602
 2534
 2464
 2390
 2304
 2230
 2164
 2102
 2038
 1978
 1922
 1862
 1808
 1758
 1722
 1702
 1694
 1700
 1714
 1736
 1768
 1798
 1826
 1866
 1916
 1978
 2044
 2110
 2178
 2242
 2304
 2360
 2418
 2476
 2530
 2578
 2628
 2674
 2714
 2752
 2784
 2810
 2844
 2880
 2914
 2944
 2976
 3000
 3018
 3026
 3024
 3018
 3002
 2978
 2948
 2908
 2862
 2808
 2742
 2668
 2602
 2538
 2468
 2394
 2322
 2246
 2166
 2088
 2014
 1946
 1884
 1824
 1774
 1730
 1700
 1688
 1678
 1680
 1698
 1726
 1760
 1800
 1850
 1896
 1946
 1994
 2044
 2098
 2148
 2194
 2240
 2280
 2318
 2356
 2386
 2410
 2446
 2484
 2522
 2562
 2606
 2646
 2688
 2726
 2762
 2804
 2844
 2878
 2912
 2942
 2958
 2972
 2978
 2968
 2950
 2930
 2908
 2878
 2846
 2806
 2754
 2692
 2624
 2558
 2496
 2428
 2358
 2282
 2200
 2116
 2036
 1942
 1856
 1780
 1708
 1638
 1574
 1520
 1478
 1446
 1424
 1422
 1434
 1456
 1484
 1518
 1550
 1588
 1624
 1660
 1712
 1766
 1824
 1880
 1940
 2000
 2056
 2110
 2162
 2218
 2278
 2336
 2390
 2438
 2482
 2532
 2568
 2598
 2634
 2674
 2714
 2750
 2794
 2830
 2864
 2894
 2922
 2948
 2970
 2988
 2996
 2998
 2992
 2978
 2954
 2916
 2872
 2834
 2796
 2746
 2694
 2640
 2572
 2498
 2422
 2350
 2278
 2204
 2132
 2058
 1982
 1904
 1826
 1744
 1668
 1614
 1574
 1546
 1530
 1530
 1544
 1566
 1592
 1628
 1676
 1730
 1788
 1846
 1900
 1956
 2014
 2060
 2110
 2162
 2214
 2262
 2310
 2360
 2404
 2444
 2476
 2510
 2544
 2576
 2606
 2640
 2670
 2698
 2728
 2750
 2764
 2790
 2820
 2850
 2876
 2904
 2930
 2948
 2962
 2976
 2988
 3000
 3006
 3012
 3014
 3000
 2980
 2952
 2912
 2866
 2824
 2784
 2734
 2684
 2632
 2576
 2512
 2444
 2374
 2304
 2232
 2160
 2082
 2004
 1932
 1872
 1812
 1762
 1734
 1724
 1730
 1742
 1768
 1800
 1832
 1866
 1902
 1948
 1992
 2040
 2088
 2134
 2172
 2212
 2242
 2268
 2300
 2336
 2370
 2402
 2440
 2472
 2500
 2526
 2548
 2572
 2600
 2622
 2642
 2662
 2682
 2696
 2712
 2722
 2726
 2740
 2762
 2784
 2804
 2830
 2856
 2878
 2898
 2922
 2950
 2970
 2986
 3002
 3014
 3022
 3022
 3020
 3012
 2990
 2966
 2944
 2924
 2894
 2864
 2834
 2794
 2748
 2708
 2666
 2626
 2586
 2540
 2486
 2432
 2372
 2304
 2224
 2134
 2054
 1998
 1926
 1864
 1800
 1720
 1636
 1552
 1476
 1414
 1368
 1338
 1330
 1330
 1326
 1320
 1316
 1320
 1318
 1324
 1358
 1410
 1484
 1566
 1654
 1744
 1826
 1910
 1992
 2062
 2122
 2184
 2242
 2294
 2328
 2366
 2408
 2450
 2488
 2528
 2574
 2608
 2640
 2664
 2680
 2690
 2704
 2712
 2722
 2732
 2734
 2734
 2752
 2766
 2778
 2794
 2806
 2812
 2816
 2820
 2826
 2834
 2840
 2848
 2852
 2850
 2838
 2830
 2828
 2818
 2816
 2820
 2818
 2816
 2814
 2814
 2816
 2818
 2818
 2820
 2818
 2812
 2814
 2824
 2832
 2844
 2858
 2874
 2886
 2890
 2892
 2902
 2902
 2902
 2910
 2910
 2902
 2900
 2908
 2914
 2920
 2932
 2938
 2938
 2936
 2934
 2938
 2938
 2938
 2940
 2936
 2928
 2922
 2926
 2934
 2936
 2944
 2946
 2944
 2942
 2940
 2940
 2932
 2922
 2904
 2874
 2840
 2796
 2740
 2686
 2634
 2576
 2504
 2438
 2370
 2296
 2222
 2150
 2082
 2010
 1944
 1880
 1816
 1764
 1720
 1678
 1652
 1650
 1654
 1662
 1678
 1708
 1738
 1766
 1794
 1824
 1862
 1904
 1946
 1988
 2024
 2064
 2098
 2124
 2154
 2190
 2230
 2266
 2308
 2350
 2388
 2420
 2450
 2486
 2516
 2546
 2576
 2608
 2638
 2668
 2702
 2726
 2750
 2782
 2820
 2852
 2882
 2912
 2938
 2958
 2976
 2992
 3008
 3020
 3030
 3038
 3048
 3056
 3060
 3066
 3066
 3060
 3052
 3046
 3040
 3018
 2992
 2962
 2916
 2862
 2798
 2732
 2662
 2588
 2512
 2430
 2348
 2264
 2176
 2094
 2008
 1918
 1842
 1780
 1722
 1660
 1610
 1570
 1534
 1512
 1502
 1514
 1542
 1576
 1614
 1654
 1694
 1742
 1788
 1826
 1874
 1928
 1990
 2054
 2120
 2188
 2254
 2318
 2370
 2422
 2476
 2530
 2580
 2630
 2676
 2716
 2756
 2790
 2814
 2842
 2878
 2908
 2932
 2962
 2984
 3000
 3012
 3020
 3028
 3036
 3040
 3042
 3034
 3018
 2994
 2958
 2906
 2860
 2816
 2766
 2712
 2664
 2608
 2538
 2470
 2408
 2346
 2276
 2206
 2140
 2078
 2028
 1990
 1956
 1936
 1940
 1960
 1984
 2016
 2058
 2098
 2144
 2184
 2224
 2272
 2316
 2358
 2398
 2436
 2470
 2502
 2526
 2554
 2588
 2626
 2654
 2692
 2730
 2762
 2792
 2818
 2846
 2876
 2902
 2924
 2946
 2964
 2978
 2992
 2994
 2994
 3000
 3004
 2998
 2984
 2974
 2950
 2910
 2860
 2806
 2748
 2684
 2620
 2548
 2476
 2402
 2324
 2250
 2170
 2082
 2012
 1950
 1888
 1828
 1778
 1730
 1688
 1658
 1640
 1640
 1656
 1676
 1704
 1734
 1764
 1796
 1834
 1868
 1908
 1956
 2008
 2062
 2112
 2168
 2222
 2270
 2314
 2364
 2414
 2460
 2504
 2542
 2578
 2610
 2636
 2662
 2692
 2712
 2728
 2758
 2792
 2824
 2852
 2890
 2920
 2946
 2964
 2974
 2984
 2988
 2990
 2986
 2972
 2950
 2922
 2890
 2856
 2818
 2768
 2712
 2664
 2620
 2574
 2524
 2480
 2428
 2376
 2326
 2278
 2238
 2202
 2180
 2164
 2158
 2160
 2170
 2182
 2204
 2226
 2244
 2276
 2316
 2362
 2408
 2456
 2512
 2564
 2606
 2644
 2680
 2722
 2760
 2800
 2836
 2866
 2896
 2920
 2936
 2950
 2964
 2970
 2976
 2990
 3010
 3024
 3036
 3048
 3044
 3030
 3004
 2974
 2942
 2898
 2850
 2792
 2722
 2646
 2566
 2476
 2392
 2300
 2202
 2122
 2048
 1976
 1906
 1846
 1792
 1740
 1700
 1670
 1664
 1670
 1692
 1720
 1756
 1798
 1842
 1890
 1944
 1990
 2042
 2106
 2178
 2244
 2310
 2374
 2434
 2482
 2524
 2568
 2612
 2652
 2694
 2728
 2764
 2796
 2824
 2852
 2874
 2888
 2910
 2936
 2962
 2982
 3006
 3024
 3034
 3038
 3036
 3028
 3012
 2986
 2954
 2918
 2874
 2824
 2766
 2698
 2622
 2554
 2494
 2436
 2372
 2312
 2252
 2186
 2122
 2062
 2012
 1976
 1952
 1936
 1932
 1940
 1954
 1978
 2002
 2028
 2070
 2118
 2178
 2238
 2306
 2374
 2434
 2492
 2542
 2590
 2642
 2688
 2730
 2770
 2810
 2842
 2874
 2902
 2916
 2924
 2940
 2964
 2986
 3000
 3018
 3030
 3032
 3020
 3002
 2978
 2948
 2916
 2876
 2830
 2780
 2724
 2662
 2600
 2538
 2462
 2390
 2328
 2266
 2200
 2142
 2086
 2034
 1992
 1958
 1944
 1948
 1962
 1992
 2028
 2064
 2110
 2154
 2206
 2256
 2302
 2350
 2408
 2468
 2522
 2584
 2648
 2702
 2750
 2792
 2828
 2866
 2898
 2924
 2948
 2968
 2984
 2998
 3010
 3016
 3018
 3016
 3014
 3008
 2990
 2960
 2924
 2878
 2814
 2740
 2656
 2566
 2476
 2386
 2290
 2196
 2104
 2008
 1912
 1818
 1722
 1630
 1556
 1486
 1420
 1362
 1322
 1298
 1286
 1284
 1300
 1338
 1384
 1440
 1506
 1578
 1652
 1730
 1802
 1868
 1934
 2004
 2078
 2148
 2218
 2290
 2354
 2414
 2462
 2510
 2556
 2600
 2642
 2676
 2712
 2742
 2766
 2792
 2808
 2820
 2840
 2866
 2888
 2906
 2928
 2944
 2956
 2962
 2966
 2970
 2976
 2978
 2980
 2980
 2970
 2956
 2940
 2920
 2888
 2856
 2830
 2806
 2776
 2746
 2720
 2688
 2648
 2600
 2550
 2502
 2450
 2402
 2350
 2306
 2270
 2242
 2220
 2210
 2202
 2198
 2214
 2238
 2268
 2302
 2342
 2382
 2422
 2458
 2490
 2524
 2562
 2594
 2626
 2656
 2682
 2708
 2730
 2746
 2766
 2778
 2786
 2800
 2820
 2842
 2860
 2884
 2902
 2916
 2926
 2926
 2932
 2938
 2946
 2950
 2952
 2952
 2954
 2954
 2952
 2954
 2956
 2952
 2946
 2942
 2944
 2938
 2928
 2916
 2896
 2866
 2828
 2790
 2754
 2718
 2678
 2636
 2586
 2532
 2476
 2416
 2350
 2286
 2224
 2152
 2088
 2034
 1990
 1950
 1920
 1904
 1896
 1900
 1910
 1930
 1964
 2004
 2050
 2094
 2142
 2192
 2240
 2284
 2328
 2372
 2406
 2444
 2488
 2534
 2572
 2614
 2654
 2686
 2714
 2738
 2762
 2786
 2810
 2830
 2848
 2864
 2880
 2892
 2902
 2912
 2918
 2916
 2920
 2934
 2952
 2960
 2972
 2986
 2992
 2992
 2986
 2976
 2966
 2948
 2926
 2896
 2860
 2818
 2774
 2724
 2674
 2616
 2550
 2494
 2440
 2386
 2326
 2272
 2214
 2154
 2092
 2038
 1992
 1958
 1934
 1922
 1920
 1928
 1944
 1970
 2000
 2026
 2058
 2098
 2142
 2190
 2238
 2288
 2338
 2382
 2422
 2456
 2494
 2530
 2564
 2596
 2624
 2648
 2672
 2688
 2706
 2718
 2722
 2736
 2756
 2778
 2800
 2822
 2844
 2862
 2876
 2886
 2898
 2912
 2920
 2928
 2930
 2930
 2930
 2928
 2916
 2906
 2890
 2864
 2842
 2822
 2806
 2782
 2760
 2736
 2708
 2676
 2640
 2608
 2576
 2546
 2516
 2488
 2464
 2444
 2432
 2426
 2424
 2430
 2434
 2440
 2458
 2480
 2508
 2534
 2566
 2596
 2626
 2652
 2674
 2702
 2730
 2758
 2784
 2806
 2828
 2846
 2864
 2878
 2892
 2900
 2902
 2902
 2912
 2930
 2942
 2952
 2966
 2970
 2966
 2948
 2926
 2898
 2866
 2828
 2784
 2732
 2674
 2614
 2548
 2472
 2394
 2304
 2206
 2114
 2026
 1936
 1844
 1754
 1664
 1570
 1478
 1390
 1314
 1258
 1216
 1190
 1176
 1180
 1196
 1224
 1266
 1310
 1360
 1428
 1502
 1584
 1666
 1744
 1824
 1902
 1974
 2034
 2094
 2152
 2210
 2264
 2314
 2360
 2404
 2444
 2484
 2510
 2530
 2562
 2598
 2630
 2658
 2690
 2716
 2738
 2756
 2770
 2790
 2806
 2824
 2842
 2858
 2870
 2880
 2886
 2888
 2888
 2890
 2902
 2922
 2934
 2948
 2964
 2972
 2974
 2968
 2960
 2948
 2930
 2904
 2874
 2836
 2796
 2750
 2698
 2642
 2576
 2504
 2442
 2384
 2326
 2262
 2204
 2140
 2074
 2000
 1936
 1876
 1820
 1772
 1730
 1698
 1682
 1678
 1686
 1704
 1724
 1756
 1804
 1864
 1928
 1996
 2070
 2136
 2202
 2258
 2304
 2360
 2410
 2466
 2516
 2562
 2606
 2646
 2684
 2718
 2746
 2768
 2794
 2828
 2860
 2884
 2912
 2932
 2942
 2938
 2924
 2904
 2878
 2836
 2788
 2732
 2668
 2596
 2522
 2448
 2364
 2276
 2202
 2134
 2062
 1986
 1916
 1848
 1778
 1710
 1652
 1618
 1594
 1588
 1594
 1610
 1640
 1674
 1722
 1770
 1816
 1872
 1936
 2004
 2070
 2138
 2206
 2266
 2326
 2378
 2424
 2476
 2526
 2572
 2618
 2662
 2704
 2740
 2778
 2808
 2832
 2860
 2896
 2926
 2950
 2978
 3006
 3024
 3034
 3036
 3028
 3010
 2986
 2952
 2908
 2862
 2810
 2744
 2678
 2600
 2516
 2436
 2362
 2288
 2208
 2136
 2064
 1994
 1926
 1868
 1818
 1780
 1748
 1724
 1714
 1716
 1724
 1744
 1766
 1792
 1828
 1870
 1920
 1976
 2030
 2086
 2140
 2190
 2234
 2276
 2322
 2364
 2406
 2444
 2480
 2512
 2540
 2570
 2602
 2628
 2656
 2694
 2738
 2782
 2822
 2868
 2902
 2934
 2960
 2972
 2986
 2992
 2988
 2974
 2954
 2922
 2884
 2838
 2782
 2720
 2644
 2566
 2494
 2424
 2346
 2264
 2184
 2096
 2006
 1914
 1828
 1750
 1674
 1602
 1526
 1448
 1376
 1306
 1236
 1174
 1116
 1080
 1064
 1074
 1092
 1122
 1162
 1210
 1264
 1318
 1382
 1460
 1542
 1624
 1704
 1784
 1860
 1936
 2018
 2090
 2154
 2226
 2298
 2370
 2434
 2506
 2572
 2632
 2686
 2736
 2782
 2826
 2864
 2896
 2922
 2948
 2968
 2984
 2998
 3002
 2998
 2994
 2992
 2978
 2958
 2940
 2910
 2874
 2824
 2772
 2722
 2668
 2614
 2562
 2508
 2454
 2398
 2346
 2304
 2258
 2218
 2194
 2180
 2170
 2166
 2180
 2196
 2222
 2246
 2272
 2306
 2344
 2382
 2422
 2466
 2518
 2562
 2604
 2648
 2688
 2732
 2776
 2826
 2866
 2906
 2944
 2972
 2994
 3002
 3004
 2998
 2978
 2950
 2908
 2862
 2804
 2738
 2668
 2588
 2498
 2416
 2342
 2270
 2190
 2116
 2040
 1960
 1880
 1804
 1740
 1684
 1640
 1606
 1588
 1584
 1590
 1614
 1640
 1670
 1714
 1768
 1830
 1892
 1956
 2022
 2088
 2158
 2208
 2256
 2306
 2348
 2388
 2426
 2458
 2492
 2522
 2544
 2566
 2582
 2600
 2624
 2658
 2686
 2714
 2746
 2772
 2796
 2812
 2830
 2846
 2860
 2870
 2874
 2874
 2866
 2854
 2842
 2834
 2822
 2806
 2800
 2802
 2808
 2816
 2824
 2834
 2840
 2844
 2848
 2856
 2874
 2890
 2908
 2918
 2930
 2946
 2960
 2976
 2994
 3002
 2996
 2988
 2974
 2952
 2916
 2876
 2822
 2752
 2674
 2586
 2496
 2412
 2330
 2242
 2154
 2062
 1970
 1882
 1800
 1714
 1624
 1556
 1492
 1434
 1378
 1334
 1302
 1282
 1274
 1280
 1310
 1350
 1400
 1460
 1522
 1594
 1676
 1758
 1832
 1906
 1984
 2064
 2150
 2230
 2312
 2394
 2466
 2528
 2586
 2640
 2694
 2744
 2786
 2824
 2862
 2894
 2922
 2948
 2962
 2970
 2984
 3004
 3026
 3036
 3050
 3052
 3040
 3016
 2984
 2950
 2912
 2868
 2820
 2758
 2694
 2620
 2544
 2468
 2376
 2286
 2210
 2138
 2066
 1994
 1930
 1866
 1806
 1752
 1718
 1702
 1702
 1714
 1744
 1782
 1822
 1868
 1922
 1970
 2022
 2082
 2148
 2222
 2286
 2356
 2424
 2486
 2542
 2592
 2642
 2692
 2736
 2780
 2820
 2860
 2890
 2922
 2946
 2960
 2972
 2990
 3014
 3032
 3048
 3056
 3052
 3036
 3008
 2974
 2936
 2892
 2842
 2786
 2722
 2648
 2566
 2486
 2398
 2302
 2216
 2138
 2064
 1990
 1920
 1852
 1782
 1710
 1646
 1594
 1558
 1540
 1536
 1544
 1562
 1590
 1624
 1664
 1702
 1748
 1812
 1884
 1958
 2032
 2110
 2184
 2254
 2316
 2374
 2436
 2502
 2562
 2620
 2672
 2718
 2760
 2802
 2834
 2856
 2880
 2902
 2928
 2948
 2970
 2990
 3002
 3004
 2996
 2978
 2950
 2916
 2878
 2832
 2778
 2724
 2662
 2604
 2536
 2462
 2394
 2328
 2260
 2188
 2120
 2048
 1978
 1906
 1842
 1792
 1754
 1730
 1718
 1718
 1732
 1756
 1790
 1826
 1860
 1910
 1968
 2038
 2102
 2170
 2238
 2300
 2356
 2406
 2456
 2506
 2554
 2598
 2638
 2678
 2712
 2744
 2774
 2794
 2812
 2838
 2874
 2900
 2926
 2956
 2980
 3000
 3012
 3022
 3034
 3046
 3054
 3058
 3058
 3052
 3038
 3016
 2982
 2934
 2884
 2842
 2806
 2756
 2706
 2660
 2606
 2546
 2486
 2428
 2370
 2314
 2262
 2208
 2154
 2102
 2048
 2006
 1966
 1934
 1928
 1936
 1956
 1984
 2022
 2066
 2112
 2158
 2204
 2256
 2306
 2354
 2400
 2446
 2486
 2524
 2558
 2592
 2616
 2638
 2666
 2704
 2736
 2770
 2806
 2836
 2864
 2884
 2904
 2922
 2944
 2960
 2974
 2986
 2996
 3004
 3010
 3014
 3008
 2988
 2964
 2942
 2918
 2880
 2842
 2798
 2742
 2678
 2610
 2540
 2468
 2396
 2324
 2246
 2168
 2094
 2020
 1952
 1886
 1820
 1772
 1746
 1736
 1738
 1754
 1784
 1820
 1866
 1912
 1964
 2026
 2090
 2152
 2214
 2274
 2328
 2380
 2428
 2474
 2514
 2552
 2594
 2640
 2678
 2716
 2754
 2784
 2808
 2832
 2854
 2876
 2896
 2916
 2928
 2940
 2950
 2956
 2962
 2962
 2956
 2952
 2956
 2968
 2978
 2986
 3000
 3008
 3010
 3006
 3002
 2996
 2990
 2978
 2958
 2934
 2906
 2876
 2842
 2812
 2782
 2746
 2718
 2704
 2696
 2688
 2686
 2690
 2692
 2696
 2702
 2710
 2720
 2734
 2748
 2758
 2774
 2786
 2798
 2808
 2822
 2828
 2836
 2852
 2876
 2898
 2918
 2940
 2958
 2966
 2968
 2974
 2980
 2986
 2992
 2992
 2996
 2996
 2988
 2966
 2940
 2904
 2862
 2826
 2792
 2750
 2706
 2660
 2610
 2556
 2504
 2456
 2416
 2380
 2346
 2316
 2288
 2262
 2244
 2236
 2232
 2228
 2234
 2252
 2278
 2308
 2338
 2370
 2402
 2434
 2460
 2486
 2512
 2540
 2570
 2598
 2622
 2646
 2666
 2690
 2710
 2726
 2742
 2766
 2800
 2828
 2858
 2890
 2916
 2928
 2936
 2942
 2952
 2960
 2964
 2964
 2960
 2946
 2924
 2886
 2842
 2794
 2732
 2670
 2612
 2550
 2476
 2404
 2326
 2244
 2158
 2072
 1994
 1920
 1852
 1784
 1714
 1646
 1580
 1520
 1470
 1434
 1408
 1400
 1416
 1446
 1480
 1526
 1578
 1632
 1692
 1746
 1806
 1870
 1936
 2002
 2060
 2118
 2180
 2240
 2294
 2340
 2382
 2426
 2480
 2536
 2586
 2636
 2684
 2726
 2762
 2792
 2822
 2850
 2874
 2898
 2914
 2930
 2942
 2942
 2944
 2940
 2926
 2904
 2886
 2872
 2850
 2826
 2806
 2782
 2744
 2704
 2660
 2618
 2576
 2526
 2472
 2414
 2362
 2308
 2254
 2214
 2176
 2140
 2124
 2124
 2134
 2148
 2178
 2212
 2246
 2280
 2310
 2348
 2388
 2426
 2466
 2504
 2540
 2578
 2614
 2650
 2680
 2708
 2740
 2780
 2816
 2850
 2888
 2916
 2938
 2954
 2966
 2982
 2988
 2986
 2974
 2954
 2920
 2864
 2810
 2756
 2690
 2616
 2552
 2486
 2412
 2338
 2264
 2180
 2100
 2016
 1934
 1864
 1798
 1736
 1676
 1626
 1590
 1574
 1574
 1578
 1594
 1628
 1680
 1740
 1804
 1872
 1946
 2018
 2088
 2150
 2214
 2284
 2352
 2416
 2478
 2536
 2590
 2642
 2682
 2716
 2758
 2804
 2844
 2880
 2916
 2946
 2970
 2986
 2996
 3004
 3006
 2998
 2978
 2950
 2914
 2874
 2832
 2778
 2714
 2654
 2594
 2538
 2476
 2414
 2348
 2274
 2200
 2128
 2062
 2002
 1946
 1896
 1854
 1828
 1812
 1810
 1826
 1842
 1870
 1916
 1970
 2024
 2080
 2148
 2212
 2272
 2328
 2384
 2442
 2500
 2554
 2600
 2646
 2690
 2736
 2776
 2810
 2836
 2866
 2898
 2930
 2956
 2974
 2986
 2988
 2978
 2956
 2932
 2904
 2866
 2822
 2770
 2710
 2640
 2560
 2480
 2392
 2294
 2208
 2130
 2052
 1968
 1894
 1820
 1744
 1666
 1592
 1528
 1474
 1432
 1406
 1394
 1400
 1416
 1448
 1480
 1520
 1582
 1650
 1730
 1814
 1898
 1986
 2072
 2152
 2222
 2292
 2372
 2446
 2516
 2580
 2642
 2700
 2752
 2800
 2840
 2874
 2910
 2940
 2972
 2998
 3022
 3026
 3018
 2998
 2962
 2920
 2872
 2810
 2738
 2658
 2568
 2472
 2376
 2274
 2166
 2066
 1974
 1884
 1794
 1708
 1626
 1544
 1462
 1388
 1320
 1266
 1228
 1204
 1194
 1204
 1224
 1258
 1294
 1350
 1424
 1506
 1598
 1684
 1778
 1870
 1960
 2040
 2116
 2192
 2266
 2338
 2410
 2480
 2544
 2600
 2652
 2694
 2732
 2770
 2818
 2858
 2896
 2936
 2966
 2988
 3006
 3012
 3018
 3024
 3024
 3012
 2992
 2960
 2920
 2878
 2822
 2762
 2706
 2648
 2582
 2510
 2434
 2350
 2260
 2170
 2082
 1998
 1916
 1844
 1774
 1706
 1650
 1620
 1596
 1582
 1588
 1610
 1648
 1686
 1742
 1802
 1866
 1934
 1996
 2066
 2134
 2208
 2276
 2342
 2404
 2462
 2520
 2570
 2616
 2668
 2728
 2784
 2832
 2884
 2928
 2964
 2988
 3008
 3026
 3042
 3050
 3046
 3030
 3000
 2962
 2916
 2856
 2788
 2724
 2662
 2586
 2508
 2430
 2340
 2250
 2160
 2068
 1976
 1890
 1804
 1722
 1638
 1560
 1496
 1436
 1392
 1380
 1386
 1404
 1436
 1486
 1540
 1598
 1660
 1726
 1800
 1880
 1962
 2040
 2112
 2182
 2256
 2316
 2372
 2436
 2506
 2578
 2644
 2712
 2770
 2820
 2864
 2902
 2938
 2970
 2996
 3010
 3022
 3038
 3052
 3060
 3050
 3040
 3032
 3010
 2978
 2948
 2906
 2854
 2792
 2724
 2650
 2574
 2494
 2412
 2328
 2244
 2166
 2078
 1996
 1928
 1868
 1808
 1754
 1704
 1658
 1624
 1600
 1590
 1600
 1624
 1654
 1688
 1730
 1778
 1828
 1874
 1932
 1994
 2060
 2122
 2184
 2244
 2300
 2354
 2400
 2452
 2506
 2556
 2604
 2650
 2696
 2738
 2782
 2814
 2842
 2880
 2922
 2956
 2988
 3020
 3038
 3050
 3058
 3056
 3052
 3034
 3008
 2974
 2932
 2880
 2822
 2752
 2664
 2584
 2510
 2434
 2350
 2270
 2186
 2100
 2010
 1926
 1846
 1770
 1694
 1622
 1550
 1486
 1442
 1402
 1376
 1374
 1392
 1420
 1458
 1506
 1562
 1624
 1686
 1750
 1824
 1902
 1974
 2044
 2108
 2168
 2228
 2276
 2316
 2364
 2420
 2472
 2520
 2572
 2618
 2656
 2688
 2720
 2752
 2780
 2808
 2832
 2856
 2878
 2900
 2910
 2914
 2922
 2940
 2962
 2974
 2990
 3004
 3012
 3010
 3002
 2992
 2974
 2950
 2922
 2888
 2846
 2802
 2756
 2700
 2640
 2594
 2550
 2500
 2446
 2396
 2342
 2286
 2228
 2178
 2136
 2102
 2076
 2066
 2064
 2074
 2094
 2110
 2130
 2164
 2208
 2258
 2304
 2358
 2410
 2456
 2496
 2534
 2574
 2614
 2646
 2680
 2710
 2738
 2766
 2790
 2806
 2824
 2852
 2888
 2910
 2934
 2964
 2988
 3006
 3018
 3032
 3044
 3052
 3058
 3058
 3052
 3036
 3016
 2982
 2936
 2890
 2854
 2820
 2772
 2732
 2686
 2628
 2562
 2488
 2416
 2344
 2270
 2196
 2120
 2042
 1962
 1886
 1806
 1728
 1672
 1624
 1584
 1556
 1548
 1554
 1570
 1594
 1626
 1672
 1722
 1778
 1836
 1892
 1948
 2010
 2062
 2110
 2168
 2228
 2286
 2340
 2394
 2446
 2490
 2530
 2566
 2604
 2638
 2670
 2700
 2728
 2750
 2774
 2792
 2802
 2816
 2844
 2872
 2898
 2926
 2956
 2978
 2998
 3014
 3026
 3036
 3044
 3052
 3058
 3062
 3062
 3062
 3058
 3044
 3022
 3002
 2988
 2968
 2940
 2914
 2882
 2842
 2798
 2756
 2718
 2676
 2636
 2596
 2554
 2514
 2478
 2448
 2420
 2400
 2398
 2408
 2426
 2444
 2472
 2498
 2524
 2550
 2572
 2602
 2630
 2656
 2684
 2710
 2738
 2768
 2800
 2824
 2844
 2874
 2906
 2940
 2966
 2998
 3030
 3050
 3066
 3080
 3094
 3106
 3108
 3102
 3088
 3066
 3028
 2980
 2900
 2814
 2708
 2604
 2518
 2420
 2322
 2226
 2130
 2034
 1958
 1890
 1828
 1760
 1654
 1574
 1510
 1430
 1354
 1278
 1202
 1144
 1096
 1056
 1016
 992
 972
 954
 946
 962
 996
 1042
 1098
 1158
 1220
 1284
 1352
 1416
 1488
 1574
 1662
 1744
 1826
 1910
 1990
 2062
 2124
 2184
 2246
 2306
 2364
 2418
 2456
 2486
 2508
 2520
 2538
 2564
 2592
 2612
 2646
 2678
 2706
 2734
 2762
 2786
 2784
 2790
 2798
 2796
 2802
 2808
 2806
 2810
 2832
 2866
 2896
 2920
 2946
 2958
 2964
 2966
 2972
 2980
 2984
 2986
 2984
 2986
 2978
 2960
 2948
 2946
 2944
 2940
 2948
 2954
 2958
 2964
 2962
 2948
 2926
 2910
 2896
 2886
 2878
 2864
 2856
 2860
 2870
 2876
 2880
 2888
 2890
 2886
 2878
 2870
 2866
 2864
 2860
 2858
 2858
 2850
 2842
 2842
 2856
 2870
 2880
 2898
 2916
 2922
 2928
 2932
 2942
 2952
 2960
 2968
 2974
 2976
 2974
 2970
 2978
 2988
 2996
 3008
 3016
 3022
 3024
 3024
 3030
 3030
 3030
 3026
 3026
 3014
 2998
 2962
 2906
 2850
 2802
 2748
 2684
 2616
 2540
 2452
 2358
 2266
 2180
 2096
 2008
 1920
 1834
 1750
 1668
 1588
 1504
 1422
 1354
 1292
 1234
 1184
 1146
 1120
 1102
 1092
 1102
 1126
 1158
 1188
 1214
 1244
 1278
 1302
 1318
 1348
 1388
 1428
 1464
 1504
 1544
 1580
 1618
 1656
 1704
 1754
 1808
 1854
 1898
 1944
 1988
 2022
 2060
 2104
 2152
 2196
 2246
 2298
 2346
 2386
 2424
 2462
 2502
 2540
 2574
 2606
 2638
 2666
 2690
 2710
 2724
 2744
 2774
 2800
 2820
 2846
 2870
 2886
 2898
 2908
 2920
 2922
 2926
 2928
 2928
 2930
 2928
 2928
 2922
 2912
 2910
 2920
 2926
 2930
 2938
 2938
 2926
 2912
 2896
 2878
 2858
 2828
 2796
 2756
 2712
 2660
 2604
 2542
 2464
 2390
 2326
 2262
 2196
 2136
 2078
 2016
 1958
 1904
 1860
 1822
 1788
 1766
 1752
 1748
 1754
 1768
 1776
 1792
 1818
 1850
 1884
 1922
 1960
 1998
 2032
 2060
 2088
 2122
 2152
 2182
 2206
 2236
 2260
 2284
 2306
 2316
 2336
 2360
 2388
 2414
 2438
 2472
 2496
 2520
 2538
 2558
 2580
 2602
 2620
 2638
 2654
 2670
 2684
 2698
 2704
 2714
 2738
 2766
 2784
 2808
 2832
 2850
 2866
 2878
 2890
 2900
 2904
 2906
 2908
 2910
 2908
 2902
 2890
 2868
 2842
 2824
 2808
 2782
 2758
 2734
 2704
 2674
 2640
 2612
 2590
 2570
 2556
 2542
 2538
 2536
 2536
 2538
 2538
 2536
 2546
 2560
 2578
 2588
 2602
 2614
 2622
 2622
 2622
 2622
 2626
 2628
 2630
 2632
 2638
 2642
 2644
 2648
 2646
 2644
 2652
 2670
 2682
 2692
 2708
 2718
 2722
 2724
 2724
 2728
 2728
 2732
 2734
 2736
 2738
 2740
 2740
