19
109
205
296
383
476
573
662
747
826
900
971
1044
1117
1202
1294
1393
1487
1581
1678
1771
1858
1947
2037
2129
2221
2322
2425
2522
2622
2722
2820
2915
3007
3103
3200
3297
3390
3485
3579
3666
3754
3846
3941
4033
4129
4226
4320
4415
4503
4594
4686
4774
4859
4946
5040
5126
5213
5301
5388
5474
5561
5649
5735
5827
5919
6004
6090
6180
6270
6357
6445
6534
6626
6717
6810
6904
6993
7076
7162
7250
7337
7422
7513
7599
7683
7760
7834
7912
7997
8084
8175
8270
8360
8451
8542
8632
8717
8803
8892
8983
9074
9160
9246
9331
9417
9497
9574
9648
9725
9797
9869
9947
10026
10110
10195
10280
10367
10452
10533
10616
10700
10786
10875
10964
11057
11153
11247
11336
11430
11527
11621
11710
11800
11894
11989
12079
12167
12256
12343
12429
12511
12596
12680
12757
12835
12923
13009
13101
13195
13284
13378
13474
13571
13659
13747
13836
13927
14014
14106
14204
14300
14394
14491
14581
14669
14757
14845
14934
15021
15113
15209
15302
15390
15483
15580
15675
15771
15873
15973
16064
16157
16251
16346
16437
16536
16636
16731
16827
16926
17024
17115
17206
17302
17397
17490
17579
17675
17772
17866
17956
18048
18143
18234
18323
18416
18507
18595
18687
18780
18871
18958
19050
19147
19244
19335
19427
19519
19612
19702
19788
19878
19968
20058
20152
20253
20353
20445
20538
20633
20726
20817
20913
21007
21094
21183
21272
21364
21453
21543
21634
21727
21816
21903
21993
22073
22153
22231
22303
22382
22487
22599
22706
22808
22904
22998
23093
23186
23278
23367
23460
23555
23648
23743
23835
23923
24006
24083
24166
24258
24348
24441
24538
24635
24728
24816
24905
24992
25079
25164
25255
25347
25441
25531
25623
25714
25803
25888
25972
26049
26128
26217
26309
26400
26500
26600
26694
26786
26879
26973
27064
27152
27249
27347
27443
27534
27633
27732
27830
27924
28023
28128
28231
28328
28423
28516
28607
28696
28782
28869
28959
29045
29138
29238
29337
29429
29519
29610
29701
29792
29888
29984
30076
30163
30256
30355
30455
30551
30639
30730
30820
30911
31003
31096
31178
31260
31347
31432
31513
31589
31676
31771
31865
31963
32060
32151
32239
32325
32406
32486
32571
32661
32751
32835
