41
139
221
298
397
536
637
770
857
937
1024
1101
1185
1330
1425
1505
1601
1736
1841
1978
2069
2147
2235
2311
2393
2477
2614
2707
2785
2878
3013
3105
3183
3276
3354
3437
3525
3658
3749
3827
3917
3995
4075
4209
4303
4380
4464
4549
4676
4770
4847
4933
5008
5089
5222
5314
5394
5485
5565
5643
5733
5867
5963
6042
6132
6215
6294
6382
6468
6600
6697
6831
6924
7000
7088
7226
7317
7394
7492
7573
7712
7850
7947
8025
8115
8198
8277
8366
8527
8629
8709
8805
8889
9022
9123
9203
9286
9358
9434
9572
9696
9803
9882
9953
10033
10115
10245
10333
10415
10507
10638
10739
10821
10909
10986
11066
11161
11301
11396
11472
11566
11645
11725
11807
11891
12033
12126
12206
12297
12428
12522
12599
12685
12763
12896
13024
13128
13209
13294
13376
13454
13566
13708
13806
13886
13979
14112
14212
14291
14421
14545
14658
14737
14813
14906
15045
15138
15276
15401
15505
15584
15665
15748
15886
15980
16062
16153
16290
16419
16526
16605
16679
16768
16912
17009
17083
17169
17249
17326
17406
17542
17641
17722
17807
17944
18037
18116
18215
18352
18445
18521
18613
18691
18767
18863
19006
19104
19237
19366
19465
19544
19630
19711
19846
19979
20078
20157
20242
20375
20469
20556
20646
20724
20835
20978
21077
21211
21331
21439
21519
21594
21677
21815
21943
22054
22135
22217
22301
22435
22567
22665
22744
22830
22911
22988
23123
23255
23354
23434
23522
23655
23751
23833
23917
23992
24088
24235
24336
24411
24514
24651
24749
24825
24901
24976
25058
25190
25277
25353
25450
25584
25678
25756
25849
25928
26002
26101
26184
26262
26359
26501
26598
26673
26777
26856
26932
27026
27165
27262
27338
27432
27513
27594
27678
27822
27954
28055
28138
28218
28299
28376
28472
28611
28709
28839
28927
29001
29093
29175
29252
29396
29533
29634
29717
29807
29890
29972
30065
30216
30318
30398
30498
30582
30716
30814
30896
30987
31066
31152
31304
31404
31483
31580
31663
31742
31832
31976
32069
32146
32240
32318
32399
32489
32633
32727
32867
32952
33028
33113
33193
33327
33457
33566
33644
33721
33811
33891
33973
34060
34205
34333
34445
34522
34595
34685
34763
34842
34931
35068
35165
35240
35316
35400
35479
35559
35644
35785
35909
36023
36101
36171
36255
36336
36415
36553
36658
36741
36870
36969
37050
37176
37299
37412
37491
37565
37663
37808
37906
37982
38087
38222
38319
38398
38490
38570
38650
38752
38900
39000
39142
39230
39310
39397
39477
39562
39707
39844
39944
40020
40100
40180
40258
40340
40475
40580
40661
40742
40825
40911
41042
41133
41214
41307
41386
41471
41557
41640
41725
41805
41890
41979
42062
42147
42232
42371
42465
42539
42619
42705
42779
42863
42951
43086
43178
43307
43432
43531
43612
43692
43780
43862
44003
44140
44242
44323
44409
44487
44569
44705
44801
44878
44951
45038
45120
45195
45298
45382
45462
45551
45692
45788
45862
45963
46044
46120
46202
46284
46425
46546
46661
46742
46812
46896
46977
47113
47238
47337
47418
47547
47638
47715
47816
47898
47976
48062
48149
48296
48396
48473
48577
48658
48739
48822
48899
48992
49075
49152
49237
49373
49474
49551
49624
49710
49792
49921
50015
50094
50183
50260
50350
50436
50512
50624
50707
50785
50873
50950
51046
51131
51208
51305
51389
51468
51557
51693
51789
51863
51955
52038
52116
52199
52281
52371
52507
52600
52683
52769
52847
52923
53000
53081
53164
53242
53373
53508
53615
53698
53777
53858
53943
54077
54165
54240
54343
54424
54499
54605
54745
54842
54917
55020
55102
55175
55272
55356
55436
55528
55674
55771
55849
55940
56076
56176
56251
56342
56479
56577
56657
56745
56830
56909
57019
57169
57268
57345
57447
57530
57614
57699
57843
57936
58014
58109
58248
58343
58417
58522
58601
58676
58771
58917
59012
59088
59189
59271
59350
59440
59585
59679
59761
59855
59932
60016
60105
60243
60332
60409
60501
60579
60658
60747
60885
60980
61058
61151
61230
61306
61386
61461
61551
61634
61711
61805
61892
61971
62061
62146
62288
62378
62455
62548
62626
62704
62791
62873
63015
63105
63189
63280
63355
63466
63548
63621
63712
63793
63870
63954
64084
64185
