36
119
205
286
365
461
537
612
695
770
842
921
998
1070
1173
1249
1325
1413
1546
1637
1715
1804
1880
1962
2051
2184
2275
2353
2445
2524
2606
2685
2769
2906
2997
3076
3166
3245
3320
3411
3492
3575
3658
3741
3831
3906
4013
4097
4175
4257
4339
4424
4501
4577
4653
4738
4817
4894
4986
5125
5223
5301
5392
5470
5543
5638
5719
5799
5886
6027
6118
6193
6287
6365
6441
6534
6672
6768
6847
6935
7010
7089
7178
7256
7339
7479
7575
7650
7746
7826
7903
7987
8131
8222
8296
8390
8468
8545
8636
8720
8803
8949
9047
9124
9211
9292
9436
9523
9601
9690
9766
9852
10004
10096
10175
10266
10343
10424
10511
10593
10679
10831
10925
11004
11098
11239
11330
11409
11494
11568
11667
11809
11903
11982
12071
12149
12230
12366
12465
12545
12631
12716
12794
12875
12965
13105
13199
13278
13363
13436
13525
13607
13682
13774
13858
13939
14025
14164
14300
14404
14481
14556
14635
14717
14798
14878
14964
15111
15205
15340
15426
15501
15591
15669
15749
15831
15979
16073
16151
16248
16384
16474
16551
16643
16720
16801
16949
17077
17182
17267
17346
17427
17514
17647
17739
17873
17960
18035
18123
18200
18277
18367
18507
18602
18679
18771
18847
18929
19015
19093
19179
19314
19409
19485
19569
19652
19730
19811
19897
20039
20131
20212
20300
20376
20460
20599
20694
20769
20859
20938
21010
21105
21188
21266
21355
21492
21582
21662
21750
21824
21930
22063
22157
22236
22318
22395
22476
22560
22638
22719
22806
22945
23036
23110
23204
23284
23362
23450
23584
23676
23751
23851
23931
24006
24097
24177
24254
24338
24420
24499
24583
24660
24793
24878
24952
25045
25124
25200
25285
25368
25445
25526
25613
25697
25775
25864
25997
26092
26170
26252
26332
26405
26501
26585
26660
26756
26891
26991
27065
27163
27244
27319
27406
27489
27626
27724
27856
27942
28022
28151
28240
28319
28403
28487
28564
28671
28755
28834
28929
29013
29097
29233
29327
29402
29493
29574
29648
29741
29874
29968
30044
30134
30216
30294
30383
30516
30613
30687
30781
30862
30934
31024
31106
31184
31266
31408
31499
31574
31666
31745
31823
31906
32041
32133
32208
32305
32382
32454
32546
32624
32698
32789
32919
33012
33091
33177
33253
33335
33422
33496
33570
33654
33782
33876
33958
34037
34120
34206
34282
34370
34450
34523
34604
34735
34840
34921
35000
35093
35167
35241
35329
35408
35486
35570
