57
147
237
328
414
498
587
677
763
847
934
1023
1113
1200
1295
1389
1479
1571
1664
1751
1836
1923
2011
2099
2191
2282
2374
2468
2646
2733
2823
2912
3000
3092
3183
3268
3355
3444
3529
3612
3698
3781
3859
3939
4015
4090
4172
4254
4340
4431
4518
4596
4668
4742
4812
4880
4946
5013
5087
5185
5283
5366
5445
5529
5615
5707
5803
5898
5997
6099
6196
6282
6363
6442
6518
6590
6662
6744
6839
6940
7040
7140
7231
7317
7404
7489
7570
7652
7735
7817
7906
8000
8090
8176
8260
8349
8425
8500
8580
8661
8737
8818
8899
8978
9060
9137
9212
9286
9357
9428
9497
9568
9653
9746
9842
9935
10026
10119
10213
10296
10377
10452
10527
10603
10679
10760
10846
10938
11032
11116
11197
11278
11360
11439
11521
11605
11688
11768
11853
11938
12021
12101
12183
12266
12351
12435
12523
12611
12696
12782
12871
12960
13044
13128
13214
13300
13385
13470
13555
13638
13718
13800
13885
13971
14055
14144
14233
14318
14402
14487
14573
14656
14737
14819
14902
14982
15066
15153
15241
15325
15410
15496
15580
15661
15743
15828
15910
15992
16079
16163
16244
16328
16411
16489
16562
16632
16702
16770
16837
16903
16979
17086
17186
17268
17342
17422
17505
17589
17673
17756
17840
17921
17995
18071
18151
18234
18317
18402
18493
18585
18672
18756
18843
18932
19016
19095
19177
19259
19343
19427
19514
19601
19687
19775
19863
19949
20032
20111
20187
20262
20334
20404
20474
20550
20627
20712
20798
20880
20967
21049
21126
21201
21274
21346
21417
21494
21570
21647
21727
21812
21896
21975
22057
22139
22217
22296
22378
22460
22544
22633
22722
22809
22892
22979
23064
23147
23231
23318
23403
23486
23573
23658
23737
23809
23880
23951
24020
24086
24153
24235
24332
24434
24534
24628
24718
24802
24881
24956
25027
25106
25198
25302
25399
25497
25596
25689
25773
25856
25938
26019
26099
26185
26275
26365
26452
26544
26636
26724
26808
26893
26981
27070
27152
27236
27319
27402
27488
27579
27668
27758
27846
27933
28020
28108
28193
28277
28361
28448
28534
28621
28714
28809
28897
28982
29064
29144
29223
29306
29398
29489
29587
29678
29760
29836
29917
30007
30100
30189
30280
30375
30465
30549
30634
30721
30809
30893
30983
31074
31161
31250
31341
31431
31520
31614
31708
31799
31894
31991
32082
32170
32261
32355
32442
32529
32617
32705
32790
32883
32977
33066
33159
33251
33338
33430
33521
33608
33693
33781
33869
33954
34039
34129
34221
34308
34391
34473
34552
34643
34733
34825
34919
35008
35100
35194
35281
35361
35435
35513
35593
35676
