90
223
323
405
486
556
648
729
804
887
970
1051
1131
1267
1394
1488
1564
1641
1722
1793
1874
2006
2107
2183
2261
2348
2427
2514
2592
2720
2846
2944
3020
3108
3186
3258
3356
3436
3517
3605
3742
3834
3920
4007
4135
4256
4366
4444
4515
4597
4674
4750
4833
4908
4992
5131
5231
5363
5459
5538
5619
5697
5784
5862
5944
6031
6112
6194
6282
6418
6508
6585
6671
6746
6826
6909
7042
7134
7214
7300
7375
7489
7627
7719
7801
7884
7956
8051
8133
8208
8301
8444
8540
8620
8717
8799
8881
8964
9103
9196
9270
9366
9447
9526
9611
9755
9884
9990
10071
10148
10228
10358
10448
10525
10615
10693
10770
10851
10928
11054
11137
11213
11303
11378
11465
11599
11694
11773
11860
11941
12017
12097
12184
12266
12347
12481
12576
12652
12732
12811
12896
12980
13056
13158
13296
13392
13471
13563
13639
13748
13831
13907
13991
14067
14147
14223
14300
14389
14467
14546
14639
14716
14800
14887
15024
15117
15196
15281
15353
15456
15536
15611
15697
15833
15926
16000
16098
16231
16321
16393
16481
16561
16638
16740
16886
16983
17119
17206
17289
17373
17451
17537
17620
17715
17800
17886
17982
18128
18225
18304
18391
18465
18553
18695
18785
18860
18946
19021
19098
19185
19329
19420
19500
19588
19665
19753
19895
19990
20064
20154
20233
20309
20390
20474
20618
20712
20844
20965
21062
21141
21221
21298
21429
21555
21652
21731
21815
21896
21974
22066
22146
22234
22377
22471
22547
22635
22711
22788
22875
23012
23105
23185
23274
23349
23437
23523
23651
23743
23821
23906
23980
24065
24149
24228
24311
24392
24474
24557
24634
24720
24810
24886
24990
25076
25159
25242
25324
25416
25493
25573
25663
25743
25819
25908
26046
26142
26216
26307
26382
26453
26546
26626
26703
26785
26929
27021
27096
27186
27320
27411
27489
27578
27656
27737
27825
27969
28064
28146
28234
28310
28394
28478
28622
28754
28861
28937
29015
29100
29237
29328
29408
29499
29576
29667
29811
29904
29983
30070
30148
30229
30315
30459
30550
30634
30723
30799
30887
31033
31130
31206
31302
31443
31535
31613
31704
31784
31867
32012
32110
32191
32279
32418
32512
32588
32678
32757
32835
32924
33063
33160
33291
33418
33515
33592
33668
33745
33829
33968
34093
34195
34275
34352
34483
34575
34652
34745
34890
34983
35063
35154
35236
35323
35411
35547
