24
105
201
209
234
295
378
426
447
521
589
650
670
775
846
933
1008
1106
1181
1254
1327
1396
1460
1532
1601
1671
1747
1830
1893
1966
2048
2126
2217
2301
2383
2472
2555
2633
2712
2799
2879
2961
3052
3140
3224
3302
3393
3474
3565
3638
3710
3792
3869
3888
3975
4050
4121
4201
4287
4356
4455
4541
4633
4722
4825
4898
4978
5062
5149
5233
5325
5418
5513
5594
5678
5756
5838
5919
6006
6013
6073
6154
6229
6317
6404
6488
6566
6644
6723
6806
6884
6956
7038
7125
7206
7260
7348
7443
7525
7600
7726
7729
7816
7949
8018
8100
8189
8260
8337
8425
8508
8588
8665
8741
8818
8894
