 3078
 3080
 3070
 3056
 3030
 2994
 2952
 2914
 2876
 2828
 2778
 2722
 2664
 2604
 2540
 2474
 2408
 2338
 2268
 2198
 2128
 2056
 1982
 1902
 1824
 1740
 1652
 1574
 1498
 1422
 1342
 1266
 1194
 1126
 1054
 980
 910
 846
 780
 710
 644
 582
 534
 500
 476
 478
 494
 524
 570
 626
 688
 758
 832
 904
 982
 1070
 1160
 1244
 1328
 1412
 1496
 1578
 1666
 1754
 1836
 1920
 2010
 2098
 2174
 2248
 2316
 2380
 2440
 2494
 2548
 2598
 2648
 2694
 2734
 2770
 2804
 2840
 2876
 2902
 2928
 2948
 2960
 2968
 2984
 3004
 3016
 3026
 3032
 3038
 3042
 3044
 3044
 3042
 3038
 3034
 3030
 3024
 3018
 3012
 3006
 3002
 2996
 2986
 2980
 2974
 2968
 2964
 2958
 2954
 2950
 2948
 2944
 2942
 2938
 2926
 2916
 2906
 2888
 2862
 2834
 2798
 2758
 2716
 2668
 2622
 2578
 2534
 2488
 2440
 2392
 2342
 2296
 2246
 2194
 2146
 2096
 2048
 2000
 1950
 1910
 1876
 1840
 1802
 1764
 1728
 1696
 1668
 1646
 1638
 1640
 1654
 1680
 1718
 1758
 1808
 1862
 1916
 1978
 2048
 2118
 2188
 2250
 2312
 2370
 2420
 2464
 2510
 2556
 2596
 2634
 2668
 2700
 2732
 2758
 2786
 2808
 2830
 2850
 2864
 2878
 2888
 2890
 2892
 2902
 2918
 2928
 2936
 2944
 2948
 2952
 2958
 2958
 2956
 2954
 2952
 2950
 2946
 2944
 2938
 2934
 2926
 2910
 2886
 2868
 2846
 2816
 2784
 2744
 2704
 2662
 2614
 2568
 2526
 2480
 2432
 2386
 2340
 2292
 2246
 2202
 2158
 2114
 2078
 2048
 2016
 1984
 1950
 1918
 1888
 1862
 1846
 1840
 1848
 1864
 1888
 1920
 1958
 1998
 2044
 2086
 2128
 2172
 2210
 2250
 2298
 2346
 2388
 2428
 2464
 2500
 2534
 2566
 2600
 2632
 2660
 2688
 2714
 2742
 2768
 2790
 2810
 2830
 2846
 2862
 2884
 2910
 2924
 2934
 2942
 2950
 2956
 2958
 2958
 2956
 2954
 2948
 2932
 2910
 2880
 2842
 2804
 2756
 2708
 2660
 2608
 2556
 2516
 2482
 2440
 2396
 2350
 2304
 2256
 2208
 2162
 2120
 2076
 2028
 1984
 1940
 1896
 1848
 1802
 1758
 1706
 1660
 1628
 1602
 1574
 1552
 1538
 1532
 1538
 1550
 1578
 1616
 1660
 1706
 1756
 1812
 1868
 1924
 1984
 2040
 2088
 2144
 2200
 2256
 2304
 2348
 2388
 2428
 2464
 2498
 2534
 2570
 2604
 2636
 2666
 2692
 2718
 2744
 2764
 2788
 2806
 2824
 2840
 2854
 2864
 2880
 2906
 2922
 2934
 2942
 2950
 2958
 2964
 2968
 2974
 2978
 2980
 2978
 2976
 2970
 2970
 2968
 2964
 2962
 2962
 2958
 2958
 2954
 2950
 2950
 2946
 2946
 2944
 2938
 2932
 2928
 2920
 2906
 2890
 2878
 2862
 2838
 2806
 2764
 2722
 2678
 2634
 2592
 2554
 2514
 2468
 2418
 2366
 2314
 2262
 2212
 2162
 2112
 2062
 2014
 1966
 1920
 1876
 1838
 1812
 1792
 1778
 1774
 1782
 1798
 1828
 1862
 1902
 1952
 2008
 2062
 2118
 2174
 2230
 2284
 2340
 2388
 2438
 2496
 2554
 2600
 2646
 2686
 2722
 2752
 2782
 2808
 2834
 2858
 2878
 2896
 2910
 2918
 2924
 2928
 2930
 2934
 2936
 2938
 2940
 2934
 2924
 2900
 2864
 2830
 2798
 2758
 2714
 2672
 2624
 2574
 2522
 2468
 2418
 2366
 2312
 2258
 2204
 2150
 2094
 2044
 1998
 1948
 1912
 1882
 1852
 1826
 1806
 1796
 1796
 1806
 1828
 1862
 1906
 1954
 2002
 2054
 2106
 2164
 2220
 2272
 2324
 2382
 2442
 2494
 2540
 2580
 2620
 2656
 2688
 2722
 2754
 2782
 2810
 2836
 2858
 2878
 2896
 2910
 2922
 2936
 2944
 2950
 2950
 2948
 2956
 2968
 2976
 2980
 2978
 2970
 2952
 2926
 2886
 2842
 2792
 2742
 2690
 2640
 2586
 2532
 2478
 2424
 2366
 2320
 2278
 2230
 2184
 2132
 2080
 2030
 1976
 1928
 1884
 1840
 1796
 1752
 1712
 1678
 1650
 1632
 1624
 1626
 1652
 1688
 1732
 1780
 1830
 1886
 1940
 1990
 2046
 2104
 2166
 2222
 2276
 2328
 2380
 2432
 2486
 2530
 2576
 2614
 2652
 2684
 2722
 2764
 2800
 2834
 2864
 2888
 2910
 2926
 2936
 2948
 2956
 2962
 2970
 2972
 2974
 2976
 2978
 2974
 2970
 2964
 2954
 2940
 2920
 2896
 2868
 2840
 2808
 2776
 2736
 2696
 2658
 2618
 2578
 2550
 2526
 2492
 2454
 2414
 2370
 2328
 2280
 2234
 2190
 2148
 2106
 2058
 2014
 1968
 1922
 1878
 1838
 1800
 1768
 1744
 1730
 1722
 1726
 1750
 1784
 1824
 1868
 1914
 1962
 2014
 2064
 2116
 2168
 2222
 2276
 2324
 2372
 2418
 2462
 2508
 2552
 2588
 2626
 2668
 2714
 2748
 2778
 2808
 2832
 2852
 2872
 2892
 2908
 2920
 2924
 2930
 2934
 2938
 2940
 2940
 2942
 2942
 2942
 2940
 2930
 2918
 2902
 2876
 2850
 2830
 2808
 2780
 2746
 2710
 2668
 2622
 2576
 2530
 2482
 2432
 2382
 2326
 2276
 2222
 2170
 2122
 2076
 2026
 1986
 1952
 1918
 1880
 1846
 1812
 1782
 1756
 1738
 1732
 1738
 1754
 1780
 1818
 1862
 1910
 1964
 2018
 2066
 2122
 2186
 2248
 2306
 2360
 2410
 2456
 2502
 2544
 2582
 2624
 2660
 2694
 2728
 2756
 2784
 2810
 2836
 2860
 2882
 2898
 2908
 2916
 2920
 2922
 2934
 2948
 2962
 2970
 2978
 2986
 2988
 2988
 2984
 2980
 2970
 2954
 2930
 2900
 2868
 2830
 2792
 2748
 2704
 2658
 2612
 2566
 2522
 2476
 2432
 2386
 2342
 2296
 2248
 2204
 2158
 2114
 2080
 2050
 2018
 1986
 1954
 1918
 1886
 1852
 1822
 1800
 1786
 1780
 1784
 1798
 1824
 1862
 1904
 1950
 2002
 2056
 2112
 2170
 2222
 2270
 2330
 2394
 2454
 2508
 2556
 2600
 2642
 2672
 2700
 2728
 2754
 2778
 2800
 2820
 2838
 2852
 2868
 2880
 2888
 2898
 2910
 2922
 2930
 2938
 2946
 2950
 2952
 2954
 2954
 2954
 2948
 2938
 2924
 2904
 2882
 2858
 2828
 2794
 2756
 2714
 2670
 2620
 2576
 2538
 2500
 2458
 2418
 2376
 2334
 2290
 2246
 2206
 2166
 2126
 2086
 2044
 2004
 1964
 1928
 1892
 1858
 1828
 1808
 1790
 1776
 1766
 1764
 1768
 1776
 1796
 1824
 1860
 1900
 1940
 1982
 2030
 2080
 2124
 2174
 2222
 2264
 2316
 2368
 2418
 2460
 2500
 2538
 2572
 2602
 2634
 2666
 2696
 2724
 2752
 2780
 2806
 2830
 2856
 2878
 2900
 2916
 2922
 2930
 2938
 2940
 2942
 2946
 2958
 2964
 2970
 2974
 2974
 2976
 2976
 2978
 2978
 2974
 2968
 2962
 2948
 2930
 2910
 2886
 2858
 2826
 2788
 2746
 2702
 2654
 2608
 2558
 2504
 2452
 2400
 2348
 2296
 2246
 2194
 2150
 2100
 2052
 2014
 1978
 1940
 1902
 1860
 1818
 1776
 1732
 1688
 1646
 1606
 1564
 1524
 1482
 1448
 1418
 1390
 1366
 1344
 1330
 1326
 1328
 1336
 1356
 1388
 1428
 1470
 1516
 1564
 1616
 1668
 1718
 1770
 1824
 1878
 1932
 1988
 2040
 2094
 2148
 2202
 2252
 2302
 2342
 2392
 2448
 2498
 2542
 2584
 2620
 2654
 2684
 2712
 2738
 2768
 2794
 2818
 2842
 2860
 2878
 2896
 2912
 2928
 2940
 2950
 2956
 2958
 2960
 2968
 2980
 2984
 2986
 2988
 2988
 2984
 2974
 2962
 2944
 2922
 2892
 2854
 2814
 2770
 2726
 2682
 2640
 2598
 2554
 2512
 2466
 2420
 2376
 2330
 2286
 2242
 2196
 2152
 2106
 2066
 2026
 1988
 1964
 1944
 1926
 1916
 1912
 1912
 1920
 1934
 1960
 1994
 2034
 2076
 2122
 2170
 2220
 2270
 2322
 2370
 2418
 2462
 2506
 2544
 2574
 2610
 2646
 2682
 2710
 2734
 2758
 2780
 2796
 2810
 2824
 2838
 2848
 2854
 2858
 2856
 2844
 2822
 2794
 2758
 2714
 2670
 2624
 2578
 2530
 2482
 2436
 2392
 2350
 2314
 2282
 2254
 2236
 2220
 2206
 2192
 2182
 2174
 2172
 2176
 2186
 2204
 2226
 2250
 2270
 2294
 2316
 2338
 2360
 2380
 2402
 2422
 2442
 2462
 2474
 2500
 2536
 2566
 2592
 2618
 2636
 2640
 2632
 2608
 2574
 2532
 2482
 2422
 2366
 2308
 2244
 2184
 2122
 2054
 1992
 1934
 1868
 1810
 1770
 1724
 1676
 1638
 1598
 1552
 1516
 1490
 1474
 1478
 1500
 1532
 1572
 1618
 1668
 1716
 1778
 1830
 1882
 1944
 2016
 2078
 2134
 2194
 2252
 2302
 2342
 2388
 2438
 2480
 2524
 2570
 2606
 2640
 2678
 2714
 2742
 2774
 2816
 2854
 2882
 2900
 2918
 2918
 2896
 2864
 2826
 2786
 2734
 2670
 2614
 2556
 2492
 2422
 2362
 2304
 2236
 2174
 2122
 2068
 2010
 1960
 1908
 1854
 1804
 1758
 1716
 1678
 1648
 1624
 1608
 1602
 1612
 1634
 1662
 1702
 1752
 1808
 1868
 1932
 1986
 2042
 2098
 2146
 2196
 2242
 2294
 2346
 2392
 2442
 2492
 2540
 2582
 2616
 2658
 2704
 2750
 2788
 2826
 2868
 2896
 2918
 2940
 2954
 2948
 2932
 2904
 2868
 2816
 2762
 2710
 2650
 2584
 2518
 2454
 2392
 2334
 2274
 2212
 2152
 2090
 2028
 1978
 1936
 1902
 1876
 1864
 1850
 1830
 1820
 1822
 1834
 1842
 1864
 1890
 1924
 1946
 1964
 1982
 2004
 2014
 2020
 2026
 2034
 2038
 2034
 2032
 2040
 2062
 2096
 2144
 2194
 2262
 2342
 2418
 2482
 2554
 2620
 2674
 2724
 2772
 2824
 2866
 2896
 2918
 2948
 2968
 2986
 2994
 3008
 3014
 3002
 2970
 2936
 2894
 2832
 2766
 2698
 2622
 2544
 2464
 2388
 2318
 2244
 2174
 2108
 2044
 1976
 1922
 1868
 1810
 1766
 1738
 1712
 1694
 1690
 1702
 1726
 1754
 1794
 1836
 1880
 1920
 1966
 2028
 2084
 2132
 2184
 2236
 2296
 2348
 2398
 2452
 2494
 2530
 2566
 2594
 2620
 2642
 2674
 2700
 2724
 2754
 2794
 2832
 2860
 2890
 2922
 2942
 2960
 2980
 3012
 3034
 3042
 3024
 2992
 2942
 2884
 2820
 2756
 2692
 2622
 2552
 2484
 2410
 2328
 2254
 2172
 2104
 2046
 1986
 1926
 1872
 1818
 1766
 1716
 1676
 1646
 1628
 1626
 1638
 1658
 1692
 1732
 1784
 1834
 1896
 1956
 2010
 2058
 2108
 2152
 2194
 2238
 2284
 2330
 2374
 2422
 2472
 2524
 2578
 2628
 2674
 2716
 2754
 2792
 2842
 2894
 2934
 2962
 2990
 3012
 3026
 3030
 3018
 2990
 2948
 2892
 2836
 2770
 2702
 2632
 2558
 2488
 2416
 2342
 2276
 2218
 2160
 2094
 2036
 1976
 1920
 1862
 1810
 1764
 1718
 1678
 1648
 1628
 1626
 1644
 1666
 1706
 1756
 1814
 1868
 1926
 1980
 2034
 2086
 2132
 2182
 2232
 2282
 2328
 2374
 2422
 2466
 2516
 2568
 2612
 2662
 2710
 2768
 2814
 2856
 2898
 2930
 2960
 2984
 3002
 3014
 3004
 2982
 2944
 2896
 2840
 2782
 2718
 2648
 2580
 2514
 2452
 2402
 2350
 2296
 2240
 2186
 2130
 2066
 2010
 1956
 1904
 1856
 1806
 1766
 1734
 1716
 1710
 1710
 1730
 1762
 1800
 1846
 1894
 1948
 2002
 2054
 2104
 2156
 2208
 2262
 2318
 2378
 2434
 2490
 2546
 2594
 2646
 2700
 2744
 2782
 2818
 2854
 2886
 2914
 2944
 2970
 2990
 3008
 3022
 3036
 3040
 3036
 3014
 2982
 2940
 2892
 2834
 2772
 2706
 2650
 2594
 2532
 2472
 2414
 2352
 2286
 2222
 2164
 2106
 2046
 1984
 1928
 1874
 1820
 1776
 1734
 1706
 1692
 1692
 1700
 1722
 1752
 1784
 1822
 1860
 1908
 1960
 2016
 2072
 2124
 2178
 2232
 2286
 2334
 2378
 2430
 2490
 2544
 2600
 2648
 2694
 2734
 2772
 2810
 2838
 2868
 2898
 2924
 2948
 2970
 2986
 2994
 3004
 3010
 3016
 3016
 3012
 3008
 3012
 3020
 3016
 3008
 2992
 2970
 2942
 2908
 2870
 2834
 2792
 2752
 2710
 2670
 2628
 2584
 2544
 2502
 2458
 2428
 2400
 2370
 2340
 2312
 2284
 2260
 2244
 2236
 2236
 2244
 2262
 2286
 2316
 2352
 2392
 2434
 2470
 2512
 2562
 2608
 2646
 2684
 2720
 2748
 2776
 2800
 2828
 2856
 2884
 2910
 2936
 2962
 2980
 2994
 3008
 3022
 3036
 3050
 3058
 3068
 3074
 3074
 3080
 3090
 3102
 3114
 3124
 3132
 3136
 3140
 3142
 3144
 3144
 3140
 3138
 3130
 3120
 3102
 3074
 3046
 3014
 2974
 2934
 2902
 2872
 2836
 2802
 2766
 2726
 2688
 2648
 2608
 2562
 2516
 2474
 2426
 2368
 2310
 2256
 2194
 2126
 2062
 2010
 1950
 1886
 1818
 1762
 1710
 1664
 1628
 1618
 1626
 1644
 1680
 1724
 1774
 1828
 1890
 1950
 2010
 2074
 2132
 2196
 2266
 2336
 2400
 2458
 2512
 2568
 2618
 2664
 2710
 2762
 2808
 2850
 2886
 2924
 2954
 2972
 2990
 3006
 3016
 3024
 3026
 3006
 2972
 2930
 2884
 2828
 2766
 2700
 2644
 2586
 2524
 2462
 2406
 2354
 2294
 2234
 2184
 2130
 2072
 2022
 1976
 1930
 1884
 1846
 1820
 1816
 1820
 1836
 1866
 1912
 1966
 2022
 2080
 2146
 2214
 2278
 2334
 2394
 2464
 2534
 2594
 2648
 2706
 2756
 2802
 2844
 2890
 2928
 2964
 2990
 3014
 3038
 3056
 3066
 3078
 3078
 3086
 3100
 3110
 3116
 3118
 3112
 3096
 3074
 3046
 3006
 2958
 2908
 2854
 2798
 2734
 2674
 2620
 2560
 2498
 2440
 2378
 2314
 2254
 2194
 2134
 2074
 2010
 1950
 1898
 1846
 1792
 1740
 1694
 1648
 1614
 1594
 1590
 1606
 1634
 1678
 1732
 1784
 1830
 1874
 1922
 1966
 2006
 2048
 2092
 2140
 2188
 2234
 2278
 2324
 2370
 2408
 2448
 2488
 2542
 2584
 2622
 2660
 2696
 2726
 2756
 2790
 2820
 2852
 2882
 2914
 2946
 2972
 2992
 2992
 2976
 2950
 2910
 2872
 2836
 2792
 2738
 2680
 2622
 2566
 2504
 2444
 2388
 2336
 2282
 2228
 2174
 2126
 2080
 2032
 1986
 1952
 1926
 1898
 1874
 1864
 1866
 1878
 1894
 1920
 1958
 2002
 2050
 2098
 2156
 2218
 2276
 2328
 2374
 2434
 2494
 2552
 2600
 2644
 2690
 2728
 2762
 2798
 2830
 2858
 2886
 2916
 2950
 2982
 3008
 3028
 3046
 3064
 3092
 3114
 3132
 3146
 3152
 3148
 3120
 3084
 3040
 2990
 2938
 2880
 2826
 2768
 2708
 2648
 2588
 2534
 2486
 2430
 2372
 2314
 2258
 2200
 2142
 2092
 2044
 1994
 1950
 1910
 1872
 1840
 1816
 1806
 1812
 1830
 1868
 1914
 1966
 2026
 2084
 2144
 2198
 2250
 2308
 2360
 2412
 2458
 2506
 2556
 2604
 2650
 2692
 2736
 2772
 2816
 2860
 2904
 2946
 2982
 3012
 3034
 3050
 3068
 3082
 3092
 3098
 3106
 3110
 3112
 3104
 3086
 3048
 3006
 2960
 2908
 2868
 2832
 2788
 2736
 2678
 2616
 2554
 2488
 2426
 2360
 2298
 2236
 2170
 2108
 2046
 1988
 1936
 1888
 1854
 1832
 1822
 1826
 1838
 1858
 1886
 1926
 1972
 2030
 2086
 2138
 2194
 2248
 2296
 2340
 2386
 2432
 2484
 2536
 2586
 2634
 2674
 2716
 2756
 2794
 2830
 2860
 2890
 2916
 2942
 2966
 2988
 3004
 3012
 3008
 2992
 2958
 2908
 2852
 2802
 2752
 2696
 2638
 2578
 2520
 2460
 2400
 2342
 2290
 2236
 2180
 2124
 2072
 2022
 1976
 1930
 1888
 1856
 1832
 1810
 1794
 1796
 1808
 1830
 1856
 1892
 1940
 1990
 2048
 2110
 2174
 2240
 2312
 2380
 2438
 2492
 2548
 2600
 2640
 2680
 2718
 2768
 2820
 2880
 2934
 2986
 3030
 3066
 3096
 3122
 3144
 3160
 3170
 3176
 3176
 3180
 3180
 3174
 3174
 3180
 3184
 3188
 3178
 3158
 3126
 3086
 3038
 2982
 2920
 2854
 2788
 2720
 2652
 2586
 2516
 2442
 2370
 2298
 2230
 2182
 2132
 2078
 2024
 1976
 1928
 1882
 1846
 1824
 1812
 1810
 1820
 1836
 1862
 1896
 1942
 1986
 2038
 2094
 2150
 2200
 2248
 2298
 2348
 2394
 2444
 2494
 2542
 2592
 2640
 2688
 2730
 2774
 2818
 2860
 2902
 2934
 2966
 2988
 3004
 3026
 3056
 3074
 3086
 3096
 3106
 3114
 3120
 3124
 3128
 3128
 3128
 3126
 3120
 3114
 3102
 3082
 3060
 3028
 2992
 2962
 2932
 2896
 2858
 2820
 2780
 2738
 2694
 2656
 2620
 2578
 2538
 2500
 2462
 2426
 2390
 2356
 2326
 2294
 2272
 2264
 2260
 2264
 2274
 2294
 2320
 2348
 2384
 2428
 2472
 2518
 2562
 2606
 2650
 2694
 2740
 2782
 2820
 2858
 2890
 2918
 2954
 2988
 3016
 3038
 3060
 3080
 3094
 3108
 3120
 3130
 3136
 3138
 3134
 3132
 3126
 3124
 3118
 3112
 3100
 3084
 3058
 3034
 3010
 2978
 2942
 2908
 2870
 2830
 2786
 2746
 2704
 2662
 2622
 2580
 2542
 2502
 2462
 2422
 2384
 2348
 2306
 2274
 2246
 2222
 2196
 2170
 2152
 2138
 2136
 2142
 2152
 2188
 2226
 2274
 2322
 2382
 2444
 2496
 2552
 2616
 2668
 2716
 2778
 2842
 2896
 2940
 2978
 3004
 3018
 3026
 3036
 3036
 3020
 2988
 2950
 2898
 2838
 2768
 2702
 2632
 2554
 2480
 2412
 2342
 2274
 2210
 2158
 2102
 2042
 1984
 1938
 1888
 1838
 1792
 1752
 1710
 1662
 1622
 1594
 1572
 1566
 1570
 1594
 1634
 1680
 1728
 1780
 1838
 1892
 1940
 1978
 2034
 2096
 2152
 2194
 2246
 2292
 2338
 2378
 2426
 2476
 2532
 2584
 2642
 2700
 2754
 2796
 2836
 2876
 2914
 2944
 2966
 2984
 2996
 3006
 3012
 3018
 3000
 2962
 2914
 2854
 2784
 2706
 2626
 2550
 2464
 2372
 2280
 2202
 2130
 2056
 1994
 1952
 1922
 1904
 1896
 1908
 1926
 1940
 1950
 1956
 1962
 1972
 1980
 1988
 2002
 2018
 2030
 2038
 2054
 2070
 2084
 2092
 2100
 2112
 2120
 2128
 2128
 2134
 2152
 2186
 2216
 2254
 2296
 2344
 2390
 2440
 2498
 2560
 2610
 2658
 2712
 2764
 2818
 2860
 2902
 2936
 2954
 2974
 2972
 2954
 2912
 2848
 2776
 2692
 2606
 2524
 2450
 2376
 2306
 2242
 2176
 2110
 2036
 1948
 1870
 1796
 1724
 1662
 1608
 1560
 1526
 1506
 1492
 1484
 1488
 1506
 1530
 1564
 1602
 1650
 1702
 1766
 1828
 1886
 1940
 1994
 2046
 2094
 2152
 2210
 2272
 2336
 2398
 2458
 2520
 2578
 2634
 2688
 2740
 2786
 2838
 2894
 2940
 2982
 3016
 3042
 3058
 3068
 3072
 3056
 3024
 2978
 2922
 2860
 2790
 2718
 2634
 2560
 2496
 2432
 2362
 2298
 2232
 2162
 2088
 2014
 1950
 1882
 1816
 1750
 1698
 1658
 1628
 1608
 1596
 1608
 1634
 1666
 1698
 1740
 1790
 1840
 1886
 1928
 1978
 2030
 2080
 2122
 2166
 2218
 2276
 2334
 2386
 2434
 2486
 2544
 2606
 2658
 2702
 2748
 2790
 2832
 2872
 2908
 2946
 2976
 2996
 3014
 3030
 3046
 3058
 3060
 3042
 3006
 2956
 2906
 2852
 2792
 2726
 2656
 2588
 2516
 2450
 2390
 2330
 2268
 2208
 2156
 2104
 2046
 1986
 1934
 1878
 1820
 1768
 1720
 1678
 1642
 1608
 1574
 1548
 1532
 1528
 1536
 1550
 1578
 1620
 1670
 1724
 1782
 1840
 1910
 1980
 2044
 2102
 2164
 2230
 2290
 2350
 2412
 2482
 2554
 2620
 2682
 2738
 2796
 2850
 2900
 2938
 2970
 2994
 3010
 3026
 3048
 3066
 3076
 3086
 3096
 3102
 3104
 3106
 3104
 3104
 3104
 3102
 3102
 3100
 3102
 3102
 3100
 3100
 3090
 3078
 3076
 3084
 3086
 3074
 3054
 3026
 2984
 2934
 2882
 2830
 2782
 2732
 2678
 2624
 2568
 2506
 2440
 2382
 2320
 2264
 2218
 2172
 2124
 2076
 2030
 1992
 1954
 1914
 1874
 1842
 1820
 1806
 1808
 1824
 1854
 1900
 1946
 1994
 2048
 2106
 2160
 2206
 2250
 2290
 2328
 2368
 2410
 2458
 2506
 2546
 2590
 2638
 2686
 2738
 2778
 2814
 2850
 2878
 2910
 2950
 2980
 3004
 3024
 3034
 3044
 3050
 3058
 3060
 3056
 3054
 3052
 3052
 3050
 3044
 3036
 3022
 3004
 2972
 2936
 2898
 2866
 2832
 2788
 2742
 2690
 2638
 2596
 2552
 2508
 2462
 2414
 2372
 2332
 2290
 2248
 2206
 2166
 2134
 2114
 2096
 2080
 2078
 2082
 2092
 2112
 2138
 2168
 2206
 2240
 2276
 2314
 2352
 2396
 2438
 2482
 2522
 2552
 2594
 2638
 2676
 2710
 2740
 2768
 2796
 2816
 2840
 2864
 2882
 2898
 2912
 2926
 2944
 2954
 2964
 2974
 2982
 2990
 2994
 2998
 3008
 3024
 3034
 3044
 3046
 3050
 3052
 3054
 3054
 3054
 3050
 3050
 3048
 3046
 3044
 3040
 3038
 3038
 3032
 3022
 3016
 3018
 3018
 3014
 3006
 2992
 2972
 2944
 2912
 2878
 2840
 2802
 2762
 2724
 2688
 2648
 2610
 2572
 2532
 2498
 2470
 2444
 2414
 2386
 2356
 2328
 2296
 2268
 2244
 2224
 2210
 2204
 2208
 2222
 2248
 2278
 2314
 2354
 2396
 2436
 2480
 2530
 2586
 2634
 2678
 2718
 2754
 2788
 2818
 2848
 2874
 2896
 2916
 2932
 2942
 2952
 2960
 2970
 2980
 2982
 2988
 2992
 2994
 2996
 3004
 3016
 3024
 3032
 3036
 3040
 3042
 3044
 3046
 3042
 3036
 3028
 3018
 3010
 2996
 2974
 2950
 2924
 2894
 2860
 2826
 2792
 2754
 2714
 2670
 2622
 2572
 2518
 2468
 2416
 2364
 2310
 2250
 2200
 2156
 2104
 2050
 1996
 1944
 1894
 1846
 1800
 1764
 1740
 1724
 1718
 1722
 1746
 1774
 1814
 1864
 1918
 1974
 2028
 2084
 2142
 2192
 2248
 2308
 2368
 2424
 2478
 2528
 2574
 2618
 2658
 2696
 2732
 2770
 2802
 2830
 2854
 2876
 2894
 2904
 2904
 2912
 2920
 2916
 2896
 2866
 2826
 2780
 2728
 2672
 2618
 2564
 2512
 2458
 2398
 2338
 2284
 2232
 2176
 2120
 2072
 2024
 1974
 1934
 1904
 1880
 1854
 1832
 1826
 1830
 1842
 1864
 1902
 1946
 1994
 2044
 2100
 2158
 2214
 2270
 2324
 2378
 2438
 2496
 2548
 2600
 2652
 2698
 2736
 2774
 2816
 2850
 2878
 2906
 2926
 2938
 2946
 2954
 2962
 2962
 2964
 2976
 2976
 2962
 2936
 2900
 2860
 2806
 2754
 2704
 2652
 2594
 2532
 2476
 2416
 2352
 2290
 2232
 2172
 2112
 2054
 2004
 1956
 1912
 1874
 1834
 1798
 1768
 1744
 1732
 1732
 1750
 1782
 1820
 1864
 1916
 1974
 2026
 2074
 2128
 2184
 2244
 2300
 2348
 2402
 2454
 2494
 2528
 2564
 2602
 2638
 2670
 2712
 2752
 2790
 2824
 2854
 2886
 2910
 2922
 2932
 2954
 2976
 2988
 2994
 3000
 2998
 2986
 2960
 2926
 2890
 2844
 2792
 2734
 2680
 2630
 2576
 2522
 2460
 2408
 2360
 2306
 2250
 2206
 2168
 2126
 2078
 2030
 1990
 1950
 1908
 1870
 1842
 1826
 1816
 1810
 1818
 1838
 1868
 1902
 1944
 2000
 2064
 2124
 2182
 2240
 2300
 2354
 2400
 2448
 2506
 2560
 2608
 2652
 2698
 2744
 2782
 2814
 2846
 2878
 2902
 2922
 2934
 2946
 2956
 2960
 2964
 2966
 2970
 2972
 2966
 2952
 2928
 2910
 2890
 2854
 2814
 2766
 2712
 2662
 2614
 2560
 2504
 2452
 2402
 2350
 2294
 2242
 2190
 2138
 2086
 2032
 1984
 1942
 1898
 1856
 1814
 1784
 1760
 1742
 1736
 1750
 1776
 1806
 1838
 1880
 1924
 1968
 2010
 2058
 2108
 2160
 2208
 2250
 2294
 2344
 2392
 2434
 2478
 2524
 2570
 2614
 2650
 2684
 2730
 2778
 2820
 2858
 2894
 2922
 2942
 2956
 2968
 2982
 2990
 2990
 2984
 2976
 2960
 2930
 2888
 2836
 2780
 2726
 2664
 2602
 2544
 2494
 2446
 2390
 2330
 2276
 2222
 2162
 2100
 2040
 1984
 1930
 1876
 1826
 1784
 1754
 1728
 1706
 1698
 1710
 1726
 1742
 1758
 1790
 1834
 1872
 1910
 1950
 2002
 2056
 2102
 2142
 2194
 2250
 2302
 2350
 2402
 2454
 2512
 2566
 2614
 2662
 2710
 2752
 2788
 2824
 2860
 2892
 2908
 2912
 2920
 2920
 2914
 2916
 2918
 2916
 2920
 2924
 2926
 2928
 2936
 2932
 2914
 2880
 2834
 2786
 2734
 2682
 2630
 2572
 2520
 2464
 2408
 2348
 2286
 2230
 2180
 2124
 2078
 2036
 1998
 1964
 1924
 1888
 1856
 1828
 1814
 1806
 1804
 1814
 1836
 1870
 1910
 1950
 2000
 2056
 2114
 2174
 2238
 2298
 2360
 2418
 2468
 2508
 2548
 2592
 2632
 2666
 2694
 2722
 2756
 2788
 2822
 2850
 2874
 2894
 2912
 2924
 2938
 2956
 2972
 2990
 3006
 3014
 3018
 3020
 3016
 2994
 2946
 2880
 2806
 2732
 2654
 2578
 2502
 2426
 2356
 2288
 2212
 2144
 2084
 2022
 1964
 1904
 1844
 1788
 1742
 1698
 1658
 1630
 1616
 1608
 1610
 1624
 1654
 1694
 1736
 1790
 1852
 1910
 1966
 2022
 2070
 2124
 2176
 2228
 2282
 2334
 2386
 2438
 2488
 2546
 2606
 2674
 2736
 2794
 2846
 2892
 2928
 2964
 3000
 3028
 3054
 3072
 3088
 3098
 3104
 3110
 3112
 3108
 3104
 3102
 3098
 3094
 3090
 3086
 3082
 3078
 3074
 3068
 3058
 3044
 3024
 2994
 2952
 2902
 2848
 2788
 2722
 2666
 2616
 2560
 2498
 2438
 2378
 2318
 2254
 2190
 2132
 2070
 2006
 1942
 1880
 1818
 1760
 1706
 1654
 1608
 1570
 1550
 1540
 1546
 1566
 1598
 1630
 1660
 1694
 1728
 1764
 1802
 1840
 1880
 1920
 1958
 1996
 2034
 2062
 2090
 2112
 2122
 2112
 2064
 1986
 1888
 1776
 1640
 1486
 1296
 1096
 918
 784
 708
 722
 794
 884
 998
 1112
 1222
 1322
 1414
 1486
 1542
 1588
 1630
 1668
 1698
 1720
 1738
 1756
 1768
 1778
 1792
 1804
 1818
 1824
 1836
 1854
 1890
 1944
 2012
 2076
 2136
 2198
 2272
 2338
 2402
 2460
 2514
 2562
 2610
 2654
 2694
 2732
 2770
 2810
 2844
 2876
 2902
 2928
 2944
 2960
 2982
 2998
 3008
 3014
 3022
 3022
 3022
 3012
 2988
 2960
 2924
 2876
 2824
 2766
 2706
 2644
 2578
 2520
 2460
 2400
 2334
 2272
 2220
 2166
 2110
 2058
 2016
 1976
 1930
 1882
 1840
 1802
 1764
 1736
 1720
 1722
 1738
 1768
 1812
 1870
 1926
 1978
 2032
 2098
 2166
 2228
 2290
 2352
 2416
 2474
 2528
 2576
 2624
 2672
 2716
 2758
 2792
 2832
 2870
 2900
 2924
 2944
 2960
 2970
 2978
 2988
 2998
 3006
 3008
 3008
 3014
 3030
 3044
 3050
 3052
 3052
 3040
 3016
 2980
 2942
 2900
 2852
 2794
 2742
 2688
 2630
 2572
 2520
 2470
 2418
 2366
 2314
 2270
 2226
 2176
 2134
 2102
 2074
 2042
 2014
 1998
 1990
 1994
 2002
 2026
 2066
 2104
 2142
 2182
 2224
 2272
 2322
 2378
 2434
 2490
 2542
 2586
 2626
 2666
 2714
 2764
 2812
 2854
 2896
 2926
 2954
 2980
 2998
 3006
 3014
 3022
 3026
 3020
 3010
 2988
 2950
 2906
 2862
 2814
 2764
 2712
 2662
 2620
 2584
 2542
 2496
 2456
 2410
 2366
 2316
 2268
 2226
 2186
 2154
 2122
 2096
 2084
 2080
 2090
 2118
 2162
 2216
 2274
 2334
 2390
 2444
 2498
 2548
 2598
 2648
 2698
 2744
 2784
 2822
 2856
 2890
 2922
 2944
 2958
 2972
 2986
 3006
 3022
 3036
 3050
 3060
 3068
 3070
 3070
 3068
 3058
 3040
 3018
 2986
 2948
 2910
 2868
 2820
 2768
 2720
 2674
 2618
 2574
 2538
 2500
 2454
 2408
 2366
 2320
 2268
 2224
 2184
 2142
 2108
 2088
 2078
 2076
 2092
 2126
 2166
 2216
 2276
 2338
 2404
 2464
 2522
 2576
 2620
 2662
 2704
 2744
 2784
 2822
 2854
 2890
 2922
 2950
 2970
 2980
 2990
 3002
 3022
 3042
 3052
 3064
 3074
 3084
 3088
 3090
 3090
 3090
 3090
 3090
 3082
 3066
 3050
 3030
 3006
 2968
 2930
 2892
 2844
 2790
 2740
 2700
 2652
 2604
 2556
 2508
 2462
 2414
 2366
 2316
 2272
 2234
 2194
 2158
 2126
 2112
 2112
 2120
 2150
 2196
 2250
 2300
 2356
 2412
 2460
 2514
 2566
 2612
 2662
 2706
 2748
 2790
 2832
 2870
 2898
 2916
 2936
 2952
 2966
 2972
 2976
 2982
 2986
 2988
 2988
 2984
 2978
 2962
 2946
 2930
 2902
 2872
 2838
 2800
 2758
 2708
 2662
 2614
 2564
 2512
 2456
 2400
 2348
 2296
 2250
 2198
 2150
 2112
 2078
 2046
 2030
 2026
 2042
 2070
 2112
 2158
 2208
 2262
 2316
 2372
 2424
 2468
 2518
 2566
 2612
 2654
 2690
 2730
 2768
 2812
 2854
 2892
 2928
 2960
 2984
 2996
 3004
 3018
 3028
 3036
 3042
 3042
 3044
 3044
 3044
 3040
 3036
 3030
 3022
 3008
 2986
 2958
 2922
 2884
 2852
 2822
 2786
 2746
 2708
 2664
 2620
 2574
 2526
 2478
 2430
 2386
 2338
 2290
 2240
 2200
 2164
 2132
 2110
 2108
 2126
 2160
 2206
 2252
 2308
 2364
 2414
 2464
 2508
 2544
 2576
 2608
 2640
 2664
 2688
 2712
 2728
 2754
 2788
 2826
 2860
 2890
 2914
 2930
 2944
 2956
 2968
 2986
 3000
 3010
 3022
 3032
 3044
 3054
 3062
 3066
 3068
 3070
 3066
 3062
 3064
 3064
 3050
 3028
 3000
 2962
 2918
 2868
 2816
 2762
 2708
 2652
 2596
 2542
 2484
 2428
 2376
 2318
 2268
 2228
 2190
 2150
 2110
 2070
 2040
 2012
 1986
 1976
 1984
 2004
 2038
 2086
 2138
 2190
 2248
 2304
 2362
 2430
 2500
 2560
 2618
 2668
 2712
 2752
 2784
 2816
 2848
 2878
 2904
 2928
 2946
 2958
 2970
 2980
 2988
 2996
 3002
 3010
 3012
 3016
 3016
 3008
 3008
 3016
 3026
 3034
 3040
 3044
 3046
 3048
 3050
 3048
 3044
 3042
 3038
 3036
 3030
 3026
 3022
 3018
 3014
 3008
 3004
 2998
 2996
 2990
 2982
 2976
 2974
 2966
 2960
 2948
 2926
 2904
 2886
 2868
 2840
 2814
 2782
 2748
 2714
 2678
 2644
 2610
 2578
 2542
 2506
 2468
 2432
 2396
 2362
 2324
 2290
 2252
 2212
 2176
 2138
 2108
 2082
 2064
 2064
 2078
 2104
 2136
 2172
 2212
 2254
 2298
 2344
 2390
 2436
 2482
 2526
 2568
 2608
 2644
 2682
 2716
 2746
 2772
 2804
 2838
 2870
 2896
 2916
 2930
 2928
 2908
 2870
 2824
 2768
 2708
 2642
 2570
 2502
 2438
 2368
 2304
 2244
 2182
 2126
 2078
 2028
 1976
 1926
 1876
 1834
 1794
 1762
 1746
 1742
 1754
 1780
 1820
 1868
 1928
 1990
 2058
 2122
 2178
 2242
 2310
 2380
 2442
 2500
 2556
 2604
 2648
 2688
 2726
 2758
 2794
 2830
 2860
 2882
 2896
 2906
 2910
 2912
 2924
 2940
 2948
 2944
 2932
 2912
 2872
 2826
 2776
 2724
 2670
 2610
 2554
 2496
 2436
 2376
 2316
 2260
 2204
 2144
 2086
 2030
 1984
 1942
 1896
 1856
 1820
 1788
 1762
 1748
 1754
 1772
 1798
 1836
 1882
 1930
 1978
 2034
 2096
 2154
 2204
 2268
 2342
 2408
 2464
 2518
 2572
 2622
 2666
 2706
 2752
 2792
 2824
 2854
 2882
 2904
 2918
 2924
 2930
 2934
 2942
 2956
 2962
 2970
 2968
 2950
 2916
 2870
 2820
 2764
 2700
 2634
 2570
 2502
 2430
 2362
 2294
 2234
 2180
 2130
 2090
 2060
 2042
 2044
 2052
 2052
 2046
 2044
 2042
 2036
 2034
 2040
 2046
 2054
 2062
 2072
 2086
 2100
 2112
 2128
 2140
 2156
 2172
 2182
 2192
 2214
 2250
 2290
 2336
 2390
 2452
 2514
 2576
 2638
 2700
 2756
 2800
 2836
 2872
 2890
 2910
 2930
 2942
 2936
 2910
 2864
 2806
 2734
 2662
 2586
 2512
 2430
 2350
 2266
 2188
 2112
 2038
 1964
 1894
 1830
 1766
 1704
 1650
 1594
 1528
 1468
 1416
 1368
 1326
 1298
 1292
 1302
 1328
 1368
 1430
 1498
 1570
 1652
 1742
 1828
 1924
 2026
 2124
 2210
 2290
 2368
 2444
 2512
 2574
 2632
 2684
 2732
 2776
 2812
 2844
 2870
 2890
 2904
 2916
 2926
 2932
 2936
 2938
 2938
 2938
 2940
 2940
 2938
 2934
 2928
 2934
 2940
 2940
 2922
 2892
 2852
 2796
 2736
 2680
 2618
 2556
 2492
 2428
 2368
 2308
 2250
 2192
 2136
 2080
 2020
 1960
 1902
 1848
 1804
 1766
 1722
 1680
 1638
 1604
 1574
 1548
 1536
 1542
 1558
 1584
 1618
 1666
 1724
 1786
 1850
 1910
 1980
 2060
 2140
 2214
 2276
 2338
 2402
 2458
 2506
 2552
 2596
 2642
 2690
 2726
 2760
 2796
 2830
 2858
 2884
 2906
 2920
 2928
 2934
 2936
 2946
 2962
 2972
 2980
 2986
 2992
 2996
 2998
 3000
 3002
 2998
 2992
 2974
 2942
 2896
 2846
 2788
 2722
 2648
 2578
 2518
 2458
 2396
 2330
 2266
 2204
 2142
 2078
 2006
 1932
 1862
 1790
 1722
 1660
 1602
 1554
 1518
 1494
 1488
 1496
 1514
 1544
 1586
 1634
 1682
 1728
 1784
 1844
 1902
 1958
 2010
 2068
 2126
 2184
 2244
 2300
 2354
 2410
 2458
 2506
 2566
 2626
 2678
 2724
 2766
 2802
 2834
 2862
 2890
 2916
 2932
 2942
 2948
 2954
 2956
 2960
 2956
 2944
 2918
 2874
 2822
 2756
 2688
 2624
 2556
 2484
 2416
 2350
 2286
 2224
 2158
 2098
 2040
 1984
 1928
 1874
 1824
 1768
 1724
 1686
 1652
 1636
 1644
 1664
 1694
 1738
 1796
 1860
 1924
 1986
 2042
 2104
 2162
 2218
 2280
 2342
 2402
 2466
 2530
 2580
 2626
 2674
 2728
 2770
 2802
 2830
 2858
 2882
 2898
 2914
 2930
 2938
 2934
 2934
 2936
 2938
 2938
 2936
 2934
 2934
 2932
 2926
 2926
 2932
 2940
 2944
 2948
 2952
 2954
 2954
 2958
 2954
 2938
 2916
 2888
 2858
 2826
 2788
 2750
 2708
 2664
 2616
 2572
 2518
 2472
 2432
 2388
 2342
 2296
 2248
 2198
 2148
 2104
 2060
 2016
 1976
 1942
 1912
 1898
 1896
 1906
 1926
 1956
 1996
 2038
 2080
 2136
 2198
 2264
 2322
 2376
 2430
 2482
 2524
 2564
 2604
 2640
 2670
 2698
 2724
 2748
 2770
 2792
 2812
 2828
 2844
 2858
 2874
 2886
 2896
 2904
 2906
 2902
 2912
 2924
 2932
 2942
 2946
 2952
 2956
 2958
 2958
 2956
 2952
 2948
 2946
 2940
 2934
 2930
 2926
 2920
 2916
 2904
 2888
 2868
 2844
 2816
 2782
 2748
 2714
 2676
 2650
 2628
 2606
 2578
 2554
 2526
 2500
 2470
 2442
 2414
 2386
 2360
 2332
 2302
 2276
 2254
 2236
 2226
 2222
 2226
 2234
 2246
 2262
 2280
 2300
 2320
 2340
 2364
 2398
 2432
 2464
 2496
 2526
 2556
 2584
 2610
 2636
 2666
 2692
 2714
 2736
 2758
 2778
 2796
 2814
 2830
 2846
 2858
 2864
 2866
 2872
 2876
 2866
 2848
 2820
 2782
 2738
 2688
 2640
 2590
 2536
 2480
 2428
 2370
 2308
 2240
 2174
 2110
 2042
 1982
 1930
 1884
 1836
 1788
 1742
 1706
 1672
 1648
 1634
 1636
 1656
 1690
 1734
 1778
 1834
 1894
 1950
 2004
 2044
 2090
 2142
 2194
 2248
 2298
 2348
 2398
 2446
 2488
 2528
 2568
 2604
 2640
 2678
 2720
 2762
 2796
 2826
 2854
 2878
 2894
 2908
 2928
 2946
 2960
 2964
 2960
 2942
 2908
 2866
 2816
 2764
 2704
 2646
 2584
 2516
 2446
 2374
 2304
 2236
 2166
 2102
 2048
 1982
 1912
 1846
 1784
 1728
 1670
 1614
 1570
 1540
 1526
 1524
 1538
 1574
 1620
 1678
 1742
 1806
 1872
 1944
 2014
 2078
 2136
 2182
 2228
 2274
 2314
 2356
 2392
 2434
 2474
 2514
 2544
 2578
 2618
 2648
 2682
 2722
 2764
 2806
 2846
 2874
 2900
 2924
 2946
 2962
 2974
 2982
 2992
 3002
 3006
 3010
 3012
 3014
 3002
 2978
 2940
 2894
 2846
 2794
 2750
 2708
 2656
 2600
 2538
 2472
 2404
 2334
 2266
 2202
 2138
 2074
 2012
 1952
 1890
 1832
 1778
 1730
 1686
 1652
 1622
 1602
 1582
 1578
 1590
 1616
 1650
 1692
 1742
 1792
 1844
 1896
 1946
 1996
 2052
 2102
 2156
 2218
 2272
 2326
 2376
 2418
 2458
 2498
 2536
 2572
 2608
 2642
 2676
 2714
 2750
 2782
 2816
 2846
 2872
 2900
 2926
 2952
 2976
 2986
 2988
 2990
 2994
 3012
 3028
 3030
 3038
 3028
 3008
 2974
 2928
 2882
 2834
 2778
 2718
 2654
 2588
 2524
 2460
 2392
 2322
 2252
 2182
 2120
 2060
 1994
 1920
 1856
 1796
 1736
 1674
 1614
 1562
 1516
 1484
 1466
 1458
 1466
 1488
 1514
 1560
 1620
 1680
 1734
 1792
 1852
 1912
 1968
 2018
 2076
 2140
 2200
 2258
 2310
 2362
 2420
 2480
 2538
 2588
 2628
 2672
 2710
 2740
 2776
 2820
 2862
 2894
 2922
 2948
 2966
 2978
 2988
 3000
 3008
 3006
 2988
 2956
 2912
 2868
 2810
 2746
 2682
 2614
 2556
 2506
 2456
 2402
 2350
 2292
 2228
 2170
 2114
 2060
 2006
 1952
 1900
 1846
 1794
 1750
 1716
 1688
 1686
 1686
 1698
 1722
 1756
 1794
 1842
 1884
 1934
 1988
 2042
 2092
 2142
 2194
 2252
 2310
 2368
 2432
 2486
 2538
 2596
 2658
 2710
 2756
 2796
 2830
 2858
 2882
 2904
 2918
 2926
 2928
 2920
 2898
 2860
 2816
 2770
 2718
 2664
 2608
 2546
 2488
 2436
 2386
 2326
 2264
 2204
 2144
 2082
 2024
 1970
 1918
 1870
 1824
 1784
 1754
 1736
 1734
 1756
 1788
 1842
 1910
 1992
 2068
 2138
 2208
 2274
 2336
 2394
 2452
 2508
 2562
 2616
 2666
 2718
 2760
 2800
 2836
 2862
 2890
 2924
 2960
 2986
 3008
 3022
 3036
 3046
 3054
 3060
 3060
 3050
 3032
 3002
 2962
 2916
 2864
 2810
 2750
 2692
 2630
 2568
 2506
 2444
 2378
 2324
 2278
 2228
 2174
 2116
 2060
 2008
 1954
 1902
 1850
 1800
 1754
 1714
 1684
 1668
 1666
 1682
 1710
 1746
 1800
 1866
 1930
 1992
 2052
 2112
 2170
 2220
 2264
 2312
 2358
 2408
 2458
 2508
 2548
 2588
 2628
 2666
 2700
 2742
 2792
 2836
 2878
 2916
 2946
 2972
 2992
 3008
 3022
 3026
 3012
 2982
 2938
 2890
 2838
 2780
 2716
 2652
 2588
 2530
 2468
 2410
 2352
 2292
 2242
 2198
 2148
 2090
 2038
 1986
 1942
 1898
 1870
 1854
 1848
 1858
 1880
 1918
 1964
 2012
 2066
 2124
 2184
 2256
 2326
 2386
 2438
 2486
 2532
 2576
 2622
 2674
 2726
 2772
 2814
 2852
 2886
 2918
 2950
 2976
 2994
 3004
 3020
 3044
 3062
 3074
 3080
 3082
 3086
 3090
 3094
 3096
 3096
 3094
 3092
 3090
 3084
 3082
 3080
 3076
 3076
 3070
 3064
 3060
 3054
 3046
 3046
 3054
 3060
 3062
 3064
 3060
 3052
 3042
 3030
 3010
 2984
 2950
 2914
 2870
 2826
 2780
 2734
 2688
 2644
 2600
 2558
 2516
 2474
 2432
 2390
 2348
 2304
 2260
 2214
 2174
 2132
 2090
 2068
 2050
 2038
 2028
 2028
 2034
 2050
 2070
 2098
 2132
 2170
 2208
 2248
 2288
 2326
 2362
 2398
 2432
 2468
 2500
 2530
 2560
 2590
 2622
 2652
 2678
 2710
 2750
 2784
 2812
 2838
 2860
 2886
 2906
 2926
 2946
 2962
 2974
 2976
 2974
 2966
 2942
 2900
 2854
 2800
 2740
 2692
 2644
 2590
 2532
 2474
 2412
 2348
 2282
 2218
 2156
 2100
 2038
 1974
 1914
 1856
 1800
 1752
 1708
 1662
 1636
 1626
 1628
 1640
 1668
 1706
 1750
 1798
 1846
 1906
 1964
 2022
 2080
 2134
 2194
 2250
 2302
 2352
 2408
 2456
 2514
 2576
 2638
 2692
 2740
 2784
 2826
 2860
 2894
 2924
 2952
 2972
 2986
 2992
 2996
 3002
 3010
 3012
 3016
 3014
 2998
 2982
 2962
 2926
 2880
 2834
 2788
 2748
 2706
 2668
 2634
 2608
 2584
 2568
 2556
 2554
 2556
 2554
 2550
 2540
 2532
 2538
 2550
 2564
 2576
 2588
 2602
 2616
 2626
 2634
 2642
 2654
 2660
 2666
 2668
 2668
 2666
 2664
 2658
 2660
 2684
 2710
 2734
 2764
 2792
 2818
 2846
 2872
 2900
 2928
 2952
 2974
 2992
 3002
 3014
 3020
 3026
 3030
 3022
 3020
 3024
 3020
 3002
 2970
 2930
 2886
 2834
 2780
 2718
 2654
 2592
 2528
 2464
 2400
 2338
 2280
 2220
 2160
 2092
 2036
 1992
 1956
 1924
 1904
 1900
 1912
 1936
 1968
 2008
 2058
 2106
 2156
 2204
 2256
 2316
 2374
 2428
 2484
 2546
 2612
 2664
 2708
 2746
 2788
 2822
 2854
 2886
 2912
 2934
 2956
 2980
 3000
 3016
 3028
 3038
 3050
 3056
 3058
 3072
 3088
 3098
 3106
 3108
 3110
 3110
 3108
 3102
 3086
 3058
 3022
 2980
 2934
 2882
 2830
 2778
 2720
 2662
 2604
 2542
 2488
 2440
 2386
 2330
 2276
 2222
 2166
 2108
 2048
 1998
 1948
 1902
 1864
 1840
 1828
 1836
 1858
 1886
 1932
 1990
 2048
 2104
 2158
 2212
 2266
 2314
 2356
 2402
 2448
 2492
 2534
 2576
 2624
 2672
 2716
 2762
 2802
 2834
 2872
 2918
 2958
 2992
 3020
 3042
 3056
 3064
 3074
 3080
 3086
 3086
 3084
 3082
 3076
 3066
 3046
 3014
 2978
 2930
 2878
 2820
 2758
 2698
 2648
 2600
 2544
 2486
 2422
 2358
 2288
 2218
 2154
 2094
 2036
 1978
 1922
 1872
 1820
 1776
 1740
 1708
 1694
 1702
 1720
 1748
 1792
 1842
 1898
 1956
 2014
 2080
 2144
 2208
 2268
 2328
 2390
 2446
 2500
 2556
 2610
 2658
 2714
 2774
 2826
 2870
 2914
 2950
 2980
 3002
 3022
 3038
 3050
 3060
 3064
 3068
 3064
 3060
 3052
 3038
 3014
 2978
 2930
 2878
 2818
 2746
 2674
 2602
 2528
 2448
 2368
 2296
 2220
 2144
 2072
 2006
 1938
 1868
 1802
 1734
 1666
 1594
 1524
 1452
 1376
 1312
 1250
 1176
 1100
 1026
 954
 886
 826
 772
 730
 714
 722
 744
 782
 836
 912
 1008
 1114
 1226
 1342
 1454
 1560
 1658
 1746
 1828
 1900
 1970
 2040
 2108
 2170
 2228
 2286
 2342
 2398
 2456
 2520
 2590
 2660
 2724
 2774
 2820
 2860
 2888
 2918
 2954
 2984
 3002
 3020
 3036
 3050
 3062
 3072
 3080
 3086
 3088
 3090
 3088
 3086
 3082
 3078
 3064
 3036
 2992
 2952
 2914
 2858
 2794
 2728
 2658
 2594
 2526
 2460
 2396
 2332
 2266
 2202
 2138
 2074
 2012
 1954
 1896
 1852
 1820
 1788
 1764
 1754
 1760
 1774
 1802
 1838
 1884
 1936
 1988
 2040
 2090
 2146
 2208
 2264
 2314
 2362
 2414
 2464
 2508
 2560
 2620
 2672
 2714
 2754
 2792
 2826
 2856
 2882
 2910
 2934
 2956
 2974
 2984
 2990
 3000
 3010
 3014
 3016
 3018
 3020
 3022
 3026
 3022
 3020
 3002
 2976
 2936
 2886
 2842
 2800
 2754
 2702
 2648
 2592
 2538
 2482
 2426
 2372
 2320
 2270
 2222
 2178
 2142
 2106
 2078
 2054
 2030
 2012
 2004
 2004
 2020
 2050
 2094
 2138
 2182
 2226
 2276
 2322
 2370
 2420
 2468
 2514
 2560
 2606
 2650
 2696
 2736
 2776
 2816
 2846
 2880
 2914
 2944
 2968
 2988
 3008
 3020
 3030
 3040
 3046
 3052
 3054
 3050
 3048
 3046
 3042
 3040
 3038
 3034
 3032
 3028
 3020
 3018
 3022
 3028
 3032
 3036
 3036
 3038
 3038
 3036
 3032
 3022
 3006
 2988
 2966
 2938
 2904
 2870
 2832
 2794
 2752
 2710
 2666
 2620
 2574
 2530
 2484
 2436
 2388
 2342
 2298
 2250
 2210
 2182
 2152
 2122
 2090
 2062
 2034
 2016
 2004
 2002
 2012
 2032
 2060
 2092
 2134
 2178
 2228
 2282
 2338
 2392
 2446
 2500
 2546
 2594
 2646
 2700
 2742
 2780
 2816
 2850
 2878
 2900
 2920
 2936
 2942
 2950
 2956
 2960
 2964
 2966
 2968
 2970
 2970
 2964
 2962
 2968
 2976
 2980
 2984
 2988
 2990
 2992
 2992
 2992
 2992
 2986
 2984
 2982
 2976
 2968
 2962
 2956
 2952
 2946
 2940
 2930
 2916
 2906
 2896
 2874
 2844
 2808
 2768
 2728
 2682
 2638
 2594
 2550
 2504
 2458
 2412
 2364
 2320
 2274
 2232
 2188
 2144
 2102
 2056
 2012
 1970
 1930
 1896
 1870
 1850
 1842
 1842
 1852
 1880
 1918
 1960
 2002
 2048
 2096
 2146
 2196
 2246
 2302
 2356
 2408
 2458
 2504
 2548
 2588
 2628
 2666
 2698
 2728
 2756
 2784
 2806
 2826
 2842
 2856
 2866
 2874
 2890
 2910
 2922
 2926
 2932
 2936
 2940
 2940
 2942
 2942
 2942
 2940
 2936
 2930
 2926
 2918
 2914
 2908
 2900
 2882
 2872
 2860
 2840
 2812
 2778
 2740
 2700
 2658
 2616
 2574
 2530
 2484
 2440
 2394
 2348
 2302
 2258
 2212
 2172
 2130
 2088
 2058
 2032
 2004
 1978
 1954
 1932
 1920
 1916
 1922
 1940
 1970
 2006
 2050
 2096
 2146
 2202
 2258
 2314
 2370
 2422
 2466
 2520
 2578
 2630
 2674
 2714
 2750
 2782
 2806
 2828
 2850
 2864
 2876
 2888
 2894
 2900
 2898
 2896
 2892
 2890
 2888
 2884
 2882
 2878
 2876
 2874
 2874
 2870
 2870
 2870
 2868
 2866
 2858
 2842
 2820
 2800
 2780
 2752
 2718
 2678
 2638
 2596
 2552
 2508
 2464
 2420
 2376
 2330
 2282
 2238
 2192
 2146
 2104
 2062
 2022
 1984
 1946
 1912
 1882
 1852
 1830
 1812
 1802
 1798
 1796
 1804
 1824
 1850
 1874
 1902
 1930
 1964
 1996
 2028
 2064
 2100
 2134
 2172
 2204
 2238
 2272
 2306
 2346
 2384
 2422
 2458
 2492
 2524
 2558
 2588
 2616
 2644
 2668
 2690
 2720
 2754
 2782
 2808
 2830
 2848
 2866
 2876
 2886
 2894
 2898
 2902
 2902
 2898
 2890
 2878
 2862
 2840
 2810
 2774
 2742
 2714
 2680
 2640
 2596
 2544
 2488
 2428
 2366
 2304
 2248
 2190
 2130
 2070
 2012
 1952
 1894
 1838
 1774
 1724
 1680
 1630
 1582
 1536
 1492
 1458
 1428
 1410
 1406
 1410
 1422
 1444
 1476
 1520
 1568
 1624
 1678
 1734
 1792
 1846
 1900
 1964
 2030
 2092
 2146
 2200
 2252
 2304
 2356
 2408
 2462
 2516
 2566
 2616
 2658
 2700
 2738
 2772
 2804
 2830
 2852
 2870
 2882
 2890
 2900
 2904
 2910
 2912
 2912
 2910
 2908
 2906
 2902
 2886
 2866
 2846
 2814
 2774
 2728
 2678
 2622
 2562
 2504
 2444
 2386
 2324
 2264
 2200
 2140
 2082
 2024
 1964
 1910
 1852
 1798
 1748
 1696
 1648
 1614
 1580
 1546
 1510
 1478
 1450
 1428
 1412
 1408
 1416
 1438
 1466
 1504
 1546
 1596
 1652
 1712
 1768
 1826
 1892
 1958
 2018
 2076
 2130
 2182
 2232
 2278
 2322
 2368
 2414
 2458
 2498
 2540
 2578
 2616
 2654
 2686
 2718
 2748
 2774
 2800
 2824
 2846
 2864
 2878
 2894
 2906
 2912
 2924
 2938
 2950
 2958
 2964
 2966
 2960
 2944
 2918
 2882
 2840
 2790
 2738
 2684
 2628
 2572
 2514
 2458
 2404
 2348
 2292
 2250
 2208
 2164
 2118
 2072
 2024
 1976
 1926
 1880
 1838
 1798
 1762
 1726
 1696
 1676
 1664
 1666
 1680
 1702
 1738
 1782
 1838
 1892
 1948
 2002
 2058
 2112
 2166
 2218
 2274
 2326
 2378
 2432
 2482
 2528
 2576
 2620
 2658
 2696
 2730
 2760
 2792
 2816
 2836
 2856
 2870
 2882
 2900
 2924
 2946
 2962
 2974
 2982
 2992
 2998
 3002
 3004
 3004
 3004
 3002
 2998
 2992
 2984
 2976
 2966
 2954
 2934
 2912
 2886
 2854
 2820
 2782
 2742
 2700
 2658
 2618
 2576
 2536
 2492
 2446
 2402
 2356
 2306
 2268
 2232
 2192
 2150
 2106
 2062
 2018
 1976
 1932
 1896
 1862
 1836
 1818
 1810
 1810
 1826
 1854
 1892
 1936
 1986
 2036
 2088
 2140
 2194
 2242
 2294
 2352
 2410
 2464
 2514
 2560
 2600
 2634
 2670
 2700
 2728
 2756
 2780
 2804
 2826
 2848
 2866
 2880
 2892
 2904
 2914
 2918
 2924
 2936
 2942
 2948
 2956
 2960
 2960
 2960
 2960
 2960
 2954
 2944
 2932
 2916
 2894
 2864
 2828
 2786
 2738
 2688
 2636
 2586
 2528
 2480
 2440
 2400
 2358
 2314
 2266
 2218
 2166
 2114
 2062
 2012
 1960
 1908
 1858
 1810
 1762
 1718
 1680
 1642
 1612
 1594
 1586
 1584
 1594
 1614
 1644
 1684
 1726
 1778
 1836
 1894
 1950
 2004
 2060
 2116
 2174
 2230
 2288
 2344
 2402
 2456
 2504
 2550
 2602
 2660
 2708
 2748
 2786
 2820
 2852
 2874
 2896
 2910
 2920
 2924
 2930
 2934
 2934
 2934
 2934
 2934
 2932
 2930
 2926
 2924
 2922
 2918
 2916
 2914
 2910
 2906
 2900
 2888
