 1962
 1912
 1866
 1824
 1786
 1762
 1748
 1750
 1778
 1830
 1906
 1994
 2062
 2116
 2158
 2192
 2222
 2240
 2258
 2272
 2282
 2286
 2288
 2290
 2292
 2296
 2296
 2296
 2302
 2306
 2310
 2320
 2342
 2376
 2412
 2452
 2498
 2542
 2584
 2624
 2664
 2704
 2740
 2772
 2806
 2832
 2860
 2886
 2910
 2932
 2948
 2952
 2958
 2962
 2970
 2978
 2982
 2982
 2980
 2972
 2960
 2944
 2924
 2896
 2862
 2824
 2778
 2728
 2678
 2628
 2578
 2530
 2482
 2438
 2394
 2352
 2312
 2272
 2236
 2202
 2176
 2156
 2138
 2128
 2116
 2106
 2098
 2088
 2076
 2068
 2062
 2048
 2028
 2010
 1986
 1962
 1926
 1888
 1846
 1794
 1738
 1674
 1600
 1522
 1442
 1364
 1288
 1200
 1096
 974
 846
 714
 594
 470
 348
 228
 124
 20
 0
 0
 0
 0
 0
 0
 0
 0
 0
 0
 0
 0
 0
 0
 0
 80
 166
 250
 336
 410
 484
 560
 652
 752
 860
 978
 1098
 1222
 1350
 1474
 1598
 1716
 1824
 1926
 2032
 2134
 2226
 2306
 2382
 2450
 2508
 2558
 2608
 2656
 2700
 2740
 2772
 2800
 2830
 2854
 2874
 2892
 2904
 2912
 2916
 2924
 2930
 2934
 2934
 2932
 2930
 2926
 2928
 2932
 2936
 2940
 2940
 2940
 2938
 2936
 2942
 2946
 2948
 2946
 2946
 2946
 2946
 2946
 2944
 2942
 2940
 2940
 2940
 2936
 2936
 2932
 2928
 2924
 2922
 2924
 2926
 2926
 2926
 2924
 2922
 2920
 2922
 2926
 2922
 2920
 2918
 2914
 2912
 2906
 2898
 2886
 2866
 2838
 2800
 2758
 2716
 2672
 2632
 2588
 2540
 2492
 2438
 2388
 2336
 2286
 2238
 2188
 2138
 2090
 2044
 2002
 1968
 1942
 1924
 1918
 1916
 1922
 1936
 1960
 1986
 2012
 2042
 2070
 2108
 2144
 2182
 2224
 2266
 2312
 2354
 2396
 2434
 2474
 2514
 2554
 2592
 2624
 2654
 2682
 2710
 2740
 2764
 2786
 2802
 2818
 2830
 2840
 2854
 2866
 2876
 2884
 2892
 2898
 2896
 2896
 2898
 2900
 2902
 2898
 2896
 2892
 2894
 2898
 2896
 2894
 2892
 2888
 2886
 2882
 2880
 2874
 2864
 2846
 2820
 2790
 2760
 2724
 2690
 2656
 2618
 2576
 2534
 2494
 2454
 2410
 2364
 2318
 2272
 2228
 2186
 2150
 2122
 2096
 2076
 2064
 2060
 2062
 2070
 2086
 2106
 2130
 2154
 2184
 2216
 2254
 2296
 2340
 2384
 2428
 2470
 2508
 2544
 2580
 2614
 2646
 2676
 2702
 2724
 2742
 2758
 2776
 2796
 2808
 2812
 2802
 2796
 2792
 2788
 2788
 2790
 2792
 2794
 2798
 2804
 2808
 2810
 2814
 2814
 2816
 2818
 2828
 2844
 2856
 2874
 2888
 2908
 2926
 2936
 2936
 2936
 2936
 2936
 2940
 2946
 2948
 2952
 2954
 2954
 2954
 2956
 2952
 2950
 2948
 2944
 2944
 2942
 2940
 2932
 2928
 2920
 2916
 2914
 2910
 2898
 2884
 2870
 2854
 2832
 2810
 2784
 2752
 2714
 2676
 2638
 2596
 2544
 2488
 2426
 2366
 2306
 2244
 2188
 2130
 2072
 2014
 1956
 1904
 1856
 1816
 1784
 1764
 1748
 1742
 1746
 1758
 1776
 1796
 1822
 1856
 1896
 1942
 1986
 2040
 2098
 2152
 2208
 2262
 2314
 2370
 2424
 2478
 2528
 2574
 2618
 2654
 2688
 2720
 2758
 2788
 2812
 2830
 2846
 2858
 2870
 2882
 2894
 2904
 2914
 2914
 2916
 2920
 2922
 2926
 2930
 2930
 2934
 2934
 2932
 2926
 2922
 2928
 2930
 2932
 2930
 2930
 2930
 2928
 2932
 2932
 2932
 2932
 2932
 2932
 2930
 2930
 2928
 2928
 2924
 2920
 2914
 2900
 2886
 2868
 2846
 2818
 2782
 2744
 2704
 2664
 2620
 2578
 2536
 2490
 2444
 2402
 2356
 2312
 2270
 2228
 2188
 2150
 2112
 2074
 2036
 2000
 1962
 1924
 1884
 1840
 1800
 1764
 1732
 1712
 1702
 1702
 1712
 1732
 1762
 1802
 1846
 1892
 1944
 2002
 2066
 2128
 2190
 2246
 2306
 2372
 2434
 2488
 2536
 2576
 2618
 2652
 2684
 2716
 2744
 2770
 2792
 2812
 2828
 2844
 2860
 2872
 2886
 2896
 2898
 2898
 2896
 2902
 2912
 2916
 2916
 2916
 2914
 2916
 2918
 2922
 2924
 2928
 2928
 2928
 2928
 2928
 2928
 2928
 2926
 2918
 2908
 2896
 2888
 2880
 2864
 2842
 2814
 2784
 2748
 2710
 2674
 2634
 2590
 2546
 2502
 2454
 2408
 2356
 2306
 2254
 2196
 2144
 2094
 2044
 1996
 1948
 1902
 1860
 1826
 1800
 1782
 1774
 1772
 1780
 1796
 1814
 1838
 1864
 1892
 1928
 1964
 1998
 2034
 2072
 2116
 2156
 2194
 2228
 2260
 2296
 2326
 2358
 2390
 2422
 2452
 2480
 2506
 2532
 2558
 2586
 2612
 2638
 2660
 2680
 2702
 2724
 2752
 2772
 2790
 2804
 2816
 2826
 2836
 2850
 2862
 2874
 2884
 2892
 2898
 2898
 2900
 2904
 2906
 2906
 2904
 2900
 2896
 2894
 2898
 2896
 2892
 2888
 2876
 2864
 2844
 2826
 2808
 2784
 2758
 2732
 2700
 2666
 2630
 2594
 2556
 2518
 2476
 2432
 2390
 2348
 2310
 2270
 2224
 2178
 2128
 2082
 2034
 1988
 1948
 1908
 1872
 1840
 1810
 1792
 1780
 1774
 1778
 1786
 1800
 1820
 1842
 1870
 1898
 1932
 1966
 1996
 2028
 2058
 2092
 2124
 2158
 2192
 2228
 2260
 2296
 2330
 2362
 2396
 2430
 2464
 2498
 2528
 2560
 2588
 2618
 2644
 2678
 2712
 2740
 2762
 2782
 2798
 2814
 2826
 2844
 2860
 2872
 2882
 2890
 2890
 2892
 2896
 2902
 2904
 2906
 2910
 2912
 2910
 2908
 2902
 2900
 2906
 2908
 2908
 2904
 2896
 2888
 2874
 2860
 2840
 2812
 2782
 2748
 2714
 2678
 2640
 2602
 2560
 2518
 2474
 2430
 2382
 2332
 2284
 2236
 2194
 2146
 2098
 2048
 1996
 1948
 1902
 1860
 1822
 1786
 1752
 1726
 1704
 1690
 1688
 1690
 1700
 1714
 1734
 1756
 1786
 1820
 1856
 1892
 1930
 1970
 2008
 2052
 2094
 2136
 2182
 2226
 2272
 2314
 2358
 2402
 2444
 2486
 2526
 2564
 2602
 2632
 2660
 2686
 2718
 2750
 2774
 2792
 2808
 2820
 2830
 2842
 2856
 2868
 2878
 2886
 2894
 2898
 2902
 2904
 2902
 2902
 2904
 2902
 2898
 2896
 2902
 2906
 2908
 2906
 2900
 2898
 2892
 2886
 2880
 2870
 2854
 2836
 2812
 2780
 2750
 2718
 2684
 2650
 2610
 2570
 2528
 2486
 2446
 2400
 2350
 2300
 2248
 2194
 2140
 2092
 2046
 2000
 1956
 1918
 1886
 1860
 1848
 1846
 1860
 1880
 1910
 1946
 1988
 2040
 2088
 2132
 2174
 2216
 2258
 2296
 2336
 2376
 2416
 2452
 2486
 2516
 2546
 2572
 2596
 2622
 2646
 2668
 2690
 2714
 2742
 2762
 2778
 2788
 2802
 2814
 2822
 2836
 2848
 2858
 2868
 2874
 2880
 2888
 2888
 2886
 2882
 2882
 2880
 2880
 2884
 2888
 2892
 2896
 2894
 2894
 2894
 2892
 2896
 2894
 2892
 2892
 2890
 2890
 2886
 2884
 2878
 2876
 2876
 2870
 2872
 2874
 2868
 2850
 2822
 2780
 2736
 2688
 2642
 2594
 2542
 2486
 2430
 2372
 2316
 2260
 2206
 2146
 2096
 2046
 2004
 1964
 1930
 1904
 1890
 1886
 1886
 1894
 1904
 1914
 1928
 1944
 1962
 1984
 2012
 2044
 2080
 2118
 2164
 2220
 2286
 2350
 2412
 2472
 2528
 2580
 2628
 2672
 2716
 2754
 2784
 2810
 2832
 2852
 2872
 2890
 2904
 2916
 2922
 2918
 2912
 2910
 2902
 2876
 2832
 2778
 2716
 2652
 2582
 2514
 2438
 2356
 2272
 2190
 2110
 2036
 1968
 1904
 1846
 1790
 1742
 1708
 1690
 1690
 1736
 1834
 1954
 2080
 2206
 2328
 2440
 2540
 2630
 2714
 2792
 2862
 2924
 2974
 3014
 3036
 3044
 3044
 3034
 3014
 2974
 2918
 2848
 2770
 2688
 2604
 2522
 2446
 2368
 2290
 2214
 2140
 2066
 2000
 1938
 1882
 1826
 1778
 1742
 1716
 1702
 1694
 1698
 1708
 1726
 1754
 1776
 1792
 1788
 1778
 1770
 1770
 1774
 1784
 1802
 1818
 1834
 1852
 1868
 1890
 1906
 1918
 1926
 1930
 1934
 1944
 1964
 1992
 2020
 2056
 2100
 2148
 2196
 2250
 2300
 2352
 2404
 2456
 2516
 2566
 2614
 2654
 2692
 2724
 2754
 2782
 2808
 2832
 2854
 2872
 2892
 2906
 2922
 2934
 2940
 2938
 2942
 2952
 2956
 2960
 2958
 2956
 2954
 2952
 2946
 2932
 2904
 2870
 2828
 2780
 2726
 2672
 2620
 2562
 2504
 2454
 2402
 2354
 2300
 2244
 2188
 2130
 2074
 2018
 1966
 1916
 1866
 1820
 1778
 1740
 1708
 1682
 1666
 1656
 1654
 1668
 1688
 1718
 1752
 1790
 1828
 1868
 1908
 1942
 1980
 2020
 2058
 2096
 2134
 2170
 2210
 2252
 2296
 2340
 2388
 2438
 2482
 2526
 2566
 2612
 2646
 2668
 2686
 2702
 2716
 2728
 2746
 2764
 2778
 2792
 2810
 2824
 2840
 2854
 2868
 2882
 2896
 2908
 2918
 2926
 2926
 2922
 2926
 2936
 2942
 2946
 2946
 2946
 2948
 2948
 2950
 2954
 2952
 2946
 2926
 2894
 2860
 2816
 2770
 2722
 2674
 2622
 2566
 2512
 2452
 2392
 2334
 2280
 2224
 2166
 2108
 2050
 1994
 1946
 1900
 1864
 1832
 1804
 1782
 1768
 1764
 1766
 1776
 1794
 1818
 1852
 1892
 1934
 1980
 2030
 2092
 2154
 2208
 2260
 2306
 2356
 2400
 2440
 2484
 2524
 2562
 2596
 2630
 2660
 2686
 2714
 2740
 2762
 2784
 2804
 2820
 2828
 2838
 2848
 2866
 2882
 2894
 2902
 2908
 2914
 2914
 2916
 2924
 2928
 2932
 2932
 2930
 2932
 2934
 2936
 2936
 2936
 2934
 2930
 2922
 2908
 2890
 2874
 2850
 2816
 2774
 2728
 2678
 2626
 2574
 2520
 2464
 2404
 2342
 2280
 2220
 2162
 2110
 2060
 2018
 1978
 1946
 1926
 1916
 1916
 1928
 1952
 1988
 2030
 2078
 2126
 2176
 2228
 2274
 2322
 2366
 2410
 2452
 2490
 2530
 2570
 2606
 2638
 2666
 2694
 2722
 2748
 2764
 2774
 2780
 2786
 2788
 2788
 2792
 2794
 2800
 2812
 2824
 2836
 2850
 2864
 2878
 2894
 2906
 2912
 2912
 2914
 2924
 2932
 2936
 2934
 2932
 2932
 2932
 2934
 2936
 2934
 2928
 2916
 2894
 2866
 2830
 2790
 2746
 2700
 2650
 2594
 2538
 2484
 2428
 2368
 2308
 2246
 2182
 2124
 2062
 2006
 1950
 1896
 1844
 1796
 1758
 1724
 1698
 1676
 1666
 1658
 1658
 1662
 1676
 1692
 1704
 1716
 1728
 1738
 1750
 1758
 1774
 1788
 1804
 1830
 1874
 1938
 2016
 2100
 2184
 2256
 2318
 2364
 2414
 2468
 2526
 2574
 2610
 2640
 2664
 2686
 2702
 2720
 2740
 2756
 2770
 2786
 2798
 2812
 2828
 2844
 2858
 2872
 2882
 2880
 2878
 2880
 2888
 2898
 2902
 2906
 2908
 2912
 2914
 2916
 2924
 2928
 2932
 2934
 2930
 2930
 2930
 2928
 2928
 2928
 2926
 2922
 2914
 2898
 2874
 2852
 2832
 2804
 2772
 2738
 2702
 2660
 2616
 2570
 2524
 2474
 2424
 2368
 2314
 2262
 2208
 2158
 2112
 2074
 2042
 2022
 2008
 1998
 1982
 1964
 1932
 1892
 1846
 1800
 1760
 1730
 1712
 1710
 1720
 1746
 1780
 1818
 1862
 1912
 1964
 2020
 2076
 2124
 2178
 2232
 2290
 2346
 2394
 2438
 2480
 2522
 2560
 2596
 2634
 2668
 2694
 2714
 2730
 2736
 2744
 2748
 2754
 2766
 2776
 2784
 2796
 2808
 2830
 2848
 2866
 2882
 2896
 2910
 2918
 2924
 2932
 2936
 2938
 2934
 2920
 2902
 2890
 2880
 2876
 2872
 2866
 2864
 2872
 2882
 2886
 2890
 2892
 2894
 2894
 2886
 2886
 2882
 2880
 2878
 2876
 2874
 2878
 2886
 2890
 2888
 2888
 2884
 2890
 2896
 2896
 2898
 2898
 2898
 2898
 2894
 2898
 2898
 2900
 2898
 2898
 2894
 2892
 2886
 2872
 2850
 2822
 2792
 2752
 2708
 2658
 2604
 2550
 2494
 2438
 2382
 2320
 2260
 2200
 2142
 2086
 2040
 2002
 1966
 1936
 1920
 1908
 1904
 1904
 1906
 1914
 1926
 1942
 1964
 1996
 2034
 2076
 2118
 2160
 2202
 2250
 2296
 2344
 2392
 2436
 2480
 2522
 2570
 2612
 2646
 2674
 2698
 2720
 2738
 2756
 2778
 2796
 2810
 2818
 2816
 2812
 2820
 2838
 2860
 2882
 2900
 2914
 2928
 2948
 2986
 3028
 3062
 3086
 3102
 3112
 3122
 3132
 3148
 3164
 3174
 3170
 3144
 3086
 3010
 2926
 2832
 2734
 2636
 2538
 2442
 2350
 2266
 2186
 2112
 2042
 1978
 1922
 1870
 1826
 1790
 1758
 1730
 1708
 1690
 1678
 1674
 1676
 1684
 1700
 1722
 1760
 1806
 1868
 1930
 1994
 2064
 2134
 2202
 2264
 2324
 2384
 2444
 2494
 2542
 2586
 2630
 2670
 2710
 2742
 2774
 2798
 2814
 2830
 2846
 2868
 2890
 2910
 2922
 2930
 2934
 2930
 2928
 2930
 2926
 2916
 2896
 2862
 2822
 2772
 2718
 2660
 2606
 2548
 2490
 2434
 2380
 2328
 2272
 2214
 2160
 2104
 2050
 2000
 1956
 1916
 1880
 1854
 1832
 1822
 1818
 1822
 1836
 1858
 1880
 1912
 1954
 2000
 2056
 2110
 2156
 2202
 2246
 2288
 2328
 2368
 2412
 2456
 2496
 2532
 2568
 2602
 2632
 2660
 2686
 2708
 2730
 2748
 2760
 2772
 2782
 2800
 2816
 2826
 2834
 2840
 2844
 2846
 2848
 2858
 2864
 2872
 2878
 2884
 2886
 2886
 2882
 2884
 2890
 2894
 2898
 2900
 2898
 2896
 2898
 2906
 2908
 2908
 2906
 2908
 2906
 2904
 2904
 2904
 2898
 2886
 2868
 2848
 2824
 2802
 2776
 2760
 2746
 2734
 2718
 2696
 2678
 2658
 2642
 2626
 2608
 2586
 2560
 2532
 2502
 2466
 2432
 2396
 2358
 2328
 2298
 2278
 2268
 2264
 2266
 2266
 2266
 2272
 2284
 2304
 2340
 2384
 2424
 2464
 2502
 2538
 2572
 2604
 2638
 2668
 2698
 2726
 2750
 2774
 2798
 2818
 2842
 2862
 2882
 2898
 2908
 2908
 2910
 2922
 2936
 2946
 2952
 2954
 2954
 2952
 2954
 2964
 2976
 2986
 2994
 2994
 2992
 2986
 2982
 2970
 2954
 2924
 2884
 2838
 2788
 2742
 2686
 2628
 2568
 2506
 2444
 2386
 2326
 2270
 2210
 2152
 2094
 2038
 1988
 1942
 1894
 1852
 1814
 1776
 1738
 1704
 1676
 1652
 1632
 1620
 1616
 1626
 1640
 1658
 1686
 1714
 1746
 1780
 1810
 1836
 1858
 1874
 1888
 1898
 1896
 1892
 1884
 1860
 1828
 1792
 1754
 1716
 1696
 1692
 1706
 1736
 1778
 1826
 1876
 1932
 1994
 2054
 2118
 2188
 2252
 2316
 2384
 2438
 2490
 2536
 2582
 2632
 2676
 2710
 2742
 2766
 2790
 2810
 2832
 2852
 2866
 2880
 2888
 2896
 2904
 2912
 2908
 2908
 2908
 2902
 2896
 2878
 2850
 2816
 2780
 2740
 2696
 2646
 2586
 2528
 2466
 2404
 2344
 2282
 2216
 2150
 2084
 2018
 1958
 1902
 1852
 1806
 1768
 1738
 1720
 1708
 1706
 1714
 1730
 1758
 1796
 1850
 1912
 1982
 2056
 2130
 2198
 2270
 2336
 2398
 2458
 2514
 2566
 2612
 2652
 2690
 2724
 2754
 2782
 2806
 2820
 2836
 2846
 2862
 2878
 2890
 2894
 2896
 2898
 2900
 2902
 2904
 2906
 2906
 2908
 2906
 2906
 2904
 2904
 2904
 2904
 2902
 2900
 2898
 2896
 2890
 2880
 2872
 2870
 2858
 2836
 2808
 2776
 2738
 2696
 2658
 2616
 2570
 2522
 2470
 2412
 2356
 2298
 2236
 2176
 2116
 2060
 2006
 1952
 1906
 1868
 1836
 1812
 1792
 1782
 1784
 1802
 1828
 1864
 1906
 1956
 2008
 2064
 2116
 2172
 2224
 2286
 2344
 2400
 2452
 2498
 2542
 2580
 2622
 2662
 2696
 2728
 2752
 2774
 2792
 2806
 2824
 2838
 2850
 2860
 2868
 2874
 2880
 2888
 2892
 2896
 2892
 2890
 2886
 2884
 2882
 2884
 2886
 2888
 2890
 2890
 2890
 2888
 2890
 2894
 2894
 2892
 2888
 2884
 2878
 2870
 2856
 2836
 2810
 2780
 2744
 2702
 2668
 2642
 2632
 2632
 2636
 2642
 2646
 2648
 2648
 2642
 2634
 2622
 2602
 2576
 2548
 2514
 2478
 2438
 2394
 2338
 2278
 2222
 2164
 2100
 2018
 1934
 1868
 1824
 1798
 1796
 1820
 1858
 1900
 1940
 1980
 2024
 2074
 2142
 2214
 2284
 2354
 2416
 2470
 2522
 2566
 2600
 2632
 2654
 2668
 2678
 2684
 2692
 2692
 2690
 2690
 2694
 2694
 2692
 2688
 2680
 2668
 2660
 2660
 2660
 2658
 2656
 2650
 2646
 2642
 2644
 2646
 2648
 2650
 2654
 2660
 2666
 2672
 2672
 2674
 2678
 2690
 2694
 2698
 2696
 2690
 2680
 2654
 2622
 2584
 2538
 2488
 2436
 2380
 2324
 2268
 2210
 2154
 2100
 2042
 1976
 1908
 1836
 1764
 1696
 1632
 1572
 1516
 1468
 1428
 1402
 1394
 1402
 1422
 1456
 1502
 1560
 1622
 1680
 1738
 1798
 1854
 1908
 1962
 2024
 2086
 2148
 2206
 2260
 2318
 2376
 2428
 2478
 2522
 2556
 2588
 2618
 2652
 2680
 2702
 2720
 2734
 2746
 2756
 2768
 2782
 2792
 2800
 2806
 2812
 2816
 2820
 2826
 2828
 2832
 2832
 2830
 2826
 2826
 2834
 2834
 2832
 2828
 2814
 2798
 2780
 2758
 2732
 2694
 2650
 2598
 2542
 2480
 2418
 2358
 2292
 2226
 2162
 2092
 2024
 1960
 1898
 1836
 1774
 1714
 1660
 1614
 1574
 1544
 1526
 1520
 1524
 1536
 1550
 1574
 1604
 1638
 1672
 1710
 1748
 1788
 1826
 1864
 1908
 1954
 1994
 2038
 2078
 2118
 2158
 2196
 2236
 2274
 2310
 2342
 2376
 2408
 2442
 2474
 2500
 2526
 2554
 2578
 2600
 2620
 2636
 2652
 2676
 2704
 2724
 2742
 2758
 2770
 2782
 2794
 2810
 2826
 2838
 2846
 2854
 2860
 2864
 2870
 2872
 2874
 2874
 2870
 2866
 2860
 2854
 2842
 2838
 2822
 2798
 2768
 2734
 2694
 2648
 2600
 2550
 2496
 2438
 2380
 2320
 2264
 2206
 2150
 2092
 2032
 1974
 1910
 1852
 1796
 1744
 1690
 1646
 1608
 1580
 1564
 1562
 1572
 1592
 1614
 1642
 1678
 1718
 1762
 1812
 1864
 1922
 1980
 2036
 2096
 2156
 2226
 2294
 2354
 2410
 2460
 2506
 2548
 2586
 2628
 2662
 2690
 2718
 2742
 2764
 2784
 2802
 2816
 2826
 2832
 2836
 2842
 2860
 2870
 2878
 2882
 2884
 2880
 2878
 2880
 2874
 2868
 2872
 2890
 2916
 2936
 2948
 2950
 2946
 2938
 2928
 2908
 2884
 2852
 2802
 2740
 2672
 2604
 2534
 2460
 2390
 2316
 2244
 2170
 2096
 2026
 1960
 1896
 1838
 1780
 1724
 1676
 1632
 1598
 1564
 1538
 1520
 1514
 1518
 1526
 1546
 1572
 1604
 1638
 1674
 1712
 1752
 1798
 1846
 1896
 1942
 1986
 2036
 2082
 2142
 2200
 2256
 2308
 2356
 2398
 2436
 2474
 2514
 2550
 2586
 2618
 2648
 2676
 2704
 2730
 2754
 2774
 2794
 2812
 2820
 2828
 2832
 2848
 2860
 2870
 2876
 2878
 2874
 2870
 2870
 2872
 2868
 2858
 2840
 2816
 2788
 2752
 2714
 2672
 2628
 2580
 2532
 2482
 2424
 2374
 2322
 2276
 2228
 2176
 2128
 2080
 2038
 2002
 1974
 1956
 1944
 1944
 1948
 1960
 1980
 2006
 2038
 2080
 2124
 2168
 2210
 2248
 2286
 2320
 2358
 2402
 2440
 2476
 2510
 2540
 2568
 2594
 2624
 2654
 2680
 2704
 2728
 2746
 2764
 2782
 2798
 2812
 2824
 2832
 2840
 2846
 2850
 2852
 2852
 2860
 2872
 2882
 2884
 2882
 2882
 2882
 2884
 2888
 2892
 2894
 2894
 2890
 2884
 2876
 2866
 2852
 2830
 2798
 2760
 2720
 2670
 2616
 2566
 2516
 2466
 2410
 2346
 2278
 2206
 2134
 2064
 2006
 1952
 1904
 1858
 1820
 1792
 1768
 1760
 1758
 1770
 1794
 1824
 1862
 1910
 1962
 2026
 2088
 2150
 2210
 2264
 2316
 2364
 2410
 2456
 2498
 2538
 2576
 2610
 2644
 2674
 2706
 2734
 2760
 2778
 2792
 2804
 2818
 2836
 2852
 2866
 2874
 2882
 2888
 2892
 2900
 2906
 2902
 2902
 2900
 2898
 2894
 2892
 2890
 2888
 2884
 2866
 2844
 2814
 2782
 2736
 2680
 2620
 2558
 2488
 2416
 2344
 2274
 2198
 2122
 2048
 1972
 1902
 1836
 1772
 1712
 1658
 1608
 1566
 1534
 1510
 1492
 1484
 1480
 1482
 1498
 1524
 1570
 1622
 1676
 1728
 1780
 1834
 1888
 1942
 1996
 2054
 2110
 2162
 2210
 2262
 2322
 2372
 2418
 2462
 2504
 2542
 2572
 2606
 2640
 2668
 2692
 2714
 2736
 2754
 2770
 2782
 2796
 2806
 2814
 2818
 2824
 2840
 2852
 2864
 2870
 2876
 2878
 2878
 2884
 2888
 2888
 2878
 2862
 2842
 2816
 2790
 2758
 2720
 2682
 2632
 2576
 2518
 2460
 2404
 2342
 2274
 2206
 2130
 2054
 1976
 1910
 1848
 1790
 1742
 1704
 1678
 1674
 1688
 1722
 1764
 1812
 1858
 1902
 1952
 2006
 2068
 2126
 2180
 2230
 2276
 2324
 2372
 2422
 2474
 2520
 2560
 2598
 2632
 2662
 2692
 2720
 2746
 2768
 2788
 2800
 2810
 2818
 2828
 2848
 2862
 2874
 2878
 2886
 2890
 2894
 2902
 2906
 2908
 2908
 2902
 2892
 2866
 2836
 2804
 2772
 2732
 2688
 2634
 2578
 2520
 2470
 2416
 2356
 2292
 2224
 2152
 2082
 2006
 1940
 1868
 1802
 1744
 1690
 1644
 1616
 1598
 1596
 1608
 1628
 1658
 1700
 1756
 1830
 1910
 1994
 2078
 2160
 2234
 2300
 2364
 2430
 2492
 2550
 2600
 2646
 2684
 2720
 2754
 2782
 2806
 2822
 2836
 2846
 2856
 2876
 2892
 2898
 2902
 2906
 2908
 2912
 2918
 2926
 2930
 2936
 2938
 2938
 2940
 2942
 2944
 2944
 2940
 2936
 2930
 2922
 2924
 2932
 2936
 2940
 2936
 2926
 2908
 2880
 2848
 2806
 2754
 2692
 2628
 2560
 2490
 2422
 2348
 2276
 2204
 2126
 2052
 1982
 1912
 1838
 1762
 1684
 1608
 1540
 1476
 1414
 1364
 1322
 1286
 1258
 1244
 1242
 1260
 1290
 1332
 1380
 1438
 1502
 1572
 1652
 1726
 1800
 1876
 1948
 2022
 2090
 2158
 2228
 2298
 2360
 2422
 2478
 2534
 2586
 2632
 2676
 2712
 2744
 2768
 2786
 2814
 2838
 2860
 2878
 2888
 2898
 2906
 2910
 2920
 2930
 2934
 2936
 2934
 2930
 2928
 2924
 2914
 2898
 2870
 2836
 2796
 2758
 2720
 2672
 2620
 2564
 2508
 2452
 2392
 2340
 2284
 2222
 2158
 2094
 2026
 1960
 1896
 1834
 1776
 1720
 1664
 1620
 1582
 1552
 1528
 1508
 1500
 1504
 1522
 1550
 1584
 1634
 1692
 1752
 1816
 1878
 1946
 2016
 2092
 2166
 2240
 2308
 2374
 2436
 2492
 2558
 2614
 2662
 2702
 2738
 2766
 2792
 2820
 2848
 2872
 2888
 2902
 2910
 2916
 2924
 2932
 2938
 2944
 2946
 2946
 2944
 2942
 2946
 2950
 2952
 2954
 2954
 2952
 2950
 2954
 2958
 2956
 2950
 2938
 2918
 2896
 2866
 2828
 2782
 2736
 2682
 2620
 2562
 2502
 2448
 2386
 2324
 2258
 2192
 2124
 2052
 1986
 1920
 1850
 1782
 1716
 1652
 1600
 1554
 1514
 1486
 1468
 1468
 1482
 1508
 1550
 1600
 1654
 1712
 1770
 1832
 1892
 1952
 2022
 2086
 2152
 2216
 2280
 2346
 2408
 2466
 2522
 2574
 2618
 2656
 2690
 2718
 2760
 2788
 2812
 2832
 2846
 2862
 2874
 2890
 2906
 2916
 2920
 2922
 2926
 2930
 2934
 2936
 2940
 2940
 2940
 2940
 2936
 2928
 2928
 2934
 2936
 2930
 2922
 2908
 2890
 2866
 2836
 2800
 2754
 2702
 2648
 2590
 2532
 2474
 2416
 2356
 2296
 2236
 2172
 2108
 2050
 1992
 1934
 1870
 1804
 1738
 1670
 1610
 1554
 1504
 1462
 1428
 1402
 1388
 1384
 1394
 1422
 1460
 1506
 1564
 1624
 1692
 1768
 1844
 1928
 2008
 2086
 2158
 2224
 2286
 2346
 2406
 2466
 2520
 2572
 2618
 2660
 2696
 2734
 2764
 2794
 2820
 2844
 2862
 2874
 2882
 2882
 2894
 2904
 2914
 2922
 2924
 2928
 2930
 2936
 2946
 2948
 2950
 2952
 2954
 2954
 2956
 2956
 2958
 2958
 2958
 2954
 2952
 2946
 2948
 2954
 2952
 2950
 2944
 2930
 2912
 2884
 2856
 2822
 2782
 2742
 2698
 2652
 2606
 2558
 2510
 2464
 2412
 2356
 2302
 2248
 2198
 2146
 2086
 2026
 1964
 1904
 1844
 1784
 1728
 1672
 1618
 1568
 1520
 1478
 1442
 1418
 1404
 1398
 1400
 1414
 1444
 1486
 1540
 1596
 1660
 1728
 1800
 1874
 1942
 2018
 2094
 2166
 2236
 2304
 2370
 2434
 2496
 2552
 2604
 2648
 2684
 2714
 2744
 2778
 2806
 2832
 2850
 2864
 2878
 2886
 2892
 2900
 2906
 2914
 2920
 2924
 2930
 2934
 2940
 2944
 2944
 2942
 2938
 2934
 2930
 2930
 2920
 2904
 2878
 2840
 2794
 2744
 2688
 2634
 2572
 2512
 2448
 2386
 2324
 2262
 2198
 2138
 2078
 2016
 1952
 1894
 1838
 1782
 1722
 1662
 1604
 1548
 1498
 1454
 1422
 1406
 1402
 1412
 1430
 1462
 1506
 1554
 1610
 1666
 1726
 1788
 1854
 1922
 1998
 2074
 2144
 2210
 2270
 2326
 2376
 2424
 2470
 2514
 2550
 2586
 2622
 2652
 2688
 2722
 2756
 2788
 2816
 2836
 2852
 2864
 2884
 2906
 2924
 2936
 2944
 2944
 2948
 2950
 2956
 2964
 2970
 2974
 2978
 2982
 2984
 2982
 2980
 2980
 2976
 2964
 2950
 2938
 2936
 2940
 2942
 2944
 2946
 2946
 2948
 2948
 2948
 2946
 2942
 2940
 2936
 2934
 2930
 2926
 2912
 2884
 2840
 2790
 2738
 2690
 2634
 2576
 2514
 2450
 2386
 2318
 2252
 2188
 2118
 2050
 1984
 1920
 1862
 1810
 1762
 1722
 1694
 1676
 1666
 1662
 1668
 1686
 1714
 1752
 1798
 1856
 1918
 1980
 2040
 2098
 2154
 2210
 2262
 2314
 2362
 2406
 2456
 2508
 2560
 2604
 2644
 2680
 2714
 2744
 2770
 2800
 2830
 2856
 2876
 2898
 2912
 2922
 2932
 2940
 2948
 2954
 2958
 2958
 2956
 2958
 2968
 2974
 2978
 2980
 2982
 2984
 2978
 2978
 2976
 2970
 2956
 2934
 2908
 2876
 2842
 2802
 2752
 2700
 2644
 2584
 2528
 2474
 2420
 2358
 2292
 2226
 2160
 2096
 2034
 1970
 1912
 1858
 1810
 1766
 1726
 1692
 1670
 1658
 1658
 1672
 1700
 1736
 1788
 1844
 1916
 1984
 2048
 2112
 2174
 2234
 2288
 2342
 2400
 2454
 2506
 2552
 2598
 2638
 2676
 2710
 2744
 2778
 2806
 2828
 2846
 2860
 2882
 2906
 2922
 2934
 2944
 2944
 2946
 2946
 2952
 2958
 2964
 2966
 2970
 2972
 2972
 2968
 2964
 2958
 2946
 2922
 2890
 2852
 2810
 2770
 2720
 2666
 2608
 2548
 2488
 2426
 2366
 2310
 2252
 2196
 2140
 2086
 2034
 1982
 1934
 1886
 1840
 1792
 1746
 1706
 1666
 1628
 1586
 1546
 1510
 1486
 1474
 1474
 1494
 1522
 1560
 1612
 1666
 1724
 1786
 1854
 1924
 1996
 2064
 2134
 2202
 2276
 2352
 2418
 2476
 2532
 2582
 2628
 2668
 2708
 2742
 2776
 2802
 2828
 2848
 2868
 2886
 2902
 2918
 2930
 2936
 2936
 2936
 2944
 2954
 2960
 2960
 2960
 2960
 2960
 2962
 2968
 2972
 2974
 2976
 2976
 2972
 2968
 2968
 2966
 2964
 2960
 2954
 2948
 2942
 2940
 2930
 2912
 2884
 2848
 2808
 2758
 2710
 2662
 2608
 2552
 2500
 2444
 2390
 2332
 2276
 2218
 2160
 2108
 2054
 2006
 1960
 1918
 1878
 1836
 1796
 1764
 1736
 1712
 1692
 1682
 1682
 1688
 1702
 1724
 1752
 1798
 1850
 1912
 1976
 2040
 2102
 2164
 2226
 2294
 2356
 2414
 2466
 2512
 2556
 2594
 2630
 2668
 2702
 2732
 2758
 2782
 2802
 2822
 2840
 2856
 2870
 2884
 2892
 2898
 2900
 2902
 2912
 2916
 2922
 2924
 2920
 2918
 2918
 2922
 2928
 2930
 2932
 2932
 2934
 2934
 2932
 2932
 2932
 2930
 2926
 2914
 2902
 2886
 2876
 2862
 2838
 2808
 2768
 2726
 2682
 2638
 2596
 2548
 2498
 2446
 2394
 2342
 2290
 2236
 2184
 2130
 2078
 2026
 1970
 1920
 1872
 1824
 1774
 1726
 1680
 1640
 1610
 1588
 1580
 1584
 1604
 1632
 1666
 1706
 1748
 1796
 1846
 1902
 1962
 2022
 2082
 2144
 2202
 2268
 2336
 2396
 2452
 2500
 2544
 2584
 2620
 2656
 2692
 2720
 2746
 2770
 2792
 2810
 2826
 2842
 2858
 2870
 2880
 2886
 2890
 2884
 2882
 2886
 2892
 2896
 2894
 2892
 2892
 2892
 2894
 2898
 2902
 2904
 2904
 2904
 2902
 2900
 2900
 2900
 2898
 2894
 2886
 2874
 2858
 2840
 2820
 2796
 2762
 2722
 2678
 2632
 2582
 2536
 2488
 2434
 2382
 2330
 2276
 2222
 2170
 2118
 2068
 2018
 1970
 1920
 1872
 1830
 1790
 1754
 1718
 1688
 1664
 1648
 1644
 1648
 1670
 1698
 1732
 1772
 1816
 1864
 1916
 1970
 2026
 2084
 2146
 2202
 2258
 2314
 2374
 2440
 2494
 2542
 2584
 2622
 2656
 2686
 2718
 2744
 2768
 2788
 2806
 2820
 2836
 2850
 2864
 2876
 2886
 2892
 2896
 2892
 2888
 2894
 2902
 2906
 2908
 2908
 2908
 2910
 2912
 2914
 2916
 2918
 2920
 2916
 2918
 2916
 2918
 2918
 2918
 2914
 2910
 2904
 2900
 2898
 2900
 2900
 2902
 2898
 2894
 2886
 2878
 2868
 2856
 2836
 2810
 2782
 2746
 2710
 2672
 2634
 2592
 2550
 2506
 2458
 2414
 2370
 2328
 2282
 2232
 2178
 2124
 2070
 2016
 1968
 1922
 1876
 1834
 1792
 1752
 1720
 1696
 1682
 1678
 1690
 1716
 1750
 1796
 1848
 1906
 1968
 2024
 2082
 2138
 2192
 2246
 2298
 2352
 2404
 2454
 2504
 2550
 2592
 2630
 2666
 2702
 2732
 2758
 2776
 2792
 2806
 2824
 2842
 2856
 2868
 2876
 2882
 2888
 2894
 2902
 2904
 2908
 2910
 2910
 2910
 2910
 2912
 2914
 2916
 2918
 2912
 2908
 2902
 2898
 2902
 2906
 2908
 2910
 2906
 2904
 2898
 2890
 2884
 2876
 2860
 2838
 2812
 2782
 2752
 2716
 2680
 2640
 2596
 2550
 2500
 2450
 2400
 2354
 2302
 2244
 2188
 2130
 2070
 2014
 1960
 1908
 1856
 1808
 1762
 1722
 1688
 1668
 1658
 1664
 1684
 1720
 1762
 1814
 1874
 1946
 2018
 2090
 2158
 2222
 2282
 2340
 2394
 2448
 2498
 2544
 2586
 2622
 2652
 2684
 2712
 2740
 2764
 2782
 2794
 2802
 2816
 2832
 2842
 2850
 2856
 2862
 2868
 2872
 2880
 2888
 2886
 2888
 2890
 2890
 2890
 2888
 2886
 2884
 2880
 2872
 2858
 2846
 2830
 2808
 2778
 2746
 2708
 2666
 2618
 2574
 2530
 2480
 2428
 2376
 2320
 2268
 2216
 2162
 2112
 2062
 2008
 1962
 1916
 1872
 1828
 1782
 1738
 1698
 1666
 1638
 1622
 1618
 1620
 1636
 1662
 1696
 1738
 1786
 1842
 1900
 1958
 2012
 2070
 2134
 2206
 2274
 2338
 2394
 2446
 2492
 2534
 2578
 2618
 2654
 2686
 2716
 2740
 2764
 2786
 2806
 2826
 2844
 2854
 2862
 2868
 2876
 2892
 2902
 2912
 2916
 2912
 2910
 2908
 2910
 2912
 2910
 2904
 2890
 2872
 2850
 2818
 2788
 2752
 2712
 2668
 2626
 2582
 2538
 2498
 2452
 2404
 2356
 2304
 2256
 2206
 2162
 2118
 2074
 2032
 1996
 1958
 1926
 1900
 1886
 1884
 1892
 1916
 1944
 1986
 2030
 2086
 2146
 2198
 2252
 2302
 2356
 2404
 2450
 2498
 2542
 2586
 2626
 2662
 2694
 2724
 2754
 2780
 2804
 2824
 2840
 2854
 2862
 2870
 2884
 2898
 2900
 2906
 2906
 2908
 2910
 2908
 2912
 2914
 2914
 2916
 2910
 2908
 2906
 2906
 2906
 2904
 2900
 2892
 2880
 2862
 2842
 2816
 2780
 2738
 2690
 2640
 2588
 2534
 2482
 2426
 2372
 2316
 2260
 2206
 2154
 2108
 2066
 2028
 1994
 1964
 1940
 1922
 1912
 1900
 1892
 1888
 1888
 1894
 1908
 1924
 1950
 1976
 2000
 2028
 2058
 2092
 2146
 2224
 2330
 2440
 2548
 2646
 2734
 2822
 2904
 2966
 3020
 3062
 3090
 3108
 3122
 3138
 3150
 3160
 3162
 3158
 3152
 3146
 3140
 3134
 3128
 3124
 3118
 3106
 3088
 3062
 3020
 2962
 2896
 2824
 2748
 2676
 2610
 2550
 2488
 2426
 2364
 2304
 2244
 2188
 2134
 2082
 2036
 1990
 1950
 1916
 1886
 1860
 1832
 1810
 1794
 1782
 1780
 1782
 1800
 1822
 1848
 1878
 1910
 1942
 1982
 2024
 2068
 2118
 2166
 2214
 2258
 2310
 2362
 2410
 2458
 2500
 2540
 2578
 2614
 2648
 2684
 2714
 2742
 2766
 2788
 2810
 2826
 2842
 2856
 2870
 2878
 2882
 2884
 2892
 2896
 2898
 2902
 2900
 2902
 2896
 2892
 2894
 2890
 2880
 2862
 2838
 2810
 2776
 2738
 2698
 2654
 2608
 2558
 2506
 2458
 2412
 2364
 2308
 2252
 2194
 2138
 2082
 2026
 1974
 1926
 1880
 1836
 1796
 1762
 1734
 1714
 1702
 1698
 1702
 1720
 1744
 1774
 1808
 1842
 1880
 1918
 1958
 2000
 2038
 2082
 2130
 2178
 2224
 2270
 2318
 2364
 2412
 2462
 2512
 2564
 2608
 2646
 2682
 2712
 2750
 2780
 2804
 2824
 2838
 2852
 2862
 2872
 2884
 2892
 2894
 2894
 2896
 2898
 2902
 2904
 2912
 2916
 2916
 2918
 2914
 2922
 2928
 2934
 2938
 2940
 2942
 2944
 2948
 2954
 2954
 2954
 2950
 2938
 2918
 2900
 2890
 2880
 2874
 2870
 2870
 2876
 2886
 2892
 2902
 2904
 2906
 2906
 2904
 2904
 2904
 2902
 2900
 2894
 2880
 2856
 2828
 2790
 2746
 2702
 2662
 2622
 2574
 2522
 2468
 2414
 2356
 2296
 2240
 2184
 2124
 2066
 2010
 1956
 1906
 1862
 1822
 1790
 1766
 1760
 1768
 1788
 1822
 1874
 1934
 1998
 2060
 2120
 2178
 2232
 2286
 2340
 2392
 2444
 2492
 2536
 2576
 2618
 2662
 2698
 2734
 2762
 2784
 2806
 2824
 2842
 2860
 2874
 2886
 2896
 2898
 2902
 2906
 2912
 2912
 2908
 2898
 2900
 2916
 2934
 2950
 2966
 2980
 2992
 3002
 3012
 3016
 3018
 3016
 3006
 2986
 2956
 2918
 2870
 2818
 2758
 2698
 2640
 2582
 2528
 2466
 2406
 2340
 2274
 2212
 2152
 2100
 2050
 2006
 1966
 1932
 1904
 1886
 1874
 1868
 1870
 1880
 1898
 1922
 1952
 1988
 2022
 2058
 2092
 2130
 2166
 2202
 2240
 2276
 2312
 2350
 2386
 2420
 2456
 2494
 2532
 2574
 2612
 2648
 2680
 2706
 2738
 2772
 2798
 2822
 2838
 2852
 2864
 2876
 2888
 2896
 2902
 2908
 2916
 2920
 2924
 2928
 2932
 2936
 2940
 2942
 2942
 2940
 2936
 2934
 2936
 2938
 2938
 2938
 2936
 2930
 2920
 2910
 2894
 2876
 2844
 2810
 2774
 2736
 2696
 2660
 2620
 2578
 2536
 2492
 2444
 2398
 2352
 2304
 2256
 2202
 2146
 2090
 2034
 1986
 1938
 1898
 1860
 1830
 1804
 1782
 1772
 1770
 1780
 1798
 1826
 1858
 1894
 1934
 1978
 2028
 2078
 2118
 2156
 2188
 2222
 2256
 2288
 2320
 2352
 2382
 2412
 2438
 2464
 2492
 2522
 2554
 2586
 2620
 2652
 2676
 2700
 2722
 2756
 2788
 2816
 2842
 2860
 2876
 2890
 2896
 2906
 2914
 2918
 2924
 2922
 2924
 2926
 2928
 2930
 2932
 2930
 2928
 2924
 2918
 2916
 2920
 2924
 2928
 2932
 2928
 2922
 2902
 2878
 2842
 2798
 2746
 2692
 2634
 2574
 2516
 2456
 2396
 2338
 2278
 2224
 2172
 2122
 2072
 2022
 1976
 1932
 1898
 1868
 1842
 1828
 1816
 1808
 1804
 1806
 1814
 1828
 1846
 1868
 1900
 1936
 1974
 2018
 2070
 2122
 2172
 2214
 2254
 2288
 2322
 2354
 2386
 2418
 2446
 2474
 2506
 2534
 2564
 2594
 2622
 2652
 2680
 2700
 2720
 2738
 2758
 2782
 2800
 2814
 2828
 2838
 2850
 2858
 2872
 2882
 2884
 2888
 2888
 2890
 2892
 2890
 2888
 2878
 2864
 2836
 2808
 2774
 2742
 2708
 2666
 2626
 2578
 2530
 2480
 2428
 2382
 2330
 2276
 2224
 2172
 2118
 2070
 2026
 1984
 1948
 1916
 1890
 1866
 1852
 1842
 1838
 1840
 1844
 1856
 1874
 1902
 1932
 1964
 2004
 2044
 2088
 2134
 2180
 2228
 2278
 2330
 2380
 2430
 2478
 2522
 2566
 2598
 2630
 2658
 2690
 2724
 2750
 2774
 2790
 2804
 2818
 2830
 2844
 2858
 2868
 2880
 2890
 2898
 2904
 2910
 2910
 2910
 2912
 2914
 2916
 2912
 2910
 2908
 2902
 2900
 2898
 2902
 2906
 2912
 2910
 2906
 2902
 2896
 2890
 2886
 2874
 2862
 2850
 2836
 2822
 2812
 2798
 2782
 2760
 2734
 2700
 2658
 2614
 2564
 2508
 2456
 2404
 2354
 2300
 2248
 2194
 2142
 2096
 2052
 2012
 1980
 1946
 1918
 1900
 1890
 1892
 1908
 1930
 1958
 1992
 2032
 2072
 2114
 2158
 2206
 2268
 2324
 2376
 2426
 2470
 2514
 2554
 2590
 2626
 2660
 2692
 2718
 2744
 2764
 2782
 2800
 2816
 2832
 2844
 2854
 2860
 2866
 2866
 2872
 2884
 2886
 2890
 2890
 2892
 2892
 2892
 2898
 2904
 2908
 2908
 2908
 2904
 2904
 2902
 2904
 2902
 2900
 2896
 2886
 2876
 2862
 2850
 2828
 2802
 2770
 2728
 2684
 2636
 2588
 2540
 2484
 2430
 2374
 2314
 2250
 2192
 2134
 2082
 2028
 1974
 1926
 1884
 1846
 1812
 1778
 1748
 1722
 1704
 1698
 1702
 1724
 1752
 1784
 1820
 1864
 1916
 1970
 2028
 2086
 2144
 2194
 2234
 2276
 2322
 2374
 2428
 2476
 2520
 2560
 2596
 2628
 2662
 2696
 2720
 2744
 2766
 2784
 2798
 2814
 2826
 2838
 2846
 2850
 2854
 2856
 2866
 2878
 2886
 2888
 2892
 2888
 2886
 2886
 2890
 2894
 2892
 2892
 2890
 2888
 2882
 2870
 2854
 2832
 2806
 2770
 2732
 2690
 2648
 2608
 2560
 2506
 2450
 2394
 2342
 2292
 2248
 2210
 2174
 2142
 2114
 2088
 2068
 2056
 2052
 2054
 2062
 2078
 2094
 2120
 2150
 2188
 2230
 2274
 2316
 2360
 2404
 2446
 2488
 2530
 2570
 2608
 2644
 2678
 2708
 2738
 2768
 2800
 2830
 2854
 2876
 2888
 2892
 2892
 2892
 2898
 2900
 2900
 2898
 2896
 2894
 2888
 2882
 2870
 2846
 2816
 2776
 2732
 2682
 2626
 2570
 2512
 2458
 2400
 2340
 2280
 2222
 2168
 2114
 2058
 2002
 1950
 1896
 1854
 1816
 1782
 1762
 1744
 1732
 1724
 1724
 1734
 1758
 1794
 1832
 1874
 1918
 1952
 1988
 2024
 2062
 2100
 2126
 2150
 2168
 2192
 2222
 2254
 2290
 2322
 2348
 2368
 2382
 2394
 2404
 2410
 2408
 2394
 2370
 2346
 2328
 2320
 2324
 2330
 2340
 2350
 2360
 2366
 2372
 2378
 2382
 2386
 2388
 2390
 2394
 2406
 2430
 2458
 2492
 2522
 2556
 2590
 2634
 2680
 2718
 2750
 2778
 2802
 2824
 2844
 2866
 2886
 2902
 2916
 2928
 2938
 2940
 2942
 2942
 2942
 2942
 2950
 2958
 2962
 2964
 2966
 2962
 2960
 2966
 2968
 2972
 2972
 2970
 2970
 2966
 2960
 2944
 2920
 2886
 2846
 2802
 2760
 2712
 2656
 2598
 2538
 2484
 2432
 2388
 2350
 2314
 2282
 2256
 2236
 2228
 2228
 2238
 2256
 2280
 2306
 2336
 2370
 2412
 2462
 2508
 2550
 2590
 2626
 2662
 2694
 2728
 2758
 2784
 2808
 2830
 2850
 2870
 2886
 2904
 2916
 2928
 2930
 2930
 2930
 2926
 2934
 2942
 2950
 2954
 2956
 2958
 2956
 2958
 2962
 2966
 2968
 2968
 2968
 2966
 2966
 2964
 2956
 2948
 2940
 2926
 2904
 2876
 2842
 2806
 2776
 2740
 2700
 2652
 2600
 2548
 2494
 2438
 2386
 2332
 2278
 2226
 2174
 2124
 2080
 2040
 2004
 1976
 1954
 1938
 1934
 1938
 1954
 1974
 2006
 2042
 2080
 2126
 2174
 2220
 2264
 2318
 2394
 2472
 2552
 2626
 2692
 2754
 2806
 2852
 2894
 2930
 2956
 2978
 2990
 2998
 3000
 3000
 3010
 3014
 3018
 3020
 3020
 3020
 3020
 3026
 3032
 3034
 3032
 3028
 3018
 3006
 2980
 2946
 2900
 2846
 2786
 2714
 2644
 2574
 2506
 2434
 2358
 2282
 2208
 2134
 2060
 1988
 1920
 1848
 1778
 1714
 1654
 1600
 1554
 1514
 1484
 1460
 1438
 1424
 1416
 1412
 1412
 1420
 1434
 1462
 1500
 1552
 1608
 1676
 1742
 1812
 1886
 1960
 2034
 2112
 2186
 2264
 2334
 2398
 2458
 2512
 2574
 2632
 2678
 2718
 2752
 2780
 2806
 2826
 2850
 2870
 2886
 2904
 2914
 2924
 2932
 2936
 2942
 2944
 2944
 2938
 2922
 2904
 2884
 2850
 2812
 2764
 2710
 2650
 2584
 2520
 2448
 2374
 2300
 2226
 2154
 2086
 2024
 1964
 1910
 1858
 1808
 1766
 1728
 1694
 1658
 1630
 1604
 1580
 1564
 1554
 1560
 1574
 1594
 1622
 1652
 1692
 1736
 1790
 1842
 1894
 1950
 2002
 2052
 2104
 2160
 2226
 2288
 2344
 2400
 2452
 2504
 2552
 2598
 2642
 2682
 2720
 2756
 2784
 2810
 2832
 2852
 2868
 2884
 2898
 2908
 2912
 2914
 2914
 2920
 2930
 2932
 2934
 2934
 2932
 2932
 2932
 2934
 2940
 2942
 2944
 2940
 2938
 2936
 2936
 2936
 2934
 2934
 2930
 2924
 2912
 2890
 2860
 2828
 2796
 2758
 2712
 2664
 2610
 2556
 2500
 2446
 2396
 2340
 2286
 2232
 2180
 2126
 2076
 2024
 1976
 1932
 1890
 1850
 1812
 1780
 1756
 1738
 1726
 1718
 1720
 1734
 1760
 1794
 1836
 1882
 1940
 1998
 2058
 2120
 2178
 2238
 2296
 2350
 2406
 2456
 2506
 2550
 2588
 2620
 2648
 2682
 2710
 2734
 2754
 2772
 2788
 2804
 2818
 2836
 2854
 2870
 2884
 2894
 2904
 2912
 2918
 2926
 2936
 2952
 2964
 2974
 2982
 2988
 3000
 3010
 3012
 3006
 2986
 2952
 2908
 2856
 2800
 2738
 2670
 2600
 2528
 2454
 2380
 2304
 2228
 2154
 2080
 2006
 1940
 1876
 1818
 1762
 1710
 1668
 1634
 1610
 1598
 1598
 1608
 1626
 1652
 1684
 1724
 1768
 1820
 1880
 1942
 2002
 2068
 2134
 2208
 2284
 2356
 2420
 2478
 2534
 2584
 2628
 2674
 2718
 2766
 2816
 2868
 2912
 2948
 2972
 2988
 3006
 3014
 3016
 3016
 3012
 3016
 3018
 3016
 3010
 3002
 2992
 2982
 2972
 2958
 2936
 2904
 2866
 2820
 2768
 2716
 2666
 2614
 2566
 2518
 2482
 2458
 2450
 2446
 2442
 2432
 2420
 2408
 2392
 2378
 2368
 2362
 2358
 2348
 2338
 2336
 2354
 2392
 2446
 2506
 2570
 2630
 2686
 2740
 2800
 2856
 2906
 2946
 2976
 2996
 3018
 3050
 3096
 3138
 3170
 3198
 3216
 3224
 3224
 3216
 3200
 3178
 3150
 3108
 3058
 3000
 2944
 2886
 2822
 2752
 2686
 2626
 2570
 2516
 2468
 2414
 2360
 2306
 2248
 2192
 2138
 2086
 2036
 1992
 1950
 1914
 1882
 1862
 1850
 1848
 1846
 1850
 1862
 1882
 1910
 1940
 1978
 2022
 2068
 2118
 2172
 2224
 2278
 2334
 2392
 2444
 2496
 2542
 2578
 2616
 2646
 2684
 2718
 2746
 2770
 2786
 2804
 2816
 2830
 2848
 2864
 2874
 2884
 2890
 2890
 2892
 2896
 2898
 2902
 2900
 2900
 2898
 2896
 2892
 2892
 2898
 2904
 2908
 2908
 2904
 2902
 2900
 2900
 2896
 2880
 2860
 2834
 2804
 2772
 2738
 2702
 2664
 2622
 2576
 2528
 2476
 2416
 2360
 2304
 2250
 2192
 2132
 2074
 2016
 1968
 1924
 1888
 1860
 1838
 1830
 1830
 1840
 1856
 1886
 1924
 1966
 2016
 2066
 2116
 2174
 2230
 2290
 2352
 2410
 2464
 2514
 2556
 2596
 2628
 2662
 2692
 2718
 2744
 2766
 2788
 2808
 2828
 2848
 2864
 2876
 2884
 2888
 2896
 2910
 2916
 2922
 2930
 2938
 2954
 2968
 2982
 2996
 3004
 3008
 3008
 3006
 3004
 3004
 3002
 2988
 2962
 2922
 2872
 2820
 2760
 2694
 2628
 2560
 2492
 2424
 2358
 2294
 2226
 2162
 2098
 2042
 1990
 1944
 1908
 1878
 1854
 1840
 1832
 1830
 1834
 1844
 1862
 1892
 1930
 1972
 2020
 2072
 2124
 2176
 2230
 2284
 2340
 2392
 2446
 2498
 2542
 2582
 2622
 2668
 2704
 2738
 2764
 2786
 2806
 2824
 2842
 2860
 2874
 2884
 2888
 2890
 2892
 2898
 2904
 2908
 2914
 2916
 2916
 2912
 2910
 2912
 2912
 2910
 2898
 2880
 2854
 2826
 2798
 2762
 2726
 2688
 2644
 2598
 2552
 2506
 2458
 2408
 2358
 2304
 2248
 2198
 2148
 2104
 2060
 2014
 1974
 1940
 1914
 1898
 1894
 1904
 1922
 1954
 1994
 2038
 2086
 2142
 2198
 2256
 2316
 2376
 2430
 2478
 2522
 2564
 2612
 2656
 2692
 2724
 2750
 2776
 2794
 2814
 2834
 2852
 2866
 2876
 2886
 2894
 2896
 2898
 2900
 2904
 2908
 2906
 2904
 2902
 2898
 2894
 2896
 2900
 2904
 2908
 2910
 2908
 2908
 2906
 2910
 2914
 2912
 2910
 2906
 2902
 2900
 2894
 2894
 2894
 2896
 2896
 2894
 2884
 2870
 2846
 2820
 2796
 2764
 2726
 2682
 2634
 2586
 2538
 2488
 2440
 2388
 2334
 2282
 2228
 2176
 2124
 2076
 2030
 1988
 1948
 1918
 1890
 1870
 1862
 1864
 1882
 1908
 1944
 1988
 2038
 2098
 2156
 2214
 2276
 2336
 2398
 2460
 2516
 2570
 2618
 2668
 2720
 2766
 2812
 2846
 2874
 2900
 2924
 2952
 2972
 2986
 2988
 2990
 2990
 2992
 2994
 2994
 2994
 2996
 2996
 2992
 2990
 2988
 2986
 2986
 2982
 2974
 2968
 2966
 2968
 2966
 2954
 2942
 2930
 2922
 2914
 2910
 2908
 2904
 2902
 2900
 2896
 2894
 2894
 2894
 2892
 2890
 2888
 2892
 2894
 2886
 2870
 2848
 2822
 2788
 2752
 2718
 2676
 2626
 2574
 2518
 2458
 2400
 2340
 2274
 2212
 2156
 2100
 2038
 1976
 1920
 1864
 1818
 1778
 1754
 1740
 1736
 1742
 1754
 1774
 1800
 1830
 1862
 1900
 1942
 1994
 2046
 2098
 2152
 2204
 2254
 2302
 2350
 2398
 2442
 2482
 2520
 2556
 2588
 2618
 2648
 2674
 2698
 2718
 2734
 2746
 2756
 2774
 2790
 2800
 2808
 2814
 2818
 2820
 2824
 2836
 2842
 2848
 2854
 2856
 2858
 2860
 2860
 2862
 2864
 2864
 2866
 2868
 2868
 2864
 2860
 2856
 2862
 2866
 2866
 2858
 2840
 2814
 2780
 2742
 2700
 2652
 2598
 2540
 2480
 2418
 2352
 2286
 2222
 2158
 2094
 2032
 1970
 1906
 1848
 1792
 1740
 1692
 1640
 1592
 1548
 1514
 1488
 1470
 1464
 1468
 1480
 1500
 1524
 1556
 1596
 1644
 1694
 1746
 1800
 1856
 1908
 1958
 2012
 2064
 2128
 2192
 2250
 2304
 2354
 2400
 2448
 2488
 2530
 2570
 2606
 2638
 2668
 2694
 2718
 2738
 2758
 2778
 2794
 2810
 2822
 2836
 2844
 2848
 2850
 2854
 2868
 2878
 2888
 2894
 2892
 2890
 2884
 2886
 2892
 2894
 2892
 2890
 2888
 2886
 2886
 2884
 2882
 2880
 2878
 2878
 2870
 2868
 2862
 2852
 2844
 2834
 2834
 2830
 2824
 2810
 2788
 2760
 2726
 2686
 2644
 2598
 2548
 2496
 2442
 2384
 2328
 2272
 2212
 2154
 2092
 2030
 1970
 1912
 1852
 1798
 1744
 1696
 1646
 1598
 1556
 1524
 1502
 1486
 1484
 1496
 1518
 1546
 1578
 1618
 1662
 1712
 1770
 1828
 1892
 1956
 2016
 2076
 2136
 2200
 2268
 2330
 2388
 2438
 2482
 2524
 2562
 2598
 2634
 2664
 2690
 2714
 2738
 2756
 2774
 2790
 2804
 2816
 2826
 2830
 2832
 2836
 2846
 2856
 2864
 2870
 2872
 2872
 2874
 2876
 2882
 2884
 2884
 2884
 2884
 2884
 2882
 2880
 2878
 2878
 2878
 2872
 2868
 2862
 2864
 2868
 2866
 2860
 2846
 2822
 2790
 2748
 2704
 2654
 2598
 2540
 2480
 2420
 2358
 2300
 2242
 2184
 2130
 2074
 2014
 1960
 1908
 1856
 1800
 1744
 1688
 1634
 1588
 1542
 1502
 1470
 1448
 1430
 1424
 1424
 1436
 1456
 1482
 1512
 1546
 1582
 1628
 1678
 1732
 1794
 1854
 1910
 1970
 2028
 2086
 2142
 2202
 2260
 2316
 2372
 2426
 2476
 2522
 2566
 2606
 2642
 2674
 2704
 2724
 2740
 2754
 2776
 2796
 2814
 2826
 2834
 2844
 2852
 2858
 2868
 2876
 2878
 2882
 2882
 2880
 2878
 2868
 2856
 2836
 2808
 2770
 2724
 2674
 2618
 2566
 2508
 2448
 2386
 2322
 2260
 2196
 2136
 2078
 2016
 1954
 1896
 1838
 1784
 1736
 1692
 1658
 1632
 1608
 1590
 1582
 1576
 1586
 1596
 1616
 1644
 1676
 1718
 1764
 1812
 1868
 1924
 1980
 2036
 2092
 2144
 2200
 2256
 2310
 2362
 2416
 2462
 2508
 2550
 2594
 2640
 2678
 2714
 2742
 2766
 2788
 2806
 2824
 2842
 2854
 2866
 2874
 2882
 2888
 2894
 2900
 2904
 2900
 2896
 2892
 2888
 2880
 2880
 2880
 2880
 2876
 2864
 2840
 2814
 2780
 2746
 2704
 2656
 2606
 2552
 2492
 2434
 2376
 2318
 2256
 2198
 2132
 2070
 2008
 1948
 1892
 1834
 1780
 1730
 1688
 1652
 1630
 1620
 1624
 1636
 1662
 1690
 1728
 1770
 1810
 1842
 1866
 1884
 1900
 1920
 1948
 1994
 2050
 2102
 2148
 2190
 2234
 2280
 2324
 2370
 2410
 2450
 2488
 2524
 2560
 2594
 2630
 2666
 2698
 2726
 2748
 2770
 2788
 2810
 2834
 2854
 2870
 2882
 2894
 2904
 2914
 2924
 2928
 2930
 2932
 2936
 2938
 2938
 2940
 2942
 2940
 2942
 2936
 2932
 2920
 2912
 2902
 2878
 2842
 2800
 2750
 2698
 2642
 2592
 2536
 2480
 2420
 2356
 2292
 2230
 2166
 2102
 2036
 1968
 1904
 1844
 1790
 1742
 1696
 1654
 1620
 1598
 1594
 1596
 1614
 1638
 1666
 1700
 1732
 1766
 1802
 1838
 1878
 1912
 1942
 1980
 2024
 2084
 2146
 2202
 2254
 2308
 2362
 2410
 2456
 2504
 2548
 2592
 2634
 2670
 2704
 2734
 2764
 2792
 2812
 2828
 2842
 2854
 2864
 2860
 2848
 2834
 2822
 2814
 2806
 2806
 2810
 2810
 2812
 2818
 2820
 2826
 2834
 2840
 2844
 2848
 2850
 2862
 2884
 2902
 2918
 2930
 2934
 2940
 2946
 2958
 2966
 2972
 2976
 2978
 2980
 2982
 2982
 2980
 2974
 2972
 2974
 2970
 2966
 2954
 2934
 2908
 2866
 2824
 2780
 2730
 2678
 2632
 2586
 2542
 2502
 2466
 2430
 2398
 2370
 2346
 2318
 2288
 2256
 2226
 2194
 2166
 2142
 2116
 2088
 2060
 2028
 1998
 1972
 1948
 1930
 1912
 1890
 1868
 1840
 1806
 1760
 1708
 1638
 1546
 1446
 1330
 1206
 1076
 938
 796
 648
 508
 374
 242
 110
 0
 0
 0
 0
 0
 0
 0
 0
 68
 142
 232
 340
 446
 550
 662
 786
 922
 1060
 1198
 1332
 1460
 1582
 1714
 1846
 1966
 2070
 2170
 2258
 2334
 2406
 2472
 2540
 2596
 2648
 2692
 2732
 2768
 2802
 2830
 2854
 2878
 2902
 2918
 2930
 2936
 2940
 2942
 2952
 2956
 2960
 2962
 2956
 2956
 2956
 2962
 2968
 2972
 2972
 2974
 2976
 2978
 2980
 2980
 2982
 2982
 2982
 2978
 2976
 2970
 2964
 2956
 2960
 2964
 2968
 2968
 2966
 2960
 2958
 2958
 2964
 2966
 2966
 2968
 2966
 2964
 2964
 2964
 2962
 2962
 2962
 2960
 2956
 2948
 2940
 2932
 2930
 2932
 2932
 2930
 2922
 2914
 2898
 2876
 2856
 2834
 2806
 2770
 2730
 2688
 2644
 2596
 2548
 2502
 2452
 2400
 2350
 2294
 2238
 2182
 2128
 2072
 2014
 1958
 1904
 1862
 1832
 1812
 1812
 1822
 1840
 1868
 1896
 1930
 1970
 2016
 2064
 2114
 2164
 2212
 2258
 2306
 2362
 2418
 2468
 2512
 2552
 2590
 2624
 2654
 2686
 2714
 2742
 2764
 2784
 2800
 2816
 2832
 2844
 2858
 2866
 2870
 2874
 2874
 2880
 2890
 2894
 2892
 2890
 2886
 2888
 2888
 2890
 2896
 2898
 2898
 2900
 2900
 2898
 2900
 2900
 2900
 2896
 2890
 2884
 2880
 2882
 2884
 2886
 2886
 2884
 2882
 2880
 2880
 2884
 2888
 2888
 2886
 2882
 2880
 2878
 2878
 2874
 2872
 2870
 2866
 2860
 2850
 2846
 2846
 2846
 2842
 2842
 2834
 2822
 2804
 2782
 2758
 2728
 2694
 2654
 2612
 2568
 2524
 2476
 2426
 2376
 2318
 2262
 2208
 2152
 2096
 2034
 1974
 1916
 1866
 1824
 1790
 1770
 1762
 1766
 1782
 1810
 1848
 1892
 1944
 1998
 2060
 2118
 2174
 2232
 2292
 2360
 2418
 2470
 2516
 2556
 2594
 2624
 2656
 2686
 2710
 2732
 2754
 2770
 2782
 2796
 2810
 2820
 2828
 2832
 2834
 2834
 2838
 2846
 2850
 2856
 2858
 2858
 2858
 2860
 2866
 2874
 2880
 2882
 2886
 2886
 2882
 2878
 2876
 2876
 2874
 2868
 2862
 2854
 2850
 2854
 2860
 2864
 2864
 2864
 2862
 2860
 2860
 2856
 2850
 2834
 2812
 2784
 2748
 2708
 2664
 2618
 2566
 2514
 2458
 2396
 2336
 2278
 2222
 2162
 2098
 2034
 1972
 1920
 1874
 1836
 1812
 1796
 1792
 1802
 1824
 1866
 1916
 1966
 2022
 2076
 2132
 2188
 2238
 2286
 2332
 2390
 2446
 2494
 2540
 2578
 2614
 2646
 2672
 2702
 2730
 2756
 2782
 2800
 2816
 2832
 2846
 2856
 2868
 2878
 2890
 2906
 2928
 2950
 2978
 3010
 3030
 3044
 3058
 3070
 3080
 3090
 3094
 3098
 3094
 3078
 3058
 3034
 3002
 2972
 2938
 2890
 2836
 2774
 2700
 2634
 2570
 2510
 2460
 2420
 2386
 2320
 2210
 2090
 2006
 1980
 1992
 2028
 2080
 2138
 2204
 2276
 2346
 2416
 2482
 2542
 2604
 2682
 2760
 2822
 2874
 2922
 2966
 3012
 3066
 3124
 3170
 3204
 3228
 3254
 3282
 3318
 3354
 3390
 3408
 3404
 3392
 3380
 3370
 3362
 3356
 3346
 3338
 3334
 3330
 3332
 3336
 3340
 3340
 3340
 3338
 3330
 3322
 3314
 3294
 3272
 3246
 3234
 3232
 3226
 3216
 3204
 3188
 3172
 3156
 3148
 3138
 3130
 3124
 3114
 3102
 3090
 3082
 3080
 3086
 3088
 3096
 3108
 3114
 3120
 3120
 3110
 3100
 3088
 3082
 3080
 3074
 3068
 3058
 3050
 3044
 3032
 3022
 3012
 3008
 3008
 3002
 2998
 2994
 2986
 2980
 2972
 2968
 2966
 2956
 2944
 2930
 2922
 2918
 2918
 2914
 2906
 2896
 2894
 2888
 2872
 2844
 2808
 2768
 2720
 2670
 2622
 2572
 2516
 2456
 2394
 2330
 2264
 2198
 2134
 2070
 2002
 1940
 1880
 1826
 1772
 1726
 1688
 1662
 1646
 1640
 1650
 1670
 1694
 1730
 1772
 1818
 1870
 1928
 1990
 2056
 2122
 2184
 2246
 2308
 2380
 2442
 2496
 2542
 2584
 2622
 2654
 2686
 2716
 2742
 2762
 2782
 2798
 2810
 2822
 2836
 2846
 2856
 2864
 2866
 2868
 2868
 2868
 2874
 2880
 2882
 2878
 2874
 2872
 2868
 2870
 2874
 2876
 2878
 2880
 2880
 2878
 2878
 2878
 2878
 2878
 2872
 2866
 2860
 2854
 2842
 2830
 2814
 2782
 2742
 2694
 2640
 2584
 2520
 2458
 2394
 2328
 2260
 2194
 2128
 2064
 2002
 1942
 1886
 1838
 1796
 1764
 1740
 1732
 1736
 1754
 1784
 1816
 1854
 1894
 1936
 1980
 2024
 2076
 2128
 2182
 2236
 2290
 2342
 2392
 2438
 2490
 2534
 2578
 2616
 2646
 2674
 2696
 2726
 2750
 2770
 2790
 2802
 2812
 2820
 2828
 2840
 2850
 2856
 2864
 2868
 2874
 2878
 2882
 2886
 2890
 2888
 2884
 2876
 2870
 2868
 2870
 2868
 2866
 2860
 2848
 2832
 2808
 2782
 2750
 2710
 2670
 2622
 2572
 2516
 2460
 2404
 2350
 2296
 2242
 2188
 2140
 2092
 2048
 2002
 1958
 1916
 1880
 1856
 1838
 1834
 1838
 1852
 1874
 1902
 1936
 1974
 2018
 2060
 2100
 2140
 2182
 2224
 2278
 2332
 2382
 2432
 2478
 2520
 2558
 2594
 2628
 2662
 2690
 2714
 2736
 2754
 2772
 2790
 2802
 2816
 2826
 2834
 2836
 2840
 2850
 2862
 2868
 2874
 2876
 2876
 2878
 2880
 2886
 2890
 2892
 2888
 2882
 2880
 2880
 2878
 2876
 2876
 2874
 2870
 2864
 2856
 2854
 2856
 2854
 2850
 2842
 2830
 2810
 2784
 2754
 2722
 2684
 2640
 2592
 2540
 2490
 2438
 2386
 2332
 2274
 2216
 2152
 2092
 2036
 1984
 1936
 1884
 1840
 1800
 1768
 1748
 1738
 1744
 1762
 1788
 1824
 1862
 1902
 1948
 1996
 2048
 2100
 2154
 2206
 2256
 2310
 2364
 2424
 2480
 2526
 2570
 2606
 2638
 2666
 2692
 2720
 2744
 2762
 2780
 2794
 2808
 2818
 2828
 2834
 2840
 2844
 2848
 2848
 2846
 2844
 2846
 2856
 2862
 2866
 2868
 2870
 2872
 2874
 2878
 2882
 2880
 2878
 2874
 2874
 2872
 2870
 2868
 2866
 2866
 2866
 2860
 2854
 2848
 2842
 2836
 2842
 2846
 2844
 2836
 2818
 2790
 2750
 2702
 2652
 2600
 2544
 2488
 2428
 2364
 2294
 2222
 2150
 2080
 2010
 1942
 1874
 1810
 1754
 1698
 1648
 1598
 1554
 1516
 1492
 1482
 1482
 1498
 1520
 1550
 1586
 1632
 1682
 1736
 1798
 1862
 1932
 2004
 2076
 2142
 2208
 2276
 2352
 2420
 2476
 2528
 2576
 2618
 2654
 2686
 2716
 2746
 2768
 2788
 2804
 2820
 2834
 2846
 2856
 2866
 2872
 2880
 2882
 2884
 2880
 2886
 2888
 2890
 2890
 2888
 2888
 2886
 2886
 2890
 2896
 2898
 2894
 2894
 2892
 2892
 2894
 2892
 2892
 2892
 2892
 2886
 2882
 2876
 2878
 2880
 2880
 2872
 2858
 2834
 2804
 2768
 2730
 2688
 2642
 2592
 2536
 2480
 2420
 2360
 2302
 2242
 2182
 2122
 2062
 2008
 1954
 1906
 1856
 1808
 1766
 1730
 1708
 1690
 1682
 1686
 1698
 1720
 1752
 1790
 1834
 1886
 1946
 2012
 2076
 2144
 2208
 2272
 2334
 2400
 2462
 2516
 2566
 2608
 2646
 2678
 2706
 2734
 2760
 2780
 2798
 2812
 2826
 2838
 2850
 2862
 2874
 2882
 2890
 2894
 2894
 2894
 2890
 2896
 2900
 2902
 2904
 2904
 2904
 2902
 2904
 2910
 2906
 2904
 2898
 2888
 2868
 2846
 2816
 2784
 2748
 2710
 2668
 2622
 2574
 2528
 2482
 2438
 2388
 2340
 2290
 2236
 2178
 2114
 2056
 1996
 1932
 1874
 1818
 1766
 1720
 1682
 1650
 1630
 1622
 1622
 1632
 1654
 1684
 1716
 1746
 1786
 1836
 1884
 1936
 1986
 2048
 2116
 2186
 2252
 2314
 2372
 2432
 2488
 2542
 2590
 2632
 2668
 2696
 2720
 2748
 2778
 2802
 2822
 2834
 2844
 2850
 2860
 2872
 2882
 2888
 2892
 2888
 2882
 2874
 2860
 2840
 2810
 2772
 2724
 2668
 2614
 2562
 2512
 2460
 2414
 2366
 2316
 2264
 2206
 2152
 2094
 2032
 1970
 1908
 1844
 1788
 1736
 1686
 1648
 1610
 1580
 1566
 1562
 1570
 1584
 1606
 1634
 1668
 1708
 1752
 1804
 1868
 1930
 1998
 2062
 2128
 2194
 2262
 2326
 2390
 2450
 2504
 2552
 2596
 2646
 2690
 2730
 2764
 2788
 2812
 2830
 2850
 2870
 2888
 2900
 2910
 2912
 2914
 2918
 2922
 2926
 2928
 2930
 2930
 2926
 2922
 2924
 2930
 2934
 2938
 2936
 2932
 2928
 2926
 2928
 2930
 2928
 2924
 2918
 2910
 2898
 2876
 2852
 2824
 2792
 2756
 2720
 2674
 2626
 2578
 2532
 2486
 2432
 2376
 2318
 2258
 2196
 2134
 2074
 2014
 1956
 1898
 1848
 1800
 1760
 1730
 1710
 1698
 1696
 1706
 1722
 1750
 1786
 1832
 1880
 1930
 1982
 2036
 2094
 2154
 2214
 2278
 2338
 2396
 2450
 2500
 2546
 2592
 2634
 2672
 2708
 2740
 2770
 2794
 2810
 2820
 2838
 2858
 2870
 2884
 2892
 2894
 2896
 2898
 2906
 2912
 2912
 2912
 2912
 2912
 2912
 2914
 2914
 2914
 2916
 2916
 2910
 2906
 2902
 2904
 2910
 2908
 2906
 2902
 2900
 2894
 2884
 2876
 2856
 2830
 2798
 2756
 2714
 2668
 2622
 2576
 2532
 2486
 2436
 2382
 2332
 2284
 2236
 2184
 2128
 2070
 2014
 1958
 1898
 1846
 1798
 1746
 1700
 1662
 1632
 1616
 1618
 1630
 1656
 1690
 1732
 1788
 1848
 1918
 1996
 2064
 2136
 2206
 2270
 2332
 2386
 2446
 2500
 2550
 2594
 2632
 2668
 2702
 2730
 2756
 2782
 2804
 2818
 2830
 2834
 2848
 2864
 2874
 2882
 2888
 2890
 2888
 2886
 2890
 2894
 2898
 2898
 2900
 2900
 2900
 2900
 2898
 2894
 2894
 2892
 2886
 2880
 2874
 2878
 2874
 2868
 2854
 2830
 2800
 2762
 2724
 2684
 2638
 2590
 2538
 2482
 2426
 2370
 2312
 2254
 2194
 2132
 2068
 2006
 1948
 1890
 1838
 1778
 1720
 1662
 1608
 1560
 1520
 1484
 1458
 1440
 1432
 1434
 1442
 1458
 1480
 1508
 1540
 1574
 1604
 1638
 1682
 1726
 1774
 1818
 1866
 1912
 1962
 2006
 2052
 2106
 2158
 2210
 2260
 2310
 2358
 2408
 2458
 2506
 2550
 2592
 2630
 2660
 2690
 2716
 2750
 2776
 2798
 2816
 2828
 2838
 2848
 2860
 2872
 2884
 2890
 2890
 2890
 2892
 2894
 2894
 2896
 2894
 2894
 2892
 2882
 2870
 2856
 2844
 2830
 2808
 2784
 2754
 2720
 2682
 2640
 2600
 2558
 2512
 2466
 2418
 2370
 2324
 2274
 2228
 2180
 2130
 2080
 2032
 1980
 1930
 1884
 1840
 1798
 1754
 1714
 1682
 1660
 1650
 1650
 1664
 1686
 1716
 1752
 1794
 1844
 1900
 1958
 2020
 2084
 2146
 2210
 2266
 2322
 2376
 2436
 2492
 2542
 2584
 2620
 2654
 2684
 2710
 2740
 2764
 2784
 2806
 2822
 2838
 2852
 2864
 2876
 2886
 2896
 2902
 2902
 2898
 2892
 2892
 2900
 2902
 2904
 2902
 2900
 2898
 2896
 2892
 2890
 2882
 2872
 2856
 2834
 2806
 2776
 2740
 2702
 2660
 2612
 2558
 2504
 2456
 2408
 2360
 2306
 2250
 2192
 2130
 2070
 2008
 1952
 1894
 1840
 1790
 1744
 1706
 1676
 1658
 1654
 1662
 1680
 1706
 1746
 1794
 1850
 1908
 1966
 2026
 2086
 2144
 2202
 2258
 2318
 2378
 2432
 2482
 2530
 2574
 2614
 2652
 2686
 2716
 2744
 2764
 2780
 2792
 2814
 2832
 2848
 2860
 2868
 2876
 2882
 2890
 2902
 2912
 2918
 2918
 2918
 2918
 2920
 2922
 2922
 2924
 2924
 2920
 2914
 2898
 2884
 2874
 2860
 2836
 2806
 2768
 2728
 2684
 2638
 2594
 2548
 2498
 2446
 2396
 2344
 2294
 2246
 2198
 2150
 2104
 2060
 2012
 1968
 1932
 1898
 1868
 1832
 1804
 1782
 1772
 1772
 1780
 1806
 1836
 1876
 1924
 1970
 2016
 2064
 2114
 2164
 2218
 2266
 2318
 2366
 2408
 2450
 2492
 2540
 2580
 2618
 2650
 2678
 2704
 2726
 2752
 2776
 2796
 2816
 2832
 2846
 2860
 2868
 2880
 2884
 2886
 2888
 2892
 2894
 2892
 2888
 2886
 2890
 2896
 2896
 2896
 2892
 2890
 2888
 2886
 2884
 2880
 2868
 2846
 2816
 2776
 2732
 2678
 2626
 2572
 2514
 2456
 2398
 2340
 2280
 2226
 2170
 2116
 2062
 2004
 1950
 1898
 1846
 1802
 1758
 1724
 1692
 1668
 1652
 1650
 1658
 1680
 1712
 1754
 1804
 1858
 1910
 1964
 2020
 2084
 2152
 2212
 2270
 2326
 2382
 2432
 2476
 2516
 2556
 2586
 2608
 2626
 2636
 2644
 2654
 2668
 2690
 2708
 2726
 2746
 2768
 2798
 2822
 2844
 2862
 2878
 2892
 2902
 2914
 2922
 2926
 2932
 2934
 2934
 2926
 2916
 2906
 2896
 2888
 2878
 2876
 2882
 2888
 2894
 2896
 2898
 2898
 2896
 2892
 2892
 2890
 2888
 2886
 2884
 2878
 2876
 2878
 2876
 2872
 2872
 2880
 2886
 2890
 2888
 2872
 2854
 2828
 2796
 2762
 2726
 2682
 2630
 2574
 2514
 2456
 2390
 2328
 2262
 2198
 2132
 2060
 1990
 1922
 1860
 1804
 1754
 1720
 1696
 1682
 1682
 1690
 1710
 1736
 1774
 1816
 1864
 1918
 1980
 2050
 2118
 2184
 2246
 2304
 2360
 2412
 2466
 2516
 2562
 2602
 2640
 2676
 2706
 2734
 2762
 2786
 2808
 2826
 2836
 2844
 2854
 2868
 2880
 2890
 2894
 2894
 2894
 2894
 2900
 2906
 2906
 2906
 2908
 2908
 2910
 2910
 2912
 2914
 2918
 2918
 2916
 2914
 2908
 2904
 2900
 2902
 2908
 2910
 2910
 2908
 2904
 2902
 2900
 2902
 2900
 2890
 2880
 2864
 2844
 2822
 2792
 2758
 2724
 2684
 2644
 2600
 2554
 2504
 2450
 2396
 2340
 2290
 2232
 2172
 2108
 2042
 1978
 1916
 1864
 1818
 1780
 1752
 1740
 1744
 1762
 1796
 1840
 1888
 1940
 2000
 2062
 2124
 2186
 2242
 2300
 2370
 2432
 2488
 2540
 2584
 2626
 2662
 2694
 2724
 2754
 2778
 2800
 2820
 2834
 2850
 2864
 2878
 2888
 2898
 2904
 2904
 2902
 2898
 2896
 2900
 2906
 2912
 2914
 2916
 2916
 2912
 2912
 2916
 2920
 2918
 2918
 2914
 2908
 2898
 2884
 2858
 2828
 2792
 2752
 2706
 2658
 2610
 2560
 2514
 2460
 2404
 2346
 2284
 2224
 2156
 2088
 2024
 1954
 1886
 1822
 1756
 1694
 1640
 1588
 1542
 1510
 1480
 1458
 1452
 1456
 1476
 1500
 1536
 1578
 1624
 1680
 1736
 1794
 1858
 1920
 1988
 2058
 2126
 2194
 2262
 2330
 2398
 2458
 2512
 2560
 2604
 2648
 2694
 2728
 2760
 2784
 2804
 2822
 2836
 2854
 2868
 2878
 2890
 2898
 2904
 2904
 2906
 2910
 2912
 2914
 2914
 2912
 2908
 2906
 2914
 2914
 2916
 2914
 2912
 2912
 2910
 2912
 2916
 2918
 2918
 2916
 2912
 2908
 2904
 2896
 2878
 2858
 2830
 2794
 2754
 2716
 2680
 2638
 2586
 2532
 2474
 2412
