17
96
192
275
352
440
517
614
701
790
860
931
1004
1088
1172
1245
1324
1396
1485
1563
1645
1721
1795
1872
1950
2025
2105
2190
2261
2324
2402
2467
2543
2616
2698
2777
2849
2930
3008
3083
3156
3230
3320
3400
3497
3576
3661
3746
3819
3974
4051
4131
4209
4292
4370
4446
4537
4618
4695
4777
4862
4945
5028
5111
5187
5269
5342
5455
5551
5666
5751
5833
5924
6022
6092
6095
6170
6257
6349
6427
6515
6602
6660
6740
6820
6894
6971
7051
7132
7210
7295
7381
7464
7540
7644
7735
7813
7908
7976
8052
8140
8216
8299
8373
8460
8550
8632
8717
8798
8903
