8
64
139
213
302
374
451
519
529
629
707
713
796
873
965
1040
1119
1197
1270
1345
1437
1499
1567
1638
1706
1768
1830
1903
1972
2052
2133
2206
2281
2354
2427
2492
2562
2633
2696
2767
2835
2910
3001
3094
3168
3243
3312
3387
3467
3543
3612
3684
3752
3824
3897
3973
4046
4116
4194
4263
4341
4416
4482
4548
4618
4695
4774
4847
4929
5008
5084
5161
5232
5310
5380
5456
5524
5594
5679
5779
5853
5931
5998
6069
6135
6209
6281
6354
6429
6527
6595
6653
6730
6805
6878
6947
7019
7089
7157
7228
7304
7375
7447
7538
7619
7687
7759
7838
7904
7979
8052
8122
8193
8262
8337
8416
8505
8507
8577
8676
8753
8838
8846
