 1882
 1898
 1922
 1948
 1984
 2016
 2050
 2092
 2134
 2174
 2212
 2248
 2282
 2316
 2350
 2388
 2424
 2460
 2498
 2534
 2570
 2604
 2640
 2676
 2706
 2736
 2772
 2814
 2852
 2888
 2922
 2954
 2984
 3010
 3034
 3062
 3088
 3112
 3138
 3164
 3192
 3226
 3262
 3290
 3316
 3340
 3354
 3376
 3402
 3426
 3446
 3464
 3474
 3474
 3460
 3438
 3410
 3374
 3332
 3284
 3232
 3178
 3126
 3072
 3016
 2958
 2910
 2864
 2816
 2766
 2716
 2664
 2614
 2564
 2522
 2480
 2436
 2392
 2348
 2304
 2264
 2222
 2182
 2148
 2116
 2082
 2062
 2048
 2038
 2032
 2034
 2044
 2060
 2080
 2108
 2142
 2178
 2216
 2258
 2300
 2344
 2386
 2426
 2470
 2510
 2554
 2606
 2660
 2710
 2758
 2804
 2844
 2880
 2914
 2942
 2974
 3010
 3042
 3076
 3106
 3142
 3176
 3208
 3240
 3266
 3288
 3314
 3346
 3376
 3400
 3418
 3434
 3448
 3454
 3458
 3462
 3460
 3452
 3438
 3414
 3386
 3354
 3322
 3282
 3240
 3194
 3150
 3110
 3076
 3044
 3008
 2970
 2930
 2888
 2842
 2802
 2762
 2726
 2692
 2658
 2626
 2592
 2556
 2522
 2488
 2446
 2408
 2376
 2342
 2302
 2258
 2210
 2156
 2100
 2044
 1996
 1950
 1910
 1874
 1852
 1842
 1842
 1852
 1874
 1900
 1932
 1972
 2016
 2062
 2108
 2150
 2190
 2228
 2262
 2306
 2348
 2394
 2436
 2480
 2526
 2570
 2618
 2666
 2712
 2756
 2798
 2832
 2874
 2916
 2954
 2988
 3020
 3052
 3078
 3102
 3124
 3150
 3178
 3206
 3232
 3258
 3284
 3310
 3330
 3346
 3362
 3370
 3382
 3402
 3416
 3428
 3434
 3434
 3430
 3418
 3404
 3384
 3360
 3328
 3292
 3252
 3214
 3176
 3132
 3088
 3050
 3008
 2962
 2926
 2890
 2850
 2810
 2768
 2728
 2692
 2656
 2620
 2588
 2556
 2520
 2484
 2448
 2412
 2378
 2342
 2310
 2280
 2248
 2226
 2212
 2210
 2216
 2228
 2248
 2270
 2298
 2330
 2368
 2410
 2450
 2490
 2530
 2568
 2608
 2652
 2694
 2734
 2786
 2846
 2906
 2962
 3014
 3062
 3102
 3134
 3170
 3204
 3236
 3264
 3284
 3302
 3316
 3326
 3334
 3336
 3338
 3340
 3342
 3344
 3342
 3342
 3340
 3334
 3324
 3310
 3282
 3236
 3176
 3100
 3014
 2912
 2806
 2706
 2606
 2504
 2394
 2270
 2150
 2048
 1966
 1892
 1836
 1808
 1800
 1802
 1812
 1832
 1850
 1868
 1882
 1896
 1912
 1928
 1942
 1956
 1968
 1980
 1992
 2002
 2010
 2016
 2022
 2026
 2030
 2036
 2040
 2044
 2048
 2052
 2060
 2066
 2072
 2082
 2088
 2096
 2104
 2110
 2108
 2102
 2090
 2082
 2094
 2134
 2192
 2256
 2318
 2378
 2434
 2490
 2544
 2600
 2658
 2708
 2756
 2802
 2852
 2894
 2938
 2974
 3000
 3032
 3072
 3116
 3154
 3186
 3218
 3244
 3264
 3280
 3294
 3306
 3314
 3322
 3324
 3324
 3324
 3318
 3304
 3288
 3270
 3244
 3212
 3176
 3136
 3092
 3042
 2994
 2946
 2896
 2844
 2790
 2740
 2692
 2642
 2596
 2552
 2508
 2462
 2428
 2398
 2368
 2334
 2304
 2274
 2246
 2226
 2216
 2218
 2228
 2248
 2276
 2310
 2348
 2390
 2436
 2478
 2528
 2582
 2640
 2696
 2750
 2800
 2850
 2896
 2940
 2988
 3030
 3072
 3108
 3136
 3164
 3188
 3208
 3224
 3230
 3238
 3256
 3272
 3282
 3286
 3284
 3276
 3258
 3232
 3202
 3166
 3126
 3078
 3022
 2964
 2906
 2850
 2796
 2742
 2692
 2644
 2594
 2558
 2524
 2488
 2454
 2420
 2384
 2348
 2314
 2286
 2262
 2246
 2238
 2238
 2246
 2264
 2292
 2326
 2362
 2408
 2460
 2508
 2552
 2594
 2634
 2672
 2706
 2744
 2782
 2818
 2852
 2884
 2916
 2944
 2970
 3000
 3022
 3038
 3052
 3058
 3064
 3080
 3096
 3108
 3122
 3136
 3148
 3160
 3166
 3176
 3184
 3190
 3194
 3196
 3202
 3206
 3210
 3214
 3216
 3216
 3214
 3214
 3212
 3204
 3196
 3188
 3172
 3152
 3128
 3098
 3064
 3026
 2992
 2958
 2922
 2882
 2838
 2794
 2746
 2700
 2654
 2612
 2570
 2530
 2488
 2446
 2402
 2360
 2316
 2272
 2232
 2192
 2154
 2116
 2086
 2060
 2038
 2032
 2038
 2056
 2078
 2106
 2134
 2162
 2190
 2220
 2252
 2290
 2328
 2364
 2396
 2428
 2458
 2490
 2520
 2544
 2572
 2608
 2640
 2672
 2702
 2728
 2754
 2780
 2802
 2830
 2856
 2880
 2906
 2932
 2956
 2978
 3000
 3016
 3034
 3052
 3068
 3082
 3102
 3126
 3150
 3168
 3184
 3192
 3200
 3206
 3210
 3212
 3210
 3208
 3202
 3192
 3174
 3152
 3124
 3096
 3066
 3028
 2990
 2960
 2932
 2902
 2866
 2830
 2792
 2754
 2712
 2676
 2644
 2610
 2574
 2538
 2502
 2466
 2430
 2396
 2358
 2330
 2306
 2286
 2266
 2248
 2236
 2230
 2232
 2244
 2264
 2292
 2326
 2360
 2398
 2440
 2484
 2532
 2578
 2620
 2664
 2702
 2738
 2780
 2828
 2870
 2906
 2936
 2966
 2992
 3016
 3040
 3062
 3082
 3102
 3118
 3132
 3138
 3146
 3152
 3156
 3158
 3156
 3154
 3160
 3162
 3158
 3140
 3118
 3086
 3048
 3008
 2964
 2918
 2874
 2828
 2780
 2732
 2682
 2628
 2578
 2528
 2482
 2432
 2394
 2362
 2328
 2294
 2260
 2224
 2188
 2150
 2116
 2084
 2056
 2030
 2014
 2008
 2014
 2028
 2048
 2078
 2112
 2146
 2188
 2236
 2288
 2340
 2388
 2432
 2474
 2512
 2550
 2590
 2630
 2670
 2710
 2750
 2786
 2826
 2860
 2888
 2912
 2934
 2950
 2972
 2996
 3020
 3040
 3058
 3072
 3086
 3098
 3106
 3114
 3120
 3122
 3120
 3118
 3116
 3114
 3114
 3108
 3104
 3098
 3088
 3070
 3050
 3030
 3010
 2980
 2942
 2900
 2856
 2808
 2758
 2708
 2660
 2612
 2562
 2508
 2456
 2404
 2350
 2300
 2250
 2196
 2150
 2114
 2076
 2038
 2002
 1968
 1938
 1912
 1896
 1894
 1906
 1928
 1958
 1994
 2036
 2088
 2134
 2184
 2236
 2282
 2332
 2388
 2444
 2494
 2542
 2590
 2634
 2678
 2716
 2754
 2798
 2834
 2868
 2900
 2926
 2950
 2974
 2996
 3018
 3036
 3046
 3056
 3062
 3064
 3074
 3084
 3088
 3086
 3078
 3060
 3030
 2996
 2954
 2910
 2860
 2806
 2750
 2696
 2642
 2588
 2536
 2488
 2438
 2386
 2344
 2308
 2270
 2230
 2190
 2146
 2102
 2054
 2012
 1976
 1942
 1916
 1900
 1894
 1902
 1922
 1952
 1990
 2032
 2076
 2132
 2194
 2250
 2304
 2354
 2404
 2452
 2498
 2544
 2594
 2642
 2688
 2732
 2772
 2812
 2852
 2894
 2930
 2964
 2994
 3020
 3034
 3054
 3082
 3106
 3122
 3130
 3138
 3142
 3144
 3142
 3134
 3120
 3100
 3072
 3040
 3002
 2960
 2914
 2868
 2820
 2768
 2720
 2678
 2642
 2602
 2564
 2526
 2486
 2444
 2402
 2364
 2326
 2288
 2248
 2208
 2168
 2128
 2092
 2060
 2032
 2006
 1998
 2002
 2014
 2036
 2066
 2098
 2132
 2172
 2218
 2272
 2326
 2376
 2424
 2472
 2518
 2562
 2610
 2652
 2690
 2728
 2758
 2786
 2820
 2858
 2888
 2920
 2946
 2968
 2986
 2998
 3012
 3026
 3038
 3046
 3054
 3062
 3066
 3072
 3074
 3072
 3072
 3066
 3060
 3060
 3050
 3036
 3016
 2990
 2956
 2916
 2874
 2832
 2790
 2746
 2700
 2654
 2608
 2560
 2514
 2468
 2426
 2380
 2346
 2316
 2286
 2256
 2226
 2200
 2174
 2148
 2126
 2112
 2102
 2100
 2106
 2124
 2150
 2188
 2226
 2270
 2318
 2362
 2406
 2458
 2512
 2564
 2610
 2652
 2692
 2730
 2762
 2794
 2824
 2854
 2882
 2906
 2926
 2944
 2958
 2962
 2970
 2976
 2976
 2980
 2992
 3008
 3020
 3032
 3040
 3048
 3052
 3056
 3058
 3056
 3048
 3040
 3028
 3014
 2994
 2966
 2936
 2898
 2860
 2816
 2764
 2716
 2674
 2636
 2596
 2556
 2510
 2462
 2410
 2358
 2310
 2260
 2212
 2166
 2114
 2066
 2014
 1966
 1918
 1870
 1820
 1782
 1748
 1712
 1678
 1646
 1620
 1598
 1576
 1570
 1570
 1576
 1586
 1602
 1624
 1652
 1684
 1714
 1752
 1794
 1838
 1882
 1934
 1988
 2042
 2094
 2146
 2192
 2238
 2284
 2330
 2378
 2424
 2468
 2512
 2556
 2602
 2648
 2690
 2730
 2770
 2802
 2830
 2864
 2898
 2924
 2948
 2972
 2992
 3010
 3020
 3030
 3042
 3050
 3058
 3060
 3062
 3062
 3062
 3062
 3056
 3054
 3050
 3048
 3044
 3040
 3038
 3034
 3032
 3030
 3028
 3026
 3026
 3024
 3018
 3014
 3020
 3020
 3018
 3008
 2992
 2970
 2940
 2906
 2866
 2820
 2774
 2728
 2676
 2628
 2578
 2526
 2472
 2418
 2364
 2312
 2260
 2210
 2160
 2110
 2058
 2006
 1954
 1908
 1864
 1822
 1792
 1768
 1742
 1726
 1716
 1712
 1722
 1740
 1768
 1810
 1856
 1902
 1950
 2000
 2048
 2098
 2146
 2192
 2242
 2288
 2334
 2378
 2414
 2456
 2504
 2552
 2594
 2638
 2678
 2718
 2754
 2786
 2816
 2844
 2870
 2894
 2916
 2934
 2948
 2954
 2962
 2966
 2968
 2974
 2986
 2994
 2996
 2992
 2982
 2962
 2936
 2906
 2872
 2834
 2794
 2750
 2706
 2662
 2616
 2570
 2526
 2476
 2426
 2382
 2346
 2306
 2262
 2224
 2178
 2138
 2092
 2050
 2010
 1974
 1942
 1910
 1888
 1874
 1870
 1882
 1904
 1928
 1966
 2008
 2060
 2108
 2154
 2202
 2248
 2296
 2340
 2384
 2430
 2476
 2522
 2568
 2614
 2658
 2698
 2734
 2770
 2798
 2830
 2872
 2908
 2942
 2970
 2996
 3012
 3022
 3034
 3044
 3052
 3056
 3060
 3062
 3062
 3060
 3056
 3044
 3024
 3002
 2974
 2938
 2902
 2870
 2836
 2796
 2756
 2712
 2664
 2616
 2568
 2520
 2476
 2430
 2386
 2340
 2294
 2248
 2202
 2160
 2120
 2080
 2052
 2028
 2002
 1978
 1956
 1938
 1928
 1930
 1946
 1974
 2008
 2050
 2096
 2146
 2200
 2256
 2310
 2362
 2412
 2454
 2502
 2556
 2606
 2650
 2692
 2732
 2768
 2798
 2824
 2850
 2876
 2896
 2914
 2930
 2940
 2946
 2952
 2962
 2968
 2974
 2978
 2984
 2984
 2986
 2996
 3008
 3014
 3022
 3028
 3032
 3028
 3022
 3008
 2988
 2958
 2920
 2878
 2832
 2786
 2740
 2692
 2644
 2598
 2554
 2512
 2470
 2432
 2392
 2350
 2308
 2266
 2222
 2178
 2132
 2086
 2044
 1996
 1954
 1920
 1890
 1858
 1828
 1798
 1774
 1758
 1750
 1758
 1780
 1812
 1850
 1894
 1940
 1988
 2038
 2090
 2144
 2200
 2250
 2298
 2344
 2384
 2426
 2472
 2520
 2564
 2604
 2642
 2674
 2702
 2726
 2750
 2774
 2792
 2810
 2830
 2850
 2870
 2886
 2906
 2920
 2928
 2938
 2952
 2974
 2988
 2996
 2998
 2990
 2972
 2946
 2910
 2870
 2824
 2778
 2724
 2670
 2616
 2562
 2510
 2458
 2410
 2362
 2310
 2268
 2232
 2196
 2160
 2124
 2086
 2046
 2004
 1966
 1930
 1898
 1868
 1840
 1822
 1814
 1816
 1832
 1854
 1882
 1926
 1974
 2026
 2080
 2136
 2190
 2244
 2298
 2356
 2414
 2470
 2526
 2580
 2632
 2682
 2732
 2776
 2818
 2862
 2898
 2928
 2954
 2970
 2978
 2994
 3014
 3024
 3028
 3018
 3000
 2970
 2934
 2890
 2842
 2792
 2740
 2688
 2640
 2592
 2542
 2490
 2442
 2396
 2346
 2308
 2274
 2240
 2206
 2172
 2134
 2094
 2050
 2008
 1968
 1930
 1894
 1858
 1824
 1798
 1780
 1776
 1784
 1802
 1830
 1874
 1928
 1988
 2048
 2108
 2168
 2224
 2272
 2326
 2384
 2438
 2490
 2536
 2578
 2620
 2662
 2700
 2740
 2774
 2808
 2842
 2870
 2892
 2920
 2950
 2976
 3002
 3022
 3036
 3046
 3050
 3054
 3052
 3042
 3024
 3000
 2972
 2942
 2910
 2874
 2836
 2800
 2764
 2724
 2682
 2634
 2586
 2536
 2486
 2436
 2388
 2340
 2290
 2242
 2192
 2144
 2096
 2052
 2014
 1980
 1946
 1912
 1874
 1840
 1806
 1774
 1750
 1738
 1738
 1750
 1772
 1802
 1838
 1880
 1928
 1980
 2028
 2078
 2126
 2168
 2212
 2262
 2312
 2360
 2408
 2450
 2490
 2528
 2560
 2592
 2622
 2648
 2676
 2698
 2722
 2748
 2774
 2796
 2818
 2842
 2858
 2878
 2904
 2928
 2940
 2952
 2958
 2958
 2950
 2932
 2910
 2880
 2842
 2800
 2750
 2700
 2650
 2598
 2548
 2500
 2452
 2404
 2356
 2316
 2282
 2248
 2210
 2172
 2132
 2090
 2046
 2008
 1970
 1936
 1904
 1872
 1848
 1834
 1830
 1838
 1854
 1884
 1922
 1968
 2016
 2068
 2120
 2172
 2224
 2278
 2332
 2384
 2434
 2480
 2526
 2572
 2614
 2656
 2698
 2740
 2772
 2804
 2832
 2856
 2876
 2902
 2932
 2956
 2972
 2980
 2988
 2992
 2994
 2990
 2978
 2960
 2934
 2906
 2870
 2830
 2788
 2742
 2698
 2650
 2602
 2564
 2530
 2494
 2458
 2424
 2388
 2354
 2318
 2284
 2250
 2216
 2178
 2140
 2104
 2072
 2044
 2030
 2028
 2034
 2054
 2090
 2134
 2178
 2228
 2280
 2330
 2378
 2426
 2474
 2524
 2568
 2612
 2654
 2692
 2728
 2764
 2796
 2824
 2852
 2876
 2896
 2912
 2924
 2932
 2944
 2964
 2976
 2986
 2992
 2990
 2982
 2970
 2954
 2930
 2904
 2874
 2838
 2800
 2758
 2716
 2674
 2634
 2592
 2552
 2512
 2470
 2424
 2382
 2338
 2298
 2256
 2214
 2172
 2130
 2086
 2046
 2006
 1964
 1930
 1904
 1880
 1854
 1832
 1814
 1806
 1806
 1816
 1840
 1876
 1918
 1966
 2012
 2062
 2112
 2164
 2216
 2266
 2316
 2362
 2412
 2458
 2494
 2532
 2578
 2622
 2660
 2696
 2728
 2758
 2782
 2802
 2822
 2838
 2850
 2860
 2872
 2878
 2886
 2890
 2888
 2890
 2890
 2892
 2894
 2894
 2894
 2894
 2894
 2890
 2880
 2866
 2848
 2826
 2798
 2764
 2728
 2698
 2672
 2638
 2604
 2564
 2520
 2474
 2428
 2382
 2340
 2296
 2252
 2206
 2158
 2110
 2062
 2014
 1972
 1930
 1892
 1858
 1836
 1822
 1818
 1822
 1834
 1856
 1886
 1924
 1966
 2016
 2068
 2118
 2170
 2220
 2274
 2324
 2370
 2418
 2462
 2496
 2538
 2582
 2626
 2662
 2694
 2722
 2746
 2766
 2782
 2798
 2812
 2824
 2838
 2848
 2856
 2864
 2876
 2884
 2890
 2898
 2902
 2902
 2906
 2918
 2930
 2938
 2946
 2948
 2950
 2952
 2954
 2956
 2954
 2952
 2948
 2944
 2940
 2934
 2926
 2916
 2900
 2880
 2864
 2850
 2826
 2802
 2774
 2746
 2712
 2676
 2638
 2600
 2562
 2522
 2482
 2440
 2398
 2356
 2314
 2270
 2226
 2186
 2146
 2104
 2070
 2042
 2014
 1986
 1958
 1932
 1910
 1892
 1886
 1894
 1910
 1940
 1976
 2018
 2068
 2116
 2168
 2226
 2276
 2326
 2382
 2440
 2490
 2538
 2580
 2620
 2658
 2690
 2722
 2754
 2782
 2804
 2828
 2848
 2864
 2880
 2892
 2900
 2906
 2906
 2910
 2914
 2912
 2910
 2920
 2936
 2946
 2954
 2956
 2960
 2962
 2964
 2964
 2960
 2954
 2946
 2934
 2914
 2888
 2860
 2830
 2794
 2758
 2720
 2680
 2638
 2596
 2554
 2512
 2470
 2426
 2382
 2342
 2302
 2262
 2218
 2178
 2140
 2100
 2068
 2044
 2022
 2000
 1984
 1974
 1968
 1972
 1984
 2002
 2030
 2058
 2088
 2116
 2150
 2184
 2220
 2258
 2294
 2334
 2370
 2406
 2440
 2466
 2498
 2536
 2574
 2608
 2638
 2668
 2696
 2722
 2740
 2760
 2782
 2800
 2814
 2830
 2844
 2856
 2866
 2874
 2882
 2884
 2882
 2888
 2900
 2904
 2896
 2882
 2860
 2832
 2802
 2770
 2736
 2702
 2662
 2620
 2578
 2534
 2486
 2440
 2390
 2342
 2296
 2248
 2200
 2158
 2112
 2062
 2014
 1972
 1928
 1886
 1840
 1798
 1762
 1730
 1700
 1678
 1664
 1662
 1674
 1698
 1728
 1770
 1822
 1878
 1934
 1990
 2044
 2094
 2140
 2184
 2230
 2274
 2316
 2354
 2394
 2430
 2468
 2504
 2540
 2574
 2608
 2636
 2668
 2696
 2720
 2752
 2788
 2824
 2856
 2886
 2910
 2934
 2950
 2966
 2974
 2980
 2982
 2984
 2988
 2986
 2988
 2986
 2982
 2972
 2954
 2928
 2906
 2886
 2856
 2822
 2786
 2746
 2702
 2656
 2612
 2566
 2520
 2472
 2422
 2374
 2324
 2274
 2226
 2180
 2130
 2086
 2040
 2000
 1960
 1918
 1878
 1844
 1812
 1780
 1754
 1730
 1718
 1714
 1722
 1746
 1790
 1840
 1894
 1952
 2010
 2070
 2128
 2182
 2236
 2292
 2348
 2398
 2448
 2494
 2538
 2578
 2616
 2652
 2684
 2716
 2746
 2772
 2796
 2818
 2840
 2858
 2876
 2890
 2900
 2906
 2904
 2908
 2920
 2938
 2948
 2956
 2962
 2962
 2958
 2948
 2928
 2900
 2870
 2832
 2788
 2738
 2682
 2626
 2574
 2518
 2466
 2410
 2352
 2296
 2240
 2184
 2126
 2082
 2038
 1996
 1952
 1910
 1866
 1822
 1776
 1736
 1698
 1664
 1630
 1604
 1590
 1588
 1598
 1624
 1658
 1706
 1766
 1828
 1892
 1958
 2022
 2090
 2148
 2204
 2260
 2316
 2368
 2414
 2460
 2502
 2538
 2570
 2600
 2622
 2642
 2658
 2682
 2708
 2730
 2748
 2766
 2780
 2790
 2798
 2806
 2816
 2826
 2832
 2840
 2848
 2856
 2862
 2866
 2872
 2876
 2874
 2872
 2874
 2868
 2852
 2830
 2800
 2766
 2724
 2682
 2636
 2590
 2544
 2498
 2450
 2402
 2356
 2312
 2266
 2222
 2188
 2156
 2126
 2096
 2064
 2030
 1996
 1960
 1928
 1900
 1874
 1848
 1830
 1824
 1834
 1856
 1894
 1938
 1988
 2044
 2102
 2160
 2228
 2302
 2368
 2432
 2492
 2550
 2602
 2650
 2700
 2748
 2790
 2828
 2860
 2888
 2912
 2932
 2950
 2960
 2966
 2970
 2974
 2978
 2982
 2982
 2980
 2970
 2956
 2932
 2902
 2866
 2824
 2784
 2738
 2688
 2652
 2618
 2578
 2540
 2500
 2456
 2414
 2368
 2320
 2272
 2228
 2180
 2130
 2078
 2026
 1978
 1928
 1876
 1826
 1778
 1736
 1698
 1670
 1660
 1664
 1678
 1704
 1740
 1782
 1830
 1882
 1940
 2004
 2070
 2136
 2198
 2260
 2320
 2374
 2430
 2482
 2526
 2572
 2626
 2678
 2726
 2768
 2804
 2838
 2868
 2890
 2912
 2926
 2938
 2942
 2948
 2952
 2956
 2956
 2956
 2956
 2958
 2960
 2962
 2960
 2968
 2984
 2996
 3004
 3004
 2996
 2984
 2964
 2940
 2908
 2872
 2830
 2782
 2730
 2674
 2616
 2558
 2500
 2444
 2390
 2338
 2284
 2230
 2176
 2124
 2072
 2018
 1966
 1914
 1868
 1822
 1778
 1748
 1722
 1696
 1672
 1648
 1632
 1622
 1626
 1640
 1668
 1702
 1742
 1788
 1832
 1882
 1932
 1986
 2044
 2094
 2146
 2196
 2240
 2292
 2350
 2406
 2460
 2512
 2562
 2608
 2652
 2692
 2732
 2772
 2804
 2834
 2862
 2884
 2906
 2922
 2936
 2948
 2950
 2954
 2966
 2976
 2976
 2966
 2944
 2916
 2880
 2842
 2800
 2752
 2704
 2654
 2598
 2544
 2488
 2434
 2374
 2314
 2256
 2196
 2144
 2098
 2052
 2002
 1954
 1906
 1856
 1804
 1756
 1714
 1674
 1636
 1602
 1580
 1572
 1578
 1596
 1622
 1654
 1702
 1758
 1812
 1868
 1924
 1982
 2036
 2088
 2140
 2194
 2248
 2298
 2344
 2390
 2432
 2474
 2520
 2562
 2596
 2632
 2664
 2688
 2718
 2754
 2792
 2828
 2860
 2890
 2918
 2942
 2960
 2976
 2992
 3004
 3010
 3014
 3014
 3006
 2988
 2962
 2926
 2884
 2836
 2786
 2732
 2672
 2612
 2552
 2492
 2432
 2376
 2316
 2260
 2202
 2142
 2094
 2052
 2008
 1960
 1912
 1862
 1814
 1764
 1716
 1676
 1644
 1612
 1592
 1578
 1580
 1598
 1622
 1658
 1694
 1736
 1788
 1844
 1898
 1960
 2030
 2100
 2166
 2232
 2298
 2362
 2424
 2482
 2540
 2590
 2642
 2690
 2734
 2774
 2810
 2842
 2874
 2896
 2918
 2948
 2974
 2990
 3006
 3016
 3026
 3030
 3032
 3028
 3018
 3000
 2974
 2938
 2896
 2852
 2804
 2752
 2698
 2640
 2584
 2532
 2480
 2438
 2404
 2370
 2326
 2282
 2234
 2182
 2130
 2076
 2028
 1980
 1934
 1886
 1836
 1792
 1744
 1706
 1668
 1626
 1598
 1586
 1582
 1592
 1614
 1646
 1688
 1734
 1786
 1842
 1902
 1962
 2024
 2084
 2142
 2204
 2262
 2320
 2378
 2430
 2478
 2536
 2592
 2642
 2690
 2734
 2776
 2812
 2842
 2870
 2892
 2908
 2924
 2934
 2944
 2946
 2950
 2958
 2958
 2964
 2964
 2962
 2958
 2962
 2976
 2980
 2978
 2970
 2954
 2930
 2894
 2856
 2816
 2772
 2728
 2682
 2632
 2584
 2532
 2480
 2430
 2378
 2326
 2276
 2224
 2176
 2126
 2078
 2028
 1984
 1936
 1890
 1848
 1808
 1768
 1736
 1718
 1708
 1708
 1714
 1732
 1762
 1800
 1842
 1892
 1950
 2010
 2068
 2124
 2178
 2232
 2286
 2334
 2386
 2434
 2476
 2520
 2560
 2592
 2630
 2672
 2712
 2750
 2784
 2816
 2846
 2872
 2894
 2918
 2938
 2952
 2958
 2966
 2970
 2976
 2978
 2980
 2984
 2982
 2986
 2996
 3000
 2998
 2988
 2968
 2938
 2900
 2858
 2814
 2766
 2714
 2660
 2604
 2546
 2488
 2432
 2376
 2316
 2264
 2210
 2154
 2110
 2070
 2028
 1988
 1946
 1908
 1862
 1822
 1782
 1752
 1724
 1702
 1690
 1690
 1700
 1728
 1766
 1810
 1856
 1916
 1982
 2044
 2100
 2152
 2202
 2250
 2290
 2336
 2382
 2428
 2474
 2516
 2560
 2602
 2642
 2686
 2728
 2766
 2800
 2832
 2862
 2884
 2908
 2942
 2970
 2988
 3006
 3020
 3032
 3040
 3046
 3050
 3054
 3052
 3050
 3042
 3032
 3016
 2990
 2958
 2924
 2882
 2844
 2812
 2778
 2736
 2692
 2644
 2590
 2532
 2470
 2410
 2354
 2292
 2232
 2170
 2110
 2046
 1986
 1924
 1862
 1792
 1728
 1666
 1598
 1532
 1466
 1400
 1332
 1266
 1208
 1156
 1104
 1054
 1002
 954
 902
 848
 794
 740
 684
 628
 582
 536
 508
 502
 506
 520
 542
 574
 622
 684
 746
 806
 868
 930
 994
 1064
 1128
 1186
 1254
 1324
 1388
 1454
 1516
 1576
 1632
 1684
 1738
 1796
 1854
 1908
 1958
 2006
 2050
 2102
 2152
 2202
 2246
 2288
 2332
 2372
 2414
 2464
 2512
 2554
 2590
 2626
 2654
 2680
 2702
 2726
 2746
 2766
 2788
 2810
 2834
 2856
 2876
 2896
 2910
 2920
 2932
 2950
 2972
 2988
 3004
 3018
 3030
 3038
 3040
 3046
 3050
 3054
 3054
 3054
 3054
 3054
 3056
 3052
 3050
 3046
 3036
 3028
 3022
 3012
 2996
 2976
 2948
 2916
 2880
 2838
 2798
 2756
 2714
 2670
 2624
 2578
 2532
 2484
 2440
 2396
 2352
 2306
 2264
 2222
 2182
 2142
 2104
 2070
 2036
 2008
 1988
 1978
 1976
 1986
 2012
 2046
 2082
 2120
 2158
 2192
 2228
 2260
 2296
 2338
 2376
 2414
 2448
 2482
 2512
 2542
 2570
 2596
 2622
 2646
 2668
 2688
 2708
 2728
 2744
 2764
 2790
 2814
 2834
 2854
 2872
 2886
 2898
 2904
 2908
 2910
 2914
 2916
 2914
 2912
 2912
 2910
 2912
 2914
 2916
 2914
 2922
 2934
 2950
 2960
 2970
 2980
 2986
 2988
 2988
 2986
 2984
 2982
 2980
 2972
 2964
 2952
 2938
 2918
 2890
 2864
 2834
 2800
 2772
 2748
 2722
 2692
 2656
 2616
 2574
 2528
 2482
 2440
 2398
 2356
 2312
 2272
 2230
 2190
 2148
 2110
 2072
 2038
 2012
 1994
 1980
 1970
 1962
 1964
 1970
 1984
 2002
 2030
 2062
 2096
 2132
 2166
 2204
 2242
 2280
 2318
 2350
 2384
 2426
 2470
 2506
 2542
 2574
 2602
 2630
 2650
 2670
 2692
 2712
 2730
 2748
 2764
 2780
 2798
 2818
 2832
 2846
 2860
 2870
 2878
 2894
 2916
 2934
 2950
 2958
 2964
 2972
 2974
 2978
 2982
 2982
 2982
 2980
 2976
 2972
 2968
 2962
 2958
 2950
 2938
 2926
 2918
 2912
 2904
 2892
 2876
 2854
 2828
 2792
 2758
 2720
 2678
 2638
 2596
 2556
 2514
 2472
 2428
 2390
 2350
 2306
 2276
 2252
 2222
 2196
 2166
 2136
 2106
 2078
 2054
 2042
 2036
 2036
 2046
 2064
 2084
 2112
 2138
 2166
 2196
 2222
 2248
 2284
 2318
 2350
 2380
 2406
 2428
 2448
 2466
 2484
 2510
 2532
 2552
 2574
 2602
 2626
 2652
 2682
 2714
 2740
 2776
 2816
 2856
 2890
 2920
 2946
 2968
 2982
 2990
 2994
 2990
 2980
 2962
 2932
 2898
 2860
 2818
 2778
 2732
 2686
 2640
 2590
 2548
 2512
 2474
 2430
 2388
 2344
 2300
 2256
 2214
 2176
 2144
 2110
 2074
 2038
 1998
 1956
 1922
 1890
 1860
 1852
 1858
 1874
 1900
 1932
 1968
 2010
 2052
 2096
 2148
 2196
 2248
 2300
 2348
 2396
 2444
 2488
 2532
 2574
 2614
 2662
 2716
 2766
 2812
 2854
 2892
 2922
 2944
 2964
 2984
 3000
 3012
 3022
 3028
 3034
 3032
 3032
 3020
 3006
 2986
 2958
 2928
 2894
 2858
 2818
 2774
 2730
 2686
 2640
 2592
 2544
 2500
 2452
 2404
 2352
 2304
 2250
 2196
 2146
 2090
 2044
 2004
 1966
 1928
 1892
 1856
 1824
 1794
 1772
 1766
 1770
 1788
 1820
 1858
 1904
 1958
 2014
 2072
 2128
 2190
 2254
 2320
 2380
 2438
 2492
 2542
 2586
 2632
 2678
 2718
 2758
 2792
 2824
 2856
 2882
 2906
 2930
 2942
 2956
 2970
 2978
 2992
 3016
 3038
 3050
 3056
 3050
 3030
 2998
 2960
 2916
 2866
 2810
 2752
 2694
 2634
 2574
 2518
 2460
 2394
 2336
 2286
 2234
 2180
 2126
 2070
 2016
 1960
 1906
 1856
 1808
 1760
 1716
 1674
 1634
 1604
 1588
 1584
 1594
 1622
 1656
 1694
 1738
 1780
 1822
 1864
 1906
 1950
 1992
 2034
 2078
 2122
 2170
 2218
 2270
 2318
 2374
 2432
 2486
 2538
 2598
 2666
 2728
 2786
 2840
 2890
 2930
 2960
 2988
 3014
 3036
 3050
 3060
 3066
 3070
 3066
 3050
 3026
 2992
 2950
 2902
 2852
 2796
 2736
 2676
 2616
 2560
 2504
 2446
 2392
 2350
 2312
 2272
 2232
 2188
 2148
 2106
 2060
 2014
 1968
 1922
 1876
 1834
 1800
 1780
 1772
 1778
 1794
 1822
 1856
 1894
 1948
 2008
 2072
 2130
 2188
 2244
 2304
 2358
 2410
 2464
 2514
 2564
 2610
 2650
 2696
 2734
 2774
 2812
 2842
 2874
 2910
 2946
 2976
 3002
 3024
 3040
 3050
 3060
 3066
 3066
 3060
 3042
 3020
 2990
 2958
 2920
 2880
 2838
 2794
 2746
 2706
 2670
 2630
 2588
 2546
 2502
 2460
 2412
 2362
 2316
 2264
 2212
 2154
 2096
 2042
 1984
 1932
 1884
 1834
 1794
 1762
 1730
 1704
 1682
 1668
 1670
 1686
 1714
 1758
 1806
 1862
 1922
 1988
 2050
 2114
 2182
 2246
 2308
 2372
 2442
 2506
 2564
 2618
 2666
 2708
 2746
 2784
 2818
 2850
 2880
 2902
 2918
 2936
 2952
 2966
 2980
 2990
 3000
 3010
 3014
 3014
 3004
 2980
 2952
 2926
 2886
 2840
 2788
 2734
 2680
 2622
 2568
 2514
 2462
 2406
 2352
 2294
 2238
 2178
 2124
 2070
 2014
 1966
 1930
 1892
 1852
 1816
 1776
 1738
 1702
 1674
 1660
 1660
 1676
 1704
 1742
 1790
 1844
 1900
 1954
 2014
 2088
 2164
 2238
 2306
 2372
 2436
 2490
 2540
 2592
 2646
 2698
 2750
 2798
 2840
 2880
 2918
 2950
 2976
 2998
 3016
 3018
 3018
 3008
 2982
 2948
 2916
 2878
 2832
 2782
 2728
 2666
 2604
 2542
 2484
 2428
 2372
 2318
 2262
 2208
 2152
 2096
 2048
 1996
 1946
 1910
 1876
 1840
 1804
 1768
 1732
 1692
 1656
 1628
 1614
 1608
 1618
 1636
 1664
 1696
 1736
 1784
 1834
 1882
 1938
 2002
 2066
 2124
 2178
 2232
 2284
 2332
 2378
 2424
 2470
 2512
 2552
 2592
 2632
 2674
 2712
 2756
 2792
 2826
 2858
 2886
 2912
 2950
 2988
 3018
 3044
 3066
 3084
 3100
 3112
 3120
 3122
 3118
 3106
 3088
 3060
 3022
 2976
 2930
 2878
 2822
 2762
 2712
 2668
 2616
 2566
 2516
 2466
 2414
 2360
 2310
 2260
 2210
 2158
 2104
 2052
 1998
 1944
 1896
 1846
 1794
 1754
 1720
 1686
 1658
 1636
 1622
 1622
 1630
 1650
 1688
 1738
 1790
 1846
 1902
 1962
 2028
 2088
 2148
 2210
 2266
 2322
 2390
 2458
 2520
 2576
 2628
 2678
 2720
 2760
 2798
 2840
 2876
 2912
 2944
 2970
 2994
 3016
 3034
 3050
 3062
 3066
 3066
 3076
 3092
 3100
 3096
 3082
 3058
 3024
 2982
 2932
 2882
 2832
 2778
 2724
 2668
 2614
 2560
 2506
 2450
 2398
 2348
 2296
 2250
 2212
 2178
 2140
 2100
 2058
 2020
 1976
 1934
 1898
 1872
 1852
 1844
 1846
 1858
 1882
 1916
 1960
 2004
 2054
 2112
 2178
 2238
 2298
 2356
 2410
 2458
 2508
 2556
 2602
 2646
 2688
 2724
 2762
 2794
 2822
 2852
 2878
 2902
 2926
 2944
 2960
 2972
 2982
 2990
 2996
 2998
 3008
 3026
 3036
 3046
 3052
 3054
 3048
 3040
 3026
 3000
 2966
 2930
 2886
 2838
 2786
 2726
 2670
 2614
 2556
 2504
 2464
 2422
 2380
 2338
 2294
 2250
 2206
 2160
 2120
 2080
 2038
 1996
 1954
 1916
 1878
 1848
 1822
 1804
 1800
 1814
 1838
 1870
 1910
 1952
 1998
 2044
 2088
 2138
 2188
 2238
 2288
 2336
 2384
 2432
 2478
 2526
 2570
 2606
 2642
 2674
 2702
 2738
 2780
 2816
 2850
 2882
 2908
 2932
 2952
 2968
 2982
 2990
 3000
 3008
 3012
 3016
 3022
 3024
 3026
 3028
 3020
 3016
 3020
 3018
 3006
 2990
 2964
 2934
 2898
 2856
 2810
 2762
 2712
 2662
 2614
 2566
 2516
 2466
 2416
 2364
 2316
 2266
 2224
 2190
 2154
 2122
 2090
 2060
 2030
 2004
 1984
 1972
 1974
 1984
 2006
 2038
 2076
 2120
 2164
 2214
 2268
 2320
 2372
 2432
 2494
 2548
 2598
 2646
 2690
 2728
 2760
 2794
 2824
 2850
 2874
 2894
 2912
 2930
 2944
 2954
 2962
 2964
 2970
 2986
 3000
 3012
 3020
 3024
 3028
 3030
 3024
 3018
 3002
 2980
 2954
 2918
 2880
 2840
 2798
 2758
 2710
 2668
 2624
 2582
 2544
 2516
 2492
 2462
 2434
 2402
 2368
 2330
 2292
 2258
 2226
 2194
 2162
 2126
 2094
 2060
 2028
 2004
 1984
 1976
 1986
 2006
 2030
 2060
 2092
 2124
 2156
 2186
 2220
 2258
 2290
 2326
 2358
 2386
 2418
 2444
 2470
 2494
 2516
 2536
 2562
 2594
 2618
 2640
 2658
 2676
 2692
 2708
 2724
 2738
 2754
 2770
 2784
 2800
 2818
 2834
 2852
 2868
 2882
 2898
 2906
 2916
 2936
 2958
 2972
 2976
 2968
 2952
 2926
 2892
 2854
 2814
 2770
 2726
 2680
 2632
 2584
 2534
 2486
 2436
 2394
 2360
 2330
 2298
 2266
 2230
 2196
 2158
 2120
 2088
 2056
 2024
 1996
 1970
 1950
 1942
 1940
 1944
 1960
 1984
 2006
 2040
 2088
 2134
 2182
 2232
 2282
 2330
 2374
 2418
 2464
 2512
 2556
 2600
 2646
 2688
 2732
 2774
 2810
 2846
 2876
 2900
 2932
 2970
 3000
 3024
 3040
 3050
 3062
 3068
 3070
 3074
 3072
 3068
 3066
 3060
 3050
 3044
 3034
 3020
 3004
 2980
 2944
 2912
 2886
 2856
 2820
 2784
 2744
 2704
 2654
 2604
 2556
 2506
 2456
 2406
 2356
 2308
 2260
 2212
 2164
 2118
 2068
 2026
 1994
 1964
 1934
 1904
 1876
 1848
 1830
 1818
 1820
 1832
 1852
 1876
 1910
 1946
 1986
 2030
 2076
 2120
 2174
 2232
 2286
 2336
 2386
 2432
 2474
 2514
 2556
 2598
 2638
 2676
 2712
 2748
 2782
 2814
 2844
 2872
 2894
 2910
 2924
 2936
 2948
 2970
 2996
 3014
 3032
 3048
 3054
 3056
 3054
 3046
 3032
 3014
 2990
 2960
 2924
 2882
 2836
 2788
 2738
 2684
 2642
 2608
 2572
 2536
 2500
 2462
 2424
 2382
 2342
 2306
 2270
 2236
 2200
 2164
 2126
 2090
 2058
 2022
 1992
 1972
 1958
 1946
 1936
 1936
 1946
 1964
 1990
 2026
 2070
 2110
 2152
 2190
 2230
 2270
 2310
 2350
 2384
 2422
 2464
 2500
 2546
 2598
 2650
 2698
 2742
 2784
 2824
 2862
 2896
 2928
 2958
 2980
 2996
 3010
 3022
 3034
 3042
 3048
 3050
 3042
 3036
 3030
 3016
 2992
 2964
 2926
 2884
 2834
 2784
 2734
 2686
 2634
 2588
 2540
 2490
 2442
 2390
 2336
 2286
 2226
 2180
 2144
 2106
 2064
 2026
 1984
 1942
 1898
 1856
 1820
 1786
 1758
 1740
 1734
 1742
 1764
 1802
 1848
 1896
 1954
 2022
 2092
 2162
 2230
 2292
 2354
 2414
 2474
 2536
 2596
 2652
 2708
 2760
 2812
 2858
 2902
 2938
 2968
 2990
 3024
 3064
 3098
 3122
 3146
 3160
 3172
 3170
 3162
 3144
 3116
 3078
 3034
 2984
 2932
 2878
 2824
 2762
 2698
 2636
 2570
 2514
 2470
 2420
 2366
 2316
 2260
 2206
 2148
 2094
 2042
 1990
 1938
 1884
 1830
 1778
 1726
 1684
 1640
 1602
 1584
 1580
 1592
 1620
 1654
 1700
 1750
 1804
 1864
 1930
 1998
 2064
 2126
 2194
 2254
 2314
 2372
 2424
 2482
 2542
 2602
 2654
 2704
 2748
 2792
 2830
 2868
 2904
 2934
 2962
 2990
 3014
 3032
 3050
 3066
 3080
 3088
 3090
 3082
 3062
 3034
 3008
 2980
 2938
 2892
 2842
 2786
 2728
 2666
 2604
 2544
 2486
 2424
 2358
 2290
 2220
 2152
 2086
 2016
 1956
 1906
 1860
 1810
 1768
 1724
 1682
 1646
 1616
 1600
 1596
 1604
 1624
 1654
 1690
 1732
 1776
 1818
 1868
 1928
 1986
 2042
 2100
 2160
 2216
 2272
 2330
 2388
 2448
 2508
 2568
 2624
 2682
 2738
 2796
 2850
 2900
 2950
 2988
 3020
 3044
 3060
 3078
 3100
 3116
 3118
 3106
 3082
 3048
 3002
 2954
 2902
 2850
 2794
 2738
 2680
 2626
 2568
 2514
 2460
 2402
 2350
 2306
 2266
 2218
 2168
 2116
 2062
 2006
 1946
 1892
 1838
 1784
 1728
 1672
 1614
 1562
 1512
 1466
 1434
 1416
 1410
 1414
 1428
 1456
 1494
 1534
 1580
 1634
 1694
 1756
 1818
 1882
 1946
 2014
 2080
 2142
 2202
 2264
 2320
 2382
 2450
 2520
 2580
 2638
 2692
 2744
 2792
 2838
 2888
 2932
 2974
 3014
 3048
 3074
 3098
 3116
 3130
 3142
 3142
 3152
 3168
 3178
 3182
 3176
 3158
 3128
 3086
 3036
 2976
 2916
 2852
 2788
 2724
 2658
 2588
 2518
 2452
 2382
 2316
 2262
 2218
 2176
 2140
 2112
 2096
 2088
 2088
 2094
 2096
 2096
 2088
 2078
 2072
 2068
 2066
 2068
 2072
 2074
 2086
 2102
 2118
 2130
 2140
 2146
 2148
 2144
 2140
 2138
 2136
 2144
 2168
 2208
 2266
 2326
 2390
 2454
 2512
 2574
 2642
 2708
 2766
 2820
 2870
 2916
 2954
 2988
 3020
 3046
 3058
 3072
 3084
 3094
 3100
 3104
 3088
 3060
 3020
 2962
 2904
 2852
 2796
 2734
 2672
 2610
 2548
 2480
 2414
 2350
 2288
 2224
 2162
 2098
 2034
 1968
 1908
 1848
 1788
 1740
 1698
 1654
 1610
 1572
 1542
 1522
 1512
 1518
 1536
 1566
 1606
 1654
 1704
 1760
 1822
 1884
 1948
 2018
 2096
 2166
 2232
 2294
 2352
 2406
 2456
 2508
 2562
 2610
 2660
 2704
 2750
 2792
 2834
 2870
 2906
 2934
 2958
 2978
 2994
 3006
 3028
 3054
 3074
 3092
 3104
 3112
 3118
 3120
 3120
 3112
 3088
 3058
 3016
 2970
 2916
 2858
 2796
 2734
 2668
 2604
 2552
 2498
 2438
 2372
 2304
 2240
 2172
 2108
 2048
 1994
 1940
 1884
 1832
 1780
 1732
 1692
 1654
 1630
 1628
 1642
 1672
 1708
 1752
 1798
 1846
 1900
 1956
 2014
 2072
 2126
 2180
 2234
 2286
 2338
 2396
 2450
 2498
 2546
 2586
 2628
 2678
 2732
 2778
 2820
 2858
 2894
 2926
 2954
 2980
 3000
 3012
 3024
 3036
 3044
 3050
 3058
 3062
 3064
 3066
 3060
 3058
 3064
 3064
 3056
 3040
 3012
 2976
 2934
 2890
 2842
 2792
 2740
 2688
 2634
 2580
 2522
 2464
 2410
 2350
 2296
 2254
 2216
 2174
 2130
 2086
 2040
 1994
 1948
 1910
 1874
 1838
 1806
 1782
 1766
 1766
 1778
 1798
 1830
 1866
 1904
 1958
 2018
 2082
 2142
 2202
 2260
 2316
 2368
 2418
 2472
 2528
 2582
 2632
 2678
 2724
 2772
 2812
 2846
 2878
 2904
 2924
 2954
 2988
 3016
 3040
 3056
 3070
 3082
 3092
 3098
 3104
 3106
 3106
 3106
 3100
 3088
 3070
 3044
 3008
 2968
 2918
 2866
 2812
 2756
 2700
 2642
 2588
 2532
 2476
 2420
 2366
 2316
 2262
 2220
 2186
 2148
 2106
 2064
 2014
 1964
 1912
 1860
 1812
 1766
 1718
 1672
 1628
 1594
 1566
 1556
 1558
 1572
 1598
 1630
 1672
 1730
 1794
 1858
 1922
 1986
 2048
 2106
 2160
 2216
 2276
 2338
 2396
 2452
 2504
 2552
 2600
 2644
 2682
 2720
 2766
 2818
 2862
 2900
 2934
 2964
 2982
 3004
 3020
 3036
 3046
 3050
 3054
 3058
 3060
 3062
 3062
 3064
 3064
 3062
 3058
 3040
 3024
 3010
 2996
 2972
 2946
 2914
 2880
 2842
 2802
 2764
 2728
 2690
 2652
 2608
 2562
 2514
 2468
 2418
 2368
 2326
 2290
 2254
 2216
 2174
 2134
 2092
 2048
 2004
 1966
 1930
 1896
 1868
 1850
 1844
 1852
 1874
 1904
 1938
 1986
 2042
 2100
 2154
 2206
 2256
 2304
 2348
 2390
 2430
 2470
 2508
 2538
 2564
 2588
 2610
 2634
 2656
 2676
 2696
 2720
 2744
 2772
 2812
 2852
 2886
 2918
 2948
 2974
 2994
 3012
 3022
 3030
 3036
 3040
 3034
 3018
 2994
 2962
 2924
 2882
 2834
 2784
 2734
 2680
 2626
 2574
 2522
 2468
 2414
 2364
 2316
 2266
 2218
 2182
 2148
 2110
 2070
 2028
 1986
 1948
 1910
 1880
 1858
 1842
 1836
 1838
 1852
 1876
 1906
 1940
 1984
 2026
 2072
 2120
 2162
 2212
 2272
 2336
 2394
 2456
 2516
 2572
 2622
 2666
 2708
 2750
 2786
 2820
 2852
 2878
 2904
 2924
 2938
 2952
 2956
 2966
 2980
 2990
 2994
 2988
 2970
 2944
 2908
 2870
 2826
 2774
 2724
 2672
 2618
 2564
 2512
 2460
 2406
 2352
 2302
 2254
 2208
 2172
 2144
 2114
 2084
 2056
 2026
 1996
 1966
 1944
 1928
 1924
 1928
 1940
 1962
 1992
 2028
 2072
 2122
 2172
 2232
 2298
 2362
 2422
 2482
 2536
 2588
 2636
 2680
 2730
 2774
 2812
 2850
 2884
 2916
 2948
 2974
 2994
 3010
 3018
 3018
 3026
 3040
 3050
 3048
 3038
 3014
 2988
 2952
 2912
 2872
 2830
 2786
 2742
 2698
 2652
 2606
 2562
 2516
 2470
 2426
 2380
 2334
 2288
 2242
 2198
 2158
 2114
 2072
 2030
 1986
 1944
 1904
 1866
 1830
 1812
 1804
 1804
 1812
 1832
 1860
 1898
 1938
 1984
 2040
 2098
 2156
 2214
 2272
 2330
 2386
 2440
 2492
 2542
 2592
 2634
 2674
 2710
 2740
 2770
 2804
 2844
 2872
 2898
 2916
 2932
 2948
 2960
 2968
 2974
 2978
 2982
 2986
 2990
 2992
 2994
 2994
 2998
 2994
 2980
 2970
 2956
 2936
 2910
 2874
 2836
 2796
 2752
 2710
 2666
 2624
 2578
 2532
 2486
 2438
 2392
 2340
 2292
 2244
 2192
 2150
 2114
 2078
 2042
 2004
 1966
 1928
 1892
 1860
 1842
 1832
 1832
 1844
 1864
 1894
 1924
 1964
 2010
 2056
 2110
 2174
 2246
 2310
 2376
 2440
 2498
 2552
 2598
 2642
 2686
 2726
 2764
 2798
 2830
 2860
 2886
 2912
 2932
 2946
 2958
 2966
 2972
 2980
 2994
 3010
 3022
 3034
 3042
 3046
 3040
 3024
 3002
 2970
 2930
 2886
 2840
 2792
 2744
 2698
 2650
 2602
 2556
 2508
 2462
 2426
 2390
 2350
 2310
 2270
 2228
 2182
 2136
 2096
 2056
 2016
 1978
 1938
 1902
 1866
 1832
 1810
 1798
 1798
 1814
 1846
 1884
 1926
 1972
 2022
 2072
 2120
 2166
 2216
 2262
 2310
 2354
 2394
 2434
 2470
 2506
 2544
 2578
 2614
 2646
 2676
 2704
 2728
 2748
 2778
 2814
 2844
 2868
 2890
 2904
 2916
 2920
 2926
 2932
 2936
 2938
 2938
 2940
 2940
 2940
 2938
 2936
 2936
 2938
 2938
 2940
 2940
 2934
 2924
 2906
 2884
 2856
 2824
 2788
 2750
 2710
 2670
 2626
 2582
 2536
 2490
 2448
 2414
 2382
 2346
 2308
 2266
 2216
 2164
 2112
 2060
 2014
 1968
 1924
 1878
 1836
 1798
 1764
 1734
 1714
 1700
 1698
 1708
 1726
 1756
 1804
 1852
 1904
 1956
 2008
 2062
 2114
 2170
 2228
 2286
 2344
 2400
 2454
 2510
 2568
 2622
 2670
 2714
 2756
 2790
 2830
 2876
 2914
 2948
 2976
 2996
 3012
 3022
 3032
 3040
 3038
 3036
 3032
 3026
 3010
 2988
 2960
 2926
 2890
 2848
 2802
 2754
 2702
 2652
 2614
 2576
 2530
 2490
 2444
 2396
 2348
 2298
 2248
 2198
 2148
 2096
 2044
 1996
 1946
 1900
 1854
 1810
 1770
 1742
 1724
 1716
 1718
 1730
 1756
 1794
 1836
 1890
 1950
 2010
 2072
 2134
 2196
 2256
 2318
 2378
 2436
 2492
 2544
 2588
 2636
 2692
 2742
 2786
 2826
 2862
 2894
 2918
 2940
 2956
 2968
 2972
 2978
 2982
 2986
 2990
 2992
 2994
 2992
 2992
 2988
 2982
 2982
 2984
 2974
 2956
 2926
 2892
 2852
 2806
 2754
 2696
 2632
 2568
 2504
 2436
 2376
 2312
 2252
 2192
 2132
 2070
 2018
 1972
 1922
 1876
 1828
 1784
 1740
 1694
 1654
 1620
 1592
 1574
 1562
 1564
 1584
 1610
 1644
 1686
 1734
 1782
 1834
 1896
 1958
 2020
 2078
 2136
 2190
 2240
 2288
 2338
 2386
 2432
 2476
 2518
 2558
 2596
 2634
 2666
 2700
 2732
 2758
 2784
 2806
 2830
 2850
 2870
 2888
 2906
 2918
 2928
 2938
 2946
 2956
 2960
 2962
 2976
 2996
 3012
 3024
 3028
 3032
 3030
 3020
 3004
 2980
 2944
 2908
 2866
 2822
 2774
 2726
 2676
 2626
 2574
 2522
 2470
 2416
 2364
 2312
 2260
 2206
 2154
 2098
 2044
 1996
 1944
 1900
 1864
 1830
 1798
 1766
 1736
 1714
 1698
 1694
 1702
 1722
 1752
 1788
 1826
 1864
 1904
 1944
 1984
 2024
 2066
 2106
 2146
 2184
 2226
 2266
 2312
 2364
 2414
 2462
 2504
 2544
 2582
 2620
 2656
 2690
 2722
 2754
 2786
 2816
 2846
 2870
 2890
 2908
 2916
 2924
 2942
 2962
 2976
 2990
 3000
 3002
 2994
 2976
 2942
 2906
 2864
 2820
 2770
 2720
 2668
 2614
 2564
 2512
 2456
 2402
 2352
 2298
 2250
 2212
 2172
 2130
 2088
 2042
 1996
 1948
 1898
 1856
 1818
 1780
 1742
 1710
 1684
 1668
 1664
 1668
 1676
 1698
 1732
 1772
 1814
 1858
 1902
 1948
 1994
 2036
 2082
 2130
 2178
 2224
 2272
 2318
 2362
 2408
 2452
 2494
 2534
 2566
 2606
 2654
 2698
 2734
 2770
 2804
 2836
 2862
 2886
 2910
 2930
 2942
 2954
 2964
 2974
 2980
 2986
 2992
 2994
 2998
 2998
 2994
 2990
 2994
 3004
 3004
 2994
 2976
 2950
 2916
 2876
 2836
 2792
 2748
 2700
 2652
 2604
 2556
 2508
 2460
 2412
 2366
 2318
 2274
 2228
 2184
 2140
 2098
 2056
 2016
 1978
 1940
 1906
 1872
 1844
 1824
 1808
 1806
 1822
 1848
 1878
 1918
 1958
 1998
 2044
 2090
 2138
 2190
 2240
 2286
 2332
 2378
 2420
 2462
 2502
 2540
 2580
 2616
 2650
 2682
 2712
 2738
 2764
 2788
 2810
 2830
 2850
 2868
 2882
 2894
 2910
 2930
 2946
 2960
 2974
 2982
 2986
 2990
 2992
 2992
 2988
 2976
 2960
 2940
 2916
 2886
 2852
 2816
 2776
 2736
 2694
 2654
 2614
 2568
 2526
 2482
 2438
 2404
 2372
 2336
 2300
 2264
 2226
 2188
 2148
 2110
 2074
 2042
 2010
 1980
 1960
 1946
 1944
 1954
 1974
 1998
 2040
 2086
 2134
 2178
 2226
 2272
 2316
 2354
 2386
 2420
 2454
 2482
 2508
 2536
 2562
 2588
 2618
 2644
 2670
 2696
 2722
 2744
 2774
 2810
 2842
 2868
 2892
 2910
 2928
 2940
 2946
 2952
 2954
 2958
 2956
 2952
 2948
 2944
 2936
 2924
 2908
 2884
 2852
 2828
 2802
 2772
 2738
 2702
 2666
 2628
 2590
 2554
 2518
 2480
 2442
 2400
 2358
 2316
 2270
 2230
 2190
 2146
 2110
 2080
 2052
 2020
 1988
 1956
 1928
 1906
 1890
 1890
 1906
 1930
 1964
 2004
 2052
 2100
 2152
 2206
 2254
 2304
 2348
 2386
 2434
 2490
 2546
 2592
 2634
 2674
 2710
 2744
 2770
 2796
 2822
 2842
 2862
 2878
 2892
 2902
 2906
 2910
 2916
 2920
 2922
 2920
 2918
 2918
 2918
 2918
 2916
 2916
 2918
 2918
 2918
 2914
 2914
 2912
 2908
 2908
 2916
 2928
 2932
 2932
 2924
 2908
 2886
 2854
 2820
 2784
 2742
 2698
 2654
 2608
 2564
 2524
 2480
 2438
 2394
 2352
 2308
 2264
 2222
 2188
 2160
 2128
 2098
 2066
 2032
 1996
 1960
 1926
 1898
 1872
 1850
 1834
 1828
 1830
 1840
 1860
 1892
 1926
 1966
 2024
 2088
 2150
 2212
 2270
 2326
 2378
 2428
 2476
 2524
 2566
 2606
 2644
 2678
 2708
 2734
 2762
 2786
 2806
 2824
 2836
 2848
 2870
 2898
 2916
 2934
 2946
 2952
 2956
 2962
 2964
 2968
 2966
 2964
 2962
 2960
 2954
 2944
 2936
 2928
 2916
 2900
 2876
 2846
 2812
 2776
 2740
 2702
 2660
 2616
 2570
 2524
 2474
 2428
 2378
 2328
 2288
 2256
 2224
 2188
 2154
 2112
 2068
 2024
 1976
 1934
 1894
 1856
 1818
 1782
 1752
 1724
 1714
 1706
 1714
 1730
 1756
 1786
 1830
 1878
 1926
 1978
 2026
 2074
 2114
 2148
 2180
 2210
 2242
 2272
 2302
 2334
 2370
 2400
 2432
 2462
 2492
 2524
 2562
 2604
 2636
 2670
 2704
 2734
 2762
 2786
 2810
 2834
 2850
 2866
 2878
 2886
 2892
 2898
 2902
 2906
 2904
 2898
 2884
 2862
 2842
 2826
 2804
 2774
 2744
 2708
 2670
 2630
 2586
 2542
 2498
 2454
 2408
 2360
 2310
 2260
 2212
 2168
 2118
 2078
 2050
 2020
 1990
 1960
 1930
 1896
 1866
 1846
 1836
 1836
 1842
 1858
 1884
 1914
 1952
 1998
 2048
 2098
 2150
 2198
 2246
 2306
 2374
 2438
 2500
 2560
 2616
 2672
 2720
 2762
 2802
 2838
 2870
 2898
 2918
 2934
 2946
 2948
 2946
 2944
 2932
 2910
 2882
 2842
 2798
 2752
 2702
 2652
 2604
 2554
 2506
 2454
 2406
 2360
 2312
 2278
 2248
 2216
 2180
 2142
 2102
 2062
 2016
 1970
 1924
 1880
 1836
 1788
 1738
 1690
 1640
 1590
 1544
 1502
 1464
 1438
 1426
 1424
 1438
 1468
 1506
 1552
 1602
 1652
 1704
 1756
 1808
 1866
 1926
 1982
 2040
 2090
 2142
 2194
 2244
 2296
 2346
 2392
 2442
 2498
 2548
 2592
 2636
 2674
 2708
 2736
 2762
 2788
 2812
 2832
 2852
 2870
 2886
 2902
 2916
 2932
 2942
 2952
 2958
 2966
 2970
 2978
 2992
 3004
 3014
 3020
 3022
 3020
 3006
 2982
 2954
 2916
 2874
 2830
 2782
 2736
 2684
 2634
 2582
 2528
 2476
 2436
 2400
 2358
 2316
 2272
 2230
 2180
 2130
 2082
 2040
 1996
 1952
 1910
 1870
 1832
 1800
 1770
 1748
 1742
 1744
 1762
 1796
 1836
 1880
 1926
 1974
 2022
 2072
 2116
 2162
 2210
 2254
 2296
 2336
 2378
 2416
 2456
 2490
 2520
 2550
 2578
 2606
 2632
 2660
 2686
 2714
 2740
 2766
 2794
 2818
 2842
 2866
 2886
 2904
 2918
 2932
 2952
 2978
 2996
 3012
 3022
 3018
 3008
 2990
 2966
 2934
 2898
 2856
 2808
 2758
 2706
 2650
 2594
 2538
 2478
 2420
 2358
 2300
 2240
 2186
 2138
 2090
 2040
 1990
 1938
 1888
 1834
 1780
 1732
 1688
 1644
 1598
 1554
 1516
 1484
 1468
 1468
 1478
 1504
 1548
 1604
 1668
 1734
 1800
 1866
 1934
 2000
 2068
 2140
 2206
 2270
 2334
 2392
 2452
 2510
 2574
 2632
 2686
 2738
 2782
 2822
 2870
 2918
 2958
 2992
 3016
 3034
 3050
 3064
 3076
 3086
 3090
 3092
 3092
 3090
 3086
 3076
 3062
 3042
 3014
 2980
 2940
 2894
 2840
 2784
 2724
 2662
 2600
 2538
 2476
 2414
 2354
 2292
 2234
 2182
 2138
 2096
 2050
 2002
 1952
 1902
 1852
 1802
 1756
 1716
 1674
 1634
 1596
 1562
 1534
 1518
 1516
 1522
 1540
 1564
 1596
 1636
 1688
 1742
 1790
 1838
 1886
 1928
 1970
 2010
 2054
 2104
 2152
 2198
 2246
 2294
 2338
 2384
 2428
 2464
 2506
 2554
 2606
 2654
 2698
 2738
 2778
 2810
 2836
 2858
 2882
 2902
 2922
 2938
 2954
 2964
 2972
 2980
 2990
 2998
 3000
 3004
 3002
 3000
 3008
 3022
 3034
 3044
 3052
 3058
 3062
 3064
 3066
 3068
 3064
 3054
 3034
 3010
 2982
 2946
 2908
 2864
 2816
 2766
 2726
 2688
 2644
 2598
 2550
 2498
 2446
 2394
 2344
 2296
 2246
 2196
 2148
 2096
 2046
 1994
 1940
 1890
 1844
 1794
 1754
 1722
 1692
 1660
 1628
 1598
 1576
 1560
 1554
 1564
 1584
 1614
 1654
 1696
 1748
 1800
 1856
 1914
 1976
 2032
 2092
 2160
 2232
 2298
 2360
 2416
 2470
 2524
 2572
 2620
 2670
 2714
 2758
 2800
 2834
 2872
 2902
 2920
 2940
 2958
 2968
 2982
 3004
 3026
 3042
 3058
 3068
 3076
 3082
 3086
 3088
 3084
 3070
 3054
 3028
 2998
 2962
 2920
 2874
 2828
 2778
 2730
 2680
 2630
 2578
 2530
 2480
 2432
 2382
 2334
 2286
 2240
 2194
 2146
 2102
 2060
 2018
 1986
 1960
 1930
 1896
 1862
 1828
 1794
 1766
 1746
 1744
 1756
 1776
 1806
 1842
 1890
 1942
 2002
 2062
 2122
 2182
 2238
 2294
 2348
 2392
 2444
 2504
 2562
 2616
 2666
 2712
 2758
 2798
 2834
 2866
 2894
 2912
 2928
 2942
 2954
 2966
 2976
 2982
 2990
 2996
 2996
 3000
 3010
 3022
 3020
 3008
 2984
 2952
 2914
 2870
 2828
 2778
 2728
 2674
 2624
 2572
 2520
 2470
 2420
 2368
 2318
 2270
 2218
 2176
 2138
 2100
 2058
 2014
 1970
 1924
 1878
 1834
 1796
 1760
 1728
 1700
 1682
 1674
 1678
 1696
 1726
 1770
 1826
 1890
 1954
 2018
 2082
 2140
 2194
 2242
 2290
 2336
 2382
 2420
 2452
 2488
 2520
 2552
 2586
 2618
 2646
 2680
 2714
 2748
 2778
 2810
 2840
 2864
 2894
 2930
 2962
 2982
 3000
 3012
 3026
 3032
 3038
 3042
 3042
 3040
 3036
 3022
 3006
 2984
 2956
 2924
 2888
 2842
 2802
 2770
 2736
 2698
 2658
 2614
 2570
 2522
 2474
 2428
 2386
 2342
 2300
 2256
 2216
 2170
 2126
 2086
 2046
 2006
 1978
 1960
 1948
 1944
 1950
 1960
 1976
 1992
 2010
 2034
 2062
 2094
 2126
 2164
 2208
 2252
 2298
 2342
 2388
 2432
 2468
 2512
 2562
 2608
 2650
 2688
 2724
 2758
 2790
 2818
 2846
 2870
 2886
 2896
 2906
 2918
 2926
 2930
 2934
 2940
 2936
 2938
 2936
 2922
 2900
 2870
 2834
 2790
 2740
 2688
 2636
 2584
 2530
 2478
 2424
 2366
 2308
 2250
 2190
 2136
 2084
 2030
 1986
 1948
 1916
 1884
 1856
 1836
 1828
 1828
 1840
 1862
 1894
 1932
 1972
 2014
 2058
 2100
 2144
 2186
 2222
 2258
 2306
 2350
 2390
 2428
 2462
 2492
 2518
 2542
 2564
 2584
 2602
 2620
 2636
 2650
 2662
 2676
 2686
 2692
 2700
 2704
 2714
 2732
 2752
 2772
 2790
 2810
 2830
 2850
 2868
 2888
 2902
 2912
 2922
 2930
 2934
 2928
 2916
 2896
 2870
 2842
 2804
 2768
 2728
 2686
 2640
 2598
 2556
 2512
 2468
 2420
 2376
 2330
 2288
 2258
 2232
 2202
 2170
 2136
 2098
 2060
 2020
 1986
 1956
 1930
 1904
 1886
 1880
 1880
 1890
 1912
 1938
 1972
 2010
 2048
 2090
 2130
 2170
 2220
 2270
 2318
 2366
 2414
 2464
 2508
 2552
 2596
 2640
 2682
 2724
 2760
 2798
 2836
 2870
 2900
 2928
 2944
 2964
 2990
 3016
 3034
 3050
 3060
 3066
 3062
 3052
 3032
 3002
 2964
 2926
 2884
 2840
 2794
 2746
 2694
 2646
 2598
 2550
 2510
 2478
 2442
 2406
 2370
 2330
 2290
 2250
 2212
 2178
 2142
 2104
 2062
 2020
 1982
 1952
 1934
 1926
 1928
 1952
 1988
 2026
 2070
 2114
 2160
 2208
 2250
 2296
 2344
 2392
 2438
 2484
 2528
 2568
 2608
 2644
 2678
 2706
 2744
 2790
 2828
 2862
 2894
 2918
 2936
 2950
 2962
 2974
 2986
 2992
 2996
 3000
 3000
 2998
 2996
 2998
 2996
 2998
 2994
 2980
 2962
 2946
 2932
 2904
 2872
 2836
 2794
 2754
 2708
 2662
 2618
 2570
 2524
 2474
 2428
 2380
 2330
 2282
 2234
 2184
 2146
 2112
 2074
 2036
 1998
 1958
 1918
 1878
 1844
 1816
 1798
 1788
 1788
 1804
 1828
 1858
 1900
 1942
 1982
 2032
 2086
 2140
 2190
 2236
 2282
 2330
 2366
 2400
 2436
 2470
 2500
 2528
 2554
 2580
 2606
 2632
 2656
 2676
 2698
 2718
 2736
 2766
 2800
 2838
 2870
 2900
 2930
 2956
 2976
 2990
 3006
 3016
 3016
 3008
 2986
 2956
 2922
 2880
 2836
 2788
 2736
 2686
 2634
 2580
 2528
 2474
 2422
 2374
 2326
 2276
 2228
 2176
 2122
 2074
 2032
 1990
 1946
 1900
 1850
 1800
 1750
 1702
 1660
 1622
 1592
 1572
 1562
 1570
 1594
 1632
 1676
 1726
 1778
 1832
 1890
 1944
 2000
 2064
 2130
 2192
 2254
 2310
 2366
 2422
 2476
 2526
 2580
 2630
 2678
 2726
 2768
 2808
 2842
 2876
 2900
 2926
 2962
 2996
 3020
 3036
 3050
 3062
 3070
 3078
 3082
 3088
 3088
 3088
 3084
 3076
 3068
 3060
 3046
 3028
 3002
 2970
 2934
 2892
 2848
 2816
 2784
 2746
 2706
 2666
 2622
 2578
 2530
 2484
 2438
 2392
 2340
 2290
 2236
 2180
 2128
 2076
 2020
 1972
 1932
 1892
 1852
 1810
 1766
 1726
 1686
 1650
 1626
 1610
 1608
 1618
 1640
 1670
 1710
 1758
 1810
 1868
 1934
 2004
 2076
 2142
 2208
 2270
 2330
 2384
 2438
 2496
 2546
 2596
 2644
 2692
 2738
 2780
 2822
 2862
 2900
 2930
 2956
 2980
 2994
 3010
 3036
 3058
 3076
 3092
 3104
 3114
 3118
 3124
 3126
 3118
 3104
 3084
 3050
 3014
 2972
 2924
 2872
 2818
 2760
 2708
 2662
 2612
 2558
 2506
 2450
 2394
 2332
 2272
 2216
 2158
 2100
 2040
 1984
 1928
 1872
 1818
 1764
 1710
 1662
 1616
 1578
 1548
 1528
 1524
 1534
 1558
 1594
 1638
 1690
 1748
 1804
 1866
 1938
 2014
 2088
 2156
 2222
 2288
 2352
 2416
 2478
 2542
 2604
 2660
 2714
 2766
 2812
 2852
 2890
 2926
 2956
 2978
 2996
 3008
 3010
 3022
 3038
 3058
 3072
 3082
 3090
 3096
 3100
 3102
 3100
 3098
 3094
 3092
 3088
 3084
 3080
 3072
 3066
 3052
 3032
 3018
 3002
 2980
 2950
 2912
 2868
 2822
 2772
 2722
 2674
 2626
 2578
 2528
 2480
 2434
 2384
 2338
 2288
 2240
 2198
 2148
 2104
 2068
 2034
 1996
 1960
 1920
 1880
 1844
 1814
 1794
 1786
 1786
 1802
 1826
 1860
 1898
 1940
 1988
 2036
 2088
 2146
 2204
 2256
 2308
 2360
 2410
 2460
 2508
 2558
 2608
 2652
 2694
 2736
 2776
 2814
 2850
 2882
 2912
 2934
 2956
 2974
 2992
 3006
 3012
 3022
 3042
 3058
 3070
 3080
 3088
 3094
 3100
 3100
 3098
 3092
 3082
 3066
 3044
 3012
 2970
 2924
 2874
 2822
 2768
 2708
 2658
 2616
 2572
 2524
 2474
 2424
 2368
 2310
 2250
 2192
 2134
 2078
 2018
 1960
 1906
 1848
 1794
 1744
 1692
 1648
 1610
 1574
 1538
 1504
 1478
 1464
 1460
 1470
 1498
 1536
 1582
 1630
 1682
 1734
 1790
 1848
 1902
 1958
 2018
 2074
 2128
 2190
 2258
 2320
 2380
 2434
 2486
 2534
 2578
 2624
 2668
 2708
 2748
 2784
 2818
 2848
 2876
 2900
 2918
 2936
 2954
 2970
 2980
 2986
 2994
 3000
 3004
 3006
 3010
 3012
 3014
 3014
 3010
 2998
 2982
 2968
 2952
 2928
 2900
 2866
 2828
 2786
 2738
 2690
 2642
 2592
 2540
 2486
 2434
 2380
 2328
 2276
 2224
 2168
 2118
 2064
 2010
 1958
 1916
 1876
 1832
 1790
 1746
 1702
 1666
 1630
 1606
 1594
 1596
 1610
 1632
 1666
 1710
 1760
 1818
 1874
 1928
 1992
 2058
 2122
 2182
 2244
 2304
 2364
 2418
 2470
 2522
 2576
 2626
 2672
 2716
 2756
 2794
 2830
 2864
 2892
 2918
 2936
 2948
 2958
 2978
 3002
 3018
 3034
 3044
 3054
 3060
 3058
 3046
 3026
 2998
 2966
 2930
 2888
 2846
 2802
 2754
 2708
 2662
 2608
 2562
 2524
 2480
 2438
 2392
 2346
 2300
 2252
 2204
 2160
 2118
 2074
 2028
 1984
 1942
 1902
 1866
 1838
 1814
 1806
 1812
 1824
 1844
 1868
 1898
 1930
 1962
 2000
 2040
 2080
 2120
 2162
 2208
 2258
 2308
 2362
 2418
 2468
 2520
 2568
 2610
 2650
 2700
 2752
 2796
 2838
 2876
 2908
 2934
 2952
 2972
 2990
 3002
 3012
 3022
 3026
 3030
 3032
 3024
 3014
 2998
 2974
 2940
 2904
 2864
 2820
 2776
 2732
 2688
 2644
 2600
 2556
 2510
 2468
 2426
 2380
 2344
 2314
 2286
 2254
 2222
 2190
 2154
 2118
 2078
 2044
 2012
 1978
 1952
 1930
 1920
 1918
 1930
 1956
 1988
 2024
 2066
 2110
 2156
 2202
 2254
 2310
 2368
 2424
 2478
 2528
 2576
 2620
 2662
 2706
 2744
 2782
 2820
 2852
 2882
 2906
 2928
 2944
 2952
 2962
 2982
 3004
 3018
 3028
 3036
 3044
 3050
 3052
 3054
 3054
 3054
 3052
 3050
 3044
 3036
 3026
 3008
 2984
 2952
 2918
 2878
 2834
 2792
 2758
 2728
 2688
 2650
 2612
 2572
 2532
 2490
 2450
 2410
 2372
 2332
 2290
 2250
 2208
 2168
 2132
 2092
 2060
 2036
 2014
 2000
 1990
 1988
 1994
 2006
 2024
 2050
 2080
 2112
 2150
 2186
 2222
 2262
 2308
 2350
 2390
 2432
 2470
 2506
 2550
 2600
 2644
 2688
 2726
 2762
 2794
 2822
 2848
 2874
 2896
 2918
 2934
 2950
 2962
 2970
 2976
 2982
 2988
 2994
 2992
 2998
 3012
 3026
 3036
 3042
 3044
 3046
 3048
 3046
 3038
 3024
 3000
 2976
 2944
 2904
 2866
 2826
 2786
 2746
 2704
 2656
 2618
 2586
 2546
 2510
 2470
 2430
 2390
 2348
 2308
 2272
 2234
 2196
 2158
 2120
 2084
 2052
 2018
 1990
 1970
 1960
 1958
 1976
 2008
 2048
 2092
 2142
 2192
 2242
 2296
 2344
 2396
 2446
 2492
 2538
 2580
 2620
 2660
 2698
 2734
 2764
 2794
 2818
 2838
 2866
 2896
 2922
 2944
 2960
 2968
 2976
 2982
 2990
 2994
 2996
 2998
 2998
 2998
 2998
 2994
 2992
 2992
 2992
 2992
 2990
 2992
 2988
 2978
 2970
 2960
 2944
 2924
 2898
 2868
 2830
 2790
 2748
 2706
 2662
 2620
 2572
 2524
 2478
 2432
 2384
 2338
 2292
 2246
 2200
 2156
 2112
 2068
 2026
 1988
 1948
 1914
 1878
 1846
 1818
 1798
 1786
 1788
 1810
 1842
 1886
 1934
 1986
 2040
 2098
 2160
 2218
 2276
 2336
 2394
 2450
 2506
 2556
 2606
 2652
 2698
 2740
 2782
 2818
 2848
 2880
 2904
 2924
 2950
 2976
 2996
 3012
 3024
 3034
 3042
 3046
 3048
 3046
 3042
 3028
 3006
 2976
 2938
 2894
 2850
 2802
 2750
 2706
 2668
 2634
 2596
 2558
 2518
 2478
 2436
 2392
 2348
 2304
 2260
 2212
 2166
 2118
 2072
 2024
 1978
 1934
 1892
 1848
 1820
 1800
 1786
 1782
 1790
 1806
 1836
 1874
 1916
 1964
 2016
 2074
 2128
 2184
 2240
 2294
 2348
 2402
 2450
 2504
 2560
 2612
 2660
 2704
 2744
 2780
 2814
 2844
 2872
 2896
 2916
 2930
 2938
 2946
 2954
 2960
 2966
 2968
 2972
 2974
 2976
 2976
 2966
 2966
 2974
 2984
 2990
 2992
 2988
 2976
 2956
 2926
 2892
 2854
 2810
 2768
 2720
 2672
 2624
 2572
 2518
 2468
 2414
 2366
 2326
 2290
 2248
 2208
 2166
 2122
 2076
 2030
 1984
 1944
 1902
 1864
 1830
 1808
 1796
 1800
 1818
 1846
 1888
 1946
 2006
 2068
 2130
 2192
 2250
 2306
 2354
 2402
 2452
 2498
 2542
 2582
 2622
 2660
 2700
 2736
 2770
 2804
 2838
 2866
 2892
 2910
 2924
 2930
 2942
 2964
 2982
 2994
 3000
 3000
 2992
 2974
 2948
 2916
 2880
 2840
 2800
 2756
 2708
 2658
 2608
 2558
 2510
 2458
 2414
 2374
 2336
 2294
 2252
 2210
 2164
 2116
 2066
 2016
 1970
 1920
 1868
 1820
 1774
 1734
 1702
 1682
 1678
 1684
 1712
 1754
 1802
 1856
 1916
 1976
 2036
 2094
 2150
 2210
 2270
 2326
 2380
 2434
 2490
 2544
 2596
 2646
 2692
 2736
 2774
 2808
 2840
 2880
 2924
 2960
 2990
 3016
 3036
 3046
 3056
 3066
 3074
 3076
 3074
 3064
 3046
 3022
 2988
 2946
 2900
 2852
 2796
 2746
 2702
 2658
 2612
 2566
 2518
 2470
 2420
 2370
 2324
 2278
 2230
 2182
 2134
 2082
 2034
 1982
 1930
 1884
 1838
 1796
 1772
 1752
 1740
 1740
 1748
 1768
 1792
 1822
 1860
 1902
 1948
 1992
 2036
 2082
 2128
 2178
 2226
 2268
 2312
 2356
 2396
 2444
 2494
 2540
 2582
 2622
 2658
 2692
 2720
 2746
 2776
 2802
 2826
 2850
 2870
 2892
 2910
 2930
 2946
 2958
 2964
 2972
 2978
 2984
 2988
 2992
 2996
 2998
 2998
 2998
 2992
 2990
 2978
 2964
 2944
 2910
 2884
 2862
 2834
 2798
 2756
 2712
 2664
 2614
 2562
 2512
 2468
 2420
 2374
 2324
 2278
 2230
 2184
 2136
 2090
 2044
 2002
 1958
 1914
 1872
 1826
 1784
 1742
 1702
 1670
 1650
 1634
 1628
 1640
 1664
 1696
 1730
 1770
 1814
 1860
 1908
 1958
 2010
 2064
 2118
 2172
 2222
 2274
 2322
 2370
 2420
 2466
 2510
 2552
 2594
 2632
 2666
 2698
 2736
 2778
 2816
 2848
 2880
 2906
 2928
 2940
 2954
 2964
 2974
 2980
 2982
 2984
 2986
 2986
 2988
 2986
 2982
 2982
 2988
 2990
 2982
 2968
 2948
 2920
 2884
 2844
 2806
 2766
 2726
 2686
 2648
 2608
 2566
 2522
 2478
 2438
 2394
 2360
 2334
 2302
 2268
 2230
 2188
 2146
 2100
 2056
 2014
 1974
 1932
 1892
 1856
 1828
 1804
 1794
 1794
 1806
 1828
 1866
 1914
 1966
 2020
 2074
 2126
 2176
 2222
 2270
 2320
 2366
 2414
 2458
 2504
 2550
 2594
 2634
 2674
 2710
 2748
 2794
 2832
 2868
 2902
 2930
 2954
 2974
 2988
 2996
 3004
 3010
 3012
 3016
 3014
 3014
 3014
 3014
 3014
 3010
 3004
 2996
 2984
 2960
 2938
 2922
 2898
 2866
 2834
 2792
 2746
 2698
 2650
 2600
 2556
 2506
 2458
 2408
 2360
 2312
 2264
 2216
 2168
 2122
 2074
 2026
 1978
 1934
 1888
 1842
 1798
 1756
 1714
 1678
 1650
 1630
 1624
 1630
 1652
 1680
 1712
 1748
 1788
 1830
 1878
 1930
 1982
 2036
 2086
 2136
 2182
 2226
 2274
 2320
 2370
 2418
 2464
 2506
 2546
 2586
 2622
 2662
 2708
 2752
 2788
 2822
 2854
 2880
 2902
 2916
 2930
 2944
 2954
 2962
 2966
 2972
 2976
 2978
 2982
 2980
 2978
 2986
 2998
 3008
 3016
 3020
 3028
 3022
 3026
 3020
 3006
 2990
 2968
 2940
 2906
 2870
 2834
 2792
 2750
 2704
 2658
 2616
 2568
 2532
 2502
 2472
 2438
 2402
 2368
 2332
 2292
 2252
 2214
 2178
 2136
 2094
 2048
 2006
 1958
 1914
 1870
 1828
 1786
 1758
 1738
 1726
 1718
 1718
 1730
 1752
 1778
 1810
 1852
 1898
 1946
 1992
 2038
 2088
 2136
 2180
 2226
 2268
 2308
 2356
 2410
 2458
 2502
 2542
 2580
 2616
 2650
 2680
 2710
 2738
 2764
 2788
 2812
 2832
 2852
 2870
 2886
 2904
 2918
 2928
 2932
 2934
 2936
 2948
 2964
 2976
 2986
 2992
 2998
 3002
 3004
 3004
 3004
 3000
 2988
 2968
 2944
 2918
 2886
 2848
 2808
 2768
 2722
 2680
 2648
 2614
 2576
 2538
 2496
 2454
 2412
 2368
 2326
 2288
 2246
 2204
 2164
 2122
 2082
 2042
 2002
 1964
 1928
 1896
 1868
 1848
 1836
 1832
 1840
 1854
 1878
 1906
 1938
 1972
 2012
 2050
 2088
 2136
 2182
 2224
 2266
 2304
 2340
 2372
 2402
 2430
 2460
 2488
 2516
 2542
 2566
 2592
 2618
 2642
 2668
 2692
 2714
 2736
 2760
 2776
 2800
 2830
 2858
 2880
 2900
 2912
 2922
 2930
 2936
 2942
 2944
 2948
 2948
 2950
 2948
 2942
 2940
 2940
 2938
 2938
 2936
 2934
 2934
 2940
 2934
 2922
 2904
 2880
 2854
 2820
 2784
 2748
 2708
 2666
 2626
 2582
 2536
 2494
 2450
 2404
 2358
 2316
 2272
 2234
 2206
 2180
 2152
 2124
 2094
 2062
 2032
 1998
 1966
 1938
 1912
 1888
 1872
 1866
 1872
 1890
 1918
 1952
 1990
 2038
 2094
 2150
 2200
 2250
 2298
 2344
 2388
 2430
 2472
 2512
 2550
 2586
 2622
 2656
 2688
 2720
 2750
 2778
 2804
 2826
 2848
 2868
 2882
 2898
 2924
 2948
 2958
 2970
 2980
 2988
 2996
 2998
 3002
 3006
 3008
 3010
 3008
 3008
 3006
 3000
 2992
 2976
 2956
 2930
 2908
 2890
 2862
 2830
 2794
 2758
 2718
 2676
 2634
 2592
 2548
 2502
 2456
 2412
 2370
 2328
