12
35
152
158
255
333
445
546
635
729
824
906
1003
1054
1123
1196
1280
1354
1449
1542
1657
1736
1797
1889
1990
2054
2131
2222
2310
2391
2475
2557
2625
2702
2783
2854
2925
3012
3084
3165
3248
3342
3421
3514
3592
3675
3764
3855
3943
4041
4131
4211
4279
4358
4428
4506
4607
4684
4772
4859
4936
5023
5109
5179
5251
5274
5349
5429
5506
5576
5658
5732
5854
5935
6009
6078
6165
6263
6355
6452
6545
6619
6694
6782
6923
7032
7143
7232
7300
7441
7524
7600
7686
7783
7873
7954
8022
8106
8194
8287
8367
8445
8523
8604
8704
8795
8882
