 2644
 2668
 2696
 2724
 2752
 2778
 2810
 2848
 2882
 2908
 2926
 2944
 2960
 2970
 2980
 2988
 2996
 2998
 3002
 3000
 2996
 2994
 2986
 2980
 2968
 2946
 2920
 2900
 2878
 2848
 2816
 2782
 2742
 2704
 2660
 2622
 2582
 2540
 2496
 2448
 2400
 2354
 2308
 2260
 2216
 2176
 2138
 2098
 2064
 2032
 1998
 1960
 1922
 1884
 1844
 1800
 1756
 1716
 1678
 1648
 1622
 1594
 1564
 1532
 1500
 1474
 1448
 1432
 1436
 1454
 1490
 1534
 1590
 1652
 1720
 1790
 1864
 1946
 2026
 2108
 2190
 2266
 2344
 2422
 2496
 2562
 2628
 2682
 2734
 2790
 2840
 2872
 2906
 2936
 2960
 2972
 2986
 3000
 3014
 3030
 3038
 3036
 3018
 2986
 2942
 2884
 2822
 2760
 2696
 2638
 2588
 2536
 2494
 2462
 2424
 2378
 2324
 2254
 2170
 2070
 1962
 1860
 1762
 1670
 1590
 1526
 1476
 1438
 1416
 1396
 1384
 1382
 1382
 1392
 1404
 1410
 1402
 1398
 1404
 1416
 1436
 1462
 1492
 1524
 1564
 1604
 1636
 1662
 1678
 1680
 1672
 1648
 1624
 1610
 1606
 1614
 1632
 1654
 1686
 1728
 1776
 1828
 1886
 1952
 2024
 2102
 2178
 2252
 2324
 2394
 2454
 2520
 2592
 2658
 2714
 2762
 2802
 2834
 2860
 2884
 2896
 2890
 2874
 2840
 2796
 2740
 2682
 2620
 2556
 2492
 2436
 2374
 2316
 2258
 2206
 2162
 2126
 2120
 2136
 2156
 2176
 2194
 2216
 2242
 2274
 2316
 2358
 2412
 2476
 2548
 2616
 2676
 2728
 2768
 2792
 2798
 2784
 2752
 2704
 2648
 2588
 2524
 2460
 2392
 2328
 2268
 2200
 2142
 2094
 2040
 1982
 1926
 1866
 1810
 1752
 1700
 1652
 1598
 1544
 1498
 1464
 1446
 1442
 1454
 1478
 1514
 1562
 1622
 1686
 1754
 1824
 1894
 1962
 2028
 2094
 2166
 2236
 2306
 2374
 2442
 2508
 2576
 2638
 2694
 2744
 2798
 2856
 2902
 2940
 2976
 3004
 3028
 3048
 3066
 3082
 3092
 3100
 3104
 3110
 3110
 3108
 3100
 3084
 3054
 3012
 2960
 2898
 2834
 2766
 2690
 2622
 2564
 2502
 2438
 2372
 2298
 2228
 2152
 2076
 1998
 1914
 1824
 1732
 1650
 1576
 1516
 1464
 1414
 1372
 1352
 1348
 1354
 1374
 1402
 1440
 1482
 1526
 1580
 1642
 1708
 1772
 1832
 1898
 1964
 2028
 2096
 2166
 2226
 2288
 2360
 2432
 2492
 2550
 2598
 2644
 2688
 2728
 2770
 2810
 2844
 2878
 2908
 2936
 2960
 2982
 3002
 3014
 3026
 3036
 3038
 3040
 3054
 3072
 3082
 3092
 3096
 3096
 3086
 3070
 3044
 3010
 2968
 2920
 2868
 2812
 2754
 2696
 2640
 2582
 2528
 2476
 2424
 2372
 2324
 2274
 2224
 2174
 2126
 2074
 2022
 1970
 1918
 1868
 1836
 1812
 1798
 1792
 1792
 1804
 1826
 1860
 1900
 1954
 2010
 2068
 2130
 2190
 2248
 2310
 2372
 2436
 2494
 2548
 2600
 2650
 2690
 2738
 2790
 2838
 2878
 2916
 2946
 2972
 2994
 3010
 3022
 3032
 3040
 3046
 3048
 3048
 3044
 3044
 3044
 3038
 3038
 3042
 3056
 3064
 3072
 3074
 3078
 3078
 3078
 3074
 3058
 3032
 2994
 2948
 2896
 2844
 2788
 2738
 2686
 2634
 2586
 2536
 2490
 2452
 2420
 2382
 2342
 2300
 2256
 2212
 2166
 2122
 2080
 2038
 1996
 1954
 1918
 1888
 1868
 1860
 1860
 1872
 1898
 1932
 1972
 2014
 2056
 2098
 2140
 2180
 2224
 2270
 2314
 2354
 2394
 2436
 2476
 2520
 2558
 2596
 2638
 2670
 2704
 2750
 2794
 2832
 2866
 2894
 2920
 2938
 2946
 2958
 2970
 2980
 2988
 2996
 3000
 3006
 3012
 3018
 3018
 3020
 3024
 3024
 3022
 3028
 3040
 3048
 3056
 3060
 3062
 3062
 3062
 3064
 3062
 3056
 3050
 3044
 3038
 3030
 3020
 3004
 2988
 2964
 2936
 2900
 2862
 2822
 2780
 2738
 2696
 2654
 2610
 2566
 2522
 2480
 2434
 2394
 2362
 2332
 2300
 2266
 2230
 2192
 2154
 2114
 2078
 2046
 2016
 1988
 1966
 1952
 1950
 1956
 1970
 1998
 2026
 2060
 2098
 2134
 2180
 2232
 2284
 2332
 2382
 2430
 2476
 2518
 2554
 2592
 2632
 2666
 2698
 2728
 2758
 2786
 2810
 2832
 2852
 2866
 2890
 2918
 2944
 2964
 2978
 2986
 2992
 2996
 3002
 3006
 3006
 3008
 3010
 3010
 3008
 3006
 3004
 3004
 3004
 3000
 2994
 2992
 2986
 2988
 2998
 3006
 3014
 3020
 3024
 3028
 3028
 3026
 3024
 3016
 3002
 2982
 2956
 2926
 2890
 2854
 2812
 2770
 2726
 2692
 2660
 2622
 2586
 2544
 2502
 2456
 2408
 2364
 2320
 2274
 2226
 2180
 2132
 2088
 2040
 1996
 1958
 1920
 1888
 1872
 1868
 1876
 1894
 1920
 1956
 1996
 2038
 2086
 2140
 2194
 2248
 2306
 2360
 2418
 2474
 2522
 2572
 2616
 2652
 2694
 2740
 2786
 2822
 2854
 2880
 2902
 2918
 2930
 2944
 2954
 2960
 2964
 2964
 2966
 2968
 2970
 2968
 2970
 2970
 2968
 2968
 2978
 2988
 2996
 3002
 3004
 3004
 3002
 3000
 2998
 2990
 2978
 2958
 2932
 2898
 2860
 2816
 2772
 2724
 2680
 2634
 2588
 2540
 2490
 2440
 2388
 2338
 2284
 2232
 2178
 2128
 2080
 2030
 1982
 1942
 1906
 1866
 1828
 1788
 1750
 1714
 1682
 1658
 1642
 1628
 1626
 1630
 1642
 1662
 1692
 1728
 1774
 1818
 1864
 1916
 1964
 2016
 2076
 2142
 2202
 2260
 2314
 2366
 2412
 2454
 2494
 2538
 2578
 2616
 2652
 2686
 2724
 2758
 2788
 2818
 2840
 2862
 2890
 2920
 2946
 2964
 2978
 2990
 2996
 3002
 3002
 3000
 2994
 2984
 2970
 2950
 2926
 2896
 2862
 2822
 2776
 2724
 2672
 2610
 2554
 2506
 2456
 2400
 2344
 2286
 2228
 2168
 2110
 2056
 2004
 1952
 1900
 1850
 1802
 1754
 1712
 1676
 1640
 1614
 1602
 1602
 1610
 1630
 1656
 1694
 1736
 1780
 1828
 1878
 1928
 1978
 2026
 2076
 2122
 2166
 2212
 2256
 2298
 2348
 2400
 2446
 2490
 2534
 2574
 2612
 2646
 2680
 2712
 2742
 2766
 2794
 2818
 2840
 2862
 2884
 2902
 2914
 2924
 2934
 2942
 2948
 2960
 2980
 2992
 3002
 3010
 3014
 3014
 3016
 3020
 3020
 3018
 3014
 3012
 3008
 2998
 2986
 2972
 2954
 2928
 2898
 2874
 2846
 2812
 2778
 2738
 2698
 2656
 2608
 2564
 2522
 2476
 2430
 2382
 2330
 2278
 2226
 2172
 2122
 2078
 2030
 1992
 1966
 1936
 1910
 1886
 1870
 1862
 1860
 1866
 1886
 1916
 1948
 1988
 2028
 2074
 2128
 2184
 2236
 2288
 2340
 2388
 2438
 2494
 2544
 2590
 2638
 2680
 2724
 2764
 2800
 2838
 2870
 2898
 2922
 2940
 2952
 2966
 2974
 2984
 2986
 2986
 2984
 2988
 2998
 2998
 2988
 2968
 2942
 2906
 2864
 2816
 2770
 2722
 2672
 2622
 2572
 2520
 2472
 2422
 2372
 2324
 2274
 2226
 2174
 2132
 2096
 2060
 2018
 1980
 1940
 1902
 1860
 1822
 1790
 1758
 1732
 1710
 1698
 1698
 1710
 1736
 1772
 1814
 1868
 1926
 1984
 2038
 2090
 2140
 2192
 2240
 2290
 2340
 2390
 2438
 2490
 2540
 2588
 2630
 2674
 2712
 2744
 2772
 2800
 2824
 2848
 2868
 2882
 2898
 2904
 2910
 2928
 2950
 2966
 2980
 2988
 2992
 2996
 2998
 2996
 2990
 2974
 2952
 2928
 2892
 2850
 2802
 2754
 2704
 2658
 2608
 2570
 2536
 2496
 2454
 2412
 2370
 2326
 2282
 2240
 2198
 2158
 2118
 2072
 2030
 1984
 1940
 1896
 1854
 1812
 1780
 1754
 1734
 1718
 1710
 1712
 1726
 1746
 1774
 1812
 1856
 1900
 1948
 1996
 2046
 2100
 2152
 2202
 2252
 2304
 2350
 2402
 2460
 2516
 2566
 2614
 2658
 2702
 2736
 2768
 2798
 2826
 2850
 2874
 2892
 2906
 2924
 2936
 2946
 2952
 2954
 2952
 2962
 2976
 2986
 2992
 2996
 2998
 3002
 3002
 3000
 3000
 2998
 2994
 2988
 2978
 2966
 2956
 2946
 2934
 2926
 2918
 2910
 2914
 2922
 2926
 2932
 2936
 2940
 2944
 2942
 2940
 2936
 2932
 2928
 2924
 2918
 2912
 2896
 2858
 2798
 2728
 2658
 2594
 2532
 2466
 2398
 2332
 2266
 2200
 2138
 2078
 2020
 1964
 1908
 1858
 1814
 1778
 1754
 1746
 1754
 1786
 1834
 1894
 1958
 2024
 2088
 2150
 2208
 2270
 2336
 2398
 2458
 2516
 2572
 2626
 2672
 2714
 2750
 2778
 2804
 2834
 2866
 2892
 2908
 2920
 2930
 2936
 2940
 2944
 2940
 2938
 2936
 2934
 2930
 2928
 2926
 2922
 2920
 2916
 2910
 2906
 2904
 2908
 2900
 2884
 2864
 2836
 2800
 2758
 2714
 2670
 2624
 2578
 2534
 2484
 2436
 2382
 2330
 2282
 2230
 2186
 2148
 2106
 2062
 2018
 1976
 1934
 1892
 1856
 1828
 1804
 1790
 1784
 1792
 1812
 1842
 1884
 1932
 1980
 2036
 2102
 2166
 2228
 2284
 2342
 2396
 2444
 2490
 2542
 2588
 2632
 2670
 2706
 2738
 2770
 2798
 2820
 2844
 2860
 2874
 2886
 2894
 2898
 2908
 2920
 2928
 2936
 2940
 2944
 2946
 2946
 2946
 2948
 2944
 2936
 2934
 2926
 2922
 2914
 2902
 2882
 2860
 2832
 2794
 2756
 2712
 2666
 2622
 2578
 2536
 2492
 2446
 2402
 2356
 2314
 2268
 2226
 2192
 2160
 2124
 2084
 2042
 2000
 1960
 1918
 1880
 1848
 1820
 1798
 1786
 1782
 1788
 1804
 1828
 1864
 1904
 1950
 1996
 2048
 2100
 2152
 2204
 2264
 2326
 2386
 2440
 2494
 2544
 2588
 2630
 2670
 2708
 2742
 2772
 2798
 2822
 2840
 2856
 2870
 2880
 2886
 2898
 2916
 2930
 2934
 2936
 2936
 2936
 2932
 2928
 2922
 2910
 2892
 2868
 2832
 2792
 2750
 2704
 2660
 2616
 2570
 2522
 2478
 2426
 2384
 2346
 2304
 2262
 2218
 2174
 2126
 2076
 2028
 1980
 1930
 1874
 1814
 1756
 1698
 1642
 1592
 1546
 1508
 1488
 1482
 1490
 1506
 1530
 1558
 1594
 1630
 1668
 1708
 1750
 1792
 1830
 1864
 1902
 1938
 1980
 2020
 2058
 2108
 2162
 2216
 2266
 2314
 2362
 2408
 2452
 2498
 2544
 2588
 2630
 2672
 2708
 2744
 2778
 2810
 2842
 2870
 2892
 2912
 2924
 2930
 2936
 2950
 2968
 2982
 2990
 2992
 2990
 2982
 2962
 2936
 2906
 2870
 2834
 2796
 2754
 2718
 2674
 2632
 2588
 2542
 2498
 2466
 2432
 2392
 2352
 2310
 2266
 2220
 2174
 2132
 2092
 2048
 2006
 1962
 1922
 1882
 1844
 1810
 1780
 1754
 1742
 1744
 1758
 1778
 1806
 1842
 1880
 1920
 1964
 2012
 2062
 2110
 2154
 2194
 2238
 2280
 2318
 2360
 2394
 2430
 2466
 2496
 2528
 2564
 2604
 2636
 2666
 2694
 2720
 2748
 2770
 2792
 2816
 2840
 2866
 2892
 2914
 2934
 2952
 2962
 2972
 2982
 2988
 2990
 2986
 2974
 2958
 2932
 2898
 2854
 2810
 2762
 2712
 2660
 2606
 2552
 2498
 2450
 2410
 2372
 2328
 2284
 2238
 2192
 2144
 2102
 2058
 2018
 1978
 1938
 1898
 1860
 1826
 1796
 1772
 1754
 1746
 1748
 1756
 1770
 1800
 1834
 1864
 1902
 1942
 1980
 2020
 2056
 2098
 2148
 2194
 2246
 2294
 2346
 2398
 2448
 2500
 2548
 2590
 2638
 2690
 2740
 2784
 2822
 2858
 2888
 2912
 2934
 2952
 2966
 2976
 2986
 2992
 2996
 2992
 2992
 2988
 2984
 2974
 2958
 2934
 2906
 2874
 2842
 2812
 2780
 2746
 2708
 2674
 2640
 2600
 2560
 2524
 2484
 2444
 2400
 2356
 2314
 2268
 2224
 2182
 2134
 2098
 2064
 2028
 1990
 1954
 1918
 1886
 1862
 1846
 1842
 1852
 1870
 1898
 1934
 1982
 2026
 2078
 2136
 2186
 2240
 2300
 2362
 2420
 2472
 2520
 2566
 2606
 2644
 2684
 2718
 2748
 2776
 2800
 2820
 2838
 2856
 2872
 2888
 2900
 2912
 2922
 2928
 2928
 2938
 2956
 2972
 2984
 2996
 3004
 3008
 3010
 3002
 2988
 2962
 2934
 2900
 2862
 2822
 2778
 2736
 2692
 2648
 2604
 2560
 2516
 2474
 2432
 2390
 2348
 2308
 2268
 2226
 2186
 2144
 2106
 2066
 2032
 2008
 1986
 1966
 1948
 1934
 1926
 1928
 1934
 1948
 1970
 1998
 2026
 2054
 2082
 2112
 2148
 2186
 2224
 2264
 2302
 2346
 2390
 2432
 2472
 2518
 2574
 2626
 2672
 2716
 2756
 2792
 2822
 2850
 2874
 2894
 2910
 2922
 2934
 2944
 2946
 2946
 2948
 2944
 2942
 2946
 2950
 2946
 2938
 2922
 2896
 2862
 2826
 2788
 2750
 2710
 2672
 2632
 2590
 2550
 2506
 2466
 2426
 2384
 2346
 2306
 2268
 2240
 2210
 2180
 2148
 2108
 2072
 2034
 1994
 1958
 1930
 1904
 1888
 1880
 1884
 1898
 1922
 1956
 1992
 2038
 2092
 2152
 2208
 2262
 2316
 2370
 2420
 2468
 2514
 2560
 2606
 2648
 2688
 2726
 2764
 2796
 2824
 2846
 2864
 2882
 2904
 2932
 2952
 2970
 2980
 2986
 2990
 2994
 3000
 3002
 3002
 3000
 2998
 2996
 2990
 2980
 2968
 2954
 2932
 2904
 2872
 2834
 2804
 2774
 2740
 2708
 2674
 2640
 2604
 2566
 2532
 2496
 2462
 2426
 2388
 2350
 2310
 2270
 2234
 2196
 2156
 2126
 2098
 2068
 2036
 2004
 1974
 1948
 1928
 1920
 1924
 1938
 1956
 1980
 2014
 2052
 2096
 2138
 2180
 2226
 2270
 2312
 2364
 2422
 2476
 2528
 2578
 2626
 2670
 2710
 2748
 2786
 2820
 2848
 2874
 2894
 2910
 2926
 2938
 2944
 2948
 2950
 2954
 2956
 2956
 2950
 2948
 2946
 2944
 2942
 2938
 2934
 2924
 2908
 2884
 2852
 2812
 2784
 2756
 2724
 2690
 2656
 2616
 2576
 2534
 2494
 2456
 2416
 2376
 2334
 2292
 2250
 2208
 2164
 2120
 2074
 2028
 1988
 1952
 1918
 1898
 1892
 1898
 1914
 1940
 1976
 2020
 2066
 2118
 2176
 2234
 2294
 2352
 2408
 2464
 2516
 2564
 2610
 2646
 2684
 2728
 2770
 2804
 2834
 2860
 2884
 2902
 2916
 2930
 2936
 2938
 2938
 2938
 2938
 2936
 2934
 2936
 2934
 2934
 2932
 2926
 2924
 2920
 2920
 2924
 2938
 2948
 2958
 2966
 2968
 2970
 2964
 2952
 2934
 2904
 2864
 2820
 2772
 2722
 2672
 2628
 2582
 2534
 2492
 2458
 2426
 2390
 2354
 2316
 2276
 2230
 2188
 2146
 2104
 2064
 2022
 1978
 1940
 1902
 1870
 1848
 1830
 1828
 1844
 1868
 1900
 1940
 1980
 2024
 2068
 2112
 2160
 2212
 2258
 2304
 2352
 2400
 2448
 2498
 2544
 2582
 2620
 2656
 2686
 2724
 2766
 2804
 2836
 2862
 2884
 2898
 2908
 2918
 2928
 2934
 2938
 2942
 2942
 2942
 2940
 2934
 2928
 2922
 2912
 2898
 2880
 2860
 2832
 2800
 2764
 2724
 2686
 2646
 2602
 2562
 2520
 2478
 2432
 2384
 2344
 2310
 2274
 2236
 2194
 2148
 2102
 2054
 2006
 1962
 1922
 1880
 1840
 1806
 1782
 1768
 1766
 1776
 1790
 1814
 1850
 1888
 1930
 1984
 2042
 2098
 2156
 2212
 2268
 2318
 2366
 2414
 2462
 2506
 2552
 2592
 2630
 2664
 2696
 2722
 2744
 2766
 2796
 2826
 2850
 2870
 2886
 2900
 2912
 2920
 2928
 2930
 2932
 2934
 2932
 2930
 2924
 2918
 2916
 2912
 2910
 2904
 2896
 2880
 2856
 2830
 2802
 2774
 2738
 2704
 2668
 2636
 2596
 2560
 2522
 2484
 2444
 2404
 2358
 2318
 2274
 2230
 2188
 2142
 2100
 2066
 2028
 1988
 1948
 1906
 1864
 1826
 1794
 1774
 1764
 1766
 1780
 1802
 1830
 1864
 1902
 1952
 2004
 2060
 2118
 2190
 2264
 2334
 2396
 2456
 2510
 2562
 2610
 2656
 2698
 2736
 2768
 2796
 2822
 2844
 2862
 2882
 2894
 2906
 2916
 2922
 2920
 2924
 2938
 2950
 2958
 2962
 2964
 2966
 2966
 2968
 2966
 2964
 2960
 2952
 2938
 2914
 2892
 2858
 2824
 2786
 2746
 2700
 2668
 2638
 2604
 2568
 2532
 2492
 2450
 2408
 2366
 2326
 2282
 2236
 2190
 2146
 2100
 2058
 2016
 1974
 1940
 1900
 1870
 1854
 1846
 1846
 1854
 1868
 1892
 1920
 1952
 1990
 2028
 2068
 2110
 2152
 2192
 2234
 2280
 2330
 2382
 2434
 2480
 2528
 2570
 2612
 2650
 2684
 2716
 2742
 2768
 2790
 2810
 2828
 2846
 2858
 2872
 2880
 2884
 2894
 2908
 2920
 2928
 2936
 2940
 2944
 2946
 2948
 2948
 2942
 2928
 2908
 2882
 2852
 2814
 2772
 2728
 2680
 2636
 2588
 2540
 2496
 2444
 2400
 2366
 2330
 2292
 2248
 2202
 2158
 2108
 2060
 2014
 1972
 1926
 1878
 1832
 1786
 1744
 1708
 1678
 1654
 1648
 1654
 1674
 1702
 1732
 1768
 1804
 1842
 1882
 1924
 1966
 2010
 2054
 2098
 2144
 2194
 2246
 2302
 2356
 2408
 2458
 2504
 2548
 2602
 2658
 2708
 2752
 2790
 2826
 2858
 2886
 2910
 2930
 2942
 2952
 2960
 2968
 2974
 2980
 2982
 2984
 2986
 2984
 2984
 2992
 2998
 3000
 2998
 2986
 2970
 2948
 2924
 2898
 2868
 2836
 2802
 2766
 2732
 2696
 2660
 2618
 2576
 2532
 2486
 2438
 2388
 2340
 2292
 2246
 2200
 2154
 2110
 2064
 2018
 1972
 1928
 1886
 1844
 1808
 1782
 1768
 1758
 1760
 1774
 1796
 1828
 1862
 1906
 1956
 2012
 2066
 2118
 2172
 2226
 2280
 2336
 2386
 2434
 2484
 2524
 2564
 2612
 2660
 2702
 2742
 2776
 2806
 2834
 2858
 2880
 2902
 2918
 2932
 2938
 2946
 2952
 2956
 2958
 2958
 2956
 2962
 2974
 2984
 2986
 2988
 2988
 2982
 2968
 2950
 2924
 2892
 2856
 2812
 2766
 2720
 2674
 2630
 2588
 2544
 2502
 2460
 2416
 2376
 2346
 2316
 2282
 2248
 2210
 2170
 2130
 2088
 2050
 2014
 1978
 1940
 1904
 1870
 1848
 1834
 1836
 1844
 1874
 1914
 1964
 2014
 2066
 2118
 2170
 2224
 2278
 2334
 2394
 2450
 2506
 2560
 2610
 2656
 2702
 2748
 2786
 2820
 2852
 2878
 2904
 2936
 2970
 2994
 3012
 3022
 3032
 3038
 3042
 3044
 3040
 3034
 3028
 3020
 3004
 2984
 2960
 2930
 2896
 2854
 2810
 2764
 2718
 2670
 2622
 2576
 2530
 2480
 2430
 2382
 2336
 2288
 2240
 2188
 2140
 2094
 2046
 2002
 1970
 1938
 1904
 1872
 1840
 1806
 1776
 1748
 1726
 1714
 1710
 1716
 1734
 1758
 1790
 1828
 1874
 1926
 1974
 2026
 2078
 2128
 2180
 2240
 2306
 2362
 2416
 2472
 2520
 2564
 2604
 2640
 2678
 2710
 2740
 2768
 2790
 2814
 2834
 2852
 2866
 2876
 2890
 2914
 2938
 2958
 2972
 2978
 2984
 2988
 2990
 2990
 2980
 2962
 2940
 2910
 2874
 2832
 2788
 2742
 2696
 2646
 2596
 2550
 2498
 2452
 2418
 2380
 2336
 2288
 2240
 2190
 2142
 2092
 2048
 2006
 1964
 1922
 1880
 1842
 1804
 1772
 1748
 1728
 1724
 1736
 1758
 1790
 1828
 1866
 1910
 1952
 1996
 2046
 2098
 2146
 2194
 2244
 2292
 2342
 2390
 2436
 2482
 2528
 2564
 2608
 2658
 2706
 2748
 2784
 2818
 2850
 2878
 2902
 2924
 2944
 2956
 2964
 2968
 2974
 2976
 2980
 2980
 2980
 2978
 2972
 2956
 2940
 2928
 2912
 2890
 2862
 2830
 2792
 2750
 2708
 2664
 2620
 2572
 2526
 2480
 2436
 2390
 2344
 2302
 2262
 2216
 2180
 2150
 2120
 2088
 2056
 2024
 1996
 1968
 1946
 1936
 1932
 1934
 1944
 1958
 1978
 2004
 2034
 2064
 2096
 2132
 2166
 2202
 2246
 2294
 2344
 2392
 2440
 2486
 2528
 2568
 2606
 2646
 2682
 2714
 2742
 2766
 2790
 2812
 2830
 2850
 2866
 2882
 2894
 2908
 2916
 2920
 2922
 2924
 2926
 2926
 2924
 2918
 2906
 2890
 2864
 2834
 2798
 2760
 2720
 2680
 2654
 2630
 2600
 2570
 2536
 2500
 2464
 2426
 2388
 2356
 2320
 2280
 2242
 2202
 2164
 2126
 2088
 2052
 2016
 1982
 1952
 1924
 1898
 1884
 1882
 1886
 1898
 1918
 1946
 1976
 2014
 2054
 2098
 2144
 2186
 2230
 2272
 2314
 2354
 2396
 2438
 2480
 2514
 2558
 2604
 2650
 2690
 2728
 2764
 2798
 2828
 2856
 2886
 2910
 2928
 2940
 2948
 2958
 2966
 2972
 2976
 2982
 2984
 2986
 2986
 2976
 2964
 2956
 2946
 2924
 2900
 2866
 2830
 2792
 2750
 2710
 2670
 2628
 2586
 2540
 2492
 2446
 2398
 2352
 2306
 2260
 2214
 2168
 2124
 2078
 2032
 1986
 1940
 1894
 1848
 1802
 1754
 1708
 1668
 1634
 1608
 1598
 1606
 1626
 1656
 1702
 1752
 1806
 1864
 1924
 1990
 2060
 2126
 2192
 2254
 2318
 2380
 2438
 2498
 2554
 2606
 2656
 2700
 2738
 2776
 2818
 2866
 2900
 2934
 2958
 2974
 2986
 2998
 3008
 3016
 3020
 3022
 3022
 3022
 3018
 3012
 3006
 3002
 2996
 2996
 2994
 2982
 2960
 2932
 2898
 2858
 2814
 2768
 2720
 2672
 2620
 2564
 2506
 2450
 2394
 2338
 2278
 2220
 2168
 2110
 2064
 2024
 1986
 1946
 1902
 1858
 1818
 1774
 1734
 1702
 1678
 1662
 1656
 1662
 1678
 1710
 1754
 1804
 1856
 1922
 1996
 2066
 2132
 2192
 2250
 2304
 2352
 2398
 2446
 2492
 2540
 2584
 2626
 2670
 2708
 2744
 2778
 2808
 2836
 2862
 2886
 2906
 2926
 2938
 2952
 2974
 2996
 3008
 3024
 3030
 3034
 3036
 3040
 3040
 3038
 3032
 3026
 3014
 2998
 2978
 2952
 2922
 2886
 2846
 2800
 2752
 2704
 2652
 2602
 2552
 2504
 2454
 2408
 2356
 2306
 2252
 2202
 2148
 2092
 2046
 2008
 1970
 1930
 1888
 1844
 1800
 1756
 1720
 1694
 1676
 1672
 1672
 1684
 1706
 1742
 1790
 1842
 1896
 1948
 2000
 2054
 2098
 2146
 2200
 2258
 2312
 2366
 2414
 2460
 2502
 2544
 2584
 2624
 2664
 2700
 2734
 2766
 2796
 2820
 2840
 2862
 2878
 2892
 2916
 2938
 2950
 2962
 2972
 2978
 2984
 2988
 2990
 2994
 2992
 2990
 2984
 2980
 2976
 2970
 2962
 2946
 2924
 2896
 2860
 2818
 2782
 2748
 2708
 2668
 2626
 2582
 2538
 2490
 2446
 2406
 2364
 2324
 2280
 2236
 2196
 2150
 2110
 2070
 2030
 2002
 1982
 1962
 1944
 1932
 1924
 1926
 1932
 1946
 1968
 1996
 2030
 2062
 2098
 2136
 2176
 2214
 2254
 2296
 2330
 2366
 2410
 2458
 2500
 2540
 2578
 2616
 2648
 2682
 2710
 2740
 2766
 2790
 2812
 2828
 2844
 2858
 2870
 2880
 2888
 2896
 2898
 2904
 2906
 2910
 2910
 2910
 2910
 2910
 2912
 2910
 2910
 2910
 2908
 2910
 2922
 2936
 2946
 2954
 2958
 2958
 2948
 2932
 2912
 2888
 2854
 2818
 2782
 2740
 2696
 2654
 2610
 2564
 2522
 2474
 2428
 2382
 2338
 2292
 2258
 2230
 2200
 2170
 2140
 2110
 2080
 2044
 2012
 1982
 1954
 1926
 1902
 1886
 1878
 1880
 1894
 1920
 1950
 1984
 2028
 2084
 2136
 2184
 2230
 2274
 2318
 2360
 2400
 2444
 2488
 2530
 2572
 2612
 2652
 2690
 2728
 2762
 2792
 2818
 2838
 2854
 2874
 2896
 2910
 2924
 2934
 2936
 2942
 2944
 2946
 2948
 2946
 2940
 2930
 2912
 2884
 2850
 2810
 2766
 2720
 2670
 2620
 2578
 2542
 2496
 2450
 2400
 2348
 2294
 2238
 2184
 2134
 2084
 2032
 1982
 1932
 1880
 1832
 1788
 1746
 1706
 1678
 1658
 1644
 1640
 1648
 1666
 1692
 1722
 1760
 1808
 1862
 1916
 1972
 2030
 2092
 2158
 2220
 2280
 2340
 2398
 2452
 2514
 2580
 2638
 2690
 2738
 2784
 2824
 2856
 2888
 2916
 2940
 2962
 2978
 2986
 2990
 2996
 3000
 3006
 3006
 3008
 3010
 3006
 3000
 2998
 2994
 2976
 2954
 2924
 2884
 2840
 2794
 2748
 2700
 2654
 2604
 2554
 2502
 2452
 2406
 2358
 2308
 2262
 2218
 2172
 2130
 2088
 2046
 2006
 1964
 1924
 1890
 1852
 1816
 1782
 1756
 1734
 1724
 1732
 1754
 1788
 1828
 1872
 1920
 1974
 2030
 2090
 2150
 2214
 2276
 2340
 2398
 2456
 2512
 2568
 2620
 2670
 2714
 2754
 2790
 2818
 2846
 2878
 2914
 2940
 2960
 2976
 2988
 2998
 3004
 3006
 3008
 3010
 3012
 3010
 3008
 3004
 2998
 2990
 2972
 2940
 2910
 2884
 2852
 2810
 2770
 2726
 2678
 2628
 2578
 2530
 2482
 2434
 2382
 2334
 2284
 2236
 2188
 2138
 2088
 2044
 1994
 1952
 1920
 1888
 1854
 1822
 1790
 1756
 1726
 1702
 1690
 1688
 1698
 1716
 1748
 1786
 1830
 1886
 1944
 2002
 2076
 2154
 2232
 2306
 2382
 2452
 2518
 2580
 2640
 2700
 2754
 2802
 2848
 2890
 2928
 2964
 2996
 3026
 3046
 3058
 3068
 3072
 3074
 3080
 3082
 3066
 3040
 2998
 2952
 2894
 2834
 2776
 2718
 2660
 2602
 2546
 2490
 2436
 2380
 2324
 2268
 2212
 2154
 2110
 2068
 2020
 1972
 1924
 1876
 1828
 1778
 1734
 1694
 1654
 1620
 1592
 1578
 1574
 1588
 1616
 1650
 1698
 1756
 1822
 1888
 1956
 2022
 2090
 2152
 2214
 2278
 2338
 2398
 2456
 2512
 2568
 2618
 2670
 2718
 2766
 2808
 2844
 2878
 2904
 2922
 2946
 2980
 3006
 3026
 3044
 3056
 3066
 3072
 3078
 3078
 3074
 3074
 3072
 3068
 3062
 3060
 3052
 3046
 3030
 3002
 2972
 2944
 2912
 2872
 2828
 2782
 2732
 2678
 2624
 2574
 2524
 2472
 2422
 2368
 2314
 2266
 2214
 2162
 2114
 2062
 2014
 1976
 1940
 1900
 1860
 1824
 1788
 1758
 1734
 1722
 1724
 1734
 1756
 1788
 1828
 1872
 1920
 1970
 2014
 2064
 2114
 2156
 2204
 2262
 2324
 2388
 2446
 2500
 2556
 2610
 2658
 2708
 2756
 2798
 2838
 2872
 2900
 2926
 2946
 2958
 2968
 2976
 2982
 2984
 2982
 2980
 2978
 2976
 2974
 2972
 2968
 2960
 2948
 2922
 2890
 2852
 2808
 2772
 2742
 2708
 2670
 2628
 2586
 2540
 2496
 2450
 2404
 2362
 2314
 2266
 2218
 2170
 2124
 2078
 2036
 1996
 1956
 1920
 1886
 1860
 1844
 1836
 1844
 1858
 1880
 1912
 1946
 1988
 2038
 2086
 2142
 2208
 2276
 2340
 2406
 2470
 2526
 2580
 2630
 2678
 2724
 2766
 2804
 2838
 2866
 2892
 2914
 2932
 2946
 2954
 2962
 2968
 2974
 2976
 2974
 2972
 2966
 2964
 2958
 2940
 2914
 2884
 2844
 2798
 2752
 2704
 2658
 2610
 2564
 2520
 2474
 2426
 2380
 2336
 2286
 2242
 2206
 2170
 2132
 2096
 2054
 2012
 1966
 1918
 1876
 1834
 1794
 1752
 1714
 1688
 1666
 1658
 1660
 1670
 1698
 1738
 1782
 1828
 1880
 1930
 1980
 2034
 2082
 2132
 2188
 2236
 2286
 2330
 2372
 2420
 2466
 2508
 2548
 2586
 2624
 2672
 2722
 2764
 2804
 2842
 2874
 2902
 2928
 2946
 2964
 2976
 2988
 2996
 3000
 3004
 3006
 3004
 3002
 2998
 2980
 2960
 2944
 2918
 2882
 2846
 2804
 2762
 2714
 2668
 2622
 2578
 2530
 2482
 2436
 2390
 2344
 2298
 2254
 2212
 2164
 2128
 2098
 2066
 2030
 1990
 1948
 1906
 1862
 1820
 1788
 1762
 1744
 1736
 1740
 1758
 1786
 1818
 1860
 1908
 1954
 2010
 2072
 2136
 2196
 2254
 2310
 2362
 2410
 2454
 2504
 2552
 2596
 2642
 2686
 2728
 2772
 2812
 2852
 2884
 2916
 2944
 2964
 2984
 3008
 3028
 3040
 3052
 3062
 3068
 3070
 3070
 3066
 3060
 3042
 3016
 2984
 2944
 2898
 2848
 2798
 2744
 2690
 2636
 2584
 2534
 2482
 2432
 2380
 2332
 2286
 2238
 2192
 2144
 2098
 2048
 2002
 1958
 1910
 1874
 1844
 1816
 1788
 1762
 1744
 1732
 1728
 1738
 1758
 1790
 1832
 1878
 1924
 1976
 2030
 2088
 2148
 2208
 2262
 2316
 2372
 2426
 2476
 2534
 2594
 2652
 2704
 2750
 2794
 2834
 2868
 2896
 2922
 2944
 2958
 2962
 2968
 2972
 2976
 2976
 2978
 2978
 2978
 2978
 2978
 2974
 2972
 2970
 2964
 2952
 2930
 2902
 2866
 2826
 2780
 2732
 2684
 2644
 2610
 2568
 2524
 2482
 2434
 2386
 2338
 2292
 2246
 2202
 2154
 2106
 2058
 2010
 1964
 1916
 1870
 1830
 1794
 1764
 1752
 1754
 1766
 1786
 1818
 1854
 1898
 1948
 2002
 2064
 2126
 2188
 2248
 2308
 2366
 2418
 2474
 2528
 2572
 2622
 2674
 2722
 2766
 2804
 2838
 2870
 2892
 2912
 2930
 2944
 2956
 2964
 2966
 2966
 2972
 2974
 2978
 2978
 2980
 2980
 2980
 2980
 2986
 3000
 3010
 3018
 3022
 3020
 3020
 3022
 3020
 3014
 3000
 2982
 2956
 2922
 2882
 2832
 2784
 2734
 2680
 2632
 2594
 2552
 2508
 2466
 2418
 2372
 2324
 2276
 2232
 2188
 2142
 2100
 2060
 2022
 1988
 1956
 1930
 1906
 1882
 1868
 1864
 1862
 1864
 1874
 1888
 1910
 1936
 1966
 1998
 2036
 2072
 2104
 2140
 2176
 2216
 2258
 2302
 2346
 2390
 2432
 2480
 2534
 2584
 2628
 2668
 2708
 2744
 2774
 2804
 2832
 2858
 2882
 2900
 2918
 2928
 2934
 2938
 2942
 2946
 2950
 2952
 2952
 2954
 2956
 2954
 2950
 2950
 2948
 2948
 2946
 2944
 2944
 2938
 2930
 2916
 2894
 2866
 2848
 2824
 2794
 2760
 2722
 2684
 2642
 2600
 2560
 2520
 2480
 2436
 2392
 2348
 2304
 2262
 2216
 2172
 2126
 2082
 2042
 2002
 1964
 1934
 1910
 1888
 1868
 1856
 1850
 1852
 1864
 1886
 1918
 1958
 2002
 2050
 2102
 2158
 2212
 2266
 2322
 2372
 2422
 2484
 2542
 2594
 2642
 2688
 2730
 2768
 2796
 2828
 2856
 2878
 2898
 2916
 2928
 2938
 2942
 2948
 2952
 2958
 2960
 2960
 2960
 2960
 2958
 2964
 2978
 2990
 2998
 3004
 3008
 3006
 3000
 2988
 2968
 2938
 2898
 2856
 2808
 2760
 2710
 2662
 2612
 2562
 2516
 2468
 2424
 2378
 2336
 2292
 2248
 2206
 2162
 2116
 2070
 2024
 1978
 1928
 1888
 1854
 1820
 1786
 1750
 1716
 1686
 1662
 1652
 1652
 1664
 1688
 1722
 1764
 1814
 1866
 1926
 1986
 2046
 2102
 2158
 2208
 2254
 2310
 2368
 2426
 2474
 2520
 2560
 2600
 2632
 2660
 2688
 2714
 2738
 2758
 2774
 2790
 2804
 2818
 2830
 2840
 2852
 2872
 2894
 2916
 2936
 2948
 2956
 2962
 2966
 2974
 2976
 2978
 2978
 2978
 2972
 2966
 2948
 2928
 2904
 2876
 2844
 2808
 2772
 2732
 2698
 2672
 2642
 2610
 2578
 2544
 2510
 2472
 2438
 2404
 2368
 2332
 2292
 2250
 2204
 2160
 2116
 2074
 2028
 1992
 1958
 1924
 1886
 1850
 1810
 1774
 1744
 1724
 1714
 1716
 1726
 1748
 1784
 1824
 1868
 1914
 1962
 2014
 2062
 2116
 2176
 2242
 2304
 2364
 2420
 2472
 2520
 2564
 2608
 2652
 2694
 2732
 2768
 2802
 2832
 2860
 2884
 2904
 2920
 2934
 2946
 2954
 2960
 2962
 2966
 2968
 2966
 2962
 2960
 2960
 2960
 2960
 2956
 2950
 2936
 2912
 2886
 2860
 2832
 2798
 2762
 2724
 2682
 2638
 2594
 2548
 2508
 2464
 2416
 2366
 2318
 2270
 2222
 2174
 2126
 2076
 2030
 1986
 1942
 1896
 1854
 1814
 1774
 1734
 1698
 1668
 1644
 1634
 1638
 1656
 1684
 1720
 1766
 1814
 1866
 1916
 1964
 2018
 2074
 2130
 2180
 2236
 2294
 2350
 2408
 2466
 2520
 2574
 2626
 2676
 2718
 2758
 2796
 2824
 2850
 2882
 2910
 2932
 2950
 2964
 2976
 2986
 2992
 2998
 3002
 3002
 3000
 2988
 2970
 2946
 2918
 2882
 2840
 2798
 2750
 2708
 2672
 2638
 2600
 2564
 2526
 2488
 2450
 2408
 2368
 2332
 2288
 2242
 2194
 2148
 2102
 2054
 2010
 1970
 1926
 1890
 1864
 1840
 1820
 1806
 1802
 1808
 1822
 1848
 1884
 1928
 1976
 2028
 2082
 2140
 2204
 2266
 2328
 2390
 2446
 2498
 2556
 2620
 2676
 2726
 2774
 2814
 2852
 2882
 2910
 2934
 2950
 2960
 2966
 2974
 2980
 2982
 2988
 2990
 2992
 2994
 2988
 2984
 2988
 2998
 3004
 3006
 2998
 2980
 2952
 2920
 2884
 2840
 2794
 2748
 2698
 2646
 2594
 2544
 2494
 2444
 2396
 2348
 2300
 2252
 2204
 2156
 2110
 2062
 2016
 1970
 1924
 1880
 1838
 1792
 1756
 1730
 1708
 1688
 1676
 1670
 1678
 1698
 1724
 1758
 1804
 1850
 1902
 1952
 2002
 2048
 2098
 2150
 2204
 2250
 2298
 2346
 2392
 2438
 2492
 2550
 2604
 2656
 2706
 2752
 2792
 2830
 2862
 2896
 2920
 2944
 2960
 2968
 2974
 2980
 2986
 2988
 2990
 2992
 2992
 2990
 2982
 2966
 2944
 2916
 2880
 2840
 2796
 2750
 2704
 2654
 2606
 2566
 2532
 2496
 2460
 2420
 2380
 2340
 2296
 2256
 2218
 2180
 2144
 2108
 2068
 2030
 1992
 1958
 1930
 1910
 1902
 1902
 1918
 1950
 1990
 2038
 2090
 2144
 2200
 2258
 2314
 2374
 2434
 2492
 2546
 2596
 2646
 2690
 2730
 2768
 2800
 2830
 2864
 2900
 2930
 2952
 2966
 2978
 2990
 2996
 3000
 3006
 3006
 3006
 3004
 3000
 2990
 2974
 2952
 2926
 2888
 2844
 2794
 2744
 2698
 2660
 2618
 2576
 2532
 2490
 2444
 2396
 2352
 2306
 2262
 2214
 2162
 2114
 2064
 2018
 1972
 1922
 1880
 1852
 1826
 1806
 1792
 1788
 1792
 1806
 1832
 1870
 1918
 1972
 2030
 2090
 2154
 2220
 2282
 2340
 2398
 2450
 2500
 2554
 2612
 2658
 2702
 2740
 2774
 2804
 2828
 2854
 2876
 2894
 2908
 2916
 2918
 2920
 2924
 2928
 2930
 2932
 2932
 2934
 2930
 2932
 2942
 2954
 2962
 2970
 2972
 2972
 2972
 2972
 2972
 2970
 2962
 2952
 2936
 2916
 2890
 2858
 2820
 2778
 2736
 2692
 2648
 2600
 2556
 2510
 2466
 2420
 2378
 2336
 2294
 2250
 2208
 2166
 2122
 2084
 2052
 2020
 1984
 1944
 1900
 1858
 1810
 1764
 1726
 1694
 1668
 1652
 1646
 1654
 1674
 1708
 1754
 1806
 1864
 1924
 1986
 2048
 2104
 2170
 2240
 2312
 2380
 2444
 2504
 2562
 2610
 2658
 2704
 2744
 2782
 2818
 2848
 2876
 2898
 2914
 2930
 2936
 2942
 2954
 2972
 2984
 2990
 2994
 2992
 2980
 2960
 2928
 2892
 2850
 2804
 2754
 2702
 2650
 2598
 2546
 2494
 2442
 2392
 2344
 2294
 2248
 2210
 2176
 2138
 2102
 2062
 2020
 1978
 1934
 1898
 1862
 1836
 1812
 1796
 1790
 1796
 1812
 1842
 1874
 1916
 1970
 2030
 2086
 2142
 2200
 2256
 2310
 2362
 2416
 2468
 2520
 2570
 2618
 2662
 2706
 2748
 2786
 2818
 2846
 2866
 2890
 2920
 2950
 2974
 2992
 3004
 3010
 3014
 3018
 3020
 3022
 3022
 3020
 3018
 3016
 3010
 3006
 2998
 2994
 2988
 2978
 2960
 2944
 2932
 2910
 2886
 2854
 2818
 2778
 2736
 2696
 2656
 2614
 2570
 2522
 2474
 2426
 2374
 2330
 2284
 2236
 2198
 2166
 2130
 2094
 2054
 2014
 1974
 1930
 1896
 1870
 1848
 1838
 1836
 1846
 1868
 1900
 1938
 1976
 2018
 2064
 2108
 2154
 2212
 2274
 2334
 2394
 2452
 2506
 2556
 2600
 2646
 2690
 2730
 2768
 2800
 2830
 2858
 2880
 2900
 2918
 2928
 2938
 2948
 2954
 2958
 2958
 2960
 2962
 2962
 2962
 2964
 2964
 2964
 2962
 2960
 2960
 2970
 2980
 2990
 2994
 2992
 2986
 2976
 2962
 2942
 2918
 2886
 2852
 2814
 2770
 2724
 2680
 2634
 2588
 2542
 2494
 2452
 2410
 2366
 2334
 2308
 2276
 2246
 2212
 2174
 2136
 2096
 2062
 2030
 2000
 1970
 1940
 1916
 1900
 1890
 1894
 1902
 1918
 1948
 1984
 2022
 2062
 2104
 2148
 2192
 2232
 2274
 2316
 2358
 2396
 2438
 2480
 2522
 2562
 2604
 2638
 2672
 2702
 2726
 2758
 2796
 2832
 2862
 2890
 2910
 2922
 2934
 2942
 2952
 2958
 2960
 2962
 2964
 2962
 2962
 2952
 2940
 2926
 2906
 2876
 2846
 2822
 2792
 2758
 2722
 2680
 2638
 2594
 2548
 2504
 2462
 2418
 2372
 2328
 2282
 2234
 2188
 2146
 2098
 2060
 2030
 2000
 1968
 1938
 1904
 1872
 1838
 1808
 1782
 1766
 1752
 1750
 1758
 1780
 1812
 1848
 1888
 1930
 1968
 2008
 2060
 2114
 2166
 2214
 2260
 2304
 2346
 2382
 2416
 2450
 2480
 2510
 2536
 2560
 2588
 2620
 2650
 2678
 2706
 2736
 2760
 2786
 2822
 2858
 2886
 2910
 2930
 2948
 2964
 2974
 2978
 2986
 2988
 2992
 2992
 2990
 2988
 2986
 2980
 2972
 2954
 2932
 2900
 2862
 2820
 2770
 2720
 2672
 2622
 2574
 2524
 2476
 2426
 2378
 2330
 2282
 2242
 2208
 2174
 2136
 2098
 2058
 2016
 1978
 1934
 1896
 1862
 1826
 1792
 1760
 1734
 1718
 1716
 1724
 1748
 1780
 1822
 1870
 1918
 1974
 2040
 2110
 2176
 2244
 2306
 2366
 2422
 2474
 2522
 2572
 2614
 2652
 2688
 2720
 2750
 2780
 2806
 2832
 2852
 2870
 2894
 2922
 2946
 2964
 2978
 2982
 2984
 2982
 2974
 2956
 2928
 2892
 2846
 2800
 2748
 2692
 2642
 2590
 2536
 2490
 2448
 2398
 2366
 2338
 2306
 2274
 2238
 2200
 2158
 2112
 2068
 2028
 1986
 1944
 1898
 1850
 1802
 1756
 1716
 1674
 1646
 1632
 1628
 1638
 1658
 1692
 1732
 1774
 1822
 1880
 1942
 2004
 2066
 2124
 2186
 2248
 2308
 2364
 2416
 2466
 2514
 2554
 2598
 2644
 2692
 2730
 2766
 2798
 2824
 2846
 2868
 2888
 2904
 2920
 2932
 2938
 2946
 2954
 2962
 2966
 2968
 2968
 2972
 2974
 2976
 2974
 2970
 2956
 2938
 2908
 2870
 2830
 2784
 2738
 2692
 2644
 2598
 2562
 2530
 2492
 2454
 2414
 2374
 2334
 2290
 2248
 2208
 2166
 2126
 2084
 2042
 2000
 1956
 1916
 1874
 1836
 1800
 1778
 1768
 1770
 1792
 1824
 1864
 1908
 1956
 2010
 2064
 2120
 2176
 2234
 2298
 2360
 2422
 2480
 2534
 2588
 2638
 2684
 2724
 2772
 2822
 2866
 2904
 2936
 2960
 2980
 2992
 3006
 3018
 3022
 3022
 3022
 3020
 3010
 2998
 2970
 2940
 2902
 2858
 2812
 2758
 2706
 2664
 2624
 2584
 2546
 2508
 2468
 2426
 2386
 2350
 2314
 2278
 2242
 2200
 2162
 2122
 2078
 2036
 1994
 1950
 1918
 1890
 1862
 1834
 1810
 1792
 1784
 1784
 1800
 1830
 1872
 1920
 1974
 2036
 2100
 2168
 2236
 2296
 2362
 2434
 2506
 2568
 2626
 2680
 2726
 2768
 2802
 2838
 2870
 2898
 2924
 2944
 2962
 2974
 2984
 2992
 2998
 3008
 3012
 3014
 3016
 3016
 3020
 3028
 3036
 3046
 3054
 3056
 3056
 3050
 3034
 3010
 2976
 2934
 2884
 2830
 2776
 2720
 2662
 2604
 2552
 2494
 2440
 2398
 2358
 2316
 2270
 2226
 2178
 2132
 2084
 2040
 1998
 1956
 1912
 1870
 1828
 1788
 1750
 1718
 1692
 1668
 1662
 1674
 1698
 1730
 1770
 1816
 1866
 1918
 1972
 2028
 2084
 2138
 2190
 2240
 2288
 2336
 2388
 2448
 2502
 2550
 2602
 2652
 2694
 2744
 2796
 2842
 2884
 2922
 2954
 2980
 3000
 3016
 3026
 3032
 3034
 3032
 3020
 2996
 2964
 2924
 2876
 2824
 2766
 2708
 2652
 2592
 2532
 2472
 2414
 2356
 2302
 2248
 2192
 2140
 2088
 2036
 1992
 1960
 1930
 1900
 1872
 1842
 1818
 1794
 1772
 1756
 1750
 1754
 1770
 1792
 1822
 1860
 1906
 1960
 2016
 2068
 2126
 2190
 2246
 2312
 2386
 2460
 2528
 2596
 2656
 2712
 2758
 2802
 2840
 2872
 2902
 2924
 2942
 2956
 2968
 2978
 2986
 2990
 2990
 2992
 2994
 2990
 2970
 2940
 2904
 2864
 2816
 2770
 2722
 2676
 2628
 2580
 2532
 2486
 2436
 2390
 2342
 2292
 2244
 2198
 2148
 2108
 2076
 2046
 2012
 1984
 1954
 1928
 1900
 1882
 1872
 1870
 1874
 1884
 1902
 1926
 1954
 1992
 2028
 2064
 2112
 2162
 2210
 2258
 2304
 2350
 2394
 2438
 2480
 2526
 2568
 2608
 2648
 2686
 2722
 2756
 2788
 2818
 2846
 2872
 2894
 2914
 2922
 2932
 2940
 2944
 2950
 2962
 2978
 2990
 3000
 3000
 2986
 2966
 2938
 2908
 2872
 2828
 2786
 2738
 2690
 2642
 2592
 2546
 2496
 2446
 2400
 2354
 2310
 2264
 2220
 2180
 2138
 2096
 2056
 2012
 1972
 1936
 1896
 1864
 1842
 1820
 1796
 1774
 1750
 1732
 1720
 1720
 1732
 1756
 1784
 1820
 1864
 1910
 1960
 2012
 2068
 2122
 2180
 2234
 2284
 2334
 2386
 2444
 2508
 2568
 2624
 2678
 2724
 2768
 2804
 2840
 2874
 2902
 2928
 2948
 2962
 2972
 2978
 2984
 2990
 2990
 2986
 2982
 2976
 2958
 2930
 2890
 2848
 2800
 2750
 2702
 2656
 2610
 2564
 2514
 2466
 2418
 2372
 2324
 2280
 2238
 2192
 2160
 2132
 2104
 2070
 2034
 1994
 1952
 1908
 1864
 1830
 1798
 1772
 1758
 1756
 1768
 1790
 1828
 1874
 1922
 1982
 2054
 2126
 2196
 2266
 2336
 2400
 2460
 2516
 2572
 2626
 2680
 2728
 2772
 2814
 2854
 2890
 2916
 2940
 2956
 2964
 2974
 2992
 3010
 3022
 3032
 3040
 3046
 3048
 3052
 3050
 3046
 3038
 3030
 3010
 2986
 2952
 2914
 2868
 2818
 2768
 2712
 2662
 2620
 2578
 2534
 2488
 2444
 2398
 2346
 2300
 2256
 2210
 2164
 2112
 2062
 2012
 1960
 1912
 1868
 1824
 1792
 1772
 1758
 1752
 1750
 1756
 1768
 1786
 1812
 1846
 1888
 1930
 1974
 2024
 2074
 2128
 2182
 2234
 2288
 2344
 2392
 2446
 2504
 2560
 2608
 2652
 2696
 2734
 2768
 2800
 2834
 2862
 2890
 2910
 2924
 2938
 2950
 2964
 2972
 2978
 2982
 2982
 2980
 2986
 2994
 2996
 2998
 3002
 3000
 2998
 2998
 2998
 2998
 2996
 2994
 2994
 2992
 2990
 2986
 2980
 2970
 2952
 2930
 2902
 2868
 2830
 2790
 2748
 2706
 2664
 2622
 2576
 2532
 2486
 2444
 2398
 2356
 2324
 2296
 2264
 2232
 2198
 2162
 2126
 2088
 2050
 2016
 1978
 1940
 1900
 1860
 1822
 1790
 1762
 1746
 1736
 1738
 1750
 1768
 1798
 1844
 1892
 1940
 1986
 2034
 2080
 2122
 2162
 2208
 2252
 2298
 2340
 2380
 2418
 2458
 2498
 2536
 2570
 2608
 2652
 2696
 2732
 2766
 2800
 2832
 2858
 2882
 2904
 2920
 2926
 2932
 2936
 2938
 2940
 2942
 2942
 2944
 2946
 2946
 2944
 2940
 2934
 2930
 2928
 2918
 2900
 2878
 2844
 2810
 2768
 2724
 2682
 2636
 2590
 2544
 2496
 2450
 2400
 2354
 2308
 2260
 2218
 2184
 2154
 2120
 2088
 2052
 2020
 1984
 1950
 1918
 1886
 1856
 1830
 1810
 1804
 1804
 1812
 1832
 1860
 1890
 1930
 1978
 2028
 2076
 2118
 2160
 2200
 2238
 2278
 2318
 2360
 2400
 2440
 2478
 2518
 2558
 2596
 2636
 2670
 2702
 2730
 2756
 2778
 2806
 2842
 2868
 2890
 2908
 2922
 2934
 2944
 2954
 2962
 2966
 2970
 2974
 2974
 2974
 2970
 2968
 2964
 2956
 2946
 2928
 2902
 2870
 2834
 2794
 2750
 2704
 2654
 2606
 2558
 2512
 2464
 2418
 2384
 2352
 2316
 2280
 2242
 2204
 2162
 2116
 2076
 2038
 2000
 1960
 1922
 1884
 1848
 1812
 1778
 1744
 1712
 1684
 1670
 1662
 1670
 1694
 1726
 1766
 1810
 1858
 1904
 1952
 1996
 2044
 2096
 2144
 2190
 2236
 2280
 2328
 2376
 2420
 2464
 2510
 2562
 2614
 2660
 2700
 2738
 2772
 2800
 2826
 2848
 2870
 2888
 2904
 2918
 2930
 2938
 2942
 2946
 2950
 2952
 2956
 2954
 2952
 2950
 2944
 2932
 2926
 2916
 2896
 2870
 2836
 2796
 2754
 2708
 2662
 2616
 2572
 2526
 2478
 2434
 2386
 2340
 2296
 2252
 2206
 2168
 2134
 2106
 2070
 2040
 2006
 1974
 1940
 1910
 1886
 1866
 1852
 1846
 1844
 1854
 1868
 1892
 1918
 1944
 1982
 2026
 2072
 2118
 2166
 2214
 2264
 2316
 2372
 2428
 2484
 2538
 2590
 2640
 2688
 2736
 2780
 2822
 2862
 2894
 2920
 2940
 2950
 2960
 2982
 3002
 3018
 3024
 3022
 3012
 2986
 2950
 2906
 2860
 2806
 2754
 2704
 2656
 2604
 2552
 2502
 2454
 2404
 2362
 2328
 2292
 2256
 2218
 2180
 2142
 2098
 2058
 2016
 1974
 1928
 1880
 1830
 1780
 1730
 1684
 1638
 1596
 1572
 1560
 1562
 1572
 1594
 1626
 1664
 1702
 1748
 1802
 1860
 1920
 1980
 2040
 2100
 2162
 2224
 2280
 2332
 2384
 2426
 2462
 2498
 2526
 2534
 2532
 2524
 2514
 2502
 2494
 2490
 2488
 2488
 2488
 2488
 2492
 2494
 2498
 2500
 2498
 2500
 2494
 2496
 2502
 2510
 2520
 2532
 2548
 2564
 2582
 2604
 2632
 2662
 2698
 2732
 2766
 2804
 2838
 2866
 2894
 2912
 2924
 2948
 2976
 2992
 3004
 3008
 3002
 2990
 2960
 2922
 2878
 2826
 2774
 2714
 2652
 2588
 2528
 2464
 2404
 2350
 2290
 2236
 2194
 2152
 2108
 2064
 2022
 1980
 1938
 1900
 1870
 1846
 1830
 1824
 1826
 1840
 1860
 1892
 1932
 1978
 2024
 2082
 2150
 2216
 2282
 2344
 2404
 2462
 2516
 2572
 2630
 2680
 2726
 2772
 2812
 2850
 2880
 2910
 2932
 2948
 2962
 2974
 2984
 2990
 2990
 2990
 2988
 2982
 2968
 2946
 2914
 2874
 2828
 2776
 2730
 2692
 2654
 2610
 2566
 2522
 2474
 2424
 2378
 2332
 2288
 2240
 2190
 2142
 2096
 2050
 2008
 1966
 1934
 1908
 1888
 1884
 1894
 1912
 1934
 1964
 1996
 2030
 2064
 2102
 2150
 2192
 2236
 2276
 2318
 2364
 2406
 2450
 2494
 2534
 2584
 2642
 2696
 2744
 2790
 2834
 2868
 2900
 2928
 2948
 2962
 2974
 2984
 2992
 2998
 3002
 3006
 3010
 3012
 3012
 3010
 3006
 2994
 2978
 2960
 2940
 2908
 2870
 2826
 2780
 2730
 2678
 2628
 2578
 2530
 2482
 2428
 2378
 2328
 2276
 2226
 2176
 2124
 2088
 2052
 2014
 1978
 1940
 1902
 1866
 1832
 1806
 1788
 1778
 1776
 1782
 1800
 1822
 1854
 1892
 1932
 1974
 2028
 2086
 2142
 2196
 2246
 2296
 2344
 2388
 2436
 2484
 2532
 2580
 2630
 2676
 2724
 2768
 2812
 2852
 2888
 2920
 2944
 2970
 2998
 3026
 3044
 3060
 3074
 3084
 3090
 3092
 3090
 3080
 3058
 3030
 2992
 2950
 2902
 2848
 2790
 2734
 2676
 2618
 2572
 2536
 2492
 2448
 2402
 2356
 2312
 2264
 2216
 2176
 2134
 2092
 2046
 2000
 1952
 1908
 1866
 1828
 1790
 1770
 1760
 1758
 1766
 1782
 1806
 1834
 1870
 1912
 1956
 2008
 2058
 2110
 2166
 2220
 2280
 2340
 2400
 2460
 2514
 2566
 2626
 2694
 2754
 2808
 2858
 2900
 2934
 2964
 2992
 3016
 3036
 3050
 3062
 3074
 3080
 3086
 3086
 3086
 3084
 3084
 3074
 3066
 3066
 3056
 3036
 3012
 2978
 2940
 2894
 2844
 2794
 2740
 2690
 2636
 2580
 2528
 2474
 2418
 2362
 2306
 2250
 2192
 2146
 2104
 2058
 2012
 1968
 1920
 1876
 1828
 1786
 1750
 1716
 1680
 1652
 1640
 1638
 1650
 1676
 1714
 1758
 1814
 1882
 1952
 2026
 2096
 2168
 2234
 2298
 2358
 2422
 2488
 2552
 2614
 2670
 2724
 2778
 2828
 2876
 2918
 2950
 2976
 2998
 3010
 3030
 3056
 3074
 3088
 3100
 3108
 3114
 3110
 3110
 3108
 3102
 3094
 3084
 3076
 3064
 3044
 3014
 2970
 2918
 2862
 2804
 2744
 2686
 2628
 2568
 2512
 2456
 2398
 2342
 2284
 2228
 2172
 2118
 2078
 2040
 1994
 1950
 1900
 1850
 1802
 1754
 1714
 1676
 1642
 1612
 1590
 1576
 1578
 1592
 1616
 1650
 1692
 1742
 1794
 1846
 1892
 1946
 2006
 2062
 2110
 2158
 2206
 2252
 2300
 2346
 2394
 2444
 2494
 2540
 2584
 2630
 2674
 2712
 2752
 2786
 2812
 2848
 2886
 2922
 2952
 2978
 2998
 3012
 3022
 3034
 3044
 3048
 3048
 3048
 3048
 3046
 3044
 3034
 3018
 2994
 2960
 2918
 2880
 2842
 2798
 2750
 2704
 2658
 2610
 2560
 2512
 2468
 2420
 2372
 2322
 2272
 2222
 2170
 2120
 2072
 2020
 1974
 1936
 1898
 1860
 1822
 1786
 1758
 1736
 1724
 1728
 1740
 1766
 1798
 1836
 1882
 1930
 1984
 2036
 2084
 2140
 2204
 2266
 2324
 2378
 2430
 2482
 2532
 2580
 2628
 2672
 2714
 2752
 2790
 2822
 2852
 2880
 2908
 2930
 2952
 2970
 2982
 2990
 2992
 2998
 3014
 3032
 3040
 3050
 3058
 3062
 3064
 3064
 3060
 3050
 3028
 2998
 2960
 2914
 2868
 2818
 2764
 2710
 2656
 2600
 2554
 2518
 2478
 2436
 2396
 2352
 2308
 2262
 2218
 2176
 2134
 2090
 2044
 2000
 1956
 1916
 1884
 1854
 1834
 1830
 1840
 1856
 1882
 1918
 1958
 2002
 2050
 2106
 2166
 2226
 2284
 2342
 2402
 2456
 2510
 2562
 2612
 2662
 2706
 2746
 2780
 2814
 2840
 2870
 2908
 2940
 2966
 2984
 3000
 3014
 3024
 3032
 3036
 3040
 3044
 3046
 3044
 3044
 3042
 3042
 3040
 3038
 3032
 3028
 3026
 3022
 3020
 3016
 3016
 3014
 3014
 3012
 3008
 3002
 2988
 2964
 2934
 2904
 2872
 2832
 2788
 2740
 2692
 2640
 2588
 2540
 2494
 2450
 2402
 2356
 2310
 2266
 2222
 2178
 2134
 2090
 2046
 2002
 1962
 1920
 1880
 1852
 1828
 1802
 1774
 1748
 1726
 1712
 1704
 1706
 1722
 1748
 1786
 1830
 1880
 1934
 1994
 2054
 2112
 2170
 2236
 2308
 2376
 2434
 2490
 2540
 2588
 2630
 2672
 2714
 2752
 2786
 2816
 2846
 2872
 2894
 2912
 2924
 2934
 2946
 2956
 2964
 2968
 2970
 2972
 2980
 2994
 3000
 3006
 3010
 3010
 3012
 3006
 2996
 2980
 2954
 2924
 2886
 2846
 2804
 2758
 2716
 2676
 2634
 2594
 2562
 2534
 2504
 2470
 2436
 2400
 2362
 2320
 2282
 2246
 2208
 2168
 2128
 2088
 2046
 2006
 1970
 1930
 1898
 1880
 1872
 1870
 1878
 1896
 1924
 1956
 1992
 2036
 2084
 2132
 2178
 2226
 2276
 2324
 2372
 2422
 2466
 2508
 2548
 2582
 2616
 2658
 2702
 2740
 2770
 2800
 2828
 2854
 2874
 2894
 2916
 2930
 2936
 2946
 2954
 2962
 2968
 2972
 2974
 2976
 2970
 2962
 2952
 2938
 2914
 2884
 2846
 2806
 2762
 2716
 2672
 2630
 2586
 2542
 2496
 2450
 2406
 2362
 2318
 2278
 2236
 2198
 2162
 2124
 2088
 2056
 2022
 1990
 1962
 1934
 1912
 1894
 1888
 1886
 1892
 1910
 1940
 1974
 2010
 2050
 2090
 2130
 2176
 2220
 2268
 2318
 2368
 2422
 2470
 2518
 2564
 2610
 2658
 2702
 2744
 2782
 2814
 2842
 2866
 2884
 2906
 2932
 2952
 2968
 2984
 2994
 3000
 3000
 3002
 3002
 2996
 2986
 2966
 2940
 2904
 2864
 2816
 2766
 2716
 2664
 2616
 2568
 2524
 2480
 2438
 2396
 2356
 2316
 2278
 2240
 2204
 2170
 2134
 2110
 2086
 2060
 2030
 1996
 1956
 1914
 1868
 1828
 1790
 1752
 1714
 1676
 1648
 1630
 1622
 1624
 1638
 1664
 1700
 1738
 1788
 1844
 1902
 1962
 2022
 2080
 2138
 2192
 2248
 2304
 2362
 2414
 2466
 2518
 2566
 2612
 2654
 2694
 2730
 2760
 2788
 2822
 2856
 2882
 2906
 2926
 2942
 2954
 2960
 2966
 2972
 2976
 2978
 2976
 2974
 2972
 2964
 2956
 2938
 2914
 2884
 2848
 2804
 2760
 2710
 2662
 2612
 2564
 2514
 2468
 2420
 2372
 2332
 2298
 2268
 2234
 2200
 2162
 2128
 2090
 2054
 2016
 1982
 1946
 1910
 1874
 1842
 1814
 1794
 1784
 1778
 1784
 1798
 1816
 1842
 1876
 1916
 1956
 2000
 2046
 2092
 2136
 2178
 2226
 2276
 2324
 2376
 2430
 2484
 2540
 2590
 2638
 2684
 2722
 2760
 2804
 2846
 2880
 2912
 2936
 2958
 2976
 2984
 2990
 2994
 2996
 2998
 2998
 2992
 2988
 2986
 2978
 2970
 2954
 2928
 2902
 2878
 2850
 2818
 2786
 2748
 2710
 2672
 2632
 2592
 2554
 2514
 2476
 2436
 2400
 2362
 2326
 2284
 2244
 2208
 2170
 2138
 2114
 2088
 2062
 2034
 2004
 1974
 1944
 1916
 1896
 1884
 1880
 1886
 1902
 1928
 1960
 2002
 2052
 2102
 2152
 2208
 2274
 2340
 2398
 2456
 2510
 2562
 2608
 2654
 2700
 2740
 2776
 2810
 2840
 2868
 2890
 2908
 2918
 2930
 2938
 2946
 2950
 2950
 2952
 2950
 2950
 2948
 2950
 2962
 2970
 2974
 2970
 2952
 2928
 2894
 2858
 2816
 2770
 2722
 2672
 2622
 2572
 2524
 2476
 2428
 2382
 2334
 2290
 2256
 2226
 2192
 2158
 2124
 2092
 2052
 2018
 1986
 1956
 1928
 1900
 1874
 1852
 1840
 1836
 1842
 1862
 1882
 1918
 1962
 2010
 2060
 2108
 2158
 2206
 2252
 2294
 2344
 2396
 2448
 2496
 2544
 2590
 2638
 2682
 2722
 2762
 2800
 2832
 2860
 2884
 2900
 2914
 2928
 2948
 2966
 2980
 2990
 2996
 3002
 3006
 3004
 2994
 2970
 2938
 2900
 2858
 2812
 2764
 2710
 2660
 2612
 2560
 2514
 2476
 2440
 2402
 2368
 2330
 2292
 2254
 2218
 2184
 2152
 2118
 2084
 2048
 2014
 1982
 1952
 1928
 1914
 1910
 1912
 1930
 1956
 1990
 2032
 2076
 2124
 2172
 2218
 2266
 2322
 2378
 2430
 2484
 2532
 2578
 2622
 2664
 2700
 2738
 2770
 2800
 2826
 2848
 2866
 2884
 2898
 2910
 2920
 2924
 2926
 2924
 2924
 2918
 2902
 2890
 2876
 2858
 2832
 2796
 2754
 2710
 2662
 2614
 2568
 2522
 2476
 2428
 2378
 2332
 2286
 2242
 2196
 2148
 2100
 2052
 2006
 1956
 1912
 1878
 1848
 1814
 1784
 1752
 1726
 1708
 1694
 1698
 1714
 1740
 1778
 1824
 1880
 1938
 1998
 2064
 2124
 2184
 2250
 2320
 2386
 2446
 2502
 2554
 2600
 2648
 2692
 2736
 2774
 2810
 2842
 2870
 2894
 2918
 2938
 2954
 2966
 2976
 2984
 2986
 2986
 2990
 2994
 2988
 2972
 2944
 2910
 2866
 2814
 2762
 2708
 2652
 2598
 2544
 2490
 2442
 2392
 2342
 2292
 2240
 2192
 2154
 2116
 2076
 2034
 1994
 1954
 1912
 1878
 1852
 1832
 1818
 1808
 1808
 1812
 1826
 1846
 1874
 1902
 1944
 1992
 2038
 2084
 2128
 2170
 2212
 2252
 2292
 2340
 2388
 2438
 2484
 2528
 2570
 2612
 2654
 2690
 2728
 2760
 2790
 2818
 2842
 2862
 2888
 2916
 2934
 2950
 2962
 2972
 2982
 2986
 2992
 2996
 3000
 2998
 2994
 2992
 2986
 2982
 2974
 2962
 2944
 2920
 2886
 2850
 2810
 2768
 2724
 2678
 2632
 2586
 2540
 2492
 2446
 2400
 2356
 2324
 2294
 2262
 2228
 2194
 2158
 2118
 2078
 2038
 2002
 1964
 1928
 1894
 1864
 1840
 1828
 1822
 1826
 1838
 1862
 1890
 1922
 1956
 2002
 2058
 2114
 2168
 2224
 2276
 2326
 2372
 2416
 2460
 2502
 2542
 2580
 2618
 2652
 2686
 2716
 2744
 2766
 2794
 2826
 2854
 2878
 2898
 2914
 2926
 2930
 2934
 2940
 2944
 2944
 2942
 2938
 2934
 2932
 2930
 2928
 2928
 2928
 2926
 2924
 2920
 2924
 2932
 2934
 2930
 2918
 2900
 2878
 2850
 2818
 2786
 2748
 2710
 2672
 2632
 2594
 2552
 2510
 2470
 2430
 2388
 2356
 2332
 2302
 2274
 2244
 2214
 2184
 2152
 2122
 2094
 2066
 2040
 2012
 1988
 1972
 1960
 1958
 1966
 1978
 1998
 2032
 2068
 2106
 2146
 2186
 2224
 2260
 2292
 2328
 2366
 2398
 2430
 2460
 2488
 2514
 2538
 2562
 2586
 2610
 2632
 2654
 2670
 2694
 2726
 2754
 2778
 2800
 2820
 2838
 2852
 2866
 2880
 2892
 2900
 2902
 2906
 2908
 2912
 2914
 2914
 2914
 2914
 2916
 2914
 2910
 2904
 2900
 2892
 2882
 2864
 2842
 2816
 2786
 2748
 2710
 2676
 2646
 2610
 2570
 2530
 2490
 2446
 2402
 2360
 2318
 2278
 2238
 2194
 2150
 2108
 2066
 2024
 1982
 1942
 1900
 1860
 1826
 1792
 1762
 1746
 1736
 1734
 1742
 1758
 1784
 1814
 1846
 1886
 1930
 1976
 2022
 2064
 2108
 2152
 2194
 2240
 2280
 2322
 2368
 2420
 2464
 2500
 2534
 2568
 2598
 2624
 2654
 2686
 2716
 2746
 2772
 2796
 2820
 2842
 2864
 2882
 2900
 2914
 2922
 2924
 2922
 2926
 2938
 2948
 2950
 2942
 2924
 2900
 2866
 2822
 2780
 2734
 2688
 2642
 2594
 2548
 2500
 2452
 2406
 2362
 2312
 2278
 2248
 2216
 2184
 2156
 2122
 2088
 2052
 2016
 1988
 1962
 1938
 1924
 1916
 1918
 1928
 1948
 1972
 2006
 2056
 2110
 2168
 2228
 2288
 2348
 2402
 2454
 2502
 2552
 2600
 2642
 2686
 2724
 2762
 2800
 2834
 2866
 2888
 2906
 2922
 2930
 2940
 2960
 2976
 2988
 3000
 3006
 3012
 3014
 3014
 3012
 3010
 3000
 2984
 2958
 2926
 2892
 2850
 2804
 2756
 2704
 2654
 2612
 2572
 2528
 2480
 2434
 2382
 2332
 2282
 2232
 2186
 2138
 2088
 2040
 1992
 1944
 1900
 1860
 1818
 1784
 1760
 1742
 1726
 1722
 1722
 1736
 1760
 1792
 1834
 1884
 1936
 1990
 2048
 2108
 2168
 2232
 2288
 2346
 2400
 2450
 2498
 2552
 2612
 2662
 2708
 2750
 2786
 2820
 2848
 2874
 2898
 2916
 2928
 2938
 2946
 2952
 2958
 2962
 2962
 2964
 2966
 2964
 2962
 2958
 2956
 2956
 2954
 2948
 2944
 2932
 2910
 2882
 2846
 2806
 2764
 2716
 2680
 2650
 2616
 2578
 2540
 2502
 2464
 2424
 2386
 2352
 2318
 2286
 2252
 2218
 2186
 2154
 2126
 2096
 2064
 2036
 2010
 1982
 1966
 1954
 1946
 1942
 1942
 1950
 1962
 1978
 2002
 2032
 2064
 2096
 2130
 2166
 2204
 2242
 2286
 2330
 2372
 2418
 2470
 2522
 2570
 2614
 2656
 2694
 2726
 2756
 2788
 2816
 2840
 2862
 2878
 2894
 2902
 2912
 2920
 2928
 2932
 2932
 2934
 2934
 2936
 2944
 2956
 2966
 2970
 2970
 2964
 2948
 2928
 2904
 2876
 2842
 2804
 2764
 2722
 2678
 2630
 2584
 2538
 2488
 2448
 2416
 2382
 2346
 2310
 2274
 2238
 2198
 2162
 2126
 2090
 2052
 2012
 1976
 1938
 1904
 1872
 1846
 1818
 1806
 1808
 1818
 1836
 1862
 1892
 1926
 1962
 2002
 2046
 2092
 2138
 2182
 2228
 2272
 2316
 2358
 2392
 2426
 2458
 2482
 2506
 2540
 2576
 2606
 2636
 2664
 2694
 2726
 2754
 2786
 2818
 2846
 2872
 2896
 2916
 2936
 2950
 2960
 2968
 2974
 2978
 2978
 2974
 2968
 2956
 2934
 2908
 2878
 2838
 2800
 2756
 2710
 2664
 2618
 2580
 2548
 2514
 2478
 2438
 2398
 2358
 2314
 2274
 2236
 2200
 2164
 2126
 2090
 2054
 2022
 1990
 1962
 1932
 1900
 1876
 1860
 1854
 1866
 1892
 1924
 1962
 2000
 2044
 2094
 2142
 2196
 2256
 2318
 2380
 2440
 2502
 2560
 2620
 2674
 2722
 2766
 2818
 2872
 2918
 2956
 2986
 3010
 3024
 3034
 3044
 3054
 3056
 3056
 3052
 3044
 3030
 3006
 2972
 2932
 2886
 2840
 2788
 2736
 2682
 2626
 2582
 2542
 2502
 2462
 2418
 2374
 2330
 2282
 2236
 2192
 2148
 2104
 2058
 2010
 1966
 1922
 1884
 1848
 1816
 1800
 1798
 1802
 1814
 1836
 1862
 1894
 1932
 1974
 2024
 2078
 2134
 2190
 2252
 2310
 2370
 2430
 2484
 2546
 2614
 2682
 2738
 2796
 2846
 2890
 2928
 2960
 2984
 3008
 3026
 3040
 3052
 3056
 3058
 3060
 3062
 3064
 3062
 3060
 3050
 3030
 3002
 2974
 2940
 2898
 2852
 2802
 2748
 2688
 2632
 2576
 2524
 2472
 2424
 2374
 2324
 2272
 2220
 2170
 2118
 2066
 2028
 1992
 1952
 1912
 1872
 1830
 1792
 1754
 1716
 1676
 1638
 1608
 1590
 1586
 1592
 1614
 1650
 1692
 1750
 1814
 1882
 1954
 2022
 2090
 2160
 2224
 2284
 2354
 2420
 2482
 2538
 2594
 2648
 2698
 2748
 2794
 2842
 2880
 2916
 2948
 2970
 2990
 3012
 3040
 3060
 3078
 3090
 3098
 3102
 3098
 3088
 3064
 3026
 2982
 2932
 2880
 2824
 2768
 2710
 2654
 2598
 2546
 2492
 2442
 2392
 2344
 2294
 2246
 2200
 2150
 2104
 2056
 2008
 1974
 1944
 1914
 1882
 1852
 1820
 1792
 1768
 1756
 1756
 1766
 1786
 1814
 1850
 1898
 1950
 2006
 2064
 2126
 2186
 2244
 2304
 2356
 2412
 2478
 2546
 2606
 2662
 2714
 2762
 2808
 2846
 2884
 2918
 2944
 2968
 2990
 3006
 3020
 3024
 3032
 3036
 3034
 3034
 3040
 3042
 3032
 3014
 2986
 2948
 2902
 2852
 2798
 2742
 2682
 2622
 2562
 2506
 2452
 2402
 2352
 2300
 2254
 2206
 2158
 2120
 2088
 2050
 2012
 1972
 1928
 1886
 1842
 1800
 1760
 1722
 1684
 1654
 1636
 1630
 1640
 1660
 1688
 1730
 1786
 1848
 1914
 1978
 2040
 2104
 2166
 2222
 2284
 2348
 2410
 2470
 2524
 2578
 2630
 2686
 2738
 2786
 2828
 2870
 2904
 2946
 2994
 3036
 3068
 3090
 3104
 3102
 3080
 3048
 3006
 2952
 2892
 2826
 2756
 2682
 2604
 2530
 2454
 2384
 2318
 2248
 2184
 2126
 2068
 2008
 1946
 1884
 1826
 1768
 1714
 1660
 1606
 1556
 1502
 1448
 1390
 1334
 1274
 1208
 1146
 1080
 1004
 920
 834
 746
 644
 532
 410
 290
 174
 64
 0
 0
 0
 0
 0
 0
 0
 0
 0
 0
 0
 0
 0
 0
 0
 0
 0
 0
 44
 108
 170
 228
 284
 344
 400
 454
 508
 562
 620
 688
 750
 808
 862
 912
 958
 1000
 1044
 1090
 1138
 1186
 1232
 1282
 1330
 1380
 1436
 1490
 1540
 1590
 1640
 1688
 1738
 1790
 1844
 1902
 1960
 2020
 2080
 2138
 2196
 2250
 2302
 2362
 2426
 2484
 2534
 2580
 2622
 2662
 2698
 2736
 2774
 2812
 2850
 2884
 2918
 2952
 2986
 3016
 3040
 3064
 3088
 3110
 3128
 3140
 3158
 3176
 3188
 3186
 3170
 3144
 3112
 3070
 3024
 2978
 2928
 2876
 2822
 2770
 2716
 2662
 2610
 2562
 2512
 2462
 2424
 2390
 2350
 2310
 2272
 2232
 2196
 2164
 2142
 2134
 2132
 2144
 2162
 2188
 2224
 2258
 2294
 2330
 2366
 2404
 2448
 2496
 2536
 2574
 2612
 2646
 2678
 2706
 2734
 2762
 2788
 2814
 2840
 2866
 2890
 2920
 2946
 2968
 2986
 3000
 3008
 3028
 3052
 3070
 3086
 3102
 3118
 3130
 3140
 3144
 3146
 3144
 3136
 3120
 3104
 3090
 3082
 3078
 3072
 3064
 3062
 3056
 3058
 3070
 3078
 3082
 3084
 3084
 3082
 3074
 3068
 3062
 3058
 3056
 3050
 3054
 3060
 3066
 3076
 3090
 3100
 3118
 3144
 3172
 3192
 3216
 3238
 3262
 3284
 3298
 3310
 3322
 3330
 3340
 3358
 3382
 3400
 3414
 3424
 3428
 3428
 3426
 3424
 3426
 3440
 3458
 3472
 3482
 3488
 3486
 3484
 3482
 3478
 3470
 3452
 3428
 3400
 3364
 3316
 3260
 3198
 3134
 3070
 3008
 2954
 2904
 2852
 2804
 2752
 2706
 2656
 2610
 2568
 2528
 2488
 2444
 2400
 2358
 2320
 2292
 2270
 2262
 2276
 2304
 2340
 2384
 2432
 2486
 2540
 2590
 2642
 2694
 2740
 2782
 2822
 2854
 2886
 2912
 2932
 2942
 2952
 2958
 2968
 2986
 3002
 3014
 3024
 3032
 3038
 3040
 3042
 3042
 3042
 3040
 3038
 3034
 3030
 3026
 3022
 3014
 3010
 3006
 3002
 3000
 2996
 2992
 2992
 2990
 2988
 2984
 2984
 2982
 2982
 2978
 2972
 2976
 2984
 2990
 2996
 2998
 3000
 3002
 3002
 3000
 2994
 2988
 2982
 2970
 2948
 2920
 2890
 2854
 2812
 2768
 2720
 2674
 2624
 2576
 2534
 2494
 2452
 2422
 2394
 2368
 2340
 2314
 2290
 2270
 2254
 2246
 2248
 2256
 2272
 2292
 2318
 2352
 2384
 2414
 2442
 2464
 2482
 2504
 2532
 2564
 2604
 2642
 2680
 2712
 2742
 2770
 2804
 2836
 2868
 2898
 2920
 2936
 2954
 2966
 2978
 3002
 3026
 3046
 3070
 3092
 3110
 3122
 3134
 3150
 3164
 3176
 3192
 3206
 3218
 3226
 3232
 3236
 3240
 3242
 3242
 3240
 3232
 3214
 3186
 3142
 3096
 3048
 2996
 2938
 2882
 2822
 2766
 2708
 2650
 2600
 2550
 2500
 2450
 2398
 2350
 2304
 2258
 2212
 2172
 2136
 2104
 2074
 2042
 2008
 1972
 1936
 1900
 1870
 1848
 1834
 1828
 1832
 1848
 1872
 1904
 1948
 1990
 2040
 2098
 2160
 2218
 2274
 2330
 2382
 2432
 2480
 2532
 2580
 2622
 2666
 2706
 2742
 2774
 2806
 2832
 2856
 2874
 2888
 2898
 2904
 2914
 2926
 2932
 2936
 2934
 2934
 2930
 2928
 2926
 2924
 2918
 2912
 2896
 2878
 2856
 2824
 2792
 2758
 2718
 2690
 2668
 2642
 2614
 2588
 2558
 2530
 2500
 2472
 2448
 2422
 2394
 2364
 2334
 2306
 2280
 2256
 2236
 2218
 2212
 2216
 2226
 2240
 2256
 2272
 2290
 2304
 2322
 2342
 2360
 2376
 2388
 2398
 2410
 2420
 2432
 2436
 2438
 2442
 2442
 2444
 2454
 2464
 2472
 2478
 2482
 2486
 2484
 2484
 2484
 2482
 2478
 2476
 2474
