64
136
209
285
358
432
514
598
676
759
840
927
1012
1097
1173
1249
1325
1404
1481
1570
1651
1750
1829
1907
1983
2068
2168
2240
2337
2421
2496
2573
2653
2751
2848
2943
3025
3110
3184
3268
3352
3445
3528
3618
3691
3769
3847
3935
4010
4091
4171
4280
4289
4351
4442
4517
4601
4682
4763
4851
4932
5010
5107
5178
5258
5330
5406
5483
5570
5660
5749
5827
5921
5994
6096
6235
6327
6414
6490
6568
6653
6725
6813
6903
6994
7085
7169
7242
7313
7393
7488
7587
7674
7776
7866
7937
8014
8094
8176
8251
8333
8410
8484
8559
8634
8710
8813
8893
8972
9045
9126
9209
9298
9380
9487
9570
9649
9727
9807
9889
10013
10014
10100
10184
10272
10361
10448
10531
10623
10703
10789
10866
10963
11047
11123
11226
11299
11383
11463
11542
11627
11712
11833
11912
12004
12105
12203
12299
12442
12444
12541
12622
12719
12801
12885
12969
13061
13149
13237
13308
13382
13457
13535
13618
13713
13795
13884
13966
14054
14139
14220
14318
14410
14503
14598
14669
14756
14838
14913
14995
15078
15158
15238
15349
15427
15505
15587
15677
15766
15842
15909
15985
