 2602
 2640
 2672
 2704
 2734
 2760
 2782
 2810
 2844
 2874
 2898
 2920
 2936
 2948
 2950
 2956
 2958
 2960
 2956
 2950
 2936
 2924
 2902
 2882
 2854
 2822
 2784
 2744
 2708
 2670
 2628
 2588
 2556
 2524
 2486
 2446
 2406
 2362
 2316
 2268
 2224
 2180
 2134
 2086
 2038
 1990
 1944
 1898
 1860
 1824
 1788
 1760
 1748
 1742
 1744
 1754
 1774
 1802
 1842
 1886
 1934
 1988
 2044
 2100
 2154
 2208
 2262
 2312
 2364
 2416
 2462
 2510
 2566
 2622
 2670
 2714
 2754
 2790
 2820
 2850
 2878
 2904
 2926
 2944
 2954
 2964
 2972
 2982
 2990
 2994
 2998
 3002
 3002
 3000
 2990
 2972
 2958
 2950
 2934
 2908
 2878
 2840
 2800
 2754
 2704
 2658
 2610
 2564
 2518
 2470
 2422
 2378
 2334
 2292
 2248
 2204
 2162
 2118
 2078
 2036
 1996
 1958
 1920
 1888
 1856
 1830
 1810
 1802
 1802
 1812
 1838
 1874
 1918
 1962
 2008
 2054
 2100
 2146
 2196
 2248
 2302
 2356
 2408
 2454
 2498
 2542
 2584
 2624
 2662
 2700
 2736
 2770
 2798
 2824
 2848
 2864
 2890
 2920
 2944
 2956
 2968
 2974
 2982
 2984
 2980
 2974
 2962
 2944
 2920
 2888
 2854
 2820
 2780
 2740
 2696
 2652
 2608
 2564
 2518
 2472
 2424
 2376
 2324
 2274
 2220
 2168
 2118
 2066
 2020
 1988
 1956
 1920
 1888
 1854
 1818
 1784
 1754
 1728
 1714
 1710
 1716
 1728
 1750
 1782
 1820
 1866
 1908
 1954
 2002
 2048
 2098
 2154
 2214
 2272
 2328
 2378
 2428
 2472
 2510
 2548
 2586
 2624
 2658
 2690
 2724
 2756
 2784
 2806
 2830
 2854
 2868
 2888
 2918
 2938
 2952
 2964
 2974
 2982
 2986
 2988
 2988
 2982
 2968
 2948
 2918
 2882
 2842
 2798
 2750
 2700
 2652
 2602
 2550
 2506
 2468
 2426
 2382
 2338
 2290
 2242
 2190
 2140
 2092
 2044
 1994
 1942
 1894
 1846
 1798
 1758
 1716
 1676
 1650
 1632
 1622
 1620
 1628
 1646
 1672
 1708
 1750
 1800
 1856
 1914
 1972
 2032
 2096
 2158
 2226
 2286
 2344
 2400
 2448
 2496
 2556
 2614
 2662
 2708
 2750
 2788
 2822
 2850
 2876
 2898
 2912
 2926
 2936
 2946
 2950
 2952
 2954
 2956
 2958
 2960
 2960
 2960
 2960
 2958
 2956
 2948
 2936
 2924
 2906
 2882
 2852
 2812
 2770
 2726
 2676
 2632
 2600
 2568
 2528
 2488
 2444
 2398
 2348
 2294
 2238
 2186
 2132
 2078
 2024
 1970
 1918
 1870
 1824
 1784
 1748
 1724
 1712
 1714
 1728
 1764
 1816
 1874
 1934
 2000
 2066
 2132
 2194
 2256
 2316
 2380
 2442
 2500
 2554
 2604
 2650
 2692
 2730
 2764
 2790
 2816
 2852
 2886
 2912
 2934
 2950
 2960
 2968
 2974
 2980
 2982
 2984
 2982
 2980
 2978
 2974
 2964
 2958
 2950
 2938
 2918
 2890
 2858
 2814
 2774
 2738
 2704
 2662
 2618
 2572
 2524
 2470
 2418
 2366
 2318
 2270
 2218
 2168
 2120
 2072
 2026
 1982
 1942
 1900
 1864
 1830
 1796
 1768
 1744
 1730
 1728
 1736
 1752
 1774
 1806
 1842
 1878
 1926
 1980
 2042
 2104
 2164
 2224
 2282
 2336
 2386
 2436
 2488
 2534
 2578
 2618
 2656
 2690
 2722
 2752
 2780
 2806
 2830
 2852
 2870
 2882
 2892
 2900
 2904
 2916
 2936
 2954
 2968
 2982
 2992
 2998
 3000
 3000
 2998
 2996
 2990
 2982
 2970
 2956
 2936
 2910
 2882
 2850
 2812
 2774
 2732
 2692
 2648
 2606
 2562
 2520
 2478
 2434
 2392
 2348
 2308
 2264
 2220
 2186
 2156
 2120
 2084
 2048
 2010
 1970
 1932
 1890
 1858
 1830
 1806
 1788
 1780
 1784
 1798
 1816
 1842
 1870
 1900
 1930
 1964
 2002
 2052
 2108
 2158
 2210
 2258
 2308
 2352
 2390
 2428
 2466
 2502
 2536
 2568
 2600
 2636
 2670
 2700
 2732
 2758
 2782
 2818
 2856
 2884
 2910
 2928
 2938
 2946
 2952
 2956
 2960
 2958
 2958
 2956
 2952
 2946
 2940
 2934
 2924
 2914
 2898
 2874
 2848
 2828
 2808
 2780
 2750
 2716
 2676
 2636
 2588
 2544
 2502
 2456
 2408
 2358
 2312
 2262
 2216
 2170
 2120
 2076
 2040
 2006
 1968
 1932
 1894
 1856
 1812
 1768
 1732
 1702
 1676
 1658
 1648
 1648
 1658
 1674
 1696
 1732
 1774
 1820
 1872
 1932
 1992
 2054
 2116
 2180
 2238
 2292
 2344
 2400
 2454
 2506
 2552
 2596
 2638
 2678
 2718
 2748
 2778
 2806
 2828
 2846
 2874
 2902
 2918
 2934
 2948
 2958
 2966
 2974
 2978
 2982
 2984
 2982
 2978
 2970
 2966
 2960
 2948
 2934
 2914
 2888
 2860
 2824
 2786
 2744
 2700
 2656
 2614
 2570
 2526
 2480
 2436
 2390
 2342
 2300
 2268
 2232
 2192
 2154
 2114
 2070
 2024
 1976
 1932
 1894
 1852
 1812
 1778
 1750
 1730
 1722
 1720
 1730
 1748
 1772
 1802
 1832
 1870
 1922
 1976
 2026
 2078
 2126
 2176
 2220
 2262
 2306
 2352
 2400
 2446
 2488
 2532
 2574
 2612
 2650
 2684
 2712
 2744
 2784
 2820
 2850
 2878
 2896
 2910
 2918
 2926
 2934
 2940
 2942
 2944
 2944
 2942
 2940
 2936
 2932
 2932
 2928
 2926
 2924
 2920
 2916
 2918
 2922
 2916
 2908
 2892
 2868
 2832
 2790
 2746
 2702
 2654
 2604
 2552
 2500
 2450
 2398
 2346
 2296
 2244
 2192
 2140
 2090
 2040
 1990
 1942
 1896
 1852
 1808
 1764
 1722
 1686
 1652
 1630
 1626
 1634
 1652
 1684
 1728
 1778
 1834
 1888
 1944
 2008
 2068
 2126
 2178
 2232
 2286
 2340
 2394
 2444
 2494
 2538
 2578
 2616
 2648
 2682
 2724
 2766
 2800
 2828
 2854
 2878
 2894
 2908
 2920
 2926
 2926
 2926
 2926
 2926
 2920
 2916
 2914
 2908
 2904
 2908
 2916
 2920
 2926
 2930
 2932
 2934
 2928
 2922
 2908
 2888
 2862
 2832
 2792
 2752
 2710
 2664
 2618
 2572
 2522
 2476
 2428
 2378
 2338
 2304
 2264
 2224
 2182
 2138
 2094
 2044
 1998
 1956
 1914
 1870
 1826
 1782
 1746
 1720
 1708
 1706
 1716
 1746
 1790
 1840
 1896
 1954
 2012
 2068
 2122
 2176
 2232
 2286
 2336
 2386
 2436
 2486
 2536
 2580
 2620
 2658
 2690
 2718
 2744
 2780
 2816
 2844
 2868
 2892
 2910
 2920
 2928
 2936
 2942
 2948
 2948
 2946
 2944
 2942
 2940
 2940
 2936
 2934
 2934
 2930
 2928
 2930
 2940
 2946
 2952
 2952
 2942
 2930
 2912
 2888
 2860
 2824
 2784
 2742
 2698
 2650
 2606
 2558
 2508
 2460
 2412
 2366
 2318
 2270
 2220
 2174
 2128
 2080
 2034
 1986
 1942
 1900
 1854
 1822
 1796
 1772
 1746
 1722
 1698
 1680
 1670
 1674
 1688
 1714
 1746
 1786
 1828
 1878
 1930
 1984
 2042
 2102
 2156
 2210
 2260
 2308
 2360
 2418
 2476
 2528
 2574
 2620
 2658
 2690
 2720
 2750
 2774
 2798
 2816
 2832
 2848
 2858
 2866
 2874
 2878
 2882
 2888
 2904
 2914
 2926
 2934
 2940
 2944
 2946
 2950
 2950
 2946
 2938
 2932
 2920
 2902
 2880
 2854
 2822
 2786
 2750
 2710
 2666
 2622
 2588
 2554
 2514
 2476
 2434
 2392
 2348
 2304
 2262
 2222
 2180
 2140
 2094
 2046
 1996
 1946
 1900
 1852
 1810
 1778
 1750
 1722
 1698
 1678
 1666
 1662
 1666
 1684
 1710
 1742
 1776
 1816
 1862
 1912
 1956
 1998
 2040
 2082
 2124
 2174
 2230
 2282
 2332
 2380
 2426
 2466
 2500
 2534
 2568
 2604
 2632
 2664
 2696
 2724
 2752
 2778
 2800
 2822
 2844
 2858
 2874
 2886
 2892
 2900
 2908
 2914
 2918
 2922
 2924
 2924
 2928
 2924
 2924
 2932
 2936
 2930
 2918
 2894
 2862
 2822
 2778
 2732
 2688
 2638
 2586
 2532
 2478
 2424
 2370
 2316
 2264
 2210
 2158
 2106
 2056
 2008
 1970
 1936
 1898
 1862
 1822
 1782
 1740
 1700
 1662
 1628
 1600
 1578
 1564
 1562
 1568
 1586
 1616
 1646
 1680
 1726
 1776
 1828
 1880
 1932
 1984
 2036
 2088
 2142
 2202
 2254
 2308
 2364
 2418
 2470
 2520
 2566
 2610
 2652
 2690
 2720
 2758
 2804
 2846
 2882
 2914
 2938
 2956
 2968
 2980
 2990
 2998
 3004
 3004
 3006
 3006
 3006
 3002
 2992
 2980
 2962
 2932
 2902
 2876
 2842
 2804
 2762
 2716
 2666
 2612
 2560
 2512
 2464
 2414
 2364
 2312
 2260
 2210
 2160
 2110
 2060
 2012
 1964
 1920
 1872
 1828
 1788
 1750
 1712
 1678
 1648
 1630
 1620
 1626
 1646
 1680
 1718
 1764
 1812
 1860
 1910
 1958
 2012
 2068
 2124
 2174
 2226
 2280
 2332
 2384
 2436
 2486
 2536
 2586
 2630
 2674
 2712
 2754
 2800
 2846
 2882
 2910
 2930
 2946
 2958
 2966
 2974
 2978
 2980
 2984
 2984
 2984
 2980
 2976
 2972
 2958
 2942
 2930
 2910
 2882
 2852
 2814
 2770
 2724
 2676
 2628
 2584
 2534
 2484
 2434
 2384
 2332
 2282
 2228
 2176
 2126
 2076
 2026
 1984
 1950
 1912
 1872
 1832
 1792
 1754
 1718
 1690
 1674
 1668
 1674
 1692
 1722
 1758
 1800
 1846
 1894
 1942
 2002
 2068
 2130
 2190
 2248
 2308
 2362
 2414
 2464
 2518
 2568
 2616
 2662
 2704
 2744
 2786
 2820
 2850
 2876
 2892
 2906
 2928
 2954
 2972
 2986
 2994
 3004
 3012
 3020
 3026
 3030
 3030
 3030
 3028
 3020
 3006
 2992
 2970
 2946
 2912
 2872
 2830
 2786
 2736
 2686
 2638
 2588
 2538
 2490
 2438
 2390
 2342
 2290
 2248
 2214
 2182
 2144
 2106
 2066
 2022
 1974
 1926
 1884
 1846
 1810
 1780
 1758
 1746
 1744
 1756
 1778
 1810
 1842
 1880
 1918
 1952
 1994
 2040
 2086
 2130
 2180
 2228
 2274
 2318
 2360
 2404
 2450
 2492
 2530
 2568
 2606
 2642
 2676
 2708
 2738
 2766
 2792
 2824
 2860
 2888
 2914
 2938
 2956
 2970
 2978
 2984
 2988
 2990
 2992
 2992
 2990
 2988
 2986
 2982
 2974
 2958
 2940
 2914
 2878
 2842
 2814
 2782
 2746
 2710
 2670
 2630
 2586
 2540
 2498
 2454
 2412
 2368
 2324
 2282
 2238
 2194
 2152
 2110
 2066
 2032
 2004
 1974
 1942
 1912
 1882
 1854
 1828
 1812
 1804
 1806
 1818
 1836
 1866
 1900
 1938
 1988
 2038
 2086
 2134
 2194
 2258
 2316
 2370
 2424
 2476
 2526
 2566
 2608
 2650
 2688
 2726
 2760
 2792
 2822
 2854
 2882
 2908
 2928
 2946
 2958
 2962
 2968
 2984
 3004
 3016
 3028
 3036
 3040
 3044
 3046
 3044
 3042
 3034
 3024
 3008
 2984
 2952
 2918
 2876
 2830
 2784
 2734
 2684
 2632
 2582
 2534
 2486
 2438
 2390
 2346
 2298
 2250
 2208
 2160
 2122
 2092
 2062
 2026
 1990
 1952
 1914
 1876
 1844
 1820
 1806
 1802
 1808
 1828
 1858
 1900
 1950
 2002
 2056
 2116
 2172
 2230
 2286
 2336
 2384
 2444
 2508
 2562
 2614
 2660
 2704
 2742
 2774
 2802
 2830
 2854
 2876
 2896
 2912
 2926
 2934
 2936
 2940
 2938
 2944
 2956
 2970
 2980
 2990
 2998
 3002
 3000
 3000
 3000
 3002
 2998
 2996
 2992
 2988
 2984
 2980
 2978
 2974
 2970
 2970
 2964
 2954
 2950
 2948
 2940
 2930
 2912
 2890
 2862
 2828
 2792
 2752
 2712
 2668
 2626
 2582
 2542
 2500
 2454
 2412
 2370
 2328
 2290
 2264
 2234
 2202
 2170
 2134
 2096
 2056
 2018
 1984
 1952
 1926
 1908
 1902
 1906
 1922
 1946
 1980
 2018
 2058
 2108
 2164
 2224
 2282
 2340
 2396
 2450
 2500
 2546
 2592
 2636
 2676
 2714
 2748
 2780
 2812
 2840
 2868
 2886
 2904
 2920
 2930
 2942
 2958
 2974
 2984
 2996
 3004
 3010
 3014
 3018
 3022
 3022
 3022
 3016
 3012
 3008
 3002
 2996
 2984
 2968
 2952
 2926
 2892
 2866
 2838
 2806
 2768
 2728
 2686
 2642
 2596
 2550
 2506
 2462
 2414
 2368
 2320
 2272
 2228
 2182
 2136
 2094
 2050
 2008
 1966
 1926
 1888
 1854
 1820
 1788
 1764
 1748
 1746
 1756
 1774
 1810
 1856
 1912
 1970
 2028
 2086
 2142
 2198
 2252
 2304
 2358
 2406
 2454
 2500
 2544
 2584
 2622
 2660
 2692
 2726
 2754
 2778
 2800
 2820
 2834
 2854
 2880
 2898
 2908
 2918
 2926
 2936
 2940
 2944
 2950
 2952
 2952
 2954
 2950
 2948
 2946
 2944
 2938
 2932
 2928
 2926
 2922
 2918
 2914
 2912
 2910
 2910
 2906
 2902
 2898
 2894
 2888
 2878
 2874
 2872
 2870
 2860
 2846
 2820
 2792
 2758
 2720
 2682
 2642
 2600
 2558
 2510
 2464
 2420
 2378
 2334
 2292
 2248
 2206
 2164
 2122
 2086
 2056
 2026
 1996
 1964
 1930
 1896
 1860
 1824
 1794
 1772
 1754
 1742
 1740
 1746
 1762
 1788
 1824
 1858
 1902
 1954
 2010
 2066
 2122
 2174
 2226
 2278
 2328
 2378
 2428
 2474
 2516
 2558
 2596
 2632
 2668
 2702
 2734
 2760
 2782
 2806
 2820
 2840
 2868
 2894
 2914
 2930
 2942
 2950
 2958
 2966
 2970
 2974
 2970
 2966
 2956
 2938
 2916
 2894
 2864
 2830
 2792
 2748
 2702
 2654
 2606
 2556
 2506
 2456
 2406
 2354
 2304
 2250
 2198
 2150
 2098
 2056
 2020
 1984
 1948
 1910
 1870
 1832
 1790
 1750
 1712
 1678
 1642
 1614
 1590
 1576
 1578
 1592
 1618
 1650
 1692
 1738
 1788
 1840
 1900
 1966
 2032
 2096
 2156
 2216
 2270
 2324
 2374
 2426
 2476
 2522
 2566
 2608
 2646
 2680
 2712
 2744
 2768
 2794
 2826
 2858
 2884
 2908
 2926
 2944
 2956
 2964
 2968
 2970
 2972
 2974
 2972
 2968
 2964
 2960
 2950
 2936
 2916
 2890
 2858
 2822
 2780
 2732
 2690
 2656
 2616
 2574
 2532
 2488
 2442
 2392
 2344
 2298
 2252
 2204
 2154
 2102
 2052
 2002
 1954
 1908
 1862
 1818
 1786
 1754
 1722
 1694
 1668
 1646
 1632
 1630
 1638
 1664
 1696
 1734
 1780
 1832
 1888
 1944
 1998
 2054
 2110
 2168
 2222
 2276
 2326
 2378
 2430
 2476
 2518
 2560
 2598
 2636
 2672
 2702
 2730
 2754
 2776
 2804
 2836
 2866
 2884
 2900
 2910
 2920
 2926
 2932
 2934
 2936
 2934
 2932
 2922
 2908
 2888
 2862
 2830
 2790
 2744
 2698
 2648
 2602
 2550
 2502
 2452
 2402
 2350
 2300
 2250
 2200
 2152
 2102
 2056
 2014
 1978
 1938
 1898
 1856
 1814
 1772
 1728
 1686
 1648
 1614
 1586
 1564
 1550
 1552
 1568
 1592
 1622
 1662
 1708
 1756
 1812
 1866
 1918
 1976
 2044
 2110
 2174
 2234
 2290
 2348
 2398
 2446
 2492
 2538
 2580
 2622
 2656
 2690
 2720
 2748
 2770
 2792
 2806
 2826
 2854
 2876
 2892
 2908
 2918
 2922
 2924
 2928
 2930
 2930
 2928
 2926
 2924
 2922
 2916
 2910
 2908
 2902
 2900
 2898
 2890
 2888
 2890
 2890
 2882
 2864
 2842
 2814
 2782
 2744
 2708
 2666
 2624
 2580
 2534
 2486
 2440
 2394
 2344
 2298
 2254
 2206
 2168
 2138
 2102
 2066
 2030
 1994
 1958
 1918
 1882
 1850
 1818
 1788
 1760
 1738
 1726
 1722
 1728
 1748
 1776
 1810
 1854
 1908
 1964
 2018
 2072
 2124
 2176
 2224
 2274
 2324
 2376
 2422
 2466
 2510
 2550
 2590
 2630
 2666
 2696
 2726
 2750
 2770
 2788
 2814
 2844
 2868
 2886
 2900
 2908
 2914
 2916
 2920
 2924
 2924
 2924
 2922
 2920
 2916
 2910
 2904
 2900
 2896
 2892
 2890
 2886
 2882
 2880
 2878
 2872
 2868
 2864
 2862
 2860
 2856
 2854
 2850
 2846
 2838
 2828
 2814
 2796
 2770
 2748
 2734
 2714
 2692
 2666
 2636
 2606
 2572
 2538
 2504
 2472
 2438
 2406
 2370
 2336
 2300
 2264
 2230
 2196
 2160
 2124
 2086
 2050
 2018
 1982
 1952
 1930
 1912
 1890
 1872
 1852
 1834
 1818
 1806
 1804
 1814
 1832
 1856
 1884
 1918
 1956
 1996
 2038
 2084
 2124
 2170
 2222
 2280
 2332
 2382
 2430
 2476
 2516
 2556
 2592
 2628
 2660
 2690
 2716
 2740
 2762
 2780
 2800
 2814
 2828
 2842
 2852
 2860
 2868
 2868
 2874
 2886
 2890
 2886
 2878
 2856
 2828
 2796
 2758
 2720
 2682
 2638
 2594
 2552
 2506
 2462
 2416
 2372
 2330
 2286
 2246
 2216
 2190
 2158
 2126
 2092
 2060
 2024
 1988
 1956
 1926
 1896
 1864
 1836
 1818
 1810
 1810
 1822
 1846
 1874
 1914
 1958
 2004
 2048
 2094
 2138
 2182
 2226
 2268
 2312
 2354
 2396
 2436
 2470
 2508
 2556
 2606
 2646
 2682
 2716
 2744
 2772
 2794
 2814
 2834
 2850
 2864
 2876
 2886
 2896
 2900
 2898
 2900
 2900
 2902
 2902
 2904
 2906
 2902
 2902
 2906
 2904
 2892
 2882
 2872
 2862
 2854
 2846
 2840
 2834
 2828
 2826
 2822
 2822
 2822
 2824
 2826
 2826
 2824
 2828
 2838
 2852
 2862
 2870
 2870
 2852
 2820
 2770
 2714
 2652
 2588
 2518
 2448
 2380
 2310
 2236
 2162
 2090
 2018
 1950
 1892
 1842
 1790
 1736
 1680
 1630
 1584
 1540
 1510
 1494
 1494
 1510
 1538
 1580
 1634
 1694
 1766
 1834
 1906
 1986
 2068
 2140
 2208
 2272
 2334
 2390
 2444
 2498
 2550
 2598
 2644
 2688
 2728
 2760
 2790
 2816
 2838
 2858
 2886
 2918
 2938
 2952
 2964
 2976
 2984
 2990
 2996
 3000
 3002
 3002
 2998
 2992
 2982
 2974
 2964
 2944
 2922
 2892
 2856
 2816
 2774
 2728
 2680
 2630
 2580
 2530
 2480
 2430
 2378
 2328
 2276
 2228
 2190
 2158
 2118
 2078
 2034
 1988
 1938
 1890
 1838
 1792
 1748
 1706
 1664
 1628
 1598
 1576
 1564
 1560
 1568
 1586
 1612
 1638
 1668
 1700
 1734
 1770
 1806
 1846
 1888
 1930
 1980
 2036
 2098
 2154
 2208
 2258
 2302
 2346
 2384
 2424
 2468
 2510
 2552
 2592
 2632
 2668
 2704
 2736
 2764
 2794
 2818
 2840
 2862
 2880
 2892
 2904
 2912
 2920
 2936
 2950
 2960
 2966
 2970
 2962
 2946
 2922
 2894
 2860
 2818
 2772
 2722
 2670
 2612
 2554
 2494
 2434
 2372
 2320
 2274
 2224
 2174
 2126
 2074
 2026
 1974
 1928
 1886
 1844
 1802
 1760
 1720
 1678
 1642
 1604
 1578
 1566
 1564
 1572
 1590
 1618
 1652
 1690
 1724
 1764
 1812
 1858
 1908
 1958
 2008
 2064
 2116
 2166
 2214
 2264
 2310
 2360
 2418
 2476
 2526
 2572
 2616
 2654
 2690
 2722
 2756
 2788
 2818
 2846
 2870
 2894
 2918
 2938
 2952
 2964
 2970
 2970
 2978
 2998
 3012
 3024
 3034
 3040
 3046
 3044
 3038
 3022
 3002
 2970
 2934
 2894
 2846
 2796
 2746
 2690
 2636
 2580
 2524
 2468
 2412
 2354
 2300
 2244
 2188
 2132
 2074
 2018
 1962
 1910
 1868
 1830
 1792
 1752
 1716
 1682
 1656
 1636
 1632
 1640
 1662
 1694
 1732
 1776
 1828
 1882
 1946
 2004
 2054
 2106
 2158
 2206
 2260
 2314
 2368
 2418
 2468
 2516
 2560
 2598
 2636
 2674
 2714
 2746
 2778
 2808
 2838
 2864
 2886
 2904
 2918
 2922
 2930
 2944
 2966
 2978
 2990
 3002
 3008
 3014
 3016
 3014
 3014
 3010
 3004
 2990
 2968
 2940
 2908
 2870
 2830
 2782
 2736
 2688
 2636
 2582
 2538
 2502
 2458
 2414
 2372
 2326
 2280
 2232
 2186
 2140
 2096
 2050
 1998
 1950
 1902
 1854
 1810
 1768
 1732
 1706
 1690
 1686
 1692
 1706
 1728
 1760
 1792
 1828
 1868
 1908
 1948
 1988
 2038
 2092
 2144
 2196
 2246
 2296
 2346
 2394
 2440
 2488
 2534
 2576
 2616
 2652
 2688
 2720
 2750
 2782
 2810
 2836
 2862
 2880
 2894
 2902
 2906
 2912
 2930
 2948
 2960
 2974
 2984
 2992
 2996
 2994
 2994
 2994
 2990
 2988
 2984
 2978
 2976
 2972
 2966
 2960
 2954
 2944
 2940
 2938
 2920
 2898
 2872
 2838
 2800
 2758
 2712
 2668
 2622
 2572
 2520
 2468
 2416
 2366
 2316
 2266
 2214
 2168
 2118
 2070
 2030
 1996
 1956
 1916
 1876
 1836
 1796
 1752
 1712
 1672
 1634
 1596
 1562
 1534
 1510
 1500
 1494
 1498
 1510
 1542
 1582
 1630
 1678
 1724
 1774
 1824
 1874
 1928
 1986
 2048
 2110
 2170
 2224
 2280
 2342
 2400
 2458
 2510
 2556
 2600
 2652
 2706
 2750
 2788
 2824
 2856
 2882
 2904
 2924
 2936
 2944
 2950
 2954
 2958
 2960
 2962
 2964
 2966
 2970
 2968
 2964
 2962
 2954
 2954
 2964
 2972
 2978
 2984
 2988
 2992
 2990
 2990
 2990
 2988
 2984
 2976
 2968
 2958
 2948
 2934
 2916
 2896
 2870
 2844
 2812
 2776
 2738
 2698
 2654
 2612
 2570
 2526
 2478
 2428
 2378
 2330
 2280
 2230
 2188
 2150
 2106
 2062
 2016
 1968
 1920
 1870
 1824
 1782
 1740
 1700
 1666
 1636
 1610
 1592
 1584
 1582
 1590
 1604
 1628
 1662
 1700
 1746
 1802
 1860
 1918
 1974
 2030
 2086
 2136
 2190
 2244
 2298
 2356
 2410
 2462
 2518
 2566
 2614
 2660
 2700
 2734
 2774
 2818
 2856
 2886
 2912
 2932
 2952
 2966
 2976
 2984
 2990
 2994
 2996
 2994
 2990
 2986
 2986
 2984
 2982
 2978
 2978
 2978
 2976
 2974
 2980
 2990
 2994
 3002
 3004
 3000
 2998
 2994
 2988
 2980
 2962
 2942
 2914
 2882
 2844
 2802
 2760
 2714
 2666
 2626
 2596
 2564
 2528
 2494
 2456
 2420
 2378
 2336
 2294
 2248
 2200
 2150
 2100
 2052
 2002
 1952
 1908
 1866
 1822
 1796
 1774
 1752
 1732
 1714
 1702
 1698
 1700
 1710
 1732
 1760
 1796
 1836
 1878
 1928
 1980
 2030
 2080
 2130
 2178
 2228
 2290
 2350
 2406
 2458
 2506
 2552
 2594
 2630
 2666
 2702
 2738
 2768
 2796
 2820
 2844
 2868
 2884
 2898
 2914
 2918
 2918
 2924
 2942
 2952
 2962
 2970
 2974
 2980
 2982
 2984
 2982
 2980
 2976
 2974
 2970
 2964
 2958
 2950
 2938
 2922
 2896
 2866
 2834
 2796
 2756
 2714
 2668
 2622
 2576
 2528
 2480
 2432
 2382
 2334
 2282
 2236
 2196
 2164
 2126
 2086
 2046
 2002
 1958
 1912
 1868
 1828
 1794
 1766
 1744
 1734
 1736
 1752
 1780
 1822
 1868
 1920
 1976
 2034
 2086
 2146
 2210
 2276
 2332
 2384
 2436
 2488
 2536
 2578
 2620
 2658
 2692
 2724
 2752
 2776
 2800
 2820
 2836
 2852
 2862
 2874
 2892
 2914
 2928
 2944
 2950
 2954
 2956
 2958
 2960
 2960
 2960
 2960
 2956
 2954
 2952
 2944
 2938
 2932
 2922
 2906
 2886
 2854
 2824
 2798
 2770
 2734
 2700
 2658
 2614
 2568
 2522
 2478
 2432
 2386
 2336
 2288
 2240
 2192
 2146
 2098
 2052
 2006
 1960
 1912
 1868
 1826
 1784
 1746
 1708
 1674
 1644
 1622
 1606
 1602
 1614
 1642
 1680
 1720
 1766
 1816
 1872
 1926
 1980
 2036
 2096
 2156
 2214
 2268
 2324
 2378
 2432
 2486
 2536
 2582
 2626
 2666
 2704
 2732
 2762
 2796
 2832
 2858
 2882
 2902
 2916
 2922
 2926
 2932
 2936
 2938
 2938
 2938
 2936
 2934
 2932
 2926
 2916
 2912
 2918
 2922
 2920
 2916
 2906
 2888
 2862
 2826
 2788
 2750
 2706
 2664
 2622
 2580
 2536
 2494
 2450
 2406
 2364
 2322
 2276
 2242
 2214
 2184
 2154
 2124
 2090
 2054
 2018
 1982
 1954
 1930
 1914
 1904
 1904
 1914
 1934
 1964
 2002
 2040
 2086
 2140
 2198
 2250
 2302
 2352
 2400
 2448
 2492
 2536
 2578
 2618
 2656
 2690
 2720
 2750
 2774
 2798
 2818
 2834
 2850
 2862
 2874
 2882
 2888
 2894
 2896
 2894
 2892
 2894
 2894
 2896
 2894
 2890
 2896
 2908
 2918
 2920
 2922
 2916
 2906
 2888
 2864
 2836
 2804
 2768
 2732
 2690
 2650
 2604
 2558
 2514
 2468
 2424
 2380
 2338
 2292
 2242
 2194
 2148
 2102
 2056
 2014
 1974
 1936
 1904
 1882
 1862
 1842
 1822
 1802
 1788
 1782
 1780
 1794
 1816
 1848
 1884
 1922
 1962
 2008
 2054
 2104
 2154
 2202
 2250
 2302
 2346
 2388
 2428
 2462
 2496
 2538
 2582
 2622
 2658
 2692
 2722
 2748
 2770
 2790
 2810
 2828
 2842
 2856
 2866
 2876
 2884
 2890
 2896
 2900
 2898
 2898
 2910
 2918
 2926
 2932
 2936
 2938
 2938
 2936
 2926
 2912
 2890
 2866
 2840
 2810
 2778
 2744
 2708
 2670
 2636
 2596
 2560
 2532
 2500
 2464
 2430
 2394
 2354
 2310
 2266
 2224
 2180
 2132
 2084
 2034
 1986
 1940
 1894
 1850
 1812
 1770
 1736
 1716
 1704
 1702
 1710
 1728
 1758
 1794
 1838
 1890
 1944
 1998
 2052
 2106
 2162
 2218
 2270
 2322
 2372
 2416
 2460
 2510
 2562
 2604
 2646
 2682
 2714
 2740
 2760
 2784
 2802
 2818
 2832
 2842
 2850
 2856
 2860
 2864
 2870
 2874
 2878
 2882
 2884
 2884
 2880
 2878
 2876
 2872
 2870
 2876
 2888
 2896
 2902
 2906
 2906
 2906
 2906
 2908
 2906
 2902
 2896
 2886
 2872
 2850
 2822
 2790
 2752
 2714
 2674
 2634
 2594
 2550
 2508
 2464
 2424
 2380
 2342
 2302
 2266
 2226
 2190
 2154
 2112
 2082
 2056
 2034
 2010
 1986
 1960
 1932
 1904
 1874
 1846
 1826
 1806
 1790
 1782
 1782
 1792
 1814
 1842
 1878
 1916
 1960
 2004
 2050
 2094
 2136
 2182
 2240
 2296
 2346
 2394
 2438
 2478
 2516
 2548
 2582
 2614
 2644
 2672
 2694
 2718
 2740
 2758
 2774
 2790
 2800
 2814
 2838
 2862
 2878
 2894
 2904
 2906
 2908
 2912
 2914
 2914
 2912
 2908
 2906
 2900
 2892
 2878
 2856
 2834
 2806
 2776
 2746
 2710
 2670
 2642
 2618
 2588
 2558
 2524
 2486
 2448
 2406
 2364
 2324
 2282
 2238
 2194
 2150
 2104
 2060
 2014
 1968
 1924
 1880
 1842
 1804
 1770
 1738
 1714
 1700
 1692
 1700
 1716
 1738
 1770
 1804
 1850
 1908
 1970
 2028
 2088
 2144
 2196
 2246
 2294
 2338
 2386
 2430
 2470
 2508
 2544
 2576
 2608
 2636
 2662
 2686
 2710
 2728
 2746
 2762
 2774
 2786
 2806
 2830
 2852
 2868
 2882
 2894
 2904
 2908
 2914
 2914
 2914
 2912
 2910
 2906
 2900
 2894
 2888
 2886
 2880
 2876
 2884
 2894
 2898
 2902
 2896
 2884
 2868
 2842
 2812
 2774
 2734
 2692
 2648
 2604
 2560
 2518
 2474
 2430
 2384
 2338
 2292
 2246
 2202
 2156
 2114
 2072
 2030
 1988
 1946
 1906
 1866
 1828
 1802
 1782
 1760
 1738
 1720
 1710
 1698
 1702
 1714
 1738
 1770
 1804
 1844
 1886
 1930
 1976
 2026
 2076
 2126
 2176
 2222
 2270
 2318
 2364
 2408
 2450
 2492
 2532
 2570
 2606
 2632
 2668
 2708
 2744
 2776
 2802
 2824
 2844
 2860
 2872
 2882
 2886
 2882
 2878
 2870
 2856
 2834
 2808
 2776
 2740
 2700
 2658
 2618
 2574
 2530
 2482
 2438
 2392
 2346
 2306
 2272
 2238
 2200
 2164
 2124
 2080
 2030
 1982
 1936
 1894
 1854
 1814
 1776
 1738
 1704
 1672
 1646
 1624
 1612
 1612
 1626
 1650
 1686
 1726
 1768
 1812
 1856
 1904
 1954
 2002
 2048
 2096
 2146
 2194
 2240
 2284
 2330
 2374
 2422
 2474
 2526
 2570
 2612
 2654
 2688
 2718
 2748
 2774
 2798
 2818
 2834
 2850
 2862
 2872
 2882
 2892
 2898
 2898
 2902
 2904
 2902
 2898
 2894
 2888
 2874
 2852
 2822
 2788
 2748
 2702
 2660
 2616
 2572
 2526
 2480
 2430
 2380
 2330
 2280
 2228
 2180
 2132
 2084
 2038
 1992
 1950
 1908
 1866
 1828
 1788
 1750
 1710
 1674
 1642
 1610
 1584
 1574
 1576
 1588
 1608
 1638
 1680
 1728
 1780
 1834
 1890
 1952
 2014
 2074
 2132
 2188
 2246
 2304
 2364
 2422
 2476
 2528
 2576
 2616
 2656
 2704
 2752
 2794
 2832
 2862
 2890
 2906
 2914
 2922
 2930
 2936
 2938
 2938
 2940
 2938
 2936
 2934
 2928
 2924
 2922
 2920
 2916
 2914
 2912
 2910
 2904
 2896
 2882
 2862
 2836
 2808
 2774
 2740
 2700
 2670
 2646
 2616
 2584
 2548
 2508
 2466
 2418
 2368
 2322
 2276
 2228
 2182
 2136
 2090
 2048
 2008
 1968
 1928
 1890
 1856
 1826
 1800
 1784
 1778
 1780
 1794
 1818
 1852
 1888
 1932
 1986
 2048
 2114
 2174
 2234
 2288
 2338
 2386
 2428
 2468
 2504
 2538
 2568
 2594
 2618
 2640
 2658
 2678
 2696
 2716
 2730
 2746
 2760
 2772
 2784
 2790
 2804
 2826
 2844
 2862
 2874
 2884
 2892
 2896
 2900
 2902
 2904
 2900
 2898
 2892
 2888
 2882
 2874
 2866
 2860
 2856
 2860
 2870
 2870
 2868
 2860
 2846
 2826
 2800
 2772
 2740
 2708
 2670
 2632
 2592
 2552
 2512
 2470
 2428
 2388
 2344
 2310
 2284
 2258
 2230
 2202
 2172
 2144
 2110
 2082
 2054
 2024
 1990
 1956
 1924
 1896
 1874
 1860
 1856
 1864
 1880
 1906
 1950
 2000
 2052
 2106
 2158
 2210
 2260
 2304
 2348
 2394
 2440
 2482
 2522
 2560
 2594
 2628
 2660
 2688
 2712
 2734
 2756
 2774
 2788
 2802
 2814
 2824
 2834
 2840
 2848
 2854
 2860
 2866
 2870
 2872
 2874
 2884
 2892
 2888
 2880
 2858
 2824
 2788
 2746
 2702
 2662
 2618
 2572
 2526
 2482
 2436
 2392
 2346
 2300
 2254
 2208
 2166
 2122
 2082
 2052
 2026
 1998
 1972
 1948
 1920
 1892
 1862
 1840
 1824
 1818
 1818
 1830
 1852
 1884
 1920
 1962
 2012
 2062
 2110
 2166
 2226
 2288
 2346
 2398
 2448
 2498
 2540
 2580
 2618
 2652
 2684
 2714
 2738
 2762
 2784
 2804
 2824
 2842
 2854
 2866
 2878
 2884
 2894
 2916
 2938
 2952
 2962
 2970
 2978
 2978
 2974
 2960
 2938
 2904
 2868
 2822
 2774
 2726
 2676
 2626
 2578
 2528
 2480
 2432
 2386
 2342
 2300
 2256
 2214
 2172
 2128
 2086
 2042
 2002
 1960
 1918
 1890
 1864
 1838
 1810
 1782
 1754
 1726
 1698
 1676
 1664
 1662
 1668
 1682
 1702
 1732
 1768
 1808
 1848
 1892
 1938
 1982
 2028
 2072
 2118
 2166
 2220
 2270
 2324
 2374
 2424
 2476
 2520
 2566
 2620
 2674
 2724
 2764
 2802
 2832
 2860
 2882
 2900
 2918
 2930
 2936
 2938
 2940
 2942
 2942
 2938
 2934
 2928
 2924
 2922
 2918
 2912
 2908
 2904
 2892
 2882
 2874
 2862
 2838
 2810
 2772
 2730
 2684
 2630
 2576
 2526
 2474
 2420
 2366
 2314
 2260
 2206
 2156
 2106
 2058
 2020
 1988
 1956
 1924
 1892
 1858
 1818
 1780
 1744
 1712
 1680
 1656
 1638
 1628
 1624
 1634
 1660
 1690
 1738
 1802
 1872
 1940
 2010
 2076
 2140
 2202
 2262
 2320
 2378
 2432
 2486
 2538
 2588
 2634
 2680
 2726
 2766
 2802
 2834
 2864
 2880
 2902
 2934
 2966
 2990
 3010
 3028
 3042
 3052
 3060
 3064
 3066
 3066
 3066
 3066
 3062
 3058
 3054
 3052
 3048
 3044
 3040
 3036
 3032
 3030
 3028
 3020
 3016
 3010
 3006
 3000
 2988
 2972
 2950
 2930
 2904
 2870
 2846
 2826
 2798
 2766
 2732
 2690
 2646
 2596
 2546
 2494
 2444
 2388
 2332
 2272
 2216
 2160
 2104
 2048
 1994
 1936
 1886
 1836
 1788
 1750
 1724
 1708
 1694
 1692
 1694
 1698
 1696
 1688
 1680
 1678
 1678
 1682
 1684
 1688
 1692
 1702
 1710
 1718
 1732
 1748
 1768
 1782
 1794
 1802
 1804
 1804
 1810
 1824
 1850
 1886
 1934
 1986
 2046
 2106
 2168
 2234
 2294
 2352
 2412
 2462
 2518
 2582
 2642
 2694
 2742
 2786
 2824
 2854
 2882
 2904
 2924
 2940
 2956
 2968
 2980
 2986
 2990
 2984
 2970
 2940
 2906
 2878
 2840
 2796
 2746
 2698
 2644
 2590
 2536
 2484
 2434
 2384
 2336
 2286
 2238
 2184
 2136
 2088
 2038
 1998
 1964
 1930
 1894
 1860
 1824
 1788
 1750
 1716
 1686
 1662
 1642
 1630
 1626
 1632
 1646
 1666
 1694
 1722
 1752
 1794
 1844
 1894
 1938
 1982
 2020
 2056
 2082
 2110
 2142
 2174
 2208
 2242
 2274
 2308
 2342
 2378
 2412
 2450
 2488
 2526
 2564
 2602
 2642
 2678
 2710
 2740
 2766
 2792
 2818
 2840
 2858
 2878
 2892
 2906
 2932
 2956
 2974
 2994
 3008
 3020
 3026
 3030
 3034
 3040
 3042
 3042
 3040
 3038
 3034
 3028
 3018
 3002
 2984
 2962
 2928
 2886
 2840
 2784
 2740
 2702
 2660
 2616
 2572
 2522
 2472
 2420
 2368
 2320
 2272
 2218
 2166
 2108
 2054
 1998
 1946
 1894
 1844
 1794
 1756
 1724
 1692
 1662
 1642
 1628
 1624
 1634
 1650
 1676
 1710
 1748
 1790
 1836
 1884
 1936
 1992
 2050
 2106
 2164
 2216
 2270
 2338
 2408
 2474
 2534
 2592
 2646
 2694
 2738
 2780
 2820
 2858
 2890
 2918
 2940
 2958
 2968
 2978
 2986
 2996
 3000
 3006
 3010
 3014
 3016
 3018
 3018
 3018
 3018
 3016
 3010
 2996
 2974
 2944
 2910
 2878
 2852
 2818
 2780
 2740
 2698
 2656
 2608
 2564
 2520
 2476
 2432
 2382
 2334
 2284
 2236
 2188
 2142
 2094
 2046
 2004
 1962
 1920
 1892
 1866
 1842
 1822
 1810
 1804
 1808
 1818
 1844
 1878
 1916
 1956
 1998
 2042
 2092
 2144
 2196
 2250
 2302
 2358
 2422
 2490
 2548
 2606
 2658
 2706
 2750
 2790
 2826
 2864
 2896
 2922
 2942
 2954
 2968
 2978
 2988
 2996
 3002
 3010
 3016
 3018
 3022
 3020
 3016
 3024
 3040
 3050
 3060
 3068
 3074
 3078
 3078
 3078
 3070
 3056
 3032
 3000
 2958
 2910
 2862
 2810
 2760
 2708
 2656
 2604
 2554
 2502
 2452
 2404
 2354
 2308
 2262
 2214
 2166
 2122
 2078
 2034
 1998
 1966
 1936
 1902
 1868
 1834
 1804
 1776
 1756
 1748
 1754
 1766
 1788
 1816
 1852
 1896
 1942
 1990
 2040
 2086
 2132
 2180
 2226
 2268
 2326
 2388
 2446
 2498
 2556
 2606
 2658
 2702
 2742
 2784
 2826
 2862
 2894
 2924
 2950
 2972
 2986
 3000
 3010
 3026
 3048
 3066
 3078
 3090
 3102
 3110
 3112
 3116
 3120
 3120
 3114
 3104
 3086
 3062
 3030
 2990
 2944
 2898
 2848
 2798
 2748
 2692
 2642
 2602
 2560
 2514
 2468
 2422
 2376
 2328
 2282
 2240
 2196
 2148
 2098
 2050
 2000
 1952
 1904
 1862
 1816
 1782
 1758
 1738
 1728
 1726
 1736
 1756
 1784
 1818
 1862
 1914
 1968
 2024
 2078
 2136
 2194
 2248
 2302
 2354
 2400
 2454
 2514
 2564
 2612
 2658
 2702
 2742
 2776
 2808
 2842
 2870
 2896
 2918
 2938
 2954
 2964
 2976
 2986
 3000
 3008
 3016
 3022
 3028
 3028
 3034
 3048
 3056
 3064
 3074
 3078
 3080
 3082
 3082
 3082
 3076
 3064
 3046
 3020
 2988
 2952
 2906
 2862
 2814
 2768
 2722
 2676
 2630
 2582
 2536
 2490
 2444
 2398
 2354
 2306
 2264
 2218
 2174
 2132
 2088
 2054
 2026
 1994
 1964
 1932
 1904
 1880
 1864
 1858
 1864
 1880
 1904
 1934
 1968
 2012
 2056
 2106
 2154
 2200
 2248
 2290
 2332
 2374
 2408
 2444
 2484
 2530
 2568
 2606
 2642
 2674
 2706
 2734
 2758
 2786
 2810
 2834
 2854
 2874
 2892
 2904
 2914
 2922
 2930
 2940
 2948
 2954
 2960
 2964
 2970
 2972
 2972
 2972
 2976
 2976
 2978
 2978
 2972
 2978
 2986
 2988
 2984
 2972
 2950
 2926
 2894
 2852
 2814
 2772
 2730
 2686
 2640
 2594
 2548
 2504
 2458
 2414
 2370
 2326
 2282
 2240
 2198
 2156
 2118
 2078
 2036
 1998
 1962
 1926
 1894
 1870
 1856
 1844
 1842
 1848
 1860
 1880
 1906
 1934
 1970
 2012
 2054
 2092
 2134
 2176
 2222
 2268
 2314
 2358
 2402
 2444
 2482
 2520
 2554
 2584
 2620
 2662
 2698
 2732
 2760
 2788
 2814
 2832
 2850
 2866
 2880
 2892
 2904
 2914
 2922
 2926
 2926
 2928
 2930
 2932
 2942
 2958
 2968
 2980
 2988
 2992
 2990
 2984
 2974
 2956
 2930
 2902
 2866
 2830
 2790
 2748
 2708
 2662
 2620
 2580
 2538
 2500
 2472
 2444
 2414
 2382
 2350
 2314
 2278
 2242
 2204
 2172
 2136
 2098
 2062
 2026
 1992
 1956
 1926
 1900
 1882
 1878
 1888
 1910
 1938
 1974
 2020
 2068
 2114
 2162
 2214
 2266
 2316
 2362
 2408
 2452
 2496
 2536
 2574
 2612
 2646
 2678
 2706
 2732
 2754
 2774
 2792
 2808
 2826
 2840
 2854
 2866
 2880
 2890
 2898
 2906
 2922
 2940
 2954
 2966
 2974
 2978
 2980
 2984
 2984
 2984
 2978
 2968
 2956
 2938
 2914
 2886
 2850
 2814
 2774
 2732
 2690
 2650
 2610
 2566
 2524
 2486
 2444
 2404
 2360
 2318
 2274
 2230
 2194
 2166
 2140
 2112
 2082
 2052
 2020
 1990
 1962
 1938
 1924
 1914
 1914
 1924
 1942
 1968
 2004
 2044
 2092
 2144
 2196
 2246
 2294
 2346
 2386
 2436
 2490
 2542
 2588
 2630
 2668
 2702
 2732
 2758
 2782
 2804
 2822
 2836
 2846
 2858
 2868
 2874
 2880
 2882
 2884
 2890
 2908
 2922
 2928
 2938
 2944
 2950
 2954
 2956
 2958
 2958
 2956
 2954
 2950
 2948
 2944
 2944
 2938
 2932
 2930
 2924
 2922
 2928
 2934
 2932
 2926
 2912
 2892
 2866
 2836
 2802
 2766
 2726
 2686
 2646
 2606
 2564
 2522
 2480
 2438
 2396
 2354
 2312
 2274
 2234
 2192
 2150
 2110
 2068
 2028
 1984
 1944
 1906
 1866
 1834
 1814
 1794
 1778
 1762
 1748
 1738
 1736
 1742
 1758
 1786
 1822
 1862
 1908
 1962
 2018
 2078
 2136
 2198
 2260
 2314
 2364
 2414
 2458
 2512
 2572
 2626
 2674
 2718
 2760
 2794
 2822
 2846
 2870
 2890
 2906
 2920
 2930
 2936
 2934
 2936
 2936
 2938
 2938
 2938
 2936
 2938
 2948
 2948
 2940
 2928
 2904
 2876
 2838
 2796
 2750
 2704
 2656
 2608
 2562
 2512
 2466
 2414
 2364
 2314
 2268
 2222
 2174
 2134
 2102
 2068
 2032
 1998
 1962
 1930
 1896
 1866
 1842
 1828
 1820
 1822
 1834
 1856
 1884
 1922
 1964
 2004
 2044
 2094
 2148
 2198
 2248
 2294
 2340
 2382
 2420
 2456
 2496
 2530
 2562
 2592
 2622
 2648
 2676
 2704
 2730
 2756
 2778
 2800
 2824
 2846
 2860
 2876
 2886
 2888
 2890
 2900
 2918
 2930
 2938
 2942
 2938
 2926
 2900
 2870
 2834
 2792
 2750
 2706
 2660
 2614
 2568
 2520
 2476
 2430
 2384
 2340
 2296
 2252
 2210
 2166
 2124
 2084
 2044
 2000
 1958
 1916
 1874
 1838
 1802
 1764
 1740
 1718
 1698
 1680
 1664
 1656
 1656
 1664
 1684
 1714
 1750
 1788
 1834
 1878
 1926
 1976
 2024
 2076
 2134
 2194
 2252
 2308
 2362
 2418
 2466
 2520
 2578
 2632
 2678
 2720
 2756
 2788
 2812
 2838
 2860
 2878
 2892
 2902
 2904
 2906
 2906
 2906
 2906
 2902
 2898
 2890
 2874
 2846
 2804
 2750
 2698
 2644
 2592
 2544
 2492
 2444
 2394
 2346
 2306
 2272
 2238
 2198
 2150
 2094
 2036
 1976
 1920
 1870
 1822
 1776
 1736
 1694
 1660
 1632
 1612
 1598
 1594
 1596
 1604
 1620
 1640
 1666
 1700
 1740
 1782
 1830
 1872
 1916
 1970
 2026
 2084
 2134
 2182
 2230
 2274
 2316
 2354
 2394
 2436
 2476
 2516
 2550
 2584
 2618
 2648
 2678
 2706
 2734
 2762
 2790
 2814
 2838
 2858
 2876
 2888
 2904
 2926
 2948
 2958
 2970
 2978
 2986
 2988
 2988
 2986
 2974
 2956
 2930
 2894
 2854
 2808
 2760
 2712
 2666
 2616
 2572
 2536
 2496
 2456
 2414
 2370
 2324
 2274
 2226
 2182
 2138
 2094
 2048
 2000
 1952
 1904
 1862
 1822
 1786
 1758
 1740
 1730
 1726
 1734
 1750
 1780
 1814
 1860
 1912
 1968
 2028
 2086
 2144
 2206
 2272
 2332
 2388
 2442
 2498
 2542
 2590
 2644
 2696
 2740
 2782
 2818
 2852
 2876
 2902
 2924
 2942
 2958
 2968
 2970
 2974
 2976
 2980
 2980
 2980
 2980
 2982
 2982
 2980
 2976
 2970
 2968
 2966
 2964
 2958
 2948
 2932
 2910
 2884
 2850
 2812
 2784
 2758
 2724
 2686
 2648
 2604
 2558
 2510
 2464
 2420
 2374
 2328
 2282
 2234
 2190
 2148
 2106
 2066
 2026
 1988
 1950
 1916
 1884
 1856
 1840
 1832
 1834
 1846
 1874
 1906
 1944
 1994
 2056
 2124
 2192
 2256
 2316
 2374
 2430
 2480
 2526
 2572
 2614
 2652
 2686
 2720
 2748
 2776
 2800
 2820
 2838
 2854
 2868
 2878
 2892
 2900
 2906
 2914
 2912
 2916
 2930
 2948
 2958
 2964
 2972
 2976
 2980
 2980
 2982
 2982
 2982
 2980
 2978
 2974
 2970
 2966
 2962
 2956
 2942
 2934
 2930
 2922
 2904
 2882
 2854
 2822
 2786
 2748
 2710
 2672
 2628
 2584
 2540
 2494
 2448
 2402
 2358
 2318
 2278
 2236
 2204
 2176
 2148
 2118
 2086
 2056
 2022
 1986
 1952
 1924
 1892
 1870
 1852
 1844
 1848
 1864
 1890
 1926
 1974
 2024
 2076
 2138
 2208
 2280
 2346
 2408
 2466
 2520
 2568
 2612
 2654
 2690
 2724
 2754
 2780
 2804
 2822
 2840
 2860
 2872
 2884
 2892
 2896
 2894
 2894
 2894
 2894
 2898
 2898
 2898
 2902
 2904
 2906
 2902
 2900
 2910
 2926
 2938
 2948
 2956
 2962
 2966
 2966
 2968
 2966
 2962
 2952
 2936
 2914
 2884
 2852
 2816
 2776
 2732
 2692
 2650
 2608
 2566
 2522
 2478
 2436
 2394
 2352
 2310
 2270
 2228
 2188
 2158
 2132
 2108
 2080
 2050
 2022
 1994
 1966
 1938
 1912
 1892
 1874
 1858
 1848
 1848
 1860
 1882
 1912
 1944
 1982
 2026
 2072
 2118
 2164
 2206
 2256
 2316
 2374
 2426
 2476
 2524
 2570
 2608
 2644
 2680
 2714
 2744
 2772
 2796
 2818
 2838
 2856
 2870
 2882
 2892
 2906
 2922
 2936
 2948
 2958
 2966
 2970
 2974
 2976
 2978
 2976
 2970
 2966
 2960
 2956
 2952
 2946
 2940
 2934
 2924
 2906
 2886
 2872
 2854
 2830
 2800
 2766
 2732
 2692
 2656
 2616
 2580
 2540
 2500
 2458
 2420
 2378
 2336
 2294
 2252
 2206
 2166
 2136
 2104
 2072
 2038
 2002
 1968
 1928
 1888
 1852
 1818
 1782
 1754
 1728
 1714
 1712
 1722
 1744
 1772
 1808
 1858
 1916
 1968
 2020
 2076
 2132
 2184
 2234
 2282
 2334
 2384
 2432
 2474
 2516
 2556
 2594
 2632
 2670
 2702
 2734
 2764
 2790
 2814
 2834
 2850
 2868
 2884
 2894
 2908
 2914
 2916
 2918
 2920
 2920
 2930
 2946
 2958
 2966
 2966
 2952
 2928
 2896
 2860
 2820
 2776
 2728
 2678
 2628
 2578
 2528
 2480
 2430
 2380
 2332
 2282
 2236
 2188
 2142
 2100
 2058
 2014
 1972
 1932
 1896
 1862
 1824
 1798
 1776
 1754
 1732
 1718
 1708
 1706
 1714
 1734
 1764
 1804
 1842
 1886
 1934
 1986
 2040
 2096
 2152
 2210
 2270
 2330
 2382
 2432
 2480
 2520
 2568
 2620
 2670
 2712
 2752
 2786
 2814
 2838
 2856
 2876
 2892
 2902
 2914
 2918
 2916
 2916
 2914
 2912
 2912
 2906
 2908
 2918
 2930
 2936
 2940
 2944
 2946
 2946
 2946
 2944
 2942
 2938
 2936
 2932
 2928
 2924
 2920
 2916
 2910
 2904
 2894
 2874
 2856
 2844
 2824
 2800
 2774
 2744
 2712
 2678
 2644
 2610
 2578
 2542
 2506
 2464
 2426
 2386
 2348
 2308
 2272
 2238
 2202
 2166
 2130
 2096
 2060
 2026
 1992
 1956
 1922
 1886
 1854
 1826
 1796
 1780
 1774
 1776
 1784
 1804
 1830
 1860
 1894
 1930
 1972
 2016
 2058
 2104
 2148
 2192
 2238
 2284
 2334
 2382
 2434
 2478
 2522
 2564
 2600
 2638
 2682
 2728
 2766
 2802
 2832
 2860
 2880
 2896
 2908
 2912
 2914
 2918
 2918
 2918
 2918
 2916
 2908
 2896
 2878
 2840
 2806
 2772
 2732
 2688
 2642
 2596
 2552
 2504
 2458
 2418
 2378
 2336
 2296
 2256
 2214
 2174
 2130
 2088
 2044
 2002
 1962
 1932
 1906
 1882
 1856
 1832
 1808
 1784
 1760
 1742
 1734
 1732
 1738
 1758
 1788
 1822
 1862
 1912
 1964
 2016
 2080
 2146
 2210
 2270
 2332
 2388
 2438
 2480
 2526
 2568
 2608
 2644
 2674
 2702
 2730
 2752
 2774
 2790
 2808
 2822
 2836
 2848
 2858
 2864
 2876
 2898
 2918
 2932
 2944
 2948
 2952
 2954
 2956
 2956
 2954
 2948
 2946
 2942
 2938
 2932
 2928
 2924
 2920
 2916
 2914
 2910
 2906
 2906
 2904
 2898
 2894
 2890
 2888
 2884
 2878
 2872
 2860
 2848
 2828
 2798
 2770
 2744
 2722
 2692
 2662
 2630
 2596
 2558
 2514
 2474
 2430
 2386
 2340
 2290
 2244
 2198
 2154
 2110
 2066
 2022
 1980
 1936
 1896
 1856
 1814
 1782
 1758
 1736
 1716
 1700
 1686
 1678
 1680
 1688
 1710
 1740
 1778
 1816
 1862
 1908
 1956
 2006
 2056
 2102
 2152
 2210
 2264
 2314
 2364
 2412
 2456
 2490
 2516
 2536
 2554
 2564
 2570
 2572
 2572
 2574
 2572
 2570
 2568
 2566
 2564
 2566
 2562
 2562
 2560
 2552
 2550
 2558
 2568
 2572
 2578
 2582
 2584
 2584
 2580
 2576
 2574
 2568
 2564
 2558
 2550
 2546
 2550
 2558
 2568
 2582
 2602
 2618
 2632
 2640
 2640
 2636
 2626
 2616
 2604
 2602
 2596
 2596
 2594
 2592
 2594
 2604
 2618
 2630
 2640
 2646
 2652
 2654
 2650
 2650
 2648
 2648
 2650
 2650
 2658
 2670
 2686
 2708
 2728
 2748
 2770
 2792
 2812
 2830
 2846
 2868
 2894
 2916
 2930
 2934
 2926
 2910
 2886
 2854
 2814
 2764
 2712
 2650
 2588
 2520
 2452
 2386
 2320
 2256
 2200
 2148
 2092
 2034
 1974
 1916
 1852
 1788
 1730
 1674
 1620
 1562
 1504
 1448
 1392
 1340
 1300
 1264
 1240
 1236
 1248
 1274
 1308
 1356
 1406
 1462
 1524
 1588
 1664
 1740
 1814
 1890
 1964
 2040
 2108
 2174
 2236
 2290
 2346
 2410
 2476
 2534
 2590
 2642
 2686
 2720
 2754
 2788
 2818
 2846
 2872
 2896
 2920
 2940
 2956
 2966
 2974
 2978
 2982
 2996
 3018
 3030
 3042
 3052
 3058
 3058
 3054
 3046
 3032
 3010
 2982
 2950
 2912
 2872
 2826
 2774
 2718
 2660
 2598
 2534
 2466
 2400
 2332
 2264
 2196
 2128
 2060
 1988
 1922
 1856
 1790
 1738
 1690
 1642
 1594
 1546
 1498
 1450
 1400
 1348
 1306
 1268
 1230
 1194
 1162
 1140
 1130
 1126
 1126
 1132
 1150
 1172
 1200
 1240
 1288
 1342
 1398
 1456
 1518
 1582
 1646
 1722
 1798
 1876
 1952
 2028
 2110
 2190
 2268
 2342
 2414
 2478
 2544
 2616
 2684
 2740
 2796
 2844
 2886
 2920
 2948
 2972
 2994
 3012
 3028
 3040
 3050
 3058
 3064
 3070
 3074
 3078
 3078
 3080
 3084
 3080
 3080
 3086
 3100
 3108
 3114
 3112
 3108
 3098
 3084
 3068
 3052
 3030
 3002
 2968
 2928
 2884
 2838
 2792
 2742
 2690
 2640
 2588
 2536
 2484
 2430
 2378
 2328
 2276
 2224
 2170
 2116
 2066
 2012
 1966
 1928
 1894
 1854
 1812
 1768
 1724
 1682
 1640
 1610
 1590
 1580
 1582
 1594
 1614
 1642
 1676
 1712
 1752
 1792
 1832
 1874
 1918
 1960
 2010
 2068
 2124
 2180
 2238
 2292
 2346
 2400
 2456
 2512
 2566
 2614
 2664
 2712
 2758
 2802
 2844
 2884
 2920
 2950
 2990
 3034
 3066
 3092
 3116
 3138
 3154
 3166
 3176
 3182
 3178
 3166
 3140
 3104
 3058
 3010
 2960
 2906
 2852
 2794
 2738
 2682
 2624
 2578
 2540
 2496
 2452
 2406
 2360
 2312
 2264
 2216
 2168
 2120
 2072
 2022
 1972
 1924
 1874
 1830
 1786
 1740
 1704
 1678
 1660
 1646
 1644
 1652
 1670
 1694
 1724
 1764
 1808
 1860
 1912
 1966
 2022
 2080
 2140
 2204
 2264
 2322
 2392
 2468
 2530
 2590
 2646
 2698
 2744
 2788
 2830
 2870
 2908
 2938
 2968
 2992
 3016
 3036
 3050
 3064
 3080
 3092
 3102
 3108
 3114
 3112
 3114
 3124
 3134
 3138
 3140
 3136
 3124
 3100
 3070
 3034
 2994
 2950
 2902
 2852
 2800
 2748
 2694
 2642
 2592
 2538
 2486
 2446
 2410
 2372
 2332
 2288
 2244
 2198
 2152
 2106
 2064
 2018
 1970
 1922
 1874
 1830
 1792
 1764
 1744
 1736
 1742
 1764
 1796
 1830
 1866
 1902
 1938
 1974
 2010
 2050
 2090
 2130
 2172
 2214
 2254
 2296
 2336
 2380
 2420
 2458
 2490
 2516
 2542
 2564
 2586
 2616
 2652
 2688
 2720
 2756
 2788
 2820
 2852
 2882
 2912
 2942
 2964
 2982
 3002
 3020
 3036
 3052
 3062
 3070
 3078
 3082
 3082
 3078
 3062
 3038
 3006
 2966
 2918
 2870
 2816
 2760
 2702
 2646
 2590
 2532
 2486
 2448
 2406
 2362
 2314
 2266
 2210
 2152
 2094
 2042
 1994
 1944
 1894
 1844
 1798
 1756
 1716
 1680
 1646
 1620
 1602
 1598
 1604
 1620
 1650
 1688
 1734
 1782
 1830
 1884
 1936
 1988
 2044
 2102
 2160
 2216
 2268
 2324
 2376
 2426
 2478
 2524
 2570
 2620
 2676
 2726
 2772
 2814
 2852
 2886
 2916
 2942
 2966
 2986
 3006
 3024
 3038
 3052
 3064
 3072
 3078
 3082
 3080
 3072
 3062
 3044
 3018
 2984
 2940
 2900
 2866
 2828
 2784
 2738
 2690
 2640
 2588
 2536
 2486
 2438
 2386
 2332
 2278
 2224
 2170
 2116
 2066
 2012
 1966
 1926
 1892
 1854
 1820
 1790
 1768
 1752
 1752
 1764
 1790
 1822
 1862
 1908
 1962
 2016
 2074
 2132
 2188
 2246
 2312
 2382
 2444
 2504
 2564
 2618
 2666
 2704
 2744
 2782
 2814
 2846
 2872
 2894
 2914
 2932
 2948
 2966
 2980
 2986
 2994
 3002
 3004
 3010
 3022
 3040
 3050
 3062
 3068
 3072
 3072
 3076
 3078
 3078
 3076
 3076
 3072
 3068
 3066
 3060
 3056
 3052
 3050
 3042
 3032
 3018
 2998
 2972
 2940
 2906
 2870
 2830
 2790
 2748
 2700
 2654
 2608
 2566
 2534
 2508
 2476
 2442
 2408
 2372
 2332
 2290
 2250
 2214
 2176
 2140
 2102
 2064
 2028
 1994
 1960
 1930
 1906
 1892
 1890
 1904
 1928
 1960
 2008
 2068
 2130
 2192
 2254
 2314
 2372
 2428
 2480
 2530
 2578
 2622
 2662
 2700
 2734
 2764
 2790
 2816
 2836
 2860
 2890
 2912
 2926
 2940
 2952
 2962
 2968
 2970
 2974
 2976
 2976
 2976
 2974
 2970
 2968
 2966
 2964
 2964
 2962
 2960
 2962
 2960
 2950
 2954
 2962
 2970
 2976
 2980
 2984
 2986
 2988
 2986
 2980
 2972
 2958
 2942
 2918
 2894
 2862
 2828
 2794
 2760
 2722
 2692
 2666
 2630
 2596
 2560
 2522
 2484
 2444
 2408
 2370
 2336
 2300
 2262
 2226
 2190
 2150
 2112
 2076
 2040
 2006
 1984
 1970
 1960
 1958
 1966
 1982
 2008
 2036
 2072
 2114
 2158
 2204
 2248
 2294
 2342
 2390
 2438
 2482
 2522
 2562
 2596
 2628
 2666
 2706
 2738
 2768
 2794
 2816
 2832
 2850
 2866
 2878
 2886
 2892
 2894
 2896
 2898
 2898
 2900
 2898
 2898
 2898
 2900
 2900
 2900
 2900
 2900
 2900
 2900
 2896
 2898
 2898
 2896
 2894
 2892
 2886
 2878
 2874
 2872
 2868
 2856
 2838
 2810
 2782
 2748
 2714
 2678
 2642
 2604
 2562
 2522
 2480
 2440
 2398
 2360
 2318
 2278
 2236
 2194
 2152
 2110
 2068
 2024
 1982
 1942
 1902
 1868
 1840
 1810
 1794
 1790
 1794
 1806
 1830
 1858
 1892
 1928
 1964
 2010
 2064
 2118
 2172
 2224
 2276
 2332
 2384
 2430
 2474
 2514
 2554
 2592
 2624
 2652
 2678
 2700
 2722
 2748
 2778
 2804
 2828
 2846
 2862
 2876
 2882
 2886
 2890
 2890
 2892
 2892
 2888
 2884
 2882
 2880
 2878
 2876
 2872
 2874
 2884
 2892
 2898
 2902
 2900
 2894
 2880
 2858
 2832
 2802
 2764
 2728
 2690
 2650
 2608
 2564
 2522
 2478
 2432
 2394
 2364
 2330
 2294
 2256
 2218
 2178
 2132
 2088
 2044
 2000
 1956
 1910
 1864
 1820
 1776
 1734
 1698
 1666
 1636
 1618
 1608
 1608
 1620
 1640
 1666
 1700
 1732
 1772
 1816
 1866
 1914
 1966
 2022
 2076
 2130
 2178
 2232
 2282
 2330
 2380
 2436
 2490
 2540
 2588
 2634
 2672
 2708
 2742
 2770
 2794
 2812
 2828
 2842
 2856
 2868
 2882
 2890
 2896
 2900
 2902
 2904
 2908
 2904
 2908
 2922
 2934
 2940
 2944
 2946
 2944
 2938
 2926
 2904
 2876
 2840
 2796
 2750
 2700
 2650
 2598
 2550
 2500
 2452
 2404
 2354
 2306
 2258
 2212
 2166
 2118
 2072
 2026
 1982
 1936
 1894
 1854
 1812
 1774
 1746
 1718
 1688
 1662
 1638
 1618
 1602
 1596
 1602
 1626
 1656
 1692
 1732
 1778
 1830
 1882
 1936
 1990
 2046
 2100
 2154
 2208
 2260
 2308
 2366
 2428
 2488
 2542
 2592
 2640
 2684
 2718
 2750
 2782
 2810
 2834
 2854
 2870
 2882
 2886
 2890
 2894
 2896
 2900
 2902
 2900
 2900
 2896
 2886
 2868
 2844
 2816
 2776
 2736
 2692
 2646
 2600
 2564
 2532
 2496
 2462
 2426
 2386
 2346
 2304
 2264
 2226
 2188
 2150
 2112
 2072
 2034
 1996
 1956
 1914
 1874
 1836
 1798
 1768
 1744
 1724
 1702
 1686
 1678
 1680
 1690
 1710
 1738
 1772
 1816
 1858
 1908
 1960
 2012
 2068
 2122
 2172
 2228
 2292
 2356
 2412
 2464
 2518
 2566
 2608
 2652
 2694
 2734
 2768
 2802
 2830
 2854
 2876
 2894
 2908
 2922
 2928
 2938
 2944
 2942
 2944
 2954
 2966
 2976
 2982
 2984
 2978
 2966
 2942
 2910
 2872
 2830
 2784
 2736
 2684
 2634
 2582
 2532
 2486
 2436
 2386
 2346
 2306
 2264
 2224
 2182
 2140
 2096
 2050
 2008
 1968
 1924
 1882
 1840
 1802
 1766
 1740
 1728
 1730
 1744
 1778
 1826
 1884
 1946
 2010
 2078
 2144
 2206
 2268
 2334
 2396
 2454
 2508
 2558
 2602
 2642
 2680
 2714
 2744
 2772
 2794
 2816
 2832
 2848
 2862
 2874
 2884
 2892
 2898
 2898
 2900
 2904
 2904
 2906
 2908
 2906
 2910
 2924
 2936
 2942
 2948
 2952
 2954
 2950
 2942
 2930
 2908
 2878
 2844
 2806
 2762
 2720
 2678
 2636
 2594
 2556
 2512
 2466
 2422
 2376
 2332
 2286
 2242
 2200
 2156
 2112
 2068
 2030
 1988
 1948
 1918
 1890
 1864
 1840
 1818
 1800
 1790
 1786
 1796
 1818
 1850
 1890
 1934
 1982
 2036
 2092
 2150
 2208
 2264
 2326
 2384
 2436
 2484
 2528
 2566
 2608
 2652
 2698
 2736
 2770
 2800
 2826
 2846
 2862
 2876
 2886
 2896
 2902
 2906
 2904
 2902
 2900
 2900
 2900
 2898
 2894
 2898
 2906
 2916
 2922
 2930
 2936
 2940
 2940
 2936
 2934
 2932
 2928
 2924
 2920
 2916
 2910
 2906
 2902
 2894
 2890
 2886
 2880
 2874
 2872
 2874
 2864
 2852
 2832
 2806
 2776
 2740
 2704
 2666
 2628
 2588
 2548
 2508
 2468
 2428
 2386
 2346
 2310
 2270
 2240
 2216
 2188
 2160
 2132
 2104
 2076
 2044
 2016
 1990
 1966
 1942
 1922
 1914
 1910
 1920
 1938
 1964
 2000
 2040
 2084
 2136
 2198
 2256
 2310
 2368
 2418
 2464
 2504
 2538
 2572
 2606
 2632
 2656
 2680
 2700
 2718
 2734
 2750
 2764
 2780
 2794
 2804
 2812
 2822
 2840
 2862
 2878
 2892
 2902
 2906
 2910
 2910
 2914
 2916
 2916
 2914
 2912
 2910
 2906
 2898
 2894
 2888
 2884
 2882
 2876
 2874
 2872
 2868
 2866
 2860
 2854
 2848
 2840
 2830
 2816
 2800
 2778
 2750
 2720
 2684
 2648
 2622
 2598
 2570
 2542
 2514
 2482
 2448
 2410
 2368
 2332
 2296
 2258
 2224
 2186
 2150
 2114
 2078
 2042
 2008
 1974
 1940
 1908
 1878
 1848
 1822
 1808
 1800
 1804
 1814
 1834
 1860
 1890
 1922
 1960
 2004
 2048
 2092
 2138
 2184
 2230
 2276
 2320
 2366
 2408
 2444
 2486
 2530
 2572
 2610
 2646
 2674
 2704
 2726
 2744
 2766
 2782
 2796
 2810
 2822
 2830
 2838
 2846
 2852
 2862
 2866
 2872
 2878
 2882
 2880
 2878
 2878
 2888
 2904
 2914
 2922
 2928
 2934
 2934
 2930
 2922
 2906
 2888
 2862
 2830
 2796
 2758
 2718
 2676
 2636
 2596
 2550
 2514
 2484
 2454
 2420
 2388
 2354
 2320
 2284
 2244
 2210
 2174
 2136
 2096
 2058
 2022
 1986
 1950
 1918
 1884
 1854
 1826
 1802
 1782
 1772
 1770
 1778
 1798
 1826
 1862
 1906
 1958
 2012
 2068
 2122
 2184
 2254
 2316
 2378
 2434
 2486
 2532
 2570
 2606
 2642
 2674
 2700
 2726
 2750
 2770
 2798
 2820
 2844
 2862
 2878
 2888
 2898
 2902
 2896
 2898
 2910
 2922
 2930
 2934
 2940
 2944
 2950
 2952
 2956
 2960
 2962
 2962
 2964
 2960
 2958
 2954
 2952
 2948
 2940
 2936
 2940
 2950
 2956
 2958
 2958
 2950
 2932
 2910
 2880
 2846
 2808
 2768
 2726
 2684
 2642
 2600
 2560
 2520
 2474
 2432
 2390
 2346
 2308
 2276
 2248
 2218
 2186
 2152
 2118
 2082
 2042
 2006
 1972
 1936
 1896
 1856
 1816
 1774
 1736
 1704
 1676
 1652
 1646
 1658
 1674
 1700
 1728
 1764
 1800
 1834
 1870
 1912
 1956
 2000
 2046
 2092
 2136
 2182
 2232
 2280
 2322
 2364
 2404
 2434
 2474
 2518
 2556
 2590
 2624
 2654
 2682
 2704
 2724
 2744
 2764
 2780
 2796
 2810
 2826
 2842
 2856
 2868
 2880
 2892
 2902
 2912
 2920
 2926
 2930
 2932
 2934
 2938
 2934
 2926
 2914
 2894
 2870
 2838
 2804
 2764
 2722
 2676
 2640
 2612
 2574
 2536
 2498
 2454
 2412
 2364
 2320
 2276
 2236
 2194
 2150
 2106
 2062
 2018
 1976
 1934
 1890
 1848
 1808
 1770
 1734
 1698
 1668
 1648
 1632
 1616
 1608
 1602
 1604
 1618
 1638
 1662
 1692
 1728
 1764
 1802
 1844
 1886
 1928
 1976
 2022
 2064
 2114
 2170
 2230
 2282
 2334
 2384
 2434
 2482
 2528
 2574
 2620
 2662
 2704
 2742
 2780
 2812
 2844
 2876
 2902
 2928
 2950
 2962
 2968
 2974
 2976
 2978
 2980
 2966
 2942
 2912
 2872
 2826
 2774
 2722
 2670
 2618
 2568
 2518
 2468
 2418
 2366
 2318
 2270
 2224
 2174
 2134
 2100
 2064
 2028
 1992
 1952
 1912
 1866
 1820
 1780
 1738
 1696
 1658
 1620
 1598
 1582
 1580
 1596
 1618
 1644
 1688
 1740
 1798
 1854
 1910
 1970
 2030
 2086
 2142
 2202
 2260
 2320
 2378
 2436
 2488
 2542
 2592
 2644
 2692
 2734
 2776
 2812
 2844
 2882
 2926
 2964
 2992
 3012
 3032
 3048
 3060
 3072
 3080
 3086
 3088
 3086
 3082
 3074
 3062
 3048
 3028
 3004
 2974
 2938
 2898
 2856
 2810
 2762
 2712
 2664
 2616
 2570
 2522
 2472
 2424
 2380
 2334
 2288
 2250
 2218
 2186
 2148
 2108
 2066
 2022
 1976
 1928
 1882
 1842
 1800
 1762
 1724
 1698
 1684
 1680
 1692
 1716
 1748
 1786
 1828
 1868
 1916
 1974
 2036
 2094
 2152
 2210
 2268
 2324
 2374
 2424
 2476
 2528
 2580
 2626
 2670
 2712
 2752
 2788
 2822
 2852
 2888
 2930
 2964
 2992
 3020
 3040
 3048
 3058
 3064
 3070
 3076
 3078
 3078
 3078
 3078
 3076
 3074
 3072
 3064
 3048
 3022
 2982
 2936
 2886
 2842
 2802
 2754
 2708
 2658
 2610
 2560
 2510
 2462
 2416
 2368
 2322
 2272
 2224
 2176
 2126
 2080
 2030
 1980
 1942
 1908
 1874
 1838
 1802
 1768
 1738
 1708
 1688
 1682
 1684
 1696
 1720
 1754
 1796
 1844
 1890
 1940
 1996
 2042
 2090
 2148
 2210
 2264
 2318
 2368
 2418
 2462
 2504
 2546
 2588
 2626
 2662
 2698
 2732
 2766
 2800
 2832
 2864
 2890
 2916
 2936
 2948
 2958
 2976
 3000
 3016
 3030
 3042
 3052
 3056
 3064
 3068
 3068
 3066
 3062
 3056
 3042
 3022
 2994
 2962
 2922
 2880
 2832
 2782
 2732
 2682
 2630
 2580
 2530
 2480
 2432
 2384
 2338
 2290
 2244
 2200
 2156
 2114
 2082
 2054
 2020
 1986
 1950
 1914
 1876
 1838
 1802
 1774
 1746
 1726
 1712
 1712
 1726
 1750
 1782
 1822
 1870
 1916
 1966
 2018
 2064
 2118
 2182
 2246
 2304
 2360
 2414
 2468
 2518
 2562
 2608
 2650
 2692
 2730
 2766
 2800
 2832
 2862
 2890
 2916
 2936
 2954
 2968
 2980
 2992
 3000
 3004
 3004
 3008
 3010
 3010
 3014
 3010
 3002
 2986
 2956
 2926
 2896
 2858
 2816
 2772
 2726
 2680
 2630
 2580
 2530
 2484
 2436
 2386
 2336
 2286
 2236
 2188
 2140
 2090
 2044
 1996
 1956
 1922
 1888
 1854
 1822
 1790
 1760
 1734
 1716
 1708
 1718
 1738
 1766
 1802
 1848
 1898
 1954
 2010
 2064
 2120
 2184
 2250
 2310
 2368
 2424
 2482
 2534
 2582
 2628
 2674
 2716
 2758
 2794
 2832
 2868
 2900
 2932
 2958
 2980
 2996
 3002
 3010
 3028
 3048
 3062
 3072
 3082
 3088
 3094
 3094
 3094
 3094
 3092
 3090
 3086
 3084
 3080
 3072
 3064
 3048
 3016
 2986
 2960
 2928
 2888
 2846
 2802
 2758
 2708
 2662
 2616
 2572
 2524
 2478
 2430
 2382
 2336
 2290
 2244
 2198
 2154
 2112
 2068
 2028
 1988
 1950
 1914
 1878
 1844
 1816
 1792
 1780
 1774
 1782
 1812
 1856
 1908
 1958
 2012
 2066
 2126
 2180
 2232
 2286
 2342
 2394
 2446
 2492
 2538
 2580
 2624
 2666
 2706
 2742
 2776
 2810
 2840
 2866
 2888
 2904
 2916
 2926
 2938
 2946
 2954
 2960
 2962
 2976
 2996
 3010
 3018
 3026
 3030
 3032
 3022
 3004
 2982
 2950
 2914
 2872
 2826
 2778
 2726
 2676
 2626
 2578
 2530
 2482
 2434
 2386
 2338
 2290
 2242
 2198
 2160
 2128
 2092
 2058
 2020
 1982
 1944
 1906
 1870
 1840
 1812
 1784
 1762
 1750
 1744
 1752
 1772
 1798
 1828
 1872
 1922
 1978
 2030
 2082
 2136
 2188
 2236
 2284
 2332
 2380
 2428
 2474
 2518
 2562
 2604
 2644
 2684
 2722
 2752
 2786
 2830
 2870
 2904
 2936
 2964
 2984
 2998
 3010
 3024
 3032
 3038
 3042
 3044
 3046
 3046
 3044
 3036
 3022
 3000
 2970
 2930
 2886
 2846
 2812
 2770
 2724
 2682
 2634
 2586
 2538
 2490
 2446
 2402
 2356
 2310
 2266
 2222
 2174
 2130
 2090
 2042
 2004
 1974
 1942
 1910
 1882
 1856
 1838
 1826
 1824
 1834
 1852
 1880
 1912
 1952
 1996
 2048
 2096
 2142
 2192
 2242
 2288
 2342
 2402
 2460
 2512
 2562
 2608
 2648
 2686
 2720
 2756
 2788
 2816
 2842
 2864
 2884
 2904
 2926
 2944
 2958
 2968
 2978
 2984
 2996
 3014
 3028
 3036
 3048
 3056
 3060
 3058
 3054
 3042
 3024
 2996
 2960
 2918
 2876
 2828
 2778
 2728
 2676
 2626
 2574
 2528
 2482
 2436
 2390
 2346
 2304
 2266
 2226
 2190
 2154
 2116
 2078
 2046
 2008
 1980
 1958
 1940
 1926
 1914
 1908
 1912
 1926
 1948
 1978
 2016
 2060
 2108
 2154
 2204
 2254
 2306
 2360
 2414
 2464
 2512
 2560
 2602
 2644
 2680
 2716
 2748
 2780
 2810
 2836
 2858
 2878
 2894
 2918
 2948
 2972
 2990
 3002
 3010
 3020
 3024
 3028
 3032
 3030
 3024
 3014
 2996
 2966
 2928
 2886
 2836
 2788
 2740
 2692
 2644
 2596
 2550
 2508
 2466
 2420
 2380
 2348
 2320
 2292
 2260
 2228
 2194
 2160
 2118
 2078
 2042
 2004
 1966
 1924
 1888
 1854
 1832
 1820
 1814
 1822
 1844
 1878
 1916
 1956
 1996
 2040
 2082
 2124
 2168
 2214
 2258
 2300
 2342
 2386
 2426
 2464
 2506
 2542
 2576
 2618
 2664
 2708
 2752
 2790
 2826
 2860
 2888
 2916
 2942
 2964
 2980
 2994
 3002
 3012
 3020
 3026
 3034
 3036
 3038
 3036
 3022
 3006
 2986
 2964
 2930
 2892
 2850
 2804
 2754
 2706
 2654
 2608
 2558
 2510
 2460
 2412
 2362
 2316
 2274
 2228
 2190
 2158
 2126
 2090
 2052
 2012
 1970
 1928
 1886
 1848
 1814
 1782
 1760
 1748
 1748
 1758
 1778
 1812
 1852
 1894
 1946
 2010
 2078
 2142
 2204
 2266
 2326
 2380
 2436
 2488
 2540
 2590
 2638
 2684
 2732
 2776
 2818
 2862
 2898
 2930
 2960
 2982
 2994
 3012
 3042
 3064
 3078
 3086
 3096
 3102
 3106
 3110
 3112
 3112
 3110
 3110
 3106
 3102
 3098
 3096
 3090
 3088
 3080
 3074
 3070
 3066
 3062
 3056
 3050
 3038
 3018
 2998
 2980
 2966
 2954
 2946
 2940
 2946
 2958
 2968
 2978
 2984
 2988
 2992
 2992
 2992
 2988
 2982
 2976
 2970
 2966
 2956
 2936
 2904
 2862
 2810
 2754
 2694
 2634
 2576
 2518
 2470
 2430
 2386
 2338
 2290
 2244
 2198
 2150
 2104
 2062
 2020
 1978
 1938
 1900
 1872
 1850
 1838
 1836
 1850
 1874
 1910
 1950
 1996
 2042
 2088
 2132
 2180
 2226
 2276
 2322
 2368
 2410
 2458
 2498
 2536
 2574
 2608
 2640
 2682
 2730
 2770
 2810
 2846
 2874
 2900
 2918
 2932
 2946
 2958
 2966
 2972
 2978
 2982
 2988
 2990
 2992
 2990
 2988
 2984
 2988
 3000
 3008
 3014
 3022
 3026
 3030
 3026
 3024
 3014
 2996
 2970
 2934
 2896
 2854
 2810
 2762
 2716
 2666
 2620
 2582
 2548
 2510
 2470
 2432
 2392
 2350
 2310
 2270
 2232
 2192
 2154
 2112
 2074
 2038
 2002
 1972
 1950
 1936
 1934
 1948
 1972
 2002
 2032
 2068
 2106
 2144
 2180
 2222
 2266
 2308
 2352
 2394
 2438
 2478
 2522
 2562
 2600
 2638
 2676
 2704
 2740
 2784
 2826
 2858
 2886
 2912
 2932
 2948
 2964
 2978
 2986
 2990
 2994
 2996
 2996
 2996
 2994
 2994
 2992
 2986
 2980
 2962
 2940
 2914
 2882
 2844
 2802
 2756
 2708
 2662
 2610
 2558
 2506
 2454
 2402
 2364
 2328
 2288
 2246
 2208
 2166
 2122
 2078
 2032
 1992
 1952
 1912
 1874
 1838
 1804
 1776
 1754
 1742
 1740
 1746
 1764
 1792
 1822
 1858
 1896
 1936
 1980
 2024
 2068
 2112
 2160
 2216
 2276
 2332
 2382
 2432
 2480
 2528
 2572
 2614
 2660
 2700
 2736
 2770
 2800
 2828
 2852
 2874
 2890
 2906
 2916
 2922
 2926
 2930
 2936
 2936
 2938
 2938
 2936
 2936
 2936
 2932
 2918
 2898
 2872
 2840
 2802
 2762
 2722
 2684
 2642
 2600
 2556
 2514
 2468
 2422
 2378
 2332
 2290
 2258
 2226
 2196
 2162
 2128
 2090
 2054
 2014
 1978
 1944
 1908
 1876
 1844
 1822
 1814
 1814
 1822
 1848
 1884
 1926
 1970
 2016
 2062
 2110
 2156
 2198
 2246
 2296
 2342
 2384
 2428
 2468
 2510
 2554
 2594
 2632
 2670
 2704
 2734
 2768
 2808
 2846
 2876
 2904
 2928
 2950
 2962
 2970
 2980
 2986
 2996
 3000
 3004
 3008
 3012
 3014
 3016
 3016
 3012
 3012
 3022
 3030
 3032
 3030
 3022
 3008
 2986
 2958
 2924
 2886
 2844
 2800
 2750
 2702
 2654
 2606
 2560
 2514
 2470
 2432
 2400
 2360
 2322
 2284
 2244
 2202
 2160
 2122
 2084
 2046
 2008
 1968
 1934
 1906
 1886
 1878
 1880
 1896
 1920
 1948
 1984
 2022
 2066
 2112
 2158
 2204
 2252
 2302
 2352
 2396
 2438
 2474
 2508
 2548
 2596
 2642
 2684
 2722
 2758
 2792
 2820
 2842
 2864
 2882
 2896
 2908
 2916
 2916
 2918
 2920
 2922
 2926
 2928
 2930
 2934
 2936
 2938
 2936
 2930
 2932
 2942
 2954
 2962
 2970
 2974
 2976
 2978
 2972
 2964
 2950
 2930
 2900
 2866
 2828
 2788
 2748
 2708
 2668
 2630
 2588
 2554
 2528
 2498
 2466
 2434
 2398
 2362
 2322
 2284
 2248
 2210
 2172
 2132
 2094
 2056
 2018
 1984
 1956
 1936
 1926
 1922
 1932
 1950
 1976
 2008
 2048
 2092
 2144
 2192
 2244
 2292
 2336
 2388
 2442
 2496
 2542
 2586
 2626
 2664
 2694
 2722
 2750
 2776
 2798
 2816
 2832
 2846
 2860
 2870
 2880
 2888
 2892
 2892
 2892
 2894
 2896
 2894
 2900
 2912
 2924
 2936
 2944
 2944
 2948
 2950
 2952
 2952
 2952
 2950
 2948
 2944
 2938
 2930
 2920
 2906
 2890
 2864
 2844
 2822
 2798
 2766
 2736
 2702
 2668
 2628
 2586
 2548
 2508
 2468
 2426
 2382
 2340
 2298
 2256
 2214
 2174
 2132
 2092
 2052
 2014
 1976
 1938
 1900
 1862
 1830
 1802
 1786
 1778
 1782
 1800
 1830
 1866
 1910
 1958
 2008
 2060
 2114
 2168
 2224
 2278
 2332
 2386
 2442
 2494
 2544
 2590
 2632
 2670
 2706
 2736
 2764
 2788
 2812
 2830
 2848
 2862
 2876
 2884
 2890
 2900
 2914
 2930
 2938
 2946
 2952
 2958
 2962
 2962
 2966
 2968
 2966
 2964
 2960
 2958
 2952
 2946
 2936
 2920
 2898
 2874
 2844
 2808
 2770
 2728
 2684
 2640
 2594
 2552
 2514
 2484
 2448
 2412
 2376
 2338
 2302
 2262
 2226
 2188
 2154
 2118
 2078
 2040
 2002
 1966
 1930
 1898
 1866
 1846
 1832
 1822
 1822
 1830
 1848
 1872
 1904
 1940
 1986
 2040
 2094
 2146
 2202
 2258
 2312
 2364
 2410
 2452
 2496
 2546
 2594
 2632
 2668
 2702
 2732
 2756
 2776
 2794
 2810
 2826
 2834
 2844
 2852
 2858
 2862
 2868
 2870
 2876
 2876
 2874
 2872
 2870
 2868
 2874
 2888
 2896
 2904
 2914
 2918
 2920
 2924
 2926
 2930
 2926
 2922
 2918
 2914
 2910
 2904
 2900
 2894
 2890
 2888
 2882
 2876
 2870
 2866
 2864
 2860
 2856
 2852
 2848
 2842
 2834
 2822
 2804
 2778
 2750
 2716
 2688
 2668
 2642
 2614
 2586
 2554
 2520
 2484
 2448
 2410
 2374
 2336
 2294
 2254
 2212
 2172
 2130
 2088
 2048
 2008
 1970
 1936
 1900
 1864
 1840
 1820
 1800
 1782
 1770
 1764
 1768
 1778
 1800
 1832
 1874
 1928
 1982
 2040
 2104
 2166
 2230
 2292
 2344
 2396
 2454
 2510
 2556
 2600
 2638
 2672
 2700
 2724
 2750
 2772
 2790
 2808
 2822
 2832
 2840
 2848
 2854
 2860
 2862
 2864
 2866
 2868
 2866
 2864
 2858
 2848
 2844
 2844
 2836
 2824
 2808
 2784
 2756
 2718
 2680
 2640
 2600
 2556
 2514
 2466
 2422
 2374
 2328
 2282
 2234
 2192
 2146
 2106
 2064
 2020
 1982
 1942
 1904
 1864
 1824
 1786
 1750
 1714
 1676
 1650
 1632
 1614
 1598
 1588
 1586
 1594
 1612
 1638
 1672
 1712
 1752
 1796
 1838
 1880
 1926
 1972
 2020
 2068
 2118
 2160
 2206
 2252
 2288
 2330
 2376
 2424
 2468
 2512
 2552
 2588
 2624
 2658
 2692
 2722
 2750
 2778
 2802
 2824
 2846
 2864
 2878
 2890
 2900
 2908
 2924
 2942
 2954
 2964
 2972
 2976
 2974
 2966
 2954
 2938
 2910
 2876
 2838
 2794
 2748
 2702
 2656
 2610
 2564
 2520
 2476
 2432
 2390
 2354
 2326
 2290
 2258
 2224
 2190
 2152
 2114
 2080
 2044
 2010
 1974
 1938
 1904
 1868
 1832
 1802
 1770
 1740
 1726
 1726
 1734
 1752
 1780
 1816
 1856
 1896
 1936
 1984
 2034
 2084
 2136
 2186
 2238
 2292
 2346
 2398
 2450
 2498
 2542
 2594
 2652
 2706
 2754
 2798
 2836
 2870
 2896
 2916
 2932
 2946
 2956
 2966
 2972
 2976
 2980
 2982
 2982
 2980
 2972
 2960
 2944
 2922
 2896
 2860
 2822
 2792
 2760
 2722
 2684
 2640
 2596
 2548
 2500
 2450
 2404
 2356
 2304
 2254
 2206
 2158
 2110
 2062
 2018
 1972
 1928
 1884
 1840
 1796
 1756
 1716
 1678
 1642
 1612
 1588
 1572
 1566
 1568
 1586
 1616
 1650
 1688
 1740
 1798
 1862
 1920
 1980
 2040
 2098
 2152
 2206
 2258
 2310
 2360
 2410
 2456
 2502
 2546
 2590
 2634
 2674
 2714
 2750
 2782
 2814
 2842
 2860
 2882
 2906
 2926
 2942
 2956
 2966
 2974
 2978
 2982
 2988
 2988
 2986
 2982
 2976
 2972
 2964
 2954
 2936
 2914
 2882
 2844
 2804
 2758
 2712
 2664
 2618
 2566
 2518
 2470
 2422
 2376
 2330
 2286
 2242
 2200
 2162
 2132
 2102
 2068
 2032
 1992
 1950
 1910
 1868
 1828
 1796
 1764
 1730
 1698
 1674
 1658
 1652
 1656
 1670
 1692
 1720
 1754
 1800
 1852
 1906
 1960
 2016
 2074
 2130
 2184
 2238
 2292
 2350
 2404
 2454
 2504
 2552
 2602
 2646
 2686
 2728
 2762
 2798
 2840
 2882
 2912
 2938
 2960
 2978
 2992
 3002
 3012
 3016
 3020
 3018
 3020
 3018
 3014
 3014
 3014
 3010
 3006
 3000
 2992
 2986
 2984
 2982
 2968
 2952
 2924
 2890
 2850
 2804
 2758
 2714
 2666
 2618
 2570
 2522
 2474
 2426
 2380
 2336
 2286
 2248
 2214
 2180
 2142
 2108
 2072
 2032
 1994
 1952
 1914
 1880
 1842
 1808
 1780
 1758
 1744
 1742
 1748
 1766
 1794
 1824
 1860
 1912
 1966
 2018
 2068
 2118
 2168
 2218
 2264
 2310
 2356
 2404
 2450
 2496
 2540
 2580
 2620
 2658
 2694
 2726
 2758
 2786
 2816
 2840
 2860
 2878
 2890
 2900
 2908
 2916
 2924
 2932
 2940
 2946
 2954
 2960
 2960
 2968
 2982
 2994
 3004
 3010
 3012
 3014
 3014
 3014
 3012
 3008
 3006
 3002
 2998
 2990
 2982
 2976
 2968
 2964
 2958
 2950
 2940
 2924
 2904
 2880
 2848
 2814
 2780
 2744
 2706
 2670
 2632
 2590
 2550
 2518
 2492
 2460
 2428
 2392
 2360
 2322
 2282
 2244
 2206
 2168
 2128
 2084
 2038
 1992
 1946
 1898
 1852
 1804
 1758
 1708
 1664
 1618
 1572
 1534
 1514
 1502
 1502
 1510
 1526
 1552
 1582
 1616
 1654
 1694
 1734
 1772
 1802
 1834
 1862
 1888
 1914
 1932
 1944
 1952
 1954
 1952
 1952
 1950
 1950
 1950
 1954
 1960
 1964
 1970
 1976
 1984
 1992
 2002
 2014
 2022
 2032
 2040
 2042
 2050
 2070
 2104
 2146
 2196
 2252
 2312
 2368
 2426
 2484
 2540
 2594
 2644
 2694
 2740
 2784
 2822
 2856
 2884
 2908
 2928
 2956
 2980
 2996
 3012
 3024
 3032
 3034
 3036
 3040
 3040
 3040
 3038
 3036
 3036
 3032
 3024
 3012
 2990
 2962
 2936
 2910
 2874
 2838
 2798
 2758
 2714
 2668
 2624
 2582
 2536
 2490
 2444
 2396
 2348
 2302
 2254
 2210
 2162
 2114
 2072
 2034
 1990
 1944
 1902
 1862
 1828
 1796
 1776
 1766
 1760
 1762
 1774
 1792
 1814
 1846
 1882
 1922
 1964
 2008
 2052
 2096
 2144
 2188
 2232
 2276
 2324
 2372
 2422
 2470
 2516
 2560
 2604
 2642
 2688
 2740
 2784
 2824
 2860
 2890
 2918
 2936
 2950
 2966
 2976
 2986
 2990
 2992
 2992
 2992
 2992
 2992
 2992
 2992
 2992
 2992
 2990
 2986
 2984
 2978
 2978
 2984
 2978
 2964
 2944
 2918
 2884
 2846
 2806
 2766
 2726
 2684
 2642
 2600
 2556
 2512
 2470
 2428
 2386
 2344
 2308
 2278
 2246
 2210
 2174
 2138
 2104
 2068
 2032
 2002
 1968
 1936
 1908
 1886
 1878
 1874
 1878
 1894
 1916
 1936
 1968
 2006
 2050
 2090
 2124
 2158
 2190
 2220
 2246
 2276
 2302
 2326
 2350
 2374
 2398
 2422
 2452
 2476
 2502
 2530
 2556
 2586
 2624
 2662
 2694
 2728
 2758
 2788
 2810
 2834
 2856
 2876
 2896
 2912
 2930
 2948
 2966
 2980
 2994
 3006
 3018
 3026
 3030
 3040
 3056
 3070
 3078
 3080
 3078
 3070
 3052
 3028
 2996
 2958
 2918
 2872
 2822
 2774
 2724
 2674
 2628
 2584
 2538
 2496
 2452
 2408
 2366
 2322
 2280
 2238
 2196
 2154
 2114
 2072
 2030
 2000
 1974
 1946
 1920
 1894
 1874
 1864
 1862
 1870
 1886
 1910
 1938
 1970
 2002
 2036
 2076
 2116
 2158
 2200
 2240
 2280
 2322
 2358
 2398
 2446
 2490
 2530
 2568
 2604
 2638
 2670
 2698
 2728
 2756
 2782
 2804
 2826
 2848
 2870
 2886
 2902
 2914
 2922
 2928
 2944
 2964
 2980
 2992
 3004
 3014
 3020
 3026
 3028
 3030
 3028
 3028
 3026
 3024
 3022
 3020
 3020
 3016
 3008
 2996
 2978
 2952
 2916
 2884
 2856
 2820
 2784
 2748
 2710
 2676
 2636
 2596
 2558
 2516
 2476
 2434
 2392
 2352
 2306
 2266
 2226
 2184
 2150
 2124
 2094
 2062
 2032
 2000
 1970
 1942
 1922
 1914
 1912
 1920
 1936
 1960
 1990
 2028
 2076
 2118
 2164
 2212
 2258
 2304
 2360
 2416
 2468
 2518
 2566
 2608
 2648
 2684
 2718
 2754
 2784
 2810
 2836
 2860
 2882
 2906
 2926
 2942
 2958
 2966
 2970
 2982
 3000
 3018
 3030
 3042
 3050
 3060
 3064
 3066
 3068
 3070
 3068
 3066
 3064
 3062
 3058
 3056
 3052
 3042
 3028
 3004
 2982
 2960
 2928
 2894
 2856
 2818
 2776
 2730
 2686
 2642
 2598
 2554
 2512
 2468
 2424
 2382
 2338
 2296
 2254
 2210
 2166
 2132
 2100
 2064
 2024
 1986
 1948
 1910
 1872
 1842
 1822
 1808
 1804
 1814
 1836
 1868
 1908
 1954
 2006
 2060
 2110
 2168
 2234
 2298
 2356
 2412
 2464
 2516
 2562
 2606
 2648
 2690
 2726
 2760
 2792
 2822
 2848
 2878
 2898
 2918
 2934
 2942
 2946
 2962
 2980
 2992
 3002
 3010
 3016
 3022
 3028
 3030
 3030
 3028
 3026
 3026
 3022
 3020
 3020
 3018
 3016
 3014
 3010
 3004
 2998
 3000
 3004
 2998
 2990
 2972
 2944
 2912
 2872
 2832
 2792
 2748
 2708
 2666
 2622
 2580
 2538
 2496
 2454
 2414
 2370
 2336
 2306
 2272
 2236
 2198
 2158
 2120
 2080
 2044
 2010
 1978
 1952
 1936
 1930
 1938
 1960
 1992
 2030
 2078
 2130
 2182
 2240
 2312
 2382
 2448
 2506
 2560
 2614
 2660
 2700
 2738
 2778
 2810
 2842
 2868
 2892
 2912
 2926
 2938
 2948
 2960
 2964
 2964
 2972
 2986
 2998
 3006
 3014
 3020
 3026
 3030
 3034
 3036
 3036
 3036
 3034
 3028
 3024
 3018
 3014
 3012
 3008
 3002
 3000
 2996
 2994
 2990
 2982
 2972
 2960
 2942
 2918
 2894
 2862
 2830
 2796
 2758
 2724
 2700
 2674
 2646
 2616
 2586
 2552
 2512
 2472
 2436
 2400
 2364
 2326
 2288
 2252
 2214
 2178
 2142
 2104
 2068
 2030
 1992
 1956
 1928
 1910
 1900
 1894
 1898
 1914
 1938
 1972
 2010
 2054
 2104
 2154
 2208
 2262
 2312
 2362
 2412
 2466
 2510
 2558
 2610
 2664
 2708
 2750
 2786
 2818
 2846
 2870
 2892
 2914
 2928
 2938
 2946
 2950
 2956
 2962
 2966
 2968
 2968
 2966
 2972
 2982
 2986
 2988
 2994
 2996
 2996
 2994
 2992
 2986
 2974
 2956
 2928
 2900
 2864
 2826
 2788
 2746
 2706
 2664
 2618
 2580
 2552
 2518
 2482
 2446
 2408
 2372
 2332
 2290
 2252
 2214
 2176
 2136
 2100
 2062
 2028
 1998
 1966
 1940
 1924
 1910
 1902
 1900
 1908
 1924
 1948
 1980
 2020
 2066
 2114
 2164
 2220
 2278
 2336
 2394
 2450
 2504
 2556
 2602
 2640
 2684
 2734
 2776
 2814
 2848
 2876
 2904
 2926
 2944
 2960
 2970
 2974
 2978
 2980
 2982
 2984
 2982
 2978
 2976
 2974
 2970
 2964
 2966
 2974
 2978
 2982
 2980
 2982
 2982
 2980
 2976
 2970
 2958
 2942
 2920
 2894
 2860
 2824
 2786
 2748
 2708
 2666
 2624
 2584
 2542
 2500
 2460
 2420
 2384
 2344
 2306
 2268
 2230
 2194
 2158
 2132
 2106
 2082
 2054
 2024
 1998
 1974
 1946
 1924
 1906
 1894
 1890
 1894
 1900
 1916
 1940
 1972
 2010
 2048
 2088
 2132
 2178
 2220
 2268
 2320
 2370
 2418
 2464
 2508
 2548
 2586
 2618
 2654
 2688
 2716
 2744
 2770
 2794
 2816
 2834
 2852
 2870
 2882
 2894
 2904
 2910
 2910
 2910
 2912
 2914
 2916
 2912
 2912
 2910
 2906
 2904
 2904
 2906
 2898
 2886
 2864
 2832
 2798
 2762
 2724
 2690
 2654
 2616
 2580
 2540
 2500
 2460
 2420
 2378
 2340
 2300
 2262
 2226
 2186
 2152
 2114
 2076
 2040
 2008
 1978
 1948
 1928
 1916
 1906
 1902
 1908
 1922
 1944
 1974
 2006
 2048
 2094
 2144
 2190
 2240
 2290
 2344
 2392
 2440
 2488
 2532
 2574
 2610
 2642
 2670
 2692
 2714
 2742
 2770
 2790
 2808
 2824
 2838
 2850
 2858
 2866
 2876
 2884
 2888
 2892
 2894
 2890
 2888
 2886
 2886
 2882
 2878
 2882
 2892
 2900
 2906
 2912
 2916
 2920
 2920
 2922
 2920
 2920
 2916
 2914
 2908
 2902
 2896
 2890
 2886
 2882
 2874
 2876
 2882
 2884
 2886
 2880
 2874
 2864
 2850
 2834
 2814
 2790
 2762
 2728
 2694
 2660
 2624
 2592
 2558
 2526
 2494
 2464
 2430
 2404
 2380
 2356
 2328
 2302
 2272
 2244
 2216
 2186
 2160
 2134
 2106
 2080
 2056
 2040
 2030
 2028
 2036
 2054
 2076
 2110
 2158
 2210
 2266
 2322
 2372
 2418
 2458
 2496
 2534
 2570
 2606
 2638
 2666
 2692
 2714
 2732
 2746
 2762
 2772
 2782
 2788
 2796
 2804
 2808
 2812
 2816
 2816
 2820
 2822
 2824
 2826
 2828
 2830
 2830
 2830
 2836
 2848
 2852
 2854
 2850
 2838
 2824
 2798
 2770
 2740
 2706
 2674
 2640
 2604
 2570
 2534
 2498
 2460
 2424
 2388
 2352
 2316
 2284
 2248
 2212
 2178
 2144
 2114
 2084
 2050
 2020
 1990
 1960
 1934
 1918
 1908
 1898
 1888
 1880
 1876
 1880
 1888
 1910
 1936
 1968
 2004
 2044
 2084
 2126
 2170
 2218
 2268
 2316
 2364
 2410
 2454
 2494
 2536
 2568
 2604
 2648
 2694
 2734
 2768
 2798
 2824
 2846
 2864
 2878
 2892
 2900
 2904
 2906
 2908
 2910
 2904
 2896
 2880
 2856
 2826
 2802
 2778
 2742
 2704
 2664
 2622
 2576
 2528
 2482
 2438
 2394
 2348
 2304
 2260
 2218
 2174
 2134
 2092
 2054
 2016
 1974
 1940
 1914
 1888
 1858
 1828
 1800
 1770
 1736
 1706
 1684
 1670
 1660
 1658
 1666
 1684
 1710
 1742
 1780
 1814
 1856
 1910
 1966
 2020
 2074
 2130
 2186
 2236
 2282
 2328
 2378
 2428
 2472
 2514
 2554
 2592
 2630
 2660
 2686
 2710
 2726
 2746
 2770
 2798
 2818
 2836
 2854
 2870
 2880
 2890
 2896
 2898
 2898
 2902
 2902
 2902
 2900
 2896
 2888
 2880
 2866
 2844
 2830
 2818
 2810
 2804
 2802
 2800
 2800
 2800
 2804
 2808
 2810
 2812
 2812
 2818
 2832
 2848
 2858
 2866
 2874
 2880
 2882
 2888
 2898
 2902
 2902
 2898
 2886
 2864
 2828
 2782
 2730
 2676
 2614
 2554
 2494
 2432
 2370
 2318
 2270
 2220
 2166
 2112
 2056
 2002
 1944
 1892
 1842
 1794
 1748
 1700
 1656
 1614
 1578
 1550
 1536
 1532
 1548
 1576
 1614
 1660
 1712
 1770
 1830
 1892
 1956
 2026
 2094
 2160
 2224
 2290
 2352
 2410
 2466
 2516
 2562
 2612
 2668
 2714
 2754
 2792
 2826
 2854
 2876
 2894
 2912
 2922
 2932
 2940
 2946
 2950
 2952
 2956
 2956
 2956
 2954
 2948
 2944
 2946
 2952
 2950
 2940
 2924
 2900
 2866
 2822
 2780
 2734
 2686
 2640
 2592
 2544
 2496
 2448
 2400
 2354
 2306
 2258
 2220
 2190
 2154
 2116
 2078
 2036
 1990
 1944
 1900
 1860
 1822
 1782
 1752
 1730
 1716
 1716
 1732
 1756
 1790
 1838
 1892
 1946
 2002
 2060
 2118
 2168
 2216
 2268
 2320
 2370
 2418
 2466
 2512
 2556
 2600
 2640
 2680
 2718
 2754
 2788
 2816
 2842
 2866
 2886
 2900
 2924
 2952
 2968
 2982
 2994
 3004
 3010
 3016
 3018
 3024
 3022
 3018
 3010
 2998
 2982
 2962
 2934
 2902
 2866
 2818
 2774
 2738
 2704
 2662
 2620
 2578
 2534
 2488
 2442
 2396
 2354
 2310
 2262
 2214
 2170
 2124
 2078
 2038
 1996
 1950
 1916
 1886
 1854
 1818
 1780
 1742
 1706
 1668
 1640
 1622
 1610
 1612
 1622
 1642
 1672
 1706
 1746
 1790
 1832
 1872
 1918
 1958
 2000
 2052
 2104
 2152
 2200
 2248
 2294
 2338
 2380
 2420
 2468
 2512
 2554
 2594
 2636
 2678
 2718
 2758
 2796
 2834
 2864
 2894
 2918
 2940
 2956
 2968
 2976
 2982
 2988
 2990
 2984
 2970
 2950
 2918
 2876
 2828
 2788
 2752
 2708
 2664
 2616
 2564
 2512
 2460
 2406
 2354
 2304
 2250
 2188
 2128
 2070
 2010
 1952
 1898
 1842
 1788
 1738
 1690
 1640
 1602
 1572
 1542
 1512
 1484
 1466
 1462
 1464
 1476
 1498
 1528
 1562
 1598
 1634
 1674
 1714
 1762
 1810
 1854
 1908
 1968
 2030
 2084
 2140
 2194
 2244
 2294
 2342
 2392
 2442
 2488
 2534
 2576
 2620
 2664
 2704
 2746
 2786
 2824
 2858
 2888
 2918
 2942
 2960
 2976
 2996
 3020
 3040
 3056
 3070
 3078
 3084
 3086
 3088
 3090
 3082
 3066
 3044
 3014
 2980
 2938
 2888
 2838
 2784
 2730
 2690
 2654
 2612
 2568
 2524
 2476
 2432
 2382
 2336
 2292
 2244
 2194
 2142
 2094
 2042
 1994
 1948
 1898
 1856
 1820
 1786
 1750
 1716
 1690
 1674
 1666
 1668
 1684
 1708
 1738
 1772
 1810
 1852
 1898
 1944
 1986
 2032
 2078
 2116
 2162
 2218
 2274
 2326
 2374
 2418
 2464
 2504
 2542
 2582
 2620
 2658
 2696
 2730
 2764
 2800
 2834
 2864
 2894
 2920
 2940
 2964
 2992
 3014
 3036
 3056
 3072
 3084
 3094
 3104
 3114
 3118
 3116
 3116
 3114
 3114
 3110
 3102
 3086
 3064
 3034
 2996
 2950
 2900
 2850
 2798
 2742
 2684
 2630
 2576
 2524
 2474
 2426
 2380
 2330
 2284
 2248
 2216
 2184
 2148
 2112
 2074
 2034
 1994
 1954
 1916
 1878
 1840
 1800
 1764
 1734
 1720
 1716
 1724
 1744
 1774
 1812
 1856
 1906
 1958
 2012
 2066
 2122
 2178
 2232
 2282
 2340
 2406
 2470
 2524
 2576
 2626
 2670
 2712
 2748
 2784
 2820
 2854
 2884
 2910
 2932
 2950
 2962
 2972
 2982
 2992
 2998
 3000
 3004
 3008
 3010
 3012
 3012
 3012
 3010
 3012
 3020
 3020
 3012
 2996
 2968
 2930
 2880
 2824
 2762
 2700
 2640
 2580
 2520
 2460
 2398
 2338
 2280
 2218
 2160
 2110
 2062
 2012
 1964
 1912
 1860
 1810
 1760
 1714
 1672
 1630
 1592
 1552
 1518
 1488
 1466
 1450
 1452
 1468
 1494
 1524
 1562
 1606
 1650
 1694
 1736
 1784
 1836
 1882
 1926
 1970
 2016
 2064
 2116
 2168
 2216
 2268
 2318
 2360
 2410
 2466
 2518
 2564
 2608
 2648
 2684
 2716
 2746
 2780
 2808
 2832
 2858
 2880
 2898
 2918
 2930
 2942
 2950
 2954
 2962
 2980
 2998
 3006
 3018
 3026
 3034
 3038
 3042
 3048
 3052
 3054
 3052
 3048
 3044
 3040
 3038
 3034
 3032
 3028
 3024
 3022
 3020
 3016
 3012
 3010
 3008
 3004
 2998
 2994
 2990
 2990
 2986
 2978
 2980
 2988
 2996
 3002
 3004
 3000
 2992
 2978
 2956
 2930
 2898
 2860
 2822
 2778
 2734
 2688
 2638
 2588
 2536
 2484
 2430
 2376
 2320
 2264
 2208
 2152
 2092
 2032
 1976
 1918
 1864
 1818
 1776
 1732
 1684
 1634
 1588
 1538
 1488
 1446
 1402
 1356
 1314
 1278
 1252
 1240
 1242
 1258
 1288
 1326
 1372
 1418
 1470
 1524
 1580
 1638
 1704
 1772
 1834
 1896
 1958
 2016
 2072
 2126
 2178
 2232
 2284
 2332
 2380
 2430
 2478
 2524
 2566
 2606
 2644
 2674
 2708
 2746
 2784
 2816
 2846
 2870
 2894
 2908
 2918
 2928
 2938
 2946
 2952
 2956
 2960
 2962
 2964
 2966
 2962
 2960
 2956
 2954
 2948
 2934
 2916
 2892
 2864
 2832
 2794
 2756
 2712
 2670
 2630
 2598
 2572
 2538
 2504
 2470
 2434
 2398
 2356
 2320
 2284
 2250
 2212
 2174
 2134
 2096
 2056
 2016
 1978
 1938
 1902
 1866
 1834
 1816
 1808
 1810
 1822
 1846
 1874
 1906
 1944
 1986
 2032
 2082
 2132
 2182
 2234
 2284
 2332
 2380
 2432
 2478
 2526
 2580
 2632
 2680
 2720
 2758
 2794
 2822
 2846
 2870
 2892
 2908
 2924
 2932
 2938
 2944
 2950
 2954
 2956
 2956
 2956
 2958
 2958
 2958
 2956
 2954
 2954
 2966
 2974
 2978
 2982
 2982
 2978
 2966
 2948
 2926
 2898
 2864
 2826
 2786
 2746
 2704
 2662
 2618
 2576
 2528
 2490
 2456
 2418
 2376
 2332
 2286
 2236
 2178
 2128
 2080
 2034
 1988
 1942
 1898
 1856
 1814
 1778
 1744
 1712
 1684
 1668
 1658
 1652
 1656
 1666
 1682
 1704
 1732
 1766
 1806
 1850
 1896
 1944
 1998
 2054
 2110
 2168
 2220
 2276
 2330
 2376
 2424
 2478
 2536
 2588
 2636
 2682
 2722
 2758
 2788
 2816
 2842
 2866
 2888
 2902
 2916
 2926
 2932
 2934
 2934
 2934
 2936
 2934
 2934
 2942
 2952
 2958
 2960
 2960
 2960
 2958
 2960
 2960
 2958
 2956
 2952
 2950
 2946
 2940
 2934
 2930
 2928
 2922
 2916
 2912
 2906
 2904
 2900
 2894
 2892
 2888
 2884
 2882
 2876
 2874
 2868
 2864
 2854
 2840
 2822
 2812
 2802
 2782
 2760
 2732
 2702
 2668
 2630
 2590
 2552
 2514
 2474
 2432
 2392
 2350
 2306
 2264
 2222
 2180
 2138
 2092
 2052
 2012
 1974
 1942
 1918
 1900
 1886
 1878
 1876
 1884
 1898
 1918
 1944
 1974
 2004
 2034
 2066
 2098
 2130
 2162
 2198
 2238
 2282
 2330
 2380
 2422
 2460
 2496
 2530
 2564
 2592
 2620
 2646
 2670
 2688
 2702
 2712
 2718
 2718
 2718
 2714
 2712
 2712
 2716
 2718
 2720
 2724
 2726
 2724
 2728
 2738
 2746
 2752
 2758
 2768
 2776
 2784
 2794
 2802
 2808
 2816
 2822
 2826
 2834
 2844
 2852
 2854
 2850
 2834
 2818
 2802
 2776
 2742
 2702
 2656
 2608
 2556
 2506
 2458
 2410
 2360
 2308
 2252
 2196
 2140
 2086
 2034
 1982
 1930
 1886
 1848
 1808
 1764
 1722
 1680
 1640
 1598
 1564
 1536
 1516
 1504
 1504
 1518
 1542
 1576
 1616
 1662
 1714
 1770
 1824
 1884
 1952
 2022
 2084
 2142
 2200
 2260
 2312
 2364
 2416
 2466
 2516
 2562
 2606
 2652
 2690
 2728
 2766
 2800
 2826
 2862
 2896
 2918
 2938
 2954
 2968
 2978
 2986
 2992
 2998
 3000
 3000
 3000
 2998
 2996
 2996
 2994
 2990
 2988
 2986
 2986
 2984
 2978
 2978
 2986
 2994
 2998
 2996
 2994
 2986
 2972
 2952
 2924
 2892
 2852
 2810
 2764
 2716
 2666
 2616
 2564
 2512
 2458
 2408
 2368
 2330
 2284
 2238
 2190
 2142
 2090
 2038
 1990
 1940
 1894
 1844
 1796
 1754
 1712
 1674
 1638
 1602
 1576
 1556
 1540
 1528
 1520
 1522
 1532
 1554
 1584
 1628
 1682
 1738
 1794
 1856
 1918
 1986
 2056
 2120
 2184
 2244
 2306
 2360
 2418
 2480
 2540
 2594
 2642
 2686
 2726
 2760
 2792
 2822
 2850
 2874
 2892
 2902
 2914
 2924
 2932
 2940
 2946
 2952
 2956
 2960
 2960
 2958
 2956
 2956
 2954
 2954
 2952
 2952
 2950
 2950
 2946
 2942
 2944
 2952
 2960
 2964
 2960
 2954
 2942
 2926
 2906
 2884
 2854
 2822
 2786
 2746
 2704
 2660
 2614
 2568
 2518
 2466
 2412
 2360
 2306
 2254
 2198
 2154
 2112
 2068
 2022
 1976
 1930
 1882
 1836
 1792
 1750
 1710
 1672
 1630
 1590
 1552
 1512
 1474
 1430
 1388
 1358
 1326
 1288
 1246
 1206
 1168
 1128
 1084
 1040
 998
 964
 930
 896
 864
 832
 808
 786
 758
 738
 720
 698
 672
 642
 612
 582
 550
 514
 482
 458
 438
 426
 422
 426
 438
 464
 498
 534
 580
 632
 680
 738
 794
 850
 904
 960
 1022
 1082
 1140
 1198
 1262
 1328
 1398
 1462
 1526
 1592
 1662
 1734
 1802
 1872
 1940
 2002
 2070
 2144
 2214
 2278
 2342
 2400
 2454
 2500
 2546
 2594
 2640
 2684
 2724
 2758
 2788
 2814
 2838
 2856
 2876
 2892
 2904
 2914
 2924
 2932
 2934
 2936
 2938
 2942
 2940
 2940
 2938
 2936
 2942
 2954
 2966
 2974
 2980
 2986
 2988
 2986
 2984
 2982
 2980
 2974
 2968
 2962
 2958
 2952
 2946
 2940
 2934
 2928
 2926
 2924
 2918
 2916
 2922
 2930
 2934
 2936
 2934
 2928
 2916
 2896
 2868
 2840
 2808
 2774
 2740
 2706
 2672
 2634
 2600
 2564
 2526
 2498
 2472
 2444
 2410
 2376
 2340
 2306
 2268
 2232
 2200
 2162
 2126
 2090
 2056
 2028
 2012
 2002
 2006
 2014
 2032
 2054
 2078
 2114
 2158
 2206
 2252
 2294
 2340
 2380
 2420
 2458
 2498
 2536
 2572
 2606
 2638
 2668
 2692
 2720
 2746
 2764
 2784
 2806
 2832
 2854
 2872
 2886
 2898
 2906
 2908
 2912
 2914
 2916
 2918
 2916
 2914
 2916
 2918
 2920
 2920
 2922
 2922
 2926
 2920
 2918
 2920
 2928
 2926
 2922
 2912
 2894
 2874
 2850
 2818
 2782
 2744
 2704
 2664
 2624
 2588
 2552
 2512
 2472
 2436
 2396
 2356
 2324
 2296
 2262
 2224
 2188
 2148
 2106
 2064
 2026
 1996
 1970
 1954
 1946
 1950
 1964
 1990
 2024
 2062
 2108
 2164
 2226
 2286
 2344
 2404
 2462
 2512
 2556
 2602
 2646
 2684
 2718
 2750
 2776
 2800
 2820
 2838
 2854
 2868
 2880
 2892
 2900
 2908
 2914
 2912
 2912
 2914
 2910
 2914
 2924
 2934
 2940
 2948
 2954
 2956
 2958
 2962
 2962
 2964
 2958
 2958
 2954
 2950
 2948
 2944
 2940
 2936
 2930
 2924
 2922
 2924
 2918
 2910
 2896
 2878
 2852
 2826
 2798
 2766
 2734
 2698
 2658
 2618
 2574
 2532
 2488
 2446
 2402
 2366
 2332
 2292
 2252
 2212
 2172
 2128
 2082
 2040
 2000
 1958
 1916
 1876
 1838
 1804
 1776
 1758
 1744
 1742
 1752
 1768
 1798
 1844
 1896
 1950
 2004
 2058
 2116
 2170
 2220
 2272
 2328
 2382
 2436
 2484
 2532
 2578
 2620
 2660
 2696
 2726
 2754
 2790
 2824
 2848
 2870
 2890
 2906
 2918
 2928
 2936
 2938
 2938
 2938
 2938
 2938
 2932
 2930
 2930
 2928
 2926
 2924
 2922
 2920
 2918
 2912
 2914
 2922
 2926
 2932
 2934
 2936
 2936
 2934
 2932
 2926
 2912
 2894
 2876
 2850
 2820
 2786
 2748
 2708
 2670
 2630
 2594
 2564
 2538
 2506
 2474
 2440
 2406
 2372
 2336
 2300
 2266
 2230
 2196
 2162
 2130
 2098
 2072
 2054
 2040
 2036
 2050
 2074
 2104
 2142
 2184
 2232
 2278
 2324
 2374
 2424
 2472
 2518
 2560
 2600
 2638
 2672
 2706
 2736
 2762
 2784
 2804
 2818
 2832
 2840
 2854
 2876
 2898
 2912
 2924
 2934
 2936
 2938
 2942
 2946
 2946
 2946
 2946
 2946
 2944
 2940
 2936
 2930
 2928
 2924
 2918
 2918
 2922
 2926
 2924
 2920
 2908
 2892
 2868
 2844
 2814
 2776
 2738
 2700
 2660
 2622
 2582
 2542
 2502
 2462
 2420
 2388
 2358
 2324
 2288
 2252
 2214
 2176
 2138
 2104
 2072
 2038
 2008
 1984
 1968
 1962
 1966
 1986
 2014
 2052
 2098
 2144
 2194
 2252
 2318
 2382
 2442
 2496
 2546
 2590
 2630
 2664
 2702
 2730
 2756
 2780
 2800
 2816
 2832
 2844
 2854
 2866
 2872
 2880
 2884
 2886
 2886
 2886
 2884
 2882
 2884
 2882
 2884
 2882
 2884
 2882
 2874
 2876
 2884
 2894
 2900
 2906
 2908
 2906
 2902
 2890
 2872
 2850
 2824
 2796
 2768
 2740
 2708
 2676
 2638
 2602
 2564
 2526
 2486
 2444
 2406
 2374
 2344
 2310
 2272
 2236
 2198
 2160
 2118
 2080
 2044
 2010
 1974
 1940
 1910
 1886
 1872
 1866
 1870
 1892
 1926
 1964
 2008
 2054
 2106
 2158
 2208
 2260
 2316
 2370
 2420
 2470
 2518
 2560
 2600
 2640
 2674
 2706
 2738
 2762
 2782
 2802
 2816
 2836
 2862
 2882
 2900
 2914
 2922
 2930
 2934
 2934
 2934
 2932
 2930
 2928
 2928
 2926
 2922
 2920
 2916
 2910
 2902
 2898
 2898
 2898
 2886
 2872
 2850
 2820
 2782
 2740
 2698
 2654
 2608
 2562
 2518
 2476
 2430
 2386
 2342
 2298
 2252
 2214
 2180
 2140
 2096
 2050
 2004
 1956
 1904
 1856
 1810
 1764
 1718
 1678
 1640
 1604
 1572
 1542
 1522
 1512
 1506
 1516
 1538
 1566
 1598
 1636
 1678
 1720
 1764
 1808
 1854
 1902
 1950
 1998
 2050
 2100
 2152
 2206
 2256
 2308
 2356
 2396
 2440
 2488
 2530
 2564
 2596
 2628
 2652
 2674
 2698
 2718
 2738
 2754
 2768
 2782
 2794
 2804
 2816
 2828
 2838
 2846
 2856
 2862
 2870
 2886
 2906
 2920
 2932
 2936
 2938
 2938
 2928
 2908
 2878
 2842
 2802
 2754
 2708
 2662
 2610
 2558
 2502
 2452
 2398
 2344
 2290
 2236
 2182
 2126
 2068
 2010
 1952
 1892
 1834
 1776
 1724
 1670
 1630
 1598
 1566
 1534
 1504
 1478
 1460
 1450
 1450
 1462
 1484
 1518
 1556
 1596
 1636
 1676
 1714
 1754
 1794
 1830
 1872
 1914
 1948
 1990
 2038
 2088
 2138
 2188
 2236
 2290
 2338
 2388
 2438
 2492
 2542
 2594
 2644
 2692
 2740
 2782
 2820
 2850
 2878
 2898
 2918
 2940
 2962
 2980
 2990
 3000
 3008
 3010
 3010
 3014
 3014
 3014
 3010
 3006
 3000
 2986
 2974
 2960
 2950
 2942
 2936
 2932
 2934
 2946
 2954
 2962
 2968
 2972
 2972
 2972
 2972
 2966
 2956
 2952
 2946
 2940
 2938
 2930
 2914
 2886
 2840
 2782
 2720
 2656
 2578
 2502
 2422
 2348
 2272
 2198
 2128
 2064
 2002
 1944
 1886
 1836
 1784
 1742
 1702
 1666
 1646
 1640
 1644
 1658
 1682
 1714
 1754
 1796
 1842
 1896
 1950
 2004
 2062
 2118
 2174
 2228
 2280
 2334
 2384
 2426
 2474
 2530
 2578
 2620
 2660
 2696
 2726
 2754
 2782
 2808
 2830
 2850
 2870
 2886
 2902
 2914
 2920
 2922
 2922
 2918
 2918
 2920
 2918
 2906
 2888
 2862
 2830
 2788
 2744
 2698
 2650
 2600
 2552
 2502
 2452
 2402
 2352
 2304
 2256
 2206
 2156
 2116
 2074
 2028
 1980
 1932
 1888
 1842
 1796
 1754
 1720
 1692
 1674
 1666
 1670
 1692
 1720
 1760
 1810
 1858
 1912
 1978
 2044
 2104
 2162
 2218
 2270
 2322
 2370
 2416
 2466
 2510
 2552
 2592
 2632
 2668
 2706
 2740
 2772
 2800
 2824
 2846
 2868
 2882
 2896
 2910
 2918
 2920
 2924
 2926
 2928
 2930
 2926
 2924
 2930
 2934
 2926
 2910
 2886
 2854
 2818
 2778
 2734
 2690
 2642
 2592
 2544
 2496
 2446
 2396
 2348
 2300
 2250
 2202
 2152
 2104
 2054
 2004
 1958
 1912
 1866
 1824
 1782
 1748
 1716
 1692
 1682
 1690
 1706
 1732
 1762
 1800
 1838
 1876
 1916
 1956
 2002
 2046
 2088
 2130
 2170
 2208
 2252
 2296
 2336
 2376
 2416
 2456
 2494
 2530
 2562
 2596
 2624
 2654
 2692
 2730
 2764
 2796
 2824
 2848
 2870
 2884
 2894
 2906
 2914
 2920
 2924
 2928
 2930
 2930
 2928
 2922
 2908
 2886
 2866
 2846
 2816
 2782
 2742
 2702
 2658
 2614
 2568
 2524
 2480
 2436
 2390
 2346
 2302
 2256
 2216
 2176
 2132
 2094
 2062
 2032
 2000
 1966
 1930
 1898
 1866
 1836
 1820
 1812
 1812
 1824
 1846
 1878
 1916
 1956
 2000
 2048
 2102
 2148
 2204
 2264
 2324
 2382
 2434
 2484
 2528
 2570
 2610
 2648
 2684
 2718
 2750
 2782
 2810
 2836
 2862
 2882
 2904
 2918
 2930
 2940
 2954
 2968
 2978
 2984
 2990
 2994
 2996
 2996
 2998
 3000
 2994
 2988
 2982
 2976
 2968
 2954
 2934
 2908
 2878
 2838
 2798
 2752
 2704
 2658
 2612
 2566
 2524
 2480
 2432
 2388
 2344
 2298
 2258
 2224
 2194
 2162
 2124
 2088
 2052
 2014
 1970
 1930
 1894
 1864
 1836
 1820
 1818
 1826
 1846
 1876
 1916
 1964
 2018
 2072
 2124
 2188
 2256
 2316
 2370
 2422
 2470
 2518
 2560
 2598
 2638
 2676
 2712
 2742
 2772
 2796
 2818
 2842
 2860
 2874
 2894
 2916
 2928
 2938
 2948
 2956
 2960
 2960
 2962
 2964
 2966
 2964
 2962
 2962
 2960
 2958
 2958
 2954
 2956
 2954
 2952
 2950
 2946
 2942
 2936
 2928
 2924
 2916
 2904
 2882
 2858
 2824
 2784
 2744
 2702
 2658
 2620
 2580
 2538
 2494
 2454
 2410
 2368
 2328
 2286
 2248
 2216
 2186
 2152
 2116
 2078
 2040
 2000
 1962
 1932
 1912
 1896
 1896
 1906
 1926
 1958
 2000
 2050
 2102
 2158
 2226
 2298
 2366
 2428
 2486
 2540
 2586
 2628
 2668
 2704
 2734
 2760
 2784
 2804
 2822
 2836
 2852
 2862
 2874
 2882
 2890
 2896
 2894
 2894
 2896
 2892
 2892
 2900
 2918
 2932
 2944
 2952
 2954
 2956
 2958
 2958
 2956
 2952
 2946
 2942
 2940
 2934
 2928
 2922
 2916
 2912
 2908
 2902
 2898
 2894
 2890
 2878
 2864
 2846
 2820
 2786
 2752
 2718
 2682
 2642
 2606
 2576
 2552
 2520
 2486
 2450
 2410
 2372
 2332
 2294
 2260
 2226
 2188
 2150
 2116
 2082
 2048
 2016
 1982
 1952
 1922
 1896
 1878
 1866
 1864
 1878
 1906
 1940
 1980
 2026
 2072
 2124
 2174
 2224
 2280
 2330
 2382
 2432
 2480
 2524
 2566
 2604
 2638
 2668
 2702
 2738
 2770
 2800
 2822
 2844
 2860
 2874
 2888
 2900
 2908
 2916
 2918
 2914
 2912
 2908
 2906
 2906
 2902
 2900
 2900
 2898
 2894
 2890
 2882
 2872
 2862
 2854
 2840
 2816
 2790
 2756
 2718
 2678
 2636
 2594
 2550
 2506
 2464
 2418
 2374
 2328
 2284
 2242
 2202
 2156
 2120
 2090
 2056
 2018
 1982
 1942
 1904
 1862
 1826
 1794
 1770
 1748
 1736
 1734
 1742
 1758
 1790
 1822
 1860
 1910
 1962
 2012
 2064
 2112
 2160
 2206
 2252
 2298
 2344
 2388
 2428
 2470
 2510
 2550
 2588
 2624
 2660
 2694
 2728
 2754
 2780
 2802
 2818
 2836
 2862
 2884
 2900
 2908
 2914
 2920
 2924
 2928
 2930
 2934
 2932
 2930
 2924
 2912
 2896
 2874
 2848
 2816
 2778
 2734
 2696
 2662
 2624
 2582
 2540
 2496
 2448
 2398
 2348
 2302
 2252
 2200
 2146
 2092
 2040
 1988
 1938
 1894
 1848
 1804
 1770
 1734
 1692
 1648
 1606
 1566
 1522
 1484
 1450
 1424
 1406
 1398
 1404
 1424
 1452
 1490
 1530
 1576
 1620
 1666
 1712
 1754
 1798
 1850
 1908
 1962
 2014
 2064
 2116
 2164
 2208
 2250
 2294
 2340
 2382
 2424
 2462
 2500
 2538
 2572
 2608
 2642
 2674
 2704
 2732
 2756
 2778
 2800
 2816
 2832
 2846
 2858
 2870
 2882
 2892
 2900
 2908
 2912
 2908
 2910
 2920
 2934
 2940
 2946
 2948
 2944
 2934
 2920
 2898
 2870
 2838
 2800
 2760
 2716
 2672
 2626
 2582
 2538
 2496
 2452
 2408
 2366
 2322
 2286
 2254
 2220
 2182
 2144
 2108
 2070
 2028
 1990
 1954
 1918
 1884
 1850
 1816
 1792
 1772
 1762
 1760
 1766
 1784
 1816
 1850
 1882
 1918
 1954
 1990
 2026
 2060
 2096
 2132
 2166
 2200
 2234
 2264
 2296
 2334
 2370
 2406
 2442
 2472
 2504
 2532
 2560
 2596
 2638
 2676
 2708
 2738
 2766
 2792
 2814
 2836
 2856
 2874
 2888
 2896
 2904
 2910
 2914
 2918
 2922
 2924
 2926
 2928
 2926
 2922
 2918
 2916
 2912
 2906
 2896
 2882
 2862
 2838
 2806
 2772
 2734
 2704
 2680
 2650
 2618
 2586
 2556
 2524
 2490
 2456
 2424
 2390
 2354
 2316
 2276
 2238
 2202
 2164
 2128
 2092
 2056
 2016
 1982
 1948
 1910
 1880
 1858
 1838
 1822
 1808
 1804
 1808
 1820
 1840
 1870
 1904
 1942
 1980
 2020
 2062
 2106
 2150
 2196
 2238
 2282
 2332
 2382
 2422
 2464
 2500
 2538
 2570
 2598
 2630
 2662
 2690
 2716
 2740
 2766
 2790
 2814
 2836
 2856
 2872
 2888
 2900
 2908
 2916
 2928
 2940
 2948
 2956
 2962
 2968
 2970
 2972
 2976
 2978
 2976
 2972
 2968
 2964
 2960
 2954
 2950
 2946
 2942
 2936
 2926
 2908
 2886
 2862
 2832
 2798
 2762
 2724
 2686
 2648
 2610
 2574
 2538
 2504
 2478
 2454
 2426
 2396
 2364
 2330
 2296
 2258
 2226
 2192
 2162
 2130
 2098
 2066
 2036
 2010
 1990
 1974
 1968
 1972
 1982
 2002
 2028
 2056
 2096
 2136
 2176
 2218
 2260
 2300
 2336
 2370
 2406
 2442
 2478
 2510
 2540
 2572
 2606
 2636
 2666
 2694
 2720
 2742
 2768
 2800
 2828
 2852
 2872
 2890
 2904
 2912
 2916
 2920
 2922
 2924
 2924
 2922
 2922
 2920
 2920
 2918
 2912
 2910
 2906
 2898
 2894
 2894
 2890
 2876
 2862
 2838
 2808
 2774
 2740
 2702
 2666
 2632
 2596
 2560
 2522
 2486
 2450
 2412
 2376
 2342
 2304
 2272
 2248
 2224
 2196
 2166
 2136
 2104
 2074
 2046
 2024
 2010
 2000
 2000
 2006
 2026
 2052
 2082
 2122
 2162
 2204
 2256
 2314
 2370
 2420
 2466
 2512
 2554
 2590
 2624
 2658
 2688
 2714
 2738
 2758
 2776
 2794
 2808
 2822
 2834
 2844
 2854
 2862
 2870
 2876
 2882
 2884
 2888
 2886
 2892
 2906
 2910
 2914
 2920
 2922
 2926
 2926
 2930
 2930
 2932
 2928
 2920
 2916
 2912
 2908
 2904
 2900
 2894
 2890
 2888
 2884
 2876
 2868
 2856
 2842
 2824
 2804
 2778
 2748
 2716
 2682
 2644
 2608
 2572
 2532
 2494
 2464
 2438
 2410
 2378
 2344
 2310
 2274
 2238
 2200
 2164
 2130
 2096
 2060
 2024
 1988
 1954
 1922
 1890
 1862
 1834
 1814
 1802
 1798
 1804
 1830
 1870
 1916
 1966
 2020
 2074
 2132
 2190
 2242
 2296
 2352
 2404
 2456
 2502
 2542
 2582
 2616
 2646
 2674
 2692
 2718
 2752
 2780
 2804
 2826
 2844
 2860
 2872
 2882
 2890
 2894
 2894
 2892
 2892
 2890
 2886
 2884
 2882
 2882
 2882
 2880
 2874
 2872
 2868
 2864
 2862
 2866
 2876
 2884
 2890
 2892
 2892
 2892
 2892
 2892
 2892
 2888
 2880
 2868
 2852
 2832
 2808
 2780
 2748
 2718
 2680
 2650
 2626
 2600
 2570
 2540
 2508
 2474
 2436
 2400
 2364
 2326
 2288
 2250
 2210
 2172
 2136
 2100
 2064
 2032
 2004
 1970
 1950
 1936
 1928
 1926
 1932
 1950
 1978
 2010
 2052
 2102
 2156
 2210
 2264
 2320
 2376
 2430
 2482
 2526
 2568
 2606
 2638
 2662
 2694
 2730
 2758
 2784
 2804
 2822
 2838
 2848
 2862
 2872
 2876
 2880
 2880
 2878
 2876
 2874
 2870
 2866
 2862
 2858
 2856
 2854
 2854
 2854
 2854
 2852
 2852
 2852
 2852
 2854
 2852
 2852
 2854
 2854
 2852
 2852
 2858
 2870
 2876
 2876
 2872
 2856
 2834
 2804
 2770
 2736
 2698
 2660
 2622
 2582
 2542
 2502
 2460
 2422
 2376
 2334
 2296
 2256
 2218
 2188
 2162
 2132
 2100
 2066
 2032
 2000
 1968
 1938
 1912
 1888
 1866
 1848
 1840
 1838
 1848
 1872
 1904
 1946
 2000
 2064
 2128
 2190
 2256
 2320
 2380
 2432
 2484
 2536
 2584
 2626
 2662
 2694
 2724
 2748
 2772
 2790
 2808
 2824
 2836
 2846
 2854
 2858
 2868
 2884
 2902
 2914
 2922
 2922
 2924
 2926
 2926
 2928
 2928
 2924
 2924
 2920
 2916
 2908
 2902
 2896
 2890
 2884
 2878
 2868
 2854
 2834
 2810
 2776
 2740
 2702
 2662
 2620
 2576
 2532
 2488
 2440
 2398
 2364
 2334
 2298
 2262
 2222
 2182
 2142
 2100
 2058
 2022
 1982
 1940
 1896
 1850
 1806
 1762
 1718
 1674
 1632
 1594
 1562
 1530
 1496
 1476
 1468
 1470
 1476
 1496
 1526
 1560
 1602
 1648
 1700
 1758
 1820
 1882
 1944
 2004
 2064
 2126
 2186
 2244
 2306
 2372
 2432
 2490
 2544
 2592
 2636
 2672
 2706
 2740
 2770
 2796
 2820
 2840
 2858
 2874
 2886
 2896
 2900
 2904
 2906
 2910
 2904
 2894
 2876
 2848
 2814
 2786
 2754
 2716
 2676
 2634
 2594
 2548
 2502
 2454
 2410
 2366
 2318
 2270
 2222
 2174
 2126
 2082
 2038
 1992
 1954
 1922
 1888
 1852
 1814
 1776
 1742
 1702
 1670
 1642
 1618
 1604
 1602
 1610
 1628
 1658
 1698
 1744
 1794
 1854
 1918
 1982
 2044
 2108
 2166
 2222
 2274
 2326
 2376
 2424
 2468
 2510
 2552
 2594
 2632
 2672
 2708
 2744
 2772
 2796
 2814
 2830
 2840
 2856
 2880
 2896
 2910
 2914
 2920
 2926
 2928
 2932
 2934
 2936
 2936
 2936
 2934
 2928
 2920
 2910
 2896
 2874
 2846
 2812
 2770
 2730
 2684
 2640
 2592
 2546
 2496
 2446
 2398
 2348
 2300
 2250
 2200
 2152
 2106
 2070
 2036
 1994
 1952
 1904
 1858
 1806
 1756
 1708
 1664
 1624
 1580
 1540
 1502
 1470
 1440
 1422
 1414
 1416
 1430
 1450
 1480
 1516
 1560
 1612
 1668
 1722
 1776
 1834
 1890
 1946
 1998
 2056
 2116
 2172
 2226
 2278
 2328
 2380
 2430
 2480
 2524
 2564
 2610
 2660
 2702
 2738
 2772
 2804
 2828
 2848
 2868
 2886
 2902
 2916
 2928
 2938
 2944
 2948
 2952
 2954
 2956
 2956
 2950
 2938
 2920
 2898
 2862
 2830
 2802
 2772
 2736
 2698
 2662
 2618
 2570
 2522
 2474
 2426
 2376
 2324
 2270
 2220
 2170
 2118
 2070
 2022
 1970
 1928
 1892
 1852
 1810
 1766
 1720
 1678
 1630
 1586
 1548
 1514
 1484
 1462
 1446
 1444
 1450
 1464
 1490
 1524
 1558
 1608
 1662
 1716
 1768
 1820
 1874
 1928
 1976
 2024
 2074
 2128
 2176
 2222
 2270
 2316
 2368
 2418
 2470
 2516
 2562
 2608
 2652
 2686
 2726
 2778
 2830
 2872
 2910
 2946
 2972
 2986
 3000
 3012
 3024
 3030
 3032
 3034
 3036
 3036
 3030
 3016
 2996
 2970
 2936
 2896
 2850
 2800
 2750
 2696
 2642
 2588
 2536
 2484
 2434
 2384
 2332
 2284
 2238
 2190
 2154
 2124
 2090
 2052
 2014
 1978
 1938
 1898
 1860
 1824
 1786
 1752
 1718
 1692
 1678
 1676
 1688
 1714
 1746
 1784
 1830
 1880
 1932
 1988
 2052
 2124
 2190
 2256
 2318
 2376
 2434
 2486
 2534
 2584
 2626
 2666
 2700
 2732
 2764
 2794
 2820
 2846
 2870
 2884
 2904
 2928
 2946
 2960
 2972
 2982
 2990
 2994
 2998
 3002
 3002
 3000
 2996
 2990
 2978
 2962
 2936
 2898
 2862
 2816
 2766
 2718
 2670
 2620
 2580
 2542
 2496
 2454
 2408
 2360
 2314
 2264
 2218
 2176
 2134
 2088
 2040
 1992
 1946
 1902
 1862
 1818
 1782
 1754
 1722
 1688
 1656
 1628
 1608
 1598
 1596
 1610
 1642
 1678
 1720
 1768
 1822
 1882
 1944
 2004
 2062
 2118
 2176
 2228
 2284
 2346
 2410
 2464
 2518
 2568
 2614
 2654
 2692
 2730
 2762
 2790
 2818
 2844
 2868
 2892
 2912
 2928
 2936
 2946
 2952
 2958
 2964
 2976
 2992
 3002
 3010
 3016
 3018
 3020
 3020
 3016
 3002
 2976
 2946
 2910
 2868
 2824
 2778
 2728
 2678
 2628
 2580
 2528
 2480
 2432
 2384
 2336
 2290
 2246
 2202
 2158
 2112
 2068
 2022
 1974
 1936
 1904
 1872
 1836
 1800
 1760
 1720
 1680
 1640
 1610
 1586
 1572
 1570
 1578
 1598
 1630
 1670
 1720
 1768
 1820
 1870
 1922
 1974
 2036
 2098
 2158
 2214
 2270
 2320
 2368
 2412
 2456
 2504
 2546
 2590
 2630
 2670
 2712
 2748
 2784
 2816
 2842
 2874
 2910
 2942
 2966
 2986
 2996
 3006
 3012
 3020
 3026
 3028
 3028
 3030
 3028
 3024
 3018
 3014
 3010
 3006
 2994
 2976
 2954
 2920
 2886
 2856
 2822
 2782
 2742
 2698
 2654
 2606
 2560
 2514
 2470
 2424
 2376
 2328
 2282
 2236
 2188
 2144
 2094
 2052
 2016
 1982
 1944
 1904
 1864
 1828
 1790
 1762
 1744
 1736
 1738
 1750
 1776
 1808
 1846
 1880
 1920
 1964
 2002
 2046
 2098
 2152
 2200
 2248
 2296
 2344
 2386
 2430
 2474
 2518
 2556
 2592
 2624
 2658
 2694
 2728
 2766
 2800
 2832
 2860
 2884
 2898
 2916
 2942
 2964
 2980
 2994
 3006
 3016
 3022
 3030
 3032
 3028
 3022
 3010
 2988
 2960
 2920
 2874
 2824
 2770
 2716
 2660
 2604
 2546
 2492
 2436
 2382
 2328
 2278
 2226
 2174
 2122
 2072
 2020
 1970
 1932
 1898
 1858
 1818
 1780
 1742
 1706
 1672
 1644
 1624
 1614
 1616
 1628
 1648
 1678
 1716
 1762
 1810
 1864
 1916
 1970
 2028
 2086
 2142
 2206
 2272
 2336
 2392
 2448
 2498
 2548
 2592
 2636
 2680
 2720
 2758
 2792
 2822
 2852
 2874
 2892
 2904
 2910
 2920
 2940
 2956
 2968
 2976
 2986
 2992
 2994
 2996
 2996
 2994
 2988
 2980
 2970
 2962
 2952
 2946
 2938
 2934
 2926
 2918
 2914
 2904
 2894
 2892
 2896
 2896
 2892
 2886
 2878
 2872
 2870
 2868
 2868
 2868
 2870
 2876
 2874
 2876
 2876
 2876
 2878
 2876
 2878
 2888
 2896
 2898
 2900
 2894
 2878
 2844
 2802
 2750
 2694
 2634
 2572
 2506
 2444
 2378
 2318
 2258
 2194
 2140
 2088
 2032
 1972
 1914
 1856
 1798
 1738
 1682
 1634
 1590
 1552
 1520
 1496
 1480
 1472
 1478
 1494
 1520
 1554
 1602
 1660
 1720
 1776
 1828
 1882
 1934
 1976
 2014
 2052
 2088
 2130
 2170
 2216
 2264
 2312
 2362
 2414
 2458
 2506
 2560
 2612
 2656
 2698
 2736
 2768
 2798
 2822
 2846
 2868
 2884
 2892
 2900
 2908
 2914
 2922
 2926
 2930
 2932
 2934
 2932
 2924
 2926
 2936
 2942
 2946
 2948
 2948
 2948
 2940
 2928
 2908
 2878
 2844
 2806
 2762
 2714
 2666
 2614
 2564
 2514
 2462
 2416
 2378
 2338
 2294
 2252
 2208
 2166
 2120
 2078
 2036
 2000
 1964
 1926
 1894
 1866
 1842
 1828
 1822
 1824
 1838
 1864
 1896
 1930
 1964
 2006
 2048
 2088
 2126
 2172
 2220
 2268
 2312
 2354
 2396
 2436
 2478
 2520
 2562
 2602
 2638
 2672
 2704
 2730
 2758
 2794
 2834
 2862
 2888
 2906
 2920
 2928
 2938
 2946
 2952
 2954
 2958
 2956
 2958
 2954
 2948
 2936
 2918
 2894
 2864
 2820
 2784
 2750
 2708
 2662
 2618
 2572
 2524
 2474
 2424
 2376
 2330
 2282
 2236
 2190
 2146
 2100
 2062
 2022
 1978
 1946
 1918
 1888
 1854
 1826
 1800
 1782
 1772
 1770
 1782
 1802
 1830
 1862
 1900
 1944
 1992
 2042
 2092
 2144
 2192
 2246
 2296
 2340
 2390
 2444
 2498
 2544
 2588
 2628
 2666
 2698
 2728
 2760
 2786
 2812
 2832
 2852
 2870
 2886
 2900
 2906
 2914
 2922
 2924
 2926
 2936
 2948
 2954
 2962
 2966
 2972
 2974
 2976
 2980
 2978
 2974
 2968
 2962
 2956
 2946
 2928
 2908
 2882
 2854
 2818
 2782
 2744
 2704
 2666
 2624
 2586
 2546
 2506
 2464
 2424
 2382
 2344
 2304
 2262
 2232
 2204
 2180
 2148
 2118
 2084
 2050
 2018
 1986
 1960
 1942
 1930
 1924
 1924
 1936
 1952
 1974
 2004
 2032
 2066
 2104
 2142
 2182
 2230
 2278
 2326
 2370
 2414
 2454
 2490
 2524
 2558
 2594
 2626
 2658
 2688
 2718
 2748
 2776
 2802
 2826
 2842
 2862
 2886
 2910
 2928
 2938
 2946
 2954
 2960
 2964
 2968
 2970
 2972
 2974
 2972
 2972
 2970
 2968
 2968
 2968
 2962
 2960
 2956
 2946
 2932
 2918
 2906
 2882
 2852
 2816
 2774
 2730
 2684
 2640
 2598
 2556
 2514
 2468
 2424
 2376
 2332
 2288
 2246
 2200
 2164
 2136
 2102
 2066
 2028
 1990
 1950
 1908
 1870
 1834
 1802
 1772
 1748
 1728
 1720
 1720
 1734
 1760
 1788
 1824
 1870
 1924
 1974
 2022
 2072
 2120
 2166
 2208
 2252
 2298
 2342
 2384
 2424
 2464
 2500
 2538
 2576
 2608
 2640
 2670
 2694
 2720
 2750
 2782
 2804
 2824
 2846
 2862
 2876
 2888
 2898
 2902
 2908
 2910
 2914
 2916
 2920
 2922
 2924
 2926
 2928
 2922
 2922
 2932
 2940
 2946
 2948
 2946
 2946
 2938
 2928
 2912
 2888
 2862
 2832
 2800
 2766
 2730
 2692
 2656
 2618
 2580
 2544
 2506
 2468
 2430
 2394
 2356
 2316
 2278
 2238
 2200
 2158
 2118
 2080
 2040
 2000
 1972
 1950
 1928
 1904
 1882
 1864
 1854
 1852
 1858
 1878
 1904
 1934
 1966
 2002
 2042
 2084
 2126
 2170
 2210
 2250
 2290
 2326
 2360
 2400
 2444
 2482
 2518
 2552
 2588
 2620
 2650
 2678
 2706
 2732
 2758
 2782
 2804
 2826
 2848
 2866
 2882
 2896
 2910
 2916
 2926
 2942
 2954
 2964
 2972
 2972
 2966
 2948
 2924
 2892
 2854
 2812
 2764
 2714
 2666
 2618
 2568
 2520
 2470
 2422
 2378
 2328
 2286
 2252
 2218
 2182
 2146
 2110
 2070
 2034
 1994
 1960
 1926
 1892
 1858
 1826
 1796
 1772
 1758
 1754
 1762
 1786
 1818
 1856
 1898
 1940
 1986
 2030
 2074
 2120
 2172
 2224
 2274
 2322
 2372
 2426
 2476
 2526
 2574
 2622
 2668
 2710
 2750
 2784
 2820
 2850
 2874
 2896
 2908
 2922
 2938
 2954
 2960
 2962
 2954
 2934
 2906
 2874
 2836
 2794
 2744
 2694
 2642
 2590
 2540
 2490
 2442
 2394
 2342
 2298
 2262
 2224
 2182
 2136
 2092
 2046
 1998
 1954
 1912
 1870
 1830
 1792
 1756
 1726
 1704
 1694
 1694
 1702
 1728
 1762
 1802
 1846
 1894
 1948
 2002
 2054
 2106
 2160
 2212
 2262
 2314
 2364
 2412
 2458
 2508
 2554
 2600
 2642
 2682
 2720
 2754
 2792
 2834
 2876
 2904
 2924
 2944
 2960
 2970
 2980
 2990
 2992
 2992
 2988
 2974
 2952
 2922
 2890
 2850
 2808
 2756
 2712
 2676
 2632
 2586
 2540
 2492
 2446
 2396
 2350
 2306
 2262
 2216
 2170
 2122
 2078
 2034
 1992
 1952
 1908
 1876
 1844
 1814
 1778
 1744
 1712
 1684
 1658
 1642
 1638
 1644
 1656
 1674
 1700
 1734
 1774
 1816
 1858
 1900
 1948
 1994
 2044
 2098
 2152
 2198
 2242
 2282
 2322
 2358
 2394
 2432
 2470
 2506
 2540
 2574
 2606
 2638
 2668
 2698
 2728
 2756
 2780
 2800
 2816
 2830
 2844
 2854
 2864
 2874
 2880
 2884
 2888
 2890
 2892
 2902
 2914
 2928
 2936
 2942
 2950
 2954
 2954
 2958
 2962
 2960
 2956
 2952
 2948
 2942
 2938
 2934
 2930
 2928
 2926
 2922
 2920
 2918
 2916
 2910
 2910
 2916
 2920
 2920
 2920
 2910
 2894
 2870
 2846
 2816
 2782
 2742
