81
174
269
358
443
516
611
685
730
777
869
937
1024
1103
1190
1284
1371
1453
1535
1597
1660
1770
1848
1917
2001
2048
2121
2229
2285
2384
2443
2524
2609
2691
2806
2855
2879
2963
3050
3132
3220
3299
3364
3450
3508
3600
3702
3792
3861
3941
4036
4150
4219
4284
4380
4464
4552
4645
4735
4819
4874
4957
5059
5148
5228
5313
5403
5492
5580
5660
5726
5827
5905
5983
6041
6077
6162
6228
6299
6334
6418
6493
6576
6676
6738
6812
6911
6997
7090
7167
7267
7341
7440
7522
7572
7688
7776
7864
7934
8026
8115
8198
8288
8375
8471
8539
8617
8711
8806
8890
8952
9026
9104
9186
9273
9364
9461
9511
9634
9723
9782
9894
9981
10051
10155
10244
10318
10390
10468
10573
10661
10724
10823
10897
11001
11055
11139
11258
11314
11430
11521
11604
11666
11780
11835
11959
12051
12097
12157
12231
12333
12393
12486
12566
12646
12731
12820
12951
12994
13038
13094
13144
13199
13297
13354
13469
13561
13641
13729
13828
13921
13973
14064
14152
14263
14315
14425
14513
14581
14690
14760
14864
14950
15019
15116
15206
15298
15376
15444
15537
15635
15710
15816
15873
15954
16040
16133
16187
16306
16361
16425
16563
16639
16742
16839
16922
17005
17089
17155
17210
17281
17360
17461
17550
17606
17716
17774
17899
17955
18063
18151
18223
18329
18433
18522
18575
18664
18766
18840
18936
19002
19084
19202
19299
19398
19488
19543
19629
19717
19806
19917
19984
20084
20160
20250
20338
20456
20513
20628
20688
20766
20857
20975
21051
21141
21211
21298
21420
21472
21592
21683
21768
21822
21910
22027
22121
22210
22293
22369
22443
22482
22578
22670
22727
22809
22892
22956
23006
23040
23124
23164
23264
23323
23364
23425
23460
23518
23557
23616
23652
23725
23780
23806
23877
23956
23989
24047
24078
24154
24226
24260
24324
24433
24488
24520
24589
24743
24911
24981
25062
25138
25219
25303
25381
25464
25521
25563
25606
25689
25770
25855
25969
26050
26117
26184
26266
26302
26351
26462
26507
26555
26632
26671
26719
26802
26888
26978
27017
27071
27162
27214
27291
27372
27458
27586
27643
27681
27759
27828
27912
27994
28084
28164
28206
28250
28296
28356
28389
28463
28572
28627
28657
28714
28741
28800
28831
28919
28989
29057
29170
29268
29359
29432
29539
29612
29731
29787
29881
29969
30083
30175
30229
30353
30450
30546
30658
30707
30810
30868
30981
31032
31099
31181
31237
31327
31420
31466
31554
31606
31725
31781
31867
31912
31952
31992
32034
32060
32150
32246
32292
32326
32383
32414
32450
32485
32593
32646
32680
32738
32771
32827
32864
32942
33008
33034
33088
33169
33281
33374
33469
33541
33611
33696
33746
33790
33863
33945
33994
34201
34273
34329
34426
34521
34581
34659
34772
34870
34965
35041
35133
35209
35298
35380
35478
35547
35588
