16
121
224
318
415
516
619
713
808
907
1001
1088
1184
1281
1373
1467
1564
1656
1739
1817
1905
2014
2122
2227
2324
2412
2502
2599
2695
2785
2877
2978
3077
3168
3254
3345
3446
3551
3649
3737
3817
3900
3991
4076
4155
4234
4319
4399
4486
4586
4684
4772
4856
4943
5036
5127
5212
5299
5391
5487
5577
5663
5753
5847
5936
6022
6111
6210
6304
6391
6483
6581
6678
6767
6862
6964
7067
7162
7256
7354
7455
7553
7642
7731
7825
7923
8022
8114
8211
8315
8416
8509
8591
8675
8774
8883
8991
9092
9191
9297
9404
9495
9582
9676
9783
9883
9972
10061
10163
10268
10372
10467
10561
10665
10768
10862
10959
11055
11150
11239
11332
11433
11530
11621
11714
11810
11904
11991
12080
12176
12268
12353
12441
12531
12621
12706
12787
12876
12971
13065
13151
13238
13329
13420
13505
13597
13696
13794
13886
13977
14078
14178
14269
14357
14448
14540
14630
14713
14794
14884
14987
15089
15184
15276
15375
15482
15577
15670
15768
15871
15968
16069
16173
16268
16364
16462
16557
16660
16765
16860
16953
17045
17136
17226
17318
17403
17488
17581
17675
17761
17849
17946
18044
18131
18217
18308
18401
18485
18573
18665
18751
18834
18921
19011
19098
19196
19298
19394
19480
19572
19669
19761
19844
19930
20022
20120
20207
20295
20392
20496
20591
20675
20766
20866
20963
21051
21138
21236
21338
21431
21534
21640
21736
21824
21921
22025
22122
22213
22312
22414
22509
22601
22699
22795
22885
22975
23070
23163
23249
23338
23432
23521
23613
23713
23817
23910
24004
24099
24191
24275
24362
24458
24554
24645
24738
24835
24932
25024
25125
25227
25321
25414
25516
25616
25706
25787
25864
25946
26044
26153
26258
26360
26457
26556
26656
26749
26837
26928
27024
27112
27199
27290
27385
27482
27574
27657
27744
27833
27925
28012
28093
28169
28242
28317
28393
28475
28564
28651
28733
28813
28901
28993
29091
29184
29269
29357
29455
29550
29636
29725
29820
29923
30016
30101
30190
30279
30363
30446
30533
30626
30716
30807
30901
30996
31084
31172
31266
31369
31466
31555
31648
31743
31830
31914
32003
32103
32202
32294
32391
32490
32588
32677
32767
32860
32948
33030
33110
33190
33280
33384
33486
33583
33678
33771
33856
33941
34037
34135
34234
34321
34411
34507
34603
34694
34779
34871
34968
35064
35153
35247
35347
35446
35538
35632
35731
35825
35913
36006
36101
36192
36275
36354
36433
36523
36617
36712
36805
36897
36991
37078
37162
37252
37350
37443
37535
37633
37731
37822
37914
38011
38114
38211
38308
38408
38502
38588
38679
38774
38869
38964
39062
39159
39248
39339
39433
39529
39618
39705
39802
39900
39989
40076
40167
40262
40351
40440
40533
40627
40716
40809
40903
40994
41083
41175
41266
41352
41442
41538
41630
41718
41811
41908
41997
42085
42175
42263
42346
42434
42531
42625
42711
42796
42886
42982
43072
43155
43236
43314
43391
43469
43562
43670
43776
43878
43975
44073
44160
44242
44330
44423
44517
44605
44695
44785
44876
44967
45054
45113
45238
45325
45405
45488
45574
45665
45756
45842
45923
46005
46094
46192
46291
46389
46481
46565
46653
46745
46833
46922
47014
47104
47196
47286
47377
47474
47564
47657
47750
47837
47927
48012
48102
48194
48280
48372
48464
48553
48646
48738
48826
48919
49007
49095
49188
49274
49363
49453
49542
49633
49721
49814
49906
49999
50093
50178
50269
50362
50449
50534
50625
50722
50810
50892
50975
51067
51167
51263
51352
51436
51525
51620
51717
51815
51907
51995
52082
52177
52273
52370
52466
52559
52644
52729
52820
52912
53010
53099
53184
53273
53365
53456
53541
53631
53723
53816
53907
53998
54088
54178
54264
54351
54447
54545
54642
54733
54819
54910
55002
55097
55185
55267
55348
55431
55526
55627
55728
55826
55921
56011
56104
56204
56304
56400
56494
56589
56681
56767
56863
56958
57050
57138
57228
57324
57425
57519
57605
57696
57790
57880
57963
58054
58152
58252
58346
58436
58533
58632
58726
58821
58918
59014
59100
59192
59288
59384
59472
59560
59652
59748
59840
59929
60025
60124
60222
60312
60402
60492
60580
60669
60768
60862
60949
61039
61138
61232
61313
61401
61500
61603
61698
61781
61869
61965
62064
62158
62251
62353
62453
62544
62639
62733
62819
62905
63000
63096
63188
63286
63388
63481
63568
63660
63758
63850
63944
64040
64132
