89
197
302
408
516
624
734
837
940
1041
1142
1235
1329
1431
1533
1633
1734
1794
1854
1948
2056
2169
2280
2386
2491
2600
2707
2813
2917
3023
3134
3242
3352
3456
3562
3674
3770
3838
3950
4139
4233
4320
4405
4494
4578
4666
4750
4833
4923
5014
5103
5189
5272
5356
5446
5534
5630
5732
5836
5941
6042
6140
6243
6344
6445
6542
6641
6749
6861
6972
7082
7185
7288
7385
7482
7580
7674
7762
7851
7939
8026
8117
8204
8294
8383
8469
8556
8643
8731
8821
8912
9001
9088
9177
9262
9347
9438
9529
9619
9714
9811
9909
10010
10106
10205
10306
10404
10506
10601
10697
10793
10886
10981
11070
11156
11242
11331
11419
11510
11605
11688
11782
11872
11958
12043
12132
12214
12299
12386
12474
12559
12648
12734
12818
12904
12986
13070
13155
13236
13320
13387
13462
13497
13576
13659
13751
13837
13927
14016
14107
14200
14289
14379
14476
14575
14678
14781
14881
14983
15086
15185
15281
15371
15466
15561
15654
15741
15830
15907
15995
16075
16150
16224
16275
16353
16420
16486
16567
16643
16718
16779
16855
16927
16992
17057
17132
17210
17286
17358
17425
17536
17645
17745
17847
17948
18047
18146
18241
18338
18442
18548
18657
18767
18869
18978
19096
19206
19313
19413
19513
19612
19708
19800
19893
19981
20067
20155
20242
20333
20421
20510
20599
20682
20770
20853
20940
21028
21112
21196
21282
21371
21461
21552
21643
21732
21826
21921
22019
22116
22160
22206
22293
22383
22466
22554
22639
22708
22819
22889
23010
23103
23191
23276
23359
23445
23534
23627
23717
23805
23894
23986
24071
24157
24242
24323
24407
24495
24578
24662
24748
24831
24917
25004
25089
25176
25264
25349
25441
25535
25635
25732
25827
25919
26016
26115
26214
26316
26415
26511
26612
26715
26820
26921
27025
27130
27230
27335
27437
27540
27645
27740
27831
27922
28011
28099
28191
28278
28365
28456
28548
28638
28726
28817
28905
28990
29076
29160
29245
29331
29421
29512
29606
29702
29795
29886
29981
30076
30144
30266
30360
30447
30500
30552
30636
30761
30860
30961
31060
31156
31250
31338
31425
31517
31609
31699
31793
31880
31972
32062
32147
32234
32322
32408
32498
32586
32670
32710
32755
32838
32919
33002
33086
33169
33250
33326
33402
33464
33552
33634
33716
33799
33862
33953
