17
115
218
316
408
503
572
705
807
908
1008
1114
1220
1326
1432
1536
1639
1745
1857
1968
2073
2175
2278
2386
2450
2515
2601
2690
2778
2839
2930
3049
3164
3274
3385
3492
3598
3703
3802
3899
3996
4085
4175
4264
4353
4422
4513
4589
4677
4730
4795
4883
4948
5034
5105
5160
5229
5305
5379
5444
5526
5607
5686
5766
5827
5909
5987
6063
6138
6213
6266
6372
6478
6587
6690
6792
6895
6986
7093
7190
7288
7386
7481
7577
7674
7767
7859
7949
8043
8132
8222
8312
8400
8489
8581
8670
8759
8853
8945
9034
9123
9192
9281
9359
9420
9506
9586
9666
9728
9791
9867
9938
10013
10076
10130
10200
10286
10412
10522
10625
10728
10827
10925
11022
11119
11189
11311
11406
11498
11591
11682
11777
11867
11956
12047
12133
12219
12306
12389
12476
12564
12649
12735
12818
12901
12983
13069
13153
13236
13312
13395
13482
13564
13599
13646
13705
13839
13928
14024
14122
14222
14323
14430
14535
14642
14750
14854
14954
15061
15163
15263
15362
15460
15557
15651
15742
15836
15925
16016
16104
16192
16282
16370
16458
16550
16636
16724
16814
16897
16979
17063
17156
17247
17338
17430
17525
17617
17711
17801
17895
17989
18085
18185
18255
18348
18420
18492
18590
18701
18783
18875
18921
19023
19130
19224
19317
19411
19505
19592
19676
19756
19841
19928
20012
20097
20183
20270
20354
20438
20521
20607
20689
20774
20858
20941
21024
21106
21189
21270
21353
21437
21526
21560
21614
21699
21787
21879
21970
22060
22148
22240
22332
22424
22516
22610
22704
22798
22891
22984
23081
23177
23249
23294
23363
23454
23538
23620
23692
23781
23864
23945
24026
24109
24192
24275
24360
24443
24527
24611
24693
24750
24798
24895
24974
25042
25113
25186
25244
25320
25400
25473
25546
25625
25735
25839
25938
26039
26141
26238
26333
26429
26532
26637
26739
26845
26959
27070
27175
27275
27355
27474
27576
27670
27757
27845
27936
28021
28107
28195
28280
28363
28452
28541
28625
28715
28803
28889
28979
29065
29150
29237
29320
29406
29493
29583
29676
29768
29856
29947
30043
30147
30247
30342
30440
30541
30643
30747
30851
30953
31060
31166
31266
31364
31461
31559
31651
31741
31829
31918
32007
32095
32180
32270
32355
32439
32530
32618
32708
32799
32888
32980
33069
33156
33245
33337
33430
33520
33587
33647
33739
33845
33951
34054
34156
34255
34308
34357
34455
34555
34651
34751
34851
34952
35050
35151
35250
35348
35440
35531
35630
35722
35811
35901
35989
36074
36160
36245
36327
36409
36492
36572
36654
36740
36823
36905
36988
37072
37154
37237
37315
37400
37485
37570
37631
37720
37792
37862
37939
38015
38096
38178
38265
38327
38411
38520
38617
38709
38804
38898
38991
39082
39177
39271
39362
39451
39536
39636
39722
39809
39898
39984
40070
40157
40243
40326
40409
40493
40576
40660
40747
40830
40914
40998
41081
41166
41250
41333
41419
41507
41595
41687
41779
41870
41956
42043
42135
42233
42326
42418
42516
42618
42723
42828
42931
43027
43129
43227
43323
43416
43507
43605
43695
43787
43874
43961
44045
44127
44210
44291
44370
44451
44532
44613
44693
44775
44852
44932
45011
45088
45166
45245
45324
45397
45473
45548
45624
45689
45771
45849
45931
46015
46099
46183
46269
46330
46384
46453
46525
46619
46726
46835
46942
47044
47144
47240
47333
47424
47514
47606
47692
47779
47867
47954
48039
48125
48212
48298
48383
48470
48554
48639
48724
48808
48891
48974
49056
49144
49225
49308
49393
49481
49573
49665
49757
49847
49939
50035
50132
50226
50318
50411
50508
50607
50706
50804
50907
51009
51113
51209
51299
51393
51487
51581
51674
51759
51845
51930
52017
52100
52185
52269
52352
52435
52520
52602
52685
52771
52855
52938
53024
53109
53191
53272
53355
53441
53528
53615
53701
53790
53881
53972
54063
54151
54240
54330
54420
54510
54601
54657
54730
54789
54856
54925
55022
55130
55235
55337
55430
55518
55604
55689
55749
55834
55905
55957
56034
56110
56182
56255
56319
56391
56465
56546
56625
56696
56773
56848
56903
56978
57062
57139
57215
57277
57341
57415
57512
57593
57668
57728
57813
57897
57981
58060
58138
58205
58305
58377
58473
58556
58616
58707
58816
58924
59032
59141
59238
59332
59430
59524
59618
59711
59799
59890
59978
60066
60155
60242
60329
60415
60499
60585
60671
60759
60829
60932
61020
61101
61185
61267
61347
61433
61524
61618
61715
61811
61908
62009
62110
62210
62307
62400
62462
62524
62616
62705
62785
62874
62963
63024
63112
63225
63336
63447
63556
63664
63768
63874
63982
64092
64200
64307
64417
64528
64638
64748
64837
64922
64988
65078
65147
65205
65295
65406
65522
65635
65748
65857
65965
