105
214
326
447
561
672
785
904
1018
1128
1237
1349
1459
1565
1673
1775
1875
1968
2070
2178
2287
2389
2497
2602
2711
2822
2932
3041
3146
3253
3360
3466
3575
3689
3794
3898
4000
4102
4204
4309
4416
4526
4630
4737
4847
4952
5053
5157
5261
5362
5467
5569
5672
5742
5802
5897
6014
6129
6238
6328
6458
6569
6678
6786
6893
6997
7105
7212
7315
7417
7524
7634
7741
7846
7953
8065
8171
8276
8385
8490
8594
8698
8804
8913
9021
9126
9231
9341
9451
9554
9659
9766
9873
9978
10090
10202
10308
10414
10522
10630
10738
10842
10942
11047
11152
11255
11360
11467
11570
11673
11780
11886
11954
12017
12110
12227
12341
12453
12564
12674
12782
12891
13002
13111
13217
13324
13431
13534
13599
13659
13751
13867
13980
14088
14197
14302
14408
14517
14626
14730
14834
14939
15041
15140
15240
15344
15448
15550
15652
15759
15866
15970
16072
16177
16282
16385
16493
16605
16714
16821
16928
17037
17148
17252
17354
17459
17570
17674
17778
17886
17996
18104
18208
18317
18424
18525
18630
18733
18842
18947
19052
19162
19270
19376
19485
19596
19704
19809
19918
20027
20134
20238
20348
20460
20569
20677
20785
20895
20956
21014
21112
21225
21340
21452
21562
21673
21784
21892
22001
22112
22192
22320
22396
22463
22528
22634
22750
22866
22978
23089
23195
23302
23411
23519
23625
23729
23839
23946
24051
24160
24270
24374
24477
24582
24691
24800
24903
25009
25118
25221
25323
25426
25529
25631
25736
25843
25945
26050
26156
26261
26363
26466
26572
26679
26782
26887
26995
27100
27201
27308
27410
27512
27617
27719
27822
27882
27943
28042
28157
28268
28380
28489
28596
28704
28812
28919
29026
29129
29233
29338
29440
29543
29643
29744
29846
29951
30057
30160
30263
30368
30474
30579
30686
30794
30901
31008
31115
31225
31331
31439
31546
31653
31761
31867
31976
32083
32189
32298
32409
32522
32630
32736
32845
32957
33067
33173
33283
33365
33497
33610
33720
33823
33928
34030
34137
34244
34351
34456
34563
34670
34775
34879
34985
35053
35117
35210
35326
35443
35557
35666
35778
35891
36003
36111
36222
36333
36445
36553
36664
36773
36879
36981
37086
37192
37300
37406
37513
37605
37727
37831
37935
38040
38143
38242
38345
38451
38558
38664
38774
38883
38989
39090
39196
39300
39402
39505
39611
39716
39822
39930
40038
40142
40248
40356
40466
40573
40682
40793
40904
41011
41115
41221
41325
41429
41531
41636
41741
41846
41951
42054
42161
42271
42372
42476
42580
42682
42782
42886
42992
43097
43199
43302
43409
43513
43612
43718
43824
43930
44034
44136
44241
44349
44453
44560
44669
44779
44885
44988
45096
45202
45305
45413
45522
45626
45731
45841
45947
46050
46155
46266
46377
46481
46585
46695
46806
46913
47022
47131
47243
47352
47464
47576
47686
47793
47902
48016
48126
48233
48342
48452
48560
48667
48774
48878
48982
49090
49199
49307
49414
49523
49632
49737
49846
49957
50059
50165
50274
50382
50488
50594
50707
50811
50918
51026
51133
51237
51345
51451
51551
51652
51757
51863
51967
52026
52086
52186
52302
52417
52531
52648
52760
52870
52983
53098
53210
53324
53439
53555
53666
53778
53891
53999
54103
54212
54327
54442
54551
54653
54763
54870
54975
55084
55194
55303
55407
55509
55611
55713
55820
55927
56031
56138
56245
56351
56454
56564
56674
56781
56891
57005
57113
57219
57328
57438
57550
57660
57773
57888
58003
58117
58232
58341
58457
58574
58687
58801
58913
59033
59150
59259
59375
59492
59609
59722
59833
59945
60054
60164
60277
60385
60493
60605
60718
60826
60936
61048
61160
61266
61374
61481
61587
61695
61808
61920
62026
62137
62249
62357
62470
62584
62696
62805
62913
