39
91
131
184
373
434
506
552
652
703
757
811
852
878
916
968
999
1021
1056
1100
1133
1217
1294
1369
1433
1521
1622
1750
1794
1882
1996
2048
2130
2197
2266
2350
2395
2435
2485
2546
2632
2691
2770
2826
2866
2940
3017
3112
3199
3367
3549
3672
3750
3825
3951
4037
4165
4249
4310
4381
4460
4538
4622
4665
4732
4827
4862
4920
4960
5016
5056
5111
5149
5204
5240
5297
5328
5385
5462
5487
5542
5576
5636
5669
5708
5742
5767
5830
5861
5921
5958
6014
6054
6106
6132
6217
6246
6302
6332
6385
6422
6477
6514
6566
6590
6661
6688
6747
6774
6832
6861
6914
6947
7040
7093
7123
7180
7215
7273
7315
7373
7400
7465
7497
7553
7587
7644
7674
7712
7749
7813
7838
7895
7979
8006
8084
8119
8177
8209
8264
8300
8355
8398
8455
8497
8558
8598
8653
8690
8748
8787
8846
8885
8972
9037
9066
9127
9153
9192
9248
9320
9351
9378
9406
9488
9512
9568
9604
9617
9709
9765
9853
9961
10074
10157
10221
10339
10398
10538
10593
10718
10784
10914
10969
11059
11177
11237
11296
11348
11400
11677
11921
12054
12160
12309
12411
12530
12686
12786
12864
12957
13045
13147
13233
13318
13403
13487
13524
13600
13682
13776
13877
13974
14076
14135
14219
14275
14326
14418
14467
14516
14575
14664
14753
14844
14881
14963
15020
15090
15218
15317
15357
15398
15489
15551
15595
15641
15734
15807
15843
15906
16000
16038
16112
16167
16247
16327
16365
16404
16483
16517
16580
16618
16688
16787
16820
16920
16991
17023
17059
17096
17179
17218
17307
17361
17397
17446
17540
17629
17727
17811
17926
17984
18023
18097
18157
18248
18315
18435
18519
18579
18670
18741
18862
18947
19010
19093
19134
19192
19291
19406
19474
19572
19646
19769
19865
19961
20052
20124
20217
20306
20376
20482
20560
20664
20757
20850
20908
21007
21121
21188
21266
21360
21457
21547
21606
21730
21823
21879
21965
22054
22151
22239
22342
22449
22510
22598
22678
22750
22833
22965
23030
23170
23232
23346
23417
23498
23590
23665
23781
23856
23970
24053
24172
24269
24324
24441
24489
24539
24604
24690
24798
24889
24980
25037
25130
25263
25316
25453
25515
25639
25697
25805
25878
25990
26064
26146
26239
26298
26373
26480
26608
26668
26764
26832
26889
26975
27123
27221
27311
27411
27517
27622
27678
27787
27877
27968
28064
28115
28233
28309
28393
28490
28583
28681
28723
28764
28837
28925
29031
29106
29177
29225
29285
29348
29433
29470
29521
29622
29695
29806
29890
29955
30031
30141
30227
30287
30363
30478
30579
30655
30739
30853
30905
31002
31096
31166
31216
31306
31361
31472
31565
31635
31711
31806
31901
31983
32107
32196
32275
32333
32457
32535
32633
32723
32814
32877
32977
33038
33122
33165
33208
33294
33332
33397
33499
33553
33642
33750
33823
33922
33984
34077
34164
34252
34378
34454
34539
34633
34704
34774
34854
34924
35025
35138
35236
35302
35349
35417
35489
35565
