 2414
 2452
 2486
 2522
 2550
 2576
 2606
 2630
 2654
 2674
 2690
 2708
 2722
 2738
 2752
 2764
 2774
 2788
 2808
 2834
 2858
 2878
 2896
 2908
 2920
 2928
 2934
 2940
 2944
 2948
 2950
 2948
 2948
 2946
 2946
 2948
 2948
 2946
 2944
 2944
 2946
 2956
 2972
 2984
 2994
 2998
 2998
 2998
 2998
 2998
 2998
 2996
 2992
 2986
 2978
 2968
 2952
 2934
 2916
 2894
 2870
 2838
 2804
 2776
 2750
 2722
 2696
 2662
 2624
 2582
 2538
 2490
 2442
 2396
 2346
 2294
 2240
 2184
 2132
 2080
 2030
 1980
 1932
 1886
 1838
 1790
 1754
 1726
 1708
 1698
 1700
 1710
 1724
 1748
 1772
 1800
 1838
 1870
 1904
 1938
 1970
 2002
 2034
 2064
 2094
 2118
 2142
 2176
 2212
 2250
 2290
 2326
 2364
 2396
 2424
 2452
 2480
 2506
 2530
 2550
 2566
 2580
 2592
 2606
 2622
 2640
 2658
 2672
 2688
 2710
 2738
 2766
 2786
 2804
 2816
 2830
 2838
 2836
 2840
 2836
 2834
 2826
 2814
 2794
 2768
 2736
 2704
 2676
 2648
 2626
 2618
 2622
 2634
 2646
 2654
 2666
 2676
 2684
 2692
 2700
 2712
 2720
 2726
 2730
 2732
 2734
 2736
 2740
 2744
 2744
 2744
 2748
 2758
 2780
 2802
 2820
 2834
 2844
 2852
 2858
 2860
 2870
 2874
 2880
 2882
 2882
 2880
 2880
 2882
 2888
 2890
 2884
 2878
 2876
 2882
 2890
 2892
 2890
 2884
 2870
 2852
 2828
 2804
 2776
 2740
 2698
 2654
 2606
 2554
 2498
 2444
 2386
 2324
 2260
 2206
 2160
 2118
 2078
 2034
 1990
 1946
 1908
 1868
 1830
 1796
 1764
 1734
 1706
 1686
 1676
 1676
 1684
 1696
 1710
 1738
 1768
 1802
 1834
 1866
 1896
 1930
 1960
 1988
 2018
 2046
 2076
 2106
 2134
 2160
 2188
 2218
 2246
 2266
 2292
 2324
 2358
 2398
 2436
 2470
 2506
 2538
 2566
 2590
 2614
 2638
 2658
 2678
 2694
 2712
 2728
 2746
 2762
 2774
 2784
 2800
 2822
 2854
 2882
 2906
 2926
 2942
 2952
 2958
 2968
 2976
 2980
 2982
 2982
 2982
 2984
 2984
 2980
 2980
 2976
 2972
 2970
 2976
 2992
 3006
 3018
 3024
 3024
 3020
 3012
 3000
 2986
 2964
 2938
 2912
 2882
 2850
 2816
 2780
 2740
 2700
 2656
 2606
 2564
 2526
 2488
 2442
 2394
 2342
 2290
 2240
 2190
 2142
 2096
 2050
 2000
 1950
 1898
 1846
 1798
 1748
 1704
 1660
 1618
 1576
 1546
 1520
 1500
 1482
 1464
 1450
 1444
 1442
 1438
 1436
 1434
 1432
 1424
 1414
 1400
 1388
 1376
 1372
 1366
 1358
 1352
 1350
 1346
 1342
 1334
 1328
 1322
 1316
 1308
 1294
 1282
 1264
 1248
 1230
 1210
 1190
 1170
 1152
 1136
 1118
 1096
 1080
 1070
 1054
 1038
 1026
 1012
 1004
 992
 980
 962
 950
 946
 950
 958
 966
 984
 1010
 1038
 1064
 1096
 1136
 1168
 1204
 1238
 1274
 1310
 1348
 1384
 1418
 1450
 1486
 1518
 1550
 1580
 1610
 1648
 1690
 1726
 1750
 1768
 1790
 1818
 1852
 1888
 1926
 1962
 1996
 2030
 2058
 2082
 2110
 2134
 2162
 2186
 2212
 2236
 2266
 2296
 2324
 2346
 2374
 2404
 2438
 2472
 2504
 2530
 2554
 2576
 2592
 2608
 2624
 2638
 2650
 2656
 2660
 2662
 2664
 2664
 2656
 2644
 2634
 2630
 2640
 2656
 2670
 2682
 2696
 2706
 2708
 2710
 2712
 2712
 2708
 2706
 2706
 2714
 2732
 2752
 2766
 2786
 2814
 2848
 2886
 2922
 2954
 2982
 3000
 3012
 3024
 3040
 3048
 3054
 3060
 3062
 3066
 3068
 3062
 3060
 3060
 3070
 3086
 3098
 3108
 3118
 3124
 3126
 3126
 3128
 3128
 3128
 3124
 3116
 3110
 3108
 3106
 3102
 3094
 3088
 3090
 3102
 3112
 3120
 3126
 3130
 3132
 3130
 3124
 3120
 3112
 3102
 3088
 3068
 3046
 3026
 3002
 2972
 2932
 2894
 2858
 2828
 2798
 2764
 2726
 2690
 2650
 2612
 2574
 2538
 2496
 2450
 2404
 2354
 2308
 2262
 2220
 2180
 2136
 2096
 2070
 2046
 2028
 2012
 2000
 1992
 1990
 1990
 1992
 1998
 2002
 2008
 2012
 2018
 2030
 2044
 2062
 2078
 2098
 2126
 2154
 2184
 2210
 2234
 2258
 2282
 2304
 2322
 2344
 2368
 2390
 2410
 2430
 2446
 2464
 2484
 2500
 2512
 2530
 2552
 2574
 2598
 2618
 2636
 2654
 2670
 2684
 2694
 2710
 2720
 2728
 2738
 2746
 2756
 2766
 2780
 2790
 2798
 2806
 2818
 2836
 2858
 2874
 2888
 2900
 2910
 2918
 2920
 2924
 2928
 2930
 2934
 2936
 2934
 2936
 2938
 2938
 2938
 2930
 2928
 2930
 2940
 2950
 2960
 2966
 2972
 2974
 2978
 2978
 2980
 2984
 2984
 2984
 2980
 2976
 2974
 2972
 2970
 2968
 2962
 2958
 2960
 2968
 2980
 2986
 2992
 2996
 2996
 2994
 2988
 2986
 2982
 2978
 2972
 2966
 2960
 2954
 2948
 2940
 2932
 2920
 2904
 2892
 2878
 2866
 2852
 2830
 2806
 2776
 2744
 2708
 2670
 2634
 2592
 2550
 2504
 2456
 2404
 2356
 2308
 2260
 2212
 2160
 2116
 2078
 2044
 2014
 1994
 1984
 1982
 1990
 2000
 2016
 2040
 2070
 2124
 2218
 2326
 2418
 2498
 2564
 2610
 2650
 2684
 2716
 2744
 2766
 2782
 2796
 2808
 2814
 2820
 2828
 2836
 2840
 2840
 2840
 2840
 2838
 2838
 2840
 2834
 2832
 2836
 2846
 2858
 2870
 2876
 2880
 2882
 2884
 2884
 2888
 2886
 2884
 2884
 2880
 2876
 2872
 2868
 2870
 2868
 2866
 2864
 2872
 2886
 2902
 2916
 2924
 2930
 2936
 2938
 2940
 2938
 2938
 2934
 2934
 2932
 2928
 2930
 2930
 2932
 2932
 2928
 2926
 2932
 2942
 2954
 2958
 2958
 2956
 2952
 2942
 2928
 2916
 2896
 2874
 2844
 2808
 2768
 2726
 2684
 2638
 2594
 2544
 2490
 2442
 2400
 2362
 2322
 2280
 2236
 2194
 2150
 2108
 2068
 2030
 1996
 1962
 1930
 1900
 1872
 1848
 1828
 1812
 1792
 1770
 1754
 1740
 1726
 1710
 1692
 1676
 1662
 1646
 1630
 1610
 1588
 1564
 1536
 1506
 1474
 1448
 1424
 1396
 1362
 1330
 1302
 1274
 1246
 1216
 1186
 1152
 1118
 1088
 1056
 1024
 994
 962
 932
 908
 888
 876
 876
 882
 898
 922
 944
 980
 1014
 1050
 1084
 1118
 1154
 1186
 1220
 1252
 1284
 1322
 1356
 1390
 1428
 1466
 1500
 1538
 1582
 1620
 1662
 1702
 1740
 1776
 1810
 1842
 1872
 1904
 1934
 1960
 1990
 2018
 2048
 2076
 2104
 2136
 2166
 2192
 2220
 2248
 2278
 2308
 2334
 2362
 2390
 2414
 2434
 2456
 2476
 2492
 2508
 2518
 2530
 2542
 2554
 2568
 2584
 2598
 2606
 2614
 2626
 2644
 2666
 2686
 2700
 2714
 2726
 2738
 2746
 2758
 2768
 2776
 2784
 2790
 2794
 2798
 2802
 2806
 2812
 2816
 2818
 2814
 2814
 2818
 2828
 2842
 2856
 2864
 2872
 2882
 2880
 2878
 2878
 2878
 2878
 2880
 2880
 2880
 2882
 2886
 2886
 2888
 2890
 2892
 2888
 2886
 2884
 2890
 2900
 2908
 2914
 2916
 2918
 2918
 2916
 2916
 2914
 2912
 2910
 2906
 2902
 2896
 2892
 2890
 2886
 2886
 2882
 2876
 2874
 2876
 2884
 2894
 2902
 2908
 2914
 2914
 2912
 2910
 2910
 2908
 2906
 2904
 2900
 2898
 2896
 2892
 2894
 2890
 2888
 2884
 2882
 2880
 2886
 2894
 2896
 2894
 2890
 2880
 2870
 2854
 2836
 2808
 2778
 2742
 2704
 2666
 2630
 2590
 2548
 2504
 2456
 2406
 2358
 2316
 2276
 2232
 2190
 2146
 2102
 2060
 2022
 1982
 1944
 1902
 1862
 1822
 1784
 1744
 1710
 1676
 1646
 1616
 1594
 1576
 1558
 1544
 1534
 1528
 1520
 1516
 1516
 1518
 1522
 1530
 1538
 1550
 1564
 1580
 1598
 1614
 1630
 1654
 1680
 1708
 1732
 1756
 1782
 1806
 1830
 1854
 1874
 1898
 1920
 1940
 1958
 1976
 1996
 2018
 2036
 2050
 2070
 2094
 2120
 2148
 2174
 2198
 2224
 2250
 2270
 2288
 2308
 2326
 2344
 2360
 2376
 2392
 2406
 2424
 2438
 2448
 2462
 2478
 2496
 2518
 2532
 2546
 2558
 2572
 2584
 2594
 2608
 2622
 2632
 2644
 2656
 2666
 2674
 2686
 2698
 2716
 2728
 2738
 2752
 2770
 2794
 2816
 2840
 2858
 2876
 2892
 2900
 2908
 2916
 2922
 2926
 2932
 2934
 2938
 2942
 2944
 2946
 2944
 2940
 2934
 2930
 2928
 2932
 2940
 2948
 2954
 2956
 2956
 2956
 2954
 2956
 2956
 2954
 2952
 2948
 2944
 2942
 2938
 2932
 2928
 2924
 2912
 2898
 2884
 2872
 2866
 2858
 2842
 2822
 2796
 2766
 2734
 2700
 2666
 2626
 2582
 2534
 2488
 2440
 2390
 2340
 2292
 2246
 2200
 2156
 2110
 2072
 2034
 1994
 1952
 1906
 1858
 1816
 1774
 1736
 1700
 1670
 1648
 1630
 1620
 1616
 1620
 1632
 1646
 1662
 1678
 1704
 1730
 1758
 1784
 1808
 1838
 1866
 1894
 1920
 1946
 1976
 2006
 2032
 2056
 2082
 2104
 2130
 2156
 2178
 2198
 2226
 2256
 2286
 2316
 2338
 2362
 2384
 2404
 2420
 2434
 2452
 2468
 2482
 2494
 2506
 2518
 2528
 2540
 2548
 2556
 2568
 2586
 2606
 2628
 2642
 2660
 2672
 2686
 2692
 2700
 2708
 2714
 2720
 2726
 2728
 2730
 2732
 2732
 2732
 2724
 2712
 2702
 2692
 2682
 2668
 2646
 2616
 2582
 2546
 2506
 2464
 2426
 2382
 2338
 2290
 2242
 2198
 2158
 2126
 2100
 2084
 2072
 2070
 2080
 2094
 2116
 2136
 2160
 2186
 2212
 2240
 2264
 2294
 2320
 2344
 2368
 2386
 2404
 2424
 2442
 2462
 2480
 2494
 2514
 2536
 2562
 2586
 2606
 2624
 2640
 2656
 2666
 2678
 2690
 2700
 2710
 2720
 2726
 2734
 2740
 2748
 2756
 2758
 2762
 2770
 2784
 2802
 2820
 2832
 2844
 2856
 2864
 2870
 2876
 2882
 2882
 2880
 2878
 2878
 2876
 2874
 2870
 2870
 2870
 2866
 2862
 2860
 2866
 2878
 2890
 2896
 2904
 2908
 2912
 2912
 2914
 2912
 2910
 2908
 2906
 2902
 2898
 2894
 2890
 2888
 2884
 2876
 2872
 2870
 2876
 2882
 2882
 2880
 2876
 2866
 2854
 2836
 2818
 2796
 2768
 2738
 2706
 2670
 2630
 2590
 2550
 2510
 2468
 2426
 2394
 2376
 2370
 2378
 2390
 2408
 2430
 2458
 2482
 2508
 2534
 2564
 2592
 2622
 2648
 2674
 2698
 2722
 2748
 2766
 2786
 2812
 2842
 2878
 2906
 2934
 2954
 2972
 2988
 3002
 3016
 3028
 3034
 3040
 3042
 3044
 3042
 3036
 3028
 3014
 2994
 2974
 2956
 2942
 2924
 2902
 2868
 2828
 2782
 2730
 2678
 2626
 2574
 2520
 2462
 2404
 2344
 2286
 2228
 2174
 2120
 2066
 2020
 1988
 1962
 1948
 1942
 1940
 1946
 1954
 1968
 1982
 2000
 2020
 2036
 2052
 2066
 2084
 2102
 2120
 2134
 2146
 2168
 2190
 2216
 2236
 2258
 2276
 2294
 2314
 2332
 2352
 2376
 2402
 2424
 2454
 2486
 2516
 2546
 2580
 2618
 2654
 2686
 2716
 2754
 2798
 2846
 2896
 2942
 2984
 3026
 3060
 3084
 3108
 3132
 3150
 3164
 3174
 3180
 3186
 3186
 3184
 3172
 3152
 3128
 3106
 3086
 3068
 3044
 3012
 2976
 2936
 2894
 2850
 2806
 2762
 2716
 2670
 2624
 2578
 2536
 2500
 2476
 2458
 2448
 2440
 2448
 2462
 2484
 2514
 2546
 2578
 2612
 2646
 2678
 2706
 2742
 2774
 2806
 2836
 2864
 2888
 2910
 2934
 2958
 2978
 2992
 3004
 3020
 3042
 3072
 3098
 3116
 3132
 3146
 3158
 3164
 3168
 3174
 3178
 3178
 3178
 3178
 3174
 3174
 3172
 3166
 3154
 3138
 3122
 3106
 3094
 3084
 3068
 3048
 3022
 2990
 2954
 2916
 2876
 2834
 2788
 2736
 2688
 2642
 2598
 2566
 2538
 2518
 2508
 2508
 2512
 2528
 2548
 2576
 2612
 2648
 2684
 2722
 2760
 2794
 2826
 2860
 2890
 2918
 2946
 2966
 2984
 3002
 3024
 3044
 3060
 3070
 3082
 3096
 3120
 3142
 3154
 3160
 3160
 3154
 3138
 3118
 3096
 3068
 3034
 2992
 2944
 2892
 2838
 2778
 2718
 2650
 2582
 2520
 2468
 2420
 2374
 2322
 2268
 2214
 2160
 2104
 2050
 2002
 1954
 1908
 1862
 1820
 1782
 1748
 1720
 1690
 1654
 1626
 1604
 1584
 1568
 1556
 1552
 1554
 1562
 1576
 1594
 1620
 1644
 1670
 1698
 1726
 1758
 1792
 1830
 1864
 1904
 1952
 1998
 2046
 2090
 2134
 2174
 2212
 2248
 2280
 2312
 2340
 2366
 2386
 2404
 2424
 2442
 2464
 2484
 2498
 2518
 2542
 2566
 2600
 2628
 2656
 2682
 2706
 2726
 2744
 2764
 2780
 2794
 2806
 2818
 2828
 2838
 2850
 2864
 2874
 2878
 2886
 2898
 2918
 2936
 2952
 2964
 2976
 2984
 2986
 2984
 2988
 2984
 2978
 2966
 2954
 2942
 2932
 2922
 2914
 2910
 2910
 2914
 2914
 2912
 2914
 2924
 2942
 2958
 2968
 2974
 2976
 2978
 2974
 2974
 2970
 2968
 2962
 2958
 2952
 2944
 2942
 2938
 2936
 2934
 2932
 2928
 2918
 2908
 2900
 2896
 2890
 2878
 2860
 2832
 2800
 2762
 2726
 2688
 2650
 2606
 2560
 2514
 2468
 2426
 2388
 2358
 2340
 2330
 2326
 2340
 2360
 2396
 2432
 2472
 2510
 2546
 2580
 2612
 2640
 2670
 2696
 2720
 2742
 2764
 2784
 2804
 2822
 2838
 2846
 2856
 2868
 2886
 2910
 2928
 2944
 2956
 2966
 2974
 2974
 2978
 2978
 2978
 2972
 2968
 2954
 2940
 2924
 2902
 2880
 2854
 2820
 2788
 2756
 2726
 2696
 2660
 2620
 2576
 2530
 2482
 2430
 2378
 2326
 2268
 2208
 2144
 2078
 2016
 1954
 1900
 1850
 1806
 1774
 1762
 1760
 1768
 1786
 1810
 1836
 1868
 1900
 1932
 1968
 2004
 2040
 2070
 2100
 2128
 2158
 2186
 2212
 2230
 2252
 2282
 2314
 2348
 2376
 2404
 2430
 2452
 2472
 2490
 2510
 2532
 2550
 2568
 2582
 2598
 2614
 2630
 2648
 2666
 2680
 2694
 2716
 2740
 2770
 2800
 2828
 2852
 2874
 2890
 2898
 2904
 2912
 2914
 2914
 2910
 2900
 2890
 2876
 2858
 2840
 2818
 2788
 2756
 2730
 2704
 2680
 2652
 2618
 2580
 2538
 2494
 2448
 2402
 2354
 2304
 2250
 2194
 2136
 2078
 2022
 1964
 1910
 1854
 1800
 1754
 1722
 1700
 1690
 1692
 1704
 1722
 1746
 1774
 1800
 1832
 1868
 1902
 1936
 1966
 1998
 2030
 2062
 2096
 2120
 2148
 2180
 2212
 2248
 2284
 2314
 2346
 2374
 2400
 2424
 2446
 2470
 2490
 2510
 2530
 2550
 2568
 2588
 2610
 2626
 2636
 2652
 2672
 2698
 2726
 2752
 2776
 2798
 2818
 2834
 2844
 2858
 2866
 2874
 2878
 2878
 2872
 2866
 2856
 2846
 2834
 2818
 2796
 2776
 2760
 2750
 2734
 2712
 2684
 2652
 2620
 2582
 2544
 2504
 2460
 2412
 2362
 2310
 2260
 2216
 2178
 2146
 2122
 2106
 2102
 2108
 2122
 2142
 2162
 2182
 2204
 2226
 2246
 2266
 2288
 2310
 2332
 2354
 2370
 2390
 2410
 2430
 2454
 2476
 2492
 2516
 2540
 2574
 2614
 2646
 2678
 2710
 2738
 2762
 2786
 2808
 2830
 2846
 2862
 2874
 2882
 2886
 2890
 2894
 2898
 2894
 2894
 2898
 2908
 2924
 2934
 2940
 2940
 2934
 2924
 2908
 2888
 2864
 2838
 2808
 2776
 2744
 2704
 2664
 2622
 2576
 2528
 2476
 2420
 2368
 2320
 2272
 2222
 2170
 2116
 2060
 2004
 1950
 1896
 1844
 1788
 1736
 1686
 1638
 1600
 1574
 1560
 1552
 1554
 1560
 1584
 1612
 1646
 1682
 1716
 1752
 1788
 1824
 1858
 1894
 1930
 1968
 2000
 2026
 2052
 2078
 2108
 2130
 2148
 2172
 2202
 2234
 2264
 2290
 2312
 2332
 2352
 2366
 2382
 2398
 2414
 2426
 2438
 2448
 2460
 2472
 2486
 2502
 2516
 2526
 2540
 2560
 2586
 2618
 2644
 2666
 2686
 2704
 2722
 2736
 2754
 2772
 2784
 2792
 2800
 2806
 2808
 2806
 2800
 2792
 2780
 2758
 2736
 2716
 2700
 2682
 2660
 2628
 2590
 2548
 2502
 2452
 2400
 2342
 2278
 2210
 2140
 2068
 1998
 1930
 1870
 1808
 1746
 1692
 1644
 1598
 1548
 1496
 1448
 1402
 1356
 1312
 1266
 1220
 1176
 1134
 1094
 1050
 1008
 964
 928
 886
 848
 812
 776
 740
 710
 680
 650
 624
 598
 576
 550
 530
 504
 478
 452
 432
 410
 394
 388
 394
 414
 432
 458
 488
 524
 560
 598
 640
 684
 728
 772
 810
 850
 892
 942
 986
 1034
 1076
 1116
 1168
 1216
 1264
 1306
 1350
 1394
 1436
 1476
 1510
 1542
 1578
 1610
 1636
 1668
 1698
 1732
 1766
 1802
 1834
 1862
 1894
 1928
 1964
 2000
 2034
 2068
 2100
 2128
 2154
 2178
 2204
 2226
 2246
 2266
 2280
 2296
 2308
 2324
 2342
 2358
 2370
 2378
 2396
 2414
 2438
 2458
 2476
 2496
 2510
 2526
 2540
 2552
 2570
 2582
 2594
 2602
 2606
 2612
 2620
 2626
 2630
 2638
 2646
 2648
 2654
 2664
 2682
 2706
 2724
 2740
 2758
 2772
 2784
 2794
 2802
 2806
 2804
 2798
 2786
 2770
 2752
 2728
 2702
 2672
 2642
 2606
 2566
 2524
 2490
 2456
 2424
 2394
 2368
 2346
 2334
 2332
 2336
 2354
 2372
 2394
 2418
 2442
 2466
 2494
 2522
 2554
 2586
 2620
 2650
 2672
 2700
 2732
 2772
 2812
 2848
 2884
 2918
 2948
 2976
 2996
 3014
 3032
 3044
 3056
 3062
 3068
 3070
 3078
 3082
 3086
 3084
 3080
 3080
 3088
 3098
 3100
 3096
 3084
 3070
 3050
 3024
 2996
 2966
 2930
 2888
 2846
 2798
 2752
 2704
 2656
 2608
 2558
 2508
 2456
 2412
 2382
 2362
 2356
 2356
 2368
 2384
 2404
 2426
 2450
 2476
 2504
 2530
 2552
 2572
 2594
 2618
 2640
 2664
 2686
 2698
 2712
 2732
 2760
 2794
 2826
 2856
 2884
 2906
 2928
 2944
 2958
 2974
 2990
 3006
 3020
 3032
 3044
 3058
 3074
 3086
 3094
 3096
 3106
 3124
 3144
 3154
 3158
 3154
 3142
 3124
 3098
 3070
 3040
 3004
 2964
 2918
 2868
 2820
 2770
 2718
 2670
 2618
 2560
 2506
 2462
 2422
 2386
 2346
 2302
 2262
 2226
 2196
 2174
 2162
 2160
 2164
 2172
 2188
 2206
 2230
 2260
 2296
 2332
 2368
 2400
 2438
 2484
 2534
 2588
 2640
 2686
 2732
 2774
 2812
 2844
 2880
 2910
 2936
 2962
 2980
 2994
 3008
 3024
 3040
 3050
 3050
 3056
 3068
 3090
 3114
 3134
 3148
 3160
 3172
 3176
 3178
 3176
 3170
 3158
 3144
 3120
 3094
 3064
 3032
 3000
 2958
 2908
 2858
 2820
 2784
 2748
 2704
 2654
 2598
 2538
 2474
 2406
 2340
 2270
 2200
 2128
 2056
 1984
 1918
 1850
 1788
 1726
 1666
 1604
 1552
 1512
 1480
 1456
 1434
 1420
 1414
 1416
 1420
 1426
 1442
 1458
 1480
 1506
 1532
 1564
 1602
 1644
 1688
 1726
 1776
 1830
 1884
 1936
 1984
 2030
 2072
 2116
 2156
 2190
 2228
 2268
 2300
 2334
 2362
 2390
 2422
 2454
 2488
 2516
 2546
 2582
 2624
 2668
 2716
 2758
 2800
 2840
 2878
 2912
 2940
 2968
 2990
 3010
 3028
 3040
 3050
 3058
 3070
 3080
 3084
 3084
 3090
 3104
 3128
 3144
 3154
 3160
 3164
 3166
 3160
 3152
 3146
 3136
 3126
 3110
 3090
 3070
 3048
 3022
 2992
 2956
 2914
 2876
 2842
 2808
 2770
 2724
 2676
 2620
 2562
 2502
 2440
 2380
 2314
 2252
 2194
 2144
 2106
 2082
 2068
 2068
 2074
 2084
 2096
 2122
 2154
 2192
 2228
 2262
 2294
 2324
 2354
 2378
 2404
 2430
 2452
 2474
 2494
 2512
 2532
 2550
 2572
 2590
 2602
 2620
 2642
 2672
 2706
 2738
 2770
 2800
 2830
 2856
 2880
 2904
 2924
 2944
 2962
 2978
 2994
 3008
 3024
 3040
 3060
 3076
 3084
 3090
 3104
 3124
 3156
 3182
 3202
 3212
 3210
 3200
 3180
 3156
 3128
 3092
 3048
 3000
 2950
 2896
 2842
 2788
 2728
 2672
 2608
 2550
 2500
 2456
 2418
 2372
 2324
 2274
 2224
 2180
 2142
 2118
 2104
 2098
 2100
 2106
 2114
 2128
 2146
 2164
 2184
 2202
 2226
 2260
 2298
 2342
 2384
 2428
 2472
 2518
 2558
 2596
 2638
 2676
 2714
 2748
 2780
 2810
 2836
 2864
 2892
 2918
 2936
 2944
 2958
 2976
 3008
 3042
 3068
 3090
 3108
 3124
 3130
 3130
 3128
 3116
 3094
 3066
 3026
 2984
 2942
 2896
 2848
 2800
 2746
 2690
 2646
 2606
 2572
 2536
 2486
 2428
 2368
 2312
 2256
 2216
 2188
 2172
 2170
 2174
 2188
 2212
 2238
 2272
 2308
 2342
 2372
 2410
 2454
 2504
 2558
 2606
 2648
 2690
 2726
 2756
 2786
 2814
 2836
 2856
 2876
 2892
 2902
 2910
 2920
 2930
 2938
 2940
 2942
 2950
 2968
 2992
 3012
 3024
 3036
 3042
 3044
 3042
 3036
 3026
 3010
 2992
 2972
 2952
 2924
 2888
 2844
 2796
 2740
 2678
 2612
 2542
 2480
 2420
 2364
 2304
 2240
 2172
 2102
 2030
 1960
 1890
 1818
 1746
 1674
 1602
 1530
 1464
 1398
 1334
 1274
 1212
 1152
 1112
 1072
 1036
 1002
 968
 934
 902
 876
 848
 824
 800
 778
 754
 728
 704
 690
 678
 662
 642
 630
 628
 642
 666
 698
 746
 800
 860
 928
 992
 1066
 1144
 1218
 1282
 1332
 1378
 1420
 1468
 1510
 1556
 1606
 1652
 1688
 1716
 1738
 1766
 1810
 1858
 1904
 1958
 2012
 2064
 2112
 2158
 2202
 2250
 2296
 2332
 2358
 2384
 2412
 2452
 2486
 2514
 2540
 2562
 2582
 2596
 2608
 2622
 2634
 2642
 2652
 2660
 2668
 2680
 2694
 2698
 2708
 2724
 2750
 2780
 2806
 2828
 2852
 2874
 2896
 2912
 2926
 2936
 2940
 2936
 2934
 2930
 2932
 2934
 2938
 2938
 2934
 2936
 2944
 2964
 2984
 3002
 3016
 3026
 3032
 3032
 3038
 3040
 3042
 3038
 3034
 3026
 3022
 3016
 3010
 3006
 3006
 3000
 2992
 2988
 2986
 2996
 3010
 3016
 3018
 3016
 3010
 2998
 2984
 2968
 2944
 2912
 2868
 2814
 2754
 2690
 2628
 2564
 2500
 2430
 2352
 2278
 2210
 2144
 2074
 2006
 1946
 1898
 1864
 1848
 1844
 1852
 1870
 1888
 1904
 1926
 1946
 1968
 1994
 2018
 2036
 2060
 2088
 2120
 2150
 2176
 2198
 2220
 2240
 2262
 2282
 2306
 2328
 2348
 2372
 2392
 2410
 2428
 2450
 2474
 2488
 2508
 2532
 2566
 2608
 2646
 2682
 2714
 2744
 2768
 2790
 2810
 2828
 2842
 2856
 2868
 2874
 2884
 2886
 2888
 2892
 2890
 2890
 2892
 2902
 2922
 2942
 2956
 2966
 2968
 2964
 2956
 2946
 2934
 2908
 2878
 2840
 2796
 2744
 2688
 2632
 2576
 2516
 2450
 2378
 2318
 2262
 2212
 2154
 2094
 2030
 1962
 1898
 1834
 1774
 1712
 1654
 1594
 1544
 1504
 1476
 1468
 1470
 1484
 1504
 1530
 1566
 1604
 1648
 1692
 1734
 1776
 1816
 1856
 1894
 1928
 1960
 1990
 2018
 2042
 2064
 2086
 2108
 2134
 2160
 2180
 2202
 2230
 2264
 2300
 2334
 2364
 2394
 2422
 2446
 2466
 2488
 2508
 2526
 2544
 2558
 2574
 2588
 2604
 2622
 2638
 2656
 2666
 2674
 2690
 2714
 2744
 2774
 2798
 2818
 2836
 2850
 2862
 2872
 2884
 2894
 2900
 2908
 2912
 2912
 2916
 2920
 2926
 2932
 2934
 2932
 2934
 2936
 2950
 2964
 2974
 2980
 2980
 2976
 2964
 2944
 2924
 2898
 2862
 2822
 2780
 2728
 2678
 2624
 2570
 2514
 2458
 2404
 2348
 2288
 2240
 2204
 2180
 2166
 2162
 2168
 2184
 2206
 2236
 2262
 2296
 2328
 2356
 2382
 2406
 2430
 2454
 2476
 2498
 2518
 2536
 2550
 2566
 2588
 2620
 2656
 2688
 2718
 2742
 2764
 2782
 2794
 2808
 2820
 2830
 2838
 2846
 2848
 2852
 2854
 2856
 2862
 2862
 2860
 2864
 2874
 2894
 2916
 2934
 2946
 2958
 2964
 2970
 2974
 2980
 2980
 2976
 2970
 2958
 2942
 2926
 2904
 2882
 2854
 2816
 2772
 2724
 2684
 2648
 2614
 2576
 2532
 2484
 2430
 2376
 2320
 2266
 2212
 2152
 2090
 2028
 1966
 1904
 1844
 1790
 1738
 1690
 1652
 1630
 1622
 1626
 1638
 1656
 1682
 1716
 1752
 1786
 1826
 1870
 1910
 1942
 1968
 1992
 2016
 2040
 2064
 2084
 2100
 2126
 2160
 2196
 2234
 2266
 2298
 2326
 2358
 2380
 2404
 2428
 2450
 2468
 2484
 2496
 2506
 2516
 2532
 2548
 2560
 2572
 2592
 2618
 2656
 2696
 2730
 2762
 2790
 2816
 2834
 2848
 2862
 2870
 2874
 2870
 2860
 2846
 2824
 2798
 2770
 2738
 2698
 2652
 2612
 2576
 2542
 2506
 2460
 2404
 2342
 2272
 2190
 2108
 2036
 1966
 1904
 1852
 1812
 1788
 1778
 1782
 1798
 1818
 1840
 1860
 1894
 1936
 1982
 2024
 2064
 2102
 2138
 2172
 2200
 2230
 2262
 2294
 2324
 2350
 2370
 2392
 2416
 2442
 2468
 2490
 2508
 2532
 2564
 2604
 2646
 2684
 2718
 2750
 2778
 2804
 2828
 2854
 2878
 2898
 2918
 2936
 2948
 2960
 2970
 2982
 2988
 2992
 2998
 3008
 3016
 3018
 3024
 3028
 3042
 3050
 3046
 3036
 3016
 2986
 2948
 2904
 2860
 2808
 2754
 2698
 2638
 2578
 2518
 2456
 2394
 2330
 2264
 2196
 2122
 2046
 1982
 1926
 1874
 1828
 1788
 1762
 1746
 1750
 1760
 1784
 1814
 1848
 1882
 1916
 1944
 1978
 2010
 2044
 2076
 2112
 2146
 2180
 2218
 2262
 2312
 2362
 2408
 2448
 2488
 2524
 2560
 2590
 2624
 2654
 2678
 2704
 2728
 2750
 2774
 2800
 2824
 2848
 2860
 2878
 2900
 2932
 2964
 2992
 3016
 3036
 3050
 3058
 3062
 3068
 3066
 3054
 3036
 3014
 2984
 2942
 2900
 2850
 2798
 2736
 2670
 2604
 2548
 2496
 2444
 2386
 2326
 2260
 2194
 2124
 2052
 1982
 1912
 1838
 1758
 1676
 1594
 1516
 1438
 1368
 1296
 1222
 1166
 1114
 1066
 1016
 968
 926
 886
 850
 816
 792
 780
 774
 784
 798
 822
 858
 898
 948
 998
 1050
 1124
 1202
 1280
 1360
 1432
 1504
 1574
 1640
 1702
 1756
 1816
 1870
 1918
 1964
 2004
 2042
 2082
 2124
 2162
 2192
 2230
 2270
 2316
 2364
 2404
 2438
 2470
 2502
 2530
 2556
 2586
 2612
 2636
 2658
 2676
 2696
 2714
 2732
 2750
 2764
 2774
 2788
 2804
 2834
 2870
 2900
 2928
 2952
 2972
 2990
 2998
 3014
 3032
 3048
 3058
 3068
 3078
 3086
 3092
 3098
 3096
 3090
 3074
 3048
 3018
 2988
 2962
 2940
 2908
 2870
 2824
 2776
 2722
 2662
 2608
 2552
 2490
 2428
 2362
 2292
 2226
 2156
 2090
 2024
 1956
 1886
 1824
 1776
 1736
 1712
 1698
 1694
 1702
 1718
 1742
 1772
 1808
 1844
 1882
 1918
 1958
 1996
 2040
 2086
 2138
 2188
 2234
 2276
 2320
 2368
 2426
 2480
 2528
 2574
 2616
 2660
 2700
 2738
 2774
 2808
 2842
 2872
 2898
 2924
 2948
 2968
 2986
 3000
 3010
 3022
 3036
 3066
 3094
 3118
 3134
 3136
 3134
 3126
 3112
 3092
 3066
 3034
 2996
 2954
 2906
 2856
 2804
 2754
 2700
 2640
 2580
 2526
 2478
 2432
 2384
 2332
 2276
 2220
 2160
 2096
 2030
 1966
 1894
 1826
 1762
 1702
 1652
 1614
 1588
 1574
 1568
 1570
 1586
 1608
 1642
 1682
 1726
 1770
 1814
 1858
 1896
 1936
 1976
 2012
 2050
 2086
 2120
 2156
 2188
 2222
 2254
 2280
 2308
 2344
 2384
 2428
 2470
 2508
 2542
 2576
 2608
 2634
 2664
 2692
 2716
 2740
 2762
 2780
 2800
 2822
 2846
 2868
 2890
 2902
 2910
 2914
 2928
 2948
 2968
 2982
 2992
 2998
 3004
 3006
 3008
 3008
 3006
 3006
 3002
 2996
 2986
 2974
 2960
 2946
 2926
 2904
 2874
 2838
 2810
 2786
 2764
 2742
 2712
 2678
 2636
 2590
 2540
 2484
 2426
 2364
 2292
 2218
 2140
 2060
 1982
 1898
 1814
 1734
 1656
 1576
 1498
 1434
 1376
 1320
 1266
 1218
 1172
 1126
 1084
 1042
 1004
 962
 922
 882
 850
 832
 828
 832
 844
 868
 896
 940
 992
 1048
 1108
 1166
 1220
 1272
 1322
 1374
 1424
 1474
 1520
 1564
 1606
 1650
 1694
 1736
 1780
 1814
 1846
 1884
 1924
 1968
 2008
 2048
 2082
 2114
 2144
 2170
 2196
 2224
 2248
 2272
 2292
 2312
 2332
 2352
 2374
 2396
 2416
 2432
 2448
 2472
 2502
 2538
 2570
 2598
 2624
 2650
 2674
 2692
 2712
 2730
 2746
 2760
 2770
 2782
 2796
 2808
 2822
 2840
 2854
 2864
 2872
 2884
 2906
 2938
 2966
 2990
 3008
 3022
 3032
 3034
 3034
 3028
 3020
 3004
 2984
 2960
 2926
 2888
 2850
 2810
 2764
 2718
 2662
 2604
 2550
 2500
 2448
 2394
 2332
 2266
 2198
 2132
 2060
 1982
 1888
 1794
 1698
 1608
 1520
 1434
 1356
 1284
 1218
 1158
 1094
 1044
 1002
 960
 922
 886
 852
 822
 796
 768
 738
 716
 694
 670
 646
 620
 594
 570
 548
 524
 504
 496
 502
 512
 524
 538
 556
 584
 612
 638
 664
 696
 730
 762
 792
 822
 854
 892
 922
 950
 988
 1024
 1064
 1102
 1138
 1172
 1210
 1244
 1274
 1306
 1336
 1364
 1394
 1422
 1454
 1486
 1522
 1560
 1592
 1630
 1672
 1718
 1768
 1818
 1862
 1906
 1952
 1996
 2038
 2082
 2124
 2164
 2202
 2240
 2276
 2308
 2342
 2376
 2406
 2432
 2458
 2490
 2528
 2568
 2602
 2632
 2662
 2690
 2716
 2738
 2766
 2790
 2812
 2832
 2850
 2868
 2884
 2900
 2918
 2926
 2934
 2946
 2966
 2994
 3018
 3038
 3052
 3062
 3072
 3076
 3088
 3096
 3100
 3098
 3092
 3082
 3068
 3054
 3042
 3026
 3018
 3014
 3016
 3030
 3044
 3050
 3056
 3060
 3056
 3052
 3062
 3078
 3088
 3100
 3110
 3120
 3130
 3138
 3142
 3142
 3148
 3158
 3178
 3198
 3214
 3228
 3238
 3244
 3244
 3244
 3244
 3240
 3226
 3210
 3192
 3170
 3140
 3100
 3052
 3008
 2970
 2930
 2876
 2822
 2758
 2700
 2644
 2594
 2552
 2522
 2502
 2494
 2496
 2502
 2514
 2528
 2544
 2558
 2572
 2596
 2624
 2658
 2692
 2720
 2742
 2762
 2778
 2792
 2804
 2816
 2828
 2840
 2852
 2862
 2872
 2882
 2890
 2886
 2886
 2894
 2910
 2932
 2950
 2964
 2978
 2988
 2994
 2996
 3004
 3008
 3010
 3012
 3008
 3006
 3006
 3004
 3006
 3008
 3008
 3006
 3004
 3004
 3012
 3028
 3038
 3040
 3038
 3028
 3010
 2988
 2960
 2930
 2888
 2840
 2790
 2736
 2684
 2632
 2578
 2520
 2462
 2402
 2340
 2284
 2236
 2188
 2140
 2090
 2038
 1992
 1948
 1906
 1872
 1844
 1822
 1816
 1820
 1832
 1854
 1882
 1910
 1944
 1974
 2002
 2042
 2082
 2128
 2176
 2214
 2250
 2288
 2320
 2350
 2378
 2406
 2432
 2456
 2478
 2498
 2514
 2532
 2548
 2564
 2574
 2592
 2614
 2646
 2676
 2704
 2730
 2752
 2772
 2786
 2802
 2818
 2830
 2842
 2852
 2860
 2866
 2874
 2882
 2890
 2892
 2894
 2900
 2912
 2932
 2950
 2968
 2982
 2994
 3004
 3010
 3020
 3028
 3030
 3032
 3034
 3034
 3032
 3024
 3008
 2992
 2972
 2950
 2920
 2882
 2846
 2816
 2790
 2762
 2730
 2688
 2642
 2594
 2542
 2490
 2438
 2380
 2324
 2262
 2200
 2140
 2082
 2028
 1984
 1942
 1908
 1888
 1882
 1886
 1902
 1918
 1940
 1966
 1996
 2030
 2060
 2096
 2128
 2162
 2198
 2232
 2266
 2296
 2324
 2358
 2384
 2408
 2442
 2478
 2520
 2564
 2602
 2642
 2678
 2714
 2744
 2776
 2808
 2838
 2866
 2890
 2912
 2934
 2952
 2966
 2978
 2986
 2990
 2996
 3006
 3028
 3046
 3060
 3070
 3072
 3070
 3064
 3056
 3042
 3020
 2992
 2960
 2926
 2886
 2846
 2804
 2760
 2710
 2654
 2598
 2548
 2500
 2452
 2400
 2344
 2282
 2224
 2166
 2106
 2052
 1998
 1946
 1892
 1848
 1816
 1798
 1792
 1796
 1810
 1828
 1844
 1872
 1906
 1944
 1986
 2024
 2060
 2094
 2128
 2158
 2186
 2214
 2242
 2270
 2296
 2318
 2338
 2356
 2380
 2400
 2418
 2436
 2458
 2486
 2522
 2554
 2582
 2610
 2640
 2668
 2692
 2716
 2740
 2762
 2782
 2800
 2818
 2830
 2844
 2860
 2876
 2892
 2904
 2906
 2906
 2912
 2930
 2956
 2976
 2988
 2994
 2992
 2986
 2972
 2958
 2940
 2916
 2890
 2860
 2826
 2788
 2744
 2702
 2658
 2614
 2566
 2514
 2462
 2418
 2376
 2336
 2292
 2246
 2198
 2156
 2124
 2100
 2086
 2086
 2092
 2104
 2120
 2134
 2150
 2170
 2190
 2214
 2240
 2258
 2278
 2308
 2342
 2382
 2422
 2462
 2498
 2532
 2566
 2596
 2626
 2658
 2684
 2708
 2726
 2740
 2754
 2766
 2780
 2796
 2810
 2818
 2826
 2838
 2856
 2884
 2906
 2924
 2938
 2942
 2936
 2926
 2914
 2898
 2876
 2850
 2816
 2782
 2746
 2712
 2676
 2638
 2596
 2548
 2494
 2450
 2408
 2370
 2324
 2276
 2226
 2180
 2142
 2114
 2098
 2096
 2102
 2116
 2132
 2150
 2168
 2190
 2214
 2238
 2264
 2286
 2306
 2334
 2366
 2404
 2444
 2478
 2508
 2532
 2558
 2580
 2602
 2628
 2646
 2666
 2680
 2694
 2706
 2720
 2734
 2754
 2774
 2788
 2800
 2816
 2838
 2870
 2904
 2936
 2962
 2980
 2998
 3014
 3028
 3044
 3056
 3062
 3064
 3064
 3054
 3038
 3020
 3000
 2976
 2948
 2908
 2864
 2826
 2794
 2768
 2738
 2704
 2666
 2622
 2576
 2526
 2474
 2424
 2366
 2304
 2238
 2172
 2106
 2040
 1976
 1914
 1854
 1798
 1744
 1702
 1678
 1670
 1676
 1690
 1716
 1750
 1792
 1832
 1872
 1916
 1960
 1998
 2038
 2074
 2110
 2148
 2186
 2226
 2260
 2290
 2330
 2372
 2418
 2460
 2494
 2528
 2558
 2588
 2610
 2632
 2658
 2682
 2702
 2720
 2738
 2754
 2772
 2790
 2808
 2822
 2828
 2840
 2856
 2884
 2918
 2948
 2978
 3004
 3028
 3048
 3062
 3078
 3088
 3098
 3104
 3104
 3100
 3092
 3082
 3066
 3048
 3026
 2998
 2966
 2936
 2910
 2890
 2864
 2834
 2794
 2746
 2696
 2644
 2590
 2538
 2480
 2414
 2344
 2272
 2200
 2130
 2058
 1990
 1922
 1852
 1784
 1726
 1670
 1614
 1558
 1504
 1452
 1404
 1356
 1312
 1272
 1226
 1180
 1134
 1086
 1042
 994
 956
 918
 884
 852
 826
 802
 780
 764
 760
 760
 768
 780
 800
 822
 854
 882
 914
 946
 982
 1022
 1060
 1102
 1144
 1184
 1236
 1286
 1336
 1386
 1434
 1482
 1530
 1578
 1622
 1662
 1706
 1746
 1784
 1820
 1858
 1894
 1928
 1962
 1994
 2020
 2048
 2080
 2114
 2154
 2192
 2224
 2254
 2284
 2312
 2336
 2364
 2390
 2412
 2434
 2452
 2468
 2486
 2504
 2522
 2542
 2562
 2578
 2588
 2602
 2622
 2650
 2684
 2712
 2738
 2764
 2784
 2800
 2816
 2832
 2846
 2858
 2866
 2874
 2880
 2882
 2886
 2890
 2898
 2908
 2916
 2920
 2922
 2928
 2940
 2960
 2986
 3006
 3024
 3036
 3040
 3044
 3040
 3040
 3030
 3014
 2996
 2972
 2942
 2912
 2876
 2838
 2798
 2754
 2710
 2662
 2614
 2560
 2510
 2464
 2420
 2378
 2326
 2276
 2220
 2164
 2110
 2056
 2004
 1956
 1904
 1852
 1798
 1746
 1696
 1652
 1608
 1568
 1530
 1490
 1456
 1436
 1422
 1420
 1426
 1436
 1450
 1470
 1490
 1516
 1548
 1582
 1614
 1648
 1680
 1712
 1744
 1774
 1808
 1838
 1866
 1892
 1930
 1970
 2018
 2062
 2102
 2138
 2174
 2210
 2244
 2278
 2310
 2340
 2366
 2390
 2410
 2430
 2446
 2464
 2486
 2502
 2512
 2526
 2544
 2568
 2600
 2628
 2652
 2676
 2694
 2712
 2724
 2738
 2748
 2756
 2766
 2774
 2784
 2794
 2804
 2816
 2828
 2840
 2848
 2854
 2864
 2884
 2910
 2930
 2944
 2954
 2962
 2972
 2976
 2982
 2986
 2990
 2994
 2996
 2998
 2998
 2998
 3000
 3000
 2998
 2994
 2986
 2972
 2960
 2950
 2946
 2936
 2922
 2900
 2870
 2836
 2796
 2754
 2712
 2670
 2622
 2574
 2518
 2458
 2398
 2338
 2278
 2218
 2158
 2096
 2030
 1980
 1938
 1908
 1884
 1868
 1866
 1872
 1890
 1908
 1934
 1964
 1994
 2026
 2058
 2088
 2118
 2148
 2176
 2206
 2228
 2246
 2276
 2308
 2346
 2382
 2414
 2444
 2472
 2504
 2530
 2556
 2584
 2610
 2634
 2660
 2684
 2708
 2730
 2758
 2784
 2808
 2828
 2842
 2864
 2894
 2930
 2962
 2988
 3006
 3024
 3038
 3050
 3060
 3072
 3078
 3084
 3090
 3088
 3082
 3070
 3058
 3044
 3024
 2994
 2962
 2936
 2916
 2896
 2868
 2834
 2796
 2754
 2710
 2664
 2622
 2578
 2536
 2492
 2452
 2418
 2394
 2380
 2378
 2382
 2388
 2396
 2410
 2434
 2464
 2498
 2532
 2562
 2594
 2624
 2650
 2672
 2698
 2716
 2730
 2744
 2754
 2766
 2778
 2790
 2806
 2820
 2830
 2836
 2852
 2876
 2908
 2938
 2962
 2978
 2992
 3006
 3016
 3026
 3034
 3038
 3038
 3032
 3018
 2994
 2970
 2940
 2914
 2880
 2844
 2802
 2758
 2714
 2678
 2638
 2592
 2540
 2482
 2420
 2356
 2288
 2224
 2162
 2100
 2042
 1994
 1956
 1934
 1926
 1926
 1936
 1950
 1966
 1988
 2020
 2054
 2094
 2132
 2166
 2202
 2236
 2270
 2296
 2328
 2356
 2380
 2404
 2422
 2436
 2456
 2474
 2494
 2512
 2522
 2540
 2564
 2596
 2632
 2664
 2692
 2716
 2742
 2764
 2782
 2802
 2818
 2832
 2848
 2864
 2878
 2892
 2908
 2924
 2940
 2952
 2960
 2968
 2980
 3004
 3032
 3052
 3062
 3066
 3060
 3044
 3024
 3002
 2974
 2944
 2902
 2856
 2806
 2756
 2708
 2658
 2612
 2564
 2510
 2456
 2410
 2368
 2328
 2284
 2230
 2178
 2124
 2080
 2040
 2014
 1998
 1992
 1996
 2006
 2024
 2046
 2070
 2096
 2122
 2148
 2172
 2204
 2240
 2280
 2324
 2362
 2398
 2430
 2462
 2490
 2516
 2546
 2572
 2596
 2618
 2640
 2658
 2678
 2696
 2720
 2738
 2750
 2766
 2790
 2820
 2858
 2894
 2922
 2948
 2968
 2980
 2988
 3004
 3016
 3024
 3030
 3034
 3036
 3034
 3032
 3026
 3018
 3002
 2980
 2950
 2922
 2900
 2882
 2856
 2820
 2780
 2732
 2682
 2626
 2574
 2520
 2460
 2396
 2330
 2260
 2192
 2126
 2058
 1994
 1930
 1870
 1806
 1756
 1722
 1702
 1694
 1698
 1708
 1726
 1754
 1784
 1812
 1848
 1882
 1916
 1952
 1982
 2012
 2042
 2072
 2106
 2136
 2158
 2180
 2212
 2246
 2288
 2328
 2364
 2396
 2436
 2470
 2504
 2534
 2572
 2606
 2640
 2672
 2704
 2732
 2760
 2784
 2810
 2832
 2854
 2868
 2878
 2892
 2916
 2940
 2956
 2962
 2962
 2952
 2936
 2910
 2884
 2852
 2812
 2768
 2720
 2670
 2620
 2568
 2512
 2458
 2402
 2338
 2272
 2214
 2162
 2112
 2062
 2008
 1956
 1914
 1884
 1866
 1862
 1872
 1890
 1910
 1932
 1958
 1990
 2028
 2064
 2104
 2140
 2170
 2202
 2238
 2282
 2332
 2380
 2422
 2466
 2508
 2548
 2584
 2622
 2658
 2692
 2720
 2750
 2774
 2796
 2818
 2838
 2858
 2872
 2882
 2896
 2914
 2932
 2940
 2942
 2942
 2938
 2932
 2920
 2908
 2894
 2872
 2842
 2806
 2766
 2724
 2674
 2618
 2556
 2490
 2418
 2338
 2258
 2194
 2130
 2068
 2004
 1936
 1872
 1806
 1738
 1668
 1606
 1542
 1476
 1408
 1342
 1274
 1210
 1148
 1088
 1032
 976
 920
 876
 834
 792
 756
 720
 684
 648
 616
 584
 554
 528
 506
 496
 496
 510
 526
 550
 580
 606
 636
 680
 722
 766
 818
 882
 946
 1012
 1082
 1148
 1222
 1294
 1358
 1424
 1486
 1548
 1606
 1662
 1720
 1782
 1838
 1890
 1948
 2008
 2072
 2136
 2198
 2252
 2306
 2358
 2410
 2454
 2504
 2546
 2584
 2622
 2654
 2682
 2710
 2734
 2760
 2786
 2806
 2820
 2838
 2860
 2894
 2930
 2958
 2980
 2998
 3012
 3026
 3036
 3048
 3058
 3066
 3072
 3076
 3080
 3078
 3074
 3066
 3056
 3040
 3022
 3000
 2970
 2940
 2908
 2880
 2854
 2822
 2786
 2746
 2702
 2654
 2602
 2548
 2492
 2434
 2370
 2306
 2242
 2178
 2116
 2054
 1990
 1928
 1866
 1804
 1746
 1702
 1662
 1630
 1602
 1584
 1576
 1580
 1596
 1620
 1650
 1686
 1722
 1758
 1794
 1830
 1868
 1902
 1940
 1980
 2014
 2046
 2084
 2126
 2170
 2210
 2242
 2274
 2306
 2338
 2366
 2396
 2428
 2458
 2492
 2522
 2548
 2574
 2600
 2626
 2652
 2680
 2700
 2718
 2740
 2770
 2806
 2842
 2874
 2900
 2922
 2940
 2954
 2964
 2974
 2984
 2994
 3006
 3014
 3022
 3032
 3042
 3050
 3060
 3070
 3078
 3086
 3088
 3092
 3100
 3118
 3142
 3160
 3180
 3194
 3204
 3216
 3222
 3228
 3232
 3228
 3224
 3216
 3204
 3192
 3174
 3156
 3134
 3108
 3072
 3034
 2988
 2946
 2912
 2886
 2858
 2826
 2786
 2742
 2696
 2644
 2588
 2530
 2468
 2402
 2332
 2260
 2186
 2114
 2044
 1974
 1904
 1838
 1776
 1714
 1654
 1608
 1564
 1524
 1480
 1430
 1376
 1326
 1278
 1236
 1190
 1152
 1110
 1074
 1040
 1008
 980
 954
 936
 924
 908
 892
 882
 868
 858
 842
 820
 794
 768
 746
 718
 688
 650
 614
 580
 546
 510
 474
 436
 394
 342
 296
 254
 210
 170
 130
 84
 28
 0
 0
 0
 0
 0
 0
 0
 0
 0
 0
 0
 0
 0
 0
 0
 0
 0
 0
 0
 0
 0
 0
 0
 0
 0
 0
 0
 0
 0
 0
 0
 0
 0
 0
 0
 0
 0
 0
 0
 0
 0
 0
 0
 0
 0
 0
 0
 10
 74
 140
 200
 266
 328
 390
 456
 524
 596
 670
 742
 808
 870
 940
 1006
 1070
 1132
 1196
 1262
 1326
 1388
 1450
 1510
 1572
 1634
 1694
 1750
 1796
 1846
 1896
 1948
 2004
 2056
 2106
 2152
 2194
 2232
 2270
 2310
 2342
 2374
 2402
 2428
 2454
 2480
 2504
 2530
 2554
 2576
 2598
 2620
 2636
 2650
 2674
 2702
 2738
 2770
 2796
 2818
 2838
 2856
 2870
 2880
 2890
 2896
 2906
 2916
 2924
 2932
 2940
 2946
 2954
 2962
 2966
 2976
 2984
 2986
 2986
 2988
 2998
 3014
 3032
 3046
 3054
 3060
 3066
 3068
 3072
 3072
 3072
 3070
 3064
 3056
 3050
 3042
 3038
 3034
 3028
 3026
 3024
 3022
 3018
 3018
 3026
 3038
 3056
 3068
 3078
 3084
 3090
 3092
 3096
 3096
 3094
 3090
 3088
 3086
 3084
 3082
 3080
 3080
 3080
 3080
 3080
 3080
 3078
 3078
 3084
 3096
 3112
 3124
 3132
 3138
 3136
 3136
 3134
 3134
 3132
 3128
 3124
 3122
 3118
 3114
 3110
 3108
 3106
 3104
 3098
 3082
 3066
 3056
 3050
 3046
 3038
 3020
 2996
 2964
 2926
 2880
 2834
 2792
 2752
 2708
 2662
 2612
 2560
 2506
 2450
 2396
 2342
 2288
 2236
 2204
 2182
 2176
 2178
 2192
 2210
 2234
 2262
 2286
 2312
 2340
 2364
 2388
 2412
 2432
 2452
 2474
 2492
 2506
 2518
 2538
 2562
 2588
 2614
 2638
 2656
 2676
 2692
 2704
 2716
 2730
 2740
 2748
 2754
 2758
 2764
 2770
 2776
 2780
 2780
 2788
 2804
 2826
 2846
 2866
 2882
 2900
 2912
 2920
 2928
 2932
 2930
 2930
 2928
 2926
 2926
 2924
 2922
 2926
 2928
 2928
 2924
 2926
 2934
 2950
 2968
 2976
 2986
 2996
 3002
 3006
 3008
 3014
 3014
 3016
 3018
 3018
 3018
 3018
 3022
 3026
 3030
 3030
 3030
 3028
 3030
 3038
 3048
 3050
 3048
 3040
 3026
 3008
 2982
 2960
 2930
 2894
 2856
 2814
 2770
 2726
 2684
 2644
 2612
 2584
 2564
 2550
 2548
 2556
 2574
 2600
 2628
 2652
 2676
 2700
 2722
 2744
 2764
 2784
 2802
 2818
 2834
 2846
 2860
 2870
 2884
 2894
 2904
 2912
 2916
 2926
 2938
 2958
 2978
 2996
 3012
 3020
 3030
 3036
 3042
 3046
 3044
 3046
 3046
 3048
 3048
 3046
 3046
 3046
 3048
 3048
 3046
 3050
 3058
 3076
 3094
 3106
 3114
 3120
 3122
 3118
 3112
 3104
 3094
 3082
 3064
 3046
 3032
 3024
 3022
 3028
 3046
 3062
 3078
 3084
 3086
 3090
 3100
 3106
 3110
 3114
 3126
 3144
 3162
 3182
 3174
 3134
 3058
 2974
 2908
 2868
 2848
 2834
 2816
 2808
 2808
 2824
 2840
 2852
 2862
 2868
 2870
 2866
 2866
 2868
 2864
 2858
 2852
 2850
 2844
 2840
 2838
 2832
 2828
 2832
 2842
 2860
 2874
 2890
 2910
 2930
 2946
 2954
 2960
 2958
 2948
 2930
 2900
 2858
 2810
 2752
 2684
 2620
 2570
 2528
 2488
 2458
 2430
 2410
 2400
 2390
 2382
 2380
 2378
 2376
 2368
 2360
 2352
 2344
 2330
 2308
 2292
 2280
 2274
 2276
 2278
 2290
 2302
 2320
 2334
 2354
 2370
 2388
 2410
 2428
 2446
 2468
 2482
 2494
 2516
 2540
 2574
 2604
 2632
 2660
 2684
 2702
 2718
 2738
 2760
 2782
 2812
 2844
 2878
 2920
 2952
 2978
 3012
 3060
 3126
 3188
 3230
 3264
 3292
 3312
 3320
 3330
 3336
 3334
 3330
 3326
 3330
 3338
 3348
 3360
 3378
 3396
 3414
 3428
 3442
 3454
 3464
 3470
 3472
 3474
 3476
 3480
 3484
 3486
 3482
 3476
 3458
 3440
 3426
 3412
 3382
 3350
 3304
 3238
 3168
 3106
 3042
 2988
 2956
 2920
 2882
 2854
 2832
 2794
 2746
 2694
 2646
 2592
 2540
 2488
 2436
 2386
 2338
 2290
 2250
 2222
 2208
 2206
 2212
 2222
 2236
 2258
 2282
 2304
 2334
 2360
 2386
 2412
 2436
 2458
 2482
 2502
 2522
 2534
 2544
 2566
 2592
 2628
 2658
 2686
 2704
 2722
 2740
 2748
 2758
 2764
 2764
 2764
 2762
 2754
 2748
 2744
 2736
 2726
 2704
 2686
 2670
 2656
 2644
 2624
 2602
 2574
 2540
 2504
 2466
 2428
 2394
 2362
 2334
 2312
 2304
 2302
 2310
 2322
 2332
 2348
 2374
 2402
 2438
 2474
 2506
 2530
 2552
 2568
 2584
 2602
 2620
 2634
 2646
 2658
 2666
 2676
 2684
 2698
 2704
 2708
 2716
 2732
 2756
 2782
 2804
 2822
 2834
 2848
 2854
 2862
 2872
 2876
 2876
 2874
 2870
 2862
 2852
 2840
 2826
 2810
 2782
 2754
 2726
 2698
 2662
 2618
 2566
 2512
 2454
 2394
 2334
 2274
 2212
 2148
 2080
 2012
 1942
 1876
 1810
 1752
 1698
 1650
 1610
 1588
 1576
 1580
 1588
 1600
 1620
 1638
 1662
 1686
 1718
 1748
 1778
 1810
 1838
 1864
 1888
 1914
 1940
 1958
 1982
 2010
 2038
 2072
 2102
 2128
 2152
 2182
 2212
 2238
 2266
 2296
 2318
 2342
 2362
 2382
 2404
 2426
 2448
 2472
 2486
 2502
 2526
 2556
 2592
 2622
 2648
 2672
 2694
 2712
 2726
 2742
 2756
 2770
 2782
 2792
 2800
 2808
 2814
 2822
 2826
 2824
 2828
 2840
 2860
 2882
 2900
 2912
 2914
 2916
 2914
 2910
 2904
 2890
 2874
 2854
 2828
 2798
 2764
 2728
 2686
 2638
 2582
 2526
 2472
 2420
 2372
 2320
 2262
 2200
 2134
 2066
 1994
 1924
 1858
 1784
 1710
 1632
 1558
 1482
 1408
 1340
 1276
 1216
 1156
 1112
 1070
 1032
 1004
 978
 960
 950
 944
 948
 958
 970
 986
 1010
 1040
 1072
 1108
 1148
 1192
 1234
 1284
 1336
 1382
 1432
 1470
 1498
 1518
 1542
 1564
 1592
 1626
 1660
 1690
 1724
 1760
 1796
 1832
 1870
 1906
 1936
 1974
 2014
 2054
 2102
 2144
 2180
 2218
 2252
 2280
 2310
 2340
 2364
 2386
 2406
 2424
 2442
 2460
 2476
 2496
 2518
 2538
 2554
 2568
 2584
 2610
 2646
 2678
 2710
 2740
 2768
 2796
 2818
 2840
 2864
 2882
 2900
 2914
 2928
 2934
 2940
 2946
 2952
 2960
 2970
 2978
 2988
 2992
 2990
 2990
 2988
 2994
 2994
 2990
 2974
 2948
 2918
 2882
 2842
 2796
 2746
 2690
 2628
 2564
 2498
 2432
 2366
 2294
 2218
 2144
 2072
 1998
 1934
 1878
 1826
 1772
 1718
 1662
 1612
 1570
 1542
 1524
 1526
 1542
 1572
 1614
 1656
 1694
 1736
 1774
 1820
 1858
 1892
 1936
 1982
 2030
 2082
 2126
 2168
 2210
 2252
 2286
 2312
 2342
 2366
 2390
 2410
 2424
 2436
 2448
 2462
 2476
 2486
 2502
 2528
 2566
 2608
 2648
 2686
 2722
 2752
 2782
 2806
 2828
 2850
 2868
 2884
 2900
 2912
 2918
 2922
 2926
 2930
 2928
 2924
 2924
 2934
 2948
 2964
 2974
 2984
 2994
 3000
 3002
 3002
 3000
 2992
 2984
 2980
 2970
 2964
 2960
 2956
 2956
 2952
 2944
 2940
 2944
 2956
 2972
 2984
 2996
 3004
 3012
 3014
 3010
 3012
 3010
 3008
 3004
 2996
 2988
 2978
 2968
 2956
 2942
 2926
 2896
 2866
 2836
 2808
 2782
 2752
 2712
 2666
 2618
 2562
 2508
 2452
 2396
 2340
 2278
 2214
 2152
 2088
 2024
 1958
 1892
 1828
 1760
 1694
 1640
 1582
 1526
 1470
 1414
 1360
 1308
 1260
 1214
 1174
 1134
 1096
 1054
 1014
 978
 944
 916
 886
 854
 832
 814
 794
 774
 754
 734
 712
 682
 646
 600
 564
 526
 490
 454
 422
 398
 374
 352
 326
 306
 294
 278
 266
 254
 244
 238
 226
 212
 194
 184
 178
 176
 182
 198
 224
 256
 294
 334
 378
 424
 466
 516
 566
 614
 662
 712
 764
 808
 858
 910
 962
 1010
 1060
 1108
 1158
 1206
 1248
 1288
 1330
 1370
 1410
 1444
 1478
 1508
 1536
 1564
 1586
 1610
 1630
 1650
 1672
 1692
 1710
 1728
 1752
 1778
 1806
 1828
 1856
 1890
 1928
 1968
 2002
 2032
 2062
 2092
 2116
 2136
 2160
 2188
 2220
 2250
 2280
 2308
 2336
 2364
 2390
 2418
 2444
 2470
 2488
 2504
 2524
 2548
 2576
 2604
 2628
 2652
 2676
 2696
 2712
 2728
 2746
 2758
 2770
 2780
 2790
 2800
 2810
 2820
 2832
 2844
 2856
 2866
 2872
 2882
 2896
 2920
 2944
 2966
 2980
 2994
 3006
 3018
 3024
 3032
 3036
 3040
 3046
 3048
 3050
 3056
 3060
 3066
 3070
 3076
 3080
 3080
 3080
 3082
 3084
 3098
 3112
 3120
 3126
 3126
 3122
 3114
 3106
 3092
 3072
 3046
 3020
 2986
 2948
 2908
 2862
 2818
 2772
 2726
 2674
 2620
 2572
 2530
 2488
 2442
 2396
 2350
 2310
 2276
 2258
 2246
 2246
 2254
 2266
 2280
 2298
 2318
 2340
 2364
 2386
 2406
 2422
 2446
 2470
 2500
 2530
 2556
 2580
 2602
 2624
 2644
 2660
 2680
 2698
 2714
 2730
 2746
 2758
 2768
 2780
 2792
 2798
 2804
 2814
 2832
 2858
 2880
 2902
 2916
 2926
 2936
 2942
 2948
 2952
 2952
 2952
 2952
 2954
 2954
 2954
 2956
 2960
 2964
 2962
 2958
 2960
 2972
 2990
 3004
 3016
 3024
 3034
 3040
 3040
 3040
 3040
 3038
 3036
 3034
 3030
 3030
 3028
 3026
 3028
 3024
 3018
 3016
 3018
 3026
 3036
 3040
 3046
 3050
 3052
 3050
 3044
 3044
 3038
 3026
 3012
 2996
 2980
 2962
 2938
 2908
 2880
 2848
 2812
 2768
 2730
 2694
 2660
 2624
 2586
 2546
 2502
 2464
 2430
 2408
 2402
 2400
 2408
 2422
 2438
 2458
 2480
 2508
 2534
 2562
 2590
 2614
 2630
 2648
 2674
 2706
 2738
 2766
 2790
 2810
 2828
 2842
 2854
 2866
 2872
 2876
 2880
 2882
 2886
 2886
 2884
 2884
 2888
 2888
 2886
 2884
 2888
 2898
 2914
 2928
 2938
 2946
 2954
 2962
 2964
 2968
 2970
 2968
 2966
 2966
 2964
 2960
 2962
 2960
 2960
 2954
 2950
 2948
 2940
 2936
 2934
 2940
 2944
 2948
 2944
 2934
 2918
 2898
 2874
 2848
 2812
 2772
 2728
 2684
 2638
 2596
 2550
 2500
 2450
 2402
 2348
 2294
 2250
 2214
 2184
 2166
 2150
 2144
 2146
 2154
 2164
 2184
 2206
 2228
 2250
 2274
 2296
 2320
 2350
 2376
 2408
 2432
 2454
 2482
 2512
 2550
 2586
 2616
 2640
 2662
 2678
 2694
 2708
 2722
 2734
 2744
 2754
 2764
 2770
 2778
 2786
 2794
 2800
 2800
 2804
 2812
 2828
 2848
 2864
 2876
 2888
 2898
 2902
 2906
 2910
 2906
 2906
 2904
 2900
 2898
 2894
 2892
 2892
 2892
 2890
 2884
 2880
 2884
 2898
 2912
 2924
 2934
 2942
 2948
 2952
 2950
 2948
 2944
 2934
 2920
 2902
 2878
 2852
 2824
 2794
 2760
 2720
 2672
 2624
 2582
 2544
 2508
 2464
 2418
 2366
 2314
 2260
 2204
 2150
 2096
 2038
 1982
 1924
 1868
 1818
 1772
 1732
 1694
 1664
 1652
 1658
 1678
 1708
 1748
 1796
 1848
 1900
 1950
 1996
 2042
 2088
 2134
 2176
 2214
 2254
 2294
 2332
 2368
 2396
 2424
 2458
 2496
 2534
 2564
 2594
 2620
 2642
 2660
 2674
 2692
 2704
 2714
 2724
 2730
 2736
 2742
 2750
 2758
 2764
 2770
 2772
 2778
 2792
 2814
 2832
 2846
 2858
 2868
 2876
 2878
 2880
 2882
 2880
 2880
 2880
 2878
 2878
 2878
 2878
 2876
 2872
 2868
 2866
 2864
 2856
 2850
 2848
 2854
 2858
 2858
 2854
 2842
 2822
 2794
 2762
 2730
 2690
 2646
 2594
 2536
 2474
 2408
 2342
 2276
 2210
 2144
 2078
 2010
 1950
 1908
 1878
 1864
 1860
 1866
 1884
 1906
 1932
 1960
 1994
 2030
 2066
 2102
 2138
 2170
 2202
 2234
 2266
 2296
 2320
 2342
 2372
 2404
 2442
 2476
 2508
 2536
 2560
 2584
 2600
 2620
 2642
 2658
 2674
 2686
 2696
 2708
 2718
 2726
 2736
 2748
 2760
 2768
 2774
 2778
 2790
 2814
 2840
 2864
 2884
 2898
 2902
 2906
 2910
 2916
 2922
 2922
 2924
 2926
 2928
 2926
 2926
 2926
 2928
 2928
 2928
 2930
 2930
 2926
 2924
 2926
 2934
 2944
 2950
 2950
 2946
 2936
 2922
 2904
 2884
 2860
 2826
 2792
 2750
 2708
 2666
 2622
 2574
 2522
 2464
 2402
 2336
 2262
 2204
 2148
 2094
 2036
 1974
 1914
 1852
 1792
 1736
 1680
 1628
 1580
 1538
 1508
 1492
 1492
 1504
 1528
 1564
 1598
 1638
 1690
 1742
 1798
 1850
 1900
 1948
 1994
 2040
 2080
 2122
 2162
 2200
 2236
 2268
 2298
 2324
 2354
 2380
 2400
 2422
 2450
 2484
 2522
 2556
 2586
 2612
 2636
 2656
 2672
 2690
 2704
 2718
 2730
 2740
 2748
 2754
 2762
 2768
 2776
 2782
 2784
 2788
 2796
 2812
 2834
 2854
 2874
 2890
 2900
 2910
 2914
 2916
 2916
 2914
 2914
 2912
 2904
 2896
 2886
 2872
 2860
 2846
 2826
 2804
 2780
 2748
 2718
 2692
 2670
 2648
 2616
 2580
 2538
 2492
 2438
 2382
 2326
 2266
 2202
 2134
 2064
 1992
 1922
 1852
 1786
 1720
 1656
 1592
 1532
 1474
 1428
 1388
 1356
 1334
 1324
 1322
 1330
 1348
 1372
 1402
 1438
 1476
 1516
 1556
 1596
 1634
 1674
 1716
 1754
 1786
 1822
 1864
 1906
 1952
 1992
 2032
 2068
 2106
 2138
 2166
 2190
 2218
 2242
 2266
 2286
 2306
 2324
 2342
 2360
 2380
 2400
 2418
 2432
 2452
 2480
 2514
 2556
 2596
 2630
 2662
 2690
 2716
 2740
 2764
 2784
 2802
 2818
 2834
 2848
 2864
 2878
 2892
 2902
 2916
 2930
 2946
 2956
 2962
 2974
 2994
 3022
 3044
 3054
 3060
 3058
 3050
 3032
 3012
 2988
 2956
 2920
 2882
 2838
 2790
 2740
 2682
 2622
 2556
 2484
 2406
 2326
 2244
 2174
 2106
 2044
 1978
 1914
 1852
 1794
 1736
 1684
 1632
 1588
 1542
 1502
 1468
 1442
 1426
 1416
 1412
 1408
 1408
 1416
 1434
 1456
 1472
 1484
 1490
 1492
 1492
 1498
 1512
 1534
 1558
 1586
 1614
 1640
 1664
 1694
 1726
 1758
 1782
 1806
 1824
 1844
 1858
 1872
 1888
 1906
 1926
 1942
 1954
 1966
 1972
 1976
 1980
 1982
 1990
 1996
 1996
 1998
 2004
 2010
 2022
 2032
 2036
 2038
 2042
 2052
 2064
 2082
 2108
 2140
 2182
 2220
 2260
 2300
 2338
 2366
 2396
 2422
 2454
 2492
 2526
 2556
 2586
 2614
 2636
 2656
 2674
 2690
 2706
 2722
 2734
 2750
 2766
 2774
 2786
 2802
 2826
 2850
 2870
 2890
 2908
 2926
 2936
 2944
 2948
 2954
 2958
 2962
 2962
 2964
 2966
 2972
 2974
 2968
 2964
 2968
 2982
 2998
 3012
 3022
 3028
 3034
 3034
 3036
 3038
 3038
 3036
 3032
 3028
 3024
 3024
 3022
 3022
 3016
 3008
 2996
 2976
 2958
 2936
 2918
 2900
 2872
 2836
 2792
 2742
 2688
 2628
 2570
 2510
 2444
 2378
 2310
 2246
 2186
 2134
 2088
 2054
 2026
 2006
 2008
 2016
 2038
 2062
 2088
 2114
 2142
 2172
 2196
 2230
 2266
 2296
 2326
 2350
 2376
 2398
 2420
 2442
 2466
 2484
 2498
 2516
 2536
 2562
 2588
 2614
 2634
 2652
 2666
 2674
 2680
 2688
 2694
 2698
 2704
 2708
 2712
 2716
 2720
 2726
 2734
 2740
 2746
 2750
 2752
 2762
 2778
 2802
 2824
 2842
 2858
 2868
 2878
 2884
 2890
 2892
 2892
 2892
 2894
 2894
 2894
 2898
 2898
 2904
 2908
 2912
 2916
 2918
 2918
 2918
 2926
 2942
 2958
 2974
 2984
 2990
 2994
 2992
 2988
 2982
 2970
 2954
 2934
 2906
 2876
 2838
 2800
 2760
 2718
 2674
 2624
 2568
 2518
 2470
 2424
 2374
 2318
 2260
 2202
 2150
 2102
 2068
 2044
 2030
 2024
 2028
 2040
 2058
 2082
 2112
 2142
 2174
 2202
 2234
 2274
 2322
 2374
 2424
 2468
 2506
 2542
 2574
 2600
 2626
 2652
 2674
 2696
 2716
 2732
 2750
 2768
 2784
 2798
 2808
 2812
 2824
 2844
 2870
 2894
 2912
 2922
 2934
 2942
 2950
 2956
 2962
 2966
 2970
 2972
 2972
 2972
 2972
 2974
 2974
 2970
 2954
 2946
 2944
 2946
 2946
 2942
 2934
 2918
 2894
 2862
 2820
 2776
 2720
 2658
 2590
 2520
 2448
 2376
 2302
 2228
 2156
 2084
 2008
 1934
 1872
 1814
 1760
 1706
 1662
 1630
 1612
 1606
 1610
 1626
 1652
 1684
 1718
 1750
 1784
 1822
 1860
 1896
 1924
 1956
 1994
 2032
 2074
 2112
 2146
 2178
 2214
 2242
 2264
 2284
 2302
 2320
 2338
 2356
 2376
 2402
 2432
 2464
 2492
 2516
 2546
 2584
 2628
 2674
 2714
 2752
 2788
 2818
 2842
 2862
 2882
 2896
 2908
 2918
 2926
 2930
 2932
 2934
 2938
 2942
 2940
 2940
 2944
 2960
 2980
 2994
 3006
 3012
 3014
 3010
 3002
 2990
 2972
 2948
 2922
 2890
 2852
 2816
 2774
 2732
 2686
 2636
 2582
 2520
 2464
 2410
 2350
 2288
 2218
 2144
 2074
 2008
 1950
 1898
 1858
 1832
 1816
 1812
 1822
 1838
 1860
 1888
 1918
 1950
 1980
 2008
 2044
 2086
 2128
 2172
 2210
 2248
 2280
 2314
 2342
 2372
 2402
 2430
 2454
 2478
 2498
 2518
 2536
 2556
 2576
 2596
 2610
 2622
 2640
 2666
 2698
 2734
 2762
 2788
 2814
 2836
 2854
 2874
 2896
 2912
 2922
 2932
 2938
 2946
 2954
 2956
 2958
 2962
 2964
 2966
 2964
 2964
 2976
 2992
 3008
 3014
 3014
 3008
 3000
 2982
 2960
 2936
 2906
 2870
 2834
 2790
 2740
 2692
 2644
 2592
 2540
 2486
 2426
 2370
 2320
 2274
 2226
 2174
 2118
 2058
 2002
 1944
 1892
 1848
 1814
 1794
 1784
 1788
 1802
 1824
 1856
 1892
 1930
 1968
 2004
 2040
 2090
 2138
 2192
 2242
 2290
 2336
 2378
 2414
 2446
 2476
 2504
 2530
 2554
 2576
 2596
 2618
 2640
 2660
 2682
 2702
 2718
 2732
 2752
 2778
 2810
 2836
 2862
 2882
 2900
 2912
 2918
 2926
 2934
 2940
 2944
 2946
 2952
 2956
 2958
 2962
 2964
 2964
 2960
 2950
 2932
 2916
 2902
 2892
 2878
 2858
 2830
 2796
 2760
 2718
 2678
 2636
 2588
 2534
 2478
 2414
 2344
 2274
 2198
 2126
 2052
 1976
 1898
 1822
 1762
 1702
 1650
 1596
 1544
 1492
 1444
 1398
 1350
 1304
 1256
 1210
 1164
 1116
 1074
 1030
 994
 962
 932
 902
 882
 864
 852
 838
 828
 824
 828
 838
 848
 864
 884
 908
 938
 968
 1000
 1034
 1070
 1106
 1140
 1178
 1224
 1272
 1324
 1380
 1436
 1490
 1546
 1602
 1650
 1698
 1742
 1784
 1824
 1864
 1904
 1942
 1984
 2026
 2060
 2098
 2136
 2178
 2224
 2262
 2298
 2332
 2366
 2396
 2424
 2454
 2480
 2508
 2534
 2556
 2580
 2600
 2620
 2644
 2664
 2680
 2694
 2714
 2740
 2772
 2802
 2826
 2850
 2870
 2886
 2902
 2918
 2930
 2940
 2950
 2960
 2970
 2978
 2988
 3000
 3014
 3026
 3038
 3042
 3044
 3050
 3062
 3084
 3108
 3124
 3138
 3146
 3146
 3140
 3128
 3114
 3098
 3072
 3042
 3010
 2978
 2940
 2898
 2850
 2802
 2752
 2702
 2648
 2590
 2540
 2494
 2452
 2408
 2358
 2304
 2248
 2192
 2138
 2082
 2028
 1974
 1920
 1866
 1820
 1778
 1738
 1708
 1686
 1672
 1668
 1670
 1684
 1706
 1740
 1774
 1806
 1842
 1880
 1920
 1956
 1994
 2032
 2066
 2100
 2130
 2158
 2188
 2218
 2252
 2286
 2316
 2340
 2370
 2404
 2444
 2482
 2516
 2548
 2580
 2608
 2634
 2656
 2680
 2702
 2724
 2744
 2760
 2778
 2796
 2814
 2832
 2850
 2868
 2884
 2898
 2920
 2948
 2984
 3010
 3034
 3058
 3078
 3094
 3106
 3118
 3128
 3130
 3132
 3128
 3120
 3112
 3100
 3082
 3064
 3036
 2994
 2940
 2870
 2798
 2740
 2690
 2644
 2594
 2540
 2476
 2406
 2338
 2276
 2218
 2168
 2116
 2066
 2012
 1966
 1922
 1882
 1848
 1822
 1802
 1782
 1776
 1794
 1832
 1872
 1906
 1932
 1948
 1954
 1958
 1952
 1946
 1940
 1940
 1946
 1954
 1962
 1972
 1984
 1992
 1994
 1996
 2006
 2010
 2016
 2020
 2016
 2012
 2014
 2018
 2028
 2050
 2070
 2100
 2138
 2180
 2224
 2278
 2332
 2380
 2436
 2496
 2556
 2616
 2674
 2726
 2778
 2828
 2876
 2924
 2974
 3026
 3078
 3124
 3164
 3204
 3244
 3284
 3314
 3344
 3378
 3416
 3454
 3486
 3508
 3526
 3542
 3552
 3554
 3554
 3552
 3548
 3544
 3538
 3530
 3524
 3520
 3520
 3516
 3508
 3502
 3500
 3504
 3506
 3500
 3492
 3488
 3478
 3464
 3442
 3422
 3400
 3380
 3362
 3340
 3312
 3284
 3248
 3206
 3168
 3138
 3112
 3086
 3064
 3034
 3012
 3002
 3002
 3004
 3010
 3010
 3010
 3010
 3006
 3000
 2996
 2992
 2986
 2980
 2972
 2964
 2956
 2948
 2942
 2934
 2922
 2904
 2878
 2842
 2806
 2772
 2740
 2706
 2664
 2618
 2566
 2508
 2448
 2382
 2316
 2246
 2176
 2104
 2030
 1956
 1884
 1814
 1744
 1676
 1610
 1546
 1486
 1418
 1360
 1310
 1258
 1202
 1152
 1104
 1056
 1010
 968
 926
 890
 858
 828
 800
 778
 768
 770
 784
 806
 830
 860
 906
 954
 1000
 1052
 1104
 1158
 1212
 1264
 1312
 1358
 1404
 1448
 1490
 1528
 1568
 1610
 1652
 1694
 1732
 1766
 1806
 1848
 1892
 1932
 1970
 2012
 2050
 2086
 2118
 2150
 2184
 2216
 2244
 2272
 2296
 2318
 2340
 2362
 2382
 2402
 2418
 2430
 2448
 2466
 2490
 2512
 2530
 2544
 2556
 2568
 2578
 2588
 2602
 2614
 2622
 2632
 2640
 2646
 2654
 2660
 2668
 2676
 2684
 2694
 2702
 2706
 2716
 2732
 2752
 2774
 2792
 2808
 2822
 2830
 2836
 2842
 2848
 2852
 2854
 2856
 2854
 2856
 2854
 2854
 2852
 2854
 2854
 2858
 2858
 2852
 2852
 2858
 2870
 2884
 2892
 2896
 2900
 2902
 2904
 2902
 2904
 2900
 2900
 2896
 2890
 2882
 2874
 2870
 2868
 2866
 2864
 2864
 2862
 2860
 2866
 2880
 2894
 2906
 2918
 2924
 2926
 2928
 2928
 2928
 2926
 2920
 2916
 2910
 2906
 2904
 2900
 2898
 2900
 2900
 2898
 2892
 2886
 2886
 2890
 2896
 2894
 2890
 2880
 2862
 2840
 2814
 2784
 2752
 2716
 2676
 2634
 2590
 2540
 2486
 2430
 2372
 2316
 2258
 2194
 2134
 2082
 2028
 1974
 1920
 1864
 1810
 1760
 1710
 1662
 1618
 1576
 1538
 1508
 1482
 1468
 1466
 1472
 1484
 1500
 1522
 1556
 1594
 1632
 1672
 1710
 1748
 1786
 1826
 1860
 1898
 1936
 1972
 2006
 2036
 2066
 2098
 2132
 2164
 2192
 2218
 2250
 2284
 2322
 2360
 2390
 2420
 2450
 2474
 2496
 2516
 2536
 2552
 2566
 2580
 2590
 2602
 2614
 2626
 2638
 2648
 2652
 2660
 2668
 2688
 2710
 2732
 2750
 2766
 2780
 2792
 2802
 2812
 2824
 2830
 2838
 2846
 2852
 2858
 2866
 2872
 2878
 2884
 2890
 2900
 2900
 2898
 2902
 2912
 2932
 2952
 2962
 2974
