 3096
 3104
 3108
 3108
 3108
 3104
 3104
 3106
 3106
 3110
 3116
 3126
 3136
 3146
 3148
 3150
 3158
 3162
 3168
 3174
 3180
 3184
 3188
 3192
 3194
 3196
 3194
 3188
 3186
 3176
 3174
 3174
 3172
 3176
 3182
 3192
 3206
 3218
 3230
 3236
 3242
 3248
 3258
 3264
 3268
 3270
 3262
 3250
 3232
 3204
 3170
 3136
 3094
 3046
 3002
 2958
 2908
 2858
 2802
 2746
 2690
 2636
 2580
 2526
 2476
 2418
 2366
 2314
 2262
 2210
 2162
 2112
 2066
 2022
 1974
 1928
 1884
 1834
 1788
 1748
 1704
 1662
 1630
 1604
 1590
 1580
 1564
 1542
 1526
 1520
 1522
 1526
 1532
 1542
 1556
 1576
 1600
 1634
 1680
 1736
 1788
 1838
 1890
 1942
 1996
 2054
 2108
 2160
 2212
 2266
 2312
 2352
 2392
 2426
 2464
 2498
 2534
 2566
 2598
 2630
 2664
 2694
 2726
 2760
 2784
 2808
 2832
 2852
 2874
 2892
 2916
 2938
 2958
 2982
 2994
 3004
 3016
 3028
 3036
 3046
 3052
 3060
 3070
 3078
 3084
 3092
 3094
 3100
 3104
 3100
 3096
 3090
 3088
 3086
 3084
 3084
 3084
 3092
 3100
 3102
 3104
 3108
 3112
 3116
 3118
 3122
 3126
 3130
 3134
 3136
 3138
 3140
 3140
 3140
 3134
 3128
 3122
 3116
 3112
 3108
 3102
 3102
 3104
 3108
 3106
 3106
 3108
 3108
 3108
 3108
 3108
 3104
 3102
 3098
 3092
 3084
 3072
 3056
 3038
 3012
 2976
 2944
 2908
 2870
 2826
 2782
 2736
 2694
 2650
 2608
 2562
 2522
 2476
 2432
 2390
 2346
 2304
 2262
 2216
 2172
 2130
 2092
 2056
 2026
 1994
 1958
 1928
 1900
 1874
 1848
 1828
 1812
 1802
 1794
 1792
 1792
 1794
 1800
 1808
 1824
 1838
 1852
 1864
 1878
 1894
 1910
 1926
 1946
 1968
 1994
 2018
 2044
 2070
 2100
 2134
 2166
 2200
 2234
 2270
 2314
 2350
 2386
 2420
 2452
 2488
 2524
 2554
 2580
 2608
 2634
 2664
 2696
 2728
 2760
 2794
 2824
 2844
 2862
 2878
 2886
 2896
 2906
 2918
 2934
 2948
 2964
 2978
 2990
 3002
 3010
 3018
 3026
 3036
 3044
 3048
 3052
 3060
 3066
 3072
 3072
 3072
 3074
 3070
 3064
 3060
 3054
 3052
 3050
 3050
 3048
 3052
 3056
 3064
 3068
 3070
 3072
 3074
 3076
 3082
 3082
 3082
 3082
 3086
 3086
 3082
 3080
 3080
 3076
 3074
 3064
 3054
 3050
 3046
 3044
 3040
 3040
 3042
 3046
 3050
 3054
 3054
 3058
 3058
 3060
 3058
 3054
 3050
 3042
 3030
 3010
 2988
 2968
 2948
 2926
 2902
 2876
 2844
 2820
 2796
 2776
 2752
 2730
 2706
 2684
 2664
 2642
 2618
 2596
 2572
 2548
 2524
 2502
 2478
 2456
 2434
 2412
 2390
 2370
 2350
 2330
 2308
 2286
 2262
 2242
 2226
 2212
 2202
 2196
 2196
 2196
 2202
 2210
 2218
 2230
 2242
 2258
 2274
 2288
 2302
 2314
 2328
 2344
 2358
 2374
 2392
 2410
 2426
 2438
 2450
 2468
 2486
 2504
 2526
 2550
 2576
 2602
 2630
 2656
 2678
 2698
 2714
 2734
 2756
 2776
 2800
 2820
 2840
 2862
 2880
 2896
 2912
 2926
 2940
 2952
 2954
 2958
 2960
 2966
 2972
 2976
 2982
 2988
 2998
 3008
 3012
 3018
 3022
 3026
 3032
 3030
 3030
 3028
 3030
 3032
 3030
 3032
 3034
 3036
 3036
 3036
 3034
 3030
 3022
 3018
 3010
 3008
 3008
 3008
 3008
 3010
 3012
 3018
 3020
 3024
 3024
 3022
 3022
 3022
 3024
 3024
 3024
 3026
 3026
 3024
 3026
 3024
 3022
 3018
 3008
 2992
 2972
 2952
 2936
 2920
 2902
 2878
 2854
 2828
 2802
 2776
 2748
 2724
 2700
 2672
 2648
 2624
 2596
 2568
 2542
 2514
 2488
 2460
 2432
 2402
 2374
 2346
 2314
 2286
 2262
 2234
 2208
 2186
 2166
 2148
 2134
 2118
 2104
 2090
 2076
 2066
 2060
 2058
 2062
 2064
 2072
 2082
 2096
 2110
 2126
 2144
 2164
 2182
 2200
 2220
 2240
 2260
 2280
 2302
 2326
 2352
 2382
 2408
 2432
 2456
 2480
 2502
 2528
 2554
 2578
 2606
 2634
 2660
 2688
 2712
 2738
 2760
 2782
 2800
 2816
 2826
 2840
 2854
 2870
 2884
 2894
 2906
 2920
 2934
 2942
 2952
 2960
 2968
 2974
 2982
 2988
 2994
 2998
 3004
 3010
 3014
 3018
 3022
 3024
 3026
 3018
 3012
 3006
 3004
 3002
 2994
 2990
 2990
 2992
 2996
 3000
 3002
 3006
 3006
 3006
 3010
 3004
 2998
 2992
 2988
 2984
 2982
 2984
 2984
 2980
 2974
 2960
 2944
 2920
 2890
 2856
 2820
 2782
 2744
 2710
 2676
 2644
 2610
 2578
 2544
 2516
 2488
 2458
 2432
 2400
 2374
 2348
 2320
 2294
 2268
 2242
 2216
 2188
 2166
 2136
 2114
 2096
 2078
 2062
 2050
 2036
 2028
 2018
 2010
 2000
 1990
 1980
 1976
 1970
 1970
 1972
 1976
 1982
 1988
 1996
 2010
 2022
 2034
 2048
 2060
 2078
 2094
 2110
 2128
 2148
 2170
 2186
 2202
 2220
 2234
 2252
 2272
 2292
 2310
 2330
 2352
 2372
 2400
 2424
 2446
 2476
 2508
 2542
 2570
 2600
 2632
 2662
 2692
 2718
 2742
 2764
 2786
 2808
 2824
 2840
 2854
 2870
 2884
 2898
 2912
 2926
 2934
 2946
 2956
 2968
 2976
 2984
 2992
 3000
 3008
 3010
 3010
 3014
 3018
 3018
 3020
 3016
 3008
 3004
 3000
 2998
 2994
 2992
 2994
 2998
 3002
 3006
 3012
 3018
 3024
 3028
 3034
 3036
 3042
 3044
 3042
 3040
 3040
 3042
 3042
 3042
 3042
 3042
 3042
 3038
 3026
 3008
 2986
 2966
 2944
 2920
 2894
 2872
 2846
 2822
 2792
 2762
 2732
 2704
 2672
 2644
 2616
 2586
 2552
 2522
 2488
 2456
 2426
 2394
 2362
 2330
 2296
 2260
 2228
 2190
 2146
 2112
 2074
 2032
 1994
 1962
 1932
 1908
 1884
 1858
 1830
 1800
 1768
 1742
 1718
 1694
 1680
 1666
 1658
 1652
 1654
 1660
 1670
 1680
 1690
 1706
 1718
 1732
 1746
 1764
 1778
 1796
 1812
 1828
 1844
 1864
 1888
 1916
 1950
 1992
 2044
 2096
 2150
 2202
 2248
 2292
 2334
 2372
 2414
 2454
 2496
 2536
 2574
 2612
 2646
 2670
 2696
 2718
 2742
 2762
 2782
 2804
 2822
 2842
 2862
 2878
 2892
 2906
 2916
 2926
 2930
 2936
 2940
 2946
 2950
 2956
 2960
 2962
 2966
 2968
 2968
 2962
 2954
 2952
 2946
 2942
 2938
 2934
 2934
 2934
 2934
 2936
 2938
 2940
 2944
 2940
 2940
 2940
 2940
 2942
 2942
 2942
 2944
 2948
 2952
 2952
 2954
 2950
 2946
 2942
 2934
 2932
 2926
 2918
 2906
 2890
 2868
 2844
 2820
 2794
 2766
 2736
 2706
 2672
 2638
 2602
 2566
 2530
 2496
 2460
 2426
 2392
 2356
 2318
 2280
 2240
 2206
 2174
 2142
 2102
 2066
 2028
 1996
 1966
 1934
 1900
 1868
 1832
 1804
 1776
 1750
 1722
 1700
 1678
 1666
 1674
 1686
 1708
 1728
 1746
 1764
 1788
 1816
 1852
 1894
 1946
 2004
 2068
 2132
 2192
 2244
 2290
 2324
 2346
 2362
 2372
 2378
 2384
 2392
 2406
 2424
 2446
 2474
 2500
 2522
 2548
 2572
 2600
 2614
 2622
 2622
 2610
 2596
 2574
 2548
 2518
 2480
 2440
 2398
 2352
 2306
 2258
 2208
 2160
 2114
 2072
 2032
 1994
 1952
 1914
 1874
 1834
 1800
 1768
 1746
 1730
 1726
 1730
 1750
 1778
 1816
 1872
 1934
 2002
 2060
 2104
 2138
 2166
 2188
 2206
 2228
 2254
 2278
 2302
 2326
 2350
 2376
 2406
 2440
 2488
 2538
 2590
 2636
 2672
 2702
 2728
 2744
 2756
 2766
 2772
 2780
 2796
 2812
 2820
 2812
 2784
 2740
 2682
 2622
 2556
 2488
 2434
 2412
 2422
 2440
 2458
 2478
 2498
 2516
 2530
 2536
 2536
 2532
 2540
 2546
 2558
 2574
 2588
 2606
 2634
 2674
 2718
 2754
 2786
 2812
 2824
 2828
 2822
 2812
 2812
 2816
 2828
 2842
 2854
 2850
 2816
 2768
 2712
 2652
 2582
 2508
 2426
 2346
 2272
 2220
 2200
 2198
 2210
 2222
 2238
 2256
 2270
 2280
 2288
 2292
 2292
 2304
 2322
 2340
 2340
 2320
 2290
 2252
 2202
 2152
 2090
 2028
 1976
 1932
 1900
 1886
 1890
 1910
 1930
 1946
 1956
 1970
 1978
 1992
 2010
 2030
 2050
 2070
 2106
 2146
 2188
 2240
 2290
 2338
 2382
 2420
 2456
 2490
 2522
 2556
 2602
 2634
 2668
 2696
 2724
 2752
 2776
 2796
 2814
 2832
 2838
 2834
 2818
 2788
 2758
 2718
 2672
 2626
 2574
 2520
 2466
 2398
 2334
 2270
 2210
 2150
 2094
 2044
 1996
 1956
 1914
 1874
 1840
 1806
 1780
 1758
 1736
 1718
 1700
 1696
 1694
 1698
 1710
 1726
 1738
 1756
 1770
 1782
 1794
 1804
 1818
 1830
 1834
 1840
 1842
 1848
 1852
 1860
 1866
 1874
 1884
 1892
 1902
 1914
 1924
 1938
 1950
 1962
 1970
 1980
 1988
 1996
 2000
 2012
 2018
 2026
 2036
 2046
 2052
 2060
 2068
 2068
 2066
 2060
 2058
 2060
 2062
 2068
 2074
 2080
 2086
 2086
 2088
 2088
 2080
 2076
 2076
 2084
 2092
 2102
 2106
 2106
 2104
 2094
 2076
 2052
 2018
 1982
 1942
 1902
 1866
 1828
 1778
 1726
 1668
 1612
 1562
 1520
 1484
 1456
 1426
 1396
 1372
 1344
 1322
 1304
 1290
 1278
 1272
 1262
 1260
 1262
 1276
 1298
 1334
 1386
 1458
 1546
 1634
 1720
 1800
 1874
 1940
 1994
 2052
 2108
 2162
 2208
 2252
 2290
 2332
 2370
 2404
 2442
 2482
 2524
 2568
 2610
 2648
 2682
 2718
 2740
 2762
 2778
 2786
 2778
 2756
 2724
 2688
 2642
 2586
 2532
 2468
 2404
 2346
 2288
 2234
 2182
 2134
 2092
 2042
 2000
 1956
 1916
 1880
 1856
 1842
 1842
 1852
 1864
 1884
 1908
 1934
 1964
 1996
 2034
 2070
 2110
 2154
 2188
 2226
 2260
 2296
 2336
 2376
 2420
 2466
 2514
 2554
 2588
 2628
 2666
 2708
 2748
 2784
 2814
 2840
 2862
 2886
 2902
 2920
 2942
 2966
 2984
 3002
 3010
 3014
 3016
 3008
 2994
 2970
 2942
 2904
 2874
 2834
 2784
 2738
 2690
 2642
 2594
 2554
 2518
 2486
 2456
 2424
 2396
 2372
 2346
 2324
 2304
 2292
 2286
 2286
 2302
 2324
 2354
 2398
 2440
 2476
 2508
 2554
 2612
 2678
 2738
 2788
 2824
 2840
 2846
 2848
 2846
 2842
 2840
 2838
 2842
 2846
 2844
 2848
 2848
 2852
 2852
 2856
 2866
 2880
 2894
 2906
 2914
 2914
 2916
 2918
 2920
 2920
 2920
 2916
 2914
 2914
 2906
 2900
 2892
 2890
 2886
 2880
 2876
 2878
 2884
 2886
 2888
 2886
 2886
 2886
 2886
 2880
 2876
 2870
 2870
 2870
 2876
 2882
 2890
 2894
 2900
 2896
 2894
 2896
 2896
 2900
 2902
 2906
 2908
 2910
 2908
 2908
 2902
 2896
 2892
 2878
 2854
 2830
 2818
 2810
 2810
 2816
 2820
 2828
 2830
 2834
 2840
 2842
 2844
 2846
 2854
 2866
 2870
 2880
 2884
 2892
 2890
 2888
 2890
 2896
 2906
 2914
 2924
 2934
 2944
 2950
 2946
 2936
 2912
 2884
 2852
 2804
 2756
 2698
 2638
 2576
 2516
 2454
 2386
 2320
 2244
 2172
 2100
 2030
 1968
 1906
 1848
 1796
 1752
 1708
 1662
 1618
 1572
 1514
 1454
 1396
 1342
 1298
 1258
 1234
 1222
 1228
 1240
 1252
 1270
 1290
 1320
 1348
 1376
 1414
 1446
 1484
 1524
 1562
 1598
 1636
 1678
 1716
 1750
 1786
 1828
 1878
 1932
 1988
 2046
 2110
 2172
 2236
 2302
 2364
 2420
 2480
 2528
 2574
 2612
 2648
 2686
 2718
 2748
 2776
 2800
 2828
 2854
 2878
 2900
 2920
 2930
 2942
 2950
 2950
 2952
 2946
 2946
 2944
 2942
 2944
 2950
 2960
 2968
 2978
 2988
 2996
 3006
 3012
 3018
 3024
 3028
 3034
 3040
 3046
 3052
 3052
 3052
 3052
 3054
 3050
 3044
 3036
 3032
 3026
 3012
 2996
 2974
 2952
 2924
 2890
 2856
 2816
 2776
 2736
 2694
 2650
 2608
 2566
 2522
 2476
 2432
 2386
 2342
 2300
 2262
 2222
 2178
 2140
 2098
 2056
 2020
 1980
 1948
 1922
 1902
 1882
 1862
 1844
 1830
 1820
 1814
 1814
 1818
 1826
 1840
 1858
 1882
 1904
 1928
 1954
 1984
 2008
 2030
 2056
 2080
 2114
 2150
 2184
 2216
 2254
 2292
 2330
 2362
 2396
 2428
 2462
 2496
 2528
 2560
 2592
 2624
 2658
 2690
 2720
 2748
 2776
 2802
 2820
 2834
 2848
 2862
 2874
 2884
 2896
 2912
 2922
 2938
 2950
 2964
 2976
 2986
 2996
 3004
 3014
 3022
 3026
 3034
 3042
 3048
 3056
 3060
 3064
 3064
 3064
 3062
 3056
 3052
 3042
 3028
 3008
 2982
 2950
 2914
 2874
 2830
 2780
 2732
 2682
 2630
 2582
 2532
 2486
 2438
 2392
 2348
 2304
 2264
 2224
 2182
 2142
 2100
 2058
 2018
 1980
 1946
 1918
 1892
 1868
 1842
 1824
 1806
 1794
 1788
 1786
 1790
 1796
 1804
 1814
 1826
 1842
 1866
 1888
 1910
 1936
 1962
 1992
 2020
 2048
 2082
 2112
 2146
 2182
 2212
 2246
 2284
 2326
 2370
 2410
 2440
 2462
 2482
 2502
 2530
 2558
 2580
 2604
 2618
 2626
 2636
 2648
 2662
 2672
 2686
 2698
 2712
 2730
 2748
 2764
 2784
 2800
 2816
 2836
 2856
 2874
 2894
 2904
 2916
 2926
 2934
 2944
 2950
 2950
 2952
 2950
 2952
 2950
 2950
 2952
 2958
 2966
 2974
 2982
 2986
 2978
 2968
 2948
 2928
 2904
 2878
 2846
 2806
 2766
 2724
 2682
 2642
 2600
 2560
 2518
 2478
 2436
 2396
 2358
 2324
 2292
 2264
 2228
 2198
 2168
 2134
 2104
 2074
 2044
 2014
 1986
 1960
 1938
 1914
 1896
 1876
 1854
 1834
 1814
 1792
 1772
 1756
 1746
 1742
 1744
 1746
 1746
 1752
 1758
 1766
 1776
 1788
 1804
 1822
 1840
 1860
 1880
 1902
 1930
 1962
 1990
 2020
 2058
 2094
 2130
 2164
 2198
 2234
 2268
 2308
 2342
 2374
 2406
 2438
 2470
 2502
 2536
 2570
 2602
 2636
 2670
 2702
 2734
 2766
 2786
 2802
 2804
 2798
 2784
 2760
 2734
 2702
 2670
 2638
 2600
 2568
 2528
 2488
 2450
 2410
 2372
 2338
 2304
 2270
 2238
 2208
 2180
 2144
 2108
 2076
 2044
 2012
 1984
 1960
 1938
 1922
 1910
 1896
 1882
 1874
 1866
 1864
 1866
 1872
 1880
 1896
 1918
 1950
 1986
 2022
 2056
 2086
 2120
 2156
 2190
 2226
 2258
 2294
 2330
 2370
 2406
 2442
 2480
 2516
 2552
 2590
 2624
 2652
 2682
 2710
 2740
 2772
 2802
 2824
 2844
 2862
 2878
 2888
 2898
 2908
 2916
 2922
 2920
 2904
 2884
 2858
 2826
 2794
 2756
 2718
 2680
 2638
 2598
 2556
 2516
 2478
 2436
 2392
 2352
 2310
 2270
 2232
 2198
 2166
 2138
 2116
 2090
 2068
 2044
 2018
 1998
 1976
 1952
 1932
 1922
 1920
 1932
 1958
 1982
 2008
 2046
 2092
 2144
 2206
 2274
 2344
 2408
 2474
 2532
 2578
 2622
 2658
 2694
 2728
 2762
 2796
 2826
 2858
 2886
 2908
 2926
 2924
 2910
 2886
 2858
 2820
 2776
 2728
 2682
 2638
 2592
 2542
 2496
 2446
 2394
 2348
 2300
 2250
 2200
 2158
 2130
 2126
 2154
 2194
 2236
 2276
 2314
 2358
 2400
 2438
 2466
 2492
 2522
 2548
 2572
 2598
 2628
 2670
 2738
 2828
 2926
 3012
 3082
 3142
 3192
 3236
 3266
 3296
 3326
 3352
 3376
 3398
 3410
 3420
 3438
 3456
 3458
 3438
 3412
 3386
 3370
 3358
 3346
 3336
 3330
 3322
 3316
 3308
 3296
 3286
 3274
 3258
 3238
 3212
 3180
 3142
 3106
 3064
 3014
 2968
 2912
 2856
 2802
 2742
 2692
 2640
 2592
 2548
 2504
 2462
 2422
 2376
 2334
 2288
 2240
 2198
 2156
 2122
 2088
 2062
 2032
 2002
 1974
 1948
 1924
 1906
 1890
 1882
 1878
 1882
 1886
 1900
 1920
 1944
 1972
 2010
 2050
 2094
 2132
 2166
 2198
 2230
 2262
 2288
 2310
 2328
 2342
 2354
 2368
 2384
 2402
 2420
 2436
 2452
 2468
 2480
 2494
 2510
 2532
 2558
 2582
 2608
 2642
 2690
 2750
 2804
 2850
 2894
 2930
 2962
 2988
 3014
 3032
 3050
 3068
 3084
 3100
 3112
 3120
 3124
 3130
 3130
 3132
 3132
 3130
 3132
 3136
 3138
 3138
 3138
 3132
 3120
 3098
 3074
 3048
 3022
 2992
 2958
 2920
 2880
 2840
 2798
 2744
 2696
 2642
 2592
 2540
 2494
 2448
 2404
 2364
 2324
 2280
 2236
 2188
 2144
 2104
 2066
 2028
 1994
 1962
 1932
 1906
 1884
 1864
 1842
 1822
 1806
 1798
 1798
 1798
 1808
 1826
 1854
 1882
 1920
 1960
 2004
 2052
 2108
 2170
 2230
 2296
 2358
 2416
 2474
 2530
 2574
 2622
 2664
 2706
 2744
 2780
 2814
 2846
 2876
 2902
 2922
 2940
 2950
 2956
 2952
 2938
 2914
 2878
 2846
 2812
 2772
 2732
 2686
 2640
 2594
 2550
 2510
 2470
 2430
 2392
 2356
 2320
 2290
 2262
 2238
 2214
 2186
 2162
 2146
 2124
 2110
 2098
 2088
 2086
 2090
 2098
 2110
 2130
 2150
 2170
 2192
 2214
 2236
 2252
 2266
 2270
 2278
 2286
 2288
 2294
 2294
 2298
 2296
 2298
 2296
 2298
 2300
 2302
 2302
 2302
 2306
 2312
 2320
 2326
 2336
 2342
 2358
 2382
 2408
 2442
 2480
 2514
 2548
 2578
 2602
 2630
 2658
 2686
 2718
 2750
 2782
 2816
 2846
 2870
 2896
 2896
 2888
 2872
 2850
 2818
 2782
 2744
 2702
 2666
 2624
 2584
 2542
 2498
 2454
 2418
 2386
 2354
 2324
 2300
 2282
 2268
 2260
 2252
 2248
 2248
 2252
 2262
 2278
 2294
 2304
 2316
 2326
 2334
 2342
 2350
 2358
 2366
 2368
 2372
 2380
 2384
 2388
 2394
 2404
 2412
 2418
 2424
 2432
 2444
 2442
 2432
 2420
 2412
 2408
 2410
 2416
 2416
 2420
 2424
 2430
 2432
 2432
 2436
 2442
 2448
 2460
 2478
 2494
 2520
 2550
 2584
 2614
 2642
 2670
 2706
 2736
 2766
 2796
 2832
 2864
 2898
 2930
 2958
 2986
 3012
 3036
 3058
 3080
 3098
 3118
 3128
 3128
 3132
 3132
 3132
 3132
 3132
 3136
 3144
 3160
 3170
 3180
 3192
 3202
 3212
 3216
 3220
 3226
 3228
 3230
 3224
 3218
 3216
 3210
 3210
 3208
 3216
 3220
 3228
 3240
 3246
 3254
 3260
 3268
 3270
 3264
 3254
 3232
 3208
 3178
 3146
 3110
 3072
 3036
 3004
 2972
 2938
 2898
 2856
 2808
 2762
 2716
 2666
 2614
 2564
 2512
 2466
 2416
 2368
 2326
 2288
 2248
 2202
 2160
 2118
 2080
 2038
 1998
 1960
 1924
 1894
 1866
 1842
 1822
 1800
 1780
 1758
 1740
 1728
 1718
 1718
 1718
 1722
 1730
 1736
 1748
 1760
 1772
 1790
 1806
 1828
 1850
 1880
 1906
 1932
 1962
 1998
 2036
 2076
 2116
 2164
 2210
 2254
 2296
 2342
 2388
 2422
 2466
 2506
 2548
 2588
 2628
 2668
 2710
 2752
 2786
 2818
 2846
 2872
 2902
 2928
 2952
 2976
 2998
 3020
 3038
 3054
 3070
 3084
 3098
 3108
 3116
 3126
 3132
 3138
 3142
 3142
 3136
 3132
 3128
 3124
 3122
 3120
 3122
 3126
 3130
 3134
 3138
 3142
 3148
 3152
 3156
 3160
 3166
 3170
 3174
 3178
 3182
 3186
 3190
 3192
 3192
 3190
 3188
 3176
 3160
 3142
 3116
 3092
 3056
 3020
 2984
 2946
 2908
 2866
 2818
 2772
 2728
 2682
 2640
 2598
 2554
 2510
 2468
 2428
 2390
 2352
 2312
 2274
 2242
 2208
 2172
 2146
 2114
 2082
 2054
 2028
 2004
 1986
 1972
 1956
 1944
 1934
 1932
 1932
 1940
 1948
 1966
 1986
 2014
 2048
 2084
 2124
 2164
 2208
 2258
 2298
 2340
 2382
 2424
 2468
 2510
 2556
 2600
 2646
 2688
 2724
 2760
 2794
 2826
 2856
 2890
 2918
 2944
 2968
 2986
 3004
 3022
 3038
 3052
 3064
 3066
 3072
 3076
 3082
 3084
 3088
 3094
 3104
 3118
 3128
 3136
 3144
 3150
 3154
 3158
 3158
 3162
 3164
 3166
 3168
 3168
 3168
 3168
 3164
 3152
 3140
 3122
 3104
 3078
 3050
 3020
 2988
 2956
 2924
 2888
 2854
 2820
 2780
 2742
 2702
 2662
 2622
 2580
 2538
 2498
 2454
 2410
 2368
 2316
 2266
 2216
 2168
 2120
 2078
 2040
 2006
 1980
 1958
 1930
 1910
 1890
 1870
 1854
 1842
 1830
 1822
 1820
 1820
 1826
 1830
 1842
 1854
 1868
 1884
 1910
 1932
 1956
 1984
 2014
 2048
 2086
 2124
 2162
 2196
 2236
 2268
 2304
 2338
 2376
 2416
 2454
 2492
 2530
 2568
 2606
 2644
 2674
 2702
 2734
 2766
 2800
 2828
 2858
 2884
 2906
 2930
 2950
 2968
 2986
 3000
 3014
 3024
 3036
 3048
 3056
 3064
 3072
 3080
 3084
 3088
 3086
 3082
 3080
 3074
 3066
 3058
 3054
 3052
 3054
 3056
 3054
 3050
 3040
 3020
 2998
 2970
 2940
 2900
 2858
 2812
 2762
 2710
 2654
 2598
 2540
 2482
 2426
 2368
 2312
 2256
 2206
 2158
 2116
 2072
 2026
 1984
 1940
 1896
 1858
 1824
 1792
 1766
 1736
 1712
 1688
 1672
 1660
 1646
 1638
 1628
 1616
 1606
 1598
 1596
 1598
 1604
 1608
 1612
 1618
 1624
 1632
 1642
 1654
 1666
 1684
 1702
 1722
 1744
 1770
 1804
 1836
 1872
 1914
 1950
 1986
 2022
 2054
 2090
 2124
 2160
 2196
 2226
 2258
 2290
 2328
 2372
 2414
 2452
 2486
 2520
 2554
 2594
 2638
 2670
 2700
 2730
 2756
 2782
 2806
 2828
 2852
 2878
 2902
 2922
 2934
 2938
 2936
 2926
 2914
 2894
 2870
 2848
 2818
 2782
 2746
 2706
 2668
 2622
 2582
 2536
 2488
 2444
 2400
 2360
 2324
 2294
 2264
 2236
 2212
 2186
 2164
 2144
 2122
 2106
 2098
 2090
 2086
 2086
 2094
 2104
 2114
 2126
 2138
 2150
 2164
 2180
 2206
 2232
 2264
 2296
 2330
 2366
 2402
 2444
 2494
 2536
 2574
 2608
 2642
 2678
 2716
 2752
 2780
 2808
 2836
 2862
 2888
 2908
 2932
 2950
 2968
 2980
 2990
 2992
 2984
 2972
 2956
 2930
 2900
 2866
 2832
 2802
 2770
 2738
 2702
 2662
 2626
 2584
 2546
 2506
 2466
 2430
 2394
 2362
 2330
 2298
 2272
 2250
 2236
 2222
 2212
 2206
 2208
 2220
 2234
 2252
 2274
 2300
 2326
 2358
 2392
 2428
 2466
 2504
 2546
 2590
 2624
 2658
 2688
 2722
 2754
 2784
 2812
 2842
 2870
 2898
 2926
 2950
 2968
 2980
 2988
 2998
 3004
 2998
 2982
 2960
 2940
 2912
 2886
 2858
 2824
 2794
 2762
 2728
 2692
 2654
 2608
 2566
 2524
 2480
 2436
 2390
 2346
 2302
 2264
 2230
 2200
 2176
 2154
 2136
 2122
 2112
 2108
 2112
 2124
 2140
 2154
 2172
 2196
 2214
 2230
 2254
 2274
 2296
 2314
 2334
 2354
 2382
 2418
 2454
 2478
 2498
 2508
 2518
 2526
 2532
 2538
 2546
 2552
 2564
 2584
 2608
 2632
 2660
 2686
 2718
 2748
 2780
 2814
 2852
 2892
 2928
 2962
 2996
 3020
 3042
 3056
 3060
 3052
 3030
 2996
 2954
 2912
 2864
 2806
 2750
 2690
 2634
 2574
 2520
 2470
 2428
 2390
 2348
 2314
 2278
 2244
 2212
 2184
 2158
 2132
 2108
 2094
 2084
 2078
 2076
 2082
 2090
 2102
 2116
 2140
 2174
 2208
 2254
 2306
 2360
 2408
 2452
 2490
 2530
 2568
 2606
 2644
 2682
 2720
 2758
 2790
 2824
 2858
 2890
 2920
 2948
 2982
 3016
 3042
 3068
 3090
 3112
 3132
 3148
 3162
 3170
 3174
 3166
 3142
 3110
 3076
 3024
 2976
 2918
 2858
 2800
 2738
 2680
 2624
 2570
 2518
 2464
 2412
 2356
 2298
 2244
 2192
 2146
 2100
 2062
 2050
 2066
 2110
 2176
 2254
 2338
 2428
 2524
 2614
 2690
 2752
 2792
 2818
 2834
 2842
 2848
 2854
 2862
 2870
 2876
 2886
 2894
 2900
 2898
 2898
 2904
 2912
 2924
 2936
 2958
 2984
 3006
 3034
 3062
 3088
 3112
 3134
 3152
 3166
 3176
 3186
 3194
 3202
 3206
 3202
 3190
 3162
 3134
 3096
 3050
 3002
 2950
 2894
 2826
 2756
 2688
 2616
 2550
 2482
 2408
 2332
 2248
 2162
 2078
 1980
 1862
 1740
 1610
 1482
 1360
 1250
 1144
 1038
 920
 784
 668
 560
 458
 378
 296
 220
 136
 60
 0
 0
 0
 0
 0
 0
 0
 0
 0
 0
 0
 0
 0
 0
 0
 0
 0
 0
 0
 0
 0
 0
 0
 0
 0
 0
 0
 0
 0
 0
 0
 0
 0
 0
 0
 0
 0
 0
 0
 0
 0
 0
 0
 0
 0
 38
 136
 228
 324
 414
 500
 570
 622
 670
 724
 788
 858
 928
 996
 1068
 1140
 1210
 1280
 1354
 1420
 1486
 1558
 1622
 1688
 1750
 1812
 1872
 1934
 1986
 2034
 2082
 2126
 2166
 2206
 2242
 2280
 2318
 2352
 2384
 2418
 2454
 2476
 2500
 2522
 2544
 2564
 2584
 2600
 2624
 2646
 2668
 2690
 2710
 2724
 2740
 2752
 2762
 2772
 2782
 2792
 2806
 2822
 2834
 2836
 2846
 2848
 2858
 2864
 2868
 2880
 2894
 2914
 2930
 2942
 2950
 2954
 2958
 2966
 2972
 2976
 2976
 2976
 2970
 2960
 2942
 2906
 2874
 2846
 2812
 2774
 2728
 2678
 2624
 2576
 2522
 2464
 2410
 2352
 2300
 2254
 2212
 2172
 2136
 2096
 2058
 2030
 2016
 2010
 2012
 2024
 2032
 2044
 2056
 2070
 2088
 2112
 2136
 2158
 2178
 2198
 2222
 2246
 2266
 2286
 2300
 2310
 2318
 2324
 2332
 2342
 2352
 2360
 2378
 2398
 2418
 2440
 2462
 2486
 2512
 2540
 2564
 2586
 2610
 2632
 2654
 2676
 2702
 2724
 2746
 2770
 2792
 2816
 2834
 2856
 2870
 2878
 2892
 2902
 2912
 2920
 2922
 2928
 2938
 2950
 2960
 2970
 2976
 2982
 2990
 2996
 3002
 3006
 3010
 3016
 3022
 3020
 3020
 3020
 3020
 3016
 3008
 3002
 2996
 2994
 2994
 2994
 2998
 3004
 3012
 3020
 3024
 3028
 3036
 3042
 3046
 3050
 3050
 3054
 3054
 3056
 3058
 3056
 3056
 3056
 3052
 3042
 3036
 3028
 3026
 3024
 3018
 3014
 3012
 3016
 3018
 3020
 3022
 3022
 3024
 3028
 3028
 3028
 3030
 3032
 3032
 3032
 3032
 3028
 3028
 3022
 3010
 3004
 2994
 2988
 2984
 2978
 2976
 2978
 2980
 2984
 2980
 2978
 2976
 2976
 2976
 2978
 2978
 2978
 2978
 2980
 2980
 2980
 2982
 2980
 2980
 2978
 2972
 2962
 2956
 2948
 2942
 2938
 2936
 2938
 2940
 2944
 2948
 2950
 2952
 2956
 2960
 2960
 2962
 2966
 2966
 2962
 2958
 2956
 2956
 2956
 2952
 2950
 2946
 2936
 2932
 2924
 2920
 2916
 2914
 2914
 2916
 2918
 2922
 2924
 2928
 2930
 2930
 2930
 2930
 2930
 2928
 2926
 2924
 2922
 2922
 2916
 2912
 2906
 2904
 2898
 2886
 2882
 2878
 2874
 2874
 2872
 2872
 2874
 2878
 2882
 2884
 2886
 2886
 2888
 2890
 2890
 2888
 2888
 2888
 2890
 2884
 2878
 2876
 2874
 2872
 2868
 2860
 2852
 2848
 2842
 2842
 2840
 2842
 2842
 2846
 2852
 2856
 2860
 2864
 2868
 2872
 2874
 2878
 2882
 2882
 2878
 2876
 2872
 2870
 2868
 2866
 2862
 2856
 2850
 2842
 2838
 2838
 2836
 2836
 2836
 2838
 2844
 2846
 2850
 2854
 2860
 2864
 2866
 2870
 2870
 2874
 2878
 2878
 2880
 2882
 2878
 2872
 2866
 2852
 2836
 2818
 2800
 2780
 2760
 2734
 2704
 2676
 2646
 2612
 2578
 2544
 2506
 2468
 2432
 2396
 2360
 2324
 2288
 2252
 2218
 2186
 2150
 2116
 2084
 2052
 2016
 1986
 1956
 1922
 1894
 1868
 1850
 1830
 1818
 1804
 1792
 1784
 1776
 1772
 1772
 1780
 1792
 1804
 1816
 1832
 1850
 1868
 1886
 1912
 1934
 1956
 1980
 2004
 2028
 2058
 2088
 2122
 2158
 2196
 2232
 2272
 2310
 2346
 2382
 2416
 2452
 2488
 2520
 2552
 2580
 2610
 2636
 2660
 2684
 2702
 2714
 2726
 2736
 2746
 2752
 2760
 2772
 2780
 2796
 2808
 2820
 2832
 2842
 2848
 2856
 2860
 2864
 2868
 2870
 2872
 2878
 2882
 2884
 2886
 2884
 2874
 2864
 2858
 2854
 2848
 2848
 2850
 2854
 2858
 2858
 2852
 2842
 2822
 2804
 2780
 2756
 2728
 2698
 2666
 2632
 2598
 2562
 2526
 2492
 2446
 2408
 2368
 2328
 2286
 2246
 2206
 2164
 2126
 2088
 2046
 2010
 1970
 1932
 1894
 1858
 1824
 1790
 1758
 1728
 1698
 1674
 1656
 1640
 1626
 1616
 1608
 1600
 1598
 1600
 1604
 1618
 1632
 1650
 1664
 1682
 1700
 1716
 1738
 1768
 1802
 1844
 1880
 1922
 1960
 2000
 2044
 2086
 2122
 2162
 2202
 2252
 2302
 2352
 2396
 2442
 2492
 2534
 2570
 2604
 2632
 2658
 2682
 2706
 2728
 2748
 2764
 2770
 2768
 2758
 2738
 2716
 2688
 2656
 2620
 2582
 2546
 2510
 2476
 2442
 2398
 2356
 2312
 2266
 2224
 2182
 2136
 2090
 2048
 2010
 1972
 1940
 1912
 1884
 1852
 1826
 1798
 1772
 1750
 1732
 1724
 1724
 1732
 1744
 1762
 1784
 1814
 1846
 1888
 1924
 1962
 2000
 2036
 2076
 2118
 2164
 2206
 2248
 2284
 2326
 2366
 2402
 2440
 2474
 2512
 2550
 2578
 2608
 2630
 2654
 2680
 2708
 2734
 2760
 2782
 2800
 2810
 2812
 2798
 2772
 2742
 2704
 2664
 2620
 2574
 2530
 2484
 2442
 2396
 2354
 2312
 2260
 2214
 2168
 2124
 2084
 2044
 2006
 1970
 1942
 1916
 1886
 1872
 1868
 1874
 1886
 1902
 1924
 1952
 1984
 2018
 2050
 2086
 2122
 2158
 2192
 2230
 2268
 2300
 2332
 2362
 2398
 2432
 2458
 2484
 2506
 2528
 2546
 2564
 2586
 2608
 2634
 2654
 2668
 2682
 2694
 2706
 2720
 2730
 2740
 2754
 2764
 2766
 2758
 2744
 2716
 2686
 2652
 2612
 2570
 2522
 2464
 2408
 2352
 2300
 2246
 2194
 2140
 2082
 2030
 1974
 1912
 1852
 1796
 1746
 1706
 1684
 1680
 1702
 1750
 1818
 1892
 1970
 2046
 2120
 2186
 2246
 2294
 2328
 2358
 2382
 2408
 2430
 2452
 2472
 2494
 2516
 2536
 2558
 2576
 2588
 2604
 2624
 2646
 2664
 2686
 2708
 2736
 2778
 2816
 2850
 2882
 2910
 2936
 2958
 2982
 3010
 3034
 3056
 3072
 3086
 3088
 3076
 3042
 3000
 2956
 2910
 2858
 2806
 2754
 2700
 2648
 2594
 2540
 2484
 2430
 2382
 2336
 2290
 2248
 2206
 2172
 2148
 2126
 2106
 2098
 2094
 2096
 2100
 2104
 2110
 2120
 2134
 2144
 2154
 2162
 2170
 2176
 2182
 2186
 2188
 2192
 2194
 2194
 2202
 2208
 2210
 2216
 2220
 2228
 2232
 2238
 2246
 2254
 2266
 2270
 2272
 2278
 2280
 2286
 2292
 2300
 2306
 2310
 2312
 2314
 2310
 2308
 2300
 2298
 2302
 2310
 2324
 2342
 2378
 2418
 2464
 2512
 2552
 2594
 2632
 2672
 2714
 2758
 2798
 2832
 2866
 2902
 2934
 2952
 2968
 2966
 2958
 2940
 2912
 2874
 2832
 2788
 2738
 2690
 2640
 2590
 2540
 2486
 2430
 2376
 2320
 2266
 2220
 2168
 2114
 2064
 2012
 1964
 1918
 1878
 1844
 1818
 1798
 1780
 1766
 1752
 1742
 1734
 1730
 1730
 1734
 1738
 1746
 1760
 1770
 1784
 1796
 1808
 1820
 1830
 1852
 1878
 1912
 1954
 1994
 2034
 2074
 2116
 2168
 2230
 2298
 2364
 2428
 2490
 2546
 2596
 2646
 2690
 2720
 2754
 2790
 2830
 2868
 2904
 2938
 2970
 3004
 3028
 3052
 3070
 3078
 3080
 3072
 3056
 3034
 3000
 2962
 2918
 2876
 2834
 2784
 2730
 2680
 2628
 2574
 2520
 2474
 2428
 2388
 2352
 2312
 2274
 2236
 2198
 2158
 2120
 2080
 2044
 2008
 1976
 1946
 1920
 1902
 1886
 1880
 1882
 1886
 1896
 1914
 1936
 1962
 1992
 2024
 2048
 2074
 2100
 2126
 2154
 2186
 2220
 2258
 2298
 2342
 2380
 2422
 2462
 2494
 2526
 2562
 2598
 2632
 2668
 2704
 2740
 2774
 2812
 2842
 2870
 2892
 2912
 2928
 2938
 2950
 2964
 2978
 2994
 3008
 3022
 3040
 3058
 3064
 3076
 3084
 3094
 3102
 3112
 3124
 3136
 3154
 3170
 3182
 3194
 3204
 3214
 3224
 3230
 3236
 3244
 3250
 3260
 3264
 3270
 3274
 3272
 3272
 3266
 3260
 3252
 3236
 3218
 3190
 3162
 3132
 3100
 3072
 3036
 3002
 2964
 2928
 2886
 2842
 2798
 2754
 2710
 2670
 2630
 2588
 2544
 2502
 2458
 2412
 2364
 2318
 2276
 2236
 2200
 2162
 2122
 2080
 2036
 1994
 1954
 1914
 1878
 1842
 1816
 1796
 1780
 1772
 1762
 1756
 1756
 1754
 1758
 1766
 1778
 1798
 1822
 1846
 1868
 1892
 1910
 1934
 1956
 1980
 2008
 2036
 2064
 2092
 2122
 2156
 2192
 2230
 2258
 2292
 2328
 2366
 2402
 2440
 2476
 2514
 2554
 2590
 2620
 2652
 2682
 2708
 2734
 2760
 2786
 2812
 2840
 2868
 2892
 2916
 2936
 2944
 2956
 2966
 2976
 2984
 2992
 3002
 3014
 3032
 3050
 3062
 3074
 3086
 3096
 3104
 3114
 3120
 3128
 3132
 3136
 3140
 3142
 3146
 3148
 3144
 3140
 3134
 3132
 3130
 3128
 3126
 3128
 3134
 3144
 3144
 3144
 3148
 3150
 3152
 3156
 3160
 3162
 3164
 3166
 3168
 3170
 3170
 3168
 3160
 3140
 3120
 3098
 3078
 3056
 3026
 2998
 2968
 2938
 2912
 2878
 2848
 2814
 2782
 2748
 2710
 2678
 2638
 2596
 2556
 2518
 2480
 2440
 2398
 2362
 2328
 2292
 2256
 2218
 2180
 2142
 2108
 2074
 2044
 2014
 1994
 1974
 1962
 1954
 1954
 1960
 1958
 1966
 1970
 1978
 1990
 2004
 2020
 2044
 2068
 2094
 2114
 2140
 2162
 2186
 2218
 2244
 2270
 2300
 2322
 2344
 2366
 2390
 2416
 2442
 2472
 2502
 2538
 2566
 2596
 2624
 2650
 2676
 2702
 2726
 2754
 2780
 2798
 2816
 2828
 2846
 2860
 2872
 2886
 2902
 2916
 2926
 2940
 2952
 2962
 2972
 2980
 2990
 3000
 3008
 3016
 3024
 3032
 3040
 3048
 3056
 3058
 3054
 3052
 3048
 3044
 3038
 3036
 3036
 3038
 3040
 3044
 3044
 3052
 3056
 3062
 3066
 3070
 3074
 3080
 3084
 3088
 3090
 3094
 3100
 3102
 3102
 3102
 3104
 3098
 3090
 3082
 3076
 3070
 3066
 3056
 3048
 3038
 3026
 3008
 2990
 2966
 2942
 2918
 2890
 2856
 2820
 2782
 2746
 2712
 2676
 2642
 2612
 2578
 2544
 2514
 2480
 2440
 2408
 2374
 2336
 2302
 2262
 2226
 2190
 2158
 2124
 2094
 2060
 2026
 1994
 1964
 1936
 1914
 1894
 1878
 1870
 1866
 1864
 1868
 1874
 1884
 1900
 1912
 1928
 1954
 1976
 2000
 2022
 2044
 2068
 2096
 2126
 2154
 2178
 2210
 2240
 2270
 2300
 2328
 2360
 2390
 2420
 2450
 2478
 2508
 2534
 2560
 2584
 2612
 2632
 2656
 2682
 2708
 2730
 2752
 2774
 2796
 2818
 2842
 2862
 2880
 2898
 2912
 2926
 2936
 2944
 2956
 2966
 2972
 2976
 2978
 2972
 2962
 2948
 2926
 2896
 2870
 2840
 2806
 2766
 2722
 2680
 2638
 2594
 2552
 2502
 2458
 2410
 2364
 2320
 2274
 2226
 2182
 2138
 2098
 2062
 2024
 1990
 1960
 1930
 1910
 1890
 1876
 1868
 1868
 1872
 1882
 1896
 1914
 1932
 1952
 1970
 1992
 2014
 2044
 2070
 2092
 2114
 2134
 2156
 2176
 2200
 2216
 2232
 2246
 2260
 2276
 2290
 2304
 2322
 2340
 2358
 2372
 2382
 2394
 2402
 2410
 2418
 2428
 2438
 2448
 2462
 2474
 2488
 2510
 2528
 2542
 2560
 2580
 2600
 2622
 2638
 2654
 2666
 2682
 2690
 2694
 2700
 2700
 2702
 2704
 2704
 2708
 2708
 2712
 2716
 2716
 2718
 2718
 2714
 2712
 2710
 2714
 2716
 2716
 2718
 2722
 2732
 2736
 2736
 2738
 2740
 2742
 2744
 2748
 2752
 2754
 2754
 2750
 2748
 2740
 2730
 2722
 2720
 2724
 2732
 2738
 2750
 2764
 2784
 2808
 2828
 2850
 2872
 2892
 2912
 2926
 2938
 2940
 2928
 2916
 2892
 2856
 2814
 2756
 2696
 2636
 2572
 2512
 2454
 2400
 2344
 2290
 2242
 2192
 2144
 2100
 2058
 2024
 1994
 1968
 1946
 1926
 1914
 1914
 1922
 1938
 1962
 1996
 2036
 2084
 2134
 2180
 2232
 2280
 2326
 2372
 2416
 2460
 2504
 2546
 2590
 2634
 2666
 2698
 2728
 2760
 2786
 2814
 2842
 2872
 2904
 2936
 2964
 2994
 3020
 3040
 3050
 3056
 3048
 3034
 3016
 2986
 2956
 2914
 2862
 2814
 2750
 2688
 2624
 2562
 2502
 2444
 2390
 2336
 2282
 2232
 2176
 2128
 2082
 2036
 1996
 1960
 1928
 1902
 1878
 1850
 1832
 1814
 1802
 1798
 1808
 1830
 1866
 1910
 1958
 2004
 2050
 2092
 2134
 2180
 2226
 2272
 2316
 2368
 2422
 2474
 2516
 2558
 2594
 2632
 2672
 2712
 2754
 2800
 2846
 2888
 2926
 2960
 2990
 3018
 3048
 3078
 3108
 3122
 3128
 3128
 3118
 3098
 3066
 3032
 2988
 2946
 2904
 2856
 2810
 2756
 2700
 2642
 2586
 2530
 2474
 2418
 2366
 2318
 2272
 2226
 2182
 2140
 2102
 2060
 2020
 1986
 1952
 1920
 1890
 1868
 1854
 1852
 1866
 1884
 1914
 1954
 2006
 2062
 2120
 2178
 2232
 2284
 2336
 2392
 2442
 2486
 2536
 2584
 2636
 2682
 2730
 2780
 2834
 2882
 2924
 2964
 3002
 3022
 3032
 3026
 3008
 2982
 2950
 2906
 2860
 2800
 2734
 2674
 2616
 2564
 2510
 2460
 2410
 2362
 2318
 2270
 2230
 2190
 2154
 2126
 2104
 2092
 2090
 2096
 2116
 2140
 2166
 2196
 2228
 2264
 2304
 2344
 2386
 2430
 2476
 2520
 2560
 2600
 2638
 2674
 2714
 2754
 2794
 2836
 2876
 2916
 2956
 2972
 2974
 2954
 2928
 2890
 2842
 2792
 2740
 2692
 2644
 2590
 2540
 2486
 2430
 2380
 2328
 2280
 2234
 2190
 2154
 2118
 2082
 2050
 2020
 1994
 1972
 1956
 1946
 1946
 1952
 1968
 1986
 2010
 2032
 2060
 2094
 2128
 2168
 2210
 2250
 2296
 2346
 2390
 2434
 2480
 2528
 2574
 2622
 2672
 2720
 2764
 2806
 2840
 2876
 2910
 2936
 2948
 2944
 2922
 2892
 2854
 2808
 2762
 2708
 2660
 2604
 2552
 2494
 2440
 2388
 2342
 2304
 2262
 2218
 2176
 2130
 2090
 2052
 2012
 1974
 1936
 1900
 1872
 1846
 1816
 1792
 1768
 1752
 1738
 1726
 1724
 1726
 1734
 1744
 1756
 1770
 1780
 1798
 1820
 1848
 1882
 1920
 1968
 2026
 2076
 2122
 2166
 2204
 2246
 2284
 2326
 2374
 2422
 2474
 2514
 2552
 2590
 2624
 2662
 2706
 2754
 2794
 2834
 2872
 2912
 2934
 2952
 2966
 2976
 2978
 2962
 2934
 2904
 2866
 2822
 2772
 2708
 2640
 2568
 2500
 2430
 2360
 2290
 2222
 2160
 2104
 2044
 1990
 1936
 1886
 1840
 1798
 1764
 1738
 1724
 1712
 1704
 1702
 1704
 1714
 1730
 1748
 1770
 1796
 1828
 1868
 1900
 1936
 1966
 1996
 2032
 2070
 2114
 2158
 2206
 2256
 2300
 2340
 2378
 2416
 2454
 2494
 2532
 2568
 2598
 2630
 2660
 2682
 2702
 2716
 2734
 2752
 2766
 2786
 2808
 2836
 2858
 2880
 2902
 2918
 2936
 2952
 2964
 2980
 2994
 3004
 3010
 3020
 3022
 3024
 3020
 3016
 3012
 3012
 3012
 3014
 3024
 3034
 3044
 3058
 3062
 3060
 3054
 3044
 3028
 3008
 2982
 2954
 2920
 2886
 2840
 2794
 2744
 2694
 2646
 2594
 2548
 2506
 2468
 2428
 2386
 2348
 2304
 2264
 2224
 2184
 2146
 2108
 2070
 2032
 1994
 1958
 1918
 1884
 1846
 1812
 1780
 1754
 1736
 1724
 1724
 1724
 1726
 1730
 1738
 1756
 1776
 1796
 1822
 1848
 1874
 1900
 1932
 1964
 1990
 2018
 2046
 2074
 2102
 2138
 2180
 2224
 2274
 2314
 2352
 2390
 2422
 2460
 2496
 2532
 2570
 2606
 2642
 2674
 2706
 2742
 2770
 2796
 2816
 2842
 2866
 2890
 2918
 2946
 2976
 2998
 3016
 3040
 3056
 3076
 3092
 3108
 3124
 3136
 3148
 3158
 3166
 3174
 3178
 3176
 3172
 3166
 3164
 3162
 3160
 3158
 3150
 3142
 3124
 3102
 3072
 3040
 3006
 2968
 2928
 2886
 2840
 2798
 2754
 2708
 2666
 2618
 2572
 2530
 2484
 2442
 2400
 2358
 2318
 2284
 2252
 2216
 2178
 2140
 2106
 2072
 2040
 2006
 1976
 1946
 1918
 1890
 1876
 1864
 1856
 1860
 1866
 1874
 1888
 1906
 1926
 1952
 1986
 2016
 2046
 2076
 2106
 2136
 2166
 2198
 2232
 2266
 2300
 2334
 2372
 2414
 2446
 2478
 2518
 2558
 2600
 2644
 2688
 2732
 2776
 2818
 2854
 2886
 2916
 2946
 2974
 3002
 3030
 3058
 3088
 3114
 3140
 3168
 3194
 3208
 3220
 3228
 3238
 3244
 3256
 3268
 3284
 3304
 3324
 3340
 3352
 3362
 3374
 3384
 3392
 3398
 3404
 3410
 3414
 3420
 3420
 3420
 3410
 3402
 3392
 3372
 3346
 3318
 3292
 3264
 3236
 3206
 3168
 3132
 3096
 3056
 3018
 2978
 2934
 2894
 2852
 2808
 2768
 2728
 2688
 2638
 2596
 2554
 2508
 2466
 2422
 2382
 2340
 2306
 2268
 2232
 2196
 2158
 2122
 2088
 2054
 2022
 1990
 1962
 1936
 1912
 1898
 1888
 1876
 1876
 1876
 1876
 1878
 1884
 1894
 1904
 1922
 1940
 1954
 1974
 1990
 2008
 2030
 2054
 2078
 2112
 2146
 2180
 2214
 2254
 2296
 2332
 2366
 2404
 2444
 2490
 2532
 2576
 2618
 2662
 2710
 2748
 2786
 2820
 2850
 2878
 2904
 2932
 2956
 2982
 3002
 3024
 3042
 3062
 3080
 3088
 3098
 3104
 3112
 3122
 3124
 3132
 3144
 3158
 3170
 3174
 3178
 3182
 3188
 3194
 3200
 3202
 3206
 3202
 3188
 3166
 3134
 3100
 3060
 3016
 2970
 2918
 2868
 2814
 2762
 2712
 2662
 2616
 2566
 2520
 2474
 2426
 2378
 2332
 2286
 2242
 2198
 2156
 2114
 2074
 2040
 2002
 1964
 1928
 1894
 1860
 1830
 1802
 1776
 1756
 1742
 1728
 1720
 1710
 1704
 1704
 1702
 1704
 1714
 1722
 1734
 1748
 1760
 1780
 1798
 1818
 1842
 1862
 1880
 1902
 1926
 1954
 1988
 2024
 2058
 2090
 2124
 2152
 2176
 2202
 2232
 2260
 2292
 2328
 2362
 2398
 2436
 2476
 2514
 2540
 2570
 2600
 2632
 2664
 2698
 2730
 2764
 2798
 2832
 2860
 2888
 2908
 2930
 2954
 2976
 2992
 3012
 3026
 3034
 3036
 3020
 2996
 2966
 2924
 2880
 2830
 2776
 2724
 2670
 2620
 2568
 2522
 2476
 2424
 2378
 2328
 2276
 2232
 2180
 2132
 2086
 2044
 1994
 1956
 1920
 1892
 1868
 1850
 1836
 1832
 1828
 1832
 1838
 1848
 1864
 1878
 1896
 1916
 1934
 1950
 1974
 1998
 2020
 2040
 2060
 2080
 2096
 2106
 2116
 2120
 2116
 2120
 2122
 2126
 2130
 2136
 2146
 2156
 2168
 2178
 2184
 2190
 2194
 2198
 2204
 2210
 2214
 2220
 2224
 2224
 2218
 2216
 2208
 2202
 2200
 2202
 2208
 2212
 2218
 2224
 2230
 2236
 2238
 2240
 2238
 2242
 2252
 2266
 2284
 2306
 2328
 2356
 2390
 2416
 2440
 2470
 2496
 2524
 2554
 2590
 2630
 2676
 2720
 2756
 2790
 2824
 2848
 2864
 2864
 2850
 2826
 2796
 2750
 2700
 2630
 2562
 2488
 2414
 2338
 2270
 2208
 2150
 2102
 2054
 2010
 1962
 1910
 1866
 1818
 1772
 1728
 1696
 1660
 1632
 1612
 1598
 1602
 1614
 1638
 1672
 1710
 1748
 1792
 1830
 1874
 1928
 1984
 2036
 2082
 2130
 2182
 2236
 2296
 2358
 2404
 2452
 2502
 2550
 2598
 2648
 2700
 2756
 2812
 2866
 2914
 2954
 2992
 3024
 3050
 3062
 3054
 3032
 2998
 2958
 2912
 2852
 2794
 2726
 2660
 2594
 2530
 2468
 2414
 2360
 2302
 2246
 2192
 2138
 2090
 2038
 1992
 1948
 1908
 1870
 1834
 1802
 1774
 1748
 1730
 1720
 1728
 1742
 1762
 1794
 1826
 1860
 1900
 1934
 1970
 2006
 2042
 2078
 2112
 2144
 2182
 2222
 2262
 2304
 2346
 2390
 2432
 2478
 2528
 2578
 2628
 2674
 2722
 2766
 2802
 2844
 2882
 2908
 2918
 2916
 2900
 2868
 2826
 2780
 2726
 2668
 2608
 2546
 2488
 2430
 2378
 2326
 2276
 2230
 2180
 2134
 2090
 2046
 2004
 1964
 1930
 1910
 1884
 1860
 1854
 1856
 1868
 1890
 1916
 1954
 1994
 2042
 2086
 2132
 2174
 2216
 2268
 2320
 2370
 2420
 2470
 2516
 2566
 2612
 2648
 2688
 2718
 2752
 2784
 2818
 2856
 2902
 2944
 2982
 3018
 3050
 3070
 3090
 3104
 3108
 3096
 3070
 3038
 3000
 2958
 2904
 2850
 2784
 2720
 2652
 2582
 2518
 2456
 2398
 2342
 2290
 2240
 2188
 2136
 2084
 2038
 1994
 1952
 1916
 1886
 1858
 1836
 1818
 1800
 1796
 1804
 1826
 1856
 1890
 1932
 1970
 2018
 2062
 2106
 2152
 2200
 2250
 2300
 2348
 2394
 2442
 2486
 2524
 2564
 2600
 2632
 2660
 2690
 2728
 2758
 2794
 2828
 2862
 2894
 2926
 2958
 2988
 3016
 3046
 3070
 3082
 3084
 3066
 3044
 3006
 2962
 2908
 2848
 2792
 2736
 2682
 2630
 2574
 2524
 2466
 2410
 2358
 2304
 2252
 2200
 2152
 2112
 2074
 2028
 1996
 1958
 1924
 1892
 1866
 1858
 1866
 1884
 1910
 1936
 1966
 1994
 2034
 2072
 2102
 2146
 2190
 2248
 2306
 2364
 2418
 2466
 2512
 2548
 2594
 2640
 2676
 2724
 2764
 2804
 2848
 2890
 2932
 2966
 3000
 3034
 3068
 3092
 3116
 3142
 3164
 3190
 3212
 3234
 3252
 3264
 3266
 3252
 3218
 3180
 3118
 3056
 2994
 2934
 2874
 2822
 2772
 2724
 2676
 2628
 2580
 2536
 2486
 2444
 2400
 2356
 2310
 2266
 2222
 2174
 2138
 2100
 2068
 2038
 2018
 2006
 2006
 2020
 2040
 2060
 2084
 2106
 2130
 2154
 2180
 2210
 2232
 2256
 2278
 2300
 2320
 2344
 2372
 2406
 2444
 2482
 2516
 2550
 2580
 2612
 2642
 2672
 2702
 2738
 2766
 2792
 2818
 2848
 2876
 2906
 2936
 2974
 3016
 3052
 3082
 3108
 3132
 3152
 3174
 3188
 3206
 3226
 3238
 3246
 3250
 3252
 3250
 3238
 3220
 3196
 3170
 3140
 3100
 3056
 3010
 2964
 2914
 2850
 2796
 2736
 2684
 2632
 2586
 2546
 2504
 2456
 2412
 2362
 2318
 2276
 2232
 2190
 2148
 2110
 2074
 2048
 2012
 1982
 1958
 1934
 1920
 1916
 1918
 1932
 1954
 1980
 2008
 2038
 2066
 2096
 2126
 2158
 2188
 2216
 2254
 2292
 2320
 2354
 2384
 2422
 2460
 2500
 2544
 2584
 2632
 2668
 2708
 2746
 2782
 2818
 2852
 2888
 2916
 2950
 2980
 2998
 3016
 3026
 3040
 3048
 3060
 3076
 3094
 3112
 3130
 3148
 3164
 3174
 3184
 3196
 3204
 3208
 3206
 3200
 3196
 3190
 3188
 3184
 3186
 3192
 3198
 3204
 3198
 3198
 3196
 3198
 3196
 3188
 3178
 3162
 3138
 3110
 3068
 3026
 2978
 2928
 2874
 2820
 2762
 2708
 2654
 2594
 2538
 2478
 2414
 2356
 2294
 2234
 2172
 2112
 2054
 1994
 1936
 1880
 1832
 1784
 1736
 1696
 1658
 1616
 1574
 1538
 1500
 1462
 1434
 1406
 1382
 1374
 1368
 1358
 1348
 1330
 1318
 1310
 1304
 1308
 1312
 1320
 1332
 1344
 1360
 1382
 1414
 1450
 1500
 1550
 1600
 1654
 1708
 1762
 1818
 1872
 1932
 1988
 2044
 2096
 2140
 2184
 2230
 2276
 2320
 2366
 2408
 2450
 2492
 2532
 2572
 2612
 2648
 2692
 2714
 2734
 2758
 2780
 2800
 2824
 2848
 2876
 2904
 2928
 2948
 2964
 2980
 2992
 3006
 3018
 3028
 3038
 3048
 3054
 3064
 3072
 3080
 3086
 3090
 3094
 3094
 3084
 3080
 3074
 3074
 3072
 3072
 3074
 3080
 3088
 3094
 3098
 3104
 3108
 3112
 3112
 3102
 3090
 3074
 3056
 3034
 3012
 2986
 2956
 2924
 2886
 2852
 2818
 2782
 2744
 2704
 2666
 2630
 2596
 2560
 2524
 2492
 2458
 2424
 2390
 2356
 2320
 2284
 2248
 2212
 2178
 2142
 2108
 2074
 2036
 2000
 1970
 1936
 1900
 1872
 1848
 1828
 1816
 1808
 1796
 1788
 1780
 1772
 1768
 1766
 1764
 1766
 1770
 1778
 1790
 1802
 1826
 1852
 1870
 1892
 1916
 1938
 1962
 1990
 2024
 2060
 2106
 2154
 2196
 2238
 2280
 2324
 2370
 2416
 2460
 2502
 2544
 2586
 2628
 2670
 2710
 2750
 2780
 2802
 2826
 2850
 2876
 2904
 2932
 2960
 2990
 3016
 3038
 3058
 3076
 3090
 3104
 3116
 3128
 3140
 3148
 3152
 3156
 3164
 3168
 3176
 3178
 3178
 3174
 3170
 3164
 3164
 3162
 3164
 3170
 3176
 3184
 3192
 3198
 3208
 3214
 3216
 3220
 3226
 3228
 3234
 3234
 3234
 3234
 3232
 3224
 3210
 3192
 3168
 3132
 3094
 3050
 3008
 2968
 2924
 2878
 2832
 2788
 2744
 2698
 2654
 2606
 2560
 2514
 2472
 2428
 2388
 2346
 2308
 2272
 2238
 2204
 2172
 2144
 2114
 2082
 2058
 2036
 2012
 1994
 1978
 1964
 1954
 1950
 1946
 1944
 1944
 1946
 1950
 1956
 1960
 1966
 1974
 1984
 1996
 2010
 2028
 2048
 2066
 2088
 2112
 2134
 2162
 2196
 2238
 2282
 2330
 2384
 2434
 2484
 2532
 2574
 2616
 2654
 2688
 2726
 2764
 2800
 2832
 2860
 2888
 2914
 2936
 2958
 2978
 2998
 3014
 3026
 3038
 3040
 3040
 3034
 3028
 3026
 3028
 3032
 3034
 3042
 3052
 3060
 3070
 3074
 3080
 3084
 3090
 3096
 3100
 3102
 3108
 3112
 3114
 3118
 3120
 3122
 3126
 3126
 3124
 3114
 3108
 3102
 3100
 3096
 3092
 3088
 3078
 3064
 3044
 3014
 2988
 2958
 2926
 2892
 2856
 2816
 2774
 2728
 2684
 2642
 2600
 2560
 2518
 2476
 2430
 2382
 2334
 2294
 2254
 2212
 2174
 2144
 2114
 2086
 2066
 2044
 2026
 2010
 1990
 1974
 1962
 1954
 1954
 1956
 1964
 1976
 1986
 2000
 2020
 2040
 2058
 2076
 2096
 2124
 2150
 2180
 2210
 2242
 2274
 2310
 2344
 2376
 2406
 2438
 2468
 2498
 2530
 2558
 2586
 2620
 2646
 2668
 2694
 2726
 2758
 2788
 2818
 2850
 2880
 2914
 2940
 2964
 2990
 3002
 3016
 3028
 3044
 3058
 3068
 3078
 3088
 3098
 3108
 3116
 3122
 3132
 3140
 3146
 3146
 3144
 3140
 3130
 3126
 3114
 3102
 3086
 3068
 3042
 3014
 2984
 2952
 2918
 2882
 2840
 2800
 2758
 2714
 2670
 2626
 2582
 2538
 2492
 2448
 2402
 2358
 2314
 2266
 2230
 2190
 2152
 2116
 2078
 2048
 2016
 1992
 1964
 1934
 1910
 1882
 1860
 1842
 1828
 1818
 1810
 1806
 1808
 1812
 1824
 1842
 1856
 1874
 1894
 1918
 1940
 1970
 1998
 2036
 2074
 2116
 2154
 2192
 2228
 2260
 2292
 2330
 2370
 2410
 2452
 2494
 2542
 2584
 2612
 2644
 2672
 2708
 2738
 2766
 2796
 2826
 2854
 2882
 2904
 2926
 2946
 2962
 2980
 2994
 3006
 3012
 3014
 3010
 3000
 2980
 2950
 2916
 2878
 2840
 2798
 2754
 2716
 2678
 2642
 2596
 2550
 2512
 2468
 2422
 2378
 2332
 2290
 2244
 2200
 2160
 2122
 2088
 2048
 2010
 1972
 1936
 1900
 1874
 1858
 1854
 1858
 1870
 1886
 1904
 1926
 1944
 1964
 1984
 2008
 2028
 2054
 2082
 2110
 2138
 2162
 2190
 2218
 2242
 2258
 2280
 2308
 2340
 2368
 2386
 2402
 2416
 2426
 2438
 2456
 2480
 2508
 2540
 2574
 2608
 2648
 2686
 2720
 2756
 2790
 2824
 2858
 2886
 2914
 2944
 2976
 3000
 3024
 3042
 3038
 3024
 3004
 2974
 2938
 2898
 2852
 2802
 2748
 2686
 2622
 2554
 2486
 2420
 2348
 2284
 2220
 2156
 2088
 2004
 1922
 1840
 1762
 1698
 1642
 1594
 1566
 1574
 1612
 1688
 1778
 1888
 2012
 2144
 2286
 2436
 2580
 2728
 2870
 2990
 3102
 3200
 3278
 3346
 3400
 3434
 3452
 3458
 3450
 3434
 3414
 3398
 3374
 3360
 3352
 3354
 3360
 3364
 3368
 3372
 3376
 3378
 3380
 3382
 3382
 3386
 3390
 3392
 3394
 3396
 3400
 3400
 3396
 3384
 3364
 3344
 3316
 3286
 3252
 3212
 3174
 3138
 3102
 3066
 3030
 2994
 2956
 2914
 2872
 2834
 2796
 2760
 2730
 2702
 2674
 2644
 2610
 2580
 2550
 2520
 2500
 2486
 2482
 2488
 2504
 2518
 2538
 2558
 2578
 2602
 2624
 2650
 2676
 2702
 2726
 2756
 2788
 2820
 2850
 2878
 2908
 2938
 2958
 2982
 3008
 3038
 3066
 3088
 3112
 3136
 3160
 3184
 3202
 3218
 3232
 3242
 3234
 3216
 3194
 3166
 3132
 3100
 3060
 3022
 2984
 2946
 2908
 2868
 2832
 2794
 2758
 2722
 2686
 2656
 2626
 2598
 2574
 2554
 2536
 2520
 2512
 2508
 2510
 2518
 2530
 2544
 2562
 2586
 2610
 2638
 2674
 2704
 2736
 2764
 2790
 2812
 2834
 2856
 2876
 2898
 2922
 2944
 2962
 2978
 2996
 3018
 3038
 3056
 3076
 3098
 3120
 3144
 3166
 3182
 3200
 3218
 3232
 3248
 3260
 3274
 3286
 3290
 3284
 3270
 3256
 3232
 3204
 3174
 3142
 3112
 3074
 3034
 2980
 2936
 2896
 2860
 2826
 2788
 2750
 2714
 2676
 2638
 2606
 2576
 2550
 2536
 2518
 2498
 2480
 2468
 2460
 2462
 2470
 2484
 2500
 2524
 2550
 2574
 2598
 2622
 2646
 2670
 2694
 2718
 2744
 2768
 2794
 2828
 2858
 2880
 2902
 2922
 2936
 2950
 2968
 2988
 3002
 3020
 3038
 3060
 3082
 3096
 3112
 3128
 3144
 3160
 3178
 3192
 3214
 3240
 3240
 3232
 3210
 3184
 3150
 3122
 3090
 3058
 3030
 2998
 2966
 2936
 2900
 2862
 2828
 2788
 2750
 2712
 2674
 2634
 2592
 2546
 2506
 2464
 2424
 2384
 2346
 2314
 2288
 2270
 2260
 2258
 2264
 2284
 2314
 2356
 2404
 2456
 2508
 2560
 2606
 2652
 2690
 2728
 2768
 2806
 2840
 2874
 2906
 2940
 2974
 3004
 3024
 3040
 3054
 3066
 3080
 3088
 3096
 3106
 3114
 3124
 3126
 3128
 3126
 3124
 3118
 3112
 3098
 3082
 3068
 3060
 3052
 3044
 3036
 3020
 2998
 2972
 2946
 2918
 2888
 2860
 2830
 2798
 2766
 2736
 2706
 2672
 2644
 2614
 2586
 2556
 2528
 2500
 2474
 2450
 2426
 2404
 2390
 2378
 2374
 2372
 2372
 2376
 2382
 2386
 2396
 2406
 2420
 2432
 2440
 2450
 2456
 2460
 2466
 2472
 2482
 2492
 2508
 2524
 2534
 2546
 2558
 2572
 2582
 2586
 2584
 2582
 2582
 2584
 2586
 2594
 2604
 2608
 2614
 2618
 2624
 2626
 2628
 2630
 2638
 2652
 2668
 2682
 2700
 2722
 2746
 2770
 2794
 2818
 2842
 2866
 2890
 2916
 2940
 2958
 2976
 2988
 2998
 3008
 3018
 3030
 3042
 3060
 3072
 3086
 3098
 3104
 3112
 3120
 3128
 3136
 3140
 3148
 3152
 3160
 3166
 3162
 3160
 3156
 3154
 3152
 3146
 3146
 3146
 3152
 3158
 3164
 3168
 3176
 3180
 3184
 3182
 3178
 3178
 3178
 3178
 3178
 3178
 3178
 3178
 3176
 3168
 3162
 3156
 3152
 3148
 3144
 3142
 3140
 3146
 3150
 3150
 3152
 3152
 3156
 3158
 3156
 3158
 3154
 3152
 3146
 3128
 3110
 3092
 3072
 3052
 3026
 2996
 2968
 2938
 2908
 2878
 2848
 2814
 2786
 2758
 2728
 2696
 2662
 2630
 2596
 2566
 2532
 2500
 2466
 2430
 2396
 2360
 2326
 2290
 2256
 2218
 2176
 2142
 2110
 2076
 2046
 2018
 1990
 1962
 1934
 1904
 1880
 1858
 1838
 1824
 1808
 1796
 1784
 1774
 1766
 1758
 1754
 1752
 1754
 1754
 1758
 1766
 1776
 1788
 1806
 1834
 1876
 1928
 1988
 2046
 2098
 2148
 2198
 2250
 2300
 2354
 2404
 2450
 2494
 2540
 2582
 2622
 2662
 2696
 2718
 2742
 2762
 2782
 2800
 2818
 2838
 2860
 2884
 2908
 2926
 2934
 2944
 2954
 2964
 2972
 2980
 2984
 2992
 3000
 3006
 3012
 3014
 3020
 3020
 3018
 3014
 3008
 3006
 3004
 3004
 3004
 3006
 3012
 3020
 3026
 3030
 3034
 3036
 3040
 3046
 3042
 3040
 3042
 3042
 3042
 3042
 3044
 3044
 3042
 3036
 3028
 3022
 3016
 3014
 3010
 3008
 3006
 3008
 3008
 3008
 3002
 2996
 2990
 2982
 2970
 2958
 2940
 2916
 2896
 2870
 2838
 2810
 2778
 2742
 2710
 2674
 2634
 2602
 2568
 2536
 2500
 2472
 2440
 2412
 2386
 2358
 2328
 2300
 2270
 2238
 2204
 2170
 2136
 2100
 2064
 2032
 2000
 1968
 1936
 1910
 1886
 1860
 1838
 1818
 1796
 1780
 1766
 1750
 1736
 1724
 1712
 1700
 1684
 1672
 1660
 1658
 1656
 1652
 1646
 1642
 1638
 1636
 1636
 1642
 1650
 1670
 1696
 1716
 1744
 1774
 1804
 1840
 1880
 1922
 1968
 2022
 2074
 2124
 2168
 2212
 2254
 2296
 2336
 2372
 2410
 2448
 2484
 2522
 2556
 2592
 2630
 2660
 2692
 2720
 2736
 2756
 2774
 2792
 2804
 2820
 2836
 2852
 2872
 2888
 2904
 2914
 2922
 2930
 2938
 2944
 2948
 2950
 2950
 2942
 2928
 2910
 2892
 2868
 2840
 2812
 2776
 2738
 2700
 2662
 2622
 2586
 2544
 2512
 2474
 2440
 2402
 2366
 2328
 2288
 2246
 2212
 2174
 2140
 2108
 2074
 2046
 2022
 2000
 1982
 1966
 1946
 1930
 1918
 1906
 1900
 1898
 1902
 1912
 1926
 1946
 1964
 1988
 2012
 2034
 2062
 2088
 2114
 2140
 2166
 2190
 2222
 2252
 2282
 2314
 2346
 2370
 2396
 2424
 2454
 2486
 2520
 2554
 2586
 2618
 2648
 2676
 2700
 2726
 2748
 2770
 2792
 2812
 2834
 2852
 2872
 2892
 2906
 2922
 2934
 2936
 2938
 2936
 2936
 2942
 2940
 2942
 2946
 2954
 2960
 2966
 2964
 2956
 2940
 2922
 2898
 2872
 2840
 2806
 2770
 2728
 2688
 2648
 2610
 2566
 2522
 2482
 2440
 2398
 2356
 2316
 2278
 2246
 2218
 2190
 2164
 2136
 2106
 2082
 2062
 2044
 2036
 2038
 2050
 2064
 2084
 2112
 2136
 2160
 2190
 2222
 2260
 2298
 2338
 2380
 2426
 2476
 2524
 2564
 2604
 2642
 2676
 2710
 2746
 2780
 2810
 2840
 2870
 2898
 2920
 2932
 2934
 2930
 2922
 2910
 2890
 2864
 2830
 2794
 2752
 2708
 2670
 2630
 2588
 2548
 2506
 2464
 2422
 2384
 2344
 2310
 2276
 2238
 2208
 2176
 2144
 2114
 2088
 2066
 2050
 2040
 2038
 2036
 2044
 2056
 2076
 2104
 2132
 2162
 2192
 2226
 2264
 2304
 2348
 2386
 2424
 2462
 2500
 2546
 2590
 2632
 2674
 2712
 2748
 2782
 2814
 2844
 2868
 2892
 2914
 2936
 2954
 2964
 2968
 2958
 2942
 2908
 2872
 2834
 2792
 2748
 2702
 2654
 2606
 2560
 2516
 2470
 2424
 2378
 2332
 2290
 2250
 2208
 2166
 2126
 2086
 2054
 2026
 1996
 1974
 1956
 1942
 1936
 1942
 1952
 1968
 1990
 2018
 2046
 2082
 2122
 2166
 2218
 2276
 2340
 2400
 2462
 2516
 2568
 2612
 2646
 2680
 2710
 2740
 2766
 2792
 2820
 2850
 2884
 2916
 2948
 2972
 2992
 3008
 3022
 3032
 3030
 3022
 3004
 2976
 2944
 2912
 2868
 2822
 2772
 2716
 2658
 2598
 2542
 2488
 2442
 2400
 2362
 2324
 2286
 2256
 2238
 2226
 2220
 2220
 2228
 2242
 2258
 2274
 2292
 2312
 2334
 2356
 2374
 2396
 2418
 2450
 2482
 2508
 2536
 2570
 2608
 2648
 2690
 2734
 2778
 2818
 2852
 2880
 2894
 2898
 2898
 2902
 2908
 2914
 2924
 2934
 2942
 2952
 2954
 2956
 2952
 2950
 2962
 2978
 3000
 3022
 3044
 3066
 3090
 3112
 3130
 3142
 3152
 3162
 3166
 3170
 3170
 3164
 3152
 3138
 3116
 3088
 3062
 3026
 2982
 2938
 2892
 2842
 2792
 2742
 2692
 2640
 2592
 2542
 2490
 2438
 2388
 2336
 2284
 2232
 2186
 2142
 2098
 2050
 2010
 1970
 1936
 1906
 1864
 1814
 1764
 1720
 1682
 1652
 1638
 1632
 1634
 1652
 1680
 1732
 1804
 1880
 1960
 2046
 2126
 2202
 2270
 2338
 2394
 2448
 2496
 2544
 2588
 2630
 2672
 2712
 2746
 2784
 2812
 2832
 2854
 2870
 2886
 2898
 2910
 2922
 2934
 2952
 2966
 2980
 2990
 2998
 3006
 3012
 3020
 3024
 3032
 3038
 3044
 3052
 3054
 3052
 3054
 3052
 3052
 3046
 3042
 3040
 3044
 3052
 3066
 3080
 3092
 3100
 3100
 3090
 3078
 3062
 3042
 3020
 2990
 2952
 2914
 2874
 2826
 2784
 2742
 2698
 2648
 2600
 2554
 2514
 2478
 2442
 2406
 2376
 2344
 2312
 2280
 2248
 2220
 2186
 2156
 2128
 2108
 2090
 2068
 2054
 2048
 2048
 2058
 2072
 2088
 2112
 2140
 2168
 2198
 2230
 2264
 2302
 2338
 2376
 2412
 2448
 2488
 2532
 2574
 2608
 2636
 2666
 2690
 2718
 2744
 2768
 2798
 2828
 2860
 2890
 2914
 2938
 2952
 2966
 2980
 2994
 3008
 3018
 3028
 3034
 3042
 3044
 3032
 3016
 2996
 2976
 2954
 2928
 2904
 2876
 2846
 2816
 2778
 2744
 2708
 2670
 2636
 2600
 2566
 2536
 2502
 2472
 2442
 2416
 2392
 2362
 2336
 2312
 2288
 2264
 2244
 2226
 2214
 2210
 2212
 2218
 2228
 2240
 2254
 2272
 2288
 2308
 2326
 2348
 2370
 2394
 2418
 2448
 2472
 2494
 2520
 2544
 2568
 2592
 2620
 2648
 2678
 2708
 2738
 2762
 2784
 2806
 2826
 2848
 2870
 2888
 2904
 2916
 2926
 2936
 2950
 2962
 2968
 2974
 2978
 2982
 2986
 2988
 2992
 3000
 3008
 3022
 3034
 3042
 3048
 3056
 3064
 3064
 3062
 3062
 3060
 3056
 3042
 3026
 3008
 2986
 2964
 2934
 2902
 2872
 2838
 2802
 2758
 2708
 2660
 2612
 2564
 2516
 2472
 2430
 2386
 2346
 2300
 2256
 2208
 2164
 2124
 2086
 2048
 2014
 1982
 1954
 1926
 1896
 1876
 1856
 1836
 1826
 1814
 1808
 1808
 1812
 1820
 1834
 1850
 1866
 1882
 1900
 1920
 1942
 1964
 1988
 2012
 2036
 2064
 2096
 2128
 2168
 2210
 2248
 2290
 2332
 2368
 2398
 2434
 2464
 2494
 2522
 2550
 2578
 2606
 2634
 2658
 2680
 2700
 2720
 2738
 2756
 2772
 2788
 2806
 2824
 2842
 2862
 2880
 2900
 2916
 2926
 2932
 2932
 2938
 2942
 2944
 2944
 2948
 2954
 2964
 2976
 2984
 2994
 3004
 3010
 3016
 3022
 3026
 3032
 3036
 3038
 3040
 3046
 3050
 3054
 3052
 3048
 3040
 3034
 3024
 3012
 3000
 2980
 2960
 2940
 2914
 2888
 2860
 2832
 2804
 2768
 2732
 2694
 2658
 2620
 2582
 2546
 2510
 2476
 2442
 2406
 2376
 2342
 2302
 2270
 2234
 2200
 2166
 2136
 2102
 2072
 2046
 2018
 1992
 1966
 1942
 1922
 1906
 1896
 1892
 1890
 1894
 1900
 1910
 1922
 1936
 1954
 1970
 1988
 2010
 2032
 2054
 2080
 2108
 2134
 2172
 2208
 2242
 2272
 2302
 2334
 2368
 2402
 2432
 2466
 2498
 2530
 2562
 2594
 2628
 2658
 2688
 2714
 2732
 2750
 2764
 2780
 2794
 2808
 2822
 2842
 2860
 2878
 2894
 2910
 2916
 2922
 2928
 2938
 2944
 2948
 2954
 2960
 2966
 2972
 2974
 2976
 2976
 2970
 2968
 2960
 2956
 2952
 2946
 2944
 2938
 2932
 2918
 2902
 2884
 2856
 2826
 2796
 2764
 2732
 2702
 2670
 2636
 2602
 2568
 2534
 2498
 2460
 2416
 2380
 2338
 2294
 2254
 2214
 2176
 2142
 2110
 2080
 2052
 2024
 1996
 1970
 1944
 1922
 1900
 1884
 1874
 1872
 1872
 1880
 1892
 1906
 1920
 1940
 1958
 1980
 2006
 2034
 2062
 2090
 2120
 2148
 2174
 2200
 2226
 2258
 2290
 2324
 2356
 2386
 2418
 2450
 2480
 2512
 2542
 2572
 2598
 2622
 2644
 2664
 2690
 2710
 2730
 2754
 2776
 2804
 2826
 2844
 2864
 2882
 2898
 2916
 2930
 2946
 2960
 2968
 2974
 2982
 2990
 2998
 3002
 3002
 2998
 2998
 2996
 2992
 2988
 2986
 2984
 2980
 2972
 2954
 2938
 2920
 2896
 2868
 2836
 2802
 2766
 2730
 2692
 2654
 2618
 2584
 2546
 2514
 2478
 2438
 2408
 2372
 2338
 2302
 2272
 2238
 2208
 2184
 2160
 2134
 2112
 2086
 2060
 2038
 2012
 1986
 1960
 1934
 1908
 1884
 1862
 1840
 1822
 1802
 1788
 1778
 1768
 1766
 1764
 1766
 1772
 1782
 1802
 1820
 1838
 1854
 1870
 1888
 1910
 1930
 1952
 1976
 2006
 2038
 2070
 2102
 2136
 2172
 2206
 2236
 2268
 2300
 2332
 2364
 2394
 2428
 2462
 2500
 2532
 2562
 2588
 2616
 2642
 2668
 2692
 2716
 2740
 2766
 2788
 2812
 2832
 2850
 2870
 2884
 2894
 2904
 2910
 2912
 2912
 2914
 2918
 2926
 2936
 2948
 2958
 2968
 2980
 2986
 2988
 2982
 2974
 2958
 2936
 2912
 2880
 2846
 2808
 2762
 2708
 2664
 2610
 2552
 2492
 2426
 2362
 2300
 2244
 2186
 2128
 2074
 2014
 1958
 1906
 1856
 1814
 1774
 1734
 1698
 1666
 1642
 1618
 1590
 1572
 1548
 1526
 1506
 1490
 1478
 1466
 1458
 1454
 1448
 1454
 1454
 1460
 1466
 1472
 1482
 1494
 1512
 1530
 1556
 1600
 1646
 1690
 1738
 1788
 1840
 1888
 1938
 1990
 2038
 2090
 2140
 2182
 2226
 2266
 2310
 2354
 2398
 2438
 2472
 2508
 2538
 2566
 2594
 2618
 2648
 2670
 2686
 2700
 2716
 2730
 2742
 2756
 2772
 2788
 2810
 2828
 2846
 2864
 2870
 2866
 2854
 2834
 2810
 2780
 2748
 2714
 2678
 2642
 2602
 2558
 2516
 2470
 2426
 2378
 2334
 2296
 2262
 2230
 2190
 2152
 2108
 2062
 2022
 1986
 1948
 1914
 1884
 1858
 1836
 1820
 1810
 1806
 1812
 1818
 1830
 1848
 1868
 1890
 1918
 1958
 1996
 2036
 2078
 2114
 2152
 2188
 2222
 2254
 2290
 2334
 2376
 2420
 2464
 2500
 2538
 2576
 2612
 2644
 2676
 2710
 2746
 2778
 2800
 2824
 2848
 2878
 2900
 2910
 2906
 2886
 2858
 2828
 2794
 2758
 2722
 2676
 2632
 2586
 2542
 2496
 2448
 2406
 2360
 2314
 2266
 2220
 2178
 2134
 2094
 2058
 2024
 1994
 1968
 1944
 1926
 1914
 1902
 1904
 1908
 1918
 1938
 1954
 1976
 2002
 2036
 2072
 2100
 2130
 2160
 2192
 2228
 2266
 2304
 2346
 2386
 2424
 2464
 2504
 2536
 2572
 2604
 2640
 2672
 2704
 2740
 2772
 2810
 2840
 2858
 2874
 2874
 2862
 2842
 2822
 2792
 2760
 2720
 2682
 2642
 2598
 2556
 2508
 2462
 2412
 2358
 2310
 2266
 2230
 2192
 2160
 2134
 2108
 2086
 2080
 2088
 2100
 2122
 2150
 2186
 2220
 2250
 2282
 2316
 2354
 2394
 2438
 2488
 2536
 2586
 2634
 2678
 2722
 2762
 2800
 2840
 2876
 2914
 2948
 2982
 3008
 3024
 3040
 3052
 3066
 3074
 3080
 3092
 3104
 3122
 3138
 3150
 3156
 3154
 3150
 3138
 3116
 3086
 3050
 3008
 2956
 2904
 2848
 2800
 2748
 2698
 2646
 2600
 2554
 2508
 2466
 2426
 2386
 2350
 2312
 2280
 2244
 2210
 2174
 2144
 2118
 2096
 2074
 2064
 2054
 2052
 2056
 2064
 2080
 2100
 2126
 2152
 2180
 2208
 2236
 2264
 2296
 2326
 2360
 2392
 2428
 2466
 2496
 2524
 2550
 2580
 2610
 2638
 2666
 2696
 2730
 2762
 2788
 2816
 2838
 2862
 2886
 2908
 2932
 2954
 2968
 2984
 3002
 3022
 3036
 3050
 3060
 3074
 3086
 3096
 3100
 3092
 3078
 3060
 3038
 3010
 2976
 2942
 2904
 2856
 2804
 2744
 2686
 2634
 2578
 2526
 2478
 2428
 2380
 2338
 2298
 2262
 2236
 2214
 2192
 2176
 2160
 2150
 2144
 2148
 2162
 2184
 2214
 2246
 2280
 2306
 2340
 2370
 2404
 2438
 2474
 2512
 2552
 2592
 2632
 2660
 2694
 2724
 2756
 2786
 2820
 2850
 2878
 2906
 2936
 2956
 2970
 2984
 2998
 3014
 3024
 3038
 3054
 3072
 3092
 3102
 3114
 3124
 3136
 3152
 3164
 3162
 3148
 3128
 3098
 3062
 3018
 2972
 2924
 2874
 2822
 2774
 2730
 2686
 2646
 2608
 2572
 2538
 2502
 2466
 2438
 2408
 2378
 2344
 2316
 2294
 2280
 2270
 2274
 2280
 2292
 2308
 2330
 2356
 2384
 2420
 2452
 2484
 2514
 2544
 2576
 2606
 2634
 2662
 2690
 2720
 2746
 2766
 2784
 2798
 2818
 2838
 2858
 2882
 2910
 2936
 2960
 2980
 2998
 3016
 3030
 3046
 3060
 3080
 3096
 3106
 3114
 3118
 3116
 3114
 3110
 3108
 3104
 3108
 3112
 3116
 3126
 3132
 3142
 3150
 3158
 3166
 3172
 3180
 3186
 3192
 3196
 3202
 3206
 3202
 3198
 3188
 3188
 3182
 3174
 3162
 3148
 3136
 3120
 3098
 3072
 3044
 3014
 2982
 2944
 2904
 2862
 2818
 2774
 2734
 2684
 2638
 2592
 2546
 2496
 2448
 2404
 2362
 2324
 2290
 2252
 2218
 2178
 2142
 2106
 2070
 2034
 1994
 1960
 1926
 1898
 1868
 1842
 1826
 1810
 1800
 1794
 1786
 1786
 1792
 1802
 1810
 1824
 1832
 1850
 1864
 1884
 1892
 1914
 1934
 1962
 1992
 2026
 2060
 2090
 2128
 2162
 2192
 2226
 2256
 2284
 2316
 2346
 2376
 2410
 2446
 2484
 2520
 2564
 2598
 2630
 2666
 2706
 2742
 2782
 2820
 2860
 2902
 2936
 2962
 2982
 2998
 3016
 3030
 3040
 3050
 3058
 3060
 3064
 3066
 3068
 3070
 3074
 3078
 3090
 3100
 3110
 3120
 3130
 3140
 3144
 3148
 3152
 3156
 3154
 3146
 3132
 3124
 3116
 3110
 3106
 3100
 3096
 3086
 3070
 3052
 3032
 3006
 2974
 2938
 2898
 2856
 2816
 2772
 2718
 2672
 2620
 2566
 2512
 2458
 2408
 2360
 2314
 2266
 2220
 2170
 2122
 2078
 2030
 1988
 1944
 1908
 1874
 1828
 1790
 1752
 1714
 1680
 1648
 1622
 1602
 1586
 1566
 1548
 1532
 1526
 1520
 1520
 1524
 1528
 1544
 1562
 1584
 1600
 1622
 1640
 1660
 1682
 1706
 1734
 1772
 1816
 1856
 1900
 1940
 1980
 2020
 2060
 2100
 2144
 2186
 2230
 2278
 2326
 2364
 2406
 2442
 2484
 2524
 2562
 2606
 2650
 2692
 2728
 2760
 2788
 2816
 2840
 2862
 2880
 2900
 2914
 2930
 2942
 2958
 2964
 2966
 2968
 2968
 2968
 2964
 2966
 2970
 2982
 2992
 3002
 3014
 3022
 3030
 3034
 3036
 3036
 3034
 3028
 3028
 3026
 3022
 3016
 3008
 2990
 2966
 2934
 2900
 2864
 2826
 2782
 2738
 2690
 2642
 2592
 2546
 2500
 2442
 2390
 2334
 2280
 2232
 2192
 2154
 2130
 2108
 2088
 2072
 2060
 2050
 2042
 2036
 2036
 2038
 2042
 2048
 2054
 2064
 2078
 2084
 2084
 2072
 2064
 2062
 2058
 2060
 2068
 2078
 2090
 2102
 2116
 2128
 2142
 2152
 2160
 2172
 2188
 2218
 2252
 2292
 2338
 2382
 2428
 2472
 2518
 2564
 2610
 2652
 2680
 2704
 2726
 2750
 2774
 2794
 2818
 2844
 2872
 2898
 2918
 2936
 2946
 2954
 2962
 2970
 2976
 2982
 2986
 2992
 2998
 3002
 3004
 2998
 2996
 2992
 2990
 2986
 2984
 2984
 2988
 2994
 3004
 3012
 3018
 3024
 3034
 3036
 3040
 3046
 3048
 3052
 3056
 3060
 3062
 3066
 3064
 3054
 3048
 3038
 3028
 3014
 2986
 2956
 2920
 2884
 2842
 2798
 2752
 2704
 2652
 2598
 2544
 2486
 2422
 2358
 2292
 2226
 2162
 2100
 2034
 1970
 1912
 1852
 1794
 1738
 1686
 1636
 1590
 1546
 1496
 1442
 1390
 1338
 1292
 1246
 1200
 1162
 1122
 1086
 1058
 1034
 1014
 994
 972
 956
 938
 928
 924
 922
 918
 918
 922
 922
 920
 916
 910
 910
 910
 916
 922
 936
 956
 976
 1006
 1034
 1062
 1094
 1134
 1174
 1216
 1266
 1328
 1390
 1452
 1512
 1564
 1616
 1668
 1714
 1760
 1808
 1864
 1920
 1976
 2034
 2092
 2148
 2202
 2260
 2304
 2350
 2402
 2454
 2502
 2546
 2588
 2628
 2670
 2708
 2740
 2768
 2796
 2820
 2842
 2864
 2886
 2896
 2906
 2914
 2910
 2898
 2876
 2844
 2804
 2770
 2726
 2680
 2630
 2576
 2524
 2476
 2432
 2384
 2336
 2288
 2238
 2190
 2142
 2094
 2048
 2000
 1954
 1910
 1866
 1826
 1784
 1738
 1702
 1660
 1620
 1584
 1552
 1522
 1494
 1476
 1460
 1456
 1458
 1460
 1466
 1478
 1492
 1508
 1528
 1550
 1576
 1614
 1650
 1684
 1722
 1756
 1794
 1834
 1874
 1916
 1964
 2016
 2062
 2106
 2152
 2196
 2244
 2290
 2336
 2378
 2418
 2456
 2490
 2532
 2564
 2592
 2622
 2648
 2676
 2702
 2728
 2756
 2784
 2814
 2840
 2862
 2886
 2904
 2924
 2940
 2954
 2956
 2952
 2936
 2912
 2880
 2842
 2806
 2760
 2716
 2672
 2626
 2580
 2528
 2474
 2420
 2368
 2318
 2268
 2222
 2174
 2124
 2074
 2028
 1982
 1938
 1896
 1856
 1822
 1792
 1760
 1732
 1704
 1680
 1660
 1646
 1642
 1648
 1666
 1694
 1722
 1760
 1798
 1836
 1876
 1920
 1958
 2000
 2044
 2086
 2132
 2182
 2226
 2268
 2310
 2354
 2404
 2452
 2498
 2546
 2592
 2636
 2672
 2706
 2732
 2752
 2774
 2790
 2800
 2804
 2800
 2780
 2748
 2714
 2672
 2626
 2580
 2530
 2482
 2432
 2384
 2340
 2298
 2258
 2216
 2178
 2136
 2094
 2058
 2022
 1986
 1954
 1924
 1896
 1874
 1854
 1836
 1826
 1816
 1814
 1818
 1828
 1846
 1870
 1898
 1928
 1956
 1982
 2008
 2038
 2070
 2108
 2144
 2184
 2218
 2256
 2298
 2336
 2370
 2406
 2444
 2482
 2518
 2556
 2596
 2632
 2672
 2702
 2730
 2756
 2778
 2804
 2832
 2860
 2886
 2916
 2940
 2958
 2966
 2956
 2940
 2912
 2882
 2846
 2808
 2768
 2728
 2688
 2646
 2604
 2562
 2520
 2480
 2446
 2406
 2360
 2306
 2250
 2204
 2164
 2118
 2074
 2032
 1990
 1948
 1910
 1874
 1846
 1826
 1808
 1800
 1814
 1844
 1894
 1958
 2026
 2100
 2170
 2244
 2316
 2390
 2458
 2520
 2572
 2620
 2670
 2718
 2764
 2804
 2846
 2888
 2922
 2952
 2976
 2998
 3018
 3036
 3052
 3068
 3074
 3076
 3070
 3048
 3024
 2994
 2960
 2918
 2868
 2820
 2776
 2732
 2684
 2638
 2592
 2542
 2494
 2448
 2402
 2356
 2316
 2276
 2244
 2212
 2172
 2138
 2102
 2066
 2034
 2010
 1994
 1984
 1984
 1988
 1996
 2006
 2016
 2028
 2042
 2058
 2078
 2100
 2126
 2158
 2190
 2216
 2242
 2268
 2292
 2318
 2346
 2380
 2422
 2470
 2514
 2552
 2594
 2634
 2678
 2718
 2758
 2798
 2840
 2880
 2918
 2952
 2974
 2994
 3006
 3018
 3018
 3008
 2988
 2964
 2934
 2898
 2856
 2810
 2760
 2716
 2670
 2622
 2574
 2520
 2462
 2406
 2354
 2304
 2252
 2206
 2160
 2126
 2102
 2090
 2086
 2094
 2116
 2168
 2320
 2514
 2722
 2910
 3064
 3174
 3234
 3254
 3240
 3248
 3264
 3282
 3300
 3304
 3296
 3290
 3306
 3330
 3358
 3378
 3386
 3384
 3372
 3360
 3344
 3332
 3320
 3306
 3296
 3286
 3276
 3248
 3202
 3162
 3112
 3060
 3004
 2948
 2892
 2836
 2782
 2726
 2674
 2620
 2568
 2522
 2474
 2428
 2388
 2348
 2314
 2286
 2260
 2240
 2228
 2216
 2210
 2214
 2224
 2236
 2256
 2280
 2302
 2330
 2358
 2392
 2426
 2454
 2482
 2514
 2552
 2594
 2638
 2680
 2712
 2746
 2774
 2806
 2834
 2860
 2888
 2918
 2952
 2976
 2994
 3000
 3004
 3000
 2988
 2964
 2936
 2900
 2860
 2824
 2776
 2724
 2676
 2624
 2574
 2526
 2482
 2440
 2406
 2374
 2344
 2322
 2304
 2288
 2284
 2286
 2302
 2324
 2344
 2372
 2402
 2428
 2452
 2480
 2508
 2538
 2570
 2602
 2636
 2672
 2710
 2742
 2770
 2796
 2820
 2846
 2870
 2892
 2912
 2932
 2944
 2958
 2966
 2976
 2982
 2988
 2994
 2998
 3006
 3018
 3030
 3044
 3052
 3064
 3072
 3078
 3088
 3098
 3110
 3120
 3128
 3134
 3138
 3140
 3128
 3110
 3080
 3050
 3016
 2978
 2940
 2902
 2868
 2834
 2792
 2750
 2700
 2656
 2614
 2572
 2532
 2496
 2460
 2428
 2400
 2376
 2344
 2322
 2292
 2268
 2242
 2220
 2202
 2188
 2182
 2180
 2182
 2186
 2190
 2200
 2210
 2222
 2236
 2252
 2270
 2286
 2304
 2326
 2342
 2362
 2382
 2400
 2414
 2424
 2436
 2450
 2470
 2494
 2518
 2546
 2576
 2606
 2634
 2660
 2684
 2708
 2728
 2742
 2760
 2778
 2786
 2788
 2796
 2800
 2806
 2814
 2820
 2828
 2838
 2850
 2860
 2868
 2876
 2884
 2892
 2900
 2904
 2910
 2916
 2922
 2918
 2916
 2916
 2918
 2914
 2916
 2918
 2924
 2928
 2936
 2942
 2948
 2960
 2970
 2974
 2976
 2978
 2984
 2990
 2994
 2988
 2982
 2978
 2974
 2972
 2970
 2966
 2958
 2956
 2954
 2956
 2954
 2954
 2954
 2956
 2960
 2964
 2970
 2980
 2990
 2994
 3000
 3008
 3014
 3024
 3030
 3038
 3044
 3042
 3044
 3040
 3040
 3038
 3040
 3044
 3052
 3060
 3072
 3080
 3088
 3094
 3100
 3106
 3114
 3118
 3120
 3122
 3124
 3126
 3120
 3110
 3102
 3094
 3090
 3088
 3086
 3088
 3092
 3098
 3104
 3102
 3102
 3100
 3104
 3106
 3108
 3110
 3110
 3110
 3112
 3110
 3106
 3100
 3090
 3084
 3074
 3070
 3064
 3064
 3066
 3068
 3074
 3078
 3078
 3080
 3076
 3070
 3064
 3054
 3040
 3020
 2998
 2974
 2944
 2910
 2866
 2818
 2764
 2716
 2670
 2620
 2568
 2518
 2468
 2420
 2374
 2326
 2276
 2226
 2172
 2118
 2066
 2016
 1966
 1918
 1870
 1824
 1778
 1736
 1696
 1656
 1618
 1586
 1554
 1524
 1502
 1484
 1470
 1464
 1462
 1466
 1476
 1486
 1500
 1516
 1536
 1556
 1580
 1606
 1634
 1668
 1710
 1754
 1792
 1822
 1854
 1878
 1902
 1926
 1950
 1982
 2016
 2052
 2086
 2116
 2146
 2174
 2202
 2230
 2258
 2290
 2318
 2348
 2374
 2400
 2428
 2456
 2482
 2500
 2520
 2538
 2560
 2580
 2602
 2624
 2648
 2674
 2698
 2716
 2734
 2750
 2766
 2780
 2796
 2808
 2824
 2838
 2852
 2864
 2876
 2882
 2890
 2898
 2898
 2900
 2900
 2900
 2902
 2904
 2908
 2912
 2922
 2932
 2940
 2950
 2950
 2952
 2954
 2956
 2960
 2962
 2966
 2968
 2972
 2976
 2978
 2982
 2984
 2984
 2980
 2972
 2964
 2958
 2954
 2948
 2946
 2944
 2946
 2952
 2956
 2956
 2960
 2962
 2964
 2966
 2966
 2964
 2962
 2958
 2952
 2940
 2928
 2916
 2902
 2886
 2866
 2840
 2818
 2796
 2774
 2752
 2726
 2696
 2662
 2630
 2598
 2562
 2530
 2492
 2454
 2416
 2376
 2336
 2292
 2248
 2202
 2158
 2114
 2064
 2016
 1974
 1928
 1882
 1846
 1808
 1772
 1738
 1704
 1672
 1640
 1612
 1580
 1554
 1528
 1498
 1480
 1460
 1438
 1418
 1398
 1376
 1354
 1336
 1320
 1310
 1304
 1302
 1302
 1304
 1304
 1314
 1324
 1338
 1352
 1368
 1384
 1404
 1420
 1436
 1456
 1484
 1512
 1542
 1574
 1608
 1646
 1686
 1728
 1778
 1824
 1876
 1920
 1966
 2020
 2078
 2136
 2192
 2246
 2302
 2352
 2408
 2456
 2496
 2536
 2570
 2606
 2638
 2672
 2704
 2734
 2764
 2792
 2816
 2836
 2854
 2864
 2872
 2876
 2880
 2882
 2878
 2876
 2878
 2882
 2892
 2896
 2900
 2906
 2910
 2912
 2912
 2910
 2902
 2890
 2872
 2844
 2808
 2770
 2730
 2678
 2628
 2574
 2512
 2448
 2382
 2316
 2256
 2196
 2138
 2076
 2016
 1954
 1884
 1818
 1756
 1696
 1638
 1584
 1534
 1484
 1442
 1402
 1360
 1322
 1290
 1254
 1220
 1190
 1160
 1130
 1110
 1094
 1076
 1054
 1032
 1014
 1002
 990
 982
 976
 972
 968
 966
 968
 978
 992
 1010
 1032
 1056
 1080
 1114
 1150
 1190
 1234
 1282
 1336
 1388
 1438
 1486
 1532
 1582
 1632
 1678
 1726
 1776
 1830
 1880
 1932
 1982
 2032
 2076
 2124
 2172
 2218
 2264
 2308
 2356
 2404
 2448
 2490
 2528
 2566
 2600
 2634
 2674
 2720
 2752
 2784
 2812
 2840
 2864
 2884
 2896
 2906
 2912
 2906
 2898
 2886
 2868
 2848
 2822
 2796
 2762
 2726
 2692
 2654
 2618
 2586
 2540
 2490
 2438
 2388
 2338
 2290
 2246
 2200
 2154
 2110
 2070
 2028
 1986
 1950
 1918
 1890
 1866
 1842
 1818
 1798
 1778
 1764
 1760
 1760
 1764
 1774
 1786
 1812
 1840
 1870
 1904
 1940
 1976
 2008
 2040
 2076
 2114
 2160
 2208
 2252
 2298
 2348
 2388
 2428
 2468
 2510
 2546
 2584
 2618
 2652
 2682
 2704
 2728
 2748
 2770
 2788
 2802
 2812
 2812
 2800
 2782
 2756
 2730
 2698
 2660
 2616
 2568
 2514
 2464
 2410
 2360
 2314
 2262
 2216
 2168
 2118
 2070
 2030
 1990
 1956
 1930
 1904
 1880
 1862
 1842
 1828
 1814
 1802
 1800
 1810
 1830
 1860
 1890
 1922
 1958
 1994
 2030
 2070
 2110
 2152
 2198
 2250
 2302
 2348
 2398
 2444
 2486
 2530
 2570
 2612
 2652
 2690
 2728
 2758
 2784
 2808
 2830
 2854
 2872
 2896
 2918
 2940
 2954
 2950
 2938
 2918
 2896
 2868
 2832
 2790
 2746
 2702
 2658
 2608
 2558
 2510
 2460
 2410
 2358
 2310
 2262
 2224
 2186
 2148
 2116
 2084
 2052
 2026
 2002
 1980
 1962
 1952
 1958
 1968
 1988
 2014
 2040
 2066
 2096
 2128
 2162
 2200
 2248
 2288
 2328
 2364
 2402
 2450
 2498
 2546
 2588
 2622
 2658
 2684
 2702
 2712
 2716
 2720
 2716
 2700
 2678
 2650
 2622
 2586
 2552
 2514
 2470
 2430
 2390
 2348
 2308
 2268
 2232
 2200
 2162
 2128
 2096
 2062
 2042
 2038
 2040
 2056
 2082
 2112
 2142
 2176
 2210
 2248
 2288
 2324
 2360
 2392
 2428
 2464
 2492
 2522
 2550
 2586
 2620
 2656
 2692
 2730
 2768
 2800
 2832
 2862
 2890
 2912
 2932
 2954
 2974
 2986
 2988
 2982
 2960
 2936
 2900
 2860
 2818
 2774
 2734
 2698
 2662
 2624
 2584
 2546
 2498
 2456
 2412
 2370
 2328
 2288
 2252
 2220
 2184
 2150
 2124
 2092
 2064
 2036
 2014
 1998
 1990
 1984
 1978
 1976
 1974
 1980
 1990
 2002
 2016
 2030
 2050
 2068
 2088
 2118
 2150
 2180
 2216
 2248
 2288
 2326
 2374
 2410
 2446
 2478
 2510
 2540
 2568
 2600
 2634
 2666
 2700
 2732
 2754
 2782
 2806
 2838
 2864
 2886
 2902
 2904
 2896
 2872
 2838
 2798
 2750
 2700
 2652
 2600
 2546
 2496
 2450
 2396
 2350
 2304
 2258
 2214
 2170
 2128
 2094
 2066
 2040
 2016
 1998
 1976
 1964
 1958
 1966
 1980
 2000
 2026
 2052
 2076
 2104
 2128
 2158
 2188
 2222
 2260
 2300
 2346
 2384
 2422
 2458
 2492
 2532
 2568
 2602
 2634
 2666
 2698
 2724
 2746
 2764
 2782
 2798
 2814
 2834
 2852
 2874
 2896
 2906
 2918
 2932
 2950
 2966
 2978
 2992
 3006
 3024
 3038
 3040
 3046
 3048
 3054
 3056
 3060
 3066
 3076
 3094
 3108
 3116
 3124
 3124
 3118
 3110
 3092
 3072
 3048
 3018
 2982
 2936
 2896
 2852
 2812
 2766
 2724
 2684
 2646
 2606
 2562
 2520
 2478
 2434
 2396
 2356
 2318
 2276
 2244
 2206
 2166
 2132
 2090
 2054
 2020
 1994
 1970
 1956
 1946
 1934
 1928
 1920
 1918
 1916
 1916
 1918
 1922
 1932
 1934
 1946
 1954
 1964
 1976
 1990
 2010
 2032
 2060
 2086
 2110
 2136
 2162
 2198
 2234
 2268
 2300
 2330
 2362
 2384
 2414
 2438
 2468
 2498
 2528
 2562
 2596
 2630
 2662
 2690
 2714
 2740
 2768
 2796
 2824
 2846
 2868
 2892
 2900
 2912
 2920
 2934
 2948
 2960
 2978
 2996
 3018
 3032
 3048
 3060
 3070
 3078
 3088
 3092
 3092
 3094
 3088
 3088
 3084
 3082
 3084
 3088
 3090
 3080
 3066
 3046
 3028
 3008
 2982
 2954
 2922
 2888
 2850
 2810
 2772
 2722
 2678
 2632
 2586
 2534
 2488
 2440
 2392
 2348
 2296
 2246
 2194
 2146
 2100
 2054
 2010
 1966
 1926
 1896
 1860
 1828
 1800
 1768
 1742
 1718
 1698
 1686
 1680
 1672
 1670
 1666
 1664
 1666
 1670
 1678
 1688
 1698
 1710
 1734
 1756
 1768
 1790
 1804
 1818
 1834
 1850
 1868
 1892
 1924
 1948
 1974
 1996
 2024
 2058
 2094
 2128
 2162
 2194
 2226
 2260
 2294
 2316
 2348
 2374
 2404
 2438
 2472
 2506
 2544
 2576
 2604
 2630
 2654
 2678
 2702
 2726
 2750
 2774
 2798
 2816
 2838
 2856
 2866
 2878
 2886
 2896
 2906
 2918
 2932
 2950
 2968
 2984
 3000
 3010
 3022
 3032
 3042
 3052
 3056
 3058
 3060
 3064
 3066
 3060
 3058
 3054
 3052
 3052
 3050
 3054
 3060
 3068
 3074
 3082
 3088
 3094
 3100
 3106
 3110
 3112
 3114
 3116
 3116
 3116
 3108
 3102
 3096
 3090
 3084
 3078
 3078
 3080
 3084
 3078
 3070
 3056
 3040
 3022
 2998
 2970
 2938
 2902
 2864
 2828
 2788
 2746
 2708
 2666
 2620
 2570
 2520
 2474
 2422
 2368
 2316
 2262
 2212
 2164
 2120
 2076
 2036
 1996
 1956
 1918
 1882
 1846
 1812
 1780
 1752
 1730
 1708
 1676
 1652
 1630
 1606
 1588
 1574
 1560
 1554
 1544
 1532
 1522
 1512
 1510
 1504
 1504
 1504
 1506
 1512
 1520
 1524
 1530
 1536
 1544
 1556
 1572
 1596
 1620
 1650
 1684
 1718
 1758
 1800
 1850
 1896
 1938
 1978
 2018
 2058
 2092
 2132
 2176
 2206
 2248
 2288
 2330
 2368
 2406
 2450
 2490
 2530
 2564
 2592
 2620
 2646
 2672
 2696
 2720
 2746
 2772
 2794
 2816
 2838
 2862
 2886
 2906
 2924
 2942
 2946
 2946
 2950
 2950
 2954
 2954
 2958
 2966
 2978
 2992
 3000
 3008
 3016
 3026
 3032
 3036
 3042
 3046
 3052
 3056
 3058
 3060
 3064
 3070
 3072
 3072
 3072
 3068
 3060
 3054
 3042
 3034
 3026
 3020
 3018
 3010
 3002
 2986
 2970
 2950
 2928
 2902
 2874
 2844
 2812
 2778
 2742
 2704
 2670
 2634
 2598
 2560
 2518
 2476
 2432
 2384
 2344
 2302
 2258
 2220
 2180
 2144
 2108
 2074
 2038
 2008
 1974
 1944
 1914
 1888
 1864
 1842
 1824
 1816
 1808
 1810
 1814
 1820
 1830
 1842
 1854
 1874
 1894
 1912
 1932
 1958
 1984
 2012
 2042
 2072
 2098
 2124
 2150
 2176
 2200
 2226
 2254
 2280
 2310
 2338
 2370
 2402
 2438
 2472
 2508
 2534
 2564
 2596
 2630
 2662
 2696
 2730
 2762
 2794
 2820
 2844
 2866
 2882
 2898
 2912
 2920
 2928
 2934
 2942
 2950
 2954
 2960
 2966
 2970
 2968
 2962
 2952
 2940
 2918
 2892
 2858
 2822
 2784
 2742
 2698
 2656
 2610
 2562
 2512
 2460
 2406
 2352
 2300
 2250
 2204
 2158
 2116
 2068
 2024
 1982
 1938
 1894
 1848
 1802
 1758
 1724
 1688
 1646
 1614
 1578
 1552
 1530
 1508
 1496
 1490
 1492
 1498
 1506
 1518
 1532
 1548
 1572
 1592
 1616
 1644
 1672
 1706
 1738
 1776
 1814
 1852
 1890
 1928
 1966
 2006
 2046
 2084
 2122
 2160
 2196
 2242
 2292
 2332
 2368
 2408
 2448
 2488
 2524
 2558
 2594
 2630
 2666
 2692
 2718
 2740
 2760
 2784
 2802
 2824
 2842
 2864
 2890
 2914
 2928
 2942
 2946
 2948
 2950
 2948
 2946
 2938
 2920
 2894
 2868
 2844
 2814
 2782
 2752
 2712
 2676
 2638
 2600
 2560
 2516
 2468
 2426
 2378
 2326
 2280
 2232
 2184
 2138
 2096
 2058
 2026
 1998
 1970
 1944
 1918
 1890
 1868
 1848
 1830
 1820
 1814
 1814
 1820
 1836
 1852
 1872
 1900
 1928
 1956
 1986
 2016
 2052
 2092
 2132
 2170
 2208
 2250
 2292
 2338
 2382
 2428
 2474
 2518
 2554
 2590
 2628
 2658
 2686
 2708
 2730
 2750
 2770
 2788
 2812
 2834
 2852
 2858
 2856
 2844
 2828
 2808
 2782
 2758
 2732
 2694
 2652
 2602
 2550
 2498
 2444
 2392
 2344
 2296
 2250
 2210
 2174
 2140
 2110
 2080
 2056
 2030
 2006
 1988
 1972
 1960
 1956
 1958
 1968
 1986
 2000
 2018
 2040
 2060
 2082
 2108
 2138
 2172
 2210
 2252
 2288
 2326
 2364
 2400
 2438
 2476
 2516
 2558
 2596
 2630
 2666
 2702
 2730
 2758
 2780
 2804
 2824
 2844
 2866
 2888
 2914
 2936
 2954
 2972
 2990
 3006
 3014
 3010
 2998
 2980
 2954
 2924
 2892
 2850
 2800
 2756
 2706
 2660
 2610
 2562
 2518
 2478
 2442
 2404
 2370
 2332
 2294
 2262
 2228
 2192
 2164
 2134
 2102
 2076
 2050
 2026
 2012
 2006
 2006
 2016
 2028
 2048
 2074
 2106
 2142
 2174
 2208
 2242
 2278
 2314
 2350
 2384
 2416
 2446
 2474
 2504
 2534
 2558
 2588
 2620
 2654
 2688
 2724
 2760
 2802
 2842
 2876
 2910
 2940
 2964
 2988
 3006
 3008
 3002
 2992
 2972
 2944
 2914
 2872
 2830
 2784
 2740
 2694
 2648
 2602
 2558
 2518
 2478
 2438
 2402
 2366
 2330
 2296
 2262
 2230
 2196
 2160
 2128
 2108
 2090
 2082
 2086
 2092
 2104
 2120
 2142
 2168
 2200
 2234
 2266
 2300
 2332
 2368
 2404
 2444
 2478
 2514
 2544
 2574
 2612
 2644
 2672
 2706
 2740
 2774
 2808
 2838
 2876
 2912
 2950
 2980
 3008
 3028
 3046
 3068
 3086
 3104
 3110
 3104
 3088
 3066
 3040
 3000
 2962
 2918
 2872
 2828
 2780
 2734
 2694
 2656
 2610
 2566
 2524
 2476
 2432
 2390
 2346
 2308
 2272
 2240
 2216
 2200
 2190
 2200
 2218
 2242
 2270
 2302
 2342
 2388
 2436
 2482
 2532
 2578
 2620
 2666
 2708
 2748
 2786
 2822
 2858
 2898
 2940
 2968
 2998
 3020
 3040
 3056
 3070
 3080
 3082
 3078
 3054
 3020
 2984
 2938
 2892
 2838
 2786
 2734
 2682
 2636
 2596
 2548
 2494
 2444
 2392
 2342
 2296
 2252
 2214
 2182
 2152
 2120
 2096
 2074
 2060
 2056
 2056
 2066
 2080
 2098
 2124
 2152
 2176
 2202
 2230
 2258
 2286
 2312
 2342
 2370
 2408
 2446
 2476
 2510
 2546
 2586
 2626
 2666
 2700
 2734
 2766
 2796
 2832
 2872
 2906
 2938
 2970
 3002
 3034
 3060
 3082
 3106
 3138
 3160
 3178
 3194
 3206
 3210
 3206
 3192
 3170
 3144
 3116
 3090
 3048
 2998
 2948
 2894
 2838
 2776
 2718
 2660
 2608
 2554
 2500
 2452
 2400
 2350
 2304
 2260
 2216
 2174
 2136
 2102
 2072
 2036
 2012
 1990
 1976
 1970
 1968
 1974
 1982
 1996
 2014
 2032
 2050
 2068
 2086
 2108
 2130
 2152
 2176
 2200
 2230
 2264
 2294
 2318
 2350
 2380
 2412
 2444
 2480
 2518
 2558
 2596
 2628
 2660
 2692
 2724
 2756
 2790
 2818
 2846
 2874
 2898
 2924
 2954
 2974
 2988
 3004
 3018
 3032
 3046
 3060
 3076
 3094
 3118
 3134
 3148
 3162
 3172
 3184
 3196
 3198
 3202
 3206
 3212
 3218
 3220
 3222
 3216
 3210
 3202
 3198
 3192
 3192
 3192
 3196
 3202
 3208
 3214
 3218
 3224
 3228
 3232
 3236
 3242
 3244
 3244
 3238
 3232
 3220
 3202
 3172
 3140
 3106
 3070
 3026
 2978
 2932
 2886
 2842
 2796
 2736
 2678
 2616
 2558
 2500
 2444
 2386
 2330
 2274
 2216
 2154
 2096
 2040
 1980
 1928
 1880
 1834
 1794
 1762
 1732
 1704
 1684
 1658
 1626
 1592
 1560
 1532
 1500
 1472
 1446
 1424
 1404
 1390
 1380
 1376
 1372
 1370
 1376
 1380
 1382
 1402
 1420
 1438
 1464
 1492
 1522
 1550
 1578
 1610
 1644
 1688
 1736
 1782
 1828
 1874
 1920
 1968
 2024
 2076
 2118
 2168
 2216
 2264
 2314
 2360
 2410
 2460
 2506
 2546
 2584
 2618
 2648
 2680
 2710
 2740
 2774
 2810
 2844
 2876
 2910
 2938
 2968
 2996
 3018
 3040
 3052
 3070
 3088
 3110
 3134
 3158
 3180
 3202
 3218
 3234
 3246
 3254
 3264
 3268
 3272
 3274
 3276
 3276
 3276
 3276
 3274
 3268
 3256
 3250
 3242
 3234
 3230
 3224
 3224
 3232
 3236
 3236
 3224
 3204
 3182
 3152
 3118
 3078
 3030
 2980
 2922
 2862
 2804
 2746
 2690
 2630
 2572
 2522
 2472
 2420
 2372
 2328
 2284
 2238
 2190
 2140
 2090
 2038
 1984
 1934
 1882
 1830
 1782
 1736
 1692
 1656
 1620
 1588
 1556
 1522
 1496
 1470
 1450
 1432
 1418
 1416
 1414
 1416
 1416
 1416
 1418
 1424
 1434
 1446
 1466
 1498
 1540
 1588
 1646
 1708
 1770
 1830
 1880
 1932
 1984
 2046
 2108
 2172
 2230
 2288
 2344
 2394
 2438
 2482
 2524
 2564
 2606
 2648
 2684
 2722
 2756
 2788
 2818
 2846
 2872
 2894
 2906
 2918
 2928
 2936
 2944
 2952
 2964
 2976
 2990
 3000
 3006
 3016
 3022
 3030
 3038
 3046
 3050
 3056
 3060
 3060
 3062
 3066
 3066
 3068
 3064
 3056
 3050
 3040
 3034
 3022
 3006
 2984
 2960
 2936
 2908
 2874
 2844
 2812
 2778
 2748
 2718
 2688
 2658
 2626
 2594
 2566
 2536
 2506
 2476
 2438
 2398
 2366
 2330
 2292
 2260
 2228
 2198
 2174
 2150
 2120
 2090
 2060
 2028
 1998
 1966
 1934
 1910
 1888
 1876
 1872
 1870
 1874
 1882
 1894
 1902
 1920
 1936
 1954
 1972
 1998
 2024
 2052
 2082
 2110
 2138
 2164
 2192
 2222
 2252
 2286
 2320
 2354
 2388
 2422
 2458
 2494
 2528
 2560
 2592
 2622
 2644
 2670
 2690
 2716
 2740
 2762
 2786
 2810
 2836
 2858
 2876
 2896
 2910
 2922
 2934
 2946
 2956
 2966
 2976
 2980
 2982
 2986
 2990
 2996
 2996
 2992
 2988
 2982
 2980
 2978
 2976
 2978
 2982
 2988
 2994
 3000
 3004
 3010
 3014
 3018
 3022
 3026
 3030
 3032
 3028
 3020
 3012
 2998
 2976
 2948
 2918
 2876
 2838
 2798
 2752
 2702
 2658
 2612
 2568
 2530
 2492
 2450
 2412
 2370
 2330
 2292
 2252
 2214
 2176
 2138
 2100
 2066
 2028
 1994
 1962
 1922
 1888
 1858
 1826
 1798
 1778
 1760
 1752
 1750
 1754
 1756
 1766
 1776
 1790
 1810
 1834
 1854
 1876
 1900
 1924
 1954
 1988
 2022
 2050
 2090
 2130
 2174
 2216
 2258
 2302
 2344
 2386
 2424
 2456
 2488
 2518
 2546
 2576
 2606
 2634
 2664
 2692
 2720
 2742
 2768
 2792
 2806
 2818
 2826
 2838
 2848
 2856
 2866
 2880
 2892
 2906
 2920
 2928
 2938
 2940
 2942
 2946
 2952
 2954
 2958
 2962
 2966
 2970
 2974
 2972
 2966
 2962
 2956
 2952
 2948
 2946
 2946
 2950
 2956
 2960
 2968
 2972
 2980
 2984
 2986
 2990
 2994
 2996
 3000
 3000
 2996
 2988
 2976
 2954
 2928
 2898
 2868
 2834
 2800
 2764
 2732
 2702
 2668
 2636
 2598
 2558
 2518
 2474
 2430
 2384
 2342
 2298
 2256
 2216
 2176
 2140
 2096
 2060
 2028
 1996
 1964
 1934
 1910
 1894
 1886
 1890
 1896
 1910
 1928
 1946
 1970
 1998
 2028
 2058
 2092
 2130
 2172
 2214
 2248
 2288
 2328
 2374
 2416
 2458
 2502
 2542
 2584
 2620
 2650
 2682
 2708
 2734
 2758
 2780
 2802
 2822
 2844
 2862
 2882
 2888
 2898
 2902
 2906
 2908
 2912
 2914
 2920
 2930
 2938
 2940
 2946
 2950
 2954
 2956
 2948
 2938
 2922
 2900
 2876
 2848
 2814
 2774
 2734
 2696
 2656
 2622
 2588
 2550
 2510
 2472
 2428
 2390
 2350
 2312
 2280
 2248
 2216
 2188
 2162
 2136
 2116
 2096
 2070
 2054
 2034
 2014
 2006
 2006
 2018
 2040
 2064
 2092
 2116
 2146
 2180
 2218
 2258
 2302
 2346
 2390
 2432
 2476
 2518
 2552
 2584
 2616
 2648
 2680
 2710
 2744
 2774
 2806
 2834
 2856
 2878
 2896
 2916
 2934
 2950
 2958
 2962
 2958
 2950
 2934
 2906
 2882
 2850
 2818
 2780
 2736
 2692
 2648
 2604
 2560
 2514
 2474
 2432
 2392
 2354
 2312
 2274
 2236
 2200
 2168
 2140
 2104
 2074
 2044
 2018
 2004
 2002
 2008
 2024
 2048
 2076
 2102
 2130
 2158
 2190
 2224
 2258
 2296
 2330
 2366
 2408
 2446
 2478
 2514
 2544
 2576
 2610
 2640
 2672
 2704
 2738
 2766
 2792
 2814
 2834
 2856
 2874
 2898
 2916
 2934
 2946
 2962
 2970
 2974
 2976
 2962
 2946
 2918
 2886
 2856
 2818
 2780
 2736
 2694
 2650
 2604
 2562
 2518
 2474
 2432
 2390
 2350
 2314
 2276
 2230
 2198
 2156
 2116
 2076
 2036
 2004
 1976
 1958
 1938
 1922
 1912
 1908
 1914
 1924
 1940
 1962
 1982
 2010
 2044
 2076
 2112
 2156
 2194
 2230
 2266
 2306
 2350
 2394
 2438
 2478
 2518
 2552
 2584
 2618
 2648
 2684
 2716
 2744
 2772
 2802
 2824
 2840
 2854
 2866
 2878
 2888
 2900
 2914
 2930
 2948
 2962
 2978
 2990
 3000
 3002
 2988
 2968
 2946
 2918
 2884
 2852
 2814
 2768
 2730
 2686
 2646
 2602
 2560
 2520
 2480
 2436
 2386
 2340
 2294
 2250
 2210
 2170
 2134
 2098
 2064
 2034
 2008
 1982
 1956
 1942
 1926
 1924
 1926
 1932
 1942
 1956
 1980
 2004
 2030
 2056
 2080
 2114
 2142
 2174
 2204
 2240
 2274
 2314
 2350
 2380
 2422
 2458
 2498
 2532
 2570
 2612
 2650
 2686
 2716
 2746
 2772
 2798
 2824
 2846
 2868
 2890
 2910
 2930
 2950
 2966
 2966
 2968
 2966
 2970
 2972
 2974
 2980
 2992
 3006
 3020
 3030
 3030
 3018
 2998
 2970
 2936
 2898
 2858
 2814
 2772
 2728
 2676
 2628
 2580
 2532
 2486
 2442
 2394
 2348
 2306
 2264
 2224
 2186
 2142
 2106
 2070
 2036
 2004
 1976
 1950
 1934
 1916
 1904
 1904
 1904
 1912
 1928
 1948
 1974
 2002
 2032
 2060
 2092
 2126
 2158
 2194
 2230
 2266
 2304
 2340
 2382
 2424
 2456
 2490
 2524
 2560
 2594
 2624
 2654
 2688
 2718
 2748
 2772
 2792
 2810
 2828
 2846
 2862
 2878
 2894
 2906
 2922
 2932
 2938
 2944
 2942
 2944
 2942
 2946
 2950
 2952
 2962
 2970
 2980
 2990
 2996
 3004
 3012
 3018
 3022
 3028
 3032
 3034
 3036
 3032
 3026
 3018
 3014
 3010
 3008
 3002
 2988
 2976
 2954
 2926
 2898
 2864
 2830
 2796
 2758
 2720
 2678
 2636
 2592
 2548
 2508
 2458
 2416
 2374
 2330
 2286
 2248
 2210
 2176
 2144
 2108
 2066
 2026
 1982
 1940
 1902
 1866
 1830
 1798
 1764
 1736
 1712
 1684
 1656
 1636
 1612
 1596
 1586
 1578
 1574
 1576
 1578
 1580
 1586
 1588
 1598
 1608
 1620
 1630
 1642
 1656
 1672
 1696
 1722
 1744
 1776
 1808
 1836
 1868
 1902
 1940
 1978
 2020
 2062
 2096
 2132
 2166
 2200
 2236
 2268
 2308
 2346
 2382
 2420
 2454
 2494
 2526
 2550
 2576
 2600
 2628
 2652
 2678
 2704
 2734
 2762
 2784
 2804
 2820
 2836
 2856
 2872
 2888
 2902
 2914
 2922
 2928
 2934
 2942
 2946
 2942
 2942
 2940
 2942
 2942
 2944
 2948
 2956
 2966
 2976
 2982
 2986
 2984
 2980
 2970
 2954
 2936
 2914
 2890
 2864
 2836
 2804
 2764
 2732
 2696
 2662
 2628
 2594
 2558
 2524
 2490
 2452
 2416
 2380
 2342
 2306
 2270
 2236
 2200
 2166
 2130
 2098
 2066
 2036
 2006
 1970
 1944
 1916
 1888
 1862
 1838
 1816
 1796
 1780
 1760
 1744
 1726
 1712
 1702
 1698
 1696
 1696
 1698
 1704
 1712
 1732
 1744
 1756
 1774
 1786
 1800
 1820
 1840
 1862
 1888
 1922
 1948
 1976
 2002
 2028
 2054
 2080
 2106
 2130
 2156
 2186
 2212
 2244
 2276
 2300
 2326
 2356
 2388
 2422
 2454
 2492
 2528
 2564
 2596
 2624
 2654
 2678
 2702
 2724
 2746
 2770
 2792
 2814
 2834
 2850
 2874
 2890
 2900
 2916
 2926
 2938
 2948
 2960
 2974
 2988
 3004
 3016
 3030
 3040
 3052
 3054
 3058
 3064
 3068
 3074
 3078
 3080
 3084
 3084
 3078
 3074
 3068
 3060
 3048
 3028
 3008
 2986
 2960
 2934
 2904
 2870
 2834
 2796
 2756
 2716
 2674
 2632
 2590
 2544
 2498
 2454
 2408
 2354
 2314
 2268
 2222
 2180
 2136
 2094
 2050
 2006
 1958
 1908
 1858
 1808
 1770
 1740
 1714
 1694
 1680
 1666
 1652
 1642
 1634
 1622
 1616
 1612
 1602
 1598
 1592
 1596
 1600
 1606
 1614
 1616
 1622
 1628
 1640
 1650
 1656
 1680
 1704
 1738
 1776
 1816
 1858
 1894
 1936
 1974
 2018
 2070
 2118
 2168
 2212
 2254
 2300
 2342
 2372
 2412
 2452
 2492
 2530
 2564
 2598
 2634
 2668
 2696
 2720
 2742
 2764
 2786
 2798
 2814
 2828
 2846
 2866
 2886
 2906
 2922
 2936
 2950
 2962
 2974
 2984
 2994
 2998
 3000
 3004
 3002
 3004
 3000
 3000
 2998
 2998
 3000
 3004
 3012
 3018
 3026
 3034
 3040
 3042
 3046
 3048
 3052
 3048
 3044
 3036
 3034
 3030
 3024
 3022
 3024
 3028
 3032
 3034
 3036
 3042
 3046
 3048
 3044
 3036
 3024
 3010
 2988
 2964
 2936
 2902
 2866
 2826
 2778
 2736
 2694
 2650
 2606
 2564
 2522
 2482
 2444
 2402
 2364
 2324
 2286
 2248
 2210
 2174
 2140
 2104
 2074
 2044
 2020
 1994
 1970
 1948
 1924
 1904
 1884
 1862
 1852
 1842
 1836
 1836
 1838
 1844
 1856
 1876
 1894
 1914
 1934
 1952
 1974
 1996
 2016
 2040
 2062
 2092
 2122
 2154
 2186
 2222
 2254
 2292
 2328
 2358
 2392
 2426
 2462
 2496
 2528
 2566
 2604
 2640
 2672
 2698
 2724
 2748
 2772
 2796
 2824
 2846
 2870
 2892
 2912
 2932
 2952
 2966
 2982
 2992
 2996
 3000
 2998
 2996
 2996
 3000
 3004
 3008
 3020
 3028
 3036
 3046
 3052
 3056
 3054
 3048
 3032
 3008
 2980
 2946
 2904
 2860
 2812
 2758
 2706
 2658
 2608
 2558
 2510
 2462
 2416
 2372
 2332
 2288
 2248
 2208
 2166
 2126
 2090
 2054
 2020
 1986
 1954
 1928
 1902
 1872
 1850
 1830
 1810
 1794
 1780
 1766
 1760
 1756
 1754
 1754
 1762
 1770
 1784
 1796
 1808
 1818
 1830
 1842
 1856
 1876
 1892
 1908
 1928
 1944
 1964
 1980
 2002
 2026
 2054
 2090
 2122
 2158
 2198
 2236
 2276
 2312
 2350
 2388
 2428
 2470
 2516
 2564
 2596
 2630
 2662
 2694
 2726
 2754
 2780
 2806
 2834
 2860
 2882
 2900
 2916
 2932
 2930
 2916
 2902
 2882
 2860
 2826
 2784
 2742
 2694
 2644
 2596
 2548
 2500
 2454
 2410
 2366
 2324
 2284
 2246
 2210
 2176
 2144
 2110
 2070
 2042
 2014
 1986
 1962
 1944
 1930
 1920
 1910
 1906
 1904
 1904
 1908
 1912
 1920
 1920
 1926
 1936
 1952
 1978
 2010
 2044
 2084
 2128
 2168
 2208
 2244
 2282
 2322
 2358
 2388
 2418
 2450
 2484
 2520
 2558
 2600
 2642
 2680
 2714
 2742
 2768
 2796
 2822
 2846
 2870
 2890
 2908
 2926
 2928
 2908
 2876
 2840
 2800
 2754
 2706
 2658
 2612
 2564
 2516
 2470
 2422
 2378
 2336
 2294
 2250
 2212
 2178
 2140
 2108
 2080
 2050
 2024
 1998
 1978
 1960
 1948
 1936
 1928
 1930
 1932
 1942
 1956
 1972
 1990
 2018
 2040
 2066
 2090
 2114
 2140
 2166
 2200
 2234
 2270
 2302
 2328
 2360
 2392
 2424
 2456
 2490
 2520
 2556
 2590
 2620
 2654
 2684
 2714
 2744
 2772
 2804
 2836
 2866
 2888
 2894
 2880
 2852
 2816
 2780
 2734
 2684
 2628
 2574
 2522
 2470
 2424
 2380
 2340
 2300
 2262
 2220
 2182
 2148
 2110
 2078
 2048
 2020
 1990
 1966
 1940
 1918
 1908
 1906
 1914
 1930
 1954
 1976
 2002
 2026
 2052
 2084
 2120
 2158
 2192
 2228
 2264
 2290
 2320
 2344
 2372
 2402
 2434
 2470
 2504
 2542
 2570
 2600
 2624
 2646
 2668
 2690
 2712
 2732
 2756
 2778
 2790
 2812
 2830
 2852
 2874
 2892
 2910
 2932
 2952
 2968
 2986
 2986
 2976
 2962
 2940
 2912
 2878
 2846
 2806
 2760
 2718
 2672
 2624
 2570
 2514
 2458
 2408
 2360
 2312
 2270
 2222
 2180
 2140
 2100
 2064
 2026
 1998
 1970
 1940
 1916
 1894
 1878
 1862
 1858
 1858
 1872
 1894
 1914
 1940
 1964
 1990
 2024
 2058
 2094
 2128
 2166
 2210
 2244
 2282
 2314
 2352
 2392
 2428
 2464
 2502
 2546
 2588
 2622
 2654
 2682
 2714
 2744
 2772
 2798
 2826
 2852
 2868
 2886
 2896
 2910
 2922
 2928
 2938
 2948
 2956
 2954
 2938
 2912
 2886
 2848
 2808
 2768
 2728
 2692
 2654
 2618
 2580
 2544
 2502
 2462
 2424
 2382
 2344
 2306
 2268
 2236
 2204
 2172
 2144
 2102
 2064
 2030
 1996
 1968
 1946
 1932
 1930
 1938
 1954
 1972
 1992
 2016
 2042
 2070
 2102
 2132
 2162
 2190
 2218
 2254
 2280
 2314
 2344
 2376
 2414
 2452
 2494
 2536
 2580
 2618
 2656
 2694
 2732
 2770
 2806
 2844
 2874
 2910
 2934
 2954
 2974
 2990
 3008
 3026
 3042
 3062
 3076
 3092
 3096
 3082
 3054
 3024
 2988
 2950
 2908
 2864
 2818
 2774
 2720
 2672
 2626
 2578
 2532
 2486
 2446
 2406
 2368
 2330
 2286
 2242
 2200
 2162
 2122
 2084
 2050
 2016
 1988
 1966
 1952
 1944
 1950
 1956
 1966
 1982
 1996
 2018
 2046
 2074
 2110
 2150
 2190
 2228
 2274
 2318
 2364
 2408
 2456
 2502
 2548
 2588
 2624
 2662
 2696
 2730
 2762
 2792
 2818
 2846
 2870
 2886
 2900
 2900
 2904
 2906
 2912
 2918
 2930
 2944
 2954
 2966
 2976
 2984
 2992
 2998
 3006
 3012
 3014
 3020
 3026
 3030
 3038
 3040
 3040
 3034
 3026
 3018
 3010
 3006
 3004
 3000
 2990
 2972
 2948
 2920
 2890
 2856
 2818
 2776
 2734
 2688
 2638
 2590
 2548
 2496
 2450
 2402
 2354
 2308
 2264
 2224
 2188
 2158
 2122
 2086
 2048
 2010
 1974
 1940
 1904
 1868
 1846
 1824
 1798
 1786
 1774
 1768
 1768
 1774
 1784
 1798
 1812
 1830
 1850
 1862
 1880
 1896
 1914
 1926
 1940
 1950
 1964
 1982
 2002
 2024
 2048
 2070
 2090
 2112
 2130
 2152
 2170
 2196
 2222
 2248
 2268
 2286
 2300
 2320
 2334
 2344
 2360
 2370
 2380
 2390
 2398
 2406
 2418
 2424
 2428
 2432
 2434
 2434
 2434
 2436
 2436
 2438
 2440
 2440
 2442
 2430
 2416
 2400
 2384
 2374
 2372
 2374
 2382
 2394
 2404
 2408
 2416
 2416
 2420
 2418
 2418
 2420
 2426
 2434
 2442
 2458
 2468
 2480
 2500
 2524
 2550
 2574
 2602
 2634
 2666
 2694
 2716
 2734
 2748
 2766
 2784
 2802
 2826
 2844
 2864
 2886
 2896
 2908
 2914
 2924
 2930
 2940
 2942
 2952
 2966
 2978
 2990
 3002
 3012
 3022
 3030
 3040
 3044
 3048
 3052
 3054
 3050
 3046
 3042
 3042
 3040
 3042
 3044
 3052
 3062
 3070
 3080
 3086
 3090
 3094
 3094
 3098
 3090
 3084
 3070
 3058
 3044
 3020
 2994
 2968
 2946
 2920
 2896
 2866
 2836
 2806
 2774
 2742
 2712
 2680
 2648
 2616
 2586
 2558
 2526
 2498
 2466
 2430
 2388
 2358
 2324
 2294
 2266
 2240
 2218
 2194
 2168
 2140
 2108
 2076
 2048
 2016
 1986
 1952
 1922
 1886
 1846
 1818
 1792
 1772
 1760
 1754
 1756
 1756
 1758
 1764
 1770
 1782
 1796
 1812
 1832
 1850
 1876
 1906
 1936
 1968
 2000
 2030
 2066
 2096
 2120
 2156
 2198
 2246
 2296
 2346
 2396
 2444
 2488
 2528
 2566
 2608
 2656
 2696
 2736
 2770
 2804
 2836
 2868
 2896
 2914
 2936
 2946
 2960
 2970
 2984
 2998
 3016
 3034
 3048
 3062
 3072
 3078
 3084
 3090
 3090
 3090
 3088
 3090
 3088
 3092
 3098
 3104
 3110
 3116
 3122
 3130
 3134
 3138
 3144
 3146
 3150
 3152
 3152
 3158
 3156
 3154
 3136
 3102
 3072
 3036
 3000
 2960
 2920
 2880
 2838
 2794
 2748
 2700
 2654
 2606
 2560
 2514
 2466
 2416
 2366
 2316
 2268
 2224
 2182
 2142
 2106
 2066
 2030
 1996
 1954
 1918
 1886
 1852
 1822
 1794
 1768
 1744
 1726
 1704
 1678
 1654
 1634
 1620
 1616
 1616
 1618
 1630
 1640
 1654
 1670
 1686
 1706
 1728
 1752
 1780
 1806
 1834
 1868
 1900
 1930
 1962
 1992
 2022
 2056
 2090
 2122
 2156
 2192
 2226
 2264
 2300
 2338
 2374
 2410
 2448
 2490
 2532
 2572
 2612
 2652
 2690
 2728
 2764
 2786
 2810
 2834
 2858
 2880
 2902
 2926
 2948
 2964
 2978
 2988
 3004
 3016
 3024
 3034
 3044
 3052
 3060
 3064
 3068
 3066
 3056
 3036
 3006
 2968
 2926
 2880
 2822
 2762
 2696
 2626
 2556
 2486
 2410
 2326
 2238
 2142
 2048
 1952
 1854
 1760
 1672
 1588
 1514
 1448
 1394
 1338
 1288
 1240
 1202
 1170
 1134
 1104
 1086
 1068
 1054
 1042
 1036
 1038
 1040
 1048
 1048
 1048
 1052
 1060
 1070
 1086
 1110
 1148
 1200
 1272
 1352
 1436
 1526
 1606
 1672
 1740
 1806
 1876
 1944
 2008
 2068
 2124
 2176
 2224
 2264
 2302
 2340
 2382
 2426
 2466
 2508
 2550
 2588
 2626
 2664
 2694
 2726
 2758
 2778
 2796
 2814
 2830
 2848
 2864
 2880
 2896
 2918
 2932
 2946
 2958
 2974
 2986
 2998
 3008
 3018
 3028
 3036
 3042
 3050
 3056
 3064
 3066
 3062
 3060
 3056
 3054
 3050
 3048
 3048
 3050
 3058
 3064
 3072
 3078
 3076
 3072
 3062
 3040
 3012
 2982
 2950
 2914
 2876
 2834
 2794
 2748
 2702
 2660
 2616
 2568
 2520
 2474
 2426
 2380
 2336
 2290
 2246
 2204
 2160
 2124
 2090
 2050
 2008
 1966
 1928
 1892
 1866
 1842
 1822
 1812
 1814
 1820
 1834
 1852
 1874
 1904
 1936
 1976
 2020
 2058
 2096
 2130
 2164
 2204
 2240
 2276
 2312
 2352
 2392
 2440
 2482
 2516
 2558
 2598
 2638
 2674
 2710
 2746
 2780
 2816
 2844
 2874
 2900
 2924
 2938
 2942
 2934
 2918
 2898
 2870
 2840
 2806
 2766
 2718
 2670
 2624
 2574
 2526
 2480
 2436
 2396
 2358
 2322
 2284
 2248
 2212
 2174
 2138
 2100
 2060
 2022
 1982
 1948
 1922
 1896
 1870
 1848
 1832
 1816
 1808
 1802
 1802
 1806
 1814
 1826
 1836
 1850
 1862
 1876
 1902
 1932
 1966
 2004
 2038
 2074
 2110
 2150
 2186
 2220
 2262
 2304
 2348
 2390
 2434
 2478
 2522
 2562
 2600
 2640
 2680
 2716
 2750
 2784
 2812
 2838
 2860
 2872
 2872
 2864
 2848
 2828
 2806
 2774
 2744
 2706
 2668
 2624
 2580
 2536
 2490
 2444
 2400
 2350
 2306
 2260
 2214
 2172
 2132
 2090
 2054
 2020
 1986
 1954
 1924
 1894
 1862
 1834
 1810
 1792
 1786
 1794
 1802
 1822
 1842
 1862
 1886
 1916
 1946
 1974
 2006
 2036
 2072
 2118
 2152
 2188
 2226
 2264
 2300
 2334
 2368
 2406
 2442
 2478
 2508
 2542
 2574
 2604
 2634
 2662
 2692
 2716
 2738
 2752
 2762
 2768
 2762
 2750
 2722
 2690
 2654
 2614
 2576
 2536
 2498
 2458
 2420
 2380
 2338
 2300
 2264
 2228
 2194
 2156
 2124
 2098
 2072
 2040
 2016
 1990
 1966
 1944
 1926
 1914
 1910
 1914
 1920
 1940
 1960
 1984
 2008
 2032
 2058
 2084
 2116
 2150
 2188
 2228
 2264
 2304
 2342
 2386
 2430
 2472
 2516
 2562
 2608
 2646
 2684
 2720
 2752
 2782
 2808
 2834
 2860
 2886
 2912
 2938
 2960
 2980
 2994
 3012
 3028
 3046
 3060
 3076
 3096
 3116
 3138
 3154
 3166
 3166
 3156
 3138
 3116
 3078
 3036
 2988
 2934
 2876
 2822
 2764
 2706
 2656
 2604
 2558
 2514
 2474
 2434
 2400
 2372
 2340
 2312
 2286
 2258
 2232
 2204
 2176
 2154
 2130
 2112
 2108
 2112
 2126
 2146
 2176
 2208
 2242
 2270
 2302
 2338
 2372
 2406
 2436
 2470
 2498
 2524
 2550
 2578
 2608
 2640
 2674
 2706
 2742
 2770
 2788
 2814
 2836
 2868
 2898
 2930
 2962
 2994
 3018
 3038
 3054
 3070
 3084
 3096
 3108
 3120
 3124
 3124
 3104
 3072
 3036
 2990
 2946
 2900
 2854
 2806
 2760
 2714
 2672
 2634
 2596
 2556
 2516
 2468
 2424
 2378
 2332
 2294
 2254
 2216
 2184
 2152
 2122
 2106
 2094
 2090
 2092
 2102
 2118
 2142
 2170
 2192
 2220
 2242
 2264
 2292
 2320
 2350
 2380
 2414
 2450
 2490
 2520
 2548
 2580
 2610
 2642
 2674
 2712
 2754
 2794
 2834
 2870
 2910
 2952
 2990
 3022
 3054
 3070
 3072
 3054
 3032
 3002
 2960
 2920
 2876
 2832
 2786
 2740
 2698
 2656
 2620
 2578
 2534
 2494
 2450
 2414
 2378
 2344
 2312
 2278
 2246
 2222
 2194
 2166
 2146
 2126
 2112
 2102
 2098
 2098
 2100
 2112
 2122
 2134
 2144
 2158
 2172
 2190
 2208
 2224
 2244
 2262
 2286
 2310
 2330
 2350
 2374
 2392
 2412
 2432
 2454
 2482
 2510
 2542
 2566
 2596
 2618
 2642
 2668
 2692
 2714
 2736
 2760
 2782
 2806
 2832
 2858
 2876
 2898
 2918
 2938
 2962
 2978
 2998
 3020
 3044
 3068
 3084
 3102
 3116
 3130
 3148
 3162
 3176
 3190
 3204
 3216
 3224
 3232
 3242
 3242
 3240
 3236
 3232
 3230
 3224
 3216
 3200
 3180
 3160
 3136
 3110
 3076
 3036
 3002
 2964
 2926
 2886
 2846
 2806
 2766
 2726
 2684
 2644
 2600
 2548
 2508
 2468
 2430
 2390
 2358
 2326
 2296
 2268
 2242
 2216
 2190
 2164
 2138
 2114
 2090
 2066
 2044
 2022
 2000
 1978
 1960
 1946
 1936
 1922
 1920
 1916
 1918
 1922
 1930
 1942
 1958
 1978
 1998
 2014
 2036
 2056
 2078
 2100
 2124
 2150
 2176
 2206
 2238
 2270
 2304
 2336
 2368
 2390
 2418
 2448
 2480
 2514
 2548
 2584
 2616
 2650
 2684
 2714
 2740
 2762
 2786
 2810
 2836
 2858
 2878
 2902
 2920
 2940
 2960
 2980
 3002
 3022
 3032
 3044
 3054
 3070
 3086
 3102
 3120
 3142
 3162
 3180
 3192
 3204
 3214
 3226
 3234
 3240
 3248
 3256
 3262
 3266
 3272
 3274
 3280
 3282
 3282
 3274
 3266
 3262
 3258
 3250
 3242
 3240
 3242
 3248
 3252
 3256
 3258
 3260
 3264
 3262
 3262
 3264
 3260
 3254
 3240
 3222
 3198
 3166
 3128
 3086
 3038
 2982
 2930
 2876
 2822
 2768
 2714
 2662
 2612
 2566
 2510
 2450
 2400
 2344
 2296
 2246
 2198
 2150
 2102
 2054
 2008
 1966
 1922
 1876
 1834
 1784
 1750
 1714
 1672
 1632
 1598
 1566
 1540
 1522
 1504
 1488
 1478
 1476
 1484
 1500
 1524
 1554
 1590
 1634
 1686
 1740
 1796
 1854
 1902
 1962
 2020
 2086
 2154
 2220
 2290
 2370
 2446
 2512
 2568
 2620
 2656
 2680
 2712
 2742
 2758
 2774
 2794
 2814
 2830
 2858
 2900
 2944
 2990
 3028
 3042
 3040
 3012
 2994
 2978
 2956
 2936
 2924
 2920
 2934
 2952
 2976
 3006
 3040
 3068
 3082
 3084
 3074
 3052
 3022
 2986
 2946
 2912
 2878
 2840
 2794
 2748
 2698
 2638
 2580
 2532
 2484
 2432
 2384
 2340
 2296
 2256
 2212
 2168
 2128
 2084
 2042
 1998
 1952
 1906
 1862
 1816
 1770
 1724
 1682
 1636
 1596
 1562
 1530
 1506
 1490
 1478
 1476
 1480
 1490
 1498
 1510
 1522
 1538
 1558
 1584
 1606
 1632
 1660
 1700
 1734
 1768
 1818
 1872
 1930
 1986
 2046
 2100
 2152
 2202
 2240
 2274
 2312
 2352
 2402
 2458
 2510
 2556
 2598
 2638
 2668
 2702
 2728
 2742
 2762
 2776
 2790
 2802
 2814
 2828
 2848
 2864
 2876
 2892
 2902
 2908
 2912
 2918
 2922
 2928
 2934
 2940
 2944
 2950
 2948
 2942
 2938
 2932
 2928
 2924
 2922
 2922
 2928
 2936
 2942
 2946
 2948
 2950
 2952
 2952
 2948
 2946
 2942
 2942
 2944
 2946
 2952
 2960
 2964
 2972
 2968
 2956
 2942
 2920
 2896
 2868
 2834
 2802
 2770
 2734
 2702
 2666
 2622
 2580
 2536
 2494
 2450
 2406
 2364
 2322
 2278
 2236
 2188
 2146
 2096
 2050
 2004
 1954
 1906
 1860
 1816
 1776
 1738
 1702
 1664
 1632
 1600
 1568
 1542
 1516
 1488
 1464
 1444
 1424
 1414
 1412
 1410
 1414
 1418
 1424
 1428
 1432
 1436
 1444
 1450
 1462
 1478
 1492
 1516
 1542
 1578
 1618
 1662
 1706
 1750
 1798
 1848
 1892
 1926
 1972
 2024
 2084
 2144
 2198
 2254
 2308
 2360
 2408
 2446
 2484
 2520
 2554
 2588
 2622
 2654
 2684
 2712
 2740
 2766
 2790
 2816
 2836
 2858
 2876
 2892
 2898
 2900
 2904
 2906
 2910
 2912
 2914
 2922
 2930
 2942
 2948
 2956
 2964
 2970
 2978
 2978
 2980
 2982
 2986
 2990
 2992
 2996
 3000
 3002
 3006
 3006
 3006
 3006
 2996
 2992
 2984
 2982
 2978
 2976
 2974
 2974
 2970
 2960
 2948
 2932
 2912
 2890
 2866
 2838
 2804
 2766
 2724
 2684
 2642
 2602
 2562
 2522
 2478
 2436
 2390
 2338
 2296
 2254
 2208
 2164
 2124
 2086
 2046
 2012
 1976
 1938
 1904
 1870
 1838
 1806
 1778
 1748
 1720
 1690
 1664
 1648
 1638
 1632
 1634
 1638
 1644
 1652
 1668
 1686
 1704
 1730
 1754
 1784
 1812
 1846
 1884
 1918
 1954
 1990
 2026
 2060
 2094
 2128
 2158
 2188
 2226
 2264
 2304
 2342
 2382
 2420
 2458
 2490
 2516
 2544
 2570
 2602
 2632
 2664
 2698
 2730
 2760
 2786
 2808
 2828
 2848
 2864
 2882
 2898
 2910
 2916
 2924
 2930
 2938
 2946
 2952
 2958
 2962
 2964
 2960
 2954
 2948
 2944
 2944
 2946
 2946
 2950
 2956
 2964
 2972
 2974
 2978
 2976
 2968
 2958
 2942
 2918
 2890
 2858
 2826
 2786
 2744
 2704
 2664
 2622
 2586
 2544
 2496
 2452
 2410
 2372
 2332
 2296
 2264
 2230
 2196
 2164
 2128
 2096
 2062
 2030
 1998
 1966
 1934
 1902
 1872
 1846
 1820
 1798
 1776
 1756
 1740
 1722
 1704
 1682
 1670
 1658
 1650
 1644
 1640
 1646
 1654
 1664
 1674
 1684
 1700
 1712
 1728
 1744
 1764
 1790
 1816
 1846
 1878
 1912
 1952
 1990
 2026
 2064
 2106
 2146
 2178
 2214
 2254
 2294
 2332
 2372
 2414
 2452
 2488
 2522
 2550
 2576
 2600
 2622
 2646
 2670
 2690
 2708
 2726
 2744
 2762
 2778
 2794
 2808
 2820
 2832
 2840
 2840
 2840
 2840
 2844
 2848
 2852
 2858
 2868
 2878
 2890
 2898
 2906
 2908
 2908
 2910
 2914
 2918
 2918
 2922
 2924
 2924
 2926
 2928
 2928
 2930
 2928
 2926
 2920
 2904
 2896
 2888
 2882
 2876
 2872
 2872
 2874
 2878
 2876
 2872
 2874
 2874
 2876
 2880
 2882
 2884
 2888
 2892
 2892
 2894
 2896
 2896
 2900
 2900
 2900
 2896
 2888
 2882
 2874
 2872
 2866
 2860
 2854
 2846
 2838
 2826
 2810
 2790
 2772
 2748
 2726
 2698
 2672
 2640
 2608
 2574
 2540
 2504
 2468
 2432
 2392
 2352
 2314
 2272
 2226
 2188
 2152
 2114
 2080
 2044
 2010
 1978
 1948
 1914
 1878
 1848
 1816
 1786
 1762
 1740
 1720
 1704
 1692
 1690
 1694
 1704
 1718
 1734
 1762
 1790
 1814
 1838
 1866
 1894
 1924
 1956
 1988
 2024
 2060
 2098
 2136
 2168
 2198
 2232
 2266
 2302
 2338
 2374
 2410
 2442
 2476
 2508
 2540
 2574
 2606
 2634
 2662
 2684
 2696
 2710
 2722
 2736
 2748
 2760
 2774
 2792
 2808
 2824
 2840
 2854
 2866
 2876
 2886
 2894
 2902
 2906
 2912
 2918
 2916
 2916
 2918
 2918
 2918
 2918
 2918
 2912
 2904
 2896
 2886
 2882
 2880
 2878
 2878
 2880
 2884
 2888
 2890
 2894
 2900
 2900
 2902
 2902
 2904
 2898
 2888
 2880
 2870
 2866
 2858
 2854
 2854
 2854
 2858
 2862
 2862
 2856
 2848
 2834
 2806
 2786
 2758
 2732
 2698
 2664
 2628
 2592
 2552
 2514
 2474
 2430
 2388
 2348
 2302
 2260
 2212
 2166
 2120
 2076
 2032
 1990
 1948
 1900
 1860
 1824
 1786
 1752
 1720
 1694
 1666
 1640
 1614
 1584
 1558
 1530
 1508
 1488
 1470
 1454
 1444
 1440
 1436
 1438
 1438
 1444
 1454
 1468
 1492
 1526
 1562
 1602
 1648
 1690
 1734
 1782
 1828
 1874
 1920
 1962
 2006
 2048
 2086
 2124
 2160
 2200
 2238
 2280
 2318
 2354
 2390
 2422
 2456
 2490
 2520
 2552
 2580
 2606
 2632
 2648
 2658
 2672
 2682
 2694
 2702
 2712
 2724
 2740
 2756
 2770
 2782
 2796
 2806
 2814
 2822
 2834
 2842
 2850
 2856
 2862
 2870
 2876
 2884
 2890
 2892
 2888
 2886
 2878
 2868
 2862
 2854
 2850
 2846
 2844
 2844
 2846
 2854
 2858
 2864
 2868
 2874
 2878
 2882
 2886
 2890
 2888
 2884
 2884
 2882
 2882
 2884
 2880
 2878
 2872
 2862
 2846
 2824
 2802
 2780
 2756
 2728
 2694
 2662
 2626
 2588
 2552
 2512
 2476
 2436
 2396
 2356
 2316
 2274
 2234
 2194
 2154
 2116
 2082
 2048
 2014
 1982
 1952
 1922
 1888
 1860
 1834
 1810
 1788
 1768
 1750
 1732
 1718
 1704
 1686
 1672
 1660
 1648
 1640
 1632
 1622
 1624
 1626
 1630
 1636
 1644
 1654
 1664
 1678
 1696
 1718
 1748
 1784
 1828
 1874
 1922
 1972
 2022
 2070
 2118
 2164
 2210
 2254
 2298
 2340
 2384
