101
241
425
427
572
712
895
896
1083
1095
1233
1249
1311
1487
1512
1564
1630
1729
1731
1826
1911
1912
1983
1999
2054
2150
2162
2299
2301
2440
2514
2615
2617
2694
2711
2773
2833
2958
2960
3074
3083
3166
3173
3246
3338
3356
3415
3498
3602
3606
3688
3770
3889
3892
4040
4041
4240
4336
4415
4434
4491
4557
4647
4779
4781
4895
4904
4995
5136
5222
5310
5322
5376
5487
5488
5573
5588
5771
5787
6199
6297
6347
6445
6446
6565
6566
6643
6851
6852
7160
7268
7280
7360
7373
7464
7477
7568
7579
7680
7684
7709
7801
7905
7994
8083
8172
8298
8300
8398
8510
8511
8676
8678
8839
8856
