74
168
262
275
343
487
488
588
612
690
708
825
827
948
957
1080
1195
1300
1394
1486
1580
1679
1794
1809
1910
1925
2009
2149
2167
2260
2377
2394
2513
2514
2612
2631
2711
2727
2800
2899
2914
2989
3085
3095
3191
3201
3285
3375
3467
3565
3715
3717
3791
3886
3976
4057
4127
4210
4272
4370
4371
4464
4465
4533
4610
4691
4762
4845
4960
4974
5050
5157
5171
5269
5281
5346
5441
5535
5623
5719
5799
5872
5961
6069
6078
6153
6239
6329
6483
6484
6683
6783
6800
6922
6923
6956
7000
7012
7093
7212
7213
7304
7406
7421
7506
7590
7673
7766
7876
7887
7970
7979
8054
8145
8309
8325
8568
8688
8701
8771
8866
8960
9116
9118
9269
9360
9452
9540
9633
9714
9808
9899
9999
10083
10169
10251
10331
10406
10491
10593
10601
10681
10696
10895
10897
11242
11338
11548
11549
11637
11701
11762
11820
11885
11942
11999
12060
12131
12190
12244
12306
12362
12417
12474
12538
12619
12745
12747
12873
12874
13015
13018
13043
13160
13181
13278
13368
13460
13580
13585
13701
13706
13859
13860
13991
14172
14285
14391
14402
14507
14508
14584
14672
14770
14867
14881
14969
15062
15142
15223
15344
15346
15452
15458
15540
15617
15703
15780
15867
15952
16034
