 2930
 2916
 2898
 2874
 2850
 2824
 2798
 2774
 2744
 2716
 2690
 2658
 2628
 2598
 2568
 2538
 2508
 2478
 2448
 2420
 2390
 2362
 2334
 2302
 2274
 2248
 2222
 2194
 2168
 2142
 2120
 2098
 2078
 2056
 2034
 2014
 1992
 1972
 1948
 1930
 1914
 1904
 1900
 1900
 1904
 1912
 1920
 1932
 1946
 1960
 1976
 1988
 2006
 2028
 2050
 2070
 2092
 2112
 2132
 2156
 2178
 2200
 2220
 2242
 2260
 2280
 2300
 2318
 2340
 2360
 2380
 2402
 2422
 2446
 2468
 2488
 2512
 2534
 2558
 2574
 2596
 2620
 2644
 2668
 2692
 2720
 2744
 2770
 2796
 2816
 2836
 2854
 2868
 2886
 2902
 2918
 2932
 2946
 2956
 2964
 2974
 2984
 2994
 3002
 3012
 3020
 3028
 3034
 3036
 3034
 3036
 3038
 3042
 3040
 3036
 3028
 3020
 3004
 2982
 2956
 2930
 2904
 2874
 2842
 2812
 2782
 2752
 2722
 2690
 2660
 2630
 2602
 2576
 2550
 2522
 2498
 2470
 2436
 2408
 2384
 2356
 2330
 2304
 2282
 2258
 2238
 2218
 2200
 2176
 2156
 2136
 2116
 2100
 2086
 2076
 2068
 2068
 2070
 2074
 2082
 2092
 2106
 2120
 2138
 2156
 2172
 2188
 2210
 2232
 2254
 2276
 2300
 2324
 2350
 2376
 2402
 2424
 2446
 2462
 2480
 2500
 2522
 2542
 2564
 2586
 2606
 2628
 2652
 2678
 2702
 2728
 2750
 2776
 2796
 2812
 2832
 2848
 2866
 2880
 2894
 2910
 2924
 2940
 2948
 2954
 2962
 2970
 2978
 2982
 2986
 2994
 3000
 3006
 3010
 3014
 3020
 3026
 3032
 3036
 3040
 3044
 3046
 3048
 3040
 3030
 3020
 3008
 2996
 2976
 2952
 2926
 2898
 2870
 2836
 2804
 2776
 2742
 2708
 2676
 2642
 2610
 2576
 2544
 2512
 2480
 2448
 2418
 2386
 2352
 2320
 2288
 2252
 2216
 2188
 2160
 2130
 2104
 2078
 2054
 2036
 2014
 1996
 1976
 1964
 1954
 1950
 1950
 1958
 1968
 1980
 1994
 2010
 2032
 2052
 2074
 2098
 2120
 2146
 2172
 2196
 2220
 2248
 2276
 2304
 2334
 2366
 2398
 2428
 2464
 2494
 2520
 2546
 2570
 2592
 2618
 2642
 2664
 2686
 2712
 2736
 2760
 2784
 2808
 2830
 2850
 2872
 2884
 2894
 2906
 2916
 2930
 2938
 2948
 2954
 2960
 2972
 2980
 2990
 2998
 3006
 3012
 3018
 3024
 3028
 3034
 3038
 3042
 3046
 3046
 3048
 3044
 3038
 3026
 3012
 2988
 2966
 2944
 2922
 2898
 2870
 2844
 2816
 2784
 2756
 2724
 2694
 2666
 2632
 2596
 2562
 2524
 2486
 2450
 2412
 2376
 2342
 2308
 2274
 2240
 2208
 2176
 2144
 2112
 2086
 2060
 2034
 2010
 1986
 1964
 1948
 1936
 1926
 1918
 1916
 1918
 1924
 1932
 1946
 1960
 1980
 2000
 2024
 2052
 2080
 2110
 2142
 2174
 2208
 2244
 2278
 2316
 2352
 2384
 2402
 2412
 2414
 2402
 2384
 2356
 2322
 2282
 2234
 2182
 2132
 2086
 2038
 1998
 1956
 1920
 1884
 1848
 1814
 1776
 1738
 1698
 1652
 1610
 1574
 1536
 1510
 1492
 1480
 1474
 1474
 1482
 1488
 1498
 1510
 1526
 1542
 1554
 1564
 1572
 1582
 1592
 1602
 1612
 1620
 1634
 1646
 1656
 1662
 1670
 1676
 1682
 1686
 1694
 1706
 1722
 1736
 1748
 1756
 1764
 1772
 1776
 1782
 1790
 1792
 1796
 1798
 1794
 1788
 1780
 1772
 1774
 1784
 1792
 1810
 1836
 1870
 1904
 1948
 1992
 2044
 2094
 2140
 2178
 2218
 2256
 2292
 2326
 2362
 2398
 2434
 2468
 2502
 2538
 2576
 2616
 2648
 2682
 2716
 2754
 2790
 2824
 2854
 2886
 2918
 2944
 2964
 2982
 2998
 3014
 3024
 3036
 3046
 3056
 3066
 3070
 3072
 3078
 3084
 3088
 3094
 3094
 3092
 3092
 3088
 3088
 3090
 3090
 3092
 3102
 3108
 3116
 3120
 3128
 3134
 3136
 3138
 3142
 3146
 3150
 3152
 3152
 3154
 3156
 3158
 3156
 3156
 3154
 3150
 3142
 3128
 3112
 3098
 3082
 3060
 3034
 3006
 2972
 2932
 2890
 2848
 2808
 2764
 2722
 2680
 2638
 2594
 2552
 2512
 2472
 2432
 2390
 2346
 2302
 2258
 2216
 2168
 2126
 2086
 2044
 2004
 1966
 1930
 1900
 1872
 1848
 1826
 1814
 1806
 1804
 1810
 1820
 1834
 1854
 1876
 1912
 1946
 1984
 2022
 2062
 2104
 2148
 2184
 2222
 2260
 2304
 2344
 2382
 2424
 2462
 2498
 2528
 2548
 2556
 2546
 2524
 2496
 2468
 2438
 2404
 2368
 2332
 2298
 2268
 2240
 2212
 2186
 2160
 2132
 2104
 2080
 2052
 2024
 1998
 1970
 1936
 1904
 1874
 1840
 1810
 1786
 1762
 1744
 1734
 1730
 1730
 1732
 1740
 1756
 1774
 1798
 1828
 1862
 1898
 1924
 1946
 1968
 1984
 2004
 2022
 2042
 2062
 2084
 2110
 2142
 2174
 2206
 2238
 2266
 2296
 2328
 2358
 2392
 2424
 2458
 2490
 2526
 2558
 2590
 2620
 2652
 2684
 2708
 2734
 2760
 2788
 2816
 2840
 2866
 2888
 2904
 2922
 2934
 2946
 2958
 2966
 2972
 2980
 2986
 2992
 2998
 3002
 3004
 3010
 3012
 3012
 3016
 3016
 3018
 3018
 3006
 2998
 2990
 2988
 2986
 2984
 2982
 2984
 2990
 2996
 2998
 3000
 3002
 3006
 3006
 3008
 3006
 3004
 2998
 2992
 2980
 2966
 2952
 2936
 2918
 2896
 2872
 2844
 2816
 2792
 2766
 2738
 2712
 2682
 2648
 2618
 2586
 2552
 2520
 2484
 2446
 2412
 2378
 2342
 2310
 2274
 2240
 2204
 2172
 2140
 2110
 2082
 2056
 2038
 2020
 2004
 1998
 1994
 1992
 1998
 2004
 2014
 2026
 2038
 2052
 2070
 2088
 2104
 2124
 2142
 2162
 2180
 2198
 2218
 2238
 2262
 2286
 2312
 2336
 2366
 2392
 2412
 2442
 2470
 2500
 2528
 2558
 2586
 2614
 2642
 2672
 2694
 2716
 2738
 2758
 2780
 2802
 2824
 2848
 2868
 2888
 2910
 2930
 2950
 2966
 2974
 2984
 2988
 2990
 2994
 2994
 2994
 2986
 2976
 2962
 2940
 2918
 2890
 2862
 2834
 2802
 2766
 2734
 2700
 2666
 2636
 2606
 2574
 2546
 2516
 2488
 2458
 2428
 2400
 2366
 2334
 2302
 2270
 2240
 2208
 2180
 2152
 2126
 2102
 2074
 2042
 2016
 1984
 1956
 1930
 1908
 1890
 1876
 1866
 1862
 1866
 1870
 1876
 1886
 1898
 1912
 1922
 1942
 1956
 1974
 1998
 2022
 2048
 2074
 2100
 2126
 2152
 2176
 2198
 2222
 2248
 2276
 2302
 2326
 2352
 2380
 2408
 2436
 2466
 2494
 2524
 2550
 2580
 2604
 2626
 2652
 2684
 2714
 2738
 2766
 2794
 2818
 2846
 2868
 2886
 2900
 2910
 2922
 2936
 2948
 2960
 2970
 2980
 2988
 2994
 2990
 2982
 2970
 2948
 2922
 2896
 2860
 2822
 2790
 2750
 2716
 2676
 2640
 2604
 2574
 2540
 2496
 2446
 2400
 2350
 2300
 2256
 2214
 2172
 2134
 2098
 2062
 2030
 2000
 1970
 1944
 1924
 1900
 1876
 1856
 1838
 1826
 1820
 1822
 1828
 1840
 1858
 1878
 1896
 1922
 1944
 1966
 1990
 2016
 2042
 2072
 2102
 2132
 2164
 2196
 2226
 2258
 2296
 2334
 2366
 2404
 2438
 2472
 2502
 2530
 2558
 2592
 2626
 2662
 2690
 2720
 2750
 2774
 2800
 2826
 2848
 2866
 2874
 2872
 2866
 2850
 2826
 2800
 2774
 2738
 2704
 2672
 2636
 2598
 2560
 2526
 2488
 2450
 2414
 2378
 2342
 2308
 2270
 2232
 2198
 2162
 2128
 2096
 2066
 2036
 2006
 1976
 1950
 1928
 1906
 1882
 1866
 1852
 1842
 1838
 1838
 1844
 1852
 1868
 1886
 1910
 1934
 1958
 1978
 2000
 2022
 2044
 2064
 2088
 2110
 2138
 2168
 2194
 2220
 2250
 2276
 2302
 2332
 2358
 2388
 2416
 2444
 2478
 2508
 2538
 2568
 2592
 2620
 2644
 2668
 2692
 2716
 2742
 2766
 2792
 2820
 2848
 2874
 2902
 2924
 2940
 2952
 2958
 2968
 2976
 2986
 2992
 3000
 3012
 3026
 3040
 3052
 3060
 3072
 3080
 3086
 3094
 3100
 3108
 3116
 3122
 3126
 3132
 3136
 3142
 3140
 3138
 3138
 3132
 3126
 3124
 3122
 3114
 3102
 3084
 3064
 3040
 3016
 2988
 2958
 2926
 2890
 2852
 2818
 2780
 2742
 2700
 2658
 2620
 2580
 2544
 2508
 2470
 2434
 2400
 2366
 2326
 2294
 2262
 2232
 2200
 2170
 2146
 2118
 2094
 2072
 2046
 2024
 2002
 1982
 1966
 1952
 1942
 1938
 1938
 1946
 1958
 1970
 1986
 2006
 2026
 2046
 2062
 2082
 2102
 2122
 2142
 2166
 2190
 2216
 2244
 2274
 2298
 2322
 2346
 2366
 2390
 2414
 2438
 2462
 2486
 2512
 2538
 2566
 2592
 2622
 2650
 2680
 2706
 2726
 2756
 2782
 2808
 2830
 2850
 2876
 2902
 2928
 2952
 2972
 2986
 2996
 3006
 3018
 3028
 3038
 3048
 3058
 3066
 3076
 3084
 3090
 3098
 3102
 3102
 3092
 3074
 3058
 3034
 3008
 2974
 2938
 2898
 2856
 2812
 2770
 2726
 2686
 2648
 2608
 2568
 2530
 2490
 2452
 2414
 2378
 2342
 2308
 2274
 2238
 2210
 2180
 2148
 2118
 2090
 2062
 2038
 2014
 1996
 1986
 1986
 1990
 2002
 2018
 2038
 2060
 2084
 2112
 2144
 2172
 2204
 2242
 2282
 2322
 2362
 2398
 2434
 2466
 2488
 2516
 2548
 2584
 2620
 2656
 2692
 2728
 2762
 2796
 2824
 2850
 2874
 2894
 2914
 2932
 2950
 2958
 2968
 2974
 2986
 2994
 3002
 3006
 3012
 3016
 3014
 3016
 3014
 3018
 3020
 3020
 3020
 3012
 3002
 2988
 2970
 2950
 2924
 2896
 2866
 2836
 2802
 2766
 2730
 2694
 2656
 2620
 2578
 2540
 2502
 2460
 2418
 2382
 2344
 2308
 2268
 2234
 2200
 2170
 2140
 2114
 2084
 2060
 2032
 2006
 1982
 1960
 1940
 1928
 1920
 1918
 1918
 1924
 1932
 1946
 1962
 1974
 1996
 2016
 2038
 2058
 2084
 2108
 2134
 2162
 2192
 2224
 2256
 2290
 2316
 2346
 2378
 2406
 2438
 2476
 2518
 2564
 2610
 2654
 2694
 2728
 2760
 2782
 2804
 2828
 2852
 2878
 2902
 2924
 2950
 2974
 2992
 3006
 3018
 3030
 3040
 3048
 3056
 3066
 3072
 3076
 3076
 3074
 3074
 3070
 3064
 3060
 3048
 3032
 3020
 3006
 2992
 2972
 2954
 2936
 2916
 2890
 2864
 2836
 2812
 2784
 2756
 2730
 2700
 2668
 2634
 2598
 2562
 2526
 2490
 2452
 2414
 2378
 2336
 2294
 2258
 2216
 2176
 2138
 2100
 2064
 2030
 2000
 1970
 1944
 1924
 1904
 1890
 1878
 1874
 1872
 1872
 1876
 1882
 1888
 1900
 1912
 1928
 1946
 1968
 1982
 2006
 2026
 2046
 2070
 2090
 2108
 2126
 2138
 2160
 2176
 2202
 2228
 2258
 2284
 2308
 2334
 2360
 2384
 2412
 2442
 2474
 2508
 2544
 2576
 2616
 2652
 2688
 2724
 2760
 2784
 2814
 2840
 2866
 2890
 2908
 2926
 2944
 2966
 2986
 3004
 3022
 3034
 3048
 3060
 3072
 3080
 3088
 3096
 3104
 3110
 3112
 3114
 3114
 3114
 3108
 3086
 3062
 3040
 3006
 2976
 2944
 2912
 2880
 2844
 2810
 2776
 2740
 2708
 2670
 2638
 2606
 2570
 2536
 2502
 2470
 2436
 2402
 2368
 2342
 2316
 2278
 2240
 2196
 2154
 2114
 2082
 2046
 2016
 1992
 1968
 1952
 1938
 1932
 1936
 1942
 1956
 1966
 1978
 1992
 2006
 2018
 2032
 2048
 2062
 2076
 2100
 2122
 2144
 2168
 2192
 2216
 2240
 2266
 2292
 2314
 2340
 2366
 2394
 2422
 2452
 2482
 2512
 2544
 2578
 2606
 2634
 2662
 2684
 2712
 2736
 2764
 2794
 2822
 2848
 2878
 2904
 2922
 2936
 2952
 2966
 2982
 2996
 3010
 3020
 3022
 3014
 2998
 2978
 2954
 2924
 2888
 2850
 2812
 2776
 2742
 2708
 2670
 2636
 2600
 2566
 2530
 2496
 2460
 2426
 2394
 2364
 2330
 2298
 2266
 2224
 2190
 2162
 2134
 2106
 2082
 2064
 2044
 2026
 2010
 1996
 1984
 1978
 1974
 1976
 1980
 1988
 1998
 2010
 2024
 2042
 2060
 2080
 2102
 2124
 2148
 2176
 2202
 2224
 2254
 2278
 2302
 2326
 2352
 2380
 2410
 2442
 2476
 2502
 2532
 2558
 2584
 2612
 2638
 2664
 2690
 2718
 2746
 2774
 2806
 2838
 2868
 2898
 2928
 2954
 2972
 2982
 2996
 3010
 3028
 3044
 3060
 3076
 3096
 3116
 3130
 3138
 3144
 3144
 3138
 3124
 3102
 3076
 3048
 3012
 2976
 2938
 2900
 2860
 2820
 2780
 2734
 2680
 2638
 2598
 2556
 2516
 2478
 2442
 2408
 2376
 2348
 2314
 2284
 2252
 2218
 2182
 2150
 2118
 2086
 2060
 2032
 2012
 1992
 1972
 1956
 1944
 1936
 1932
 1930
 1940
 1950
 1964
 1980
 2000
 2024
 2046
 2070
 2098
 2120
 2144
 2172
 2196
 2222
 2246
 2270
 2294
 2316
 2340
 2364
 2388
 2414
 2436
 2462
 2486
 2506
 2532
 2558
 2588
 2618
 2650
 2684
 2716
 2752
 2780
 2804
 2828
 2852
 2872
 2892
 2914
 2926
 2940
 2954
 2970
 2986
 3002
 3018
 3034
 3046
 3062
 3068
 3072
 3080
 3086
 3096
 3102
 3108
 3116
 3124
 3138
 3146
 3150
 3158
 3162
 3166
 3164
 3158
 3150
 3136
 3114
 3090
 3062
 3032
 3000
 2964
 2926
 2888
 2844
 2796
 2750
 2702
 2654
 2602
 2560
 2514
 2472
 2436
 2396
 2354
 2318
 2276
 2234
 2196
 2156
 2118
 2082
 2048
 2016
 1988
 1962
 1938
 1916
 1896
 1874
 1860
 1854
 1852
 1854
 1860
 1876
 1894
 1916
 1942
 1964
 1988
 2012
 2034
 2058
 2084
 2108
 2136
 2164
 2194
 2220
 2250
 2276
 2302
 2328
 2350
 2368
 2392
 2418
 2446
 2472
 2500
 2530
 2558
 2590
 2620
 2644
 2674
 2698
 2722
 2742
 2762
 2782
 2802
 2820
 2840
 2860
 2880
 2902
 2922
 2940
 2956
 2960
 2962
 2966
 2976
 2988
 2996
 3008
 3022
 3036
 3054
 3066
 3076
 3086
 3094
 3100
 3102
 3098
 3090
 3080
 3060
 3036
 3010
 2982
 2952
 2922
 2888
 2852
 2816
 2774
 2738
 2706
 2674
 2640
 2610
 2580
 2552
 2524
 2496
 2466
 2440
 2412
 2382
 2352
 2322
 2294
 2268
 2242
 2214
 2190
 2164
 2138
 2112
 2086
 2060
 2036
 2008
 1992
 1980
 1972
 1972
 1978
 1986
 2000
 2020
 2038
 2054
 2072
 2090
 2106
 2122
 2144
 2164
 2182
 2202
 2220
 2240
 2262
 2280
 2302
 2324
 2344
 2360
 2382
 2406
 2432
 2456
 2484
 2512
 2540
 2568
 2602
 2628
 2652
 2680
 2700
 2722
 2746
 2766
 2784
 2802
 2822
 2842
 2864
 2888
 2912
 2926
 2944
 2960
 2970
 2986
 2998
 3014
 3028
 3042
 3058
 3072
 3088
 3104
 3114
 3126
 3134
 3138
 3146
 3154
 3160
 3156
 3162
 3154
 3142
 3130
 3106
 3082
 3054
 3020
 2988
 2942
 2892
 2854
 2814
 2776
 2732
 2696
 2658
 2622
 2588
 2552
 2516
 2482
 2444
 2402
 2360
 2316
 2270
 2224
 2178
 2136
 2096
 2058
 2022
 1986
 1956
 1926
 1896
 1870
 1844
 1822
 1804
 1788
 1782
 1778
 1780
 1784
 1788
 1798
 1808
 1826
 1844
 1860
 1878
 1892
 1912
 1930
 1948
 1968
 1988
 2008
 2030
 2054
 2072
 2092
 2118
 2146
 2166
 2192
 2216
 2240
 2268
 2294
 2322
 2344
 2372
 2396
 2418
 2442
 2466
 2490
 2512
 2536
 2560
 2582
 2606
 2630
 2654
 2676
 2700
 2724
 2742
 2770
 2794
 2826
 2860
 2894
 2926
 2952
 2980
 2998
 3008
 3020
 3030
 3038
 3044
 3046
 3042
 3034
 3022
 3000
 2976
 2948
 2918
 2882
 2848
 2812
 2770
 2738
 2700
 2664
 2628
 2594
 2556
 2522
 2492
 2462
 2428
 2396
 2362
 2324
 2290
 2254
 2222
 2186
 2150
 2114
 2076
 2042
 2010
 1978
 1950
 1922
 1892
 1866
 1840
 1818
 1802
 1796
 1792
 1794
 1802
 1816
 1828
 1842
 1854
 1866
 1878
 1892
 1908
 1930
 1952
 1978
 2002
 2026
 2050
 2074
 2100
 2124
 2142
 2164
 2182
 2204
 2220
 2240
 2264
 2288
 2316
 2346
 2372
 2398
 2426
 2450
 2474
 2498
 2522
 2548
 2572
 2596
 2622
 2652
 2682
 2708
 2734
 2760
 2784
 2804
 2828
 2848
 2870
 2888
 2912
 2932
 2952
 2974
 2992
 3006
 3020
 3034
 3044
 3052
 3060
 3068
 3074
 3082
 3082
 3082
 3084
 3090
 3096
 3100
 3106
 3108
 3108
 3112
 3108
 3108
 3102
 3088
 3078
 3058
 3042
 3020
 2998
 2972
 2946
 2914
 2880
 2850
 2814
 2776
 2738
 2696
 2656
 2616
 2574
 2532
 2490
 2448
 2404
 2356
 2312
 2264
 2216
 2168
 2120
 2080
 2038
 2002
 1966
 1930
 1900
 1866
 1834
 1804
 1774
 1746
 1716
 1690
 1664
 1640
 1620
 1602
 1588
 1586
 1584
 1584
 1592
 1594
 1602
 1618
 1634
 1650
 1668
 1686
 1708
 1726
 1744
 1764
 1778
 1794
 1814
 1836
 1856
 1878
 1908
 1938
 1968
 1998
 2028
 2056
 2088
 2112
 2136
 2162
 2194
 2224
 2252
 2282
 2314
 2348
 2382
 2412
 2440
 2466
 2492
 2516
 2542
 2568
 2596
 2622
 2652
 2680
 2708
 2738
 2770
 2798
 2826
 2854
 2878
 2896
 2914
 2934
 2958
 2982
 3002
 3024
 3046
 3070
 3090
 3104
 3110
 3104
 3092
 3076
 3054
 3026
 2992
 2954
 2916
 2872
 2830
 2788
 2744
 2700
 2658
 2616
 2566
 2520
 2478
 2438
 2396
 2358
 2320
 2284
 2252
 2220
 2178
 2132
 2082
 2028
 1976
 1930
 1890
 1856
 1828
 1800
 1778
 1764
 1756
 1758
 1768
 1782
 1794
 1814
 1836
 1858
 1882
 1910
 1942
 1974
 2006
 2040
 2068
 2098
 2134
 2164
 2194
 2226
 2256
 2288
 2320
 2350
 2382
 2416
 2450
 2482
 2514
 2546
 2572
 2596
 2624
 2658
 2692
 2728
 2768
 2806
 2844
 2886
 2920
 2950
 2978
 3004
 3028
 3054
 3076
 3098
 3120
 3140
 3158
 3168
 3176
 3186
 3190
 3190
 3182
 3160
 3136
 3106
 3076
 3040
 3000
 2958
 2916
 2874
 2832
 2784
 2742
 2700
 2654
 2612
 2572
 2528
 2488
 2448
 2410
 2372
 2334
 2294
 2256
 2216
 2180
 2142
 2102
 2070
 2036
 2004
 1978
 1954
 1934
 1918
 1906
 1894
 1886
 1880
 1876
 1878
 1886
 1896
 1908
 1924
 1942
 1962
 1986
 2010
 2032
 2056
 2082
 2108
 2128
 2158
 2186
 2210
 2236
 2260
 2286
 2314
 2342
 2372
 2396
 2422
 2446
 2468
 2488
 2512
 2538
 2562
 2588
 2616
 2642
 2674
 2704
 2734
 2764
 2790
 2820
 2848
 2868
 2892
 2918
 2942
 2964
 2986
 3010
 3032
 3054
 3076
 3094
 3108
 3124
 3134
 3144
 3156
 3166
 3172
 3176
 3170
 3158
 3138
 3110
 3078
 3042
 3002
 2960
 2916
 2862
 2820
 2774
 2734
 2694
 2658
 2622
 2588
 2558
 2528
 2496
 2468
 2436
 2400
 2366
 2332
 2296
 2258
 2222
 2186
 2150
 2114
 2084
 2052
 2024
 2000
 1974
 1946
 1928
 1910
 1896
 1890
 1888
 1892
 1900
 1916
 1930
 1944
 1966
 1984
 2002
 2022
 2042
 2062
 2082
 2100
 2122
 2144
 2166
 2190
 2218
 2246
 2270
 2290
 2312
 2332
 2356
 2374
 2396
 2422
 2448
 2478
 2510
 2536
 2564
 2592
 2618
 2642
 2670
 2694
 2722
 2748
 2778
 2806
 2834
 2866
 2896
 2922
 2950
 2976
 2986
 3000
 3016
 3038
 3060
 3078
 3100
 3122
 3146
 3170
 3184
 3196
 3206
 3212
 3220
 3222
 3224
 3228
 3232
 3238
 3240
 3242
 3248
 3252
 3250
 3238
 3222
 3196
 3170
 3144
 3116
 3084
 3052
 3020
 2982
 2940
 2900
 2856
 2814
 2772
 2726
 2680
 2636
 2592
 2548
 2502
 2454
 2406
 2360
 2316
 2272
 2232
 2194
 2156
 2112
 2078
 2046
 2016
 1992
 1972
 1956
 1944
 1934
 1926
 1920
 1918
 1918
 1922
 1932
 1944
 1956
 1970
 1986
 2000
 2020
 2044
 2068
 2092
 2118
 2140
 2160
 2184
 2208
 2234
 2262
 2294
 2326
 2362
 2394
 2422
 2446
 2466
 2488
 2506
 2530
 2556
 2586
 2622
 2660
 2698
 2738
 2776
 2812
 2844
 2874
 2900
 2928
 2954
 2978
 3006
 3022
 3040
 3060
 3082
 3108
 3126
 3144
 3160
 3176
 3188
 3198
 3208
 3216
 3218
 3214
 3198
 3178
 3150
 3120
 3084
 3046
 3002
 2958
 2916
 2874
 2832
 2786
 2742
 2702
 2660
 2624
 2590
 2556
 2522
 2484
 2446
 2404
 2366
 2324
 2284
 2246
 2208
 2168
 2132
 2098
 2064
 2036
 2008
 1976
 1952
 1926
 1902
 1878
 1862
 1852
 1846
 1848
 1854
 1862
 1878
 1892
 1908
 1926
 1948
 1966
 1988
 2010
 2034
 2058
 2084
 2112
 2140
 2172
 2196
 2218
 2246
 2270
 2298
 2326
 2358
 2394
 2432
 2470
 2504
 2538
 2574
 2604
 2634
 2662
 2692
 2724
 2756
 2786
 2814
 2844
 2872
 2900
 2924
 2950
 2970
 2984
 2998
 3014
 3034
 3050
 3060
 3072
 3086
 3104
 3120
 3130
 3142
 3150
 3148
 3142
 3126
 3104
 3076
 3042
 3006
 2964
 2922
 2878
 2834
 2788
 2746
 2696
 2650
 2608
 2564
 2522
 2482
 2446
 2410
 2370
 2338
 2302
 2264
 2232
 2194
 2156
 2120
 2084
 2050
 2018
 1988
 1960
 1934
 1912
 1892
 1876
 1862
 1848
 1844
 1844
 1846
 1854
 1868
 1884
 1904
 1930
 1956
 1982
 2006
 2032
 2058
 2088
 2116
 2144
 2172
 2198
 2224
 2254
 2282
 2310
 2336
 2364
 2392
 2414
 2438
 2464
 2490
 2516
 2542
 2572
 2604
 2636
 2668
 2696
 2722
 2750
 2774
 2802
 2826
 2852
 2878
 2906
 2930
 2952
 2978
 3004
 3026
 3048
 3068
 3086
 3088
 3092
 3098
 3110
 3120
 3130
 3140
 3150
 3158
 3154
 3136
 3114
 3086
 3054
 3018
 2980
 2940
 2896
 2854
 2812
 2768
 2728
 2686
 2644
 2606
 2566
 2522
 2482
 2446
 2410
 2372
 2338
 2304
 2274
 2242
 2212
 2182
 2154
 2124
 2092
 2062
 2030
 2002
 1976
 1950
 1930
 1912
 1900
 1896
 1898
 1908
 1926
 1942
 1962
 1984
 2004
 2030
 2054
 2076
 2100
 2122
 2142
 2166
 2190
 2212
 2240
 2268
 2298
 2324
 2352
 2380
 2404
 2432
 2460
 2488
 2518
 2546
 2576
 2606
 2638
 2670
 2704
 2732
 2754
 2786
 2816
 2848
 2882
 2912
 2944
 2972
 3002
 3026
 3046
 3070
 3082
 3094
 3110
 3124
 3140
 3150
 3158
 3164
 3164
 3156
 3140
 3118
 3088
 3056
 3018
 2978
 2932
 2880
 2838
 2794
 2750
 2704
 2662
 2622
 2582
 2548
 2510
 2476
 2444
 2408
 2374
 2340
 2304
 2268
 2234
 2198
 2162
 2128
 2098
 2070
 2046
 2022
 2000
 1980
 1958
 1942
 1938
 1936
 1936
 1948
 1962
 1984
 2006
 2036
 2064
 2090
 2118
 2144
 2168
 2194
 2220
 2248
 2274
 2300
 2326
 2352
 2382
 2412
 2440
 2472
 2502
 2534
 2560
 2582
 2610
 2636
 2662
 2688
 2718
 2746
 2778
 2810
 2842
 2868
 2894
 2914
 2932
 2950
 2970
 2988
 3004
 3020
 3034
 3050
 3068
 3076
 3088
 3100
 3112
 3126
 3134
 3138
 3146
 3156
 3166
 3174
 3180
 3182
 3178
 3168
 3148
 3120
 3090
 3054
 3016
 2976
 2932
 2892
 2848
 2806
 2764
 2724
 2684
 2646
 2606
 2564
 2526
 2486
 2438
 2398
 2364
 2328
 2292
 2260
 2230
 2200
 2174
 2152
 2130
 2110
 2090
 2068
 2048
 2028
 2010
 1994
 1982
 1978
 1980
 1988
 2000
 2014
 2030
 2052
 2072
 2092
 2118
 2144
 2170
 2196
 2222
 2250
 2278
 2306
 2332
 2356
 2382
 2404
 2426
 2450
 2474
 2500
 2526
 2548
 2574
 2600
 2630
 2660
 2692
 2720
 2750
 2780
 2804
 2828
 2854
 2886
 2918
 2950
 2982
 3014
 3044
 3072
 3094
 3114
 3134
 3144
 3152
 3164
 3174
 3186
 3192
 3200
 3204
 3206
 3202
 3190
 3174
 3148
 3118
 3082
 3036
 2996
 2956
 2918
 2880
 2838
 2800
 2764
 2728
 2694
 2660
 2628
 2596
 2562
 2526
 2492
 2458
 2422
 2388
 2354
 2322
 2288
 2258
 2228
 2198
 2170
 2140
 2108
 2080
 2058
 2038
 2020
 2006
 1996
 1992
 1994
 2002
 2010
 2024
 2040
 2054
 2072
 2088
 2108
 2126
 2144
 2164
 2186
 2208
 2230
 2252
 2272
 2296
 2316
 2332
 2352
 2372
 2392
 2416
 2442
 2468
 2496
 2526
 2554
 2580
 2606
 2632
 2660
 2690
 2720
 2750
 2778
 2806
 2832
 2858
 2888
 2918
 2946
 2972
 3000
 3016
 3030
 3048
 3066
 3086
 3098
 3110
 3124
 3140
 3154
 3164
 3166
 3156
 3140
 3114
 3084
 3050
 3014
 2974
 2932
 2890
 2846
 2804
 2760
 2716
 2672
 2628
 2578
 2530
 2490
 2450
 2410
 2372
 2336
 2300
 2268
 2234
 2200
 2166
 2134
 2100
 2068
 2034
 2004
 1970
 1940
 1908
 1878
 1854
 1830
 1810
 1796
 1790
 1786
 1790
 1800
 1812
 1826
 1846
 1870
 1896
 1926
 1960
 1986
 2014
 2048
 2074
 2104
 2134
 2154
 2180
 2204
 2234
 2262
 2292
 2322
 2358
 2390
 2422
 2456
 2484
 2514
 2550
 2586
 2616
 2650
 2678
 2712
 2746
 2776
 2808
 2842
 2874
 2900
 2922
 2942
 2958
 2976
 2992
 3010
 3020
 3032
 3044
 3058
 3072
 3082
 3094
 3100
 3100
 3106
 3106
 3110
 3112
 3118
 3128
 3136
 3150
 3158
 3166
 3172
 3168
 3158
 3140
 3116
 3090
 3058
 3020
 2982
 2942
 2900
 2858
 2816
 2774
 2730
 2686
 2646
 2602
 2556
 2518
 2476
 2436
 2398
 2362
 2328
 2292
 2258
 2222
 2182
 2146
 2108
 2070
 2032
 1996
 1960
 1926
 1894
 1864
 1836
 1814
 1794
 1780
 1772
 1772
 1774
 1778
 1792
 1812
 1830
 1854
 1884
 1924
 1956
 1992
 2030
 2062
 2094
 2126
 2154
 2184
 2218
 2256
 2292
 2330
 2366
 2406
 2448
 2490
 2532
 2574
 2616
 2658
 2700
 2734
 2768
 2798
 2832
 2864
 2902
 2938
 2972
 3008
 3034
 3060
 3082
 3100
 3116
 3130
 3134
 3128
 3118
 3092
 3060
 3026
 2984
 2940
 2886
 2832
 2778
 2724
 2658
 2608
 2554
 2502
 2452
 2408
 2362
 2318
 2276
 2236
 2192
 2152
 2108
 2064
 2022
 1984
 1948
 1914
 1884
 1854
 1826
 1802
 1780
 1762
 1750
 1744
 1742
 1750
 1760
 1772
 1790
 1818
 1850
 1884
 1920
 1958
 1990
 2022
 2054
 2084
 2112
 2142
 2172
 2200
 2230
 2260
 2294
 2328
 2364
 2400
 2436
 2472
 2506
 2540
 2580
 2620
 2662
 2706
 2752
 2796
 2842
 2888
 2930
 2966
 3000
 3034
 3062
 3088
 3114
 3136
 3156
 3176
 3194
 3212
 3228
 3244
 3258
 3266
 3276
 3280
 3280
 3278
 3272
 3266
 3254
 3236
 3204
 3166
 3126
 3086
 3038
 2992
 2944
 2894
 2850
 2806
 2760
 2714
 2666
 2616
 2570
 2526
 2480
 2434
 2388
 2340
 2294
 2238
 2192
 2148
 2102
 2060
 2022
 1984
 1950
 1918
 1888
 1854
 1820
 1786
 1750
 1720
 1692
 1664
 1640
 1620
 1606
 1604
 1606
 1612
 1622
 1640
 1658
 1670
 1692
 1710
 1730
 1754
 1778
 1802
 1828
 1856
 1886
 1914
 1944
 1976
 2012
 2044
 2076
 2108
 2136
 2166
 2192
 2220
 2248
 2276
 2306
 2336
 2366
 2392
 2418
 2452
 2490
 2528
 2562
 2600
 2638
 2676
 2716
 2748
 2778
 2808
 2836
 2862
 2888
 2912
 2934
 2956
 2980
 3002
 3028
 3052
 3074
 3096
 3118
 3134
 3142
 3150
 3164
 3184
 3200
 3206
 3200
 3178
 3150
 3110
 3068
 3024
 2972
 2920
 2868
 2814
 2760
 2710
 2658
 2606
 2556
 2508
 2460
 2414
 2366
 2314
 2270
 2226
 2180
 2134
 2092
 2050
 2014
 1980
 1944
 1910
 1876
 1838
 1802
 1770
 1738
 1710
 1684
 1658
 1640
 1628
 1622
 1622
 1630
 1636
 1652
 1670
 1688
 1704
 1724
 1744
 1764
 1792
 1820
 1848
 1876
 1904
 1932
 1962
 1992
 2030
 2068
 2104
 2140
 2174
 2210
 2246
 2278
 2314
 2344
 2370
 2406
 2436
 2466
 2498
 2532
 2570
 2610
 2648
 2686
 2718
 2754
 2786
 2816
 2848
 2880
 2912
 2944
 2972
 3002
 3028
 3052
 3074
 3096
 3116
 3130
 3138
 3146
 3156
 3166
 3168
 3172
 3180
 3192
 3200
 3204
 3194
 3180
 3156
 3126
 3090
 3054
 3010
 2964
 2920
 2872
 2826
 2784
 2740
 2696
 2656
 2610
 2564
 2528
 2488
 2452
 2414
 2382
 2348
 2320
 2292
 2262
 2234
 2206
 2172
 2142
 2110
 2080
 2052
 2020
 1992
 1966
 1940
 1918
 1900
 1890
 1884
 1880
 1884
 1888
 1894
 1902
 1914
 1926
 1942
 1966
 1988
 2008
 2028
 2048
 2068
 2092
 2110
 2130
 2148
 2168
 2186
 2206
 2228
 2248
 2270
 2292
 2312
 2330
 2356
 2380
 2404
 2430
 2458
 2488
 2520
 2554
 2586
 2614
 2642
 2670
 2696
 2722
 2750
 2778
 2804
 2832
 2858
 2886
 2912
 2934
 2954
 2972
 2994
 3010
 3016
 3026
 3034
 3048
 3060
 3074
 3092
 3110
 3130
 3144
 3154
 3162
 3158
 3146
 3124
 3094
 3058
 3020
 2980
 2938
 2892
 2846
 2802
 2758
 2716
 2674
 2626
 2588
 2546
 2504
 2466
 2422
 2384
 2348
 2312
 2280
 2246
 2214
 2178
 2144
 2112
 2080
 2048
 2020
 1990
 1968
 1948
 1928
 1910
 1904
 1906
 1912
 1918
 1930
 1948
 1968
 1988
 2012
 2042
 2070
 2102
 2136
 2166
 2194
 2224
 2256
 2292
 2328
 2362
 2394
 2426
 2458
 2492
 2526
 2560
 2592
 2626
 2656
 2684
 2718
 2752
 2784
 2812
 2838
 2864
 2894
 2926
 2950
 2974
 2998
 3010
 3024
 3040
 3056
 3076
 3092
 3108
 3126
 3142
 3158
 3174
 3182
 3194
 3200
 3198
 3198
 3192
 3184
 3168
 3148
 3122
 3092
 3060
 3026
 2988
 2948
 2906
 2860
 2818
 2774
 2726
 2676
 2626
 2580
 2536
 2492
 2450
 2408
 2364
 2324
 2278
 2240
 2200
 2162
 2124
 2088
 2058
 2028
 2006
 1986
 1964
 1946
 1928
 1906
 1888
 1870
 1858
 1850
 1850
 1854
 1864
 1876
 1892
 1910
 1930
 1954
 1976
 2004
 2028
 2048
 2072
 2094
 2114
 2138
 2162
 2194
 2222
 2246
 2270
 2292
 2310
 2330
 2350
 2368
 2388
 2410
 2432
 2454
 2478
 2502
 2522
 2546
 2566
 2580
 2602
 2622
 2640
 2658
 2674
 2692
 2710
 2732
 2750
 2768
 2786
 2802
 2816
 2830
 2846
 2862
 2874
 2888
 2902
 2922
 2940
 2958
 2976
 2994
 3010
 3024
 3034
 3040
 3048
 3050
 3058
 3062
 3064
 3068
 3070
 3062
 3044
 3018
 2990
 2958
 2920
 2884
 2844
 2806
 2768
 2730
 2694
 2658
 2620
 2582
 2544
 2508
 2474
 2438
 2398
 2360
 2324
 2286
 2250
 2212
 2176
 2144
 2114
 2088
 2058
 2034
 2008
 1980
 1954
 1932
 1906
 1884
 1860
 1838
 1816
 1796
 1784
 1776
 1774
 1778
 1786
 1802
 1824
 1840
 1858
 1874
 1892
 1912
 1932
 1954
 1978
 2000
 2022
 2042
 2062
 2078
 2102
 2124
 2144
 2166
 2186
 2206
 2230
 2254
 2278
 2302
 2326
 2350
 2368
 2390
 2410
 2432
 2454
 2476
 2502
 2526
 2554
 2582
 2606
 2630
 2650
 2674
 2694
 2716
 2738
 2756
 2778
 2800
 2822
 2846
 2872
 2898
 2922
 2946
 2970
 2986
 2998
 3008
 3024
 3038
 3050
 3066
 3080
 3098
 3118
 3134
 3140
 3140
 3128
 3108
 3082
 3048
 3008
 2966
 2926
 2884
 2836
 2788
 2744
 2698
 2650
 2612
 2570
 2522
 2482
 2436
 2392
 2350
 2308
 2266
 2226
 2188
 2150
 2114
 2080
 2046
 2012
 1980
 1946
 1912
 1882
 1854
 1828
 1806
 1788
 1772
 1758
 1750
 1746
 1748
 1752
 1762
 1776
 1792
 1808
 1828
 1848
 1874
 1900
 1920
 1944
 1966
 1990
 2008
 2030
 2048
 2068
 2086
 2106
 2124
 2144
 2162
 2182
 2204
 2218
 2238
 2258
 2276
 2296
 2318
 2342
 2368
 2400
 2430
 2458
 2484
 2510
 2532
 2554
 2574
 2596
 2620
 2644
 2670
 2698
 2724
 2758
 2794
 2832
 2874
 2904
 2924
 2942
 2956
 2974
 2988
 3004
 3024
 3046
 3074
 3098
 3110
 3120
 3132
 3136
 3134
 3118
 3096
 3068
 3038
 3004
 2968
 2928
 2886
 2844
 2798
 2756
 2712
 2662
 2620
 2574
 2530
 2484
 2440
 2400
 2362
 2330
 2298
 2264
 2236
 2202
 2166
 2136
 2104
 2072
 2042
 2012
 1984
 1958
 1932
 1912
 1892
 1876
 1864
 1856
 1858
 1860
 1868
 1878
 1894
 1912
 1932
 1956
 1982
 2004
 2028
 2058
 2082
 2108
 2130
 2150
 2172
 2190
 2210
 2232
 2256
 2278
 2302
 2328
 2352
 2370
 2394
 2416
 2442
 2470
 2502
 2536
 2572
 2608
 2642
 2674
 2704
 2734
 2760
 2786
 2812
 2846
 2874
 2904
 2932
 2960
 2984
 3008
 3030
 3048
 3066
 3078
 3084
 3096
 3104
 3116
 3126
 3136
 3152
 3170
 3190
 3208
 3224
 3238
 3246
 3250
 3244
 3230
 3212
 3186
 3156
 3120
 3082
 3044
 3004
 2964
 2922
 2876
 2834
 2788
 2738
 2696
 2654
 2616
 2574
 2536
 2500
 2464
 2430
 2394
 2358
 2324
 2286
 2246
 2210
 2172
 2138
 2106
 2074
 2044
 2016
 1988
 1962
 1940
 1922
 1904
 1888
 1884
 1886
 1892
 1902
 1918
 1940
 1966
 1990
 2024
 2052
 2078
 2106
 2130
 2154
 2182
 2210
 2238
 2264
 2290
 2316
 2344
 2372
 2398
 2424
 2450
 2474
 2492
 2520
 2546
 2572
 2598
 2624
 2652
 2678
 2710
 2740
 2766
 2792
 2816
 2842
 2866
 2892
 2916
 2944
 2964
 2986
 3006
 3030
 3054
 3076
 3100
 3124
 3142
 3154
 3166
 3176
 3190
 3202
 3216
 3228
 3242
 3262
 3276
 3286
 3282
 3266
 3242
 3210
 3172
 3122
 3072
 3020
 2966
 2912
 2862
 2814
 2766
 2712
 2660
 2602
 2538
 2482
 2422
 2364
 2308
 2256
 2206
 2158
 2114
 2072
 2030
 1992
 1954
 1922
 1890
 1860
 1834
 1808
 1786
 1770
 1756
 1746
 1742
 1750
 1758
 1772
 1790
 1812
 1832
 1862
 1892
 1922
 1954
 1988
 2022
 2050
 2082
 2112
 2138
 2164
 2190
 2218
 2246
 2276
 2304
 2336
 2368
 2396
 2430
 2466
 2500
 2526
 2558
 2592
 2630
 2664
 2700
 2734
 2770
 2806
 2842
 2872
 2898
 2924
 2946
 2966
 2988
 3012
 3034
 3056
 3078
 3100
 3122
 3146
 3166
 3184
 3202
 3210
 3220
 3226
 3230
 3234
 3240
 3246
 3246
 3248
 3256
 3256
 3254
 3236
 3210
 3176
 3138
 3102
 3058
 3014
 2968
 2922
 2878
 2832
 2788
 2742
 2700
 2656
 2608
 2570
 2532
 2490
 2452
 2414
 2378
 2346
 2314
 2280
 2244
 2212
 2180
 2144
 2112
 2080
 2048
 2014
 1984
 1952
 1924
 1896
 1870
 1844
 1826
 1812
 1802
 1802
 1804
 1810
 1820
 1836
 1858
 1882
 1908
 1940
 1968
 1996
 2026
 2052
 2084
 2118
 2148
 2178
 2208
 2238
 2268
 2298
 2332
 2364
 2396
 2434
 2464
 2492
 2520
 2548
 2578
 2606
 2636
 2666
 2698
 2732
 2764
 2792
 2820
 2846
 2872
 2898
 2922
 2946
 2970
 2994
 3016
 3040
 3062
 3084
 3104
 3124
 3138
 3148
 3142
 3132
 3116
 3094
 3066
 3032
 2996
 2956
 2914
 2876
 2832
 2792
 2750
 2708
 2666
 2626
 2584
 2546
 2504
 2462
 2420
 2378
 2334
 2292
 2250
 2210
 2174
 2132
 2098
 2064
 2030
 1996
 1968
 1942
 1920
 1902
 1890
 1878
 1872
 1876
 1880
 1892
 1906
 1922
 1942
 1966
 1990
 2018
 2048
 2078
 2104
 2134
 2164
 2186
 2210
 2244
 2274
 2302
 2332
 2358
 2390
 2418
 2452
 2484
 2510
 2536
 2562
 2584
 2606
 2628
 2650
 2672
 2694
 2718
 2742
 2766
 2790
 2812
 2830
 2848
 2864
 2878
 2896
 2910
 2930
 2942
 2954
 2974
 2992
 3014
 3036
 3052
 3068
 3084
 3094
 3104
 3114
 3122
 3130
 3140
 3148
 3152
 3148
 3138
 3124
 3098
 3070
 3040
 3002
 2964
 2924
 2882
 2842
 2798
 2756
 2718
 2678
 2642
 2606
 2568
 2538
 2500
 2464
 2432
 2396
 2364
 2330
 2296
 2260
 2226
 2192
 2160
 2126
 2096
 2068
 2038
 2008
 1984
 1958
 1936
 1916
 1898
 1890
 1886
 1890
 1896
 1906
 1920
 1934
 1954
 1970
 1988
 2008
 2030
 2050
 2072
 2096
 2120
 2144
 2166
 2196
 2226
 2250
 2274
 2300
 2322
 2344
 2368
 2396
 2424
 2456
 2486
 2512
 2538
 2562
 2586
 2608
 2632
 2658
 2684
 2712
 2738
 2764
 2790
 2816
 2844
 2864
 2886
 2910
 2926
 2938
 2948
 2966
 2982
 2996
 3014
 3030
 3048
 3068
 3084
 3094
 3104
 3112
 3120
 3130
 3136
 3142
 3150
 3158
 3168
 3176
 3182
 3186
 3184
 3174
 3156
 3128
 3094
 3064
 3028
 2986
 2940
 2896
 2850
 2806
 2762
 2714
 2670
 2628
 2584
 2544
 2504
 2464
 2424
 2388
 2348
 2310
 2272
 2236
 2200
 2166
 2136
 2104
 2066
 2040
 2012
 1984
 1958
 1932
 1912
 1896
 1886
 1886
 1886
 1892
 1904
 1914
 1930
 1948
 1966
 1990
 2016
 2038
 2064
 2088
 2112
 2136
 2162
 2192
 2218
 2250
 2282
 2312
 2342
 2374
 2404
 2438
 2472
 2508
 2538
 2570
 2600
 2626
 2652
 2678
 2706
 2732
 2760
 2786
 2814
 2844
 2874
 2902
 2926
 2948
 2962
 2968
 2976
 2986
 2994
 3002
 3010
 3020
 3032
 3048
 3064
 3078
 3092
 3104
 3118
 3122
 3126
 3124
 3116
 3100
 3078
 3052
 3022
 2988
 2954
 2916
 2876
 2834
 2796
 2750
 2704
 2664
 2624
 2584
 2544
 2506
 2472
 2436
 2402
 2368
 2334
 2302
 2264
 2224
 2188
 2152
 2116
 2082
 2050
 2022
 1994
 1970
 1946
 1926
 1910
 1898
 1890
 1888
 1898
 1910
 1924
 1942
 1964
 1986
 2012
 2040
 2068
 2094
 2120
 2144
 2174
 2202
 2232
 2258
 2284
 2312
 2342
 2370
 2400
 2430
 2458
 2488
 2518
 2544
 2568
 2594
 2624
 2650
 2676
 2702
 2734
 2764
 2796
 2826
 2852
 2878
 2904
 2924
 2950
 2974
 2990
 3004
 3020
 3034
 3052
 3064
 3078
 3092
 3104
 3114
 3120
 3120
 3124
 3126
 3128
 3122
 3108
 3092
 3066
 3040
 3000
 2960
 2920
 2882
 2838
 2794
 2750
 2706
 2664
 2616
 2572
 2528
 2486
 2446
 2406
 2366
 2328
 2288
 2244
 2204
 2166
 2130
 2096
 2064
 2036
 2014
 1994
 1976
 1958
 1940
 1916
 1888
 1868
 1838
 1818
 1808
 1800
 1798
 1796
 1804
 1814
 1832
 1852
 1868
 1888
 1906
 1920
 1930
 1930
 1926
 1922
 1914
 1902
 1894
 1888
 1892
 1900
 1906
 1910
 1912
 1908
 1902
 1892
 1878
 1860
 1852
 1848
 1848
 1858
 1872
 1890
 1908
 1922
 1934
 1952
 1970
 1994
 2022
 2048
 2080
 2112
 2146
 2178
 2208
 2238
 2272
 2310
 2342
 2378
 2412
 2446
 2480
 2518
 2556
 2596
 2638
 2678
 2714
 2752
 2792
 2832
 2864
 2896
 2928
 2956
 2976
 2998
 3020
 3044
 3070
 3094
 3112
 3132
 3148
 3164
 3176
 3188
 3198
 3208
 3214
 3210
 3200
 3182
 3158
 3130
 3096
 3058
 3016
 2974
 2926
 2876
 2834
 2788
 2742
 2700
 2658
 2618
 2580
 2542
 2504
 2466
 2432
 2392
 2354
 2314
 2278
 2240
 2204
 2170
 2138
 2108
 2080
 2056
 2032
 2008
 1986
 1968
 1948
 1940
 1940
 1940
 1950
 1960
 1974
 1992
 2014
 2038
 2064
 2086
 2110
 2138
 2162
 2190
 2216
 2240
 2268
 2294
 2322
 2354
 2386
 2418
 2452
 2482
 2514
 2544
 2572
 2600
 2634
 2668
 2700
 2734
 2770
 2806
 2840
 2876
 2906
 2934
 2962
 2984
 3008
 3026
 3046
 3066
 3086
 3106
 3126
 3144
 3162
 3180
 3196
 3206
 3216
 3222
 3222
 3220
 3214
 3204
 3188
 3166
 3140
 3106
 3072
 3032
 2992
 2952
 2910
 2866
 2822
 2780
 2740
 2700
 2660
 2622
 2586
 2548
 2512
 2474
 2434
 2396
 2358
 2316
 2274
 2240
 2204
 2168
 2138
 2112
 2086
 2060
 2038
 2012
 1988
 1968
 1946
 1930
 1920
 1918
 1922
 1930
 1944
 1960
 1978
 2000
 2026
 2048
 2074
 2102
 2126
 2152
 2182
 2214
 2244
 2272
 2302
 2328
 2356
 2386
 2412
 2436
 2462
 2484
 2506
 2526
 2548
 2570
 2592
 2618
 2642
 2666
 2692
 2720
 2746
 2770
 2794
 2816
 2836
 2858
 2880
 2904
 2926
 2944
 2964
 2984
 3008
 3030
 3046
 3064
 3080
 3092
 3104
 3116
 3128
 3138
 3150
 3162
 3170
 3176
 3186
 3194
 3200
 3200
 3200
 3196
 3190
 3188
 3184
 3184
 3180
 3178
 3176
 3166
 3152
 3132
 3106
 3076
 3038
 2994
 2948
 2898
 2846
 2796
 2752
 2700
 2646
 2600
 2554
 2504
 2454
 2402
 2352
 2306
 2260
 2216
 2174
 2132
 2086
 2046
 2006
 1972
 1938
 1904
 1870
 1838
 1806
 1778
 1754
 1730
 1712
 1694
 1680
 1666
 1654
 1646
 1642
 1636
 1634
 1636
 1632
 1632
 1634
 1638
 1644
 1652
 1658
 1662
 1668
 1676
 1684
 1694
 1704
 1722
 1738
 1754
 1764
 1772
 1786
 1798
 1816
 1838
 1866
 1900
 1934
 1964
 2000
 2038
 2074
 2112
 2142
 2172
 2200
 2230
 2254
 2280
 2310
 2340
 2372
 2414
 2458
 2502
 2548
 2592
 2632
 2670
 2704
 2744
 2790
 2828
 2864
 2890
 2912
 2932
 2946
 2964
 2980
 3002
 3018
 3028
 3032
 3024
 3010
 2988
 2960
 2928
 2892
 2854
 2816
 2776
 2736
 2694
 2654
 2610
 2568
 2530
 2484
 2442
 2398
 2350
 2302
 2256
 2220
 2188
 2160
 2134
 2096
 2056
 2008
 1962
 1920
 1876
 1838
 1804
 1776
 1752
 1736
 1726
 1728
 1738
 1756
 1778
 1802
 1832
 1864
 1890
 1922
 1950
 1984
 2018
 2054
 2096
 2136
 2178
 2220
 2256
 2292
 2328
 2370
 2410
 2450
 2486
 2524
 2560
 2600
 2640
 2684
 2726
 2768
 2810
 2848
 2882
 2916
 2942
 2962
 2982
 3002
 3020
 3032
 3042
 3056
 3070
 3084
 3100
 3112
 3124
 3134
 3144
 3150
 3156
 3164
 3168
 3166
 3156
 3140
 3116
 3086
 3054
 3016
 2974
 2932
 2886
 2836
 2790
 2742
 2696
 2652
 2610
 2568
 2528
 2492
 2458
 2422
 2388
 2356
 2318
 2282
 2248
 2214
 2182
 2150
 2120
 2088
 2058
 2028
 2000
 1974
 1950
 1932
 1910
 1888
 1872
 1856
 1848
 1846
 1848
 1856
 1868
 1886
 1904
 1924
 1946
 1962
 1982
 2000
 2020
 2040
 2058
 2080
 2104
 2128
 2152
 2178
 2202
 2232
 2260
 2284
 2306
 2334
 2360
 2386
 2410
 2436
 2464
 2488
 2520
 2546
 2570
 2596
 2620
 2642
 2666
 2690
 2712
 2734
 2756
 2776
 2798
 2822
 2842
 2866
 2890
 2914
 2924
 2934
 2948
 2964
 2980
 2994
 3014
 3032
 3052
 3072
 3088
 3100
 3112
 3122
 3132
 3140
 3148
 3156
 3164
 3170
 3176
 3180
 3180
 3174
 3162
 3142
 3118
 3086
 3058
 3028
 2998
 2966
 2934
 2902
 2870
 2830
 2796
 2756
 2722
 2690
 2656
 2620
 2588
 2554
 2522
 2490
 2460
 2428
 2400
 2370
 2342
 2314
 2284
 2254
 2222
 2196
 2172
 2148
 2126
 2108
 2092
 2076
 2068
 2066
 2066
 2070
 2076
 2082
 2088
 2098
 2110
 2122
 2140
 2158
 2174
 2194
 2214
 2236
 2256
 2278
 2298
 2318
 2342
 2364
 2386
 2404
 2426
 2452
 2480
 2512
 2544
 2570
 2600
 2628
 2652
 2680
 2706
 2734
 2760
 2790
 2818
 2850
 2880
 2910
 2936
 2960
 2980
 2996
 3014
 3032
 3048
 3064
 3078
 3094
 3108
 3124
 3140
 3154
 3168
 3182
 3190
 3198
 3200
 3192
 3174
 3148
 3114
 3076
 3032
 2992
 2942
 2892
 2844
 2800
 2750
 2700
 2654
 2606
 2558
 2512
 2468
 2428
 2386
 2350
 2314
 2280
 2248
 2214
 2180
 2150
 2120
 2092
 2066
 2046
 2024
 2008
 1992
 1980
 1978
 1986
 1996
 2010
 2030
 2052
 2074
 2096
 2124
 2150
 2180
 2210
 2248
 2280
 2312
 2344
 2372
 2400
 2432
 2464
 2496
 2530
 2562
 2594
 2628
 2662
 2692
 2724
 2760
 2786
 2812
 2842
 2874
 2906
 2936
 2962
 2990
 3008
 3030
 3048
 3062
 3076
 3088
 3098
 3108
 3120
 3132
 3142
 3154
 3164
 3178
 3190
 3198
 3208
 3216
 3224
 3228
 3224
 3226
 3224
 3226
 3228
 3220
 3220
 3220
 3224
 3230
 3230
 3226
 3210
 3192
 3166
 3134
 3098
 3060
 3020
 2980
 2936
 2894
 2854
 2810
 2766
 2722
 2678
 2628
 2584
 2542
 2504
 2460
 2416
 2374
 2334
 2296
 2260
 2226
 2194
 2162
 2130
 2098
 2068
 2036
 2006
 1976
 1948
 1922
 1896
 1874
 1854
 1836
 1820
 1798
 1782
 1768
 1752
 1740
 1730
 1724
 1724
 1728
 1730
 1734
 1740
 1746
 1752
 1762
 1770
 1780
 1788
 1798
 1808
 1818
 1826
 1840
 1852
 1866
 1878
 1890
 1904
 1916
 1930
 1944
 1960
 1984
 2010
 2038
 2068
 2096
 2126
 2156
 2186
 2218
 2252
 2292
 2332
 2370
 2408
 2446
 2482
 2518
 2550
 2582
 2616
 2644
 2674
 2706
 2740
 2774
 2808
 2840
 2870
 2900
 2928
 2940
 2952
 2964
 2978
 2990
 3000
 3014
 3024
 3036
 3050
 3060
 3070
 3082
 3094
 3104
 3112
 3120
 3124
 3124
 3126
 3128
 3128
 3128
 3128
 3132
 3134
 3136
 3128
 3116
 3096
 3068
 3036
 3004
 2968
 2930
 2892
 2854
 2814
 2778
 2742
 2706
 2668
 2634
 2602
 2562
 2528
 2494
 2458
 2420
 2382
 2344
 2308
 2276
 2246
 2216
 2186
 2160
 2130
 2098
 2070
 2042
 2014
 1988
 1962
 1938
 1920
 1912
 1910
 1916
 1926
 1938
 1954
 1974
 1994
 2012
 2034
 2056
 2080
 2106
 2132
 2164
 2190
 2220
 2246
 2276
 2302
 2330
 2358
 2388
 2420
 2454
 2488
 2526
 2566
 2602
 2640
 2672
 2702
 2734
 2766
 2804
 2840
 2874
 2908
 2940
 2966
 2990
 3010
 3030
 3052
 3066
 3080
 3096
 3110
 3126
 3138
 3150
 3162
 3174
 3186
 3192
 3194
 3198
 3202
 3202
 3200
 3188
 3166
 3134
 3094
 3050
 3002
 2956
 2910
 2864
 2822
 2780
 2734
 2694
 2652
 2612
 2574
 2536
 2494
 2458
 2424
 2390
 2356
 2326
 2294
 2262
 2234
 2204
 2180
 2152
 2128
 2104
 2088
 2076
 2070
 2066
 2074
 2080
 2090
 2102
 2118
 2134
 2158
 2182
 2210
 2236
 2268
 2298
 2334
 2370
 2402
 2432
 2472
 2510
 2552
 2598
 2644
 2688
 2730
 2772
 2812
 2846
 2880
 2910
 2938
 2958
 2980
 3004
 3026
 3048
 3068
 3088
 3108
 3124
 3138
 3148
 3152
 3154
 3152
 3146
 3130
 3106
 3078
 3046
 3010
 2974
 2930
 2890
 2852
 2810
 2764
 2718
 2674
 2630
 2588
 2546
 2508
 2472
 2436
 2398
 2366
 2334
 2296
 2268
 2238
 2208
 2180
 2150
 2126
 2102
 2082
 2064
 2046
 2030
 2020
 2010
 2008
 2010
 2016
 2024
 2034
 2046
 2060
 2074
 2090
 2108
 2128
 2144
 2162
 2184
 2206
 2228
 2250
 2274
 2302
 2332
 2364
 2394
 2424
 2454
 2484
 2514
 2546
 2576
 2608
 2642
 2674
 2706
 2738
 2770
 2804
 2834
 2864
 2886
 2906
 2922
 2936
 2952
 2968
 2984
 3004
 3022
 3044
 3066
 3084
 3102
 3120
 3134
 3144
 3144
 3126
 3098
 3064
 3022
 2982
 2940
 2892
 2844
 2796
 2750
 2700
 2654
 2610
 2566
 2524
 2482
 2444
 2408
 2374
 2342
 2312
 2278
 2248
 2216
 2182
 2152
 2122
 2092
 2064
 2036
 2010
 1986
 1966
 1946
 1932
 1920
 1910
 1910
 1912
 1918
 1930
 1946
 1964
 1986
 2012
 2038
 2064
 2090
 2114
 2140
 2170
 2198
 2226
 2254
 2284
 2314
 2342
 2372
 2400
 2430
 2460
 2492
 2520
 2548
 2578
 2610
 2640
 2668
 2700
 2734
 2770
 2806
 2838
 2866
 2894
 2914
 2932
 2956
 2976
 2998
 3018
 3040
 3058
 3078
 3098
 3114
 3128
 3140
 3150
 3156
 3160
 3162
 3166
 3172
 3176
 3182
 3186
 3186
 3176
 3158
 3128
 3092
 3052
 3010
 2966
 2920
 2874
 2828
 2782
 2736
 2692
 2648
 2600
 2558
 2514
 2466
 2430
 2390
 2348
 2308
 2266
 2228
 2194
 2164
 2132
 2102
 2074
 2046
 2018
 1992
 1968
 1944
 1926
 1912
 1904
 1904
 1910
 1920
 1936
 1956
 1974
 1998
 2026
 2054
 2082
 2116
 2152
 2186
 2222
 2256
 2288
 2318
 2350
 2378
 2406
 2436
 2466
 2496
 2526
 2556
 2588
 2618
 2650
 2680
 2712
 2744
 2770
 2798
 2826
 2854
 2882
 2908
 2934
 2960
 2984
 3006
 3024
 3040
 3054
 3068
 3074
 3080
 3090
 3100
 3110
 3120
 3132
 3140
 3152
 3162
 3168
 3176
 3178
 3176
 3176
 3166
 3152
 3132
 3110
 3082
 3048
 3014
 2976
 2936
 2896
 2854
 2810
 2766
 2724
 2684
 2642
 2604
 2564
 2526
 2490
 2454
 2416
 2378
 2340
 2298
 2260
 2224
 2188
 2152
 2122
 2094
 2066
 2048
 2030
 2012
 1998
 1986
 1980
 1980
 1982
 1992
 2006
 2022
 2044
 2068
 2094
 2120
 2148
 2176
 2204
 2230
 2258
 2288
 2316
 2344
 2372
 2408
 2442
 2476
 2512
 2544
 2572
 2600
 2628
 2656
 2690
 2726
 2760
 2790
 2818
 2846
 2876
 2904
 2928
 2952
 2974
 2988
 3000
 3014
 3028
 3034
 3040
 3048
 3060
 3074
 3088
 3100
 3112
 3124
 3132
 3138
 3142
 3142
 3132
 3116
 3094
 3062
 3028
 2990
 2952
 2908
 2864
 2820
 2770
 2726
 2684
 2642
 2600
 2560
 2524
 2490
 2456
 2426
 2396
 2368
 2338
 2306
 2274
 2244
 2214
 2186
 2160
 2134
 2110
 2088
 2068
 2050
 2038
 2036
 2032
 2038
 2052
 2066
 2084
 2106
 2130
 2158
 2186
 2216
 2244
 2270
 2300
 2326
 2354
 2380
 2408
 2436
 2464
 2492
 2520
 2550
 2580
 2612
 2646
 2680
 2704
 2732
 2760
 2794
 2824
 2854
 2886
 2916
 2944
 2974
 2996
 3014
 3032
 3048
 3064
 3072
 3080
 3090
 3100
 3110
 3120
 3128
 3136
 3144
 3152
 3158
 3164
 3164
 3154
 3130
 3100
 3060
 3020
 2976
 2932
 2886
 2838
 2794
 2750
 2706
 2658
 2616
 2572
 2530
 2490
 2452
 2414
 2378
 2342
 2306
 2272
 2242
 2202
 2172
 2140
 2108
 2078
 2050
 2026
 2004
 1990
 1978
 1964
 1958
 1950
 1952
 1956
 1964
 1978
 1994
 2012
 2032
 2054
 2078
 2104
 2132
 2162
 2188
 2214
 2244
 2272
 2302
 2332
 2362
 2396
 2430
 2468
 2506
 2540
 2574
 2612
 2646
 2682
 2720
 2758
 2796
 2834
 2870
 2908
 2944
 2972
 3002
 3024
 3044
 3056
 3070
 3078
 3090
 3100
 3110
 3116
 3124
 3134
 3146
 3158
 3162
 3160
 3146
 3126
 3098
 3062
 3024
 2980
 2936
 2886
 2838
 2788
 2740
 2692
 2640
 2592
 2548
 2502
 2456
 2408
 2368
 2326
 2288
 2252
 2212
 2176
 2138
 2098
 2058
 2018
 1980
 1948
 1916
 1888
 1868
 1852
 1846
 1850
 1856
 1868
 1880
 1898
 1918
 1942
 1968
 1998
 2032
 2066
 2098
 2130
 2162
 2188
 2212
 2236
 2262
 2282
 2306
 2334
 2366
 2402
 2442
 2484
 2522
 2558
 2594
 2630
 2664
 2698
 2734
 2770
 2802
 2830
 2860
 2888
 2920
 2940
 2962
 2986
 3012
 3032
 3054
 3074
 3090
 3108
 3122
 3134
 3144
 3156
 3164
 3176
 3182
 3190
 3196
 3200
 3198
 3180
 3152
 3120
 3086
 3048
 3004
 2958
 2914
 2868
 2824
 2778
 2734
 2690
 2644
 2602
 2560
 2516
 2472
 2426
 2382
 2340
 2298
 2258
 2218
 2182
 2144
 2108
 2074
 2034
 1994
 1964
 1934
 1906
 1888
 1878
 1876
 1886
 1902
 1922
 1946
 1972
 1998
 2026
 2054
 2084
 2116
 2148
 2182
 2220
 2260
 2308
 2356
 2400
 2440
 2478
 2522
 2562
 2596
 2636
 2676
 2716
 2756
 2794
 2832
 2868
 2906
 2938
 2964
 2992
 3016
 3028
 3042
 3058
 3072
 3084
 3098
 3106
 3116
 3128
 3134
 3134
 3124
 3102
 3076
 3040
 2994
 2952
 2904
 2856
 2808
 2762
 2716
 2672
 2634
 2588
 2544
 2500
 2456
 2410
 2366
 2322
 2280
 2238
 2196
 2156
 2116
 2082
 2046
 2014
 1984
 1964
 1946
 1936
 1940
 1950
 1968
 1990
 2018
 2050
 2084
 2126
 2164
 2202
 2244
 2280
 2320
 2360
 2400
 2438
 2478
 2520
 2564
 2608
 2650
 2692
 2734
 2770
 2806
 2834
 2858
 2886
 2912
 2934
 2954
 2976
 2994
 3012
 3034
 3050
 3068
 3082
 3094
 3104
 3112
 3116
 3108
 3092
 3068
 3036
 3002
 2956
 2912
 2864
 2812
 2762
 2706
 2652
 2606
 2560
 2512
 2468
 2424
 2384
 2342
 2302
 2260
 2222
 2184
 2146
 2108
 2074
 2038
 2006
 1976
 1950
 1926
 1908
 1890
 1880
 1878
 1884
 1896
 1910
 1928
 1956
 1982
 2012
 2042
 2076
 2112
 2156
 2200
 2244
 2288
 2334
 2376
 2420
 2460
 2496
 2532
 2568
 2606
 2646
 2686
 2728
 2768
 2808
 2842
 2878
 2900
 2920
 2938
 2954
 2972
 2986
 3000
 3014
 3030
 3048
 3064
 3074
 3086
 3096
 3100
 3098
 3078
 3056
 3024
 2990
 2952
 2910
 2868
 2824
 2778
 2734
 2690
 2642
 2602
 2560
 2518
 2478
 2438
 2400
 2358
 2320
 2282
 2240
 2202
 2166
 2124
 2088
 2050
 2016
 1984
 1952
 1924
 1896
 1876
 1856
 1846
 1846
 1852
 1864
 1888
 1910
 1936
 1970
 2004
 2044
 2084
 2132
 2174
 2210
 2248
 2284
 2322
 2360
 2402
 2448
 2496
 2544
 2588
 2636
 2680
 2720
 2760
 2798
 2836
 2862
 2890
 2914
 2938
 2958
 2978
 2996
 3012
 3030
 3050
 3064
 3080
 3092
 3100
 3108
 3112
 3108
 3088
 3060
 3030
 2994
 2956
 2912
 2866
 2820
 2776
 2722
 2680
 2636
 2592
 2546
 2504
 2464
 2422
 2384
 2342
 2298
 2258
 2218
 2174
 2132
 2094
 2056
 2020
 1988
 1956
 1932
 1908
 1886
 1872
 1862
 1860
 1866
 1876
 1888
 1904
 1924
 1944
 1968
 1994
 2024
 2050
 2080
 2114
 2142
 2170
 2198
 2228
 2262
 2296
 2330
 2364
 2398
 2436
 2472
 2508
 2546
 2578
 2610
 2646
 2690
 2730
 2774
 2820
 2860
 2898
 2936
 2962
 2982
 3000
 3012
 3018
 3004
 2980
 2948
 2912
 2870
 2826
 2778
 2726
 2676
 2626
 2574
 2526
 2478
 2430
 2382
 2330
 2280
 2232
 2184
 2140
 2096
 2056
 2018
 1978
 1940
 1902
 1868
 1836
 1806
 1778
 1756
 1738
 1726
 1726
 1730
 1738
 1754
 1770
 1790
 1814
 1846
 1880
 1916
 1954
 1992
 2028
 2064
 2100
 2132
 2166
 2206
 2250
 2290
 2332
 2374
 2416
 2460
 2502
 2542
 2584
 2624
 2658
 2696
 2732
 2768
 2804
 2834
 2864
 2894
 2924
 2944
 2962
 2980
 2996
 3012
 3022
 3036
 3048
 3058
 3068
 3078
 3086
 3094
 3100
 3106
 3110
 3110
 3106
 3104
 3100
 3098
 3094
 3092
 3090
 3092
 3092
 3086
 3070
 3054
 3030
 2994
 2956
 2918
 2878
 2834
 2790
 2746
 2702
 2660
 2618
 2574
 2532
 2494
 2450
 2406
 2368
 2328
 2286
 2246
 2204
 2164
 2122
 2086
 2050
 2012
 1980
 1944
 1912
 1886
 1862
 1842
 1824
 1814
 1812
 1816
 1826
 1836
 1854
 1878
 1898
 1928
 1962
 1992
 2022
 2056
 2090
 2124
 2160
 2196
 2228
 2268
 2306
 2342
 2380
 2416
 2454
 2492
 2528
 2564
 2600
 2636
 2672
 2708
 2738
 2770
 2796
 2816
 2840
 2862
 2884
 2896
 2910
 2924
 2940
 2958
 2974
 2988
 3002
 3014
 3024
 3032
 3040
 3046
 3054
 3056
 3046
 3032
 3008
 2978
 2944
 2904
 2860
 2810
 2764
 2716
 2670
 2622
 2578
 2536
 2492
 2454
 2414
 2374
 2340
 2302
 2266
 2230
 2196
 2166
 2136
 2104
 2074
 2046
 2022
 1998
 1976
 1958
 1942
 1926
 1918
 1912
 1912
 1914
 1922
 1934
 1950
 1968
 1988
 2010
 2030
 2048
 2066
 2084
 2106
 2128
 2154
 2182
 2212
 2240
 2268
 2298
 2326
 2356
 2386
 2408
 2434
 2460
 2488
 2512
 2538
 2568
 2598
 2628
 2660
 2688
 2714
 2740
 2762
 2784
 2802
 2826
 2848
 2870
 2892
 2914
 2928
 2942
 2958
 2972
 2986
 2996
 3000
 3006
 3010
 3016
 3018
 3020
 3024
 3030
 3036
 3046
 3052
 3062
 3068
 3076
 3074
 3072
 3064
 3052
 3034
 3010
 2982
 2954
 2924
 2890
 2850
 2814
 2774
 2730
 2692
 2652
 2614
 2574
 2534
 2496
 2460
 2422
 2390
 2358
 2326
 2292
 2258
 2226
 2194
 2164
 2134
 2102
 2074
 2048
 2018
 1992
 1970
 1948
 1930
 1914
 1898
 1890
 1884
 1882
 1886
 1890
 1902
 1918
 1938
 1958
 1982
 2006
 2026
 2044
 2062
 2082
 2100
 2118
 2140
 2162
 2190
 2218
 2248
 2274
 2306
 2340
 2368
 2394
 2426
 2454
 2484
 2514
 2546
 2578
 2612
 2648
 2676
 2702
 2730
 2750
 2772
 2794
 2816
 2840
 2862
 2884
 2908
 2928
 2948
 2968
 2978
 2986
 2996
 3002
 3006
 3008
 3010
 3012
 3012
 3016
 3012
 3012
 3018
 3024
 3028
 3026
 3018
 3004
 2986
 2962
 2936
 2908
 2874
 2840
 2806
 2768
 2732
 2696
 2656
 2622
 2584
 2542
 2506
 2468
 2430
 2392
 2356
 2322
 2288
 2260
 2230
 2196
 2170
 2142
 2114
 2086
 2058
 2034
 2010
 1986
 1966
 1946
 1928
 1914
 1902
 1894
 1892
 1890
 1894
 1900
 1908
 1914
 1924
 1938
 1952
 1968
 1988
 2008
 2026
 2044
 2062
 2080
 2098
 2112
 2128
 2144
 2160
 2178
 2198
 2220
 2244
 2268
 2294
 2320
 2340
 2364
 2388
 2412
 2434
 2458
 2484
 2510
 2540
 2574
 2608
 2640
 2670
 2694
 2714
 2734
 2752
 2774
 2792
 2810
 2830
 2852
 2872
 2888
 2904
 2920
 2926
 2928
 2932
 2934
 2936
 2938
 2938
 2944
 2948
 2950
 2944
 2932
 2918
 2898
 2872
 2846
 2814
 2782
 2748
 2712
 2678
 2642
 2608
 2572
 2538
 2502
 2470
 2432
 2396
 2366
 2334
 2304
 2274
 2242
 2218
 2192
 2172
 2150
 2124
 2102
 2078
 2052
 2028
 2006
 1986
 1966
 1948
 1934
 1924
 1924
 1926
 1934
 1948
 1964
 1980
 1998
 2022
 2040
 2062
 2084
 2110
 2134
 2162
 2192
 2220
 2248
 2276
 2304
 2330
 2356
 2384
 2412
 2440
 2472
 2502
 2536
 2570
 2604
 2636
 2670
 2700
 2724
 2748
 2772
 2798
 2822
 2844
 2866
 2890
 2914
 2930
 2946
 2964
 2980
 2992
 3002
 3014
 3024
 3034
 3044
 3054
 3062
 3074
 3084
 3094
 3098
 3104
 3106
 3104
 3102
 3098
 3096
 3094
 3094
 3094
 3096
 3096
 3092
 3080
 3060
 3034
 3002
 2968
 2930
 2892
 2850
 2806
 2764
 2722
 2680
 2640
 2602
 2560
 2520
 2482
 2436
 2398
 2362
 2326
 2290
 2256
 2222
 2194
 2166
 2142
 2114
 2090
 2062
 2036
 2012
 1988
 1964
 1942
 1922
 1904
 1888
 1878
 1872
 1870
 1872
 1880
 1884
 1892
 1904
 1916
 1934
 1954
 1974
 1994
 2018
 2042
 2066
 2090
 2112
 2134
 2154
 2176
 2198
 2220
 2242
 2266
 2290
 2316
 2340
 2366
 2390
 2414
 2442
 2464
 2482
 2506
 2528
 2550
 2572
 2594
 2620
 2644
 2666
 2692
 2714
 2738
 2760
 2780
 2800
 2818
 2840
 2858
 2872
 2890
 2904
 2918
 2930
 2944
 2958
 2972
 2976
 2978
 2978
 2982
 2984
 2984
 2986
 2986
 2992
 2998
 3004
 3014
 3020
 3030
 3036
 3034
 3026
 3014
 2996
 2974
 2948
 2920
 2888
 2854
 2816
 2776
 2736
 2694
 2654
 2612
 2566
 2530
 2490
 2446
 2402
 2362
 2324
 2286
 2250
 2214
 2178
 2144
 2106
 2066
 2032
 2000
 1970
 1944
 1920
 1898
 1882
 1866
 1854
 1844
 1834
 1830
 1828
 1832
 1844
 1856
 1872
 1892
 1914
 1938
 1966
 2002
 2036
 2066
 2098
 2124
 2148
 2172
 2198
 2224
 2252
 2282
 2316
 2350
 2386
 2422
 2456
 2488
 2518
 2542
 2562
 2584
 2606
 2628
 2644
 2666
 2688
 2710
 2736
 2760
 2782
 2806
 2826
 2844
 2862
 2876
 2892
 2908
 2922
 2938
 2952
 2958
 2964
 2972
 2978
 2984
 2986
 2984
 2986
 2986
 2986
 2984
 2982
 2982
 2986
 2992
 2998
 3006
 3012
 3020
 3026
 3030
 3034
 3040
 3044
 3050
 3052
 3056
 3060
 3064
 3068
 3064
 3056
 3046
 3026
 3002
 2978
 2950
 2918
 2886
 2850
 2814
 2778
 2742
 2712
 2678
 2648
 2616
 2582
 2550
 2516
 2484
 2450
 2418
 2384
 2352
 2322
 2292
 2262
 2232
 2208
 2182
 2150
 2126
 2098
 2074
 2048
 2026
 2000
 1984
 1968
 1954
 1944
 1936
 1930
 1928
 1928
 1932
 1940
 1954
 1966
 1984
 2002
 2020
 2042
 2064
 2086
 2114
 2138
 2160
 2186
 2212
 2240
 2268
 2292
 2320
 2348
 2376
 2406
 2434
 2462
 2488
 2514
 2540
 2568
 2594
 2620
 2648
 2676
 2704
 2730
 2756
 2782
 2804
 2826
 2846
 2860
 2874
 2888
 2902
 2916
 2922
 2930
 2942
 2954
 2970
 2984
 2994
 3008
 3018
 3026
 3034
 3042
 3048
 3054
 3064
 3064
 3062
 3060
 3060
 3062
 3060
 3058
 3052
 3042
 3030
 3006
 2982
 2956
 2928
 2896
 2862
 2826
 2790
 2754
 2718
 2686
 2654
 2622
 2588
 2554
 2522
 2488
 2454
 2418
 2386
 2352
 2316
 2280
 2246
 2204
 2168
 2138
 2106
 2078
 2054
 2032
 2012
 1992
 1972
 1952
 1930
 1908
 1886
 1868
 1850
 1836
 1830
 1828
 1828
 1836
 1850
 1870
 1886
 1904
 1924
 1946
 1966
 1984
 2006
 2028
 2054
 2076
 2102
 2128
 2154
 2184
 2214
 2240
 2266
 2294
 2318
 2344
 2370
 2398
 2424
 2456
 2488
 2526
 2566
 2606
 2644
 2680
 2714
 2744
 2770
 2792
 2814
 2840
 2864
 2886
 2904
 2922
 2942
 2964
 2982
 3000
 3016
 3028
 3040
 3050
 3060
 3068
 3074
 3080
 3086
 3090
 3094
 3098
 3100
 3098
 3094
 3090
 3084
 3084
 3084
 3078
 3078
 3074
 3064
 3052
 3030
 3006
 2978
 2942
 2902
 2854
 2808
 2760
 2712
 2666
 2620
 2576
 2530
 2486
 2440
 2396
 2346
 2302
 2260
 2218
 2178
 2138
 2104
 2068
 2036
 2002
 1968
 1936
 1906
 1876
 1850
 1826
 1802
 1782
 1760
 1742
 1730
 1722
 1722
 1726
 1738
 1754
 1766
 1786
 1802
 1822
 1842
 1862
 1884
 1908
 1938
 1970
 1996
 2024
 2048
 2070
 2092
 2114
 2138
 2162
 2198
 2234
 2270
 2304
 2338
 2374
 2408
 2444
 2474
 2504
 2538
 2572
 2610
 2644
 2678
 2714
 2750
 2786
 2820
 2846
 2874
 2900
 2920
 2936
 2956
 2962
 2970
 2978
 2986
 2996
 3004
 3012
 3020
 3026
 3030
 3030
 3028
 3022
 3012
 2996
 2972
 2942
 2910
 2874
 2838
 2798
 2756
 2716
 2672
 2626
 2584
 2540
 2498
 2460
 2418
 2376
 2336
 2296
 2256
 2216
 2178
 2142
 2102
 2070
 2036
 2002
 1972
 1942
 1916
 1892
 1872
 1854
 1834
 1814
 1792
 1770
 1752
 1740
 1738
 1740
 1746
 1758
 1772
 1790
 1810
 1836
 1866
 1896
 1920
 1948
 1978
 2006
 2038
 2072
 2106
 2148
 2190
 2232
 2274
 2312
 2354
 2396
 2438
 2478
 2520
 2564
 2604
 2642
 2680
 2716
 2748
 2784
 2812
 2842
 2870
 2886
 2904
 2918
 2932
 2948
 2958
 2970
 2982
 2996
 3014
 3024
 3036
 3046
 3052
 3060
 3062
 3064
 3068
 3072
 3076
 3082
 3086
 3090
 3096
 3098
 3096
 3086
 3062
 3040
 3014
 2986
 2954
 2918
 2880
 2842
 2802
 2766
 2726
 2690
 2652
 2614
 2578
 2538
 2498
 2460
 2422
 2382
 2344
 2308
 2270
 2232
 2198
 2164
 2130
 2100
 2074
 2050
 2026
 2006
 1988
 1972
 1954
 1942
 1926
 1914
 1902
 1892
 1886
 1884
 1886
 1888
 1894
 1902
 1910
 1926
 1938
 1954
 1976
 1998
 2024
 2060
 2098
 2140
 2184
 2230
 2276
 2326
 2370
 2414
 2452
 2490
 2526
 2562
 2594
 2628
 2664
 2698
 2730
 2762
 2790
 2820
 2848
 2872
 2892
 2912
 2922
 2928
 2934
 2940
 2946
 2950
 2954
 2962
 2970
 2980
 2986
 2990
 2994
 3000
 3006
 3010
 3012
 3012
 3006
 3002
 2994
 2984
 2966
 2948
 2928
 2904
 2876
 2844
 2814
 2776
 2740
 2704
 2672
 2634
 2598
 2564
 2526
 2490
 2456
 2422
 2392
 2368
 2344
 2318
 2296
 2270
 2244
 2218
 2190
 2162
 2136
 2110
 2086
 2066
 2046
 2032
 2024
 2016
 2020
 2030
 2044
 2062
 2088
 2118
 2154
 2192
 2232
 2270
 2306
 2340
 2378
 2414
 2450
 2488
 2524
 2558
 2592
 2624
 2656
 2688
 2718
 2748
 2774
 2800
 2824
 2846
 2858
 2868
 2880
 2892
 2896
 2900
 2908
 2916
 2928
 2942
 2950
 2962
 2972
 2980
 2988
 2994
 3000
 3006
 3012
 3014
 3018
 3024
 3026
 3032
 3034
 3038
 3038
 3040
 3038
 3030
 3026
 3020
 3020
 3018
 3010
 3000
 2990
 2980
 2964
 2944
 2920
 2896
 2870
 2842
 2814
 2782
 2754
 2724
 2692
 2664
 2632
 2604
 2574
 2546
 2516
 2484
 2452
 2416
 2378
 2348
 2320
 2292
 2268
 2244
 2222
 2200
 2184
 2164
 2142
 2122
 2100
 2078
 2058
 2038
 2022
 2010
 2008
 2008
 2012
 2022
 2034
 2046
 2062
 2082
 2102
 2120
 2142
 2166
 2192
 2216
 2244
 2274
 2304
 2338
 2374
 2404
 2436
 2466
 2496
 2526
 2558
 2586
 2616
 2644
 2670
 2700
 2724
 2752
 2776
 2800
 2822
 2846
 2866
 2876
 2890
 2900
 2912
 2922
 2934
 2940
 2946
 2958
 2970
 2978
 2986
 2996
 3000
 3006
 3012
 3016
 3020
 3026
 3030
 3034
 3034
 3038
 3042
 3044
 3046
 3046
 3044
 3038
 3032
 3028
 3026
 3020
 3014
 3004
 2994
 2978
 2960
 2938
 2914
 2890
 2856
 2822
 2790
 2756
 2726
 2696
 2664
 2636
 2608
 2578
 2552
 2524
 2496
 2468
 2436
 2402
 2372
 2344
 2318
 2290
 2268
 2246
 2226
 2212
 2198
 2186
 2172
 2156
 2142
 2132
 2124
 2124
 2128
 2134
 2148
 2168
 2188
 2214
 2240
 2266
 2298
 2332
 2360
 2388
 2420
 2448
 2474
 2506
 2534
 2570
 2604
 2642
 2672
 2700
 2728
 2754
 2778
 2800
 2824
 2846
 2868
 2886
 2902
 2918
 2930
 2936
 2942
 2946
 2952
 2954
 2948
 2948
 2948
 2952
 2954
 2954
 2960
 2966
 2974
 2984
 2990
 2996
 3002
 3006
 3012
 3012
 3016
 3018
 3022
 3026
 3022
 3020
 3020
 3020
 3018
 3016
 3014
 3008
 3002
 2998
 2994
 2992
 2986
 2980
 2970
 2954
 2938
 2920
 2896
 2874
 2848
 2820
 2794
 2768
 2740
 2712
 2686
 2658
 2630
 2604
 2576
 2552
 2526
 2496
 2470
 2438
 2404
 2378
 2352
 2330
 2308
 2292
 2276
 2262
 2252
 2242
 2232
 2226
 2218
 2212
 2212
 2214
 2222
 2232
 2246
 2258
 2276
 2296
 2318
 2342
 2364
 2388
 2410
 2426
 2448
 2472
 2494
 2516
 2542
 2568
 2594
 2624
 2650
 2672
 2694
 2716
 2736
 2756
 2774
 2794
 2814
 2832
 2848
 2866
 2882
 2894
 2908
 2916
 2926
 2934
 2934
 2932
 2934
 2940
 2944
 2942
 2946
 2950
 2956
 2968
 2974
 2980
 2986
 2992
 2996
 3000
 3004
 3006
 3010
 3014
 3016
 3018
 3020
 3022
 3024
 3018
 3008
 2988
 2962
 2938
 2910
 2882
 2852
 2820
 2788
 2756
 2724
 2692
 2660
 2628
 2594
 2558
 2522
 2488
 2454
 2418
 2384
 2350
 2316
 2284
 2252
 2218
 2184
 2150
 2112
 2080
 2050
 2020
 1996
 1974
 1950
 1928
 1912
 1896
 1876
 1862
 1848
 1836
 1826
 1822
 1822
 1826
 1834
 1846
 1860
 1880
 1900
 1922
 1942
 1960
 1978
 1998
 2020
 2042
 2066
 2094
 2126
 2158
 2190
 2220
 2252
 2282
 2310
 2338
 2366
 2398
 2426
 2456
 2486
 2516
 2548
 2578
 2606
 2636
 2662
 2686
 2704
 2726
 2746
 2768
 2790
 2812
 2834
 2856
 2880
 2900
 2916
 2932
 2948
 2960
 2964
 2968
 2976
 2984
 2992
 2998
 3004
 3010
 3020
 3026
 3028
 3032
 3030
 3026
 3024
 3022
 3020
 3014
 3002
 2988
 2968
 2948
 2918
 2888
 2856
 2816
 2774
 2732
 2692
 2648
 2606
 2566
 2528
 2488
 2452
 2416
 2380
 2342
 2308
 2270
 2232
 2202
 2170
 2140
 2110
 2084
 2060
 2040
 2020
 2000
 1982
 1962
 1940
 1920
 1898
 1878
 1860
 1844
 1832
 1826
 1826
 1830
 1838
 1848
 1862
 1878
 1890
 1912
 1932
 1954
 1978
 2004
 2030
 2056
 2082
 2110
 2132
 2156
 2176
 2198
 2224
 2250
 2276
 2304
 2328
 2356
 2382
 2410
 2438
 2466
 2492
 2522
 2548
 2570
 2596
 2624
 2654
 2684
 2714
 2748
 2782
 2816
 2848
 2874
 2898
 2914
 2928
 2942
 2958
 2972
 2984
 2996
 3008
 3018
 3026
 3032
 3026
 3022
 3014
 3010
 3008
 3004
 3002
 2994
 2980
 2956
 2930
 2900
 2862
 2824
 2778
 2732
 2688
 2646
 2602
 2562
 2524
 2484
 2448
 2410
 2374
 2342
 2306
 2270
 2232
 2192
 2146
 2104
 2070
 2036
 2004
 1978
 1954
 1932
 1912
 1898
 1878
 1860
 1842
 1824
 1804
 1786
 1768
 1758
 1752
 1758
 1766
 1780
 1794
 1812
 1832
 1854
 1874
 1896
 1924
 1956
 1988
 2018
 2048
 2078
 2110
 2140
 2168
 2194
 2220
 2250
 2276
 2304
 2328
 2354
 2378
 2406
 2432
 2458
 2488
 2518
 2550
 2584
 2610
 2634
 2664
 2694
 2724
 2752
 2780
 2814
 2844
 2874
 2900
 2924
 2938
 2950
 2962
 2976
 2988
 2998
 3008
 3020
 3028
 3038
 3046
 3052
 3058
 3050
 3030
 3000
 2968
 2932
 2892
 2846
 2800
 2754
 2708
 2668
 2626
 2586
 2550
 2510
 2472
 2436
 2406
 2376
 2340
 2302
 2258
 2208
 2158
 2112
 2070
 2030
 1984
 1948
 1912
 1876
 1844
 1818
 1792
 1774
 1760
 1748
 1738
 1734
 1736
 1742
 1752
 1766
 1782
 1800
 1820
 1842
 1870
 1894
 1920
 1948
 1974
 1998
 2026
 2056
 2088
 2122
 2156
 2192
 2226
 2260
 2292
 2320
 2346
 2374
 2400
 2432
 2466
 2502
 2538
 2576
 2614
 2652
 2690
 2724
 2754
 2784
 2810
 2828
 2848
 2862
 2880
 2900
 2916
 2934
 2950
 2972
 2984
 2994
 3004
 3014
 3018
 3014
 3002
 2980
 2956
 2924
 2890
 2854
 2818
 2780
 2742
 2704
 2666
 2622
 2582
 2544
 2506
 2468
 2432
 2400
 2366
 2336
 2310
 2280
 2254
 2224
 2194
 2164
 2134
 2106
 2080
 2050
 2026
 2002
 1978
 1956
 1930
 1904
 1880
 1860
 1836
 1820
 1810
 1802
 1798
 1802
 1810
 1820
 1840
 1858
 1880
 1906
 1932
 1954
 1974
 1994
 2010
 2030
 2048
 2066
 2086
 2114
 2140
 2164
 2190
 2214
 2238
 2256
 2282
 2306
 2332
 2358
 2386
 2412
 2440
 2470
 2502
 2530
 2560
 2586
 2612
 2640
 2668
 2694
 2724
 2750
 2780
 2808
 2838
 2868
 2898
 2916
 2932
 2948
 2958
 2966
 2972
 2980
 2988
 2996
 3008
 3016
 3028
 3032
 3026
 3012
 2988
 2960
 2926
 2890
 2854
 2812
 2768
 2724
 2680
 2638
 2598
 2558
 2518
 2478
 2438
 2394
 2350
 2314
 2274
 2238
 2204
 2174
 2144
 2116
 2090
 2058
 2028
 1998
 1966
 1934
 1906
 1878
 1854
 1834
 1816
 1800
 1786
 1776
 1766
 1764
 1770
 1778
 1796
 1822
 1850
 1874
 1898
 1920
 1946
 1972
 2008
 2042
 2072
 2108
 2138
 2172
 2208
 2242
 2278
 2316
 2352
 2388
 2424
 2462
 2498
 2536
 2570
 2598
 2626
 2658
 2688
 2722
 2754
 2784
 2814
 2846
 2878
 2902
 2924
 2942
 2954
 2962
 2972
 2986
 2996
 3008
 3018
 3026
 3038
 3048
 3056
 3062
 3070
 3064
 3046
 3022
 2984
 2944
 2898
 2850
 2802
 2754
 2706
 2660
 2616
 2572
 2528
 2482
 2438
 2392
 2346
 2304
 2264
 2224
 2186
 2148
 2110
 2076
 2042
 2008
 1976
 1948
 1918
 1890
 1864
 1844
 1826
 1810
 1800
 1792
 1790
 1792
 1794
 1802
 1812
 1824
 1838
 1856
 1874
 1894
 1922
 1948
 1976
 2004
 2034
 2060
 2094
 2130
 2162
 2194
 2230
 2264
 2298
 2334
 2372
 2408
 2446
 2484
 2518
 2556
 2596
 2636
 2674
 2712
 2750
 2784
 2818
 2850
 2876
 2898
 2912
 2918
 2928
 2934
 2946
 2952
 2960
 2968
 2980
 2994
 3006
 3014
 3026
 3036
 3042
 3048
 3044
 3032
 3014
 2990
 2960
 2928
 2892
 2852
 2812
 2768
 2724
 2672
 2628
 2584
 2542
 2500
 2458
 2420
 2380
 2340
 2306
 2272
 2236
 2198
 2158
 2118
 2080
 2042
 2008
 1974
 1940
 1908
 1878
 1850
 1826
 1804
 1786
 1766
 1756
 1752
 1752
 1756
 1768
 1784
 1802
 1828
 1858
 1888
 1916
 1948
 1976
 2002
 2028
 2054
 2078
 2104
 2128
 2156
 2184
 2216
 2248
 2278
 2308
 2338
 2364
 2392
 2420
 2452
 2480
 2512
 2546
 2580
 2612
 2648
 2678
 2706
 2734
 2756
 2780
 2806
 2830
 2852
 2874
 2896
 2908
 2924
 2938
 2954
 2968
 2980
 2988
 2990
 2994
 2994
 2992
 2994
 2994
 2996
 2996
 2992
 2982
 2962
 2940
 2914
 2880
 2844
 2808
 2768
 2730
 2690
 2650
 2610
 2572
 2532
 2496
 2456
 2420
 2384
 2342
 2306
 2268
 2234
 2200
 2168
 2138
 2110
 2082
 2056
 2028
 2002
 1978
 1950
 1926
 1902
 1880
 1862
 1844
 1830
 1822
 1820
 1824
 1832
 1842
 1856
 1868
 1884
 1902
 1922
 1942
 1968
 1996
 2022
 2050
 2080
 2104
 2130
 2152
 2176
 2198
 2224
 2250
 2278
 2306
 2334
 2364
 2396
 2426
 2454
 2484
 2514
 2542
 2566
 2594
 2624
 2654
 2682
 2714
 2744
 2770
 2802
 2830
 2852
 2874
 2894
 2904
 2916
 2932
 2944
 2960
 2972
 2986
 3000
 3014
 3024
 3036
 3044
 3052
 3054
 3054
 3054
 3052
 3048
 3034
 3016
 2990
 2962
 2934
 2900
 2862
 2822
 2778
 2736
 2694
 2656
 2618
 2580
 2544
 2508
 2472
 2438
 2406
 2374
 2340
 2308
 2276
 2238
 2206
 2178
 2150
 2118
 2092
 2066
 2044
 2024
 2004
 1986
 1972
 1958
 1950
 1946
 1950
 1960
 1972
 1990
 2008
 2030
 2054
 2078
 2104
 2136
 2172
 2202
 2228
 2258
 2288
 2318
 2348
 2380
 2412
 2446
 2484
 2518
 2548
 2580
 2608
 2632
 2660
 2688
 2716
 2746
 2774
 2802
 2826
 2850
 2874
 2896
 2916
 2932
 2948
 2948
 2952
 2954
 2958
 2966
 2970
 2976
 2984
 2996
 3010
 3016
 3026
 3034
 3040
 3046
 3052
 3058
 3062
 3066
 3072
 3070
 3070
 3072
 3076
 3076
 3070
 3056
 3034
 3004
 2976
 2948
 2918
 2888
 2854
 2820
 2786
 2752
 2716
 2682
 2650
 2614
 2580
 2544
 2510
 2478
 2446
 2416
 2386
 2356
 2330
 2304
 2278
 2252
 2228
 2202
 2172
 2148
 2126
 2102
 2080
 2060
 2042
 2030
 2020
 2020
 2024
 2032
 2044
 2054
 2068
 2084
 2102
 2118
 2136
 2156
 2180
 2204
 2234
 2262
 2290
 2318
 2346
 2368
 2390
 2418
 2446
 2478
 2508
 2536
 2564
 2590
 2614
 2636
 2656
 2676
 2694
 2712
 2732
 2752
 2772
 2792
 2814
 2834
 2852
 2870
 2888
 2904
 2918
 2922
 2930
 2928
 2928
 2930
 2932
 2934
 2940
 2944
 2948
 2948
 2946
 2934
 2918
 2898
 2874
 2848
 2812
 2776
 2738
 2704
 2668
 2634
 2600
 2564
 2532
 2496
 2456
 2424
 2390
 2358
 2326
 2296
 2268
 2244
 2226
 2208
 2186
 2166
 2140
 2112
 2084
 2056
 2034
 2022
 2016
 2018
 2026
 2040
 2052
 2072
 2094
 2114
 2132
 2158
 2184
 2212
 2242
 2272
 2306
 2340
 2376
 2412
 2442
 2472
 2504
 2532
 2560
 2590
 2620
 2650
 2684
 2718
 2756
 2790
 2816
 2836
 2852
 2862
 2868
 2874
 2878
 2884
 2888
 2894
 2904
 2916
 2930
 2942
 2954
 2966
 2974
 2974
 2962
 2946
 2924
 2898
 2868
 2838
 2806
 2774
 2738
 2702
 2666
 2622
 2582
 2548
 2512
 2476
 2442
 2410
 2380
 2354
 2328
 2302
 2276
 2250
 2220
 2192
 2168
 2142
 2118
 2094
 2072
 2054
 2040
 2032
 2030
 2036
 2048
 2058
 2076
 2098
 2124
 2148
 2180
 2212
 2248
 2286
 2322
 2362
 2400
 2442
 2478
 2510
 2540
 2568
 2598
 2626
 2654
 2684
 2714
 2744
 2774
 2800
 2824
 2846
 2858
 2874
 2886
 2902
 2914
 2920
 2926
 2938
 2952
 2966
 2978
 2990
 3000
 3008
 3014
 3022
 3028
 3032
 3032
 3028
 3018
 3002
 2982
 2956
 2928
 2894
 2854
 2816
 2780
 2742
 2706
 2672
 2640
 2608
 2580
 2554
 2524
 2496
 2466
 2430
 2400
 2366
 2334
 2302
 2272
 2244
 2218
 2194
 2172
 2152
 2134
 2116
 2098
 2088
 2086
 2086
 2094
 2102
 2120
 2140
 2160
 2186
 2210
 2238
 2268
 2296
 2324
 2356
 2388
 2420
 2452
 2484
 2520
 2556
 2590
 2622
 2656
 2684
 2704
 2726
 2750
 2776
 2796
 2814
 2834
 2858
 2880
 2902
 2918
 2936
 2944
 2950
 2958
 2966
 2974
 2980
 2986
 2990
 2996
 3002
 3006
 3010
 3012
 3012
 3010
 3002
 3000
 2996
 2996
 2998
 2996
 2996
 3000
 3006
 3012
 3010
 3006
 3000
 2992
 2978
 2960
 2938
 2912
 2882
 2852
 2818
 2782
 2748
 2710
 2674
 2638
 2602
 2558
 2520
 2486
 2450
 2414
 2378
 2344
 2314
 2284
 2256
 2224
 2194
 2166
 2132
 2100
 2068
 2038
 2008
 1980
 1956
 1936
 1920
 1910
 1908
 1912
 1918
 1930
 1946
 1964
 1984
 2006
 2038
 2070
 2106
 2146
 2182
 2216
 2254
 2294
 2332
 2370
 2408
 2444
 2484
 2518
 2556
 2592
 2628
 2664
 2698
 2730
 2752
 2772
 2790
 2810
 2826
 2840
 2856
 2874
 2894
 2914
 2934
 2950
 2958
 2966
 2974
 2980
 2990
 2996
 3002
 3008
 3014
 3020
 3024
 3026
 3024
 3014
 2990
 2960
 2934
 2900
 2870
 2834
 2796
 2760
 2724
 2692
 2660
 2630
 2608
 2580
 2544
 2502
 2456
 2406
 2354
 2302
 2254
 2208
 2160
 2112
 2066
 2018
 1970
 1928
 1884
 1844
 1802
 1766
 1734
 1702
 1676
 1652
 1628
 1612
 1602
 1596
 1598
 1602
 1612
 1626
 1642
 1660
 1688
 1716
 1746
 1778
 1810
 1836
 1868
 1898
 1930
 1960
 1996
 2034
 2070
 2110
 2150
 2184
 2222
 2256
 2290
 2324
 2360
 2396
 2432
 2468
 2504
 2542
 2580
 2618
 2654
 2688
 2724
 2748
 2772
 2792
 2816
 2838
 2858
 2878
 2900
 2922
 2944
 2960
 2976
 2994
 3008
 3012
 3018
 3024
 3032
 3040
 3048
 3044
 3036
 3020
 2996
 2964
 2928
 2886
 2842
 2804
 2760
 2716
 2676
 2638
 2602
 2566
 2536
 2504
 2474
 2446
 2416
 2384
 2352
 2322
 2290
 2258
 2226
 2194
 2160
 2130
 2096
 2062
 2030
 1992
 1954
 1926
 1900
 1874
 1852
 1832
 1822
 1818
 1820
 1826
 1838
 1852
 1868
 1884
 1900
 1918
 1938
 1956
 1974
 1994
 2016
 2040
 2066
 2092
 2116
 2136
 2162
 2188
 2218
 2246
 2276
 2308
 2340
 2374
 2412
 2446
 2482
 2518
 2550
 2584
 2618
 2652
 2684
 2712
 2738
 2764
 2792
 2818
 2840
 2862
 2884
 2892
 2906
 2918
 2930
 2942
 2948
 2954
 2966
 2978
 2994
 3006
 3018
 3028
 3038
 3048
 3058
 3066
 3072
 3080
 3086
 3088
 3084
 3076
 3058
 3036
 3008
 2972
 2928
 2894
 2854
 2810
 2768
 2726
 2688
 2648
 2612
 2576
 2540
 2506
 2468
 2430
 2390
 2350
 2310
 2266
 2226
 2188
 2150
 2116
 2086
 2052
 2024
 1988
 1954
 1930
 1902
 1876
 1852
 1834
 1820
 1812
 1810
 1812
 1820
 1830
 1842
 1856
 1872
 1888
 1906
 1924
 1942
 1964
 1984
 2004
 2030
 2058
 2080
 2102
 2130
 2158
 2186
 2212
 2240
 2268
 2298
 2328
 2356
 2382
 2408
 2432
 2458
 2486
 2514
 2544
 2572
 2600
 2632
 2660
 2688
 2718
 2742
 2768
 2790
 2804
 2820
 2836
 2856
 2872
 2890
 2900
 2912
 2926
 2944
 2958
 2970
 2982
 2992
 3002
 3014
 3022
 3032
 3040
 3046
 3056
 3062
 3068
 3072
 3076
 3080
 3074
 3068
 3064
 3062
 3060
 3056
 3054
 3054
 3056
 3064
 3070
 3070
 3068
 3058
 3046
 3028
 3006
 2984
 2958
 2930
 2892
 2856
 2816
 2778
 2738
 2700
 2660
 2614
 2574
 2534
 2498
 2460
 2424
 2388
 2354
 2322
 2290
 2256
 2224
 2190
 2154
 2118
 2084
 2050
 2016
 1986
 1956
 1930
 1902
 1874
 1850
 1836
 1826
 1820
 1828
 1840
 1854
 1878
 1898
 1924
 1960
 1996
 2034
 2068
 2100
 2134
 2166
 2200
 2234
 2268
 2306
 2340
 2374
 2412
 2446
 2482
 2516
 2550
 2578
 2596
 2616
 2636
 2656
 2674
 2690
 2712
 2738
 2764
 2788
 2812
 2836
 2856
 2874
 2892
 2910
 2924
 2938
 2950
 2964
 2976
 2986
 2996
 3002
 3008
 3010
 3006
 3004
 3002
 3004
 3004
 3004
 3006
 3004
 2998
 2984
 2956
 2930
 2898
 2862
 2826
 2788
 2748
 2710
 2672
 2634
 2598
 2564
 2528
 2492
 2452
 2416
 2374
 2330
 2298
 2262
 2228
 2196
 2168
 2142
 2118
 2100
 2080
 2060
 2044
 2028
 2016
 2010
 2008
 2014
 2020
 2036
 2052
 2074
 2098
 2124
 2152
 2184
 2216
 2242
 2276
 2308
 2340
 2372
 2402
 2432
 2464
 2496
 2530
 2554
 2580
 2604
 2622
 2640
 2660
 2682
 2702
 2722
 2742
 2762
 2782
 2802
 2820
 2834
 2848
 2856
 2860
 2868
 2874
 2884
 2890
 2890
 2894
 2900
 2910
 2920
 2928
 2936
 2944
 2950
 2954
 2962
 2966
 2970
 2976
 2982
 2984
 2988
 2990
 2992
 2992
 2990
 2984
 2974
 2968
 2962
 2958
 2950
 2942
 2932
 2914
 2898
 2874
 2846
 2818
 2790
 2760
 2728
 2696
 2664
 2632
 2600
 2568
 2540
 2510
 2484
 2456
 2426
 2400
 2370
 2334
 2306
 2280
 2252
 2230
 2208
 2188
 2172
 2158
 2146
 2132
 2114
 2094
 2074
 2050
 2032
 2016
 2002
 1994
 1992
 1998
 2008
 2028
 2050
 2080
 2108
 2132
 2148
 2168
 2192
 2218
 2244
 2278
 2312
 2348
 2388
 2428
 2464
 2502
 2536
 2566
 2598
 2630
 2662
 2688
 2714
 2742
 2768
 2792
 2814
 2834
 2854
 2866
 2876
 2884
 2892
 2896
 2900
 2906
 2916
 2926
 2938
 2948
 2958
 2970
 2978
 2980
 2980
 2982
 2984
 2990
 2990
 2986
 2976
 2956
 2930
 2900
 2862
 2822
 2776
 2724
 2680
 2634
 2586
 2538
 2490
 2446
 2400
 2360
 2314
 2268
 2224
 2174
 2126
 2082
 2034
 1992
 1950
 1904
 1864
 1826
 1790
 1756
 1724
 1694
 1664
 1632
 1608
 1584
 1558
 1534
 1514
 1502
 1496
 1496
 1502
 1512
 1526
 1540
 1554
 1570
 1592
 1610
 1634
 1658
 1682
 1714
 1748
 1780
 1812
 1848
 1880
 1908
 1944
 1978
 2016
 2050
 2084
 2122
 2158
 2200
 2244
 2284
 2324
 2362
 2398
 2436
 2476
 2514
 2552
 2588
 2622
 2658
 2690
 2720
 2748
 2776
 2804
 2824
 2838
 2854
 2872
 2888
 2902
 2916
 2932
 2942
 2952
 2966
 2978
 2992
 3002
 3006
 3004
 2994
 2974
 2946
 2914
 2882
 2844
 2808
 2766
 2720
 2668
 2618
 2564
 2506
 2456
 2410
 2366
 2324
 2282
 2240
 2202
 2168
 2132
 2094
 2058
 2020
 1980
 1942
 1900
 1864
 1826
 1790
 1754
 1720
 1688
 1658
 1630
 1606
 1590
 1582
 1582
 1590
 1602
 1620
 1644
 1670
 1700
 1734
 1776
 1814
 1850
 1886
 1918
 1948
 1980
 2012
 2048
 2082
 2126
 2168
 2210
 2252
 2294
 2338
 2382
 2418
 2450
 2488
 2524
 2558
 2590
 2622
 2656
 2692
 2730
 2762
 2792
 2822
 2850
 2876
 2900
 2926
 2948
 2966
 2984
 2998
 3014
 3026
 3036
 3046
 3052
 3060
 3060
 3050
 3042
 3024
 3004
 2978
 2948
 2914
 2878
 2840
 2800
 2758
 2716
 2672
 2624
 2578
 2534
 2488
 2442
 2394
 2348
 2306
 2262
 2218
 2174
 2130
 2090
 2042
 1998
 1958
 1914
 1872
 1836
 1800
 1770
 1740
 1714
 1684
 1658
 1632
 1602
 1576
 1552
 1534
 1516
 1510
 1518
 1528
 1544
 1562
 1584
 1610
 1638
 1664
 1696
 1726
 1756
 1786
 1818
 1848
 1882
 1922
 1962
 1998
 2034
 2072
 2108
 2146
 2180
 2220
 2258
 2300
 2344
 2388
 2434
 2476
 2516
 2556
 2594
 2624
 2652
 2686
 2718
 2748
 2778
 2808
 2838
 2870
 2900
 2926
 2946
 2960
 2972
 2984
 2996
 3008
 3020
 3030
 3040
 3052
 3062
 3072
 3082
 3090
 3096
 3102
 3102
 3096
 3092
 3088
 3088
 3084
 3074
 3060
 3040
 3014
 2984
 2950
 2912
 2874
 2830
 2782
 2738
 2690
 2646
 2598
 2554
 2512
 2468
 2426
 2382
 2338
 2292
 2248
 2202
 2152
 2110
 2064
 2016
 1970
 1928
 1892
 1856
 1828
 1800
 1772
 1744
 1714
 1678
 1640
 1598
 1556
 1516
 1480
 1446
 1414
 1390
 1370
 1352
 1340
 1328
 1324
 1330
 1332
 1334
 1340
 1350
 1364
 1388
 1420
 1464
 1508
 1554
 1600
 1646
 1692
 1746
 1800
 1852
 1904
 1956
 2006
 2054
 2102
 2148
 2196
 2246
 2288
 2334
 2376
 2420
 2462
 2502
 2542
 2580
 2616
 2652
 2684
 2714
 2742
 2768
 2792
 2816
 2838
 2862
 2882
 2896
 2912
 2926
 2940
 2956
 2966
 2976
 2984
 2986
 2988
 2988
 2986
 2990
 2990
 2990
 2990
 2994
 3002
 3008
 3014
 3018
 3022
 3026
 3030
 3034
 3034
 3038
 3040
 3040
 3036
 3022
 3006
 2982
 2954
 2926
 2886
 2838
 2794
 2750
 2708
 2668
 2626
 2586
 2546
 2510
 2474
 2438
 2404
 2368
 2332
 2294
 2258
 2218
 2182
 2140
 2100
 2060
 2026
 1992
 1958
 1924
 1896
 1868
 1840
 1822
 1802
 1790
 1784
 1784
 1788
 1800
 1818
 1836
 1852
 1872
 1896
 1920
 1940
 1962
 1982
 2002
 2024
 2046
 2068
 2096
 2128
 2160
 2190
 2222
 2252
 2278
 2308
 2342
 2376
 2414
 2450
 2486
 2522
 2556
 2592
 2624
 2652
 2684
 2710
 2736
 2764
 2792
 2818
 2840
 2860
 2882
 2902
 2924
 2942
 2958
 2966
 2974
 2978
 2978
 2980
 2980
 2982
 2982
 2986
 2992
 2996
 3000
 2996
 2986
 2970
 2942
 2912
 2880
 2846
 2810
 2766
 2724
 2684
 2644
 2606
 2568
 2534
 2498
 2462
 2428
 2386
 2348
 2316
 2282
 2248
 2218
 2190
 2166
 2142
 2124
 2102
 2078
 2056
 2030
 2008
 1984
 1962
 1948
 1942
 1942
 1948
 1958
 1972
 1990
 2010
 2030
 2056
 2076
 2096
 2122
 2152
 2182
 2212
 2244
 2276
 2308
 2344
 2374
 2400
 2430
 2454
 2480
 2506
 2532
 2558
 2586
 2612
 2636
 2662
 2686
 2712
 2736
 2758
 2780
 2800
 2816
 2826
 2838
 2848
 2860
 2872
 2884
 2896
 2912
 2928
 2936
 2940
 2950
 2956
 2962
 2966
 2972
 2978
 2984
 2988
 2994
 2998
 3002
 3008
 3014
 3010
 3006
 3004
 2994
 2978
 2958
 2934
 2912
 2884
 2856
 2826
 2792
 2758
 2724
 2686
 2656
 2620
 2584
 2548
 2510
 2476
 2442
 2410
 2376
 2344
 2314
 2284
 2254
 2222
 2192
 2162
 2126
 2094
 2066
 2038
 2010
 1984
 1964
 1944
 1928
 1914
 1900
 1892
 1888
 1886
 1888
 1896
 1908
 1922
 1940
 1958
 1984
 2008
 2036
 2064
 2098
 2134
 2166
 2194
 2224
 2252
 2282
 2310
 2340
 2368
 2398
 2428
 2460
 2488
 2516
 2542
 2564
 2586
 2606
 2628
 2650
 2672
 2692
 2714
 2736
 2758
 2780
 2796
 2810
 2822
 2828
 2834
 2840
 2844
 2850
 2856
 2864
 2872
 2880
 2892
 2900
 2910
 2918
 2926
 2932
 2932
 2934
 2938
 2942
 2946
 2952
 2956
 2962
 2968
 2976
 2978
 2980
 2982
 2980
 2972
 2964
 2950
 2938
 2922
 2902
 2878
 2856
 2834
 2810
 2786
 2764
 2738
 2710
 2682
 2652
 2622
 2590
 2560
 2528
 2496
 2468
 2436
 2406
 2372
 2342
 2310
 2272
 2242
 2214
 2184
 2156
 2130
 2106
 2088
 2074
 2064
 2060
 2062
 2066
 2072
 2078
 2086
 2098
 2110
 2128
 2150
 2176
 2204
 2232
 2260
 2288
 2320
 2346
 2368
 2396
 2424
 2454
 2484
 2512
 2542
 2572
 2604
 2632
 2656
 2678
 2700
 2718
 2736
 2752
 2772
 2788
 2804
 2820
 2832
 2846
 2860
 2872
 2880
 2890
 2896
 2888
 2884
 2878
 2878
 2876
 2874
 2874
 2878
 2882
 2884
 2882
 2876
 2864
 2848
 2828
 2808
 2784
 2756
 2728
 2700
 2674
 2644
 2618
 2586
 2554
 2524
 2492
 2456
 2418
 2386
 2352
 2318
 2286
 2258
 2234
 2210
 2188
 2168
 2150
 2136
 2120
 2108
 2102
 2102
 2106
 2116
 2132
 2150
 2172
 2200
 2230
 2262
 2294
 2330
 2362
 2386
 2416
 2444
 2474
 2504
 2534
 2564
 2594
 2624
 2652
 2678
 2704
 2730
 2756
 2778
 2804
 2820
 2834
 2846
 2854
 2864
 2876
 2884
 2894
 2902
 2902
 2896
 2894
 2890
 2894
 2892
 2892
 2894
 2902
 2908
 2918
 2926
 2936
 2946
 2954
 2960
 2964
 2970
 2966
 2958
 2944
 2926
 2904
 2878
 2850
 2816
 2782
 2744
 2698
 2662
 2624
 2584
 2544
 2506
 2470
 2436
 2404
 2374
 2344
 2314
 2282
 2244
 2210
 2174
 2136
 2096
 2060
 2024
 1988
 1956
 1922
 1890
 1860
 1832
 1800
 1776
 1754
 1730
 1710
 1690
 1678
 1670
 1670
 1674
 1680
 1694
 1704
 1718
 1732
 1748
 1766
 1784
 1808
 1834
 1856
 1890
 1924
 1956
 1992
 2028
 2058
 2092
 2126
 2160
 2194
 2236
 2280
 2322
 2364
 2408
 2450
 2494
 2538
 2576
 2610
 2642
 2666
 2690
 2710
 2732
 2756
 2780
 2802
 2824
 2844
 2864
 2880
 2890
 2898
 2904
 2904
 2902
 2900
 2900
 2902
 2908
 2918
 2924
 2934
 2944
 2948
 2948
 2942
 2930
 2910
 2882
 2852
 2820
 2784
 2742
 2704
 2662
 2620
 2578
 2530
 2484
 2440
 2396
 2348
 2306
 2262
 2220
 2180
 2142
 2106
 2066
 2030
 1988
 1948
 1912
 1878
 1844
 1808
 1774
 1742
 1716
 1690
 1668
 1648
 1636
 1630
 1628
 1636
 1648
 1664
 1682
 1706
 1736
 1766
 1802
 1844
 1880
 1916
 1952
 1986
 2028
 2070
 2110
 2152
 2194
 2238
 2284
 2330
 2374
 2420
 2462
 2502
 2542
 2570
 2600
 2628
 2658
 2682
 2702
 2726
 2750
 2776
 2804
 2826
 2848
 2870
 2888
 2906
 2924
 2940
 2954
 2968
 2980
 2994
 3008
 3020
 3032
 3040
 3046
 3052
 3050
 3044
 3044
 3042
 3042
 3038
 3030
 3018
 3000
 2986
 2954
 2922
 2890
 2852
 2816
 2776
 2736
 2696
 2656
 2616
 2578
 2540
 2504
 2464
 2428
 2390
 2354
 2314
 2274
 2240
 2206
 2168
 2130
 2098
 2066
 2038
 2018
 2000
 1982
 1970
 1958
 1952
 1952
 1958
 1972
 1990
 2014
 2044
 2076
 2108
 2144
 2178
 2218
 2256
 2290
 2336
 2380
 2424
 2464
 2504
 2546
 2586
 2626
 2664
 2694
 2728
 2756
 2780
 2804
 2828
 2852
 2872
 2894
 2910
 2928
 2944
 2960
 2974
 2986
 2996
 3002
 3002
 3002
 3002
 3006
 3006
 3004
 3006
 3008
 3012
 3022
 3028
 3036
 3044
 3050
 3052
 3048
 3042
 3028
 3012
 2990
 2964
 2934
 2902
 2870
 2832
 2790
 2752
 2710
 2660
 2622
 2586
 2544
 2504
 2462
 2418
 2372
 2326
 2278
 2230
 2186
 2138
 2092
 2048
 2004
 1958
 1916
 1878
 1840
 1810
 1782
 1756
 1740
 1728
 1724
 1726
 1740
 1756
 1778
 1804
 1834
 1868
 1904
 1946
 1984
 2022
 2060
 2098
 2132
 2168
 2214
 2258
 2302
 2348
 2394
 2442
 2486
 2528
 2564
 2602
 2636
 2660
 2686
 2710
 2736
 2760
 2784
 2806
 2830
 2854
 2880
 2902
 2926
 2944
 2960
 2974
 2986
 2998
 3008
 3016
 3020
 3020
 3022
 3024
 3028
 3028
 3028
 3024
 3016
 3014
 3004
 2992
 2976
 2952
 2924
 2894
 2866
 2834
 2800
 2770
 2736
 2702
 2666
 2630
 2594
 2554
 2520
 2482
 2448
 2414
 2384
 2352
 2318
 2288
 2254
 2216
 2186
 2150
 2116
 2082
 2052
 2028
 2010
 1998
 1992
 1992
 1998
 2006
 2018
 2032
 2046
 2068
 2088
 2114
 2140
 2170
 2204
 2236
 2270
 2308
 2350
 2388
 2422
 2458
 2490
 2526
 2560
 2594
 2632
 2666
 2702
 2734
 2764
 2792
 2816
 2840
 2864
 2886
 2908
 2926
 2936
 2948
 2960
 2970
 2982
 2992
 3000
 3006
 3004
 3004
 3002
 3002
 3002
 3002
 3004
 3008
 3014
 3024
 3034
 3044
 3048
 3044
 3030
 3016
 2992
 2968
 2934
 2902
 2866
 2830
 2792
 2754
 2716
 2676
 2638
 2596
 2552
 2520
 2484
 2452
 2420
 2392
 2366
 2340
 2320
 2298
 2276
 2256
 2234
 2210
 2190
 2164
 2140
 2114
 2088
 2068
 2046
 2032
 2022
 2018
 2024
 2036
 2050
 2070
 2102
 2136
 2176
 2218
 2262
 2310
 2360
 2412
 2464
 2508
 2552
 2592
 2630
 2668
 2704
 2740
 2776
 2806
 2836
 2862
 2888
 2906
 2920
 2936
 2948
 2952
 2956
 2962
 2968
 2976
 2982
 2990
 3000
 3014
 3030
 3044
 3054
 3066
 3072
 3082
 3090
 3098
 3106
 3110
 3120
 3126
 3128
 3132
 3134
 3138
 3140
 3136
 3126
 3118
 3114
 3112
 3106
 3096
 3082
 3064
 3040
 3012
 2976
 2944
 2910
 2872
 2836
 2802
 2766
 2732
 2696
 2660
 2626
 2592
 2558
 2522
 2486
 2452
 2412
 2368
 2334
 2300
 2268
 2238
 2208
 2182
 2156
 2140
 2122
 2106
 2100
 2096
 2098
 2108
 2122
 2144
 2170
 2200
 2234
 2272
 2310
 2350
 2392
 2434
 2472
 2504
 2538
 2572
 2612
 2646
 2678
 2712
 2742
 2772
 2806
 2832
 2850
 2868
 2884
 2900
 2916
 2930
 2944
 2956
 2968
 2980
 2992
 3000
 3010
 3018
 3026
 3030
 3026
 3026
 3024
 3026
 3020
 3016
 3016
 3018
 3022
 3028
 3034
 3040
 3048
 3054
 3058
 3064
 3062
 3056
 3046
 3024
 3002
 2972
 2940
 2904
 2864
 2822
 2774
 2732
 2692
 2652
 2610
 2568
 2524
 2480
 2440
 2402
 2362
 2326
 2290
 2254
 2220
 2186
 2152
 2122
 2092
 2068
 2048
 2026
 2006
 1984
 1964
 1948
 1944
 1946
 1956
 1968
 1988
 2014
 2046
 2080
 2120
 2160
 2198
 2238
 2278
 2320
 2360
 2396
 2434
 2472
 2508
 2544
 2578
 2612
 2644
 2674
 2700
 2718
 2740
 2760
 2778
 2794
 2808
 2822
 2838
 2858
 2876
 2890
 2906
 2916
 2924
 2932
 2940
 2946
 2950
 2954
 2958
 2962
 2964
 2966
 2966
 2964
 2962
 2952
 2944
 2932
 2926
 2918
 2914
 2906
 2900
 2894
 2882
 2866
 2844
 2816
 2786
 2754
 2720
 2686
 2650
 2612
 2574
 2536
 2498
 2462
 2420
 2378
 2338
 2292
 2246
 2204
 2160
 2112
 2062
 2016
 1970
 1928
 1890
 1856
 1824
 1792
 1752
 1714
 1676
 1640
 1602
 1570
 1534
 1504
 1474
 1440
 1408
 1380
 1354
 1324
 1304
 1286
 1270
 1268
 1268
 1270
 1280
 1294
 1320
 1352
 1392
 1432
 1478
 1534
 1584
 1636
 1702
 1766
 1834
 1900
 1970
 2032
 2090
 2150
 2204
 2258
 2308
 2358
 2414
 2458
 2496
 2532
 2566
 2600
 2628
 2654
 2684
 2710
 2736
 2762
 2784
 2804
 2822
 2838
 2856
 2872
 2886
 2900
 2904
 2908
 2914
 2922
 2926
 2930
 2926
 2920
 2918
 2914
 2912
 2908
 2908
 2910
 2916
 2922
 2928
 2936
 2944
 2950
 2958
 2960
 2956
 2948
 2932
 2912
 2888
 2864
 2838
 2812
 2782
 2752
 2716
 2680
 2644
 2600
 2558
 2520
 2480
 2438
 2400
 2362
 2322
 2288
 2252
 2214
 2178
 2142
 2102
 2066
 2028
 1990
 1954
 1920
 1886
 1854
 1822
 1792
 1766
 1744
 1728
 1720
 1716
 1720
 1728
 1748
 1766
 1788
 1816
 1848
 1884
 1924
 1968
 2010
 2048
 2090
 2130
 2172
 2216
 2260
 2310
 2362
 2410
 2456
 2502
 2550
 2592
 2632
 2670
 2702
 2734
 2762
 2784
 2798
 2812
 2826
 2844
 2858
 2870
 2884
 2898
 2916
 2930
 2942
 2954
 2956
 2958
 2964
 2968
 2974
 2976
 2982
 2982
 2986
 2990
 2992
 2994
 2998
 2998
 2996
 2992
 2984
 2972
 2968
 2962
 2962
 2964
 2964
 2960
 2958
 2946
 2928
 2904
 2878
 2846
 2806
 2766
 2726
 2686
 2646
 2606
 2568
 2532
 2496
 2460
 2426
 2392
 2354
 2318
 2278
 2234
 2196
 2162
 2126
 2094
 2064
 2038
 2012
 1990
 1966
 1938
 1914
 1888
 1862
 1840
 1820
 1808
 1802
 1804
 1812
 1828
 1846
 1868
 1892
 1914
 1940
 1968
 1992
 2018
 2048
 2082
 2120
 2160
 2200
 2242
 2294
 2344
 2386
 2426
 2466
 2504
 2540
 2574
 2610
 2642
 2676
 2708
 2738
 2766
 2792
 2820
 2844
 2864
 2882
 2900
 2908
 2910
 2916
 2920
 2928
 2928
 2928
 2930
 2934
 2944
 2950
 2956
 2962
 2968
 2974
 2978
 2982
 2986
 2988
 2992
 2994
 2996
 2990
 2982
 2966
 2946
 2918
 2888
 2858
 2818
 2782
 2744
 2710
 2672
 2636
 2604
 2572
 2544
 2518
 2486
 2456
 2426
 2388
 2352
 2318
 2282
 2246
 2210
 2172
 2138
 2102
 2068
 2036
 2010
 1988
 1976
 1976
 1976
 1988
 2010
 2036
 2068
 2106
 2150
 2198
 2248
 2296
 2340
 2380
 2414
 2442
 2470
 2498
 2524
 2550
 2574
 2596
 2618
 2638
 2656
 2678
 2694
 2708
 2720
 2730
 2740
 2740
 2744
 2750
 2762
 2774
 2788
 2804
 2822
 2838
 2858
 2870
 2882
 2894
 2900
 2900
 2904
 2906
 2908
 2914
 2914
 2918
 2920
 2922
 2922
 2924
 2922
 2920
 2918
 2908
 2896
 2892
 2888
 2888
 2888
 2886
 2892
 2894
 2902
 2910
 2910
 2910
 2904
 2894
 2878
 2856
 2834
 2810
 2784
 2758
 2732
 2708
 2680
 2654
 2624
 2592
 2562
 2528
 2486
 2448
 2416
 2384
 2354
 2324
 2298
 2272
 2250
 2232
 2210
 2192
 2172
 2150
 2126
 2100
 2076
 2050
 2024
 1996
 1972
 1950
 1928
 1910
 1894
 1886
 1880
 1884
 1886
 1896
 1912
 1932
 1954
 1976
 2004
 2032
 2068
 2104
 2134
 2166
 2200
 2230
 2264
 2298
 2330
 2362
 2394
 2424
 2456
 2490
 2520
 2552
 2582
 2610
 2638
 2662
 2678
 2696
 2712
 2730
 2750
 2764
 2782
 2802
 2822
 2844
 2862
 2880
 2896
 2910
 2918
 2930
 2934
 2938
 2940
 2944
 2950
 2954
 2958
 2962
 2964
 2960
 2948
 2930
 2902
 2870
 2840
 2806
 2770
 2734
 2698
 2664
 2628
 2596
 2560
 2520
 2486
 2446
 2404
 2360
 2318
 2276
 2234
 2192
 2152
 2112
 2072
 2032
 1992
 1954
 1916
 1874
 1836
 1804
 1772
 1740
 1706
 1674
 1644
 1614
 1592
 1568
 1552
 1542
 1536
 1534
 1538
 1548
 1562
 1578
 1600
 1626
 1658
 1692
 1726
 1764
 1802
 1836
 1872
 1910
 1950
 1994
 2030
 2072
 2116
 2158
 2202
 2250
 2292
 2336
 2372
 2406
 2444
 2482
 2516
 2550
 2582
 2616
 2646
 2680
 2710
 2740
 2766
 2790
 2808
 2820
 2834
 2844
 2858
 2868
 2876
 2886
 2888
 2898
 2906
 2914
 2924
 2930
 2936
 2940
 2946
 2950
 2956
 2958
 2960
 2964
 2968
 2966
 2968
 2970
 2970
 2972
 2968
 2958
 2952
 2946
 2942
 2938
 2934
 2930
 2930
 2932
 2934
 2934
 2936
 2938
 2936
 2924
 2906
 2888
 2870
 2852
 2832
 2810
 2786
 2760
 2736
 2712
 2686
 2652
 2620
 2582
 2534
 2496
 2454
 2410
 2366
 2324
 2282
 2238
 2192
 2144
 2090
 2040
 1984
 1926
 1870
 1818
 1766
 1716
 1668
 1622
 1580
 1542
 1506
 1472
 1444
 1424
 1414
 1412
 1418
 1434
 1454
 1478
 1496
 1524
 1550
 1582
 1614
 1646
 1676
 1710
 1738
 1768
 1800
 1830
 1860
 1900
 1938
 1976
 2016
 2056
 2094
 2138
 2178
 2212
 2250
 2292
 2336
 2382
 2420
 2462
 2500
 2540
 2576
 2608
 2636
 2666
 2690
 2714
 2738
 2762
 2782
 2802
 2822
 2838
 2856
 2872
 2890
 2908
 2924
 2940
 2942
 2940
 2936
 2930
 2926
 2908
 2884
 2858
 2826
 2792
 2754
 2712
 2676
 2634
 2590
 2556
 2522
 2486
 2444
 2396
 2338
 2278
 2220
 2162
 2108
 2056
 2008
 1954
 1910
 1864
 1822
 1780
 1742
 1708
 1676
 1648
 1624
 1600
 1580
 1562
 1546
 1534
 1532
 1538
 1548
 1564
 1586
 1610
 1638
 1670
 1708
 1748
 1792
 1828
 1864
 1908
 1948
 1990
 2032
 2072
 2118
 2162
 2206
 2250
 2290
 2328
 2366
 2402
 2440
 2476
 2514
 2550
 2586
 2620
 2652
 2684
 2714
 2740
 2760
 2782
 2796
 2804
 2816
 2822
 2830
 2838
 2844
 2850
 2860
 2870
 2884
 2898
 2910
 2922
 2932
 2934
 2936
 2940
 2944
 2950
 2954
 2954
 2950
 2940
 2922
 2898
 2868
 2834
 2792
 2758
 2722
 2686
 2648
 2612
 2574
 2538
 2502
 2468
 2434
 2398
 2360
 2318
 2276
 2230
 2186
 2138
 2094
 2050
 2010
 1974
 1936
 1904
 1870
 1840
 1808
 1772
 1742
 1716
 1692
 1674
 1672
 1678
 1692
 1716
 1748
 1784
 1816
 1854
 1892
 1934
 1980
 2028
 2070
 2114
 2158
 2202
 2250
 2296
 2338
 2380
 2430
 2480
 2528
 2584
 2624
 2670
 2700
 2724
 2748
 2770
 2794
 2810
 2816
 2814
 2800
 2780
 2752
 2720
 2688
 2660
 2632
 2596
 2552
 2498
 2434
 2372
 2310
 2236
 2178
 2120
 2062
 2008
 1958
 1912
 1870
 1836
 1808
 1778
 1752
 1724
 1692
 1666
 1640
 1616
 1592
 1576
 1562
 1562
 1562
 1570
 1584
 1602
 1614
 1634
 1654
 1682
 1712
 1742
 1776
 1810
 1850
 1890
 1930
 1968
 2008
 2044
 2082
 2122
 2160
 2196
 2236
 2276
 2316
 2356
 2396
 2432
 2470
 2506
 2534
 2564
 2596
 2630
 2662
 2692
 2724
 2756
 2788
 2824
 2850
 2876
 2902
 2922
 2942
 2960
 2976
 2984
 2994
 3002
 3012
 3020
 3026
 3034
 3038
 3044
 3044
 3038
 3034
 3028
 3022
 3006
 2984
 2962
 2932
 2902
 2868
 2826
 2786
 2744
 2698
 2652
 2606
 2556
 2512
 2464
 2418
 2372
 2330
 2286
 2242
 2198
 2150
 2096
 2050
 2004
 1958
 1916
 1878
 1844
 1814
 1790
 1772
 1754
 1746
 1744
 1756
 1784
 1816
 1838
 1862
 1894
 1930
 1970
 2008
 2044
 2078
 2124
 2180
 2228
 2270
 2320
 2368
 2418
 2466
 2508
 2550
 2592
 2632
 2668
 2700
 2728
 2756
 2780
 2802
 2820
 2840
 2858
 2878
 2892
 2912
 2928
 2944
 2954
 2968
 2978
 2978
 2980
 2980
 2980
 2982
 2980
 2980
 2980
 2986
 2994
 3002
 3002
 3004
 3004
 3008
 3012
 3014
 3018
 3022
 3020
 3010
 2992
 2970
 2942
 2908
 2872
 2834
 2784
 2740
 2696
 2654
 2608
 2566
 2524
 2484
 2446
 2410
 2372
 2334
 2292
 2250
 2208
 2164
 2118
 2076
 2032
 1990
 1952
 1914
 1878
 1844
 1812
 1784
 1750
 1720
 1694
 1666
 1642
 1620
 1606
 1600
 1598
 1606
 1616
 1628
 1646
 1670
 1694
 1720
 1746
 1772
 1800
 1830
 1860
 1892
 1926
 1968
 2008
 2050
 2086
 2122
 2162
 2202
 2244
 2286
 2328
 2368
 2410
 2452
 2494
 2532
 2570
 2606
 2640
 2674
 2710
 2744
 2778
 2810
 2842
 2870
 2896
 2920
 2942
 2960
 2976
 2982
 2986
 2990
 2992
 3000
 3000
 3004
 3012
 3012
 3004
 2988
 2964
 2936
 2904
 2864
 2822
 2776
 2730
 2686
 2642
 2600
 2558
 2520
 2480
 2440
 2400
 2362
 2322
 2274
 2234
 2194
 2152
 2110
 2068
 2030
 1992
 1958
 1928
 1896
 1864
 1838
 1806
 1776
 1750
 1722
 1700
 1680
 1668
 1664
 1666
 1676
 1688
 1704
 1724
 1748
 1776
 1810
 1844
 1882
 1920
 1960
 1998
 2034
 2072
 2110
 2146
 2182
 2218
 2250
 2284
 2326
 2366
 2404
 2444
 2480
 2520
 2562
 2602
 2640
 2676
 2710
 2744
 2766
 2782
 2802
 2822
 2842
 2862
 2880
 2898
 2918
 2936
 2956
 2972
 2988
 2998
 3010
 3024
 3038
 3054
 3062
 3056
 3040
 3014
 2976
 2932
 2882
 2834
 2780
 2728
 2672
 2614
 2566
 2520
 2476
 2432
 2392
 2354
 2314
 2280
 2244
 2204
 2166
 2126
 2084
 2042
 2004
 1968
 1930
 1896
 1864
 1834
 1804
 1780
 1756
 1734
 1720
 1704
 1694
 1694
 1698
 1704
 1716
 1730
 1750
 1774
 1804
 1832
 1858
 1884
 1908
 1932
 1956
 1982
 2008
 2034
 2056
 2084
 2110
 2140
 2178
 2212
 2250
 2288
 2320
 2350
 2388
 2424
 2462
 2498
 2536
 2572
 2608
 2642
 2672
 2700
 2728
 2750
 2772
 2794
 2816
 2838
 2860
 2878
 2898
 2908
 2920
 2932
 2942
 2952
 2962
 2966
 2966
 2970
 2970
 2974
 2976
 2978
 2982
 2990
 2998
 3006
 3006
 3000
 2986
 2966
 2940
 2912
 2880
 2844
 2806
 2768
 2728
 2690
 2652
 2614
 2574
 2536
 2498
 2454
 2418
 2382
 2348
 2312
 2276
 2244
 2212
 2182
 2150
 2120
 2088
 2056
 2020
 1986
 1954
 1924
 1896
 1868
 1846
 1822
 1804
 1792
 1782
 1778
 1778
 1780
 1782
 1784
 1790
 1798
 1806
 1816
 1828
 1846
 1864
 1892
 1924
 1952
 1982
 2008
 2032
 2058
 2086
 2114
 2142
 2172
 2204
 2236
 2272
 2306
 2344
 2382
 2416
 2458
 2490
 2518
 2550
 2582
 2614
 2646
 2678
 2710
 2742
 2774
 2804
 2832
 2858
 2882
 2900
 2918
 2934
 2950
 2964
 2976
 2990
 2998
 3008
 3016
 3026
 3034
 3036
 3040
 3040
 3036
 3032
 3026
 3018
 3006
 2988
 2968
 2938
 2904
 2872
 2836
 2802
 2766
 2726
 2690
 2652
 2616
 2580
 2544
 2510
 2474
 2440
 2406
 2372
 2340
 2310
 2276
 2248
 2210
 2170
 2136
 2102
 2066
 2032
 2004
 1978
 1956
 1936
 1918
 1900
 1886
 1870
 1862
 1856
 1856
 1860
 1868
 1878
 1892
 1910
 1932
 1956
 1986
 2012
 2040
 2072
 2104
 2134
 2168
 2204
 2240
 2280
 2318
 2358
 2394
 2430
 2468
 2502
 2532
 2562
 2588
 2614
 2642
 2670
 2698
 2724
 2752
 2778
 2810
 2838
 2868
 2894
 2912
 2926
 2936
 2940
 2938
 2938
 2940
 2942
 2944
 2948
 2952
 2960
 2966
 2978
 2984
 2986
 2978
 2964
 2944
 2920
 2892
 2862
 2832
 2796
 2762
 2728
 2696
 2662
 2628
 2592
 2558
 2524
 2484
 2442
 2410
 2376
 2344
 2312
 2280
 2254
 2224
 2194
 2166
 2136
 2108
 2076
 2046
 2018
 1990
 1966
 1946
 1932
 1922
 1920
 1924
 1934
 1946
 1962
 1982
 2002
 2022
 2050
 2076
 2104
 2134
 2164
 2200
 2234
 2270
 2306
 2340
 2374
 2406
 2436
 2466
 2498
 2530
 2560
 2590
 2620
 2650
 2682
 2712
 2740
 2768
 2794
 2818
 2840
 2856
 2866
 2880
 2892
 2908
 2920
 2932
 2946
 2958
 2974
 2988
 3004
 3008
 3016
 3020
 3024
 3030
 3036
 3042
 3048
 3052
 3056
 3062
 3064
 3066
 3072
 3076
 3074
 3072
 3070
 3062
 3056
 3048
 3044
 3040
 3038
 3036
 3034
 3036
 3034
 3028
 3016
 3004
 2986
 2966
 2942
 2918
 2882
 2844
 2808
 2774
 2738
 2706
 2674
 2642
 2608
 2574
 2542
 2504
 2466
 2434
 2402
 2368
 2338
 2310
 2282
 2254
 2226
 2198
 2170
 2142
 2110
 2078
 2048
 2016
 1988
 1960
 1934
 1912
 1896
 1886
 1880
 1884
 1890
 1900
 1914
 1930
 1946
 1972
 1998
 2024
 2048
 2084
 2118
 2150
 2184
 2214
 2242
 2272
 2300
 2328
 2356
 2386
 2418
 2450
 2482
 2514
 2544
 2574
 2604
 2632
 2658
 2680
 2704
 2722
 2734
 2746
 2758
 2774
 2790
 2800
 2814
 2828
 2844
 2862
 2874
 2888
 2894
 2900
 2904
 2908
 2916
 2920
 2924
 2928
 2934
 2940
 2944
 2948
 2950
 2954
 2956
 2954
 2954
 2952
 2944
 2940
 2932
 2930
 2926
 2922
 2916
 2906
 2894
 2882
 2864
 2846
 2824
 2798
 2770
 2744
 2716
 2688
 2660
 2634
 2610
 2584
 2560
 2532
 2508
 2480
 2450
 2422
 2392
 2354
 2324
 2296
 2268
 2240
 2214
 2188
 2164
 2144
 2122
 2098
 2078
 2052
 2020
 1992
 1968
 1946
 1934
 1926
 1924
 1926
 1934
 1942
 1954
 1968
 1984
 2004
 2018
 2042
 2072
 2100
 2128
 2156
 2184
 2212
 2244
 2278
 2310
 2342
 2376
 2404
 2434
 2464
 2496
 2526
 2556
 2586
 2616
 2644
 2672
 2696
 2722
 2746
 2768
 2788
 2808
 2818
 2826
 2836
 2848
 2856
 2862
 2870
 2880
 2892
 2906
 2920
 2930
 2938
 2942
 2948
 2954
 2960
 2966
 2970
 2978
 2982
 2988
 2992
 2996
 2998
 3002
 3006
 3006
 3006
 3000
 2990
 2980
 2964
 2948
 2926
 2904
 2880
 2856
 2832
 2804
 2778
 2752
 2722
 2692
 2664
 2632
 2602
 2572
 2544
 2514
 2486
 2460
 2436
 2412
 2392
 2368
 2348
 2326
 2300
 2272
 2254
 2234
 2212
 2192
 2174
 2158
 2146
 2138
 2136
 2136
 2140
 2148
 2152
 2156
 2166
 2178
 2194
 2216
 2244
 2274
 2304
 2334
 2364
 2394
 2420
 2446
 2474
 2494
 2518
 2542
 2570
 2598
 2626
 2656
 2686
 2716
 2746
 2772
 2796
 2820
 2840
 2858
 2880
 2900
 2916
 2934
 2948
 2954
 2962
 2968
 2976
 2982
 2984
 2984
 2982
 2976
 2972
 2968
 2964
 2960
 2952
 2940
 2922
 2902
 2878
 2850
 2822
 2784
 2740
 2698
 2656
 2614
 2574
 2534
 2492
 2454
 2416
 2378
 2344
 2308
 2274
 2242
 2204
 2166
 2134
 2102
 2068
 2032
 1998
 1966
 1938
 1912
 1888
 1864
 1840
 1812
 1786
 1762
 1742
 1726
 1720
 1722
 1732
 1746
 1770
 1802
 1838
 1884
 1932
 1974
 2004
 2038
 2066
 2096
 2128
 2162
 2200
 2244
 2290
 2336
 2380
 2422
 2464
 2506
 2550
 2594
 2634
 2672
 2702
 2732
 2756
 2780
 2802
 2822
 2842
 2856
 2870
 2874
 2874
 2874
 2874
 2878
 2878
 2878
 2884
 2888
 2898
 2906
 2914
 2920
 2922
 2912
 2896
 2874
 2844
 2812
 2778
 2738
 2696
 2658
 2614
 2572
 2530
 2488
 2446
 2402
 2350
 2308
 2266
 2224
 2182
 2146
 2108
 2076
 2044
 2016
 1982
 1956
 1924
 1890
 1856
 1822
 1788
 1756
 1722
 1692
 1664
 1640
 1618
 1600
 1586
 1578
 1574
 1576
 1584
 1594
 1608
 1622
 1644
 1666
 1690
 1718
 1752
 1784
 1816
 1844
 1870
 1900
 1930
 1964
 1996
 2030
 2070
 2112
 2154
 2196
 2236
 2278
 2322
 2362
 2390
 2424
 2460
 2494
 2526
 2556
 2586
 2616
 2648
 2680
 2706
 2732
 2756
 2776
 2792
 2808
 2824
 2840
 2856
 2868
 2884
 2898
 2908
 2920
 2932
 2944
 2954
 2958
 2954
 2954
 2952
 2950
 2932
 2910
 2884
 2854
 2822
 2792
 2756
 2720
 2680
 2640
 2600
 2558
 2516
 2472
 2428
 2384
 2342
 2298
 2250
 2200
 2148
 2092
 2040
 1992
 1936
 1888
 1842
 1796
 1754
 1712
 1682
 1652
 1628
 1608
 1588
 1572
 1558
 1542
 1530
 1524
 1524
 1530
 1532
 1536
 1540
 1546
 1552
 1558
 1568
 1580
 1596
 1608
 1626
 1642
 1658
 1680
 1702
 1728
 1754
 1786
 1820
 1852
 1880
 1912
 1940
 1970
 1998
 2028
 2062
 2096
 2136
 2176
 2212
 2250
 2292
 2330
 2368
 2410
 2446
 2476
 2510
 2546
 2580
 2612
 2644
 2676
 2708
 2742
 2774
 2802
 2832
 2858
 2880
 2898
 2920
 2934
 2948
 2964
 2976
 2990
 3002
 3016
 3028
 3038
 3044
 3050
 3046
 3036
 3022
 2998
 2972
 2938
 2898
 2858
 2816
 2770
 2724
 2676
 2632
 2586
 2542
 2500
 2458
 2412
 2362
 2312
 2262
 2212
 2162
 2118
 2072
 2026
 1984
 1942
 1900
 1860
 1826
 1792
 1760
 1728
 1700
 1674
 1650
 1628
 1606
 1586
 1566
 1548
 1536
 1530
 1540
 1554
 1574
 1596
 1624
 1656
 1692
 1728
 1766
 1806
 1848
 1886
 1928
 1968
 2006
 2046
 2084
 2124
 2162
 2202
 2240
 2282
 2320
 2360
 2398
 2434
 2466
 2494
 2522
 2544
 2570
 2598
 2628
 2656
 2686
 2714
 2744
 2774
 2790
 2808
 2822
 2836
 2852
 2862
 2872
 2884
 2896
 2912
 2926
 2938
 2944
 2940
 2926
 2904
 2878
 2844
 2808
 2770
 2728
 2688
 2648
 2608
 2562
 2524
 2480
 2430
 2390
 2344
 2298
 2252
 2210
 2166
 2122
 2082
 2046
 2006
 1972
 1932
 1894
 1856
 1822
 1792
 1760
 1728
 1702
 1676
 1654
 1636
 1624
 1620
 1626
 1632
 1644
 1660
 1676
 1702
 1730
 1760
 1792
 1822
 1858
 1894
 1926
 1958
 1988
 2016
 2048
 2078
 2110
 2142
 2180
 2218
 2254
 2288
 2322
 2354
 2386
 2418
 2442
 2466
 2490
 2514
 2536
 2560
 2582
 2606
 2632
 2660
 2684
 2708
 2730
 2750
 2768
 2784
 2802
 2818
 2834
 2852
 2868
 2882
 2900
 2916
 2928
 2940
 2950
 2950
 2948
 2938
 2926
 2902
 2876
 2842
 2806
 2768
 2732
 2700
 2666
 2630
 2592
 2550
 2500
 2456
 2406
 2358
 2312
 2268
 2224
 2184
 2148
 2112
 2076
 2040
 2002
 1966
 1928
 1888
 1852
 1816
 1780
 1748
 1724
 1704
 1690
 1686
 1690
 1700
 1716
 1734
 1756
 1782
 1808
 1838
 1870
 1906
 1940
 1984
 2028
 2072
 2112
 2156
 2198
 2232
 2266
 2302
 2334
 2368
 2398
 2426
 2456
 2484
 2518
 2548
 2578
 2606
 2632
 2654
 2680
 2702
 2726
 2754
 2780
 2806
 2830
 2854
 2876
 2894
 2910
 2922
 2934
 2936
 2936
 2932
 2932
 2932
 2930
 2930
 2932
 2940
 2948
 2956
 2962
 2964
 2958
 2946
 2928
 2902
 2874
 2838
 2802
 2764
 2724
 2684
 2646
 2606
 2566
 2530
 2490
 2448
 2414
 2374
 2340
 2306
 2274
 2240
 2214
 2186
 2160
 2132
 2106
 2072
 2038
 2008
 1974
 1944
 1916
 1892
 1874
 1864
 1864
 1874
 1890
 1910
 1940
 1970
 1998
 2034
 2068
 2102
 2140
 2178
 2218
 2260
 2306
 2350
 2392
 2432
 2470
 2504
 2538
 2570
 2602
 2632
 2660
 2686
 2710
 2736
 2760
 2784
 2808
 2826
 2846
 2862
 2868
 2876
 2882
 2886
 2890
 2890
 2896
 2902
 2908
 2920
 2928
 2938
 2950
 2956
 2962
 2970
 2976
 2982
 2980
 2980
 2980
 2982
 2982
 2984
 2986
 2988
 2986
 2986
 2978
 2970
 2968
 2960
 2954
 2944
 2932
 2922
 2908
 2896
 2876
 2852
 2830
 2804
 2772
 2740
 2706
 2668
 2632
 2594
 2560
 2522
 2488
 2454
 2422
 2388
 2356
 2328
 2294
 2260
 2230
 2202
 2172
 2146
 2120
 2096
 2076
 2064
 2054
 2048
 2050
 2052
 2060
 2070
 2086
 2102
 2124
 2148
 2174
 2204
 2234
 2266
 2298
 2330
 2366
 2404
 2430
 2462
 2496
 2528
 2562
 2590
 2622
 2652
 2684
 2716
 2742
 2770
 2794
 2814
 2836
 2856
 2876
 2892
 2910
 2918
 2930
 2940
 2952
 2964
 2972
 2982
 2988
 2988
 2990
 2990
 2992
 2992
 2994
 2998
 2998
 3006
 3016
 3024
 3034
 3042
 3046
 3050
 3052
 3048
 3036
 3020
 3000
 2978
 2952
 2918
 2884
 2846
 2806
 2764
 2716
