118
123
148
213
215
283
368
380
529
666
679
809
1002
1009
1257
1436
1534
1633
1734
1807
1895
2064
2065
2215
2317
2415
2522
2535
2617
2634
2690
2837
2938
2950
3030
3045
3162
3163
3273
3363
3443
3511
3598
3681
3693
3749
3814
4001
4015
4194
4604
4729
4737
4872
4879
5003
5020
5179
5407
5511
5613
5617
5716
5718
5822
5831
5911
6140
6223
6297
6376
6451
6524
6688
6689
6852
7044
7069
7181
7183
7288
7304
7383
7479
7573
7699
7701
7827
7829
7910
8000
8095
8173
8261
8324
8465
8466
8578
8580
8650
8746
8855
8873
