31
149
269
383
470
556
675
791
886
994
1088
1185
1281
1376
1491
1591
1699
1802
1907
2020
2116
2222
2324
2420
2529
2633
2731
2836
2927
3011
3101
3208
3313
3409
3506
3612
3714
3812
3907
4013
4117
4209
4306
4394
4485
4579
4666
4757
4847
4941
5034
5122
5210
5294
5386
5473
5561
5654
5747
5836
5921
6018
6110
6197
6292
6384
6470
6566
6661
6767
6875
6972
7062
7147
7234
7323
7410
7500
7599
7702
7793
7879
7970
8065
8154
8239
8328
8435
8533
8623
8715
8811
8899
8989
9087
9180
9276
9371
9457
9549
9637
9720
9811
9897
9988
10083
10172
10262
10358
10453
10541
10635
10732
10815
10892
10979
11075
11165
11266
11358
11453
11552
11647
11749
11838
11931
12021
12107
12203
12299
12390
12485
12570
12651
12739
12850
12948
13039
13134
13228
13319
13414
13509
13600
13697
13792
13892
14001
14098
14190
14279
14363
14450
14535
14619
14707
14793
14883
14985
15083
15171
15267
15365
15463
15565
15659
15755
15849
15936
16043
16142
16248
16353
16454
16561
16652
16743
16833
16923
17023
17120
17210
17315
17426
17531
17625
17723
17831
17931
18041
18151
18257
18361
18466
18574
18688
18795
18910
19010
19105
19221
19337
19455
19559
19664
19767
19866
19976
20087
20196
20298
20409
20512
20615
20717
20818
20922
21022
21136
21244
21352
21454
21548
21644
21739
21837
21940
22035
22141
22248
22349
22449
22544
22641
22734
22825
22915
23016
23119
23218
23319
23427
23529
23645
23755
23865
23979
24085
24199
24316
24426
24533
24651
24773
24884
24994
25111
25230
25347
25464
25578
25690
25806
25920
26035
26151
26265
26382
