17
125
234
339
446
553
660
767
871
979
1081
1188
1291
1396
1502
1606
1715
1821
1928
2038
2144
2254
2364
2473
2585
2695
2806
2917
3027
3139
3247
3358
3467
3575
3685
3792
3903
4012
4120
4231
4337
4447
4554
4660
4768
4873
4982
5089
5198
5307
5411
5521
5626
5734
5841
5949
6059
6165
6276
6385
6495
6607
6714
6824
6931
7040
7151
7258
7368
7481
7590
7699
7811
7924
8034
8147
8260
8369
8482
8596
8705
8818
8931
9041
9154
9265
9377
9490
9600
9714
9825
9938
10051
10160
10275
10384
10497
10607
10719
10831
10939
11051
11161
11271
11383
11491
11601
11710
11819
11931
12038
12150
12262
12373
12486
12596
12709
12821
12933
13048
13157
13270
13380
13490
13600
13707
13818
13925
14034
14143
14250
14360
14467
14578
14686
14794
14904
15012
15119
15230
15337
15446
15556
15664
15775
15883
15992
16104
16213
16323
16430
16538
16646
16751
16859
16964
17071
17181
17287
17396
17503
17612
17721
17830
17942
18049
18161
18270
18379
18490
18595
18689
18790
18908
19019
19120
19236
19354
19466
19581
19692
19806
19922
20034
20149
20260
20373
20485
20597
20708
20817
20928
21035
21146
21254
21361
21471
21578
21686
21796
21902
22012
22118
22227
22336
22442
22551
22661
22766
22877
22987
23096
23208
23317
23428
23538
23648
23761
23868
23976
24087
24196
24304
24416
24525
24635
24745
24854
24966
25073
25184
25294
25404
25516
25624
25736
25846
25958
26070
26180
26291
26401
26504
26614
26724
26825
26940
27049
27159
27270
27380
27492
27601
27713
27822
27934
28045
28158
28270
28380
28493
28601
28713
28821
28930
29041
29146
29256
29365
29474
29584
29691
29802
29911
30021
30132
30242
30353
30459
30571
30679
30791
30902
31010
31121
31230
31340
31451
31560
31671
31780
31890
32001
32109
32221
32330
32441
32548
32657
32764
32869
32977
33082
33190
33297
33404
33514
33621
33731
33842
33950
34063
34174
34286
34398
34504
34612
34723
34833
34942
35053
35162
35273
35385
35494
35608
