 2032
 1990
 1940
 1892
 1848
 1804
 1760
 1718
 1672
 1626
 1584
 1544
 1504
 1472
 1448
 1432
 1420
 1414
 1412
 1420
 1428
 1438
 1448
 1458
 1472
 1486
 1500
 1520
 1544
 1578
 1624
 1670
 1718
 1766
 1822
 1876
 1932
 1988
 2036
 2086
 2138
 2186
 2242
 2300
 2352
 2398
 2438
 2480
 2518
 2540
 2544
 2540
 2538
 2538
 2542
 2556
 2576
 2606
 2654
 2722
 2808
 2902
 2994
 3084
 3190
 3302
 3408
 3504
 3586
 3648
 3698
 3730
 3746
 3758
 3772
 3788
 3802
 3812
 3824
 3830
 3826
 3816
 3798
 3780
 3762
 3750
 3746
 3742
 3738
 3738
 3732
 3724
 3714
 3710
 3704
 3694
 3684
 3664
 3620
 3554
 3470
 3372
 3266
 3148
 3032
 2908
 2786
 2670
 2552
 2434
 2316
 2202
 2096
 2004
 1922
 1852
 1782
 1728
 1682
 1650
 1632
 1626
 1628
 1646
 1678
 1718
 1766
 1820
 1880
 1944
 2014
 2084
 2156
 2222
 2294
 2370
 2456
 2554
 2654
 2752
 2842
 2928
 3014
 3088
 3154
 3220
 3286
 3350
 3408
 3466
 3516
 3562
 3598
 3628
 3656
 3680
 3698
 3706
 3714
 3720
 3726
 3726
 3724
 3726
 3722
 3716
 3706
 3692
 3670
 3640
 3596
 3546
 3486
 3418
 3350
 3280
 3206
 3134
 3058
 2984
 2908
 2834
 2760
 2686
 2616
 2546
 2478
 2410
 2344
 2276
 2210
 2146
 2088
 2044
 2018
 2014
 2024
 2050
 2088
 2134
 2186
 2246
 2308
 2374
 2452
 2534
 2614
 2694
 2778
 2860
 2946
 3024
 3096
 3164
 3228
 3284
 3330
 3366
 3398
 3436
 3474
 3502
 3526
 3546
 3564
 3584
 3594
 3604
 3612
 3616
 3614
 3616
 3612
 3608
 3608
 3608
 3600
 3580
 3554
 3522
 3484
 3438
 3384
 3318
 3250
 3186
 3132
 3084
 3038
 2986
 2932
 2872
 2806
 2740
 2682
 2628
 2574
 2520
 2466
 2414
 2372
 2336
 2310
 2290
 2280
 2282
 2290
 2312
 2342
 2390
 2462
 2542
 2626
 2708
 2784
 2854
 2918
 2972
 3018
 3056
 3086
 3112
 3140
 3168
 3194
 3216
 3238
 3258
 3272
 3284
 3294
 3300
 3298
 3290
 3276
 3260
 3232
 3194
 3152
 3104
 3050
 2990
 2930
 2870
 2816
 2760
 2704
 2650
 2594
 2542
 2492
 2444
 2394
 2346
 2296
 2244
 2200
 2174
 2162
 2162
 2168
 2178
 2196
 2224
 2252
 2286
 2330
 2380
 2438
 2496
 2552
 2608
 2664
 2720
 2772
 2820
 2870
 2918
 2960
 3000
 3030
 3060
 3096
 3132
 3168
 3200
 3226
 3238
 3238
 3228
 3210
 3186
 3152
 3112
 3072
 3028
 2982
 2928
 2876
 2824
 2768
 2714
 2662
 2612
 2564
 2516
 2470
 2420
 2374
 2340
 2312
 2288
 2268
 2254
 2246
 2248
 2256
 2268
 2288
 2312
 2340
 2372
 2404
 2442
 2480
 2520
 2558
 2598
 2634
 2670
 2700
 2732
 2760
 2788
 2820
 2858
 2900
 2938
 2978
 3014
 3050
 3082
 3104
 3126
 3146
 3168
 3186
 3202
 3220
 3234
 3248
 3260
 3262
 3266
 3272
 3276
 3270
 3256
 3240
 3212
 3180
 3144
 3108
 3074
 3038
 2994
 2950
 2902
 2852
 2800
 2754
 2706
 2666
 2620
 2574
 2526
 2482
 2438
 2396
 2358
 2322
 2298
 2280
 2270
 2268
 2268
 2276
 2292
 2318
 2348
 2384
 2420
 2460
 2506
 2550
 2586
 2628
 2674
 2716
 2760
 2798
 2836
 2872
 2908
 2940
 2970
 2996
 3016
 3040
 3060
 3082
 3098
 3114
 3130
 3154
 3188
 3216
 3242
 3266
 3286
 3300
 3304
 3300
 3290
 3274
 3254
 3228
 3196
 3160
 3120
 3076
 3026
 2974
 2922
 2868
 2820
 2770
 2720
 2672
 2618
 2564
 2518
 2476
 2432
 2388
 2340
 2298
 2262
 2234
 2212
 2204
 2204
 2214
 2228
 2246
 2266
 2292
 2320
 2350
 2384
 2418
 2454
 2492
 2524
 2558
 2592
 2634
 2680
 2726
 2770
 2810
 2848
 2886
 2914
 2940
 2964
 2986
 3002
 3018
 3032
 3048
 3064
 3080
 3094
 3112
 3128
 3144
 3160
 3174
 3186
 3194
 3194
 3192
 3192
 3188
 3180
 3166
 3144
 3120
 3094
 3062
 3030
 2992
 2952
 2912
 2870
 2828
 2784
 2740
 2694
 2648
 2606
 2562
 2522
 2484
 2438
 2398
 2370
 2348
 2332
 2328
 2326
 2332
 2346
 2360
 2374
 2394
 2418
 2444
 2470
 2496
 2522
 2550
 2578
 2606
 2634
 2662
 2690
 2716
 2740
 2762
 2786
 2818
 2856
 2890
 2928
 2958
 2988
 3016
 3036
 3056
 3076
 3090
 3108
 3126
 3146
 3166
 3186
 3204
 3222
 3240
 3256
 3268
 3282
 3292
 3296
 3292
 3282
 3266
 3252
 3242
 3226
 3206
 3184
 3160
 3130
 3096
 3060
 3024
 2986
 2952
 2912
 2872
 2828
 2786
 2744
 2700
 2654
 2608
 2562
 2512
 2462
 2406
 2350
 2302
 2258
 2218
 2184
 2156
 2134
 2128
 2126
 2130
 2144
 2164
 2188
 2216
 2244
 2280
 2316
 2356
 2394
 2430
 2474
 2516
 2560
 2600
 2632
 2662
 2696
 2740
 2794
 2848
 2864
 2864
 2870
 2882
 2908
 2950
 2976
 2986
 2984
 2974
 2966
 2964
 2966
 2970
 2980
 2998
 3020
 3044
 3070
 3096
 3118
 3132
 3140
 3144
 3138
 3128
 3110
 3078
 3042
 2994
 2928
 2864
 2796
 2724
 2648
 2570
 2492
 2412
 2338
 2260
 2182
 2110
 2038
 1966
 1898
 1840
 1782
 1730
 1680
 1630
 1582
 1534
 1484
 1434
 1392
 1354
 1322
 1288
 1260
 1246
 1242
 1248
 1264
 1292
 1328
 1368
 1414
 1466
 1522
 1582
 1644
 1708
 1774
 1834
 1890
 1948
 2004
 2064
 2122
 2176
 2232
 2286
 2342
 2394
 2440
 2480
 2516
 2544
 2572
 2608
 2650
 2688
 2728
 2762
 2796
 2832
 2864
 2888
 2914
 2942
 2964
 2986
 3006
 3028
 3046
 3062
 3082
 3100
 3116
 3130
 3144
 3158
 3170
 3180
 3188
 3196
 3214
 3238
 3260
 3270
 3276
 3280
 3278
 3270
 3260
 3246
 3230
 3206
 3172
 3132
 3084
 3036
 2984
 2932
 2880
 2830
 2780
 2726
 2672
 2610
 2544
 2484
 2430
 2378
 2322
 2270
 2212
 2150
 2088
 2024
 1962
 1908
 1858
 1812
 1766
 1720
 1678
 1640
 1606
 1578
 1554
 1534
 1512
 1490
 1476
 1468
 1466
 1468
 1478
 1494
 1514
 1542
 1570
 1594
 1618
 1646
 1676
 1706
 1736
 1772
 1808
 1842
 1880
 1916
 1954
 1990
 2026
 2060
 2094
 2128
 2172
 2218
 2262
 2306
 2348
 2384
 2422
 2452
 2478
 2506
 2534
 2566
 2590
 2614
 2640
 2666
 2694
 2722
 2752
 2782
 2812
 2842
 2870
 2896
 2916
 2934
 2956
 2986
 3018
 3044
 3070
 3090
 3110
 3124
 3132
 3138
 3140
 3140
 3132
 3116
 3100
 3078
 3056
 3030
 3002
 2970
 2938
 2902
 2862
 2818
 2774
 2728
 2688
 2646
 2606
 2564
 2520
 2476
 2432
 2382
 2332
 2282
 2232
 2184
 2136
 2086
 2038
 1992
 1946
 1904
 1868
 1838
 1812
 1790
 1774
 1770
 1778
 1794
 1820
 1856
 1888
 1922
 1956
 1990
 2024
 2062
 2100
 2142
 2186
 2226
 2270
 2310
 2354
 2394
 2436
 2474
 2512
 2550
 2580
 2608
 2640
 2678
 2710
 2746
 2776
 2806
 2836
 2862
 2882
 2904
 2924
 2948
 2966
 2982
 2998
 3014
 3034
 3056
 3076
 3090
 3110
 3132
 3152
 3172
 3188
 3198
 3204
 3210
 3212
 3212
 3206
 3196
 3184
 3166
 3142
 3116
 3090
 3058
 3028
 2994
 2958
 2922
 2886
 2846
 2808
 2774
 2738
 2704
 2668
 2630
 2588
 2550
 2516
 2484
 2458
 2430
 2408
 2386
 2372
 2364
 2358
 2356
 2362
 2374
 2384
 2402
 2420
 2440
 2464
 2490
 2520
 2552
 2590
 2624
 2656
 2686
 2726
 2766
 2808
 2850
 2888
 2930
 2970
 3006
 3036
 3064
 3092
 3116
 3134
 3136
 3132
 3118
 3096
 3068
 3038
 3004
 2970
 2930
 2890
 2848
 2816
 2788
 2758
 2734
 2708
 2678
 2646
 2610
 2568
 2528
 2492
 2456
 2422
 2394
 2372
 2362
 2358
 2362
 2370
 2386
 2404
 2422
 2446
 2480
 2516
 2554
 2590
 2624
 2660
 2702
 2738
 2780
 2826
 2872
 2922
 2970
 3014
 3056
 3092
 3122
 3148
 3174
 3196
 3204
 3198
 3186
 3172
 3150
 3126
 3094
 3056
 3018
 2978
 2934
 2888
 2842
 2800
 2758
 2716
 2672
 2634
 2598
 2560
 2518
 2480
 2440
 2400
 2362
 2338
 2328
 2328
 2334
 2346
 2366
 2392
 2414
 2436
 2464
 2498
 2534
 2566
 2598
 2634
 2672
 2708
 2748
 2788
 2826
 2858
 2890
 2926
 2976
 3034
 3082
 3124
 3164
 3196
 3210
 3208
 3194
 3176
 3154
 3124
 3086
 3046
 3006
 2972
 2932
 2888
 2844
 2802
 2758
 2712
 2674
 2644
 2616
 2584
 2546
 2510
 2484
 2464
 2444
 2434
 2434
 2444
 2452
 2462
 2474
 2492
 2512
 2532
 2552
 2578
 2604
 2630
 2652
 2684
 2720
 2756
 2794
 2822
 2854
 2888
 2914
 2932
 2956
 2980
 3010
 3040
 3068
 3098
 3128
 3160
 3192
 3216
 3232
 3232
 3218
 3196
 3166
 3142
 3114
 3084
 3048
 3006
 2962
 2920
 2878
 2836
 2788
 2740
 2696
 2654
 2614
 2570
 2530
 2490
 2454
 2422
 2394
 2378
 2376
 2382
 2396
 2420
 2450
 2482
 2514
 2546
 2576
 2604
 2638
 2670
 2706
 2746
 2784
 2824
 2862
 2906
 2952
 3000
 3042
 3074
 3100
 3122
 3158
 3192
 3222
 3248
 3264
 3266
 3250
 3218
 3186
 3150
 3110
 3062
 3012
 2962
 2914
 2866
 2810
 2756
 2708
 2656
 2608
 2560
 2518
 2482
 2450
 2410
 2370
 2342
 2326
 2316
 2316
 2324
 2340
 2366
 2400
 2436
 2478
 2524
 2574
 2626
 2670
 2706
 2748
 2800
 2854
 2904
 2952
 2998
 3042
 3082
 3110
 3134
 3160
 3184
 3202
 3206
 3194
 3174
 3146
 3114
 3076
 3036
 2994
 2948
 2902
 2858
 2820
 2784
 2748
 2716
 2680
 2640
 2596
 2550
 2510
 2466
 2416
 2366
 2318
 2268
 2210
 2154
 2094
 2034
 1976
 1916
 1854
 1810
 1770
 1736
 1696
 1654
 1616
 1584
 1558
 1524
 1496
 1472
 1446
 1426
 1400
 1372
 1350
 1342
 1340
 1340
 1340
 1342
 1356
 1388
 1434
 1482
 1530
 1574
 1626
 1684
 1728
 1774
 1828
 1884
 1944
 1998
 2044
 2096
 2150
 2206
 2258
 2314
 2376
 2448
 2516
 2578
 2636
 2710
 2790
 2870
 2940
 3008
 3068
 3122
 3164
 3200
 3228
 3254
 3272
 3286
 3292
 3298
 3300
 3298
 3296
 3286
 3270
 3240
 3206
 3170
 3140
 3104
 3068
 3028
 2990
 2950
 2904
 2856
 2806
 2762
 2712
 2658
 2600
 2532
 2462
 2392
 2310
 2222
 2142
 2060
 1988
 1922
 1868
 1822
 1788
 1772
 1766
 1778
 1806
 1838
 1882
 1936
 1988
 2040
 2092
 2144
 2194
 2250
 2306
 2356
 2406
 2454
 2498
 2546
 2598
 2652
 2712
 2770
 2824
 2882
 2932
 2980
 3024
 3058
 3092
 3128
 3160
 3186
 3206
 3222
 3236
 3246
 3248
 3228
 3196
 3152
 3104
 3056
 3012
 2964
 2914
 2864
 2812
 2764
 2712
 2652
 2602
 2552
 2508
 2458
 2406
 2344
 2284
 2226
 2168
 2102
 2040
 1980
 1924
 1878
 1842
 1814
 1802
 1806
 1828
 1868
 1916
 1960
 2010
 2068
 2128
 2190
 2252
 2318
 2386
 2458
 2532
 2604
 2674
 2742
 2802
 2850
 2898
 2954
 3012
 3072
 3132
 3178
 3208
 3230
 3248
 3264
 3278
 3286
 3290
 3292
 3296
 3298
 3296
 3296
 3294
 3294
 3292
 3288
 3280
 3272
 3264
 3254
 3230
 3202
 3168
 3130
 3090
 3044
 2994
 2942
 2894
 2844
 2794
 2744
 2692
 2640
 2592
 2550
 2506
 2454
 2396
 2342
 2294
 2252
 2206
 2160
 2118
 2080
 2048
 2016
 1976
 1942
 1910
 1888
 1864
 1838
 1818
 1808
 1814
 1834
 1866
 1910
 1954
 1996
 2046
 2106
 2164
 2228
 2290
 2350
 2412
 2460
 2502
 2550
 2598
 2648
 2694
 2738
 2782
 2826
 2876
 2920
 2960
 2998
 3034
 3066
 3092
 3102
 3108
 3110
 3100
 3082
 3054
 3018
 2984
 2946
 2904
 2862
 2822
 2780
 2740
 2704
 2668
 2634
 2604
 2578
 2552
 2528
 2504
 2476
 2442
 2414
 2396
 2384
 2376
 2376
 2380
 2392
 2408
 2428
 2448
 2474
 2504
 2536
 2568
 2602
 2634
 2668
 2704
 2740
 2774
 2808
 2842
 2878
 2912
 2944
 2974
 2998
 3018
 3046
 3078
 3102
 3124
 3140
 3152
 3156
 3150
 3138
 3122
 3100
 3074
 3044
 3008
 2968
 2930
 2888
 2848
 2806
 2766
 2728
 2690
 2652
 2618
 2576
 2542
 2510
 2484
 2452
 2420
 2376
 2332
 2292
 2260
 2236
 2222
 2224
 2234
 2254
 2278
 2316
 2348
 2402
 2460
 2514
 2574
 2634
 2696
 2752
 2804
 2852
 2912
 2964
 3010
 3050
 3090
 3122
 3148
 3168
 3182
 3192
 3204
 3212
 3216
 3220
 3218
 3214
 3202
 3182
 3152
 3124
 3084
 3040
 2994
 2952
 2912
 2870
 2828
 2784
 2744
 2702
 2658
 2618
 2580
 2548
 2518
 2494
 2480
 2470
 2468
 2472
 2482
 2494
 2512
 2538
 2576
 2616
 2658
 2698
 2734
 2770
 2802
 2828
 2860
 2890
 2922
 2950
 2972
 2990
 3006
 3024
 3042
 3058
 3072
 3080
 3084
 3082
 3076
 3068
 3050
 3030
 3008
 2982
 2948
 2908
 2870
 2830
 2792
 2750
 2706
 2664
 2622
 2586
 2542
 2498
 2456
 2410
 2362
 2314
 2272
 2230
 2196
 2150
 2106
 2064
 2024
 1984
 1946
 1916
 1888
 1866
 1844
 1820
 1804
 1788
 1778
 1768
 1758
 1746
 1736
 1734
 1730
 1726
 1724
 1720
 1718
 1714
 1712
 1710
 1708
 1708
 1706
 1704
 1702
 1704
 1710
 1712
 1722
 1736
 1756
 1778
 1804
 1834
 1870
 1916
 1962
 2006
 2058
 2108
 2160
 2198
 2232
 2268
 2304
 2340
 2372
 2408
 2442
 2478
 2518
 2550
 2584
 2620
 2656
 2692
 2724
 2754
 2784
 2830
 2882
 2928
 2980
 3026
 3074
 3116
 3148
 3180
 3202
 3216
 3228
 3232
 3230
 3222
 3212
 3194
 3172
 3140
 3102
 3062
 3012
 2960
 2902
 2846
 2792
 2738
 2682
 2628
 2576
 2522
 2462
 2400
 2330
 2268
 2210
 2154
 2100
 2050
 2008
 1970
 1932
 1898
 1866
 1842
 1816
 1788
 1764
 1748
 1738
 1728
 1718
 1714
 1708
 1706
 1706
 1704
 1704
 1706
 1712
 1718
 1726
 1738
 1760
 1794
 1836
 1880
 1918
 1952
 1994
 2038
 2082
 2126
 2170
 2216
 2264
 2312
 2356
 2394
 2434
 2474
 2514
 2550
 2588
 2636
 2684
 2738
 2794
 2850
 2910
 2962
 3006
 3050
 3100
 3150
 3194
 3232
 3264
 3294
 3318
 3328
 3336
 3346
 3354
 3360
 3360
 3360
 3358
 3352
 3336
 3314
 3288
 3258
 3226
 3188
 3136
 3094
 3056
 3018
 2980
 2934
 2890
 2844
 2796
 2748
 2700
 2650
 2598
 2548
 2504
 2454
 2408
 2366
 2322
 2286
 2244
 2198
 2162
 2132
 2110
 2092
 2074
 2054
 2036
 2020
 1998
 1974
 1954
 1936
 1924
 1912
 1900
 1886
 1878
 1872
 1864
 1860
 1854
 1850
 1854
 1860
 1868
 1876
 1886
 1898
 1918
 1936
 1954
 1980
 2006
 2044
 2082
 2116
 2156
 2200
 2246
 2298
 2348
 2400
 2446
 2492
 2542
 2594
 2650
 2708
 2760
 2806
 2850
 2896
 2934
 2966
 3002
 3038
 3072
 3102
 3132
 3160
 3188
 3216
 3238
 3258
 3274
 3290
 3302
 3310
 3314
 3314
 3312
 3306
 3294
 3282
 3266
 3246
 3226
 3198
 3168
 3130
 3094
 3054
 3016
 2974
 2934
 2894
 2854
 2820
 2784
 2744
 2710
 2674
 2640
 2602
 2560
 2522
 2488
 2460
 2444
 2426
 2410
 2392
 2374
 2354
 2332
 2312
 2296
 2282
 2272
 2264
 2258
 2256
 2258
 2262
 2268
 2276
 2286
 2298
 2318
 2350
 2380
 2418
 2458
 2498
 2548
 2596
 2636
 2676
 2720
 2768
 2814
 2854
 2894
 2934
 2968
 3004
 3042
 3070
 3100
 3124
 3146
 3164
 3190
 3218
 3244
 3266
 3286
 3300
 3302
 3294
 3278
 3256
 3230
 3194
 3156
 3116
 3070
 3030
 2986
 2940
 2896
 2850
 2804
 2748
 2694
 2650
 2608
 2566
 2532
 2494
 2454
 2412
 2370
 2326
 2288
 2250
 2212
 2178
 2144
 2114
 2088
 2062
 2040
 2020
 2006
 2000
 1996
 2004
 2020
 2044
 2076
 2110
 2144
 2182
 2220
 2256
 2290
 2330
 2370
 2410
 2450
 2494
 2546
 2598
 2660
 2720
 2782
 2838
 2890
 2934
 2976
 3024
 3070
 3112
 3148
 3182
 3214
 3236
 3250
 3258
 3262
 3260
 3248
 3234
 3210
 3186
 3158
 3124
 3088
 3048
 3006
 2962
 2914
 2858
 2810
 2770
 2732
 2698
 2664
 2630
 2596
 2562
 2526
 2496
 2470
 2448
 2432
 2424
 2420
 2424
 2430
 2444
 2462
 2484
 2510
 2536
 2562
 2592
 2632
 2680
 2726
 2772
 2820
 2866
 2906
 2940
 2972
 3000
 3024
 3046
 3070
 3092
 3112
 3130
 3146
 3160
 3174
 3186
 3196
 3200
 3202
 3200
 3192
 3174
 3140
 3090
 3034
 2980
 2930
 2878
 2820
 2766
 2714
 2664
 2616
 2566
 2516
 2476
 2438
 2398
 2356
 2314
 2278
 2238
 2198
 2158
 2122
 2094
 2072
 2048
 2018
 1996
 1980
 1966
 1952
 1942
 1942
 1958
 1984
 2010
 2042
 2082
 2126
 2174
 2222
 2266
 2310
 2366
 2432
 2494
 2556
 2612
 2670
 2730
 2784
 2826
 2868
 2912
 2952
 2990
 3022
 3048
 3074
 3096
 3118
 3134
 3146
 3156
 3162
 3160
 3148
 3134
 3114
 3088
 3064
 3032
 2998
 2964
 2928
 2898
 2862
 2824
 2786
 2754
 2724
 2688
 2652
 2620
 2592
 2562
 2528
 2490
 2460
 2436
 2416
 2396
 2368
 2346
 2334
 2326
 2326
 2334
 2350
 2376
 2404
 2438
 2474
 2520
 2574
 2634
 2690
 2736
 2776
 2824
 2882
 2936
 2984
 3018
 3046
 3074
 3098
 3118
 3130
 3142
 3152
 3156
 3148
 3126
 3096
 3062
 3028
 2988
 2944
 2886
 2830
 2786
 2748
 2710
 2670
 2628
 2586
 2552
 2518
 2472
 2426
 2384
 2344
 2314
 2280
 2252
 2230
 2220
 2224
 2232
 2242
 2258
 2282
 2320
 2364
 2404
 2446
 2490
 2536
 2584
 2620
 2654
 2688
 2724
 2760
 2790
 2818
 2850
 2882
 2922
 2958
 2986
 3012
 3032
 3046
 3058
 3066
 3084
 3100
 3122
 3142
 3156
 3164
 3162
 3156
 3148
 3136
 3118
 3096
 3074
 3052
 3030
 3000
 2966
 2926
 2888
 2852
 2812
 2766
 2720
 2684
 2654
 2626
 2590
 2548
 2502
 2460
 2422
 2384
 2342
 2298
 2258
 2222
 2192
 2154
 2116
 2078
 2048
 2026
 1998
 1964
 1936
 1918
 1906
 1898
 1886
 1872
 1866
 1864
 1868
 1870
 1880
 1898
 1936
 1986
 2038
 2082
 2120
 2158
 2202
 2250
 2292
 2326
 2356
 2394
 2438
 2484
 2524
 2562
 2598
 2638
 2678
 2708
 2736
 2766
 2794
 2826
 2858
 2882
 2904
 2922
 2944
 2970
 2996
 3012
 3028
 3040
 3052
 3064
 3078
 3092
 3102
 3106
 3102
 3088
 3064
 3036
 3006
 2972
 2938
 2900
 2858
 2816
 2772
 2730
 2688
 2642
 2592
 2544
 2490
 2442
 2400
 2360
 2316
 2274
 2238
 2198
 2162
 2124
 2080
 2036
 2000
 1974
 1952
 1930
 1908
 1896
 1894
 1908
 1928
 1960
 1990
 2020
 2054
 2102
 2152
 2200
 2250
 2302
 2362
 2424
 2474
 2516
 2558
 2602
 2652
 2708
 2754
 2796
 2836
 2874
 2912
 2950
 2974
 2992
 3002
 3008
 3016
 3030
 3036
 3046
 3056
 3060
 3064
 3058
 3052
 3046
 3042
 3042
 3036
 3024
 3012
 3002
 2994
 2984
 2970
 2958
 2944
 2936
 2930
 2924
 2920
 2924
 2934
 2946
 2956
 2962
 2968
 2972
 2974
 2972
 2968
 2964
 2970
 2970
 2964
 2946
 2914
 2868
 2814
 2748
 2686
 2626
 2570
 2508
 2448
 2388
 2334
 2284
 2228
 2164
 2108
 2062
 2028
 2008
 1998
 2006
 2026
 2062
 2104
 2144
 2184
 2232
 2290
 2346
 2400
 2446
 2488
 2530
 2570
 2612
 2656
 2696
 2738
 2776
 2812
 2850
 2880
 2904
 2918
 2932
 2944
 2950
 2942
 2932
 2914
 2896
 2872
 2844
 2802
 2756
 2708
 2662
 2616
 2564
 2512
 2460
 2410
 2366
 2318
 2266
 2208
 2156
 2108
 2060
 2006
 1954
 1910
 1880
 1860
 1846
 1828
 1814
 1806
 1804
 1812
 1826
 1844
 1870
 1902
 1944
 1996
 2044
 2094
 2148
 2202
 2262
 2320
 2370
 2420
 2472
 2534
 2600
 2656
 2704
 2746
 2790
 2832
 2864
 2896
 2920
 2942
 2958
 2972
 2984
 2990
 2996
 3004
 3008
 3006
 2996
 2978
 2950
 2914
 2876
 2842
 2810
 2772
 2732
 2692
 2656
 2620
 2582
 2540
 2500
 2462
 2428
 2394
 2360
 2330
 2298
 2270
 2246
 2232
 2226
 2228
 2234
 2246
 2270
 2306
 2346
 2392
 2442
 2492
 2546
 2590
 2632
 2674
 2716
 2754
 2794
 2828
 2862
 2890
 2914
 2936
 2956
 2970
 2984
 2990
 2994
 2996
 3002
 3010
 3018
 3024
 3026
 3028
 3024
 3014
 3004
 2992
 2978
 2962
 2942
 2920
 2896
 2870
 2842
 2810
 2778
 2742
 2704
 2666
 2622
 2578
 2542
 2510
 2480
 2454
 2432
 2412
 2400
 2392
 2386
 2388
 2392
 2400
 2414
 2426
 2442
 2460
 2480
 2502
 2526
 2550
 2576
 2600
 2620
 2640
 2666
 2696
 2730
 2760
 2782
 2804
 2826
 2838
 2844
 2850
 2842
 2820
 2796
 2766
 2736
 2704
 2664
 2626
 2586
 2548
 2508
 2468
 2426
 2384
 2340
 2298
 2264
 2228
 2198
 2166
 2134
 2104
 2080
 2062
 2050
 2048
 2054
 2064
 2074
 2088
 2104
 2126
 2152
 2178
 2208
 2242
 2274
 2310
 2358
 2412
 2468
 2514
 2562
 2608
 2654
 2694
 2726
 2760
 2790
 2824
 2852
 2878
 2900
 2926
 2944
 2960
 2980
 2994
 3004
 2996
 2984
 2966
 2950
 2928
 2904
 2880
 2850
 2820
 2790
 2754
 2722
 2686
 2644
 2606
 2566
 2528
 2488
 2442
 2402
 2358
 2318
 2272
 2224
 2184
 2154
 2130
 2110
 2098
 2088
 2090
 2096
 2100
 2108
 2120
 2136
 2162
 2186
 2216
 2252
 2288
 2332
 2370
 2410
 2450
 2492
 2526
 2568
 2618
 2662
 2704
 2738
 2766
 2796
 2820
 2846
 2870
 2888
 2910
 2932
 2954
 2970
 2988
 3006
 3018
 3026
 3034
 3040
 3044
 3044
 3040
 3032
 3026
 3012
 2996
 2970
 2930
 2890
 2840
 2790
 2734
 2674
 2614
 2560
 2508
 2450
 2394
 2342
 2290
 2242
 2186
 2136
 2086
 2040
 1998
 1962
 1928
 1896
 1868
 1842
 1822
 1812
 1810
 1816
 1832
 1854
 1880
 1912
 1948
 1984
 2032
 2080
 2126
 2172
 2212
 2248
 2288
 2332
 2386
 2436
 2486
 2532
 2574
 2612
 2644
 2672
 2702
 2728
 2752
 2774
 2798
 2816
 2836
 2850
 2860
 2872
 2882
 2888
 2890
 2880
 2864
 2858
 2856
 2860
 2864
 2872
 2884
 2894
 2902
 2904
 2900
 2896
 2896
 2898
 2894
 2890
 2898
 2908
 2914
 2916
 2910
 2898
 2882
 2856
 2808
 2752
 2684
 2612
 2542
 2466
 2384
 2302
 2224
 2148
 2078
 2010
 1940
 1874
 1812
 1748
 1684
 1616
 1544
 1480
 1414
 1360
 1306
 1252
 1212
 1180
 1154
 1142
 1142
 1154
 1184
 1222
 1270
 1326
 1382
 1452
 1528
 1608
 1684
 1752
 1816
 1890
 1968
 2044
 2112
 2176
 2246
 2310
 2366
 2412
 2456
 2504
 2552
 2596
 2632
 2662
 2692
 2732
 2766
 2804
 2840
 2874
 2906
 2938
 2968
 2990
 3006
 3020
 3030
 3044
 3054
 3058
 3058
 3052
 3042
 3022
 2996
 2966
 2936
 2906
 2868
 2824
 2782
 2738
 2696
 2650
 2604
 2556
 2504
 2454
 2400
 2340
 2288
 2250
 2220
 2200
 2184
 2174
 2174
 2184
 2194
 2208
 2228
 2252
 2280
 2310
 2340
 2368
 2400
 2438
 2476
 2512
 2542
 2572
 2604
 2640
 2686
 2728
 2770
 2808
 2842
 2876
 2898
 2918
 2936
 2954
 2964
 2972
 2982
 2994
 3008
 3018
 3026
 3040
 3050
 3062
 3070
 3074
 3076
 3078
 3088
 3092
 3096
 3092
 3086
 3076
 3058
 3034
 3010
 2982
 2952
 2914
 2876
 2836
 2794
 2752
 2702
 2656
 2608
 2562
 2516
 2466
 2424
 2396
 2376
 2366
 2358
 2358
 2364
 2376
 2384
 2392
 2408
 2426
 2446
 2466
 2484
 2508
 2532
 2558
 2584
 2606
 2628
 2644
 2660
 2676
 2698
 2724
 2748
 2774
 2794
 2814
 2834
 2850
 2866
 2880
 2892
 2904
 2916
 2930
 2938
 2942
 2948
 2958
 2970
 2982
 2988
 2994
 3000
 3008
 3022
 3032
 3030
 3024
 3010
 2988
 2954
 2914
 2872
 2828
 2780
 2724
 2670
 2618
 2564
 2512
 2458
 2404
 2350
 2298
 2246
 2186
 2134
 2092
 2058
 2038
 2022
 2012
 2016
 2022
 2036
 2048
 2070
 2092
 2118
 2144
 2168
 2194
 2222
 2250
 2284
 2306
 2336
 2360
 2378
 2398
 2420
 2450
 2476
 2504
 2528
 2548
 2570
 2586
 2600
 2616
 2630
 2644
 2660
 2674
 2694
 2708
 2722
 2736
 2752
 2772
 2796
 2814
 2830
 2846
 2868
 2898
 2924
 2950
 2968
 2972
 2964
 2946
 2924
 2894
 2864
 2832
 2796
 2758
 2718
 2682
 2644
 2610
 2576
 2542
 2512
 2476
 2446
 2418
 2398
 2382
 2370
 2358
 2346
 2340
 2336
 2334
 2340
 2350
 2362
 2378
 2396
 2416
 2438
 2466
 2498
 2534
 2572
 2612
 2652
 2692
 2726
 2756
 2782
 2818
 2860
 2902
 2940
 2974
 3002
 3024
 3036
 3046
 3054
 3064
 3070
 3072
 3076
 3080
 3082
 3082
 3076
 3066
 3054
 3038
 3018
 2988
 2958
 2920
 2878
 2832
 2786
 2746
 2704
 2664
 2620
 2580
 2538
 2492
 2448
 2408
 2370
 2338
 2304
 2274
 2254
 2238
 2232
 2232
 2236
 2244
 2254
 2262
 2274
 2290
 2308
 2332
 2354
 2380
 2406
 2436
 2462
 2480
 2500
 2522
 2542
 2560
 2580
 2600
 2626
 2648
 2672
 2698
 2722
 2746
 2766
 2790
 2812
 2838
 2870
 2906
 2944
 2982
 3008
 3026
 3028
 3016
 2998
 2970
 2944
 2914
 2880
 2840
 2798
 2756
 2716
 2668
 2618
 2564
 2512
 2470
 2430
 2394
 2366
 2338
 2320
 2306
 2300
 2298
 2308
 2324
 2344
 2368
 2392
 2424
 2456
 2492
 2530
 2568
 2604
 2630
 2662
 2702
 2748
 2790
 2830
 2870
 2908
 2944
 2970
 2992
 3006
 3022
 3034
 3046
 3054
 3056
 3054
 3040
 3018
 2982
 2936
 2882
 2836
 2796
 2754
 2704
 2656
 2602
 2550
 2486
 2406
 2328
 2248
 2162
 2064
 1966
 1878
 1804
 1742
 1688
 1658
 1644
 1646
 1662
 1692
 1732
 1780
 1838
 1898
 1960
 2012
 2054
 2108
 2164
 2222
 2276
 2326
 2374
 2426
 2476
 2520
 2556
 2578
 2590
 2596
 2596
 2584
 2562
 2534
 2500
 2464
 2424
 2368
 2312
 2254
 2184
 2112
 2036
 1954
 1866
 1786
 1702
 1614
 1536
 1460
 1392
 1326
 1262
 1204
 1150
 1096
 1046
 998
 950
 902
 862
 824
 788
 756
 732
 720
 710
 702
 696
 700
 710
 728
 756
 790
 840
 900
 966
 1034
 1104
 1170
 1236
 1294
 1358
 1428
 1500
 1568
 1640
 1714
 1786
 1860
 1944
 2024
 2110
 2192
 2268
 2336
 2412
 2498
 2582
 2668
 2746
 2818
 2890
 2950
 3002
 3050
 3092
 3124
 3154
 3178
 3196
 3212
 3222
 3228
 3234
 3238
 3238
 3230
 3208
 3176
 3136
 3092
 3056
 3010
 2958
 2894
 2832
 2770
 2700
 2622
 2544
 2464
 2382
 2298
 2214
 2126
 2042
 1962
 1894
 1828
 1762
 1698
 1640
 1586
 1546
 1520
 1504
 1500
 1506
 1526
 1556
 1598
 1640
 1680
 1732
 1794
 1868
 1938
 2008
 2076
 2152
 2230
 2312
 2392
 2474
 2556
 2634
 2708
 2784
 2860
 2930
 2994
 3052
 3102
 3146
 3174
 3198
 3218
 3236
 3250
 3258
 3264
 3270
 3276
 3282
 3282
 3284
 3282
 3286
 3284
 3278
 3266
 3254
 3246
 3230
 3214
 3186
 3148
 3110
 3062
 3012
 2960
 2906
 2848
 2788
 2726
 2668
 2612
 2552
 2492
 2438
 2382
 2328
 2274
 2216
 2158
 2116
 2082
 2064
 2054
 2050
 2060
 2082
 2108
 2142
 2182
 2224
 2274
 2324
 2374
 2428
 2482
 2538
 2594
 2648
 2702
 2756
 2804
 2842
 2878
 2914
 2958
 3002
 3044
 3076
 3100
 3122
 3140
 3146
 3146
 3128
 3104
 3070
 3028
 2982
 2926
 2868
 2812
 2758
 2710
 2660
 2606
 2550
 2492
 2440
 2392
 2352
 2314
 2282
 2252
 2222
 2194
 2164
 2136
 2106
 2080
 2058
 2044
 2030
 2018
 2014
 2014
 2024
 2038
 2058
 2082
 2112
 2142
 2176
 2220
 2272
 2330
 2394
 2460
 2526
 2594
 2656
 2714
 2766
 2818
 2870
 2916
 2960
 2998
 3032
 3064
 3092
 3116
 3140
 3160
 3174
 3180
 3178
 3158
 3128
 3090
 3044
 2996
 2940
 2878
 2810
 2736
 2666
 2594
 2522
 2450
 2384
 2314
 2246
 2178
 2106
 2028
 1948
 1868
 1794
 1726
 1666
 1618
 1576
 1548
 1532
 1532
 1544
 1568
 1600
 1642
 1696
 1756
 1822
 1888
 1960
 2032
 2102
 2174
 2242
 2308
 2372
 2430
 2482
 2544
 2622
 2694
 2764
 2830
 2888
 2944
 2994
 3028
 3064
 3092
 3118
 3138
 3156
 3168
 3176
 3180
 3182
 3180
 3176
 3160
 3140
 3110
 3078
 3036
 2990
 2938
 2892
 2848
 2804
 2756
 2704
 2644
 2590
 2532
 2482
 2434
 2382
 2324
 2268
 2216
 2166
 2126
 2094
 2070
 2058
 2060
 2066
 2084
 2106
 2134
 2170
 2218
 2268
 2328
 2386
 2442
 2500
 2556
 2602
 2654
 2702
 2750
 2798
 2838
 2874
 2908
 2940
 2964
 2984
 2998
 3002
 3008
 3012
 3016
 3016
 3012
 3002
 2990
 2982
 2968
 2952
 2924
 2892
 2856
 2808
 2754
 2700
 2644
 2590
 2532
 2476
 2420
 2364
 2312
 2264
 2220
 2176
 2130
 2080
 2036
 1992
 1956
 1930
 1920
 1920
 1934
 1958
 1986
 2022
 2066
 2110
 2152
 2200
 2250
 2304
 2356
 2410
 2462
 2512
 2562
 2610
 2654
 2698
 2736
 2772
 2802
 2826
 2844
 2862
 2886
 2914
 2940
 2966
 2986
 3000
 3004
 2994
 2976
 2948
 2912
 2868
 2822
 2774
 2722
 2668
 2614
 2556
 2498
 2442
 2388
 2336
 2278
 2218
 2150
 2084
 2020
 1960
 1896
 1840
 1782
 1732
 1692
 1664
 1650
 1648
 1662
 1684
 1714
 1750
 1794
 1834
 1880
 1926
 1974
 2022
 2068
 2116
 2166
 2228
 2302
 2380
 2454
 2528
 2604
 2680
 2742
 2796
 2848
 2892
 2930
 2960
 2986
 3010
 3028
 3038
 3050
 3056
 3062
 3062
 3058
 3048
 3036
 3022
 3000
 2970
 2928
 2884
 2836
 2776
 2716
 2654
 2588
 2520
 2452
 2384
 2314
 2244
 2174
 2104
 2038
 1970
 1900
 1842
 1798
 1772
 1760
 1762
 1776
 1802
 1836
 1874
 1916
 1972
 2030
 2092
 2150
 2210
 2268
 2328
 2384
 2446
 2502
 2554
 2598
 2636
 2674
 2718
 2770
 2816
 2862
 2906
 2946
 2980
 3002
 3028
 3044
 3060
 3074
 3084
 3090
 3090
 3092
 3094
 3096
 3094
 3094
 3086
 3072
 3050
 3024
 2988
 2958
 2926
 2890
 2848
 2798
 2744
 2684
 2616
 2542
 2468
 2392
 2314
 2228
 2146
 2066
 1996
 1932
 1876
 1832
 1798
 1774
 1758
 1744
 1734
 1718
 1692
 1656
 1606
 1542
 1484
 1420
 1344
 1280
 1228
 1194
 1166
 1138
 1118
 1100
 1092
 1094
 1106
 1130
 1160
 1198
 1234
 1276
 1320
 1370
 1428
 1482
 1536
 1594
 1646
 1690
 1734
 1784
 1832
 1880
 1934
 1982
 2032
 2080
 2126
 2176
 2222
 2266
 2310
 2350
 2388
 2424
 2456
 2488
 2528
 2572
 2618
 2660
 2702
 2742
 2782
 2816
 2846
 2880
 2910
 2938
 2962
 2988
 3012
 3034
 3054
 3072
 3090
 3106
 3118
 3130
 3138
 3144
 3148
 3152
 3146
 3134
 3114
 3088
 3054
 3012
 2964
 2914
 2860
 2800
 2740
 2678
 2612
 2550
 2492
 2432
 2378
 2328
 2278
 2228
 2184
 2144
 2104
 2064
 2022
 1978
 1940
 1906
 1882
 1862
 1840
 1820
 1802
 1786
 1772
 1756
 1742
 1728
 1712
 1688
 1654
 1618
 1580
 1548
 1522
 1512
 1506
 1510
 1520
 1540
 1570
 1610
 1656
 1710
 1766
 1836
 1904
 1974
 2034
 2090
 2148
 2208
 2272
 2334
 2398
 2456
 2512
 2568
 2628
 2688
 2746
 2802
 2854
 2898
 2936
 2968
 3006
 3050
 3086
 3120
 3150
 3174
 3198
 3212
 3224
 3232
 3240
 3246
 3250
 3252
 3250
 3250
 3252
 3248
 3244
 3230
 3210
 3184
 3150
 3112
 3070
 3028
 2986
 2952
 2914
 2874
 2832
 2784
 2734
 2678
 2624
 2568
 2518
 2466
 2420
 2376
 2340
 2312
 2292
 2280
 2278
 2284
 2294
 2314
 2336
 2364
 2392
 2428
 2474
 2522
 2574
 2622
 2672
 2718
 2762
 2796
 2834
 2872
 2906
 2938
 2964
 2988
 3012
 3034
 3048
 3058
 3068
 3076
 3086
 3094
 3100
 3108
 3112
 3112
 3112
 3116
 3126
 3138
 3150
 3158
 3164
 3170
 3172
 3170
 3162
 3146
 3126
 3104
 3076
 3046
 3012
 2976
 2938
 2900
 2856
 2816
 2776
 2730
 2686
 2640
 2590
 2544
 2502
 2468
 2436
 2410
 2388
 2372
 2364
 2362
 2366
 2376
 2390
 2410
 2434
 2458
 2484
 2514
 2546
 2580
 2610
 2644
 2680
 2718
 2752
 2790
 2822
 2848
 2872
 2898
 2926
 2956
 2982
 3006
 3022
 3032
 3040
 3048
 3054
 3060
 3066
 3070
 3076
 3080
 3084
 3086
 3090
 3094
 3096
 3098
 3098
 3098
 3098
 3098
 3096
 3096
 3104
 3112
 3118
 3120
 3118
 3112
 3100
 3086
 3066
 3044
 3018
 2990
 2958
 2920
 2876
 2834
 2786
 2738
 2692
 2646
 2598
 2552
 2506
 2458
 2418
 2388
 2368
 2358
 2354
 2356
 2364
 2376
 2390
 2410
 2432
 2460
 2492
 2526
 2562
 2602
 2644
 2688
 2730
 2770
 2808
 2840
 2870
 2896
 2916
 2928
 2938
 2948
 2954
 2970
 2988
 3004
 3020
 3034
 3044
 3054
 3058
 3062
 3068
 3070
 3072
 3072
 3074
 3074
 3076
 3074
 3074
 3072
 3070
 3066
 3060
 3054
 3042
 3028
 3006
 2976
 2942
 2914
 2886
 2854
 2820
 2778
 2736
 2694
 2648
 2600
 2556
 2508
 2464
 2420
 2376
 2334
 2296
 2258
 2226
 2202
 2184
 2176
 2176
 2184
 2200
 2226
 2258
 2302
 2356
 2416
 2482
 2546
 2608
 2670
 2730
 2780
 2822
 2860
 2894
 2924
 2946
 2966
 2978
 2984
 2986
 2986
 2988
 2990
 2990
 2990
 2992
 2992
 2994
 2992
 2984
 2972
 2952
 2934
 2910
 2878
 2844
 2806
 2762
 2716
 2670
 2626
 2584
 2536
 2488
 2442
 2398
 2348
 2298
 2250
 2202
 2154
 2104
 2048
 1994
 1946
 1906
 1878
 1866
 1870
 1888
 1914
 1948
 1994
 2046
 2098
 2152
 2212
 2272
 2340
 2406
 2466
 2524
 2580
 2634
 2686
 2730
 2770
 2810
 2840
 2864
 2884
 2914
 2942
 2968
 2990
 3004
 3020
 3034
 3040
 3040
 3036
 3028
 3016
 3000
 2980
 2954
 2926
 2898
 2868
 2836
 2798
 2764
 2730
 2696
 2660
 2620
 2584
 2546
 2510
 2474
 2444
 2414
 2382
 2346
 2306
 2266
 2228
 2188
 2156
 2128
 2108
 2096
 2092
 2096
 2106
 2122
 2142
 2168
 2198
 2232
 2268
 2304
 2342
 2380
 2420
 2460
 2494
 2530
 2572
 2618
 2666
 2710
 2750
 2792
 2826
 2860
 2884
 2906
 2928
 2946
 2960
 2972
 2982
 2988
 2990
 2992
 2994
 2994
 2994
 2996
 2998
 2998
 3002
 3000
 3002
 3002
 2996
 2984
 2968
 2950
 2926
 2900
 2864
 2824
 2780
 2732
 2678
 2628
 2570
 2516
 2460
 2402
 2346
 2286
 2228
 2174
 2126
 2084
 2046
 2018
 2002
 1994
 1998
 2012
 2036
 2074
 2122
 2174
 2232
 2294
 2358
 2418
 2478
 2542
 2604
 2660
 2712
 2758
 2800
 2838
 2870
 2898
 2922
 2938
 2950
 2958
 2964
 2968
 2972
 2970
 2968
 2974
 2978
 2974
 2960
 2938
 2908
 2872
 2824
 2776
 2724
 2670
 2608
 2546
 2486
 2424
 2362
 2302
 2240
 2178
 2126
 2078
 2032
 1986
 1948
 1916
 1898
 1892
 1896
 1912
 1936
 1970
 2016
 2064
 2114
 2178
 2244
 2312
 2386
 2462
 2530
 2598
 2658
 2714
 2762
 2804
 2836
 2864
 2886
 2902
 2914
 2928
 2946
 2950
 2940
 2918
 2882
 2842
 2794
 2746
 2694
 2640
 2586
 2530
 2480
 2430
 2378
 2328
 2276
 2226
 2182
 2142
 2106
 2078
 2060
 2052
 2054
 2068
 2090
 2120
 2158
 2204
 2252
 2302
 2356
 2404
 2450
 2500
 2552
 2604
 2652
 2696
 2738
 2780
 2820
 2854
 2884
 2906
 2928
 2942
 2956
 2964
 2970
 2970
 2966
 2958
 2944
 2932
 2910
 2880
 2846
 2804
 2756
 2698
 2636
 2566
 2488
 2404
 2322
 2238
 2156
 2082
 2010
 1942
 1886
 1834
 1788
 1748
 1710
 1676
 1640
 1606
 1574
 1548
 1522
 1494
 1468
 1452
 1444
 1452
 1462
 1474
 1492
 1514
 1542
 1576
 1622
 1666
 1718
 1778
 1838
 1896
 1958
 2016
 2068
 2118
 2162
 2212
 2266
 2326
 2392
 2458
 2522
 2582
 2640
 2694
 2740
 2778
 2818
 2856
 2890
 2916
 2942
 2962
 2976
 2990
 3000
 3008
 3016
 3018
 3024
 3026
 3026
 3024
 3010
 2990
 2964
 2938
 2908
 2874
 2834
 2790
 2746
 2698
 2650
 2606
 2562
 2518
 2476
 2434
 2394
 2354
 2324
 2306
 2298
 2298
 2308
 2326
 2352
 2386
 2430
 2482
 2540
 2608
 2676
 2746
 2810
 2868
 2918
 2954
 2984
 3008
 3028
 3042
 3050
 3056
 3060
 3064
 3064
 3062
 3062
 3060
 3060
 3060
 3058
 3056
 3052
 3044
 3034
 3018
 3002
 2978
 2950
 2910
 2870
 2824
 2772
 2720
 2670
 2614
 2560
 2508
 2450
 2394
 2340
 2286
 2232
 2186
 2150
 2126
 2110
 2106
 2114
 2134
 2168
 2210
 2258
 2304
 2358
 2418
 2480
 2530
 2586
 2640
 2692
 2742
 2784
 2824
 2856
 2886
 2910
 2932
 2948
 2958
 2962
 2966
 2968
 2970
 2968
 2974
 2982
 2992
 3004
 3012
 3018
 3022
 3022
 3024
 3022
 3016
 3004
 2990
 2974
 2954
 2926
 2892
 2850
 2800
 2746
 2686
 2622
 2560
 2494
 2434
 2382
 2346
 2316
 2298
 2286
 2280
 2286
 2296
 2310
 2330
 2356
 2384
 2416
 2448
 2488
 2526
 2566
 2608
 2646
 2682
 2714
 2742
 2766
 2782
 2796
 2806
 2822
 2838
 2852
 2868
 2880
 2892
 2900
 2904
 2906
 2904
 2902
 2900
 2898
 2898
 2894
 2892
 2892
 2890
 2886
 2884
 2882
 2882
 2882
 2882
 2878
 2874
 2868
 2860
 2850
 2836
 2820
 2804
 2782
 2758
 2730
 2698
 2662
 2624
 2586
 2550
 2514
 2474
 2436
 2398
 2360
 2322
 2286
 2248
 2214
 2184
 2154
 2128
 2102
 2078
 2064
 2054
 2054
 2060
 2068
 2078
 2098
 2122
 2146
 2174
 2212
 2252
 2300
 2348
 2398
 2446
 2494
 2534
 2574
 2612
 2646
 2676
 2704
 2728
 2750
 2766
 2780
 2790
 2810
 2834
 2860
 2880
 2900
 2914
 2928
 2936
 2942
 2946
 2950
 2950
 2944
 2938
 2934
 2930
 2924
 2914
 2904
 2888
 2868
 2848
 2822
 2792
 2758
 2728
 2706
 2684
 2662
 2638
 2614
 2590
 2568
 2550
 2536
 2532
 2534
 2540
 2548
 2558
 2570
 2586
 2602
 2616
 2632
 2650
 2664
 2680
 2694
 2714
 2740
 2766
 2790
 2812
 2832
 2852
 2866
 2880
 2892
 2902
 2912
 2916
 2916
 2914
 2916
 2916
 2918
 2916
 2916
 2916
 2912
 2908
 2896
 2886
 2880
 2872
 2862
 2846
 2830
 2812
 2788
 2764
 2738
 2712
 2682
 2650
 2616
 2580
 2544
 2510
 2480
 2456
 2440
 2430
 2426
 2426
 2432
 2446
 2464
 2486
 2508
 2532
 2558
 2588
 2614
 2640
 2666
 2688
 2712
 2734
 2754
 2774
 2792
 2804
 2816
 2822
 2826
 2828
 2826
 2822
 2816
 2810
 2808
 2802
 2796
 2782
 2764
 2742
 2716
 2684
 2652
 2616
 2580
 2540
 2498
 2458
 2412
 2366
 2318
 2270
 2218
 2162
 2102
 2040
 1964
 1890
 1816
 1746
 1682
 1616
 1558
 1498
 1442
 1392
 1342
 1300
 1266
 1242
 1236
 1240
 1256
 1292
 1340
 1400
 1466
 1534
 1608
 1688
 1758
 1830
 1906
 1988
 2078
 2166
 2250
 2330
 2410
 2492
 2560
 2620
 2676
 2728
 2774
 2814
 2848
 2876
 2902
 2920
 2936
 2948
 2958
 2966
 2970
 2970
 2968
 2968
 2964
 2962
 2966
 2964
 2958
 2940
 2912
 2882
 2844
 2800
 2756
 2706
 2654
 2598
 2542
 2484
 2428
 2372
 2314
 2256
 2194
 2138
 2084
 2036
 1996
 1960
 1936
 1926
 1928
 1940
 1962
 1996
 2032
 2076
 2126
 2170
 2218
 2272
 2326
 2382
 2438
 2496
 2550
 2600
 2650
 2694
 2732
 2770
 2798
 2824
 2842
 2854
 2864
 2874
 2892
 2910
 2926
 2944
 2956
 2970
 2974
 2974
 2976
 2974
 2976
 2976
 2974
 2972
 2972
 2970
 2968
 2960
 2948
 2934
 2914
 2882
 2844
 2804
 2764
 2726
 2684
 2638
 2586
 2536
 2486
 2434
 2382
 2336
 2294
 2260
 2230
 2210
 2200
 2200
 2206
 2222
 2244
 2270
 2304
 2336
 2372
 2412
 2460
 2516
 2572
 2626
 2682
 2728
 2770
 2802
 2828
 2852
 2872
 2890
 2906
 2918
 2922
 2928
 2934
 2940
 2944
 2946
 2948
 2948
 2948
 2944
 2932
 2924
 2914
 2896
 2872
 2840
 2808
 2768
 2720
 2670
 2618
 2568
 2516
 2462
 2410
 2354
 2302
 2246
 2188
 2132
 2074
 2012
 1958
 1912
 1874
 1836
 1806
 1778
 1750
 1726
 1700
 1670
 1646
 1622
 1604
 1586
 1566
 1548
 1526
 1504
 1486
 1468
 1450
 1434
 1420
 1408
 1400
 1396
 1392
 1394
 1402
 1408
 1418
 1428
 1444
 1470
 1508
 1556
 1610
 1674
 1754
 1840
 1936
 2024
 2104
 2180
 2246
 2308
 2368
 2430
 2498
 2568
 2632
 2692
 2752
 2804
 2844
 2884
 2922
 2956
 2986
 3010
 3034
 3054
 3072
 3086
 3096
 3104
 3114
 3122
 3126
 3128
 3130
 3128
 3124
 3126
 3122
 3120
 3108
 3096
 3076
 3054
 3026
 2994
 2956
 2918
 2874
 2826
 2772
 2716
 2662
 2610
 2554
 2496
 2434
 2372
 2316
 2258
 2212
 2178
 2162
 2158
 2168
 2186
 2214
 2250
 2292
 2334
 2382
 2434
 2484
 2536
 2588
 2640
 2696
 2748
 2798
 2842
 2884
 2922
 2948
 2970
 2988
 3002
 3012
 3028
 3052
 3070
 3088
 3102
 3114
 3126
 3132
 3136
 3138
 3140
 3140
 3140
 3140
 3138
 3132
 3128
 3122
 3120
 3120
 3114
 3112
 3110
 3104
 3094
 3086
 3078
 3070
 3060
 3048
 3036
 3020
 2996
 2974
 2950
 2924
 2892
 2860
 2820
 2776
 2732
 2686
 2634
 2584
 2530
 2478
 2424
 2368
 2314
 2252
 2194
 2144
 2100
 2060
 2028
 1996
 1966
 1940
 1914
 1886
 1866
 1850
 1840
 1838
 1842
 1854
 1876
 1904
 1938
 1974
 2018
 2064
 2118
 2178
 2240
 2308
 2376
 2448
 2524
 2598
 2666
 2726
 2782
 2832
 2872
 2906
 2934
 2958
 2978
 2992
 3000
 3008
 3010
 3014
 3012
 3008
 3004
 2998
 2994
 2984
 2966
 2944
 2920
 2888
 2852
 2816
 2784
 2754
 2720
 2686
 2650
 2612
 2570
 2524
 2476
 2430
 2384
 2336
 2292
 2248
 2210
 2170
 2132
 2094
 2060
 2028
 2002
 1980
 1964
 1952
 1946
 1944
 1950
 1962
 1980
 2004
 2034
 2062
 2094
 2132
 2168
 2202
 2238
 2276
 2316
 2360
 2400
 2444
 2486
 2526
 2566
 2604
 2640
 2678
 2712
 2746
 2776
 2804
 2826
 2844
 2858
 2876
 2900
 2926
 2948
 2964
 2980
 2992
 3000
 3006
 3008
 3010
 3010
 3006
 2998
 2986
 2968
 2946
 2918
 2882
 2842
 2798
 2750
 2702
 2650
 2594
 2538
 2480
 2422
 2372
 2324
 2276
 2232
 2184
 2136
 2090
 2040
 1986
 1938
 1888
 1836
 1788
 1744
 1704
 1670
 1644
 1624
 1616
 1618
 1624
 1644
 1666
 1694
 1722
 1758
 1796
 1844
 1900
 1956
 2014
 2072
 2128
 2182
 2228
 2270
 2314
 2358
 2400
 2444
 2484
 2524
 2562
 2600
 2632
 2660
 2690
 2718
 2746
 2770
 2794
 2816
 2838
 2852
 2864
 2876
 2896
 2922
 2946
 2968
 2984
 2996
 3006
 3012
 3016
 3020
 3020
 3020
 3018
 3018
 3014
 3004
 2992
 2980
 2968
 2954
 2938
 2918
 2900
 2878
 2848
 2816
 2778
 2734
 2692
 2656
 2616
 2576
 2532
 2484
 2436
 2384
 2328
 2274
 2218
 2162
 2108
 2056
 2002
 1952
 1902
 1856
 1812
 1766
 1718
 1668
 1620
 1566
 1514
 1462
 1410
 1366
 1330
 1294
 1264
 1236
 1214
 1194
 1178
 1164
 1152
 1146
 1144
 1148
 1152
 1160
 1172
 1184
 1198
 1216
 1238
 1268
 1296
 1330
 1362
 1398
 1434
 1472
 1516
 1568
 1626
 1688
 1750
 1808
 1864
 1920
 1970
 2016
 2066
 2114
 2162
 2208
 2250
 2294
 2336
 2380
 2428
 2474
 2514
 2554
 2590
 2624
 2656
 2686
 2712
 2736
 2756
 2774
 2792
 2816
 2846
 2876
 2904
 2924
 2942
 2954
 2956
 2960
 2962
 2964
 2966
 2966
 2966
 2966
 2966
 2968
 2964
 2964
 2964
 2962
 2960
 2956
 2950
 2942
 2928
 2912
 2886
 2858
 2828
 2798
 2768
 2736
 2700
 2658
 2618
 2578
 2534
 2488
 2444
 2398
 2352
 2306
 2256
 2206
 2156
 2106
 2060
 2014
 1972
 1934
 1900
 1868
 1838
 1810
 1782
 1760
 1744
 1736
 1732
 1730
 1732
 1738
 1748
 1764
 1780
 1802
 1828
 1856
 1892
 1926
 1964
 2010
 2054
 2100
 2148
 2194
 2242
 2290
 2336
 2380
 2426
 2466
 2500
 2534
 2568
 2604
 2638
 2672
 2702
 2728
 2750
 2768
 2782
 2794
 2804
 2816
 2828
 2836
 2844
 2850
 2858
 2864
 2870
 2874
 2878
 2880
 2874
 2874
 2870
 2870
 2870
 2866
 2860
 2854
 2852
 2850
 2848
 2842
 2826
 2810
 2790
 2764
 2736
 2706
 2670
 2636
 2596
 2554
 2510
 2464
 2414
 2364
 2312
 2256
 2200
 2146
 2092
 2040
 1988
 1938
 1892
 1846
 1802
 1766
 1734
 1708
 1686
 1664
 1644
 1632
 1626
 1628
 1634
 1650
 1670
 1694
 1724
 1760
 1798
 1842
 1888
 1940
 1994
 2048
 2102
 2154
 2204
 2254
 2306
 2356
 2402
 2448
 2492
 2538
 2584
 2630
 2672
 2706
 2738
 2766
 2786
 2804
 2818
 2832
 2844
 2854
 2864
 2872
 2878
 2884
 2886
 2880
 2878
 2878
 2878
 2876
 2876
 2874
 2874
 2872
 2872
 2870
 2870
 2876
 2880
 2886
 2886
 2884
 2884
 2880
 2872
 2864
 2856
 2846
 2832
 2818
 2802
 2782
 2762
 2738
 2714
 2688
 2660
 2628
 2596
 2560
 2526
 2492
 2454
 2418
 2390
 2364
 2344
 2328
 2312
 2302
 2298
 2294
 2294
 2298
 2306
 2316
 2332
 2344
 2362
 2380
 2398
 2420
 2442
 2466
 2492
 2520
 2544
 2570
 2596
 2618
 2638
 2656
 2672
 2696
 2722
 2746
 2768
 2784
 2800
 2816
 2828
 2838
 2846
 2854
 2860
 2864
 2868
 2872
 2876
 2878
 2880
 2882
 2884
 2886
 2886
 2886
 2882
 2882
 2882
 2880
 2876
 2874
 2878
 2886
 2894
 2898
 2900
 2900
 2898
 2892
 2890
 2884
 2878
 2872
 2862
 2848
 2838
 2828
 2820
 2814
 2808
 2804
 2802
 2800
 2800
 2798
 2800
 2796
 2798
 2796
 2802
 2812
 2820
 2828
 2836
 2842
 2848
 2850
 2850
 2852
 2856
 2856
 2856
 2858
 2858
 2862
 2866
 2868
 2868
 2872
 2874
 2876
 2878
 2880
 2882
 2886
 2886
 2886
 2886
 2888
 2888
 2894
 2900
 2906
 2910
 2916
 2914
 2916
 2916
 2914
 2912
 2908
 2902
 2898
 2894
 2888
 2882
 2876
 2868
 2862
 2852
 2846
 2838
 2830
 2822
 2814
 2806
 2800
 2800
 2804
 2810
 2814
 2818
 2820
 2822
 2822
 2826
 2828
 2830
 2832
 2834
 2836
 2838
 2840
 2840
 2844
 2846
 2848
 2850
 2852
 2856
 2856
 2858
 2858
 2854
 2850
 2848
 2854
 2862
 2868
 2876
 2882
 2888
 2890
 2888
 2888
 2888
 2888
 2886
 2884
 2882
 2878
 2878
 2876
 2876
 2876
 2878
 2878
 2880
 2880
 2882
 2886
 2886
 2884
 2878
 2872
 2872
 2876
 2884
 2886
 2890
 2892
 2892
 2890
 2886
