 2650
 2664
 2676
 2690
 2704
 2714
 2722
 2732
 2736
 2740
 2744
 2756
 2766
 2778
 2788
 2798
 2804
 2814
 2820
 2830
 2836
 2838
 2842
 2844
 2854
 2874
 2890
 2904
 2916
 2928
 2940
 2948
 2956
 2964
 2968
 2970
 2960
 2946
 2932
 2914
 2896
 2876
 2852
 2824
 2790
 2758
 2722
 2678
 2636
 2600
 2566
 2536
 2498
 2456
 2412
 2366
 2320
 2272
 2226
 2184
 2138
 2092
 2046
 1996
 1948
 1908
 1880
 1858
 1854
 1862
 1882
 1904
 1932
 1970
 2018
 2072
 2132
 2188
 2242
 2292
 2338
 2378
 2410
 2442
 2470
 2494
 2514
 2530
 2546
 2562
 2578
 2600
 2620
 2638
 2658
 2674
 2684
 2694
 2702
 2712
 2730
 2754
 2774
 2788
 2800
 2814
 2828
 2836
 2846
 2856
 2862
 2866
 2870
 2876
 2880
 2886
 2894
 2900
 2906
 2914
 2922
 2916
 2914
 2910
 2910
 2922
 2938
 2948
 2958
 2968
 2976
 2980
 2978
 2984
 2986
 2986
 2988
 2988
 2990
 2990
 2994
 2990
 2988
 2988
 2988
 2992
 2992
 2990
 2984
 2978
 2980
 2990
 2996
 2998
 3000
 3006
 3008
 3004
 2998
 2980
 2958
 2932
 2896
 2856
 2814
 2770
 2728
 2682
 2634
 2590
 2548
 2502
 2452
 2400
 2350
 2306
 2262
 2218
 2172
 2126
 2078
 2032
 1990
 1948
 1906
 1866
 1826
 1782
 1740
 1692
 1648
 1604
 1560
 1522
 1492
 1458
 1434
 1424
 1426
 1442
 1470
 1504
 1548
 1598
 1650
 1704
 1756
 1808
 1864
 1920
 1974
 2022
 2072
 2122
 2168
 2216
 2262
 2304
 2344
 2382
 2414
 2442
 2468
 2502
 2530
 2552
 2568
 2584
 2602
 2614
 2624
 2636
 2644
 2652
 2656
 2662
 2670
 2676
 2684
 2694
 2702
 2710
 2722
 2730
 2734
 2738
 2742
 2746
 2748
 2736
 2720
 2698
 2674
 2646
 2614
 2582
 2550
 2512
 2468
 2424
 2376
 2330
 2284
 2240
 2194
 2148
 2104
 2058
 2012
 1978
 1950
 1924
 1900
 1878
 1866
 1864
 1874
 1894
 1922
 1958
 2000
 2046
 2094
 2144
 2192
 2242
 2294
 2344
 2388
 2434
 2468
 2502
 2534
 2562
 2592
 2628
 2660
 2686
 2708
 2730
 2752
 2766
 2778
 2792
 2800
 2808
 2814
 2820
 2826
 2832
 2840
 2846
 2854
 2860
 2868
 2870
 2874
 2876
 2884
 2902
 2920
 2934
 2948
 2960
 2972
 2980
 2984
 2988
 2990
 2990
 2992
 2994
 2998
 2996
 2994
 2994
 2994
 2996
 2998
 3002
 3002
 3000
 2998
 2994
 2988
 2982
 2968
 2954
 2934
 2910
 2886
 2856
 2828
 2798
 2760
 2720
 2676
 2634
 2590
 2550
 2506
 2464
 2422
 2378
 2338
 2296
 2248
 2198
 2156
 2116
 2080
 2044
 2008
 1972
 1946
 1930
 1922
 1928
 1946
 1972
 2002
 2034
 2072
 2112
 2152
 2196
 2240
 2282
 2326
 2368
 2400
 2438
 2472
 2504
 2548
 2582
 2612
 2640
 2662
 2682
 2698
 2712
 2724
 2732
 2740
 2744
 2750
 2754
 2760
 2768
 2774
 2780
 2788
 2800
 2812
 2820
 2826
 2830
 2842
 2864
 2882
 2898
 2912
 2924
 2936
 2944
 2948
 2948
 2938
 2918
 2898
 2878
 2854
 2826
 2800
 2770
 2736
 2700
 2660
 2624
 2586
 2540
 2494
 2458
 2424
 2392
 2356
 2314
 2274
 2230
 2190
 2148
 2106
 2068
 2030
 1986
 1938
 1888
 1844
 1798
 1756
 1716
 1678
 1650
 1626
 1606
 1600
 1610
 1634
 1676
 1720
 1772
 1826
 1886
 1946
 2010
 2074
 2138
 2202
 2260
 2314
 2364
 2412
 2454
 2492
 2526
 2552
 2576
 2598
 2610
 2622
 2638
 2654
 2684
 2712
 2734
 2752
 2770
 2788
 2802
 2812
 2824
 2834
 2840
 2846
 2854
 2860
 2866
 2870
 2878
 2886
 2894
 2896
 2892
 2880
 2864
 2838
 2816
 2794
 2768
 2736
 2702
 2666
 2630
 2590
 2552
 2518
 2478
 2432
 2384
 2336
 2290
 2244
 2204
 2166
 2132
 2102
 2072
 2040
 2014
 2006
 2006
 2020
 2036
 2064
 2098
 2144
 2196
 2248
 2298
 2352
 2404
 2452
 2494
 2534
 2570
 2602
 2630
 2656
 2680
 2702
 2722
 2732
 2742
 2748
 2760
 2782
 2808
 2830
 2856
 2878
 2898
 2914
 2928
 2940
 2952
 2958
 2966
 2974
 2978
 2980
 2978
 2970
 2956
 2938
 2914
 2888
 2854
 2812
 2768
 2728
 2692
 2658
 2620
 2580
 2538
 2494
 2454
 2408
 2368
 2326
 2280
 2236
 2192
 2152
 2114
 2080
 2058
 2044
 2042
 2050
 2066
 2086
 2116
 2156
 2198
 2258
 2316
 2374
 2426
 2476
 2524
 2564
 2602
 2634
 2664
 2690
 2710
 2728
 2744
 2758
 2770
 2782
 2790
 2800
 2812
 2820
 2824
 2834
 2844
 2858
 2884
 2906
 2924
 2940
 2954
 2970
 2984
 2992
 2998
 2994
 2984
 2966
 2948
 2922
 2890
 2858
 2822
 2780
 2732
 2686
 2642
 2598
 2546
 2500
 2458
 2418
 2380
 2340
 2298
 2254
 2210
 2170
 2132
 2100
 2074
 2052
 2036
 2032
 2038
 2050
 2072
 2104
 2138
 2178
 2222
 2270
 2314
 2356
 2398
 2442
 2496
 2546
 2590
 2630
 2666
 2700
 2730
 2754
 2778
 2796
 2808
 2814
 2822
 2824
 2826
 2832
 2838
 2846
 2858
 2870
 2882
 2882
 2880
 2882
 2888
 2906
 2928
 2942
 2950
 2960
 2970
 2980
 2986
 2996
 3004
 3006
 3006
 3006
 3002
 3000
 3000
 3002
 3004
 3004
 3006
 3010
 3014
 3010
 3002
 2998
 2998
 3012
 3022
 3030
 3038
 3038
 3040
 3040
 3042
 3044
 3042
 3042
 3040
 3038
 3040
 3032
 3030
 3026
 3024
 3024
 3022
 3018
 3006
 2988
 2964
 2932
 2906
 2882
 2858
 2828
 2800
 2766
 2730
 2690
 2652
 2618
 2578
 2536
 2492
 2442
 2396
 2348
 2302
 2254
 2206
 2158
 2112
 2064
 2012
 1966
 1928
 1892
 1858
 1824
 1792
 1762
 1746
 1738
 1740
 1752
 1774
 1804
 1842
 1880
 1922
 1974
 2026
 2076
 2124
 2168
 2208
 2236
 2260
 2280
 2302
 2332
 2358
 2386
 2412
 2440
 2470
 2492
 2514
 2534
 2554
 2570
 2584
 2602
 2622
 2640
 2658
 2674
 2690
 2704
 2716
 2724
 2732
 2736
 2748
 2770
 2792
 2810
 2824
 2836
 2848
 2856
 2864
 2870
 2872
 2872
 2872
 2872
 2874
 2874
 2876
 2880
 2884
 2886
 2886
 2886
 2882
 2882
 2884
 2894
 2910
 2924
 2936
 2942
 2944
 2946
 2942
 2938
 2928
 2912
 2894
 2872
 2844
 2814
 2776
 2740
 2702
 2664
 2628
 2592
 2554
 2508
 2466
 2426
 2382
 2338
 2288
 2238
 2188
 2136
 2092
 2048
 2010
 1980
 1958
 1944
 1942
 1948
 1964
 1992
 2028
 2066
 2112
 2164
 2216
 2260
 2300
 2338
 2382
 2434
 2472
 2502
 2530
 2554
 2578
 2596
 2616
 2632
 2644
 2656
 2668
 2678
 2688
 2700
 2708
 2718
 2734
 2752
 2762
 2768
 2774
 2778
 2788
 2800
 2804
 2798
 2786
 2766
 2744
 2714
 2682
 2654
 2618
 2578
 2536
 2492
 2448
 2404
 2366
 2332
 2298
 2266
 2236
 2198
 2160
 2126
 2100
 2080
 2062
 2046
 2036
 2032
 2040
 2054
 2078
 2108
 2146
 2190
 2232
 2278
 2324
 2374
 2426
 2474
 2516
 2554
 2590
 2620
 2640
 2662
 2682
 2706
 2740
 2772
 2800
 2822
 2844
 2870
 2884
 2902
 2922
 2934
 2948
 2958
 2966
 2974
 2980
 2982
 2972
 2950
 2926
 2902
 2870
 2828
 2786
 2748
 2712
 2680
 2644
 2606
 2564
 2522
 2484
 2444
 2408
 2372
 2332
 2292
 2252
 2212
 2174
 2142
 2114
 2088
 2072
 2068
 2074
 2084
 2100
 2128
 2162
 2190
 2232
 2300
 2356
 2408
 2464
 2514
 2558
 2604
 2648
 2686
 2718
 2744
 2766
 2786
 2808
 2830
 2848
 2864
 2880
 2890
 2898
 2912
 2922
 2940
 2966
 2988
 3004
 3016
 3016
 3002
 2978
 2948
 2916
 2876
 2832
 2786
 2740
 2694
 2648
 2602
 2558
 2514
 2472
 2432
 2382
 2336
 2302
 2278
 2254
 2230
 2202
 2176
 2152
 2130
 2112
 2096
 2094
 2102
 2114
 2136
 2164
 2196
 2232
 2266
 2312
 2368
 2434
 2504
 2562
 2602
 2638
 2678
 2724
 2768
 2808
 2842
 2874
 2902
 2930
 2950
 2974
 2998
 3014
 3030
 3042
 3054
 3064
 3070
 3058
 3066
 3100
 3118
 3132
 3140
 3126
 3096
 3068
 3036
 2996
 2952
 2900
 2848
 2796
 2742
 2696
 2650
 2598
 2524
 2466
 2422
 2380
 2336
 2294
 2252
 2208
 2166
 2128
 2088
 2048
 2022
 2000
 1990
 1986
 1994
 2010
 2034
 2070
 2110
 2154
 2208
 2262
 2316
 2374
 2422
 2480
 2554
 2614
 2658
 2698
 2736
 2766
 2790
 2808
 2826
 2844
 2870
 2902
 2926
 2950
 2970
 2994
 3012
 3022
 3040
 3052
 3064
 3070
 3072
 3062
 3042
 3016
 2988
 2950
 2904
 2856
 2802
 2744
 2684
 2628
 2580
 2536
 2484
 2430
 2382
 2340
 2296
 2252
 2210
 2172
 2136
 2100
 2062
 2028
 1996
 1972
 1964
 1966
 1980
 2004
 2038
 2076
 2116
 2166
 2222
 2294
 2364
 2434
 2502
 2562
 2614
 2662
 2700
 2732
 2764
 2794
 2818
 2840
 2858
 2872
 2888
 2902
 2914
 2928
 2944
 2960
 2960
 2948
 2934
 2924
 2902
 2870
 2832
 2790
 2744
 2700
 2652
 2604
 2560
 2510
 2456
 2404
 2352
 2302
 2258
 2214
 2168
 2124
 2070
 2008
 1972
 1952
 1944
 1944
 1956
 1982
 2014
 2062
 2112
 2168
 2236
 2298
 2360
 2426
 2484
 2538
 2584
 2628
 2660
 2692
 2726
 2758
 2782
 2806
 2822
 2832
 2842
 2852
 2866
 2892
 2914
 2938
 2960
 2974
 2980
 2970
 2950
 2928
 2892
 2854
 2804
 2752
 2702
 2652
 2600
 2552
 2502
 2454
 2408
 2358
 2308
 2260
 2220
 2180
 2142
 2104
 2066
 2028
 1998
 1972
 1958
 1958
 1968
 1986
 2012
 2052
 2098
 2150
 2206
 2262
 2318
 2372
 2424
 2468
 2504
 2542
 2576
 2616
 2660
 2698
 2730
 2760
 2790
 2814
 2836
 2856
 2876
 2890
 2902
 2912
 2920
 2928
 2938
 2952
 2964
 2966
 2958
 2944
 2918
 2884
 2840
 2798
 2764
 2728
 2686
 2644
 2600
 2556
 2512
 2466
 2424
 2380
 2332
 2282
 2230
 2178
 2128
 2082
 2038
 1994
 1956
 1924
 1890
 1858
 1838
 1832
 1840
 1858
 1886
 1922
 1972
 2022
 2080
 2136
 2192
 2252
 2312
 2366
 2416
 2462
 2506
 2546
 2586
 2620
 2650
 2682
 2708
 2726
 2742
 2756
 2772
 2798
 2826
 2852
 2874
 2894
 2916
 2934
 2950
 2966
 2980
 2988
 2996
 3002
 3006
 3012
 3020
 3028
 3034
 3040
 3050
 3056
 3056
 3050
 3048
 3054
 3066
 3082
 3094
 3102
 3112
 3120
 3124
 3122
 3126
 3128
 3126
 3126
 3124
 3126
 3120
 3116
 3114
 3112
 3112
 3112
 3114
 3108
 3098
 3082
 3060
 3044
 3022
 2996
 2966
 2930
 2892
 2852
 2806
 2762
 2712
 2662
 2606
 2548
 2490
 2432
 2378
 2322
 2264
 2210
 2156
 2102
 2044
 1990
 1942
 1900
 1860
 1816
 1772
 1728
 1688
 1658
 1640
 1632
 1642
 1660
 1688
 1724
 1766
 1814
 1872
 1930
 1984
 2040
 2096
 2152
 2204
 2256
 2308
 2364
 2424
 2478
 2526
 2566
 2608
 2642
 2670
 2692
 2712
 2728
 2742
 2752
 2762
 2770
 2780
 2790
 2796
 2806
 2816
 2822
 2826
 2832
 2836
 2848
 2870
 2886
 2902
 2914
 2928
 2940
 2950
 2958
 2968
 2974
 2978
 2976
 2976
 2978
 2980
 2982
 2986
 2990
 2994
 2996
 3002
 3000
 2998
 2994
 2990
 2994
 3004
 3008
 3014
 3016
 3022
 3020
 3016
 3004
 2982
 2960
 2930
 2896
 2860
 2820
 2778
 2736
 2692
 2646
 2598
 2554
 2506
 2456
 2402
 2354
 2312
 2276
 2232
 2184
 2134
 2082
 2032
 1984
 1936
 1892
 1852
 1808
 1762
 1716
 1668
 1626
 1592
 1568
 1564
 1572
 1592
 1620
 1664
 1718
 1776
 1844
 1912
 1978
 2048
 2116
 2186
 2246
 2302
 2354
 2404
 2446
 2486
 2520
 2552
 2582
 2612
 2634
 2656
 2676
 2694
 2702
 2712
 2718
 2726
 2746
 2766
 2780
 2796
 2810
 2826
 2838
 2848
 2862
 2872
 2878
 2884
 2890
 2896
 2900
 2906
 2914
 2912
 2912
 2912
 2916
 2918
 2914
 2912
 2910
 2916
 2930
 2938
 2944
 2942
 2936
 2924
 2904
 2882
 2856
 2826
 2794
 2758
 2720
 2680
 2636
 2594
 2552
 2506
 2462
 2418
 2374
 2322
 2270
 2224
 2180
 2138
 2094
 2048
 2000
 1950
 1904
 1862
 1822
 1788
 1764
 1746
 1742
 1750
 1766
 1800
 1840
 1884
 1934
 1988
 2042
 2094
 2146
 2202
 2260
 2324
 2384
 2438
 2488
 2534
 2574
 2612
 2642
 2672
 2696
 2714
 2732
 2746
 2758
 2768
 2778
 2786
 2794
 2802
 2808
 2818
 2822
 2824
 2826
 2834
 2852
 2876
 2896
 2912
 2928
 2940
 2954
 2964
 2976
 2980
 2978
 2980
 2978
 2980
 2982
 2982
 2976
 2964
 2946
 2920
 2890
 2858
 2814
 2760
 2706
 2658
 2618
 2584
 2546
 2502
 2454
 2406
 2364
 2318
 2270
 2226
 2178
 2126
 2074
 2024
 1974
 1926
 1878
 1830
 1782
 1734
 1686
 1640
 1596
 1570
 1568
 1576
 1598
 1632
 1678
 1730
 1792
 1856
 1920
 1986
 2054
 2124
 2186
 2244
 2300
 2354
 2404
 2448
 2486
 2522
 2554
 2576
 2594
 2608
 2622
 2646
 2672
 2694
 2712
 2730
 2748
 2764
 2776
 2792
 2804
 2814
 2820
 2834
 2846
 2858
 2868
 2878
 2888
 2898
 2908
 2916
 2916
 2904
 2884
 2866
 2850
 2824
 2792
 2758
 2718
 2682
 2640
 2600
 2564
 2520
 2474
 2426
 2376
 2330
 2282
 2232
 2182
 2134
 2088
 2042
 1992
 1938
 1890
 1848
 1804
 1766
 1730
 1704
 1688
 1686
 1698
 1720
 1760
 1808
 1862
 1916
 1972
 2030
 2090
 2154
 2212
 2266
 2320
 2370
 2412
 2452
 2498
 2548
 2600
 2644
 2680
 2708
 2738
 2764
 2784
 2806
 2822
 2836
 2848
 2858
 2868
 2876
 2896
 2918
 2936
 2958
 2976
 2984
 2982
 2972
 2952
 2928
 2896
 2858
 2814
 2766
 2718
 2674
 2624
 2576
 2532
 2486
 2426
 2370
 2320
 2274
 2226
 2170
 2114
 2084
 2070
 2048
 2014
 1984
 1958
 1940
 1938
 1946
 1960
 1984
 2018
 2062
 2114
 2168
 2224
 2272
 2322
 2386
 2454
 2512
 2562
 2604
 2646
 2682
 2712
 2742
 2764
 2780
 2792
 2804
 2822
 2852
 2876
 2900
 2926
 2946
 2964
 2978
 2994
 3006
 3006
 2990
 2962
 2926
 2880
 2828
 2776
 2724
 2668
 2614
 2562
 2514
 2460
 2406
 2360
 2318
 2282
 2238
 2188
 2138
 2104
 2078
 2054
 2034
 2028
 2028
 2036
 2052
 2078
 2112
 2154
 2198
 2246
 2298
 2352
 2408
 2456
 2500
 2542
 2582
 2628
 2678
 2726
 2772
 2810
 2848
 2878
 2900
 2924
 2948
 2966
 2980
 2994
 3006
 3018
 3032
 3044
 3048
 3044
 3032
 3010
 2978
 2934
 2888
 2846
 2808
 2770
 2724
 2676
 2624
 2572
 2524
 2476
 2430
 2382
 2332
 2282
 2232
 2186
 2140
 2100
 2060
 2026
 1994
 1970
 1960
 1970
 2002
 2038
 2082
 2138
 2198
 2262
 2328
 2390
 2456
 2512
 2566
 2616
 2662
 2702
 2738
 2768
 2788
 2816
 2846
 2868
 2890
 2910
 2922
 2930
 2940
 2948
 2960
 2984
 3002
 3012
 3006
 2988
 2966
 2934
 2902
 2866
 2820
 2770
 2720
 2662
 2612
 2568
 2526
 2480
 2432
 2388
 2346
 2300
 2252
 2210
 2174
 2144
 2112
 2084
 2056
 2032
 2020
 2022
 2032
 2054
 2084
 2114
 2154
 2212
 2266
 2318
 2370
 2422
 2470
 2518
 2562
 2598
 2626
 2652
 2678
 2718
 2762
 2798
 2832
 2862
 2890
 2916
 2934
 2948
 2958
 2970
 2988
 3004
 3012
 3012
 3006
 2990
 2964
 2930
 2894
 2856
 2810
 2754
 2700
 2652
 2610
 2568
 2522
 2476
 2428
 2376
 2324
 2284
 2256
 2224
 2184
 2146
 2106
 2070
 2036
 2010
 1992
 1988
 1996
 2014
 2040
 2076
 2130
 2192
 2264
 2330
 2392
 2454
 2514
 2580
 2634
 2678
 2718
 2754
 2784
 2812
 2836
 2858
 2878
 2896
 2912
 2926
 2940
 2956
 2964
 2966
 2970
 2982
 2996
 2994
 2974
 2944
 2906
 2868
 2822
 2778
 2738
 2690
 2636
 2584
 2530
 2478
 2428
 2380
 2334
 2286
 2232
 2182
 2142
 2102
 2068
 2042
 2022
 2004
 2002
 2008
 2026
 2054
 2094
 2140
 2194
 2256
 2318
 2378
 2438
 2494
 2542
 2590
 2646
 2696
 2736
 2772
 2796
 2814
 2832
 2848
 2874
 2902
 2926
 2944
 2964
 2984
 3004
 3018
 3026
 3014
 2990
 2958
 2920
 2870
 2812
 2762
 2716
 2670
 2618
 2570
 2520
 2464
 2412
 2366
 2322
 2284
 2244
 2200
 2160
 2118
 2082
 2050
 2026
 2012
 2006
 2006
 2018
 2048
 2090
 2138
 2192
 2250
 2310
 2370
 2434
 2488
 2536
 2586
 2630
 2678
 2730
 2772
 2810
 2846
 2880
 2906
 2930
 2952
 2974
 2990
 3004
 3018
 3032
 3040
 3044
 3048
 3054
 3054
 3048
 3030
 3000
 2962
 2912
 2870
 2834
 2794
 2748
 2700
 2648
 2598
 2548
 2498
 2452
 2404
 2352
 2296
 2240
 2186
 2136
 2090
 2048
 2008
 1972
 1948
 1930
 1922
 1926
 1946
 1978
 2022
 2068
 2120
 2176
 2228
 2294
 2350
 2400
 2452
 2498
 2534
 2568
 2598
 2622
 2646
 2670
 2690
 2710
 2730
 2750
 2758
 2770
 2780
 2794
 2820
 2840
 2856
 2874
 2890
 2906
 2918
 2930
 2942
 2948
 2956
 2960
 2966
 2968
 2966
 2970
 2970
 2974
 2976
 2980
 2986
 2986
 2984
 2980
 2976
 2982
 2982
 2970
 2952
 2932
 2906
 2878
 2846
 2812
 2774
 2732
 2686
 2640
 2592
 2544
 2494
 2450
 2400
 2352
 2306
 2258
 2208
 2158
 2114
 2076
 2040
 2006
 1970
 1938
 1906
 1880
 1866
 1858
 1864
 1880
 1900
 1934
 1974
 2020
 2072
 2128
 2184
 2246
 2308
 2362
 2412
 2460
 2504
 2550
 2604
 2646
 2688
 2722
 2754
 2784
 2808
 2830
 2852
 2868
 2882
 2896
 2908
 2918
 2930
 2940
 2952
 2960
 2970
 2978
 2976
 2974
 2974
 2978
 2996
 3012
 3026
 3036
 3046
 3052
 3052
 3054
 3058
 3060
 3058
 3056
 3056
 3056
 3056
 3054
 3054
 3054
 3054
 3054
 3054
 3052
 3046
 3042
 3040
 3044
 3052
 3058
 3062
 3066
 3068
 3068
 3068
 3070
 3072
 3068
 3062
 3060
 3056
 3050
 3044
 3036
 3030
 3028
 3022
 3020
 3014
 3006
 3002
 2996
 2990
 2980
 2966
 2954
 2946
 2940
 2936
 2934
 2932
 2928
 2924
 2916
 2910
 2904
 2900
 2896
 2890
 2886
 2888
 2888
 2884
 2880
 2882
 2890
 2900
 2906
 2912
 2916
 2920
 2924
 2928
 2932
 2932
 2934
 2932
 2922
 2906
 2884
 2858
 2826
 2790
 2748
 2698
 2648
 2598
 2558
 2520
 2476
 2432
 2386
 2340
 2294
 2248
 2204
 2158
 2108
 2054
 1998
 1940
 1884
 1826
 1770
 1716
 1660
 1606
 1558
 1524
 1500
 1488
 1486
 1494
 1514
 1540
 1578
 1620
 1666
 1722
 1778
 1834
 1890
 1946
 2004
 2060
 2114
 2166
 2218
 2266
 2312
 2352
 2394
 2444
 2488
 2524
 2556
 2584
 2610
 2632
 2650
 2668
 2682
 2694
 2706
 2716
 2724
 2732
 2740
 2748
 2754
 2762
 2764
 2764
 2766
 2768
 2778
 2796
 2810
 2824
 2836
 2848
 2858
 2866
 2876
 2884
 2888
 2890
 2888
 2884
 2882
 2880
 2882
 2882
 2880
 2882
 2882
 2880
 2880
 2872
 2866
 2862
 2852
 2834
 2810
 2780
 2744
 2708
 2672
 2640
 2602
 2564
 2522
 2478
 2434
 2388
 2344
 2300
 2254
 2208
 2162
 2112
 2058
 2006
 1966
 1926
 1890
 1850
 1808
 1760
 1714
 1672
 1628
 1588
 1554
 1528
 1510
 1504
 1508
 1526
 1552
 1590
 1634
 1686
 1740
 1792
 1842
 1900
 1960
 2032
 2100
 2166
 2224
 2280
 2332
 2382
 2424
 2462
 2498
 2530
 2554
 2578
 2600
 2618
 2636
 2652
 2664
 2674
 2686
 2692
 2696
 2698
 2702
 2712
 2732
 2750
 2764
 2780
 2794
 2810
 2822
 2836
 2846
 2854
 2860
 2868
 2872
 2876
 2882
 2886
 2890
 2896
 2902
 2906
 2908
 2908
 2906
 2906
 2912
 2916
 2918
 2918
 2912
 2902
 2886
 2868
 2846
 2820
 2788
 2752
 2712
 2672
 2628
 2586
 2544
 2498
 2454
 2410
 2364
 2320
 2270
 2224
 2186
 2146
 2106
 2062
 2010
 1954
 1898
 1844
 1788
 1734
 1682
 1626
 1574
 1526
 1492
 1470
 1464
 1472
 1490
 1520
 1556
 1594
 1642
 1694
 1754
 1818
 1882
 1946
 2008
 2068
 2126
 2180
 2230
 2280
 2324
 2366
 2406
 2446
 2480
 2510
 2536
 2558
 2580
 2594
 2604
 2614
 2620
 2634
 2656
 2674
 2692
 2706
 2720
 2736
 2748
 2758
 2770
 2782
 2790
 2796
 2802
 2810
 2818
 2828
 2838
 2842
 2850
 2856
 2862
 2866
 2870
 2878
 2900
 2916
 2930
 2940
 2948
 2944
 2934
 2920
 2902
 2874
 2842
 2806
 2768
 2730
 2690
 2650
 2608
 2562
 2518
 2478
 2430
 2380
 2332
 2286
 2246
 2200
 2152
 2106
 2064
 2016
 1984
 1956
 1928
 1900
 1874
 1856
 1850
 1856
 1874
 1904
 1944
 1992
 2052
 2106
 2160
 2218
 2276
 2346
 2416
 2474
 2520
 2558
 2610
 2660
 2696
 2726
 2748
 2766
 2778
 2792
 2808
 2818
 2828
 2836
 2844
 2854
 2864
 2872
 2874
 2868
 2868
 2878
 2892
 2882
 2860
 2830
 2790
 2748
 2700
 2656
 2614
 2564
 2512
 2460
 2408
 2358
 2308
 2262
 2214
 2162
 2120
 2084
 2042
 2000
 1964
 1932
 1906
 1882
 1866
 1860
 1866
 1884
 1914
 1954
 2008
 2070
 2132
 2198
 2262
 2322
 2382
 2434
 2478
 2530
 2582
 2620
 2646
 2668
 2682
 2702
 2730
 2754
 2776
 2790
 2808
 2826
 2838
 2850
 2864
 2874
 2880
 2888
 2896
 2900
 2902
 2898
 2884
 2858
 2824
 2786
 2744
 2696
 2642
 2594
 2552
 2514
 2470
 2426
 2382
 2334
 2288
 2242
 2196
 2148
 2100
 2062
 2028
 1994
 1970
 1958
 1962
 1978
 2006
 2046
 2096
 2146
 2194
 2248
 2304
 2364
 2430
 2486
 2538
 2586
 2628
 2670
 2696
 2718
 2742
 2772
 2794
 2810
 2824
 2836
 2846
 2856
 2864
 2872
 2878
 2888
 2896
 2900
 2896
 2884
 2870
 2854
 2824
 2788
 2748
 2694
 2646
 2604
 2568
 2530
 2486
 2438
 2390
 2342
 2294
 2248
 2204
 2160
 2116
 2078
 2040
 2006
 1968
 1936
 1918
 1908
 1906
 1916
 1946
 1990
 2038
 2096
 2154
 2214
 2278
 2340
 2398
 2448
 2492
 2532
 2568
 2602
 2632
 2660
 2686
 2712
 2732
 2744
 2760
 2778
 2804
 2832
 2856
 2874
 2890
 2908
 2922
 2936
 2948
 2948
 2934
 2912
 2880
 2840
 2796
 2750
 2704
 2656
 2606
 2554
 2494
 2436
 2388
 2346
 2304
 2262
 2224
 2182
 2140
 2102
 2064
 2032
 2000
 1976
 1962
 1956
 1958
 1976
 2000
 2036
 2084
 2132
 2186
 2250
 2318
 2376
 2428
 2474
 2520
 2572
 2618
 2658
 2692
 2726
 2754
 2778
 2798
 2820
 2838
 2852
 2864
 2878
 2890
 2902
 2916
 2918
 2918
 2932
 2948
 2958
 2960
 2948
 2930
 2914
 2886
 2850
 2812
 2766
 2726
 2678
 2634
 2592
 2544
 2496
 2436
 2372
 2318
 2276
 2234
 2190
 2148
 2110
 2074
 2034
 1998
 1972
 1950
 1936
 1930
 1936
 1954
 1984
 2026
 2074
 2126
 2188
 2260
 2332
 2396
 2458
 2512
 2562
 2606
 2644
 2678
 2712
 2736
 2754
 2772
 2788
 2810
 2842
 2870
 2896
 2916
 2926
 2942
 2962
 2988
 3002
 3006
 2996
 2972
 2936
 2894
 2850
 2804
 2756
 2704
 2656
 2610
 2562
 2510
 2460
 2416
 2372
 2318
 2244
 2200
 2168
 2134
 2100
 2068
 2042
 2024
 2020
 2022
 2038
 2064
 2098
 2146
 2204
 2262
 2322
 2384
 2442
 2490
 2524
 2564
 2616
 2672
 2716
 2758
 2794
 2824
 2852
 2878
 2900
 2920
 2938
 2950
 2960
 2972
 2982
 2994
 3002
 3010
 3020
 3022
 3018
 3010
 2992
 2964
 2928
 2894
 2858
 2814
 2764
 2716
 2664
 2614
 2564
 2518
 2476
 2428
 2380
 2330
 2280
 2232
 2184
 2140
 2100
 2062
 2028
 1998
 1972
 1952
 1948
 1964
 1992
 2030
 2072
 2118
 2166
 2218
 2274
 2328
 2386
 2440
 2490
 2530
 2566
 2600
 2632
 2660
 2684
 2704
 2722
 2740
 2758
 2770
 2788
 2798
 2812
 2836
 2858
 2876
 2892
 2906
 2922
 2934
 2946
 2958
 2958
 2958
 2960
 2960
 2964
 2968
 2972
 2978
 2982
 2988
 2988
 2986
 2984
 2980
 2978
 2986
 2998
 3006
 3016
 3024
 3024
 3026
 3026
 3028
 3030
 3032
 3030
 3024
 3014
 3008
 3004
 3002
 3000
 2996
 2994
 2994
 2992
 2986
 2978
 2972
 2974
 2978
 2974
 2964
 2952
 2932
 2906
 2876
 2844
 2810
 2770
 2724
 2674
 2624
 2576
 2526
 2478
 2432
 2386
 2344
 2300
 2256
 2206
 2162
 2126
 2088
 2052
 2014
 1976
 1936
 1896
 1856
 1816
 1788
 1770
 1764
 1764
 1776
 1796
 1826
 1862
 1906
 1956
 2010
 2062
 2110
 2160
 2212
 2262
 2322
 2374
 2420
 2462
 2502
 2538
 2566
 2590
 2616
 2634
 2648
 2662
 2670
 2678
 2688
 2694
 2700
 2706
 2708
 2708
 2708
 2706
 2708
 2720
 2736
 2748
 2764
 2776
 2788
 2802
 2812
 2822
 2830
 2838
 2848
 2856
 2864
 2872
 2878
 2884
 2890
 2896
 2900
 2906
 2902
 2896
 2892
 2894
 2904
 2918
 2928
 2936
 2942
 2948
 2946
 2946
 2948
 2946
 2946
 2944
 2942
 2938
 2934
 2934
 2934
 2932
 2924
 2918
 2914
 2908
 2904
 2896
 2894
 2902
 2908
 2908
 2900
 2884
 2866
 2844
 2818
 2790
 2758
 2720
 2674
 2628
 2582
 2536
 2488
 2442
 2396
 2348
 2304
 2260
 2212
 2164
 2122
 2082
 2042
 2000
 1960
 1918
 1880
 1842
 1806
 1764
 1724
 1682
 1632
 1582
 1542
 1510
 1496
 1498
 1510
 1540
 1580
 1622
 1670
 1726
 1786
 1860
 1934
 2000
 2062
 2120
 2174
 2224
 2272
 2316
 2360
 2396
 2430
 2460
 2486
 2508
 2528
 2546
 2560
 2572
 2584
 2590
 2598
 2602
 2610
 2628
 2648
 2662
 2676
 2690
 2708
 2720
 2732
 2744
 2752
 2758
 2764
 2772
 2774
 2782
 2786
 2792
 2800
 2808
 2814
 2812
 2798
 2784
 2766
 2750
 2738
 2718
 2694
 2668
 2640
 2608
 2572
 2538
 2506
 2470
 2432
 2400
 2366
 2330
 2294
 2258
 2218
 2176
 2136
 2096
 2050
 2008
 1974
 1938
 1908
 1876
 1848
 1824
 1810
 1812
 1828
 1854
 1896
 1948
 2004
 2062
 2120
 2178
 2238
 2296
 2350
 2402
 2446
 2480
 2506
 2528
 2548
 2578
 2608
 2630
 2650
 2666
 2682
 2692
 2700
 2708
 2718
 2728
 2734
 2738
 2744
 2750
 2756
 2764
 2772
 2780
 2790
 2800
 2808
 2816
 2812
 2806
 2808
 2798
 2782
 2758
 2736
 2710
 2684
 2662
 2638
 2606
 2568
 2526
 2482
 2436
 2392
 2350
 2308
 2268
 2230
 2194
 2160
 2122
 2092
 2078
 2078
 2088
 2104
 2130
 2162
 2206
 2258
 2306
 2358
 2414
 2468
 2518
 2562
 2602
 2636
 2668
 2694
 2716
 2734
 2750
 2758
 2764
 2770
 2778
 2788
 2810
 2832
 2854
 2876
 2896
 2916
 2932
 2944
 2958
 2966
 2972
 2982
 2988
 2984
 2976
 2964
 2946
 2922
 2896
 2870
 2840
 2800
 2754
 2714
 2676
 2642
 2608
 2572
 2536
 2498
 2460
 2422
 2386
 2354
 2324
 2290
 2258
 2232
 2216
 2208
 2212
 2224
 2242
 2270
 2300
 2332
 2368
 2410
 2456
 2512
 2564
 2616
 2660
 2700
 2736
 2768
 2792
 2816
 2844
 2862
 2878
 2892
 2904
 2914
 2926
 2936
 2944
 2952
 2956
 2956
 2956
 2958
 2960
 2976
 2994
 3006
 3022
 3036
 3042
 3044
 3036
 3024
 3008
 2984
 2956
 2924
 2890
 2854
 2808
 2764
 2718
 2674
 2634
 2590
 2544
 2500
 2460
 2424
 2392
 2352
 2314
 2274
 2236
 2200
 2166
 2134
 2106
 2080
 2054
 2030
 2014
 2006
 2010
 2022
 2042
 2072
 2108
 2144
 2190
 2240
 2294
 2356
 2418
 2478
 2532
 2588
 2638
 2684
 2720
 2754
 2784
 2808
 2826
 2842
 2858
 2866
 2880
 2888
 2896
 2904
 2912
 2914
 2916
 2918
 2918
 2924
 2940
 2954
 2968
 2982
 3000
 3016
 3018
 3012
 3004
 2990
 2962
 2928
 2888
 2842
 2796
 2752
 2706
 2662
 2616
 2572
 2528
 2480
 2434
 2396
 2360
 2322
 2274
 2238
 2216
 2188
 2162
 2136
 2118
 2110
 2110
 2122
 2142
 2170
 2208
 2256
 2310
 2366
 2424
 2480
 2532
 2568
 2600
 2640
 2678
 2722
 2770
 2808
 2838
 2866
 2890
 2910
 2926
 2940
 2950
 2954
 2958
 2962
 2970
 2978
 2984
 2992
 2996
 3000
 3010
 3006
 2986
 2954
 2918
 2880
 2850
 2822
 2786
 2748
 2704
 2660
 2616
 2572
 2530
 2490
 2448
 2404
 2358
 2308
 2264
 2228
 2196
 2164
 2134
 2108
 2088
 2078
 2074
 2088
 2110
 2150
 2196
 2248
 2306
 2360
 2418
 2476
 2526
 2574
 2620
 2656
 2680
 2704
 2738
 2774
 2800
 2822
 2846
 2866
 2886
 2900
 2910
 2916
 2920
 2928
 2948
 2968
 2982
 2996
 3006
 3008
 2998
 2974
 2950
 2922
 2890
 2854
 2812
 2764
 2714
 2664
 2618
 2574
 2528
 2488
 2446
 2400
 2352
 2314
 2282
 2254
 2226
 2194
 2160
 2118
 2092
 2086
 2088
 2098
 2118
 2146
 2182
 2224
 2274
 2326
 2388
 2446
 2500
 2550
 2594
 2630
 2664
 2694
 2726
 2764
 2798
 2820
 2848
 2876
 2900
 2920
 2936
 2952
 2964
 2974
 2984
 2992
 3000
 3010
 3022
 3018
 3006
 2986
 2964
 2936
 2894
 2848
 2792
 2748
 2716
 2684
 2646
 2610
 2568
 2528
 2486
 2446
 2410
 2374
 2332
 2292
 2252
 2212
 2176
 2146
 2124
 2110
 2110
 2116
 2136
 2162
 2192
 2230
 2284
 2352
 2420
 2480
 2538
 2594
 2646
 2690
 2730
 2768
 2798
 2824
 2848
 2866
 2884
 2900
 2914
 2926
 2938
 2950
 2964
 2972
 2976
 2980
 2982
 2990
 3008
 3022
 3026
 3012
 2994
 2970
 2930
 2892
 2850
 2806
 2758
 2710
 2658
 2606
 2558
 2516
 2472
 2416
 2360
 2320
 2284
 2244
 2212
 2182
 2156
 2128
 2102
 2078
 2060
 2052
 2054
 2064
 2088
 2120
 2156
 2194
 2240
 2294
 2352
 2414
 2472
 2530
 2582
 2626
 2660
 2688
 2712
 2738
 2774
 2804
 2834
 2858
 2880
 2904
 2920
 2938
 2950
 2960
 2970
 2974
 2974
 2978
 2986
 2994
 2996
 2990
 2974
 2954
 2926
 2886
 2846
 2800
 2762
 2726
 2684
 2640
 2592
 2542
 2492
 2446
 2408
 2372
 2334
 2294
 2252
 2210
 2168
 2132
 2100
 2068
 2044
 2032
 2026
 2030
 2046
 2078
 2120
 2174
 2232
 2290
 2350
 2420
 2488
 2546
 2596
 2640
 2678
 2708
 2734
 2760
 2778
 2796
 2812
 2824
 2836
 2850
 2862
 2872
 2880
 2884
 2890
 2910
 2932
 2950
 2970
 2990
 2998
 2994
 2980
 2966
 2938
 2902
 2860
 2814
 2768
 2724
 2680
 2636
 2590
 2544
 2494
 2440
 2390
 2344
 2302
 2270
 2238
 2208
 2174
 2142
 2114
 2090
 2074
 2070
 2080
 2098
 2128
 2166
 2210
 2258
 2310
 2362
 2410
 2458
 2510
 2560
 2604
 2638
 2668
 2692
 2718
 2754
 2788
 2816
 2844
 2866
 2888
 2906
 2922
 2938
 2950
 2958
 2964
 2968
 2966
 2966
 2974
 2984
 2986
 2980
 2966
 2944
 2912
 2870
 2820
 2776
 2742
 2702
 2658
 2614
 2566
 2522
 2474
 2430
 2390
 2346
 2300
 2254
 2210
 2166
 2122
 2082
 2048
 2014
 1984
 1958
 1936
 1922
 1924
 1936
 1962
 2004
 2048
 2102
 2156
 2214
 2274
 2332
 2390
 2444
 2492
 2536
 2572
 2604
 2632
 2656
 2676
 2694
 2710
 2724
 2734
 2740
 2744
 2752
 2772
 2798
 2820
 2838
 2856
 2872
 2894
 2908
 2924
 2940
 2950
 2950
 2942
 2926
 2900
 2866
 2826
 2782
 2734
 2686
 2640
 2586
 2530
 2478
 2432
 2388
 2344
 2298
 2256
 2212
 2172
 2136
 2096
 2064
 2032
 2002
 1978
 1962
 1960
 1966
 1980
 2004
 2038
 2078
 2126
 2176
 2226
 2280
 2336
 2400
 2458
 2510
 2554
 2594
 2630
 2658
 2680
 2704
 2720
 2734
 2746
 2756
 2764
 2774
 2782
 2792
 2802
 2818
 2834
 2846
 2854
 2860
 2872
 2894
 2914
 2932
 2946
 2956
 2968
 2978
 2976
 2970
 2940
 2908
 2874
 2834
 2788
 2744
 2700
 2652
 2606
 2558
 2510
 2466
 2418
 2370
 2330
 2294
 2260
 2228
 2194
 2160
 2128
 2098
 2068
 2046
 2030
 2024
 2026
 2034
 2054
 2078
 2110
 2152
 2196
 2246
 2300
 2350
 2394
 2436
 2480
 2528
 2584
 2636
 2680
 2718
 2752
 2784
 2808
 2830
 2848
 2864
 2874
 2882
 2890
 2896
 2902
 2906
 2912
 2914
 2920
 2924
 2914
 2894
 2868
 2842
 2820
 2790
 2754
 2712
 2666
 2618
 2568
 2520
 2476
 2432
 2386
 2336
 2292
 2248
 2208
 2170
 2136
 2106
 2080
 2060
 2048
 2042
 2052
 2072
 2106
 2146
 2192
 2242
 2292
 2344
 2396
 2444
 2488
 2532
 2570
 2604
 2638
 2668
 2696
 2722
 2746
 2774
 2800
 2820
 2834
 2846
 2858
 2878
 2902
 2924
 2942
 2958
 2976
 2990
 3002
 3016
 3022
 3024
 3028
 3030
 3024
 3014
 3006
 2992
 2974
 2962
 2952
 2940
 2932
 2926
 2930
 2938
 2938
 2938
 2932
 2926
 2922
 2916
 2914
 2912
 2910
 2912
 2918
 2918
 2916
 2918
 2922
 2926
 2932
 2934
 2936
 2932
 2932
 2942
 2956
 2966
 2972
 2980
 2988
 2992
 2996
 2996
 2996
 2992
 2988
 2988
 2984
 2974
 2958
 2938
 2910
 2868
 2818
 2764
 2710
 2662
 2616
 2568
 2516
 2464
 2412
 2364
 2314
 2268
 2230
 2190
 2146
 2100
 2052
 2008
 1964
 1924
 1884
 1850
 1820
 1796
 1782
 1780
 1792
 1818
 1852
 1900
 1950
 2002
 2058
 2118
 2172
 2230
 2286
 2338
 2388
 2434
 2478
 2518
 2556
 2590
 2618
 2646
 2666
 2680
 2692
 2702
 2712
 2734
 2762
 2784
 2802
 2818
 2832
 2846
 2856
 2870
 2880
 2886
 2890
 2896
 2902
 2908
 2914
 2920
 2922
 2922
 2918
 2920
 2914
 2900
 2880
 2858
 2840
 2818
 2788
 2760
 2724
 2684
 2642
 2598
 2558
 2512
 2466
 2412
 2358
 2304
 2252
 2200
 2148
 2100
 2050
 2004
 1960
 1910
 1862
 1818
 1778
 1742
 1702
 1662
 1624
 1596
 1580
 1578
 1586
 1606
 1636
 1670
 1710
 1754
 1800
 1850
 1902
 1962
 2016
 2072
 2118
 2158
 2194
 2232
 2274
 2328
 2374
 2418
 2458
 2492
 2522
 2548
 2572
 2596
 2616
 2632
 2644
 2654
 2662
 2676
 2690
 2700
 2710
 2718
 2728
 2734
 2736
 2740
 2744
 2754
 2776
 2794
 2806
 2818
 2828
 2838
 2846
 2854
 2864
 2868
 2872
 2876
 2880
 2884
 2886
 2892
 2896
 2900
 2904
 2902
 2898
 2892
 2888
 2886
 2892
 2904
 2908
 2904
 2894
 2872
 2848
 2818
 2788
 2754
 2716
 2672
 2624
 2576
 2526
 2478
 2432
 2384
 2338
 2294
 2246
 2194
 2140
 2094
 2050
 2008
 1962
 1914
 1864
 1812
 1764
 1714
 1666
 1628
 1588
 1552
 1520
 1494
 1482
 1480
 1490
 1510
 1542
 1578
 1618
 1664
 1718
 1782
 1850
 1914
 1976
 2038
 2098
 2160
 2212
 2266
 2320
 2370
 2410
 2446
 2478
 2504
 2528
 2548
 2564
 2582
 2594
 2600
 2608
 2612
 2624
 2648
 2670
 2686
 2704
 2722
 2738
 2754
 2774
 2790
 2796
 2814
 2840
 2856
 2854
 2838
 2812
 2778
 2742
 2710
 2672
 2624
 2574
 2526
 2484
 2452
 2410
 2372
 2328
 2274
 2230
 2204
 2178
 2148
 2118
 2074
 2028
 1990
 1962
 1944
 1940
 1950
 1966
 1990
 2022
 2054
 2090
 2132
 2168
 2200
 2224
 2244
 2274
 2310
 2340
 2382
 2430
 2482
 2524
 2566
 2602
 2636
 2670
 2700
 2728
 2750
 2768
 2784
 2800
 2812
 2822
 2830
 2838
 2844
 2872
 2904
 2930
 2950
 2960
 2958
 2940
 2920
 2896
 2862
 2822
 2776
 2728
 2680
 2630
 2582
 2536
 2488
 2442
 2398
 2352
 2298
 2238
 2200
 2172
 2144
 2112
 2084
 2052
 2020
 1994
 1970
 1954
 1950
 1954
 1968
 1988
 2018
 2058
 2102
 2152
 2202
 2246
 2302
 2372
 2430
 2476
 2518
 2562
 2610
 2658
 2708
 2748
 2782
 2810
 2836
 2854
 2874
 2890
 2904
 2914
 2924
 2928
 2928
 2936
 2948
 2954
 2960
 2966
 2966
 2950
 2928
 2900
 2864
 2828
 2792
 2750
 2710
 2668
 2624
 2584
 2540
 2500
 2460
 2416
 2362
 2306
 2266
 2226
 2184
 2144
 2110
 2072
 2042
 2014
 1986
 1966
 1962
 1972
 2000
 2030
 2070
 2114
 2162
 2216
 2264
 2310
 2364
 2420
 2470
 2512
 2554
 2588
 2618
 2646
 2672
 2692
 2712
 2728
 2740
 2748
 2760
 2772
 2794
 2820
 2842
 2864
 2882
 2896
 2906
 2922
 2940
 2950
 2948
 2936
 2914
 2880
 2844
 2808
 2770
 2734
 2694
 2650
 2608
 2572
 2528
 2486
 2450
 2416
 2380
 2340
 2310
 2278
 2244
 2212
 2180
 2150
 2128
 2112
 2104
 2102
 2108
 2124
 2150
 2184
 2226
 2278
 2332
 2382
 2428
 2470
 2510
 2550
 2602
 2650
 2688
 2720
 2748
 2770
 2786
 2802
 2814
 2824
 2832
 2836
 2844
 2850
 2856
 2864
 2872
 2880
 2888
 2892
 2888
 2892
 2900
 2900
 2894
 2884
 2860
 2830
 2788
 2744
 2702
 2660
 2620
 2580
 2538
 2494
 2448
 2404
 2358
 2306
 2252
 2214
 2180
 2146
 2112
 2078
 2042
 2016
 2000
 1992
 1990
 2000
 2016
 2042
 2080
 2128
 2182
 2240
 2306
 2370
 2428
 2482
 2534
 2576
 2600
 2632
 2670
 2708
 2734
 2752
 2766
 2776
 2788
 2808
 2830
 2848
 2862
 2878
 2894
 2908
 2920
 2936
 2948
 2950
 2946
 2952
 2958
 2954
 2934
 2906
 2872
 2834
 2796
 2760
 2720
 2672
 2624
 2584
 2546
 2508
 2468
 2428
 2386
 2342
 2298
 2248
 2212
 2182
 2150
 2122
 2098
 2086
 2084
 2096
 2118
 2152
 2190
 2236
 2280
 2324
 2372
 2424
 2480
 2542
 2600
 2650
 2692
 2732
 2766
 2792
 2818
 2840
 2858
 2872
 2884
 2894
 2904
 2914
 2922
 2930
 2938
 2946
 2952
 2954
 2954
 2948
 2934
 2918
 2890
 2856
 2818
 2778
 2742
 2706
 2664
 2626
 2586
 2538
 2492
 2444
 2396
 2348
 2304
 2260
 2216
 2176
 2138
 2100
 2054
 2010
 1980
 1966
 1964
 1964
 1974
 1994
 2022
 2060
 2108
 2158
 2216
 2274
 2326
 2378
 2428
 2476
 2520
 2564
 2608
 2646
 2682
 2708
 2726
 2742
 2750
 2760
 2780
 2800
 2818
 2834
 2848
 2866
 2876
 2888
 2902
 2912
 2920
 2926
 2934
 2940
 2944
 2942
 2932
 2906
 2878
 2846
 2814
 2774
 2728
 2682
 2642
 2604
 2568
 2526
 2482
 2436
 2390
 2346
 2300
 2260
 2222
 2182
 2140
 2098
 2060
 2024
 1992
 1970
 1956
 1954
 1964
 1978
 2002
 2038
 2086
 2138
 2200
 2262
 2320
 2376
 2430
 2480
 2526
 2564
 2600
 2632
 2658
 2682
 2704
 2726
 2746
 2762
 2778
 2790
 2802
 2816
 2832
 2840
 2848
 2852
 2862
 2882
 2902
 2920
 2936
 2942
 2942
 2928
 2912
 2892
 2862
 2822
 2780
 2738
 2694
 2648
 2604
 2560
 2518
 2476
 2436
 2390
 2342
 2298
 2264
 2226
 2192
 2154
 2122
 2086
 2060
 2044
 2038
 2046
 2066
 2088
 2118
 2152
 2188
 2228
 2278
 2332
 2386
 2438
 2484
 2522
 2558
 2592
 2630
 2676
 2714
 2748
 2778
 2804
 2830
 2850
 2868
 2886
 2902
 2912
 2924
 2934
 2942
 2952
 2962
 2970
 2978
 2986
 2986
 2990
 2988
 2978
 2964
 2952
 2934
 2906
 2878
 2844
 2802
 2760
 2716
 2676
 2636
 2590
 2542
 2492
 2444
 2394
 2348
 2302
 2256
 2210
 2166
 2120
 2072
 2024
 1986
 1954
 1930
 1910
 1902
 1902
 1912
 1938
 1970
 2010
 2058
 2110
 2172
 2236
 2294
 2354
 2412
 2466
 2516
 2562
 2602
 2640
 2670
 2694
 2716
 2738
 2766
 2798
 2824
 2848
 2868
 2890
 2906
 2920
 2936
 2950
 2958
 2966
 2972
 2978
 2984
 2990
 2992
 2996
 2996
 2990
 2976
 2950
 2918
 2880
 2842
 2808
 2766
 2716
 2668
 2618
 2568
 2520
 2474
 2432
 2386
 2338
 2286
 2236
 2186
 2134
 2088
 2042
 1996
 1952
 1912
 1870
 1824
 1784
 1754
 1738
 1734
 1738
 1754
 1784
 1824
 1872
 1926
 1980
 2040
 2102
 2160
 2218
 2274
 2326
 2376
 2422
 2464
 2502
 2538
 2568
 2590
 2612
 2630
 2652
 2682
 2706
 2734
 2762
 2784
 2806
 2824
 2838
 2856
 2866
 2874
 2882
 2888
 2892
 2898
 2908
 2916
 2918
 2910
 2892
 2866
 2830
 2786
 2740
 2702
 2666
 2624
 2576
 2526
 2476
 2430
 2386
 2344
 2306
 2266
 2222
 2176
 2130
 2086
 2044
 2004
 1970
 1944
 1932
 1930
 1940
 1954
 1986
 2030
 2080
 2142
 2204
 2264
 2324
 2380
 2436
 2486
 2530
 2570
 2606
 2636
 2660
 2680
 2698
 2714
 2728
 2742
 2756
 2770
 2788
 2808
 2820
 2830
 2838
 2850
 2874
 2892
 2898
 2890
 2876
 2856
 2828
 2794
 2760
 2720
 2676
 2628
 2582
 2534
 2488
 2446
 2404
 2364
 2326
 2284
 2246
 2200
 2158
 2124
 2094
 2068
 2044
 2028
 2022
 2026
 2044
 2068
 2104
 2148
 2194
 2242
 2292
 2342
 2392
 2438
 2486
 2530
 2574
 2614
 2648
 2674
 2698
 2726
 2758
 2796
 2828
 2854
 2878
 2900
 2922
 2938
 2952
 2968
 2978
 2984
 2992
 2998
 3000
 3000
 2990
 2972
 2944
 2912
 2872
 2824
 2764
 2704
 2648
 2600
 2556
 2508
 2464
 2418
 2374
 2334
 2296
 2262
 2234
 2204
 2170
 2136
 2104
 2078
 2060
 2056
 2060
 2074
 2100
 2134
 2170
 2216
 2264
 2318
 2382
 2442
 2500
 2554
 2602
 2648
 2690
 2722
 2754
 2780
 2800
 2818
 2834
 2848
 2862
 2876
 2888
 2902
 2914
 2922
 2928
 2932
 2934
 2942
 2958
 2962
 2948
 2924
 2894
 2858
 2818
 2776
 2734
 2688
 2640
 2590
 2542
 2494
 2448
 2404
 2360
 2314
 2272
 2234
 2190
 2144
 2106
 2076
 2050
 2034
 2020
 2018
 2024
 2042
 2066
 2096
 2134
 2176
 2222
 2270
 2316
 2366
 2416
 2462
 2504
 2542
 2576
 2610
 2634
 2656
 2678
 2700
 2732
 2766
 2792
 2816
 2838
 2862
 2880
 2896
 2914
 2928
 2938
 2946
 2956
 2964
 2972
 2982
 2990
 2988
 2978
 2958
 2932
 2898
 2862
 2826
 2798
 2758
 2716
 2670
 2624
 2578
 2534
 2490
 2450
 2404
 2356
 2306
 2256
 2206
 2162
 2120
 2084
 2048
 2020
 1994
 1970
 1958
 1962
 1978
 2004
 2036
 2074
 2116
 2164
 2214
 2262
 2314
 2382
 2452
 2510
 2564
 2612
 2654
 2690
 2728
 2758
 2790
 2816
 2834
 2850
 2864
 2876
 2894
 2916
 2932
 2960
 2988
 3012
 3032
 3048
 3058
 3066
 3064
 3056
 3036
 3014
 2984
 2946
 2900
 2852
 2802
 2756
 2712
 2664
 2608
 2558
 2510
 2458
 2420
 2390
 2358
 2320
 2282
 2250
 2218
 2192
 2170
 2150
 2134
 2126
 2130
 2146
 2170
 2212
 2258
 2300
 2344
 2400
 2456
 2508
 2556
 2606
 2660
 2706
 2748
 2784
 2816
 2846
 2870
 2888
 2908
 2924
 2936
 2948
 2960
 2970
 2976
 2986
 2998
 3010
 3016
 3022
 3028
 3024
 3008
 2982
 2956
 2928
 2892
 2850
 2804
 2752
 2702
 2654
 2604
 2564
 2520
 2470
 2414
 2372
 2330
 2290
 2252
 2218
 2182
 2150
 2120
 2090
 2054
 2028
 2016
 2014
 2026
 2044
 2074
 2112
 2158
 2210
 2266
 2326
 2386
 2450
 2514
 2572
 2630
 2684
 2722
 2752
 2788
 2824
 2854
 2876
 2890
 2902
 2912
 2930
 2952
 2972
 2990
 3008
 3020
 3030
 3036
 3040
 3048
 3054
 3044
 3018
 2982
 2940
 2890
 2836
 2782
 2730
 2678
 2626
 2568
 2512
 2468
 2426
 2390
 2350
 2308
 2258
 2216
 2184
 2158
 2134
 2118
 2108
 2108
 2114
 2132
 2160
 2198
 2244
 2296
 2350
 2416
 2478
 2532
 2580
 2624
 2668
 2714
 2750
 2792
 2838
 2876
 2906
 2934
 2954
 2974
 2992
 3008
 3022
 3032
 3040
 3044
 3046
 3038
 3022
 2996
 2964
 2924
 2868
 2814
 2766
 2718
 2672
 2624
 2572
 2522
 2470
 2424
 2378
 2334
 2296
 2256
 2214
 2172
 2132
 2096
 2066
 2048
 2038
 2040
 2050
 2070
 2104
 2144
 2190
 2242
 2302
 2368
 2434
 2504
 2564
 2618
 2670
 2712
 2748
 2782
 2810
 2834
 2854
 2874
 2890
 2908
 2920
 2922
 2934
 2952
 2970
 2978
 2982
 2982
 2984
 2986
 2982
 2966
 2940
 2906
 2868
 2828
 2780
 2732
 2682
 2636
 2590
 2536
 2488
 2442
 2390
 2328
 2284
 2252
 2218
 2184
 2150
 2114
 2082
 2062
 2050
 2048
 2052
 2064
 2088
 2120
 2164
 2212
 2266
 2320
 2372
 2428
 2492
 2552
 2604
 2652
 2692
 2728
 2760
 2790
 2816
 2836
 2852
 2862
 2874
 2894
 2920
 2942
 2962
 2976
 2982
 2988
 3002
 3022
 3030
 3012
 2988
 2952
 2912
 2870
 2824
 2776
 2728
 2678
 2630
 2584
 2536
 2484
 2436
 2396
 2358
 2322
 2276
 2238
 2200
 2166
 2132
 2104
 2082
 2070
 2070
 2074
 2090
 2110
 2142
 2182
 2232
 2284
 2342
 2404
 2458
 2500
 2538
 2586
 2640
 2704
 2754
 2796
 2826
 2854
 2882
 2904
 2922
 2938
 2950
 2958
 2964
 2972
 2980
 2986
 2988
 2990
 2992
 2996
 2998
 2996
 2986
 2970
 2942
 2912
 2886
 2850
 2812
 2770
 2724
 2678
 2626
 2570
 2520
 2466
 2410
 2352
 2294
 2238
 2182
 2124
 2056
 2002
 1962
 1920
 1878
 1832
 1788
 1752
 1724
 1704
 1690
 1686
 1694
 1716
 1746
 1784
 1834
 1894
 1956
 2018
 2082
 2144
 2204
 2262
 2318
 2370
 2418
 2464
 2502
 2532
 2556
 2578
 2608
 2638
 2664
 2684
 2702
 2718
 2736
 2754
 2772
 2788
 2800
 2808
 2816
 2822
 2828
 2834
 2836
 2828
 2816
 2800
 2778
 2746
 2710
 2674
 2646
 2614
 2580
 2540
 2496
 2454
 2420
 2380
 2348
 2314
 2274
 2234
 2192
 2150
 2110
 2072
 2038
 2004
 1976
 1952
 1936
 1934
 1942
 1962
 1994
 2032
 2074
 2118
 2172
 2228
 2282
 2334
 2386
 2434
 2478
 2520
 2556
 2592
 2624
 2658
 2690
 2718
 2746
 2772
 2792
 2814
 2830
 2854
 2884
 2910
 2932
 2952
 2968
 2986
 2996
 3010
 3024
 3034
 3034
 3036
 3040
 3042
 3042
 3034
 3016
 2988
 2960
 2926
 2876
 2822
 2770
 2724
 2684
 2642
 2596
 2552
 2504
 2458
 2412
 2368
 2328
 2282
 2242
 2196
 2150
 2106
 2064
 2028
 1994
 1968
 1950
 1940
 1936
 1944
 1962
 1994
 2042
 2094
 2146
 2202
 2258
 2312
 2370
 2424
 2478
 2532
 2578
 2620
 2658
 2692
 2722
 2752
 2778
 2802
 2828
 2844
 2858
 2870
 2882
 2904
 2932
 2956
 2976
 2996
 3010
 3028
 3040
 3054
 3062
 3070
 3070
 3068
 3066
 3066
 3068
 3070
 3072
 3074
 3070
 3066
 3060
 3056
 3050
 3052
 3062
 3070
 3074
 3080
 3076
 3076
 3074
 3072
 3076
 3074
 3072
 3068
 3064
 3060
 3052
 3044
 3040
 3036
 3032
 3030
 3030
 3024
 3012
 3002
 2998
 3000
 3008
 3008
 3006
 2996
 2974
 2948
 2910
 2872
 2826
 2776
 2722
 2666
 2604
 2546
 2486
 2428
 2374
 2316
 2256
 2200
 2140
 2072
 2008
 1952
 1900
 1852
 1800
 1748
 1694
 1642
 1590
 1534
 1478
 1426
 1374
 1326
 1280
 1250
 1236
 1242
 1260
 1292
 1336
 1388
 1440
 1498
 1566
 1636
 1716
 1792
 1864
 1936
 2000
 2064
 2126
 2180
 2234
 2286
 2330
 2368
 2400
 2430
 2454
 2474
 2494
 2510
 2528
 2542
 2548
 2552
 2556
 2564
 2584
 2602
 2616
 2628
 2642
 2656
 2668
 2680
 2694
 2704
 2712
 2718
 2722
 2728
 2734
 2742
 2750
 2756
 2764
 2770
 2766
 2752
 2732
 2714
 2698
 2680
 2650
 2618
 2580
 2540
 2496
 2452
 2414
 2374
 2332
 2286
 2240
 2196
 2152
 2108
 2068
 2032
 2000
 1968
 1934
 1896
 1870
 1848
 1834
 1824
 1814
 1816
 1830
 1852
 1882
 1924
 1970
 2024
 2078
 2134
 2188
 2240
 2292
 2346
 2400
 2450
 2500
 2538
 2570
 2596
 2620
 2650
 2686
 2716
 2742
 2768
 2790
 2814
 2832
 2848
 2864
 2878
 2888
 2898
 2908
 2916
 2924
 2924
 2918
 2902
 2880
 2842
 2796
 2746
 2696
 2650
 2610
 2564
 2514
 2462
 2412
 2362
 2314
 2266
 2222
 2178
 2130
 2080
 2032
 1986
 1942
 1902
 1864
 1834
 1812
 1800
 1794
 1802
 1826
 1864
 1910
 1958
 2010
 2068
 2126
 2186
 2244
 2302
 2358
 2414
 2462
 2506
 2548
 2586
 2622
 2654
 2684
 2712
 2738
 2758
 2772
 2790
 2810
 2834
 2862
 2884
 2902
 2918
 2936
 2952
 2962
 2970
 2974
 2978
 2982
 2986
 2992
 2996
 2998
 3004
 3008
 3008
 3008
 3002
 3000
 2996
 2998
 3008
 3020
 3026
 3034
 3032
 3030
 3028
 3030
 3032
 3030
 3028
 3022
 3014
 3008
 3004
 3002
 3000
 2998
 2996
 2992
 2984
 2964
 2938
 2908
 2880
 2854
 2824
 2786
 2744
 2700
 2654
 2606
 2558
 2514
 2468
 2418
 2364
 2310
 2254
 2198
 2142
 2088
 2034
 1982
 1934
 1882
 1830
 1790
 1756
 1732
 1716
 1710
 1716
 1736
 1764
 1804
 1848
 1898
 1956
 2014
 2072
 2126
 2182
 2234
 2286
 2336
 2382
 2430
 2468
 2500
 2528
 2556
 2590
 2628
 2658
 2686
 2712
 2738
 2760
 2778
 2796
 2810
 2824
 2832
 2842
 2852
 2860
 2868
 2878
 2886
 2894
 2898
 2900
 2902
 2904
 2904
 2914
 2928
 2938
 2946
 2954
 2958
 2964
 2966
 2972
 2974
 2976
 2974
 2974
 2974
 2974
 2974
 2974
 2972
 2972
 2974
 2970
 2958
 2942
 2924
 2904
 2888
 2866
 2836
 2800
 2768
 2726
 2684
 2638
 2594
 2548
 2494
 2438
 2390
 2348
 2298
 2246
 2196
 2142
 2088
 2040
 1990
 1938
 1884
 1840
 1802
 1770
 1740
 1714
 1698
 1690
 1688
 1708
 1748
 1796
 1850
 1902
 1954
 2006
 2062
 2120
 2182
 2244
 2300
 2348
 2394
 2430
 2466
 2502
 2540
 2576
 2602
 2636
 2676
 2710
 2738
 2758
 2778
 2796
 2812
 2824
 2834
 2846
 2854
 2866
 2878
 2884
 2880
 2872
 2854
 2816
 2764
 2726
 2698
 2670
 2634
 2592
 2548
 2498
 2452
 2406
 2358
 2314
 2266
 2210
 2152
 2094
 2038
 1984
 1934
 1888
 1848
 1818
 1796
 1786
 1780
 1796
 1830
 1874
 1926
 1982
 2038
 2096
 2158
 2220
 2276
 2332
 2386
 2436
 2478
 2520
 2560
 2594
 2628
 2658
 2678
 2700
 2734
 2760
 2778
 2792
 2804
 2822
 2848
 2868
 2888
 2902
 2916
 2930
 2932
 2930
 2918
 2896
 2868
 2834
 2794
 2748
 2702
 2662
 2622
 2578
 2532
 2486
 2438
 2386
 2336
 2294
 2258
 2224
 2186
 2148
 2114
 2078
 2048
 2022
 2004
 2000
 2000
 2002
 2012
 2040
 2082
 2124
 2170
 2222
 2276
 2330
 2382
 2428
 2468
 2506
 2548
 2600
 2650
 2692
 2728
 2762
 2792
 2816
 2834
 2848
 2870
 2890
 2906
 2918
 2932
 2940
 2948
 2960
 2972
 2976
 2968
 2948
 2918
 2880
 2838
 2802
 2770
 2736
 2696
 2648
 2594
 2550
 2510
 2472
 2434
 2396
 2352
 2306
 2262
 2218
 2174
 2134
 2096
 2060
 2028
 2004
 1988
 1980
 1980
 1996
 2020
 2056
 2098
 2152
 2210
 2272
 2338
 2400
 2454
 2508
 2556
 2596
 2630
 2662
 2684
 2706
 2728
 2748
 2764
 2780
 2798
 2816
 2826
 2832
 2838
 2848
 2876
 2898
 2918
 2936
 2950
 2962
 2962
 2954
 2938
 2910
 2876
 2836
 2792
 2746
 2700
 2654
 2608
 2562
 2502
 2446
 2404
 2362
 2316
 2276
 2242
 2212
 2180
 2150
 2118
 2088
 2060
 2044
 2034
 2040
 2056
 2078
 2108
 2144
 2186
 2232
 2284
 2350
 2406
 2448
 2494
 2548
 2594
 2630
 2668
 2706
 2748
 2782
 2824
 2856
 2886
 2912
 2932
 2948
 2966
 2980
 2988
 2992
 2994
 2998
 3006
 3012
 3020
 3026
 3026
 3018
 3000
 2968
 2922
 2878
 2836
 2802
 2762
 2720
 2676
 2632
 2586
 2540
 2494
 2456
 2416
 2372
 2326
 2278
 2234
 2190
 2150
 2116
 2084
 2056
 2036
 2020
 2012
 2022
 2046
 2084
 2136
 2190
 2248
 2296
 2352
 2418
 2482
 2540
 2592
 2638
 2674
 2708
 2740
 2766
 2792
 2810
 2826
 2842
 2858
 2872
 2880
 2890
 2898
 2914
 2940
 2956
 2972
 2990
 3012
 3028
 3030
 3024
 3010
 2986
 2952
 2912
 2866
 2816
 2764
 2716
 2666
 2614
 2564
 2518
 2472
 2422
 2362
 2312
 2282
 2256
 2226
 2194
 2164
 2130
 2102
 2082
 2068
 2064
 2068
 2078
 2096
 2122
 2158
 2198
 2242
 2292
 2342
 2386
 2430
 2480
 2526
 2566
 2608
 2652
 2690
 2726
 2758
 2786
 2812
 2830
 2850
 2866
 2878
 2890
 2902
 2912
 2922
 2934
 2944
 2952
 2954
 2958
 2964
 2964
 2956
 2940
 2924
 2902
 2872
 2838
 2802
 2760
 2722
 2680
 2634
 2598
 2552
 2504
 2456
 2404
 2356
 2308
 2262
 2218
 2172
 2128
 2088
 2042
 1996
 1956
 1926
 1906
 1902
 1904
 1918
 1936
 1966
 2000
 2040
 2084
 2130
 2180
 2228
 2274
 2320
 2366
 2410
 2452
 2488
 2522
 2552
 2574
 2590
 2604
 2622
 2652
 2684
 2712
 2736
 2756
 2778
 2800
 2814
 2832
 2846
 2858
 2866
 2872
 2878
 2886
 2892
 2900
 2908
 2914
 2920
 2920
 2918
 2916
 2912
 2914
 2928
 2944
 2952
 2962
 2968
 2968
 2970
 2972
 2978
 2980
 2982
 2980
 2980
 2980
 2976
 2970
 2968
 2964
 2962
 2962
 2956
 2942
 2918
 2894
 2874
 2860
 2834
 2810
 2780
 2746
 2712
 2674
 2634
 2592
 2544
 2492
 2440
 2386
 2336
 2286
 2240
 2190
 2138
 2088
 2032
 1974
 1924
 1882
 1842
 1804
 1762
 1722
 1682
 1650
 1632
 1626
 1632
 1658
 1692
 1730
 1776
 1824
 1874
 1932
 1988
 2046
 2102
 2154
 2198
 2240
 2286
 2340
 2394
 2442
 2484
 2524
 2562
 2596
 2622
 2652
 2682
 2704
 2722
 2738
 2752
 2762
 2770
 2780
 2790
 2798
 2806
 2810
 2812
 2814
 2824
 2844
 2860
 2874
 2886
 2896
 2908
 2914
 2922
 2930
 2934
 2936
 2938
 2932
 2928
 2926
 2928
 2926
 2930
 2932
 2932
 2930
 2928
 2918
 2920
 2928
 2924
 2916
 2904
 2884
 2862
 2828
 2800
 2766
 2724
 2680
 2630
 2580
 2530
 2480
 2428
 2380
 2330
 2284
 2240
 2188
 2138
 2090
 2048
 2008
 1962
 1920
 1874
 1828
 1790
 1754
 1732
 1722
 1720
 1728
 1746
 1772
 1808
 1852
 1902
 1956
 2014
 2072
 2128
 2178
 2228
 2278
 2330
 2386
 2436
 2480
 2518
 2554
 2594
 2622
 2652
 2676
 2696
 2712
 2726
 2738
 2750
 2764
 2772
 2782
 2792
 2802
 2810
 2816
 2822
 2826
 2822
 2820
 2812
 2794
 2772
 2752
 2726
 2698
 2662
 2628
 2594
 2554
 2510
 2462
 2416
 2372
 2326
 2284
 2238
 2192
 2148
 2104
 2056
 2002
 1956
 1914
 1874
 1846
 1822
 1806
 1800
 1804
 1820
 1844
 1876
 1916
 1958
 2006
 2054
 2106
 2156
 2208
 2260
 2308
 2354
 2398
 2436
 2468
 2498
 2526
 2560
 2604
 2646
 2682
 2714
 2742
 2768
 2792
 2808
 2828
 2842
 2852
 2864
 2872
 2880
 2888
 2898
 2906
 2914
 2924
 2926
 2922
 2912
 2890
 2862
 2824
 2790
 2762
 2732
 2698
 2660
 2616
 2576
 2538
 2498
 2462
 2424
 2384
 2340
 2298
 2256
 2212
 2172
 2132
 2094
 2058
 2026
 2000
 1982
 1970
 1972
 1986
 2010
 2044
 2086
 2134
 2184
 2230
 2280
 2326
 2372
 2414
 2456
 2494
 2528
 2558
 2584
 2608
 2630
 2652
 2672
 2694
 2716
 2736
 2750
 2762
 2776
 2800
 2834
 2862
 2888
 2908
 2928
 2946
 2958
 2970
 2980
 2978
 2976
 2966
 2952
 2934
 2912
 2886
 2858
 2830
 2796
 2762
 2728
 2692
 2650
 2602
 2560
 2524
 2492
 2456
 2418
 2378
 2334
 2292
 2250
 2206
 2166
 2128
 2088
 2048
 2006
 1976
 1954
 1946
 1948
 1960
 1980
 2010
 2040
 2070
 2110
 2154
 2206
 2262
 2318
 2374
 2430
 2484
 2534
 2576
 2612
 2646
 2674
 2696
 2714
 2730
 2744
 2756
 2768
 2778
 2790
 2800
 2812
 2820
 2826
 2832
 2836
 2848
 2870
 2886
 2892
 2888
 2876
 2862
 2840
 2814
 2788
 2760
 2724
 2686
 2648
 2606
 2564
 2524
 2482
 2442
 2402
 2360
 2320
 2276
 2230
 2192
 2160
 2136
 2110
 2084
 2066
 2052
 2054
 2066
 2086
 2112
 2144
 2182
 2220
 2262
 2304
 2348
 2394
 2438
 2482
 2522
 2560
 2592
 2618
 2642
 2666
 2700
 2732
 2758
 2782
 2810
 2836
 2856
 2874
 2888
 2902
 2912
 2920
 2926
 2934
 2934
 2936
 2942
 2946
 2950
 2958
 2964
 2962
 2952
 2936
 2912
 2894
 2874
 2846
 2816
 2780
 2742
 2702
 2660
 2622
 2582
 2540
 2494
 2446
 2398
 2352
 2306
 2264
 2224
 2186
 2150
 2118
 2084
 2048
 2024
 2014
 2008
 2014
 2038
 2080
 2118
 2160
 2202
 2246
 2294
 2348
 2400
 2450
 2500
 2546
 2588
 2630
 2668
 2704
 2734
 2758
 2768
 2784
 2808
 2828
 2846
 2870
 2892
 2910
 2926
 2944
 2962
 2976
 2988
 3002
 3014
 3018
 3010
 2992
 2966
 2938
 2906
 2872
 2834
 2786
 2736
 2700
 2664
 2618
 2574
 2538
 2504
 2468
 2430
 2394
 2354
 2316
 2282
 2248
 2218
 2194
 2170
 2150
 2134
 2128
 2134
 2156
 2184
 2222
 2260
 2308
 2356
 2402
 2450
 2492
 2542
 2594
 2638
 2680
 2718
 2752
 2786
 2814
 2838
 2856
 2872
 2894
 2912
 2926
 2938
 2950
 2958
 2966
 2974
 2982
 2982
 2982
 2980
 2972
 2960
 2950
 2934
 2906
 2872
 2836
 2798
 2758
 2708
 2670
 2640
 2602
 2558
 2514
 2470
 2424
 2382
 2342
 2302
 2268
 2234
 2204
 2170
 2140
 2122
 2112
 2110
 2118
 2136
 2160
 2186
 2228
 2276
 2324
 2372
 2418
 2464
 2506
 2546
 2584
 2622
 2654
 2682
 2710
 2736
 2760
 2778
 2794
 2806
 2818
 2834
 2868
 2902
 2930
 2954
 2978
 2994
 3012
 3030
 3040
 3038
 3018
 2994
 2964
 2930
 2894
 2856
 2818
 2778
 2736
 2694
 2646
 2600
 2558
 2510
 2472
 2442
 2408
 2374
 2342
 2310
 2280
 2254
 2234
 2222
 2216
 2218
 2226
 2244
 2268
 2300
 2338
 2376
 2410
 2442
 2484
 2528
 2570
 2610
 2658
 2704
 2744
 2778
 2810
 2842
 2868
 2886
 2906
 2922
 2936
 2948
 2960
 2974
 2986
 2998
 3006
 3020
 3032
 3044
 3042
 3020
 3002
 2994
 2992
 2992
 2980
 2954
 2924
 2886
 2852
 2814
 2776
 2742
 2702
 2658
 2608
 2548
 2502
 2466
 2426
 2384
 2344
 2306
 2270
 2236
 2200
 2172
 2152
 2138
 2130
 2132
 2142
 2158
 2184
 2218
 2252
 2290
 2336
 2382
 2424
 2466
 2518
 2560
 2588
 2626
 2676
 2716
 2750
 2776
 2796
 2812
 2828
 2856
 2884
 2910
 2930
 2950
 2968
 2988
 3002
 3006
 3008
 3020
 3036
 3044
 3042
 3030
 3010
 2986
 2958
 2922
 2880
 2836
 2788
 2738
 2696
 2656
 2622
 2582
 2542
 2492
 2444
 2410
 2374
 2340
 2310
 2278
 2244
 2214
 2188
 2174
 2170
 2172
 2186
 2206
 2236
 2268
 2302
 2342
 2392
 2452
 2512
 2564
 2614
 2666
 2714
 2758
 2790
 2820
 2844
 2866
 2884
 2900
 2914
 2926
 2940
 2950
 2960
 2970
 2976
 2980
 2982
 2980
 2976
 2986
 2996
 2990
 2976
 2950
 2912
 2872
 2830
 2792
 2752
 2704
 2656
 2608
 2560
 2514
 2470
 2430
 2390
 2352
 2314
 2266
 2224
 2196
 2178
 2156
 2140
 2124
 2118
 2122
 2132
 2152
 2178
 2216
 2260
 2304
 2344
 2384
 2422
 2460
 2500
 2540
 2580
 2618
 2650
 2682
 2714
 2742
 2770
 2806
 2836
 2860
 2882
 2898
 2916
 2930
 2942
 2956
 2966
 2974
 2982
 2990
 2998
 2998
 2980
 2964
 2956
 2946
 2928
 2902
 2868
 2826
 2788
 2756
 2728
 2692
 2652
 2610
 2564
 2520
 2476
 2432
 2392
 2346
 2300
 2252
 2204
 2160
 2116
 2078
 2046
 2022
 2008
 2004
 2004
 2014
 2034
 2060
 2094
 2128
 2164
 2196
 2230
 2262
 2292
 2320
 2348
 2376
 2410
 2442
 2472
 2502
 2530
 2558
 2584
 2612
 2640
 2660
 2676
 2692
 2708
 2734
 2764
 2790
 2814
 2836
 2856
 2878
 2890
 2908
 2922
 2928
 2932
 2938
 2944
 2948
 2952
 2958
 2958
 2956
 2958
 2958
 2956
 2952
 2950
 2958
 2970
 2980
 2980
 2978
 2972
 2962
 2942
 2918
 2892
 2860
 2828
 2790
 2750
 2710
 2670
 2628
 2588
 2546
 2508
 2470
 2426
 2378
 2336
 2298
 2262
 2222
 2178
 2134
 2088
 2044
 1998
 1952
 1910
 1874
 1842
 1816
 1800
 1796
 1802
 1820
 1844
 1876
 1910
 1944
 1974
 2006
 2044
 2086
 2126
 2168
 2214
 2254
 2290
 2322
 2348
 2376
 2404
 2428
 2450
 2476
 2500
 2524
 2546
 2566
 2586
 2606
 2622
 2632
 2644
 2652
 2668
 2694
 2724
 2750
 2772
 2794
 2814
 2828
 2840
 2854
 2862
 2868
 2874
 2880
 2884
 2890
 2896
 2902
 2904
 2908
 2904
 2900
 2894
 2890
 2890
 2900
 2912
 2920
 2926
 2930
 2928
 2928
 2926
 2928
 2928
 2924
 2920
 2910
 2902
 2896
 2892
 2890
 2886
 2886
 2884
 2884
 2882
 2876
 2872
 2870
 2878
 2888
 2894
 2900
