57
150
219
289
360
428
498
568
639
718
793
868
947
1023
1095
1174
1246
1316
1393
1458
1526
1585
1652
1717
1781
1850
1912
1980
2049
2112
2188
2262
2351
2431
2498
2566
2635
2700
2771
2840
2919
2985
3052
3122
3188
3249
3317
3385
3464
3556
3627
3705
3775
3853
3919
4016
4093
4169
4245
4310
4370
4452
4524
4595
4674
4758
4827
4898
4967
5037
5109
5176
5239
5303
5376
5452
5550
5621
5694
5772
5850
5919
5989
6054
6120
6202
6267
6357
6535
6610
6688
6752
6819
6893
6967
7042
7123
7194
7250
7321
7384
7520
7595
7699
7711
7777
7785
7836
7906
7974
8056
8123
8188
8256
8322
8382
8448
8513
8582
8655
8740
8817
8903
8974
9031
9096
9159
9224
9294
9365
9447
9515
9619
9696
9765
9834
9906
10001
10078
10149
10211
10286
10374
10458
10565
10575
10645
10656
10713
10792
10858
10931
11003
11071
11188
11256
11322
11385
11472
11539
11617
11699
11709
11761
11828
11894
11957
12024
12093
12164
12237
12310
12380
12462
12547
12629
12697
12764
12832
12894
12962
13051
13136
13207
13275
13367
13454
13540
13613
13673
13740
13803
13869
13944
14022
14086
14148
14219
14306
14380
14454
14529
14612
14677
14745
14814
14880
14945
15007
15078
15169
15263
15348
15425
15498
15562
15643
15726
15816
15887
15963
16027
