49
147
216
280
353
418
492
556
622
694
760
831
895
964
1031
1095
1169
1229
1289
1358
1414
1487
1546
1602
1660
1730
1791
1857
1924
1992
2053
2118
2185
2247
2320
2381
2448
2517
2584
2649
2712
2772
2834
2908
3003
3008
3082
3153
3219
3283
3356
3419
3490
3561
3622
3683
3745
3806
3870
3939
4000
4062
4129
4192
4256
4325
4390
4449
4515
4599
4609
4655
4717
4779
4837
4904
4973
5038
5102
5164
5231
5307
5370
5443
5502
5568
5635
5697
5772
5860
5867
5931
5985
6054
6119
6178
6250
6314
6382
6447
6510
6580
6600
6645
6708
6773
6835
6893
6966
7026
7079
7139
7212
7275
7342
7405
7469
7540
7616
7684
7751
7819
7877
7932
7999
8062
8129
8193
8259
8319
8383
8458
8465
8526
8537
8589
8686
8687
8739
8826
