36
90
152
221
290
361
426
497
569
643
719
799
869
939
1003
1079
1149
1211
1279
1347
1411
1480
1548
1607
1669
1736
1793
1856
1927
1985
2049
2114
2188
2248
2320
2384
2444
2514
2588
2645
2706
2768
2830
2894
2965
3026
3094
3159
3257
3322
3390
3456
3522
3590
3656
3729
3790
3853
3910
3983
4053
4118
4193
4209
4267
4335
4399
4457
4520
4581
4644
4707
4768
4832
4891
4956
5020
5071
5134
5198
5257
5325
5395
5461
5535
5603
5668
5729
5792
5863
5932
5995
6061
6133
6200
6266
6336
6401
6465
6531
6587
6656
6728
6795
6861
6933
7014
7086
7152
7218
7289
7360
7428
7505
7575
7647
7716
7785
7803
7852
7920
7987
8058
8129
8196
8266
8333
8406
8476
8546
8614
8680
8699
8761
8825
8898
