45
108
176
248
315
386
450
520
585
651
716
780
847
910
973
1037
1101
1164
1227
1292
1365
1425
1483
1546
1606
1670
1734
1795
1909
1974
2035
2098
2160
2219
2279
2340
2402
2468
2529
2594
2662
2723
2786
2850
2913
2973
3031
3093
3155
3217
3280
3346
3408
3473
3545
3612
3676
3742
3804
3865
3927
4015
4089
4160
4229
4297
4361
4427
4496
4558
4623
4687
4761
4830
4892
4956
5013
5080
5145
5205
5265
5333
5406
5474
5541
5605
5672
5741
5799
5868
5948
6009
6137
6212
6280
6348
6416
6479
6539
6604
6669
6735
6795
6867
6932
6995
7061
7132
7198
7271
7339
7405
7471
7532
7599
7664
7726
7788
7870
7968
7976
8036
8099
8153
8222
8293
8360
8429
8502
8574
8637
8708
8760
8785
8855
8918
8984
9051
9139
9206
9275
9340
9407
9476
9544
9610
9671
9741
9766
9839
9906
9916
9971
10048
10121
10190
10259
10324
10390
10459
10528
10602
10669
10733
10799
10867
10933
10997
11060
11124
11191
11259
11321
11384
11445
11508
11581
11645
11706
11773
11849
11918
11985
12047
12113
12180
12241
12305
12383
12448
12518
12582
12652
12718
12786
12860
12930
12996
13061
13126
13189
13263
13331
13392
13461
13522
13593
13659
13723
13787
13924
13925
14003
14077
14141
14230
14306
14378
14446
14519
14583
14645
14714
14779
14851
14876
14950
15018
15086
15151
15210
15273
15333
15392
15461
15530
15592
15658
15722
