104
202
296
398
506
614
718
819
923
1028
1128
1220
1309
1404
1529
1646
1751
1848
1956
2069
2176
2275
2369
2469
2576
2680
2769
2859
2952
3049
3141
3225
3306
3386
3478
3577
3672
3763
3854
3947
4043
4133
4220
4311
4406
4501
4595
4686
4774
4862
4953
5047
5138
5225
5307
5390
5473
5561
5648
5733
5820
5909
5998
6082
6165
6249
6337
6423
6504
6587
6674
6765
6851
6934
7019
7106
7194
7281
7366
7456
7548
7637
7720
7804
7888
7972
8055
8139
8225
8312
8396
8479
8562
8648
8734
8816
8899
8987
9080
9171
9260
9351
9436
9513
9590
9668
9748
9828
9907
9992
10081
10171
10257
10345
10435
10521
10605
10692
10780
10868
10950
11033
11115
11196
11274
11354
11441
11533
11630
11725
11809
11891
11971
12050
12126
12205
12286
12373
12464
12551
12639
12726
12813
12903
12989
13075
13160
13247
13330
13412
13496
13583
13670
13756
13848
13942
14031
14118
14201
14281
14357
14430
14503
14573
14644
14715
14789
14863
14936
15014
15092
15171
15251
15332
15414
15493
15569
15646
15724
15799
15874
15947
16024
16107
16196
16283
16373
16466
16559
16643
16721
16799
16877
16956
17034
17113
17194
17278
17360
17440
17522
17603
17684
17762
17837
17915
17993
18070
18146
18222
18299
18378
18459
18538
18617
18698
18780
18864
18948
19028
19106
19180
19252
19325
19405
19487
19569
19652
19739
19826
19904
19979
20056
20134
20210
20288
20366
20448
20529
20609
20693
20778
20861
20942
21028
21116
21204
21292
21377
21458
21534
21608
21684
21763
21846
21928
22011
22096
22185
22270
22352
22436
22521
22603
22680
22759
22839
22919
22997
23072
23145
23218
23290
23364
23442
23524
23607
23692
23772
23850
23923
23994
24064
24134
24209
24286
24362
24437
24517
24598
24680
24762
24841
24918
24991
25063
25133
25200
25265
25331
25403
25494
25587
25680
25769
25857
25943
26030
26111
26192
26271
26353
