20
128
236
340
445
550
647
748
847
946
1040
1139
1232
1327
1420
1516
1616
1713
1812
1903
2004
2102
2199
2301
2401
2505
2613
2714
2815
2921
3023
3129
3241
3349
3460
3568
3676
3788
3893
3999
4105
4208
4309
4415
4522
4626
4736
4843
4952
5063
5168
5276
5387
5493
5600
5707
5810
5917
6021
6131
6237
6345
6450
6550
6656
6763
6871
6978
7081
7188
7293
7398
7503
7607
7712
7817
7921
8030
8136
8239
8348
8453
8559
8666
8773
8881
8993
9099
9211
9322
9430
9538
9644
9753
9859
9967
10069
10174
10282
10382
10483
10587
10691
10800
10905
11011
11118
11221
11324
11432
11534
11644
11755
11865
11980
12085
12190
12299
12401
12506
12614
12721
12827
12932
13036
13144
13249
13356
13462
13567
13673
13776
13880
13981
14085
14186
14293
14395
14505
14608
14715
14819
14921
15024
15125
15230
15335
15441
15552
15658
15763
15872
15977
16079
16183
16226
16289
16397
16510
16621
16732
16846
16904
16952
17061
17166
17269
17371
17477
17580
17684
17792
17899
18009
18118
18225
18332
18438
18542
18646
18746
18852
18957
19064
19172
19281
19385
19495
19597
19695
19796
19902
20006
20111
20224
20328
20437
20541
20646
20751
20851
20954
21058
21113
21158
21260
21362
21464
21555
21668
21775
21875
21974
22078
22182
22288
22392
22495
22599
22704
22801
22903
23005
23107
23213
23317
23423
23533
23639
23745
23835
23927
24025
24130
24234
24342
24446
24509
24554
24603
24654
24759
24861
24964
25091
25210
25331
25452
25564
25679
25789
25898
26011
26122
26229
26344
26451
26559
26673
26725
26779
26890
27002
27049
27108
27217
27332
27434
27546
27660
27716
27771
27885
27994
28101
28211
28321
28430
28542
28650
28762
28871
28978
29087
29197
29306
29419
29529
29635
29745
29848
29953
30062
30127
30276
30389
30494
30603
30713
30814
30919
31029
31137
31241
31348
31456
31562
31674
31781
31889
31997
32101
32211
32319
32424
32529
32634
32735
32840
32939
33045
33142
33213
33271
33351
33438
33555
33660
33768
33863
33963
34052
34154
34265
34383
34487
34539
34592
34699
34746
34800
34908
35015
35123
35224
35331
35383
35438
35547
