42
133
227
319
403
485
568
655
743
831
918
1006
1094
1186
1277
1364
1449
1535
1624
1714
1803
1887
1971
2054
2135
2211
2296
2390
2479
2564
2655
2750
2841
2931
3025
3117
3207
3299
3387
3471
3558
3651
3747
3848
3945
4032
4107
4184
4262
4354
4449
4546
4633
4717
4806
4901
4994
5080
5167
5257
5347
5438
5530
5627
5721
5814
5904
5995
6082
6172
6260
6349
6439
6531
6621
6710
6801
6891
6984
7072
7156
7244
7331
7424
7512
7600
7680
7852
7934
7983
8110
8203
8297
8386
8468
8549
8632
8684
8807
8891
8979
9066
9153
9238
9320
9406
9493
9585
9673
9760
9850
9941
10035
10122
10208
10293
10381
10469
10560
10649
10743
10841
10939
11033
11124
11219
11312
11401
11485
11570
11659
11746
11831
11920
12010
12092
12172
12262
12352
12438
12527
12616
12704
12789
12877
12966
13057
13149
13233
13318
13403
13494
13584
13675
13762
13851
13938
14020
14105
14195
14291
14386
14477
14565
14654
14743
14826
14910
14994
15077
15157
15228
15301
15372
15441
15507
15574
15640
15706
15775
15844
15918
15998
16082
16164
16249
16336
16421
16503
16589
16674
16762
16853
16943
17036
17125
17209
17297
17384
17473
17564
17657
17745
17833
17920
18010
18104
18197
18291
18380
18470
18556
18643
18732
18816
18896
18975
19057
19143
19235
19320
19402
19484
19570
19657
19747
19838
19923
20003
20083
20165
20253
20341
20429
20514
20602
20693
20784
20877
20966
21052
21138
21226
21315
21402
21492
21581
21666
21746
21826
21909
21996
22092
22187
22283
22376
22466
22551
22633
22715
22800
22882
22960
23038
23118
23199
23278
23356
23440
23530
23623
23714
23798
23878
23960
24040
24123
24209
24292
24377
24462
24552
24644
24733
24816
24897
24983
25067
25156
25243
25332
25425
25519
25613
25702
25790
25872
25954
26034
26117
26201
26294
26405
26507
26604
26709
26817
26922
27019
27112
27203
27295
27383
27465
27544
27628
27720
27813
27905
27998
28093
28189
28281
28368
28457
28544
28637
28728
28813
28898
28987
29086
29181
29276
29366
29453
29536
29618
29699
29781
29861
29941
30026
30122
30220
30318
30410
30497
30584
30673
30758
30839
30916
30994
31079
31168
31264
31353
31444
31534
31629
31723
31809
31892
31970
32046
32126
32215
32314
32411
32506
32600
32698
32789
32876
32962
33052
33147
33243
33336
33426
33513
33593
33670
33750
33830
33910
33989
34071
34156
34245
34337
34432
34527
34620
34706
34794
34881
34970
35059
35146
35236
35328
35420
35504
35589
