 2866
 2866
 2866
 2870
 2872
 2872
 2870
 2868
 2864
 2860
 2856
 2854
 2854
 2850
 2848
 2846
 2840
 2836
 2834
 2832
 2822
 2814
 2810
 2812
 2820
 2820
 2824
 2822
 2822
 2822
 2822
 2822
 2820
 2818
 2816
 2814
 2808
 2806
 2802
 2798
 2792
 2790
 2786
 2782
 2780
 2778
 2778
 2770
 2766
 2764
 2770
 2778
 2784
 2786
 2788
 2790
 2790
 2790
 2794
 2796
 2796
 2796
 2794
 2790
 2792
 2790
 2792
 2792
 2792
 2786
 2780
 2778
 2772
 2754
 2732
 2714
 2694
 2680
 2662
 2640
 2620
 2596
 2570
 2546
 2520
 2494
 2468
 2442
 2416
 2388
 2360
 2336
 2314
 2294
 2274
 2252
 2230
 2208
 2188
 2162
 2130
 2100
 2060
 2028
 1996
 1960
 1926
 1892
 1860
 1832
 1798
 1768
 1740
 1716
 1694
 1672
 1652
 1636
 1624
 1614
 1606
 1602
 1596
 1594
 1588
 1576
 1574
 1564
 1554
 1546
 1534
 1526
 1516
 1504
 1496
 1486
 1476
 1464
 1448
 1432
 1414
 1398
 1382
 1366
 1354
 1340
 1332
 1324
 1314
 1304
 1280
 1248
 1218
 1186
 1160
 1136
 1120
 1102
 1084
 1066
 1048
 1028
 1010
 990
 974
 954
 938
 918
 894
 874
 854
 840
 830
 820
 814
 806
 802
 804
 802
 806
 808
 814
 820
 824
 830
 836
 844
 852
 858
 862
 868
 880
 896
 908
 920
 936
 952
 970
 988
 1008
 1032
 1064
 1090
 1122
 1150
 1178
 1208
 1230
 1252
 1274
 1296
 1326
 1350
 1378
 1406
 1436
 1472
 1506
 1542
 1582
 1620
 1668
 1718
 1768
 1820
 1874
 1926
 1972
 2016
 2060
 2096
 2134
 2172
 2204
 2240
 2262
 2280
 2298
 2314
 2328
 2350
 2368
 2388
 2410
 2430
 2454
 2478
 2502
 2526
 2552
 2578
 2598
 2618
 2634
 2652
 2672
 2692
 2716
 2744
 2768
 2782
 2800
 2820
 2850
 2900
 2950
 2990
 3024
 3058
 3090
 3118
 3144
 3172
 3198
 3220
 3242
 3260
 3278
 3300
 3322
 3342
 3362
 3382
 3396
 3412
 3426
 3436
 3446
 3452
 3450
 3456
 3452
 3458
 3466
 3472
 3476
 3478
 3490
 3510
 3530
 3546
 3558
 3564
 3566
 3558
 3548
 3532
 3514
 3492
 3470
 3450
 3428
 3406
 3388
 3366
 3352
 3330
 3300
 3276
 3254
 3240
 3232
 3220
 3210
 3200
 3196
 3194
 3194
 3194
 3194
 3188
 3174
 3154
 3134
 3116
 3102
 3090
 3076
 3066
 3058
 3048
 3036
 3026
 3020
 3014
 3002
 2994
 2986
 2986
 2990
 2992
 2990
 2988
 2984
 2986
 2986
 2988
 2986
 2988
 2986
 2984
 2978
 2976
 2974
 2972
 2970
 2966
 2960
 2956
 2954
 2954
 2950
 2946
 2938
 2936
 2936
 2942
 2944
 2946
 2946
 2944
 2944
 2942
 2944
 2946
 2944
 2936
 2924
 2908
 2892
 2874
 2850
 2826
 2802
 2780
 2758
 2736
 2714
 2692
 2670
 2640
 2616
 2590
 2566
 2546
 2518
 2490
 2462
 2432
 2402
 2372
 2344
 2316
 2286
 2256
 2226
 2196
 2170
 2144
 2116
 2086
 2056
 2028
 2002
 1978
 1960
 1932
 1910
 1892
 1876
 1866
 1858
 1852
 1850
 1850
 1854
 1864
 1878
 1892
 1906
 1922
 1936
 1950
 1968
 1988
 2010
 2036
 2058
 2086
 2110
 2136
 2166
 2198
 2222
 2250
 2274
 2302
 2334
 2360
 2386
 2408
 2428
 2452
 2472
 2492
 2514
 2536
 2556
 2576
 2594
 2612
 2638
 2662
 2684
 2708
 2732
 2752
 2774
 2794
 2816
 2838
 2850
 2864
 2874
 2890
 2910
 2918
 2926
 2934
 2944
 2954
 2960
 2968
 2974
 2978
 2984
 2984
 2984
 2984
 2986
 2986
 2982
 2980
 2976
 2976
 2972
 2968
 2966
 2966
 2960
 2954
 2948
 2944
 2948
 2952
 2950
 2948
 2942
 2940
 2938
 2938
 2940
 2940
 2936
 2934
 2930
 2920
 2912
 2910
 2904
 2900
 2898
 2894
 2890
 2886
 2880
 2872
 2864
 2850
 2836
 2826
 2818
 2820
 2820
 2822
 2820
 2820
 2822
 2824
 2828
 2832
 2834
 2836
 2836
 2836
 2834
 2834
 2836
 2838
 2838
 2836
 2838
 2840
 2840
 2842
 2844
 2838
 2832
 2826
 2828
 2836
 2846
 2850
 2852
 2850
 2852
 2858
 2860
 2864
 2866
 2866
 2868
 2868
 2866
 2864
 2864
 2864
 2866
 2866
 2866
 2866
 2864
 2864
 2862
 2854
 2850
 2850
 2858
 2866
 2870
 2868
 2866
 2858
 2850
 2832
 2810
 2784
 2758
 2736
 2716
 2694
 2670
 2646
 2620
 2592
 2562
 2534
 2504
 2474
 2448
 2420
 2386
 2354
 2318
 2282
 2256
 2226
 2202
 2180
 2156
 2136
 2114
 2092
 2066
 2040
 2012
 1976
 1938
 1904
 1878
 1850
 1822
 1794
 1764
 1736
 1714
 1692
 1666
 1648
 1624
 1608
 1592
 1574
 1556
 1536
 1518
 1502
 1486
 1466
 1450
 1434
 1418
 1402
 1386
 1372
 1356
 1346
 1334
 1322
 1310
 1298
 1292
 1282
 1276
 1268
 1266
 1262
 1256
 1252
 1246
 1242
 1246
 1252
 1260
 1270
 1278
 1290
 1302
 1312
 1322
 1326
 1334
 1338
 1340
 1346
 1354
 1364
 1374
 1390
 1404
 1422
 1448
 1476
 1510
 1542
 1574
 1612
 1646
 1676
 1710
 1742
 1778
 1818
 1854
 1894
 1932
 1976
 2018
 2062
 2100
 2138
 2184
 2230
 2266
 2300
 2334
 2368
 2406
 2440
 2472
 2502
 2530
 2558
 2584
 2610
 2636
 2662
 2692
 2722
 2748
 2774
 2804
 2834
 2862
 2888
 2912
 2928
 2952
 2978
 3012
 3042
 3064
 3088
 3110
 3138
 3168
 3194
 3218
 3238
 3260
 3278
 3292
 3304
 3314
 3322
 3328
 3328
 3324
 3322
 3314
 3306
 3294
 3282
 3270
 3264
 3256
 3244
 3236
 3222
 3202
 3186
 3166
 3152
 3144
 3128
 3110
 3092
 3078
 3072
 3066
 3062
 3056
 3044
 3034
 3026
 3018
 3008
 3002
 2996
 2986
 2978
 2968
 2958
 2948
 2944
 2946
 2942
 2942
 2944
 2956
 2970
 2974
 2974
 2972
 2970
 2970
 2966
 2958
 2948
 2936
 2920
 2900
 2884
 2868
 2854
 2840
 2828
 2824
 2826
 2832
 2834
 2836
 2840
 2840
 2842
 2848
 2852
 2852
 2846
 2844
 2844
 2846
 2846
 2848
 2848
 2848
 2848
 2848
 2848
 2850
 2852
 2854
 2860
 2860
 2856
 2854
 2850
 2852
 2858
 2858
 2854
 2850
 2842
 2832
 2822
 2814
 2796
 2776
 2748
 2714
 2680
 2648
 2622
 2596
 2570
 2542
 2518
 2498
 2478
 2452
 2430
 2400
 2372
 2346
 2318
 2292
 2264
 2236
 2214
 2192
 2172
 2158
 2146
 2138
 2126
 2112
 2098
 2082
 2062
 2046
 2030
 2020
 2012
 2002
 1992
 1982
 1974
 1972
 1970
 1972
 1976
 1980
 1990
 2000
 2008
 2020
 2038
 2054
 2074
 2090
 2106
 2118
 2126
 2128
 2132
 2136
 2134
 2140
 2142
 2140
 2142
 2144
 2148
 2154
 2160
 2170
 2178
 2190
 2204
 2224
 2242
 2264
 2284
 2304
 2324
 2346
 2366
 2386
 2408
 2428
 2446
 2468
 2490
 2512
 2536
 2560
 2568
 2578
 2588
 2594
 2598
 2596
 2600
 2602
 2602
 2598
 2592
 2586
 2584
 2576
 2570
 2572
 2576
 2586
 2596
 2608
 2622
 2634
 2642
 2652
 2664
 2676
 2688
 2696
 2704
 2710
 2718
 2742
 2762
 2782
 2798
 2812
 2828
 2842
 2850
 2858
 2864
 2866
 2870
 2874
 2878
 2884
 2886
 2884
 2884
 2882
 2878
 2876
 2880
 2884
 2888
 2880
 2874
 2868
 2876
 2886
 2890
 2890
 2886
 2884
 2886
 2884
 2886
 2886
 2888
 2886
 2882
 2878
 2874
 2874
 2874
 2870
 2870
 2868
 2866
 2868
 2870
 2870
 2864
 2860
 2856
 2860
 2874
 2880
 2882
 2882
 2876
 2872
 2872
 2872
 2874
 2874
 2872
 2868
 2864
 2860
 2856
 2854
 2850
 2842
 2830
 2812
 2796
 2782
 2766
 2752
 2746
 2740
 2724
 2702
 2674
 2644
 2608
 2568
 2532
 2496
 2456
 2414
 2370
 2324
 2278
 2226
 2176
 2126
 2078
 2028
 1976
 1926
 1882
 1842
 1806
 1766
 1730
 1692
 1652
 1622
 1594
 1566
 1536
 1508
 1482
 1458
 1434
 1412
 1392
 1372
 1356
 1338
 1326
 1314
 1302
 1290
 1276
 1260
 1240
 1216
 1188
 1160
 1128
 1088
 1056
 1016
 974
 934
 900
 876
 858
 836
 818
 788
 762
 734
 702
 670
 644
 616
 592
 564
 534
 496
 458
 424
 376
 322
 262
 204
 146
 82
 22
 0
 0
 0
 0
 0
 0
 0
 0
 0
 0
 0
 2
 42
 78
 116
 150
 172
 206
 246
 282
 320
 366
 424
 478
 530
 588
 646
 710
 772
 836
 898
 966
 1038
 1106
 1178
 1250
 1324
 1402
 1474
 1552
 1626
 1686
 1750
 1810
 1876
 1948
 2022
 2094
 2160
 2224
 2288
 2348
 2408
 2468
 2524
 2582
 2636
 2686
 2736
 2786
 2836
 2890
 2944
 3008
 3076
 3142
 3202
 3254
 3304
 3360
 3406
 3448
 3490
 3524
 3568
 3612
 3654
 3692
 3728
 3764
 3796
 3822
 3840
 3858
 3878
 3898
 3916
 3930
 3942
 3950
 3960
 3966
 3968
 3970
 3972
 3976
 3982
 3984
 3984
 3978
 3976
 3972
 3964
 3962
 3956
 3952
 3946
 3940
 3932
 3926
 3916
 3910
 3898
 3886
 3872
 3856
 3848
 3840
 3834
 3828
 3820
 3808
 3790
 3778
 3768
 3760
 3748
 3722
 3698
 3674
 3650
 3628
 3610
 3596
 3584
 3574
 3568
 3560
 3554
 3546
 3532
 3520
 3502
 3482
 3462
 3442
 3430
 3414
 3398
 3388
 3378
 3366
 3358
 3346
 3330
 3318
 3308
 3304
 3308
 3306
 3306
 3304
 3304
 3304
 3304
 3306
 3308
 3302
 3294
 3284
 3274
 3266
 3254
 3242
 3232
 3220
 3210
 3196
 3176
 3154
 3132
 3106
 3086
 3068
 3058
 3056
 3048
 3034
 3020
 3004
 2992
 2978
 2966
 2954
 2942
 2932
 2920
 2908
 2896
 2886
 2878
 2874
 2868
 2864
 2862
 2860
 2860
 2854
 2848
 2844
 2842
 2846
 2854
 2856
 2856
 2854
 2856
 2858
 2860
 2866
 2868
 2866
 2868
 2868
 2868
 2866
 2864
 2864
 2862
 2860
 2860
 2860
 2862
 2862
 2856
 2854
 2852
 2860
 2870
 2874
 2874
 2876
 2874
 2878
 2880
 2880
 2882
 2870
 2856
 2842
 2828
 2814
 2812
 2816
 2814
 2808
 2800
 2794
 2784
 2770
 2748
 2724
 2698
 2670
 2646
 2618
 2588
 2560
 2526
 2496
 2466
 2434
 2406
 2374
 2348
 2320
 2292
 2268
 2246
 2226
 2206
 2184
 2168
 2152
 2138
 2122
 2106
 2092
 2080
 2074
 2074
 2082
 2090
 2100
 2116
 2134
 2154
 2180
 2202
 2226
 2248
 2272
 2296
 2324
 2354
 2386
 2420
 2456
 2490
 2520
 2556
 2582
 2604
 2628
 2652
 2682
 2712
 2736
 2758
 2776
 2794
 2812
 2824
 2836
 2842
 2846
 2844
 2842
 2840
 2838
 2838
 2836
 2834
 2830
 2822
 2820
 2818
 2820
 2820
 2814
 2810
 2806
 2810
 2820
 2826
 2830
 2834
 2838
 2844
 2848
 2852
 2860
 2866
 2870
 2874
 2874
 2876
 2878
 2878
 2878
 2878
 2878
 2872
 2868
 2864
 2862
 2858
 2850
 2844
 2838
 2842
 2848
 2856
 2858
 2858
 2858
 2860
 2864
 2868
 2872
 2874
 2872
 2866
 2860
 2854
 2850
 2848
 2850
 2850
 2850
 2850
 2850
 2852
 2854
 2858
 2854
 2848
 2846
 2850
 2862
 2868
 2872
 2872
 2870
 2870
 2872
 2874
 2878
 2880
 2880
 2878
 2876
 2868
 2860
 2856
 2854
 2852
 2852
 2852
 2852
 2854
 2854
 2854
 2848
 2842
 2840
 2844
 2856
 2864
 2868
 2868
 2868
 2872
 2874
 2878
 2882
 2882
 2876
 2872
 2866
 2862
 2858
 2856
 2852
 2850
 2850
 2848
 2848
 2850
 2852
 2848
 2840
 2838
 2840
 2850
 2858
 2862
 2866
 2866
 2868
 2872
 2874
 2878
 2880
 2882
 2882
 2878
 2870
 2864
 2858
 2856
 2856
 2856
 2856
 2860
 2862
 2864
 2862
 2858
 2858
 2860
 2874
 2874
 2866
 2852
 2832
 2816
 2796
 2770
 2744
 2712
 2676
 2642
 2608
 2576
 2548
 2518
 2486
 2454
 2418
 2380
 2338
 2300
 2260
 2220
 2180
 2140
 2106
 2070
 2036
 2002
 1968
 1932
 1902
 1868
 1840
 1806
 1774
 1744
 1710
 1674
 1644
 1616
 1592
 1568
 1552
 1538
 1534
 1536
 1540
 1558
 1576
 1596
 1620
 1640
 1662
 1682
 1710
 1744
 1778
 1812
 1852
 1892
 1938
 1978
 2018
 2056
 2092
 2130
 2172
 2212
 2252
 2300
 2348
 2384
 2414
 2444
 2474
 2514
 2554
 2592
 2626
 2658
 2692
 2726
 2754
 2786
 2812
 2838
 2868
 2894
 2924
 2952
 2984
 3010
 3036
 3056
 3070
 3082
 3094
 3096
 3096
 3086
 3080
 3076
 3064
 3046
 3028
 3016
 3012
 3008
 3008
 3010
 3010
 3006
 3004
 3004
 3000
 2996
 2994
 2990
 2988
 2984
 2984
 2982
 2982
 2976
 2966
 2958
 2956
 2962
 2964
 2958
 2948
 2942
 2940
 2938
 2938
 2940
 2940
 2938
 2936
 2930
 2928
 2922
 2922
 2918
 2914
 2910
 2906
 2904
 2900
 2896
 2882
 2876
 2868
 2870
 2870
 2866
 2862
 2858
 2852
 2852
 2850
 2850
 2850
 2848
 2846
 2842
 2840
 2836
 2834
 2832
 2832
 2834
 2832
 2832
 2834
 2834
 2830
 2822
 2818
 2818
 2830
 2836
 2838
 2838
 2838
 2840
 2842
 2846
 2848
 2850
 2852
 2848
 2846
 2842
 2842
 2842
 2842
 2842
 2842
 2838
 2838
 2836
 2832
 2824
 2820
 2820
 2828
 2836
 2840
 2840
 2842
 2842
 2844
 2848
 2852
 2856
 2858
 2856
 2852
 2852
 2850
 2848
 2850
 2848
 2848
 2846
 2844
 2844
 2842
 2836
 2834
 2834
 2842
 2854
 2858
 2860
 2862
 2864
 2866
 2870
 2876
 2878
 2880
 2878
 2876
 2874
 2874
 2872
 2874
 2870
 2866
 2858
 2846
 2832
 2810
 2786
 2758
 2724
 2692
 2652
 2610
 2572
 2540
 2512
 2484
 2452
 2424
 2388
 2352
 2312
 2272
 2230
 2186
 2144
 2098
 2050
 2004
 1956
 1914
 1864
 1812
 1772
 1740
 1726
 1726
 1738
 1756
 1778
 1806
 1842
 1876
 1920
 1964
 2008
 2056
 2098
 2136
 2174
 2212
 2252
 2292
 2326
 2362
 2400
 2430
 2456
 2478
 2502
 2538
 2574
 2602
 2624
 2642
 2660
 2680
 2694
 2710
 2724
 2734
 2742
 2748
 2752
 2756
 2762
 2766
 2772
 2774
 2780
 2784
 2788
 2784
 2778
 2768
 2766
 2772
 2766
 2752
 2734
 2710
 2688
 2662
 2632
 2600
 2556
 2508
 2456
 2402
 2346
 2292
 2238
 2184
 2132
 2082
 2032
 1982
 1934
 1888
 1838
 1790
 1742
 1700
 1670
 1646
 1636
 1636
 1648
 1674
 1698
 1730
 1772
 1812
 1856
 1900
 1940
 1982
 2022
 2060
 2096
 2130
 2168
 2212
 2256
 2304
 2348
 2384
 2420
 2450
 2488
 2534
 2578
 2612
 2642
 2668
 2696
 2716
 2736
 2754
 2768
 2776
 2784
 2790
 2794
 2798
 2804
 2810
 2816
 2818
 2822
 2824
 2824
 2822
 2810
 2790
 2770
 2746
 2732
 2710
 2684
 2652
 2614
 2578
 2546
 2514
 2494
 2474
 2444
 2410
 2370
 2328
 2286
 2242
 2200
 2156
 2112
 2074
 2040
 2014
 2000
 1992
 1992
 2008
 2024
 2054
 2092
 2128
 2168
 2206
 2250
 2296
 2334
 2368
 2400
 2428
 2456
 2486
 2514
 2542
 2570
 2596
 2618
 2642
 2664
 2686
 2706
 2730
 2746
 2754
 2762
 2766
 2782
 2808
 2826
 2836
 2844
 2854
 2864
 2874
 2884
 2894
 2894
 2892
 2886
 2882
 2882
 2878
 2878
 2878
 2878
 2876
 2876
 2874
 2878
 2872
 2864
 2856
 2852
 2866
 2878
 2886
 2886
 2884
 2884
 2886
 2884
 2882
 2882
 2882
 2880
 2876
 2866
 2862
 2858
 2854
 2854
 2854
 2856
 2858
 2860
 2858
 2852
 2846
 2842
 2854
 2870
 2876
 2876
 2870
 2860
 2850
 2830
 2808
 2782
 2746
 2706
 2660
 2612
 2560
 2510
 2460
 2408
 2354
 2300
 2246
 2198
 2148
 2086
 2030
 1970
 1912
 1856
 1798
 1742
 1692
 1646
 1612
 1588
 1576
 1572
 1580
 1594
 1616
 1646
 1676
 1708
 1740
 1778
 1824
 1870
 1922
 1980
 2026
 2076
 2122
 2178
 2250
 2316
 2378
 2430
 2476
 2528
 2570
 2606
 2642
 2674
 2704
 2728
 2744
 2758
 2772
 2784
 2794
 2804
 2812
 2820
 2830
 2836
 2832
 2832
 2830
 2846
 2868
 2880
 2884
 2886
 2888
 2890
 2892
 2898
 2904
 2900
 2894
 2886
 2880
 2874
 2868
 2864
 2856
 2846
 2834
 2820
 2806
 2778
 2742
 2706
 2672
 2650
 2620
 2588
 2552
 2514
 2476
 2444
 2410
 2372
 2328
 2280
 2228
 2174
 2120
 2068
 2014
 1962
 1910
 1860
 1816
 1784
 1762
 1742
 1734
 1736
 1740
 1762
 1784
 1810
 1834
 1862
 1892
 1926
 1960
 1996
 2036
 2076
 2120
 2162
 2206
 2252
 2298
 2342
 2384
 2426
 2466
 2504
 2542
 2568
 2590
 2610
 2630
 2664
 2700
 2730
 2750
 2768
 2784
 2802
 2814
 2830
 2844
 2854
 2858
 2864
 2866
 2868
 2872
 2876
 2880
 2884
 2886
 2890
 2894
 2894
 2882
 2872
 2866
 2862
 2880
 2892
 2898
 2900
 2898
 2898
 2902
 2904
 2910
 2914
 2912
 2908
 2904
 2900
 2898
 2894
 2892
 2888
 2886
 2886
 2878
 2874
 2870
 2858
 2848
 2840
 2844
 2856
 2860
 2864
 2868
 2872
 2872
 2862
 2836
 2796
 2746
 2696
 2636
 2570
 2508
 2450
 2390
 2328
 2266
 2206
 2146
 2084
 2028
 1968
 1904
 1844
 1782
 1728
 1674
 1622
 1574
 1528
 1492
 1462
 1442
 1432
 1428
 1432
 1444
 1462
 1490
 1524
 1558
 1596
 1636
 1676
 1718
 1762
 1808
 1850
 1898
 1942
 1998
 2072
 2144
 2214
 2274
 2330
 2384
 2436
 2482
 2528
 2570
 2608
 2642
 2668
 2694
 2714
 2732
 2750
 2764
 2776
 2786
 2800
 2810
 2808
 2810
 2812
 2826
 2848
 2862
 2868
 2870
 2874
 2878
 2882
 2890
 2896
 2898
 2894
 2888
 2882
 2872
 2860
 2846
 2832
 2816
 2786
 2750
 2716
 2680
 2636
 2592
 2544
 2500
 2454
 2396
 2334
 2266
 2200
 2140
 2074
 2012
 1946
 1880
 1816
 1754
 1686
 1626
 1568
 1514
 1464
 1422
 1388
 1366
 1352
 1336
 1332
 1334
 1346
 1366
 1390
 1422
 1452
 1492
 1534
 1576
 1620
 1664
 1710
 1758
 1808
 1858
 1912
 1966
 2018
 2068
 2114
 2162
 2218
 2264
 2298
 2330
 2356
 2394
 2442
 2486
 2526
 2558
 2590
 2620
 2648
 2670
 2698
 2724
 2742
 2758
 2768
 2778
 2792
 2804
 2812
 2820
 2826
 2834
 2840
 2838
 2834
 2832
 2832
 2842
 2840
 2830
 2810
 2786
 2766
 2742
 2722
 2708
 2698
 2690
 2684
 2680
 2682
 2684
 2688
 2698
 2710
 2722
 2736
 2752
 2762
 2766
 2772
 2782
 2806
 2828
 2842
 2848
 2854
 2866
 2876
 2886
 2898
 2900
 2900
 2896
 2890
 2888
 2886
 2882
 2882
 2880
 2878
 2872
 2864
 2850
 2824
 2798
 2768
 2750
 2732
 2700
 2662
 2616
 2564
 2516
 2464
 2414
 2362
 2304
 2246
 2184
 2122
 2060
 2000
 1940
 1880
 1820
 1762
 1712
 1662
 1604
 1540
 1476
 1408
 1350
 1286
 1224
 1174
 1138
 1114
 1104
 1106
 1116
 1134
 1158
 1188
 1216
 1258
 1304
 1360
 1418
 1480
 1550
 1624
 1688
 1744
 1802
 1854
 1912
 1982
 2040
 2088
 2134
 2178
 2224
 2262
 2294
 2326
 2360
 2392
 2422
 2454
 2488
 2522
 2558
 2590
 2618
 2644
 2668
 2692
 2702
 2710
 2718
 2732
 2760
 2780
 2794
 2802
 2808
 2820
 2828
 2836
 2850
 2858
 2862
 2858
 2846
 2832
 2812
 2786
 2752
 2712
 2664
 2610
 2558
 2498
 2448
 2406
 2354
 2296
 2228
 2160
 2088
 2014
 1944
 1882
 1822
 1764
 1704
 1652
 1598
 1552
 1514
 1488
 1470
 1464
 1462
 1466
 1474
 1474
 1480
 1492
 1506
 1532
 1556
 1582
 1604
 1628
 1646
 1658
 1666
 1672
 1672
 1666
 1660
 1652
 1648
 1650
 1658
 1670
 1686
 1706
 1728
 1738
 1752
 1758
 1772
 1790
 1798
 1800
 1796
 1788
 1782
 1772
 1776
 1792
 1818
 1838
 1858
 1880
 1910
 1950
 1998
 2054
 2118
 2164
 2206
 2252
 2296
 2348
 2386
 2406
 2418
 2428
 2436
 2438
 2436
 2440
 2446
 2466
 2500
 2530
 2560
 2594
 2626
 2658
 2690
 2718
 2734
 2750
 2762
 2790
 2824
 2846
 2862
 2874
 2888
 2892
 2888
 2884
 2872
 2850
 2818
 2778
 2740
 2700
 2654
 2606
 2556
 2502
 2452
 2402
 2340
 2274
 2210
 2148
 2096
 2040
 1986
 1932
 1880
 1836
 1792
 1754
 1720
 1690
 1668
 1654
 1648
 1652
 1664
 1684
 1710
 1740
 1772
 1808
 1846
 1880
 1918
 1956
 2000
 2062
 2128
 2188
 2240
 2288
 2338
 2382
 2426
 2468
 2510
 2550
 2586
 2618
 2648
 2678
 2706
 2732
 2758
 2780
 2800
 2820
 2840
 2848
 2854
 2856
 2868
 2894
 2914
 2928
 2934
 2942
 2950
 2958
 2962
 2972
 2976
 2978
 2976
 2972
 2972
 2970
 2968
 2962
 2954
 2940
 2920
 2894
 2872
 2838
 2790
 2744
 2694
 2654
 2610
 2562
 2510
 2452
 2396
 2346
 2290
 2238
 2180
 2120
 2062
 2000
 1942
 1890
 1842
 1800
 1766
 1742
 1730
 1730
 1746
 1764
 1786
 1814
 1844
 1894
 1942
 1992
 2052
 2104
 2160
 2214
 2262
 2314
 2368
 2420
 2466
 2508
 2544
 2582
 2618
 2648
 2680
 2710
 2738
 2762
 2786
 2798
 2808
 2818
 2828
 2856
 2880
 2896
 2906
 2914
 2924
 2934
 2940
 2946
 2952
 2956
 2956
 2954
 2950
 2946
 2938
 2926
 2904
 2878
 2850
 2824
 2794
 2752
 2706
 2656
 2614
 2572
 2526
 2478
 2422
 2368
 2324
 2284
 2244
 2198
 2148
 2098
 2046
 1990
 1934
 1882
 1830
 1780
 1734
 1692
 1660
 1638
 1614
 1600
 1596
 1598
 1612
 1630
 1652
 1674
 1700
 1730
 1762
 1794
 1826
 1860
 1898
 1932
 1964
 1996
 2032
 2066
 2108
 2146
 2182
 2216
 2248
 2280
 2302
 2332
 2358
 2396
 2442
 2486
 2524
 2556
 2592
 2632
 2664
 2692
 2724
 2750
 2774
 2796
 2814
 2830
 2848
 2866
 2882
 2896
 2910
 2924
 2936
 2946
 2942
 2940
 2932
 2928
 2928
 2918
 2896
 2868
 2834
 2802
 2762
 2720
 2678
 2628
 2574
 2518
 2460
 2402
 2344
 2288
 2234
 2184
 2134
 2086
 2038
 1994
 1946
 1890
 1842
 1786
 1740
 1694
 1650
 1612
 1578
 1552
 1536
 1526
 1528
 1534
 1548
 1566
 1588
 1624
 1660
 1704
 1746
 1790
 1838
 1886
 1936
 1988
 2042
 2088
 2132
 2178
 2220
 2278
 2332
 2370
 2400
 2428
 2458
 2492
 2526
 2560
 2596
 2630
 2662
 2690
 2718
 2744
 2768
 2796
 2820
 2838
 2856
 2872
 2892
 2910
 2916
 2920
 2922
 2920
 2934
 2948
 2954
 2950
 2942
 2932
 2916
 2898
 2878
 2852
 2820
 2782
 2736
 2692
 2646
 2602
 2554
 2502
 2452
 2400
 2344
 2288
 2238
 2180
 2114
 2054
 1990
 1932
 1876
 1818
 1766
 1716
 1672
 1640
 1614
 1596
 1584
 1580
 1580
 1584
 1596
 1612
 1634
 1660
 1688
 1718
 1750
 1784
 1820
 1862
 1894
 1932
 1964
 2004
 2052
 2094
 2134
 2174
 2212
 2262
 2308
 2350
 2392
 2434
 2478
 2522
 2560
 2598
 2636
 2676
 2710
 2744
 2774
 2802
 2830
 2858
 2874
 2882
 2890
 2890
 2906
 2926
 2934
 2936
 2928
 2918
 2904
 2886
 2868
 2854
 2834
 2800
 2754
 2704
 2652
 2596
 2540
 2484
 2428
 2370
 2314
 2264
 2216
 2158
 2096
 2022
 1956
 1890
 1822
 1758
 1694
 1642
 1602
 1564
 1530
 1496
 1466
 1432
 1390
 1346
 1302
 1262
 1226
 1194
 1162
 1136
 1120
 1112
 1096
 1090
 1070
 1046
 1022
 994
 962
 926
 888
 850
 808
 772
 732
 688
 652
 622
 598
 576
 558
 546
 542
 548
 560
 576
 594
 620
 654
 690
 730
 770
 810
 856
 902
 952
 1004
 1048
 1102
 1152
 1202
 1252
 1298
 1352
 1408
 1464
 1518
 1570
 1620
 1670
 1726
 1776
 1820
 1874
 1918
 1972
 2030
 2088
 2142
 2192
 2246
 2316
 2380
 2446
 2516
 2580
 2642
 2704
 2764
 2816
 2868
 2916
 2958
 2998
 3036
 3074
 3102
 3126
 3128
 3116
 3100
 3092
 3082
 3082
 3082
 3076
 3070
 3070
 3080
 3098
 3110
 3124
 3136
 3142
 3146
 3146
 3144
 3142
 3136
 3134
 3132
 3128
 3128
 3120
 3112
 3102
 3092
 3086
 3070
 3060
 3048
 3042
 3044
 3034
 3018
 2998
 2974
 2950
 2922
 2888
 2852
 2806
 2758
 2706
 2652
 2594
 2538
 2482
 2430
 2376
 2326
 2274
 2224
 2180
 2142
 2100
 2054
 2014
 1972
 1932
 1894
 1856
 1820
 1788
 1766
 1756
 1754
 1764
 1780
 1798
 1820
 1846
 1872
 1908
 1948
 1988
 2028
 2066
 2104
 2138
 2174
 2214
 2248
 2284
 2320
 2348
 2390
 2434
 2474
 2512
 2544
 2572
 2606
 2634
 2662
 2688
 2716
 2740
 2764
 2784
 2800
 2818
 2834
 2854
 2872
 2890
 2908
 2924
 2934
 2942
 2942
 2944
 2944
 2952
 2970
 2976
 2980
 2974
 2964
 2956
 2942
 2924
 2902
 2874
 2840
 2804
 2764
 2728
 2698
 2670
 2644
 2614
 2584
 2554
 2520
 2490
 2452
 2408
 2370
 2324
 2284
 2244
 2202
 2162
 2120
 2080
 2044
 2000
 1956
 1914
 1872
 1832
 1792
 1758
 1728
 1704
 1684
 1668
 1658
 1646
 1636
 1628
 1612
 1594
 1580
 1560
 1548
 1542
 1546
 1556
 1570
 1588
 1610
 1628
 1652
 1668
 1690
 1712
 1732
 1752
 1776
 1798
 1822
 1848
 1874
 1898
 1924
 1952
 1974
 1998
 2024
 2046
 2076
 2110
 2142
 2172
 2198
 2224
 2256
 2280
 2308
 2336
 2366
 2398
 2426
 2458
 2490
 2524
 2558
 2594
 2628
 2658
 2688
 2718
 2742
 2754
 2766
 2776
 2794
 2826
 2854
 2876
 2892
 2908
 2926
 2942
 2956
 2970
 2980
 2988
 2994
 2998
 3004
 3006
 3004
 3006
 3006
 3008
 3006
 3006
 3006
 3006
 3002
 2992
 2986
 2984
 2996
 3006
 3008
 3008
 3006
 3010
 3014
 3014
 3018
 3022
 3024
 3024
 3020
 3018
 3016
 3012
 3006
 3000
 2986
 2970
 2946
 2914
 2874
 2838
 2796
 2760
 2728
 2696
 2670
 2636
 2598
 2552
 2510
 2468
 2424
 2380
 2336
 2292
 2250
 2206
 2160
 2114
 2070
 2028
 1990
 1954
 1922
 1894
 1874
 1860
 1854
 1848
 1852
 1858
 1868
 1886
 1904
 1926
 1946
 1964
 1990
 2024
 2060
 2096
 2132
 2164
 2192
 2218
 2240
 2266
 2298
 2336
 2376
 2412
 2442
 2466
 2486
 2500
 2502
 2508
 2508
 2524
 2552
 2582
 2618
 2652
 2684
 2716
 2744
 2766
 2790
 2812
 2834
 2854
 2870
 2882
 2896
 2904
 2910
 2914
 2916
 2918
 2918
 2920
 2914
 2904
 2898
 2894
 2904
 2924
 2938
 2948
 2954
 2960
 2970
 2976
 2984
 2990
 2992
 2990
 2984
 2974
 2962
 2942
 2920
 2896
 2872
 2842
 2810
 2776
 2744
 2706
 2660
 2620
 2582
 2550
 2522
 2508
 2508
 2502
 2488
 2468
 2440
 2406
 2368
 2328
 2290
 2254
 2220
 2194
 2174
 2164
 2156
 2152
 2154
 2160
 2170
 2178
 2186
 2200
 2214
 2236
 2256
 2276
 2292
 2308
 2328
 2356
 2378
 2406
 2434
 2462
 2492
 2522
 2550
 2582
 2616
 2650
 2680
 2710
 2734
 2760
 2788
 2810
 2822
 2834
 2840
 2856
 2882
 2898
 2912
 2922
 2930
 2940
 2950
 2958
 2968
 2968
 2968
 2968
 2966
 2964
 2966
 2966
 2966
 2966
 2966
 2964
 2966
 2968
 2966
 2958
 2952
 2946
 2954
 2968
 2976
 2978
 2976
 2974
 2976
 2980
 2982
 2984
 2984
 2984
 2982
 2974
 2970
 2968
 2966
 2968
 2960
 2954
 2948
 2946
 2946
 2942
 2932
 2924
 2920
 2924
 2934
 2930
 2922
 2912
 2900
 2886
 2864
 2842
 2812
 2776
 2730
 2678
 2626
 2570
 2508
 2448
 2386
 2324
 2268
 2210
 2152
 2098
 2032
 1964
 1902
 1838
 1786
 1730
 1674
 1620
 1566
 1524
 1492
 1470
 1460
 1460
 1468
 1482
 1502
 1530
 1568
 1608
 1654
 1696
 1740
 1784
 1826
 1868
 1898
 1938
 1972
 2010
 2052
 2088
 2122
 2154
 2184
 2218
 2246
 2274
 2302
 2328
 2356
 2384
 2412
 2442
 2472
 2506
 2542
 2578
 2612
 2644
 2678
 2710
 2732
 2752
 2770
 2788
 2818
 2846
 2870
 2886
 2900
 2914
 2930
 2936
 2946
 2956
 2964
 2970
 2970
 2970
 2972
 2976
 2976
 2978
 2976
 2978
 2978
 2980
 2980
 2972
 2964
 2958
 2956
 2966
 2974
 2976
 2974
 2972
 2968
 2966
 2966
 2966
 2964
 2952
 2932
 2912
 2890
 2868
 2842
 2810
 2776
 2738
 2694
 2648
 2606
 2562
 2512
 2460
 2412
 2360
 2314
 2260
 2208
 2150
 2090
 2036
 1988
 1938
 1898
 1864
 1836
 1818
 1808
 1808
 1820
 1834
 1856
 1880
 1910
 1938
 1972
 2014
 2056
 2098
 2148
 2192
 2248
 2306
 2360
 2414
 2464
 2516
 2570
 2616
 2658
 2696
 2732
 2762
 2794
 2822
 2844
 2866
 2882
 2896
 2906
 2914
 2924
 2932
 2940
 2938
 2936
 2936
 2942
 2958
 2968
 2974
 2976
 2976
 2974
 2974
 2974
 2978
 2980
 2978
 2974
 2972
 2966
 2964
 2958
 2950
 2938
 2920
 2898
 2870
 2838
 2798
 2750
 2700
 2652
 2608
 2558
 2508
 2456
 2404
 2356
 2308
 2258
 2214
 2168
 2120
 2072
 2020
 1968
 1920
 1868
 1816
 1764
 1712
 1660
 1616
 1570
 1520
 1472
 1426
 1386
 1358
 1328
 1302
 1288
 1278
 1274
 1274
 1276
 1284
 1294
 1310
 1322
 1338
 1362
 1388
 1416
 1444
 1472
 1504
 1538
 1580
 1614
 1648
 1690
 1726
 1774
 1820
 1862
 1908
 1952
 1996
 2042
 2082
 2124
 2166
 2208
 2252
 2288
 2330
 2370
 2410
 2448
 2484
 2518
 2548
 2578
 2606
 2626
 2642
 2658
 2670
 2698
 2724
 2744
 2758
 2770
 2784
 2800
 2814
 2830
 2848
 2860
 2870
 2878
 2884
 2890
 2898
 2904
 2904
 2904
 2904
 2908
 2910
 2914
 2912
 2906
 2902
 2898
 2910
 2922
 2926
 2926
 2924
 2918
 2914
 2906
 2898
 2888
 2870
 2846
 2814
 2778
 2742
 2704
 2664
 2622
 2580
 2536
 2492
 2450
 2414
 2372
 2324
 2280
 2232
 2190
 2154
 2116
 2076
 2034
 1996
 1966
 1938
 1922
 1912
 1910
 1916
 1926
 1938
 1954
 1974
 1996
 2020
 2044
 2070
 2096
 2128
 2160
 2186
 2214
 2242
 2268
 2308
 2344
 2376
 2404
 2430
 2460
 2492
 2522
 2552
 2584
 2612
 2640
 2666
 2690
 2716
 2738
 2760
 2782
 2802
 2820
 2834
 2854
 2870
 2876
 2882
 2886
 2892
 2910
 2924
 2932
 2938
 2942
 2948
 2954
 2960
 2970
 2974
 2976
 2974
 2974
 2974
 2972
 2970
 2970
 2970
 2972
 2970
 2970
 2972
 2970
 2964
 2958
 2952
 2958
 2972
 2980
 2978
 2972
 2968
 2966
 2968
 2968
 2970
 2968
 2960
 2948
 2930
 2910
 2884
 2856
 2824
 2790
 2756
 2716
 2680
 2644
 2604
 2560
 2520
 2474
 2436
 2398
 2356
 2318
 2282
 2246
 2214
 2184
 2158
 2130
 2108
 2090
 2072
 2062
 2062
 2072
 2094
 2124
 2164
 2210
 2262
 2324
 2392
 2458
 2532
 2602
 2688
 2780
 2870
 2956
 3036
 3116
 3202
 3292
 3404
 3532
 3652
 3760
 3854
 3934
 4012
 4082
 4094
 4094
 4094
 4094
 4094
 4094
 4094
 4094
 4094
 4094
 4094
 4094
 4094
 4094
 4094
 4094
 4094
 4094
 4094
 4082
 4058
 4036
 4012
 3990
 3966
 3950
 3936
 3924
 3914
 3900
 3888
 3880
 3876
 3864
 3848
 3834
 3824
 3822
 3820
 3810
 3798
 3788
 3782
 3780
 3774
 3772
 3766
 3760
 3748
 3732
 3712
 3698
 3686
 3674
 3660
 3650
 3640
 3628
 3612
 3588
 3550
 3504
 3452
 3388
 3320
 3232
 3136
 3036
 2930
 2822
 2716
 2612
 2510
 2412
 2318
 2230
 2142
 2060
 1984
 1908
 1836
 1766
 1698
 1634
 1572
 1520
 1470
 1418
 1364
 1318
 1274
 1240
 1212
 1194
 1192
 1198
 1214
 1234
 1256
 1288
 1324
 1360
 1400
 1444
 1496
 1548
 1604
 1658
 1714
 1776
 1836
 1896
 1954
 2012
 2060
 2112
 2160
 2210
 2264
 2316
 2364
 2402
 2438
 2478
 2514
 2548
 2582
 2620
 2660
 2700
 2742
 2778
 2814
 2850
 2886
 2916
 2944
 2972
 3000
 3022
 3044
 3062
 3074
 3088
 3096
 3114
 3134
 3148
 3160
 3170
 3180
 3196
 3208
 3220
 3226
 3232
 3236
 3236
 3236
 3234
 3234
 3234
 3234
 3234
 3230
 3228
 3226
 3226
 3226
 3220
 3210
 3204
 3198
 3198
 3200
 3194
 3184
 3172
 3160
 3146
 3130
 3122
 3118
 3112
 3108
 3102
 3098
 3098
 3096
 3096
 3100
 3102
 3106
 3108
 3108
 3110
 3110
 3110
 3106
 3102
 3096
 3102
 3102
 3096
 3086
 3076
 3072
 3070
 3068
 3066
 3062
 3056
 3046
 3034
 3022
 3010
 3000
 2994
 2988
 2980
 2974
 2966
 2964
 2962
 2952
 2936
 2928
 2918
 2916
 2918
 2916
 2912
 2906
 2902
 2900
 2898
 2900
 2900
 2900
 2896
 2892
 2890
 2888
 2888
 2886
 2884
 2882
 2882
 2882
 2878
 2874
 2870
 2862
 2858
 2852
 2856
 2864
 2866
 2868
 2864
 2862
 2864
 2866
 2870
 2870
 2868
 2866
 2862
 2858
 2856
 2854
 2854
 2854
 2852
 2856
 2856
 2856
 2858
 2858
 2854
 2852
 2850
 2860
 2868
 2874
 2876
 2878
 2878
 2878
 2880
 2880
 2876
 2868
 2856
 2836
 2816
 2790
 2764
 2732
 2704
 2674
 2646
 2616
 2588
 2562
 2528
 2484
 2444
 2398
 2360
 2320
 2278
 2238
 2198
 2154
 2114
 2072
 2032
 1992
 1954
 1914
 1876
 1840
 1806
 1774
 1744
 1716
 1688
 1666
 1654
 1652
 1652
 1658
 1672
 1684
 1704
 1728
 1752
 1776
 1804
 1832
 1862
 1886
 1912
 1940
 1968
 2000
 2032
 2062
 2098
 2136
 2172
 2206
 2242
 2282
 2322
 2360
 2398
 2430
 2460
 2492
 2518
 2556
 2594
 2630
 2658
 2682
 2706
 2728
 2748
 2768
 2786
 2802
 2816
 2826
 2834
 2840
 2846
 2852
 2852
 2850
 2850
 2848
 2848
 2848
 2846
 2838
 2832
 2828
 2832
 2840
 2846
 2850
 2850
 2852
 2856
 2858
 2864
 2870
 2874
 2874
 2872
 2870
 2868
 2860
 2852
 2842
 2830
 2814
 2794
 2772
 2744
 2720
 2686
 2648
 2608
 2564
 2524
 2478
 2426
 2376
 2322
 2268
 2216
 2168
 2120
 2076
 2036
 2000
 1968
 1942
 1926
 1922
 1928
 1940
 1954
 1974
 1996
 2020
 2056
 2090
 2122
 2160
 2196
 2238
 2284
 2324
 2360
 2390
 2416
 2444
 2468
 2494
 2520
 2548
 2574
 2598
 2620
 2644
 2666
 2690
 2708
 2724
 2740
 2754
 2764
 2780
 2790
 2794
 2798
 2800
 2804
 2818
 2834
 2844
 2850
 2854
 2858
 2864
 2872
 2878
 2886
 2890
 2890
 2880
 2872
 2864
 2858
 2850
 2838
 2824
 2806
 2786
 2762
 2734
 2704
 2668
 2630
 2592
 2552
 2522
 2488
 2450
 2414
 2380
 2348
 2316
 2280
 2250
 2210
 2172
 2136
 2100
 2068
 2038
 2016
 2000
 1992
 1988
 1992
 2002
 2014
 2030
 2050
 2066
 2090
 2112
 2142
 2178
 2212
 2248
 2282
 2316
 2356
 2392
 2426
 2462
 2498
 2532
 2562
 2592
 2620
 2646
 2670
 2694
 2714
 2734
 2752
 2770
 2786
 2806
 2814
 2820
 2826
 2836
 2856
 2870
 2882
 2888
 2886
 2890
 2894
 2904
 2912
 2920
 2924
 2926
 2924
 2924
 2922
 2922
 2920
 2920
 2922
 2920
 2918
 2918
 2918
 2918
 2910
 2902
 2898
 2902
 2914
 2920
 2920
 2918
 2916
 2916
 2910
 2906
 2902
 2894
 2882
 2868
 2850
 2832
 2808
 2786
 2762
 2740
 2718
 2696
 2682
 2670
 2666
 2662
 2658
 2660
 2664
 2680
 2700
 2714
 2726
 2738
 2750
 2766
 2780
 2796
 2812
 2826
 2836
 2844
 2848
 2854
 2860
 2864
 2868
 2872
 2876
 2880
 2884
 2886
 2890
 2886
 2874
 2870
 2866
 2874
 2886
 2892
 2892
 2890
 2892
 2890
 2888
 2890
 2892
 2890
 2886
 2878
 2870
 2862
 2856
 2846
 2834
 2820
 2804
 2782
 2760
 2732
 2702
 2662
 2616
 2572
 2528
 2490
 2444
 2396
 2348
 2294
 2242
 2194
 2146
 2104
 2060
 2014
 1964
 1912
 1858
 1804
 1754
 1706
 1662
 1626
 1602
 1590
 1584
 1590
 1596
 1610
 1630
 1650
 1678
 1716
 1758
 1800
 1842
 1882
 1922
 1960
 2000
 2038
 2078
 2120
 2164
 2206
 2248
 2290
 2332
 2370
 2410
 2444
 2478
 2512
 2542
 2558
 2576
 2590
 2612
 2644
 2668
 2688
 2702
 2716
 2734
 2750
 2764
 2780
 2792
 2802
 2810
 2814
 2820
 2824
 2830
 2834
 2840
 2840
 2846
 2850
 2856
 2858
 2850
 2842
 2836
 2838
 2842
 2836
 2822
 2808
 2794
 2778
 2756
 2728
 2696
 2658
 2618
 2576
 2532
 2486
 2436
 2388
 2342
 2290
 2236
 2184
 2130
 2080
 2036
 1988
 1938
 1892
 1844
 1800
 1756
 1710
 1660
 1606
 1554
 1508
 1458
 1414
 1368
 1322
 1280
 1240
 1202
 1164
 1124
 1088
 1050
 1016
 986
 966
 956
 948
 942
 946
 954
 972
 996
 1020
 1052
 1090
 1132
 1178
 1228
 1276
 1330
 1382
 1426
 1470
 1508
 1548
 1592
 1632
 1670
 1714
 1760
 1808
 1860
 1916
 1964
 2012
 2062
 2110
 2176
 2238
 2294
 2340
 2382
 2424
 2464
 2500
 2540
 2580
 2620
 2660
 2702
 2744
 2786
 2828
 2864
 2900
 2928
 2952
 2968
 2978
 2982
 2982
 2976
 2968
 2958
 2950
 2938
 2920
 2900
 2886
 2882
 2880
 2878
 2880
 2876
 2870
 2864
 2858
 2852
 2848
 2848
 2848
 2846
 2844
 2844
 2844
 2844
 2846
 2844
 2836
 2828
 2820
 2824
 2828
 2820
 2806
 2788
 2772
 2762
 2750
 2750
 2750
 2748
 2748
 2746
 2750
 2756
 2762
 2772
 2778
 2788
 2800
 2808
 2816
 2826
 2826
 2822
 2822
 2820
 2830
 2838
 2834
 2820
 2800
 2776
 2750
 2716
 2684
 2646
 2606
 2564
 2520
 2472
 2420
 2366
 2312
 2260
 2210
 2158
 2104
 2050
 1996
 1936
 1874
 1812
 1738
 1680
 1620
 1562
 1506
 1456
 1418
 1388
 1362
 1354
 1350
 1354
 1364
 1374
 1392
 1420
 1452
 1484
 1518
 1552
 1588
 1626
 1664
 1694
 1726
 1766
 1802
 1848
 1888
 1928
 1962
 1992
 2022
 2056
 2086
 2122
 2156
 2184
 2210
 2234
 2254
 2278
 2308
 2336
 2366
 2394
 2424
 2452
 2486
 2512
 2534
 2558
 2580
 2618
 2658
 2690
 2714
 2734
 2752
 2772
 2788
 2808
 2824
 2834
 2842
 2848
 2854
 2856
 2862
 2866
 2872
 2878
 2884
 2886
 2892
 2892
 2886
 2876
 2872
 2868
 2878
 2890
 2892
 2892
 2890
 2890
 2892
 2896
 2898
 2898
 2886
 2870
 2852
 2832
 2806
 2776
 2738
 2694
 2646
 2602
 2560
 2520
 2486
 2444
 2396
 2348
 2296
 2252
 2206
 2154
 2100
 2044
 1990
 1940
 1888
 1842
 1798
 1764
 1736
 1718
 1712
 1718
 1730
 1752
 1778
 1808
 1846
 1886
 1934
 1984
 2026
 2074
 2116
 2172
 2230
 2288
 2340
 2384
 2430
 2476
 2518
 2556
 2590
 2622
 2652
 2678
 2698
 2722
 2742
 2762
 2780
 2796
 2810
 2822
 2832
 2848
 2854
 2852
 2852
 2854
 2870
 2888
 2898
 2902
 2906
 2900
 2900
 2900
 2906
 2908
 2908
 2904
 2898
 2892
 2886
 2878
 2866
 2854
 2840
 2826
 2810
 2792
 2772
 2744
 2704
 2664
 2626
 2594
 2560
 2520
 2476
 2430
 2388
 2344
 2300
 2256
 2206
 2158
 2106
 2050
 1996
 1944
 1896
 1850
 1806
 1770
 1742
 1728
 1726
 1734
 1746
 1762
 1786
 1806
 1836
 1872
 1910
 1950
 1988
 2030
 2078
 2120
 2166
 2208
 2250
 2294
 2334
 2368
 2406
 2444
 2480
 2512
 2542
 2570
 2598
 2626
 2656
 2682
 2698
 2710
 2724
 2742
 2768
 2790
 2806
 2820
 2832
 2848
 2860
 2872
 2888
 2898
 2906
 2910
 2910
 2906
 2902
 2900
 2900
 2900
 2902
 2902
 2902
 2904
 2908
 2910
 2906
 2894
 2886
 2878
 2880
 2880
 2868
 2854
 2836
 2816
 2800
 2784
 2776
 2768
 2764
 2756
 2750
 2746
 2748
 2752
 2756
 2764
 2770
 2778
 2788
 2798
 2808
 2818
 2826
 2826
 2830
 2832
 2846
 2868
 2886
 2896
 2900
 2906
 2912
 2914
 2918
 2924
 2926
 2928
 2924
 2920
 2918
 2914
 2914
 2912
 2910
 2910
 2910
 2908
 2908
 2908
 2908
 2906
 2896
 2892
 2890
 2904
 2916
 2922
 2918
 2912
 2908
 2908
 2906
 2904
 2900
 2896
 2888
 2874
 2848
 2824
 2796
 2762
 2726
 2688
 2648
 2612
 2580
 2552
 2532
 2510
 2482
 2448
 2414
 2378
 2348
 2314
 2280
 2242
 2208
 2174
 2138
 2102
 2068
 2030
 1996
 1964
 1928
 1900
 1874
 1850
 1828
 1808
 1786
 1764
 1746
 1732
 1716
 1692
 1672
 1652
 1630
 1612
 1588
 1562
 1540
 1520
 1508
 1500
 1506
 1520
 1536
 1562
 1592
 1624
 1662
 1702
 1744
 1788
 1838
 1890
 1944
 2000
 2058
 2106
 2152
 2192
 2234
 2274
 2306
 2334
 2358
 2378
 2402
 2428
 2450
 2480
 2502
 2526
 2558
 2586
 2618
 2654
 2692
 2734
 2774
 2816
 2858
 2900
 2938
 2972
 2992
 3012
 3018
 3016
 3014
 3014
 3012
 3002
 2994
 2990
 2984
 2976
 2970
 2962
 2958
 2956
 2954
 2952
 2952
 2950
 2948
 2942
 2938
 2926
 2916
 2906
 2904
 2902
 2894
 2880
 2874
 2862
 2864
 2870
 2870
 2868
 2864
 2862
 2866
 2870
 2876
 2884
 2884
 2880
 2870
 2862
 2854
 2848
 2846
 2846
 2844
 2844
 2844
 2844
 2846
 2850
 2854
 2854
 2850
 2844
 2842
 2844
 2860
 2872
 2878
 2876
 2872
 2866
 2864
 2858
 2856
 2854
 2850
 2846
 2842
 2840
 2838
 2838
 2836
 2836
 2838
 2838
 2838
 2844
 2848
 2850
 2856
 2858
 2854
 2854
 2858
 2878
 2900
 2908
 2908
 2908
 2908
 2910
 2912
 2918
 2920
 2920
 2920
 2912
 2902
 2892
 2886
 2872
 2854
 2828
 2794
 2756
 2716
 2678
 2644
 2614
 2592
 2562
 2532
 2500
 2466
 2434
 2392
 2350
 2302
 2248
 2200
 2150
 2096
 2044
 1996
 1950
 1912
 1884
 1864
 1864
 1874
 1894
 1922
 1954
 1988
 2024
 2062
 2106
 2146
 2176
 2206
 2246
 2288
 2346
 2404
 2456
 2504
 2548
 2592
 2634
 2668
 2702
 2732
 2760
 2784
 2802
 2816
 2830
 2846
 2858
 2868
 2874
 2878
 2880
 2882
 2886
 2890
 2892
 2884
 2880
 2874
 2878
 2894
 2900
 2904
 2906
 2906
 2904
 2904
 2906
 2910
 2912
 2912
 2908
 2902
 2898
 2898
 2894
 2890
 2882
 2874
 2860
 2840
 2814
 2784
 2750
 2710
 2668
 2628
 2590
 2562
 2530
 2494
 2460
 2424
 2390
 2362
 2330
 2304
 2276
 2244
 2208
 2172
 2132
 2092
 2054
 2022
 1990
 1964
 1938
 1916
 1902
 1896
 1904
 1922
 1942
 1968
 1996
 2028
 2070
 2108
 2144
 2178
 2216
 2256
 2302
 2342
 2386
 2426
 2466
 2502
 2536
 2566
 2600
 2636
 2672
 2702
 2734
 2760
 2784
 2804
 2822
 2844
 2858
 2860
 2868
 2868
 2884
 2904
 2916
 2922
 2926
 2930
 2938
 2946
 2952
 2958
 2960
 2958
 2954
 2952
 2948
 2946
 2944
 2944
 2944
 2946
 2938
 2934
 2932
 2928
 2926
 2918
 2906
 2896
 2890
 2900
 2910
 2914
 2912
 2910
 2910
 2912
 2910
 2912
 2908
 2896
 2880
 2858
 2834
 2808
 2778
 2748
 2718
 2686
 2652
 2620
 2588
 2556
 2528
 2498
 2458
 2416
 2370
 2318
 2272
 2220
 2164
 2110
 2054
 1998
 1946
 1892
 1842
 1794
 1750
 1710
 1682
 1660
 1650
 1650
 1656
 1668
 1686
 1708
 1736
 1764
 1800
 1840
 1872
 1908
 1946
 1990
 2040
 2086
 2134
 2178
 2222
 2270
 2318
 2358
 2402
 2444
 2486
 2528
 2564
 2598
 2634
 2670
 2700
 2728
 2754
 2782
 2806
 2828
 2850
 2868
 2878
 2886
 2888
 2896
 2914
 2922
 2924
 2928
 2928
 2934
 2936
 2938
 2944
 2948
 2950
 2950
 2944
 2942
 2940
 2940
 2938
 2936
 2930
 2924
 2918
 2908
 2898
 2886
 2860
 2828
 2792
 2750
 2718
 2676
 2628
 2580
 2530
 2482
 2436
 2388
 2342
 2292
 2240
 2190
 2138
 2088
 2038
 1990
 1944
 1902
 1866
 1836
 1818
 1810
 1808
 1818
 1830
 1838
 1856
 1876
 1902
 1936
 1966
 1996
 2026
 2056
 2090
 2124
 2158
 2194
 2236
 2278
 2314
 2350
 2386
 2422
 2458
 2492
 2522
 2550
 2576
 2596
 2612
 2628
 2644
 2652
 2660
 2666
 2680
 2706
 2726
 2740
 2752
 2762
 2776
 2790
 2802
 2816
 2826
 2832
 2836
 2838
 2840
 2842
 2846
 2848
 2850
 2854
 2854
 2854
 2850
 2846
 2840
 2826
 2804
 2784
 2764
 2748
 2722
 2688
 2650
 2610
 2570
 2532
 2490
 2452
 2402
 2350
 2294
 2236
 2170
 2104
 2038
 1976
 1916
 1862
 1820
 1782
 1752
 1734
 1728
 1730
 1736
 1752
 1770
 1796
 1830
 1862
 1894
 1926
 1960
 1996
 2034
 2072
 2110
 2156
 2200
 2240
 2272
 2306
 2340
 2376
 2410
 2440
 2470
 2500
 2526
 2552
 2578
 2604
 2618
 2630
 2640
 2656
 2684
 2708
 2726
 2738
 2748
 2758
 2770
 2780
 2794
 2802
 2808
 2812
 2810
 2804
 2798
 2786
 2772
 2754
 2726
 2698
 2668
 2634
 2594
 2558
 2518
 2466
 2416
 2362
 2314
 2270
 2220
 2172
 2122
 2074
 2028
 1986
 1934
 1884
 1834
 1784
 1732
 1678
 1628
 1584
 1546
 1520
 1508
 1506
 1516
 1532
 1554
 1588
 1620
 1652
 1690
 1730
 1778
 1834
 1888
 1942
 1990
 2040
 2094
 2146
 2192
 2242
 2292
 2344
 2388
 2426
 2464
 2504
 2538
 2566
 2596
 2618
 2642
 2662
 2680
 2698
 2712
 2714
 2720
 2726
 2736
 2760
 2774
 2784
 2792
 2800
 2810
 2824
 2838
 2852
 2862
 2868
 2872
 2876
 2878
 2882
 2886
 2882
 2880
 2882
 2882
 2882
 2886
 2890
 2888
 2882
 2878
 2874
 2886
 2902
 2910
 2912
 2912
 2910
 2914
 2920
 2926
 2930
 2928
 2924
 2916
 2902
 2886
 2870
 2852
 2830
 2806
 2776
 2742
 2704
 2666
 2628
 2584
 2536
 2492
 2452
 2428
 2402
 2384
 2370
 2360
 2356
 2364
 2372
 2386
 2402
 2420
 2438
 2458
 2480
 2502
 2528
 2556
 2582
 2608
 2632
 2658
 2676
 2694
 2706
 2712
 2718
 2730
 2756
 2776
 2788
 2796
 2802
 2812
 2826
 2836
 2850
 2864
 2872
 2878
 2878
 2878
 2882
 2886
 2888
 2890
 2894
 2890
 2884
 2884
 2882
 2876
 2864
 2858
 2856
 2870
 2880
 2884
 2880
 2874
 2872
 2868
 2864
 2856
 2842
 2824
 2798
 2774
 2742
 2704
 2664
 2614
 2562
 2506
 2450
 2390
 2326
 2264
 2196
 2122
 2052
 1976
 1906
 1830
 1750
 1668
 1582
 1498
 1420
 1336
 1254
 1176
 1096
 1020
 950
 884
 828
 780
 740
 708
 680
 660
 658
 666
 678
 694
 724
 752
 790
 836
 882
 934
 992
 1048
 1108
 1166
 1226
 1296
 1368
 1442
 1530
 1632
 1732
 1830
 1922
 2010
 2090
 2166
 2234
 2298
 2356
 2396
 2438
 2472
 2506
 2554
 2598
 2638
 2670
 2698
 2728
 2756
 2780
 2810
 2834
 2858
 2874
 2890
 2902
 2914
 2926
 2934
 2938
 2942
 2944
 2946
 2948
 2946
 2942
 2932
 2924
 2916
 2914
 2928
 2936
 2938
 2936
 2932
 2932
 2936
 2940
 2950
 2956
 2958
 2956
 2954
 2952
 2950
 2946
 2938
 2926
 2912
 2888
 2862
 2832
 2802
 2774
 2742
 2708
 2678
 2638
 2604
 2562
 2518
 2464
 2406
 2346
 2290
 2224
 2158
 2090
 2024
 1958
 1890
 1822
 1756
 1694
 1632
 1568
 1502
 1432
 1362
 1286
 1210
 1138
 1064
 990
 930
 868
 822
 780
 744
 728
 722
 724
 736
 754
 782
 810
 846
 884
 924
 970
 1022
 1076
 1132
 1184
 1242
 1300
 1354
 1412
 1470
 1522
 1576
 1634
 1690
 1764
 1834
 1900
 1966
 2032
 2100
 2166
 2224
 2280
 2336
 2398
 2462
 2520
 2572
 2618
 2662
 2698
 2728
 2754
 2778
 2800
 2822
 2842
 2850
 2854
 2860
 2866
 2890
 2912
 2924
 2930
 2932
 2938
 2944
 2950
 2956
 2956
 2948
 2932
 2912
 2890
 2860
 2832
 2806
 2780
 2754
 2732
 2714
 2704
 2698
 2690
 2684
 2686
 2692
 2716
 2740
 2758
 2768
 2782
 2794
 2812
 2828
 2846
 2862
 2876
 2884
 2892
 2896
 2900
 2906
 2910
 2910
 2906
 2906
 2906
 2908
 2912
 2914
 2906
 2902
 2898
 2902
 2922
 2934
 2938
 2940
 2936
 2938
 2942
 2948
 2954
 2956
 2952
 2948
 2944
 2940
 2936
 2934
 2932
 2930
 2926
 2912
 2896
 2884
 2874
 2862
 2838
 2816
 2784
 2764
 2736
 2698
 2658
 2608
 2556
 2504
 2452
 2398
 2338
 2274
 2212
 2148
 2078
 2004
 1932
 1862
 1790
 1718
 1650
 1588
 1526
 1466
 1416
 1372
 1322
 1278
 1228
 1178
 1126
 1070
 1010
 954
 894
 836
 768
 698
 630
 574
 526
 472
 422
 376
 324
 272
 218
 168
 126
 92
 52
 0
 0
 0
 0
 0
 0
 0
 0
 0
 0
 0
 0
 0
 0
 0
 0
 0
 0
 0
 0
 0
 0
 0
 68
 172
 284
 388
 484
 580
 668
 756
 834
 908
 982
 1052
 1104
 1164
 1224
 1278
 1326
 1362
 1400
 1446
 1494
 1536
 1568
 1592
 1614
 1634
 1650
 1658
 1668
 1678
 1692
 1712
 1718
 1720
 1722
 1716
 1698
 1676
 1660
 1650
 1644
 1646
 1652
 1660
 1678
 1698
 1716
 1732
 1740
 1738
 1720
 1694
 1674
 1658
 1656
 1666
 1696
 1728
 1752
 1782
 1816
 1850
 1888
 1922
 1958
 1998
 2034
 2074
 2114
 2156
 2200
 2242
 2286
 2330
 2372
 2416
 2462
 2498
 2532
 2568
 2602
 2646
 2686
 2714
 2732
 2742
 2756
 2778
 2798
 2824
 2846
 2868
 2894
 2918
 2940
 2964
 2990
 3020
 3046
 3062
 3074
 3082
 3086
 3092
 3090
 3086
 3076
 3060
 3054
 3040
 3030
 3022
 3018
 3016
 3012
 3004
 3000
 2998
 2996
 2994
 2992
 2992
 2992
 2992
 2992
 2992
 2994
 2994
 2990
 2982
 2966
 2936
 2906
 2872
 2844
 2810
 2768
 2724
 2674
 2624
 2580
 2534
 2490
 2446
 2400
 2356
 2308
 2256
 2206
 2158
 2110
 2062
 2016
 1970
 1928
 1894
 1864
 1832
 1812
 1802
 1798
 1810
 1832
 1864
 1898
 1928
 1960
 1996
 2024
 2056
 2086
 2118
 2148
 2176
 2212
 2252
 2290
 2326
 2364
 2398
 2432
 2466
 2500
 2526
 2548
 2570
 2590
 2620
 2656
 2686
 2708
 2730
 2752
 2778
 2798
 2818
 2838
 2856
 2872
 2886
 2898
 2912
 2924
 2936
 2940
 2944
 2950
 2954
 2964
 2964
 2960
 2958
 2956
 2966
 2976
 2978
 2978
 2976
 2978
 2980
 2980
 2986
 2988
 2988
 2986
 2984
 2980
 2978
 2976
 2970
 2966
 2962
 2962
 2960
 2958
 2958
 2952
 2944
 2940
 2938
 2948
 2956
 2958
 2956
 2952
 2954
 2954
 2956
 2962
 2962
 2960
 2958
 2956
 2954
 2950
 2946
 2944
 2942
 2940
 2938
 2936
 2932
 2926
 2916
 2890
 2866
 2842
 2828
 2810
 2788
 2762
 2734
 2702
 2672
 2640
 2606
 2572
 2536
 2498
 2460
 2420
 2386
 2350
 2318
 2296
 2276
 2262
 2258
 2258
 2266
 2274
 2284
 2300
 2318
 2350
 2384
 2416
 2446
 2470
 2500
 2528
 2554
 2580
 2606
 2630
 2654
 2672
 2690
 2706
 2724
 2742
 2758
 2774
 2788
 2796
 2808
 2818
 2822
 2822
 2826
 2830
 2846
 2860
 2868
 2876
 2880
 2886
 2894
 2900
 2902
 2902
 2902
 2902
 2900
 2896
 2898
 2896
 2896
 2900
 2896
 2896
 2896
 2896
 2894
 2882
 2870
 2858
 2852
 2854
 2848
 2832
 2816
 2794
 2774
 2754
 2730
 2704
 2670
 2632
 2596
 2558
 2516
 2476
 2432
 2390
 2350
 2308
 2270
 2236
 2206
 2176
 2142
 2114
 2090
 2076
 2068
 2066
 2072
 2082
 2096
 2118
 2142
 2172
 2204
 2238
 2270
 2302
 2326
 2352
 2380
 2404
 2430
 2456
 2480
 2506
 2530
 2558
 2576
 2590
 2608
 2628
 2664
 2692
 2714
 2734
 2752
 2772
 2792
 2806
 2824
 2840
 2850
 2860
 2868
 2874
 2880
 2888
 2894
 2898
 2896
 2892
 2894
 2898
 2894
 2886
 2882
 2878
 2890
 2902
 2906
 2910
 2908
 2910
 2916
 2916
 2920
 2922
 2922
 2922
 2920
 2916
 2912
 2912
 2912
 2908
 2906
 2904
 2904
 2900
 2886
 2864
 2844
 2822
 2810
 2798
 2774
 2748
 2720
 2692
 2666
 2636
 2604
 2566
 2522
 2480
 2434
 2386
 2340
 2296
 2252
 2208
 2164
 2120
 2078
 2036
 1994
 1946
 1898
 1850
 1808
 1766
 1726
 1690
 1658
 1628
 1610
 1594
 1588
 1588
 1594
 1606
 1624
 1644
 1668
 1702
 1738
 1776
 1810
 1842
 1874
 1908
 1932
 1962
 1994
 2026
 2068
 2110
 2150
 2192
 2236
 2282
 2320
 2352
 2382
 2406
 2430
 2460
 2486
 2516
 2544
 2574
 2600
 2624
 2646
 2674
 2698
 2718
 2732
 2732
 2728
 2750
 2746
 2748
 2764
 2772
 2776
 2792
 2794
 2796
 2810
 2822
 2832
 2834
 2834
 2836
 2840
 2842
 2840
 2840
 2838
 2832
 2824
 2812
 2792
 2774
 2752
 2746
 2740
 2726
 2710
 2688
 2666
 2640
 2612
 2586
 2558
 2526
 2490
 2456
 2424
 2388
 2354
 2322
 2290
 2260
 2230
 2198
 2172
 2144
 2110
 2078
 2050
 2030
 2022
 2016
 2018
 2026
 2040
 2060
 2080
 2100
 2122
 2144
 2170
 2194
 2216
 2240
 2264
 2290
 2316
 2342
 2370
 2396
 2420
 2448
 2468
 2480
 2498
 2508
 2532
 2562
 2584
 2602
 2614
 2630
 2648
 2658
 2670
 2682
 2692
 2702
 2708
 2712
 2716
 2720
 2726
 2730
 2734
 2738
 2740
 2746
 2750
 2756
 2752
 2742
 2736
 2732
 2744
 2754
 2760
 2762
 2760
 2764
 2768
 2772
 2778
 2780
 2782
 2778
 2772
 2766
 2758
 2744
 2726
 2706
 2680
 2654
 2632
 2608
 2586
 2560
 2526
 2490
 2460
 2430
 2410
 2380
 2350
 2316
 2274
 2234
 2198
 2158
 2120
 2076
 2032
 1988
 1944
 1904
 1868
 1846
 1828
 1818
 1816
 1820
 1830
 1842
 1862
 1880
 1896
 1922
 1944
 1974
 2008
 2038
 2066
 2090
 2116
 2150
 2184
 2220
 2256
 2290
 2322
 2352
 2380
 2406
 2436
 2464
 2490
 2514
 2536
 2556
 2574
 2594
 2614
 2622
 2628
 2634
 2640
 2652
 2652
 2656
 2660
 2668
 2678
 2692
 2708
 2724
 2738
 2746
 2756
 2760
 2760
 2766
 2766
 2768
 2770
 2768
 2766
 2764
 2756
 2748
 2732
 2704
 2686
 2668
 2660
 2648
 2628
 2606
 2578
 2550
 2522
 2492
 2468
 2436
 2402
 2366
 2320
 2268
 2218
 2170
 2124
 2080
 2034
 1996
 1966
 1944
 1932
 1928
 1928
 1940
 1954
 1966
 1994
 2016
 2040
 2066
 2092
 2124
 2160
 2192
 2228
 2264
 2300
 2336
 2366
 2398
 2428
 2460
 2496
 2522
 2548
 2578
 2604
 2628
 2656
 2672
 2678
 2686
 2690
 2708
 2736
 2752
 2764
 2772
 2780
 2790
 2796
 2806
 2812
 2818
 2820
 2818
 2816
 2816
 2820
 2824
 2826
 2826
 2826
 2828
 2832
 2830
 2822
 2812
 2792
 2770
 2746
 2726
 2710
 2684
 2658
 2626
 2590
 2558
 2528
 2492
 2464
 2428
 2388
 2348
 2306
 2266
 2228
 2192
 2152
 2116
 2082
 2046
 2020
 2000
 1988
 1982
 1978
 1986
 1992
 2006
 2026
 2044
 2070
 2096
 2132
 2180
 2228
 2274
 2318
 2358
 2396
 2430
 2456
 2482
 2504
 2524
 2542
 2558
 2576
 2594
 2614
 2636
 2664
 2684
 2694
 2710
 2722
 2742
 2772
 2792
 2808
 2820
 2830
 2846
 2856
 2868
 2880
 2890
 2896
 2900
 2902
 2904
 2906
 2908
 2910
 2904
 2896
 2888
 2874
 2862
 2850
 2838
 2816
 2786
 2758
 2730
 2712
 2686
 2656
 2626
 2590
 2556
 2524
 2490
 2456
 2414
 2370
 2324
 2276
 2228
 2182
 2134
 2088
 2044
 2002
 1960
 1916
 1870
 1830
 1798
 1766
 1748
 1736
 1734
 1740
 1748
 1760
 1776
 1794
 1822
 1850
 1880
 1914
 1946
 1980
 2016
 2048
 2078
 2116
 2154
 2194
 2230
 2270
 2314
 2354
 2390
 2424
 2446
 2468
 2490
 2512
 2556
 2592
 2624
 2652
 2676
 2704
 2730
 2748
 2768
 2786
 2804
 2818
 2830
 2842
 2860
 2880
 2892
 2906
 2918
 2926
 2932
 2940
 2946
 2946
 2926
 2910
 2892
 2882
 2872
 2848
 2818
 2782
 2746
 2708
 2670
 2628
 2582
 2532
 2480
 2426
 2372
 2320
 2270
 2222
 2170
 2116
 2066
 2016
 1970
 1928
 1890
 1848
 1796
 1750
 1702
 1668
 1638
 1616
 1606
 1610
 1626
 1652
 1682
 1716
 1748
 1776
 1804
 1836
 1868
 1906
 1946
 1986
 2026
 2062
 2096
 2128
 2156
 2184
 2206
 2214
 2218
 2230
 2254
 2302
 2348
 2392
 2432
 2472
 2516
 2558
 2592
 2628
 2660
 2688
 2712
 2732
 2750
 2770
 2788
 2804
 2820
 2834
 2846
 2854
 2862
 2870
 2880
 2884
 2878
 2876
 2872
 2884
 2902
 2906
 2896
 2882
 2868
 2856
 2836
 2812
 2786
 2750
 2710
 2670
 2628
 2584
 2540
 2494
 2446
 2398
 2350
 2302
 2264
 2244
 2230
 2218
 2198
 2166
 2134
 2092
 2054
 2004
 1958
 1914
 1870
 1836
 1808
 1788
 1776
 1768
 1764
 1768
 1772
 1784
 1804
 1828
 1858
 1890
 1924
 1958
 1992
 2030
 2072
 2114
 2144
 2180
 2212
 2254
 2306
 2354
 2400
 2444
 2486
 2532
 2576
 2614
 2652
 2686
 2718
 2744
 2766
 2784
 2802
 2820
 2834
 2846
 2856
 2868
 2880
 2896
 2914
 2932
 2940
 2944
 2948
 2956
 2980
 2998
 3010
 3012
 3012
 3016
 3022
 3024
 3032
 3034
 3032
 3024
 3010
 2986
 2958
 2926
 2890
 2858
 2822
 2786
 2744
 2704
 2660
 2612
 2552
 2484
 2430
 2372
 2324
 2276
 2228
 2178
 2128
 2078
 2034
 1986
 1942
 1894
 1846
 1806
 1770
 1742
 1726
 1722
 1726
 1740
 1760
 1782
 1812
 1842
 1882
 1926
 1964
 2012
 2050
 2096
 2148
 2194
 2240
 2280
 2322
 2368
 2408
 2446
 2484
 2520
 2554
 2588
 2614
 2640
 2666
 2692
 2718
 2746
 2770
 2790
 2812
 2832
 2854
 2866
 2874
 2880
 2890
 2916
 2938
 2950
 2952
 2954
 2960
 2964
 2968
 2970
 2968
 2960
 2946
 2924
 2898
 2868
 2840
 2806
 2772
 2736
 2696
 2658
 2616
 2580
 2538
 2484
 2436
 2388
 2348
 2310
 2268
 2230
 2192
 2160
 2132
 2106
 2084
 2064
 2048
 2040
 2036
 2042
 2050
 2068
 2092
 2118
 2146
 2176
 2202
 2232
 2266
 2294
 2314
 2338
 2360
 2388
 2426
 2456
 2486
 2510
 2540
 2580
 2618
 2652
 2686
 2716
 2744
 2768
 2788
 2806
 2826
 2846
 2864
 2880
 2894
 2908
 2918
 2930
 2944
 2950
 2948
 2942
 2938
 2952
 2970
 2980
 2986
 2986
 2988
 2990
 2992
 2990
 2988
 2980
 2966
 2948
 2928
 2904
 2876
 2838
 2800
 2762
 2726
 2690
 2656
 2624
 2598
 2566
 2528
 2486
 2438
 2396
 2356
 2310
 2264
 2216
 2166
 2124
 2078
 2032
 1988
 1950
 1916
 1880
 1848
 1822
 1806
 1800
 1804
 1814
 1836
 1856
 1882
 1914
 1954
 1986
 2018
 2052
 2080
 2116
 2142
 2160
 2174
 2190
 2218
 2252
 2284
 2322
 2360
 2400
 2444
 2484
 2522
 2560
 2598
 2632
 2666
 2696
 2726
 2750
 2774
 2798
 2822
 2830
 2838
 2844
 2858
 2888
 2912
 2926
 2936
 2942
 2950
 2962
 2966
 2972
 2966
 2954
 2934
 2912
 2890
 2862
 2830
 2796
 2758
 2720
 2680
 2640
 2600
 2558
 2516
 2470
 2412
 2362
 2302
 2252
 2202
 2146
 2096
 2044
 1994
 1946
 1894
 1842
 1794
 1744
 1704
 1672
 1650
 1642
 1644
 1654
 1674
 1700
 1730
 1764
 1800
 1838
 1878
 1908
 1940
 1984
 2026
 2082
 2138
 2194
 2254
 2312
 2374
 2428
 2468
 2510
 2548
 2582
 2614
 2644
 2670
 2694
 2720
 2742
 2762
 2780
 2796
 2814
 2836
 2858
 2876
 2880
 2888
 2892
 2908
 2934
 2946
 2954
 2948
 2942
 2938
 2928
 2918
 2904
 2882
 2858
 2826
 2790
 2752
 2716
 2674
 2630
 2584
 2536
 2484
 2432
 2384
 2338
 2288
 2232
 2188
 2136
 2094
 2046
 1994
 1942
 1886
 1834
 1790
 1746
 1714
 1688
 1670
 1662
 1656
 1648
 1644
 1650
 1660
 1676
 1700
 1730
 1766
 1806
 1844
 1876
 1896
 1912
 1922
 1950
 1984
 2020
 2060
 2100
 2144
 2194
 2236
 2280
 2326
 2368
 2416
 2460
 2498
 2538
 2574
 2616
 2654
 2690
 2720
 2750
 2778
 2806
 2830
 2844
 2856
 2864
 2878
 2906
 2926
 2938
 2944
 2942
 2942
 2934
 2922
 2904
 2878
 2850
 2812
 2770
 2720
 2670
 2618
 2572
 2528
 2482
 2436
 2388
 2336
 2288
 2242
 2184
 2126
 2064
 2002
 1946
 1880
 1814
 1744
 1670
 1598
 1524
 1446
 1370
 1292
 1222
 1156
 1096
 1044
 1008
 984
 972
 970
 980
 998
 1020
 1054
 1088
 1120
 1162
 1202
 1250
 1298
 1342
 1384
 1432
 1478
 1524
 1564
 1602
 1642
 1680
 1722
 1764
 1804
 1846
 1892
 1934
 1982
 2030
 2082
 2132
 2178
 2226
 2272
 2306
 2342
 2374
 2416
 2466
 2504
 2540
 2568
 2596
 2628
 2656
 2682
 2710
 2738
 2762
 2784
 2804
 2824
 2842
 2862
 2882
 2898
 2914
 2928
 2942
 2956
 2970
 2980
 2980
 2984
 2976
 2984
 3000
 3006
 3008
 3000
 2994
 2992
 2984
 2980
 2976
 2970
 2964
 2956
 2952
 2946
 2944
 2944
 2946
 2948
 2950
 2952
 2954
 2958
 2962
 2954
 2938
 2926
 2914
 2912
 2906
 2892
 2880
 2868
 2860
 2856
 2852
 2856
 2860
 2864
 2868
 2870
 2874
 2878
 2884
 2890
 2898
 2908
 2912
 2920
 2920
 2920
 2922
 2916
 2914
 2912
 2926
 2948
 2960
 2970
 2972
 2974
 2982
 2990
 2998
 3006
 3010
 3012
 3010
 3006
 2998
 2990
 2984
 2978
 2976
 2972
 2968
 2968
 2968
 2966
 2954
 2942
 2932
 2930
 2932
 2918
 2898
 2872
 2844
 2816
 2766
 2708
 2662
 2614
 2570
 2530
 2490
 2450
 2410
 2370
 2332
 2292
 2252
 2212
 2174
 2138
 2096
 2042
 1996
 1942
 1894
 1842
 1788
 1742
 1694
 1652
 1618
 1582
 1550
 1520
 1492
 1466
 1442
 1420
 1400
 1382
 1362
 1340
 1320
 1296
 1274
 1250
 1218
 1190
 1154
 1120
 1092
 1064
 1034
 1002
 982
 960
 936
 912
 892
 876
 864
 854
 850
 848
 850
 856
 866
 878
 900
 930
 958
 990
 1026
 1052
 1090
 1126
 1164
 1200
 1230
 1270
 1314
 1350
 1386
 1424
 1460
 1504
 1546
 1586
 1626
 1674
 1722
 1768
 1816
 1860
 1916
 1980
 2034
 2094
 2148
 2202
 2262
 2318
 2368
 2414
 2464
 2514
 2552
 2580
 2618
 2654
 2690
 2724
 2758
 2794
 2838
 2880
 2920
 2956
 2990
 3018
 3044
 3070
 3098
 3132
 3152
 3170
 3186
 3202
 3232
 3258
 3280
 3298
 3312
 3322
 3326
 3326
 3330
 3332
 3338
 3344
 3352
 3358
 3368
 3376
 3380
 3382
 3388
 3392
 3396
 3396
 3398
 3408
 3412
 3406
 3400
 3392
 3392
 3394
 3392
 3382
 3368
 3354
 3344
 3340
 3332
 3332
 3330
 3324
 3306
 3282
 3262
 3240
 3222
 3204
 3188
 3174
 3164
 3160
 3158
 3156
 3156
 3150
 3144
 3144
 3146
 3158
 3164
 3168
 3168
 3168
 3170
 3172
 3178
 3184
 3178
 3178
 3174
 3170
 3166
 3164
 3162
 3162
 3160
 3160
 3160
 3158
 3156
 3158
 3158
 3146
 3134
 3126
 3122
 3120
 3108
 3092
 3078
 3062
 3044
 3026
 3006
 2990
 2970
 2946
 2916
 2882
 2842
 2802
 2764
 2726
 2686
 2648
 2618
 2596
 2582
 2570
 2560
 2538
 2514
 2488
 2458
 2438
 2416
 2398
 2384
 2368
 2354
 2340
 2326
 2316
 2304
 2298
 2298
 2298
 2300
 2308
 2322
 2340
 2358
 2380
 2404
 2424
 2450
 2476
 2498
 2520
 2544
 2566
 2592
 2616
 2636
 2656
 2668
 2684
 2702
 2716
 2734
 2748
 2760
 2774
 2786
 2794
 2808
 2820
 2832
 2848
 2864
 2880
 2896
 2910
 2926
 2942
 2948
 2960
 2968
 2984
 3006
 3024
 3040
 3044
 3052
 3062
 3072
 3082
 3094
 3102
 3110
 3116
 3122
 3126
 3134
 3140
 3150
 3158
 3164
 3170
 3174
 3182
 3190
 3192
 3188
 3188
 3188
 3196
 3206
 3210
 3214
 3218
 3220
 3224
 3228
 3232
 3236
 3240
 3236
 3230
 3226
 3222
 3222
 3220
 3216
 3214
 3210
 3204
 3196
 3186
 3172
 3150
 3128
 3104
 3082
 3064
 3032
 3000
 2964
 2922
 2884
 2846
 2808
 2770
 2724
 2680
 2634
 2586
 2538
 2488
 2442
 2392
 2344
 2296
 2248
 2204
 2162
 2124
 2086
 2056
 2032
 2018
 2014
 2012
 2018
 2028
 2042
 2064
 2088
 2112
 2142
 2170
 2202
 2234
 2264
 2294
 2326
 2358
 2392
 2424
 2456
 2488
 2516
 2550
 2582
 2606
 2630
 2654
 2680
 2716
 2746
 2770
 2790
 2812
 2830
 2850
 2864
 2882
 2890
 2896
 2906
 2910
 2914
 2922
 2934
 2944
 2954
 2962
 2970
 2978
 2986
 2994
 3004
 3002
 3002
 3004
 3012
 3028
 3038
 3044
 3048
 3052
 3060
 3066
 3070
 3080
 3086
 3092
 3088
 3084
 3080
 3076
 3074
 3070
 3066
 3060
 3052
 3042
 3028
 3012
 2996
 2972
 2938
 2902
 2866
 2834
 2800
 2762
 2726
 2684
 2642
 2602
 2560
 2520
 2478
 2430
 2384
 2338
 2290
 2242
 2196
 2154
 2114
 2078
 2046
 2024
 2008
 2004
 2008
 2016
 2032
 2054
 2080
 2118
 2154
 2190
 2224
 2258
 2294
 2332
 2362
 2396
 2430
 2462
 2492
 2518
 2542
 2566
 2594
 2618
 2642
 2666
 2688
 2712
 2732
 2754
 2774
 2786
 2798
 2812
 2830
 2856
 2876
 2896
 2914
 2924
 2942
 2958
 2964
 2968
 2964
 2948
 2936
 2920
 2908
 2900
 2896
 2892
 2888
 2882
 2878
 2878
 2876
 2878
 2876
 2868
 2862
 2858
 2866
 2876
 2880
 2882
 2882
 2882
 2882
 2884
 2888
 2888
 2880
 2876
 2868
 2864
 2860
 2858
 2856
 2858
 2858
 2856
 2860
 2862
 2866
 2866
 2858
 2856
 2858
 2872
 2892
 2900
 2894
 2886
 2876
 2866
 2852
 2834
 2812
 2784
 2754
 2722
 2690
 2658
 2626
 2590
 2552
 2512
 2474
 2434
 2396
 2362
 2320
 2266
 2212
 2164
 2126
 2088
 2050
 2010
 1968
 1928
 1884
 1840
 1804
 1762
 1724
 1684
 1638
 1592
 1552
 1512
 1470
 1428
 1384
 1340
 1298
 1258
 1214
 1176
 1130
 1090
 1046
 1006
 968
 928
 888
 860
 828
 798
 766
 736
 712
 688
 670
 656
 638
 628
 618
 610
 600
 584
 578
 570
 568
 572
 574
 582
 596
 612
 630
 646
 668
 696
 726
 758
 794
 842
 890
 936
 986
 1036
 1094
 1160
 1222
 1268
 1320
 1374
 1426
 1486
 1544
 1596
 1644
 1696
 1742
 1786
 1826
 1874
 1918
 1962
 2002
 2042
 2080
 2118
 2156
 2198
 2238
 2284
 2334
 2382
 2428
 2478
 2532
 2580
 2626
 2672
 2722
 2782
 2832
 2876
 2916
 2958
 3000
 3036
 3076
 3122
 3168
 3212
 3252
 3294
 3330
 3362
 3388
 3410
 3428
 3442
 3452
 3456
 3456
 3460
 3466
 3456
 3440
 3422
 3408
 3406
 3404
 3394
 3384
 3384
 3386
 3386
 3384
 3386
 3384
 3378
 3374
 3360
 3344
 3324
 3302
 3274
 3238
 3200
 3158
 3110
 3060
 3018
 2978
 2930
 2882
 2834
 2782
 2738
 2690
 2642
 2590
 2544
 2498
 2456
 2410
 2368
 2326
 2290
 2250
 2214
 2184
 2160
 2150
 2148
 2156
 2170
 2188
 2210
 2234
 2258
 2278
 2302
 2324
 2352
 2384
 2414
 2442
 2468
 2492
 2516
 2538
 2560
 2582
 2602
 2626
 2646
 2668
 2690
 2710
 2734
 2760
 2786
 2808
 2828
 2850
 2872
 2892
 2904
 2920
 2932
 2954
 2974
 2988
 3000
 3012
 3026
 3040
 3050
 3062
 3074
 3080
 3080
 3080
 3080
 3082
 3086
 3088
 3088
 3092
 3096
 3098
 3098
 3102
 3104
 3098
 3092
 3084
 3078
 3078
 3070
 3056
 3038
 3016
 2994
 2972
 2946
 2916
 2882
 2844
 2806
 2764
 2724
 2682
 2642
 2600
 2556
 2514
 2472
 2432
 2392
 2360
 2326
 2284
 2248
 2212
 2184
 2160
 2142
 2132
 2128
 2130
 2136
 2148
 2164
 2184
 2206
 2234
 2262
 2290
 2322
 2358
 2398
 2434
 2472
 2508
 2544
 2574
 2606
 2638
 2662
 2684
 2706
 2728
 2762
 2790
 2814
 2838
 2858
 2880
 2902
 2920
 2932
 2946
 2958
 2968
 2978
 2980
 2988
 2994
 2998
 3006
 3006
 3006
 3006
 3006
 3006
 3006
 2998
 2994
 2992
 2996
 3006
 3008
 3010
 3010
 3008
 3006
 3004
 3002
 2998
 2984
 2964
 2942
 2914
 2886
 2854
 2820
 2786
 2750
 2714
 2676
 2640
 2606
 2576
 2544
 2504
 2468
 2428
 2388
 2350
 2308
 2268
 2228
 2190
 2156
 2122
 2088
 2056
 2030
 2010
 1996
 1990
 1992
 2000
 2014
 2034
 2054
 2076
 2102
 2126
 2154
 2182
 2206
 2232
 2262
 2294
 2332
 2364
 2396
 2422
 2446
 2464
 2476
 2484
 2500
 2522
 2548
 2580
 2608
 2630
 2656
 2682
 2706
 2732
 2754
 2776
 2796
 2814
 2834
 2842
 2848
 2856
 2864
 2882
 2900
 2914
 2916
 2916
 2920
 2926
 2930
 2934
 2936
 2936
 2932
 2924
 2904
 2884
 2864
 2838
 2810
 2780
 2750
 2716
 2684
 2654
 2620
 2584
 2556
 2530
 2516
 2502
 2496
 2492
 2492
 2498
 2510
 2524
 2540
 2558
 2576
 2596
 2614
 2632
 2654
 2672
 2692
 2710
 2726
 2742
 2756
 2772
 2788
 2798
 2800
 2808
 2816
 2832
 2850
 2858
 2864
 2872
 2880
 2888
 2898
 2906
 2906
 2908
 2906
 2906
 2906
 2906
 2908
 2908
 2910
 2910
 2906
 2904
 2900
 2898
 2892
 2876
 2862
 2844
 2836
 2828
 2814
 2796
 2774
 2748
 2724
 2702
 2678
 2658
 2632
 2600
 2564
 2520
 2474
 2430
 2386
 2346
 2306
 2268
 2222
 2180
 2142
 2102
 2056
 2012
 1970
 1934
 1912
 1894
 1884
 1878
 1878
 1884
 1892
 1904
 1922
 1940
 1960
 1978
 1996
 2016
 2040
 2066
 2092
 2118
 2148
 2180
 2212
 2246
 2276
 2300
 2330
 2354
 2384
 2424
 2454
 2484
 2508
 2532
 2558
 2582
 2606
 2632
 2660
 2688
 2716
 2738
 2762
 2786
 2808
 2826
 2846
 2864
 2878
 2896
 2920
 2934
 2944
 2954
 2962
 2982
 3000
 3012
 3020
 3022
 3026
 3028
 3028
 3026
 3022
 3016
 3010
 3004
 2996
 2986
 2976
 2962
 2942
 2920
 2894
 2866
 2834
 2798
 2754
 2710
 2666
 2622
 2588
 2554
 2516
 2474
 2428
 2382
 2334
 2282
 2228
 2168
 2110
 2050
 1990
 1930
 1872
 1816
 1766
 1724
 1690
 1668
 1656
 1652
 1652
 1660
 1672
 1690
 1718
 1746
 1778
 1810
 1846
 1888
 1932
 1972
 2016
 2060
 2104
 2144
 2184
 2226
 2268
 2308
 2350
 2388
 2424
 2460
 2492
 2526
 2550
 2574
 2594
 2612
 2642
 2672
 2698
 2720
 2736
 2756
 2774
 2782
 2794
 2802
 2812
 2820
 2826
 2832
 2838
 2844
 2850
 2860
 2870
 2878
 2886
 2894
 2896
 2894
 2888
 2882
 2874
 2872
 2866
 2852
 2832
 2804
 2772
 2746
 2710
 2674
 2632
 2586
 2540
 2494
 2444
 2396
 2350
 2302
 2252
 2200
 2146
 2092
 2038
 1984
 1928
 1864
 1806
 1744
 1690
 1638
 1588
 1546
 1502
 1466
 1438
 1412
 1396
 1388
 1382
 1388
 1398
 1420
 1448
 1482
 1520
 1562
 1612
 1662
 1712
 1764
 1802
 1836
 1870
 1896
 1930
 1962
 1996
 2034
 2074
 2118
 2164
 2204
 2240
 2278
 2318
 2362
 2404
 2442
 2478
 2514
 2546
 2576
 2604
 2630
 2652
 2680
 2702
 2714
 2726
 2734
 2750
 2776
 2798
 2814
 2824
 2832
 2846
 2854
 2862
 2868
 2864
 2858
 2846
 2828
 2808
 2786
 2764
 2738
 2712
 2682
 2650
 2622
 2594
 2560
 2516
 2476
 2430
 2388
 2348
 2308
 2266
 2220
 2176
 2134
 2088
 2042
 1998
 1956
 1920
 1886
 1864
 1850
 1844
 1850
 1862
 1884
 1912
 1946
 1990
 2028
 2066
 2118
 2166
 2222
 2274
 2322
 2366
 2400
 2432
 2462
 2478
 2492
 2504
 2516
 2532
 2548
 2562
 2580
 2604
 2628
 2652
 2678
 2706
 2732
 2760
 2780
 2792
 2804
 2814
 2838
 2864
 2882
 2894
 2904
 2912
 2918
 2918
 2914
 2908
 2900
 2886
 2866
 2838
 2810
 2784
 2756
 2726
 2694
 2662
 2628
 2592
 2558
 2510
 2468
 2422
 2376
 2334
 2286
 2240
 2192
 2146
 2110
 2076
 2048
 2028
 2012
 2010
 2012
 2022
 2042
 2068
 2102
 2136
 2174
 2216
 2256
 2300
 2342
 2372
 2400
 2430
 2466
 2514
 2558
 2602
 2638
 2670
 2706
 2738
 2764
 2792
 2820
 2848
 2870
 2886
 2900
 2914
 2926
 2938
 2948
 2954
 2960
 2964
 2972
 2976
 2974
 2972
 2968
 2974
 2986
 2994
 2998
 2998
 2998
 3002
 3000
 2992
 2980
 2964
 2946
 2920
 2892
 2862
 2832
 2800
 2764
 2730
 2692
 2652
 2614
 2572
 2528
 2472
 2420
 2360
 2308
 2254
 2198
 2142
 2086
 2032
 1986
 1938
 1898
 1866
 1842
 1830
 1824
 1832
 1848
 1872
 1904
 1940
 1978
 2016
 2056
 2108
 2150
 2180
 2214
 2246
 2284
 2332
 2372
 2404
 2436
 2466
 2502
 2532
 2562
 2592
 2624
 2652
 2678
 2696
 2714
 2736
 2756
 2774
 2790
 2804
 2820
 2836
 2852
 2860
 2864
 2874
 2880
 2900
 2916
 2928
 2932
 2932
 2936
 2944
 2950
 2956
 2960
 2964
 2968
 2966
 2960
 2952
 2942
 2928
 2908
 2886
 2860
 2832
 2806
 2778
 2740
 2700
 2662
 2618
 2582
 2536
 2486
 2436
 2382
 2332
 2284
 2230
 2178
 2124
 2074
 2022
 1972
 1926
 1890
 1864
 1846
 1838
 1840
 1852
 1868
 1894
 1922
 1946
 1982
 2012
 2054
 2098
 2140
 2178
 2214
 2250
 2290
 2324
 2362
 2398
 2438
 2476
 2510
 2540
 2572
 2604
 2634
 2658
 2684
 2708
 2730
 2750
 2772
 2790
 2798
 2808
 2810
 2820
 2834
 2846
 2858
 2868
 2880
 2898
 2914
 2930
 2946
 2958
 2968
 2972
 2972
 2972
 2970
 2970
 2968
 2962
 2952
 2940
 2924
 2910
 2882
 2842
 2806
 2768
 2734
 2708
 2670
 2630
 2586
 2542
 2498
 2454
 2404
 2354
 2300
 2246
 2192
 2138
 2084
 2032
 1980
 1930
 1880
 1836
 1798
 1762
 1736
 1718
 1704
 1700
 1698
 1712
 1732
 1754
 1780
 1812
 1844
 1880
 1918
 1954
 1992
 2030
 2074
 2112
 2152
 2194
 2238
 2282
 2324
 2362
 2400
 2436
 2468
 2500
 2526
 2542
 2560
 2574
 2600
 2626
 2652
 2674
 2692
 2712
 2734
 2752
 2770
 2788
 2800
 2812
 2820
 2828
 2834
 2842
 2850
 2856
 2862
 2870
 2878
 2886
 2894
 2896
 2892
 2894
 2894
 2908
 2920
 2926
 2924
 2924
 2920
 2918
 2908
 2896
 2876
 2842
 2808
 2772
 2736
 2704
 2672
 2640
 2612
 2580
 2546
 2508
 2472
 2438
 2398
 2352
 2306
 2248
 2200
 2150
 2094
 2042
 1988
 1942
 1902
 1862
 1836
 1816
 1804
 1802
 1806
 1820
 1842
 1872
 1908
 1946
 1984
 2016
 2044
 2074
 2098
 2122
 2168
 2226
 2302
 2364
 2424
 2474
 2512
 2550
 2586
 2626
 2670
 2712
 2746
 2774
 2794
 2810
 2824
 2836
 2846
 2856
 2866
 2878
 2888
 2904
 2912
 2910
 2914
 2918
 2940
 2956
 2966
 2972
 2980
 2990
 2992
 2992
 2992
 2992
 2996
 2998
 2998
 2996
 2990
 2980
 2962
 2940
 2910
 2878
 2846
 2812
 2776
 2726
 2684
 2640
 2592
 2548
 2500
 2448
 2398
 2344
 2296
 2238
 2176
 2112
 2044
 1982
 1914
 1848
 1788
 1734
 1688
 1652
 1626
 1612
 1612
 1618
 1626
 1642
 1666
 1690
 1730
 1768
 1808
 1848
 1884
 1922
 1966
 2000
 2040
 2084
 2130
 2176
 2220
 2262
 2308
 2354
 2402
 2448
 2496
 2544
 2594
 2642
 2678
 2710
 2742
 2770
 2808
 2848
 2874
 2892
 2910
 2928
 2948
 2964
 2978
 2988
 2996
 3004
 3008
 3008
 3008
 3014
 3020
 3024
 3026
 3026
 3026
 3030
 3036
 3028
 3016
 3010
 3002
 3010
 3018
 3016
 3010
 3000
 2992
 2980
 2962
 2946
 2926
 2904
 2874
 2842
 2806
 2774
 2740
 2706
 2672
 2640
 2604
 2568
 2532
 2502
 2478
 2456
 2438
 2432
 2430
 2440
 2448
 2454
 2464
 2474
 2492
 2510
 2528
 2550
 2570
 2590
 2612
 2634
 2656
 2680
 2706
 2730
 2752
 2776
 2798
 2816
 2836
 2858
 2876
 2886
 2894
 2902
 2916
 2936
 2948
 2956
 2960
 2962
 2970
 2974
 2980
 2988
 2994
 2994
 2994
 2990
 2990
 2990
 2988
 2986
 2984
 2978
 2972
 2960
 2946
 2932
 2914
 2884
 2858
 2830
 2810
 2790
 2762
 2734
 2700
 2668
 2638
 2606
 2570
 2530
 2482
 2434
 2380
 2326
 2272
 2224
 2178
 2138
 2098
 2064
 2034
 2012
 2000
 1998
 1996
 2006
 2020
 2036
 2064
 2092
 2122
 2152
 2186
 2222
 2262
 2296
 2334
 2372
 2414
 2448
 2478
 2508
 2540
 2572
 2600
 2628
 2654
 2676
 2698
 2724
 2750
 2762
 2774
 2788
 2806
 2834
 2852
 2868
 2880
 2892
 2910
 2924
 2938
 2944
 2948
 2952
 2954
 2954
 2954
 2956
 2956
 2958
 2960
 2962
 2964
 2966
 2970
 2970
 2954
 2938
 2920
 2904
 2888
 2854
 2820
 2784
 2742
 2708
 2674
 2640
 2610
 2576
 2542
 2506
 2470
 2432
 2394
 2354
 2316
 2274
 2230
 2186
 2142
 2100
 2064
 2018
 1980
 1944
 1920
 1908
 1900
 1902
 1914
 1934
 1962
 1996
 2032
 2074
 2116
 2158
 2200
 2236
 2276
 2314
 2352
 2390
 2424
 2460
 2494
 2528
 2562
 2592
 2610
 2630
 2648
 2674
 2710
 2734
 2758
 2776
 2796
 2818
 2836
 2854
 2876
 2896
 2912
 2922
 2932
 2940
 2950
 2960
 2970
 2976
 2982
 2988
 2992
 3000
 3006
 3002
 2996
 2992
 2992
 2990
 2978
 2960
 2942
 2922
 2900
 2878
 2850
 2826
 2796
 2768
 2738
 2706
 2674
 2642
 2614
 2584
 2552
 2516
 2478
 2438
 2396
 2358
 2310
 2254
 2202
 2142
 2090
 2032
 1974
 1916
 1854
 1784
 1712
 1630
 1558
 1490
 1430
 1376
 1324
 1282
 1250
 1230
 1222
 1228
 1244
 1270
 1300
 1340
 1382
 1422
 1470
 1518
 1568
 1628
 1684
 1736
 1784
 1830
 1878
 1926
 1970
 2016
 2060
 2106
 2156
 2200
 2244
 2288
 2332
 2376
 2416
 2452
 2490
 2522
 2554
 2588
 2608
 2628
 2646
 2674
 2716
 2746
 2770
 2790
 2812
 2836
 2854
 2870
 2890
 2900
 2906
 2910
 2912
 2916
 2916
 2916
 2916
 2912
 2902
 2888
 2866
 2846
 2826
 2794
 2756
 2722
 2684
 2660
 2630
 2594
 2556
 2510
 2462
 2414
 2362
 2308
 2246
 2180
 2114
 2044
 1974
 1908
 1848
 1796
 1756
 1722
 1702
 1688
 1684
 1692
 1702
 1716
 1740
 1764
 1800
 1842
 1876
 1914
 1948
 1982
 2020
 2056
 2090
 2124
 2162
 2202
 2242
 2278
 2314
 2354
 2392
 2428
 2462
 2496
 2526
 2552
 2584
 2616
 2636
 2654
 2672
 2694
 2732
 2758
 2784
 2802
 2818
 2836
 2852
 2866
 2882
 2894
 2902
 2906
 2906
 2902
 2900
 2894
 2884
 2866
 2846
 2820
 2794
 2768
 2740
 2710
 2672
 2626
 2584
 2540
 2504
 2462
 2414
 2364
 2310
 2262
 2216
 2164
 2116
 2064
 2012
 1960
 1904
 1846
 1788
 1734
 1676
 1618
 1564
 1512
 1464
 1420
 1388
 1366
 1350
 1348
 1352
 1366
 1396
 1426
 1462
 1500
 1536
 1580
 1626
 1668
 1714
 1756
 1804
 1854
 1902
 1946
 1986
 2024
 2062
 2096
 2132
 2168
 2198
 2232
 2266
 2302
 2322
 2342
 2360
 2380
 2418
 2452
 2482
 2512
 2542
 2574
 2608
 2632
 2660
 2686
 2710
 2730
 2746
 2760
 2776
 2792
 2804
 2814
 2824
 2830
 2836
 2840
 2844
 2846
 2834
 2814
 2796
 2782
 2776
 2760
 2736
 2708
 2672
 2638
 2604
 2566
 2528
 2482
 2434
 2386
 2332
 2280
 2224
 2166
 2112
 2054
 1996
 1940
 1890
 1840
 1790
 1742
 1682
 1620
 1554
 1486
 1428
 1364
 1304
 1244
 1186
 1132
 1080
 1028
 980
 932
 894
 862
 838
 826
 826
 838
 854
 874
 900
 928
 958
 998
 1042
 1078
 1122
 1172
 1216
 1274
 1328
 1384
 1436
 1486
 1540
 1594
 1642
 1694
 1746
 1798
 1852
 1900
 1942
 1992
 2040
 2086
 2132
 2178
 2224
 2270
 2310
 2354
 2392
 2416
 2444
 2464
 2498
 2544
 2582
 2616
 2644
 2674
 2706
 2734
 2758
 2782
 2806
 2826
 2840
 2848
 2854
 2858
 2860
 2854
 2842
 2824
 2802
 2778
 2750
 2718
 2680
 2628
 2582
 2534
 2494
 2452
 2404
 2356
 2302
 2248
 2196
 2142
 2082
 2026
 1964
 1904
 1840
 1772
 1708
 1650
 1598
 1552
 1510
 1476
 1454
 1446
 1448
 1460
 1476
 1498
 1530
 1560
 1608
 1652
 1698
 1736
 1772
 1810
 1852
 1888
 1930
 1968
 2008
 2050
 2094
 2140
 2188
 2234
 2276
 2322
 2366
 2404
 2440
 2476
 2510
 2548
 2568
 2586
 2608
 2626
 2666
 2696
 2720
 2742
 2758
 2778
 2796
 2808
 2820
 2830
 2842
 2854
 2862
 2870
 2880
 2890
 2900
 2906
 2912
 2918
 2918
 2916
 2914
 2912
 2910
 2898
 2888
 2876
 2872
 2872
 2860
 2844
 2818
 2794
 2768
 2742
 2710
 2676
 2638
 2598
 2556
 2510
 2464
 2420
 2376
 2332
 2290
 2244
 2200
 2156
 2112
 2072
 2034
 1986
 1942
 1900
 1856
 1824
 1790
 1762
 1736
 1718
 1716
 1718
 1726
 1740
 1760
 1782
 1804
 1828
 1856
 1890
 1926
 1966
 2006
 2046
 2088
 2132
 2174
 2218
 2258
 2284
 2318
 2348
 2388
 2436
 2472
 2504
 2534
 2562
 2592
 2616
 2636
 2654
 2670
 2686
 2698
 2708
 2712
 2716
 2720
 2722
 2728
 2734
 2738
 2748
 2752
 2762
 2768
 2770
 2780
 2782
 2798
 2822
 2836
 2844
 2850
 2854
 2862
 2868
 2876
 2886
 2890
 2892
 2894
 2890
 2888
 2880
 2872
 2864
 2858
 2848
 2834
 2818
 2800
 2776
 2752
 2712
 2672
 2632
 2594
 2564
 2524
 2478
 2432
 2386
 2338
 2294
 2242
 2190
 2132
 2076
 2018
 1958
 1902
 1846
 1790
 1734
 1678
 1620
 1564
 1508
 1458
 1410
 1362
 1312
 1268
 1218
 1182
 1140
 1096
 1048
 998
 948
 902
 852
 806
 770
 736
 706
 676
 650
 624
 602
 580
 560
 546
 540
 544
 554
 568
 582
 614
 638
 670
 706
 740
 780
 816
 858
 906
 950
 1000
 1052
 1100
 1148
 1192
 1236
 1280
 1324
 1374
 1428
 1478
 1526
 1574
 1624
 1682
 1736
 1780
 1830
 1870
 1924
 1982
 2036
 2086
 2132
 2182
 2236
 2282
 2322
 2364
 2404
 2444
 2480
 2516
 2548
 2582
 2620
 2652
 2682
 2710
 2736
 2762
 2786
 2812
 2824
 2830
 2838
 2842
 2862
 2880
 2884
 2882
 2874
 2864
 2858
 2852
 2850
 2850
 2848
 2846
 2844
 2844
 2844
 2846
 2852
 2856
 2862
 2868
 2872
 2878
 2884
 2896
 2900
 2896
 2896
 2890
 2894
 2902
 2900
 2896
 2888
 2884
 2888
 2892
 2898
 2902
 2904
 2904
 2900
 2890
 2878
 2864
 2846
 2826
 2802
 2776
 2748
 2716
 2678
 2642
 2602
 2552
 2504
 2452
 2402
 2354
 2298
 2238
 2178
 2116
 2054
 1988
 1916
 1842
 1764
 1690
 1616
 1540
 1466
 1398
 1334
 1274
 1214
 1158
 1106
 1058
 1016
 980
 934
 888
 846
 804
 774
 744
 722
 710
 708
 710
 710
 714
 724
 742
 770
 810
 858
 922
 986
 1060
 1134
 1210
 1286
 1368
 1448
 1520
 1594
 1656
 1714
 1774
 1822
 1892
 1960
 2018
 2068
 2116
 2168
 2230
 2288
 2342
 2396
 2446
 2490
 2530
 2568
 2602
 2638
 2670
 2698
 2724
 2748
 2768
 2788
 2806
 2826
 2834
 2838
 2846
 2854
 2880
 2902
 2918
 2928
 2934
 2942
 2956
 2962
 2970
 2970
 2972
 2970
 2970
 2968
 2968
 2964
 2958
 2954
 2948
 2942
 2940
 2938
 2940
 2940
 2928
 2920
 2916
 2926
 2944
 2950
 2956
 2958
 2960
 2966
 2968
 2972
 2978
 2978
 2980
 2978
 2974
 2972
 2970
 2970
 2968
 2968
 2966
 2966
 2966
 2964
 2966
 2958
 2948
 2942
 2936
 2944
 2952
 2954
 2952
 2948
 2946
 2946
 2946
 2946
 2946
 2944
 2940
 2934
 2928
 2922
 2920
 2918
 2918
 2916
 2914
 2912
 2912
 2914
 2912
 2902
 2896
 2896
 2908
 2918
 2912
 2906
 2894
 2882
 2864
 2840
 2816
 2786
 2752
 2710
 2668
 2626
 2592
 2562
 2540
 2522
 2494
 2460
 2420
 2380
 2336
 2280
 2216
 2160
 2094
 2034
 1974
 1908
 1844
 1780
 1718
 1660
 1602
 1550
 1500
 1452
 1406
 1354
 1310
 1290
 1300
 1324
 1340
 1356
 1366
 1374
 1372
 1366
 1358
 1342
 1326
 1298
 1266
 1228
 1186
 1146
 1102
 1048
 992
 928
 870
 810
 742
 672
 602
 538
 476
 418
 360
 300
 254
 190
 132
 80
 38
 6
 0
 0
 0
 0
 0
 0
 0
 0
 0
 0
 0
 0
 0
 0
 0
 0
 0
 0
 0
 0
 0
 0
 0
 0
 0
 0
 0
 0
 0
 0
 40
 106
 182
 266
 346
 420
 494
 562
 630
 702
 774
 848
 922
 994
 1066
 1136
 1202
 1288
 1376
 1456
 1534
 1610
 1690
 1768
 1840
 1910
 1978
 2042
 2106
 2170
 2228
 2282
 2334
 2382
 2430
 2480
 2526
 2564
 2596
 2630
 2656
 2682
 2706
 2736
 2758
 2768
 2780
 2792
 2806
 2818
 2828
 2842
 2852
 2874
 2896
 2914
 2928
 2938
 2924
 2900
 2876
 2848
 2824
 2804
 2790
 2780
 2770
 2766
 2764
 2762
 2760
 2754
 2746
 2736
 2718
 2694
 2672
 2652
 2644
 2636
 2622
 2606
 2590
 2576
 2566
 2558
 2552
 2548
 2544
 2538
 2530
 2520
 2512
 2508
 2510
 2514
 2520
 2522
 2528
 2540
 2550
 2558
 2566
 2572
 2588
 2614
 2636
 2660
 2676
 2694
 2712
 2724
 2738
 2758
 2778
 2794
 2804
 2816
 2832
 2850
 2866
 2878
 2894
 2906
 2912
 2916
 2922
 2928
 2928
 2926
 2928
 2934
 2956
 2974
 2980
 2982
 2976
 2972
 2966
 2952
 2940
 2922
 2900
 2870
 2830
 2792
 2758
 2726
 2696
 2672
 2656
 2648
 2634
 2624
 2610
 2596
 2566
 2526
 2494
 2474
 2472
 2478
 2484
 2492
 2504
 2516
 2538
 2558
 2582
 2606
 2630
 2654
 2672
 2692
 2710
 2732
 2750
 2770
 2788
 2806
 2822
 2836
 2852
 2866
 2868
 2864
 2866
 2870
 2888
 2906
 2914
 2922
 2926
 2932
 2940
 2946
 2952
 2956
 2960
 2958
 2958
 2956
 2956
 2954
 2948
 2942
 2938
 2936
 2934
 2932
 2930
 2932
 2924
 2916
 2910
 2912
 2928
 2938
 2942
 2944
 2942
 2946
 2950
 2952
 2956
 2956
 2958
 2954
 2948
 2942
 2938
 2936
 2932
 2930
 2926
 2924
 2922
 2922
 2920
 2918
 2910
 2898
 2894
 2890
 2898
 2902
 2902
 2902
 2900
 2900
 2900
 2902
 2904
 2906
 2902
 2900
 2894
 2890
 2884
 2878
 2876
 2872
 2870
 2868
 2864
 2862
 2862
 2862
 2856
 2848
 2844
 2844
 2856
 2868
 2874
 2878
 2878
 2880
 2880
 2878
 2878
 2878
 2878
 2874
 2870
 2866
 2860
 2858
 2854
 2852
 2850
 2846
 2842
 2838
 2832
 2824
 2808
 2782
 2766
 2746
 2726
 2696
 2660
 2622
 2580
 2540
 2498
 2454
 2416
 2374
 2332
 2292
 2248
 2200
 2152
 2104
 2052
 2002
 1952
 1900
 1852
 1802
 1752
 1702
 1640
 1588
 1534
 1482
 1436
 1388
 1340
 1288
 1240
 1196
 1152
 1114
 1080
 1048
 1018
 996
 984
 982
 986
 994
 1008
 1022
 1036
 1042
 1050
 1058
 1066
 1084
 1108
 1138
 1182
 1220
 1264
 1306
 1348
 1394
 1436
 1470
 1504
 1542
 1582
 1618
 1656
 1696
 1734
 1772
 1806
 1842
 1878
 1918
 1958
 1998
 2042
 2074
 2110
 2146
 2180
 2230
 2276
 2318
 2358
 2396
 2434
 2470
 2498
 2530
 2560
 2588
 2618
 2644
 2672
 2700
 2726
 2750
 2774
 2794
 2812
 2830
 2846
 2866
 2880
 2882
 2886
 2886
 2894
 2914
 2924
 2930
 2934
 2936
 2940
 2942
 2944
 2942
 2938
 2934
 2928
 2928
 2926
 2926
 2924
 2920
 2912
 2900
 2884
 2856
 2828
 2800
 2762
 2716
 2676
 2632
 2596
 2558
 2514
 2468
 2420
 2374
 2332
 2286
 2240
 2196
 2150
 2102
 2054
 2002
 1952
 1898
 1834
 1762
 1694
 1636
 1580
 1530
 1486
 1442
 1392
 1348
 1308
 1276
 1256
 1234
 1220
 1212
 1210
 1220
 1232
 1248
 1270
 1294
 1328
 1360
 1394
 1430
 1468
 1508
 1548
 1590
 1632
 1678
 1728
 1780
 1828
 1864
 1902
 1938
 1976
 2024
 2070
 2114
 2162
 2208
 2256
 2304
 2346
 2390
 2434
 2474
 2514
 2550
 2582
 2616
 2648
 2674
 2700
 2724
 2746
 2764
 2784
 2800
 2822
 2832
 2838
 2844
 2856
 2878
 2900
 2916
 2924
 2932
 2940
 2950
 2954
 2964
 2970
 2974
 2974
 2972
 2970
 2964
 2952
 2940
 2924
 2910
 2894
 2876
 2860
 2838
 2816
 2790
 2756
 2720
 2686
 2654
 2630
 2598
 2564
 2530
 2494
 2462
 2430
 2394
 2356
 2318
 2280
 2244
 2208
 2174
 2150
 2136
 2132
 2140
 2158
 2182
 2210
 2240
 2270
 2302
 2328
 2352
 2382
 2410
 2450
 2494
 2538
 2580
 2620
 2656
 2694
 2720
 2746
 2770
 2794
 2820
 2836
 2852
 2868
 2884
 2898
 2912
 2924
 2938
 2948
 2962
 2972
 2980
 2984
 2980
 2982
 2980
 2990
 3008
 3018
 3024
 3028
 3030
 3036
 3044
 3048
 3054
 3060
 3062
 3060
 3060
 3058
 3056
 3056
 3056
 3054
 3054
 3052
 3052
 3052
 3054
 3054
 3046
 3038
 3034
 3036
 3046
 3044
 3038
 3028
 3022
 3018
 3014
 3006
 3000
 2986
 2970
 2946
 2922
 2896
 2868
 2840
 2808
 2776
 2744
 2708
 2674
 2646
 2628
 2606
 2570
 2530
 2488
 2446
 2408
 2368
 2330
 2298
 2274
 2258
 2246
 2240
 2240
 2244
 2254
 2266
 2284
 2308
 2336
 2368
 2402
 2438
 2474
 2510
 2546
 2580
 2610
 2630
 2652
 2672
 2698
 2730
 2754
 2774
 2790
 2806
 2826
 2846
 2864
 2882
 2898
 2912
 2920
 2926
 2932
 2938
 2942
 2942
 2942
 2944
 2944
 2944
 2948
 2950
 2950
 2944
 2942
 2936
 2944
 2954
 2958
 2960
 2958
 2960
 2966
 2970
 2972
 2976
 2982
 2982
 2984
 2980
 2978
 2980
 2980
 2980
 2980
 2980
 2978
 2978
 2978
 2974
 2968
 2956
 2944
 2936
 2936
 2946
 2950
 2952
 2948
 2940
 2936
 2930
 2916
 2900
 2874
 2844
 2812
 2774
 2738
 2700
 2662
 2620
 2578
 2534
 2490
 2442
 2396
 2350
 2310
 2264
 2214
 2172
 2126
 2094
 2064
 2038
 2022
 2014
 2020
 2036
 2058
 2086
 2118
 2150
 2184
 2214
 2246
 2276
 2308
 2340
 2372
 2402
 2430
 2456
 2482
 2510
 2536
 2552
 2568
 2582
 2602
 2632
 2656
 2676
 2692
 2708
 2726
 2746
 2758
 2776
 2794
 2806
 2820
 2830
 2836
 2838
 2846
 2850
 2856
 2860
 2864
 2870
 2874
 2882
 2884
 2874
 2872
 2870
 2880
 2894
 2902
 2906
 2906
 2908
 2910
 2908
 2908
 2912
 2912
 2912
 2906
 2900
 2896
 2896
 2896
 2894
 2892
 2890
 2888
 2888
 2884
 2882
 2868
 2856
 2844
 2832
 2824
 2806
 2784
 2756
 2726
 2696
 2668
 2634
 2602
 2568
 2532
 2492
 2450
 2404
 2358
 2316
 2270
 2224
 2178
 2132
 2084
 2038
 1994
 1944
 1896
 1848
 1802
 1764
 1734
 1710
 1694
 1686
 1686
 1694
 1704
 1722
 1742
 1766
 1794
 1820
 1844
 1866
 1888
 1912
 1942
 1970
 2004
 2038
 2074
 2100
 2130
 2160
 2194
 2242
 2284
 2320
 2352
 2382
 2416
 2446
 2472
 2498
 2526
 2552
 2578
 2596
 2614
 2634
 2654
 2672
 2694
 2712
 2730
 2750
 2770
 2778
 2782
 2788
 2794
 2816
 2836
 2848
 2856
 2862
 2872
 2878
 2886
 2892
 2898
 2896
 2890
 2878
 2864
 2846
 2824
 2798
 2768
 2734
 2700
 2662
 2622
 2574
 2522
 2472
 2418
 2372
 2318
 2264
 2206
 2148
 2094
 2042
 1982
 1932
 1876
 1824
 1776
 1730
 1692
 1666
 1648
 1640
 1638
 1644
 1656
 1672
 1678
 1684
 1696
 1708
 1732
 1756
 1786
 1820
 1856
 1894
 1932
 1964
 2002
 2040
 2080
 2120
 2156
 2190
 2226
 2262
 2300
 2336
 2372
 2410
 2450
 2486
 2512
 2540
 2566
 2596
 2638
 2672
 2700
 2722
 2738
 2748
 2750
 2756
 2766
 2774
 2778
 2780
 2788
 2798
 2810
 2824
 2844
 2870
 2900
 2930
 2948
 2950
 2936
 2908
 2876
 2838
 2798
 2756
 2704
 2646
 2582
 2518
 2456
 2390
 2322
 2254
 2186
 2120
 2048
 1974
 1906
 1842
 1782
 1738
 1706
 1680
 1664
 1652
 1648
 1642
 1642
 1646
 1654
 1672
 1692
 1714
 1742
 1770
 1800
 1828
 1850
 1876
 1908
 1944
 1986
 2022
 2058
 2096
 2132
 2164
 2198
 2230
 2266
 2300
 2338
 2368
 2390
 2416
 2440
 2478
 2520
 2554
 2584
 2614
 2646
 2678
 2704
 2732
 2760
 2786
 2810
 2832
 2850
 2870
 2890
 2908
 2922
 2934
 2942
 2950
 2960
 2968
 2962
 2956
 2948
 2940
 2944
 2940
 2928
 2908
 2884
 2858
 2824
 2786
 2746
 2708
 2670
 2632
 2594
 2554
 2514
 2480
 2454
 2432
 2418
 2408
 2406
 2410
 2416
 2418
 2432
 2444
 2468
 2500
 2528
 2558
 2584
 2614
 2648
 2682
 2710
 2744
 2770
 2790
 2808
 2824
 2836
 2854
 2870
 2884
 2898
 2912
 2924
 2932
 2942
 2940
 2936
 2930
 2922
 2924
 2918
 2906
 2884
 2860
 2834
 2806
 2770
 2734
 2690
 2638
 2584
 2526
 2470
 2408
 2348
 2288
 2226
 2166
 2104
 2044
 1986
 1924
 1858
 1796
 1730
 1676
 1622
 1574
 1534
 1502
 1480
 1474
 1468
 1476
 1488
 1504
 1518
 1536
 1558
 1592
 1628
 1668
 1710
 1756
 1800
 1846
 1886
 1918
 1958
 1992
 2042
 2090
 2136
 2180
 2220
 2262
 2306
 2340
 2380
 2418
 2452
 2490
 2522
 2550
 2578
 2608
 2638
 2666
 2692
 2718
 2746
 2772
 2788
 2802
 2814
 2826
 2856
 2878
 2896
 2906
 2914
 2924
 2930
 2932
 2936
 2934
 2928
 2912
 2894
 2872
 2852
 2830
 2802
 2776
 2744
 2710
 2676
 2644
 2612
 2566
 2514
 2462
 2404
 2354
 2292
 2230
 2170
 2110
 2056
 2000
 1936
 1874
 1810
 1750
 1690
 1632
 1580
 1536
 1502
 1472
 1452
 1440
 1440
 1448
 1466
 1482
 1504
 1534
 1560
 1604
 1648
 1692
 1734
 1772
 1816
 1860
 1898
 1942
 1992
 2044
 2090
 2130
 2170
 2210
 2252
 2296
 2340
 2386
 2430
 2470
 2514
 2554
 2582
 2610
 2634
 2664
 2706
 2744
 2774
 2798
 2822
 2848
 2870
 2892
 2912
 2928
 2946
 2956
 2962
 2964
 2964
 2964
 2956
 2942
 2924
 2904
 2874
 2844
 2802
 2750
 2702
 2650
 2606
 2570
 2522
 2472
 2414
 2356
 2302
 2244
 2178
 2112
 2040
 1966
 1886
 1808
 1744
 1686
 1634
 1574
 1512
 1446
 1382
 1328
 1276
 1222
 1178
 1142
 1116
 1100
 1090
 1086
 1090
 1104
 1120
 1136
 1152
 1172
 1194
 1220
 1246
 1276
 1308
 1344
 1382
 1424
 1468
 1520
 1580
 1640
 1692
 1734
 1784
 1826
 1880
 1940
 1996
 2050
 2102
 2152
 2202
 2244
 2284
 2324
 2368
 2408
 2450
 2490
 2528
 2568
 2612
 2652
 2690
 2726
 2762
 2792
 2826
 2852
 2868
 2884
 2890
 2908
 2930
 2938
 2934
 2924
 2912
 2898
 2876
 2854
 2826
 2790
 2750
 2708
 2660
 2610
 2558
 2506
 2454
 2398
 2342
 2280
 2220
 2160
 2102
 2030
 1954
 1884
 1812
 1754
 1706
 1670
 1646
 1640
 1642
 1652
 1656
 1664
 1672
 1678
 1684
 1688
 1698
 1724
 1762
 1796
 1834
 1872
 1912
 1946
 1984
 2020
 2052
 2084
 2118
 2150
 2202
 2248
 2286
 2318
 2344
 2376
 2408
 2424
 2426
 2422
 2416
 2410
 2404
 2400
 2402
 2406
 2412
 2422
 2434
 2442
 2448
 2446
 2440
 2438
 2432
 2436
 2446
 2462
 2488
 2514
 2540
 2572
 2604
 2634
 2664
 2692
 2720
 2748
 2768
 2790
 2808
 2828
 2852
 2874
 2890
 2894
 2898
 2894
 2908
 2930
 2946
 2952
 2954
 2960
 2970
 2976
 2984
 2990
 2992
 2992
 2992
 2990
 2986
 2984
 2978
 2966
 2950
 2928
 2892
 2854
 2814
 2780
 2756
 2726
 2690
 2650
 2602
 2558
 2510
 2454
 2398
 2338
 2272
 2206
 2136
 2062
 1990
 1918
 1844
 1768
 1694
 1626
 1560
 1492
 1426
 1360
 1296
 1246
 1194
 1144
 1098
 1056
 1036
 1022
 1022
 1038
 1062
 1102
 1150
 1208
 1272
 1338
 1402
 1468
 1536
 1604
 1674
 1736
 1792
 1852
 1904
 1980
 2062
 2140
 2216
 2286
 2356
 2422
 2478
 2532
 2582
 2630
 2674
 2710
 2744
 2772
 2798
 2824
 2848
 2868
 2886
 2904
 2918
 2924
 2928
 2928
 2938
 2960
 2972
 2976
 2976
 2976
 2980
 2984
 2986
 2990
 2990
 2988
 2982
 2974
 2964
 2952
 2932
 2908
 2884
 2858
 2828
 2800
 2768
 2720
 2672
 2618
 2570
 2524
 2458
 2366
 2244
 2112
 1990
 1868
 1760
 1666
 1590
 1534
 1494
 1468
 1458
 1458
 1464
 1478
 1494
 1520
 1554
 1592
 1632
 1680
 1732
 1792
 1874
 1950
 2022
 2086
 2158
 2224
 2284
 2336
 2388
 2440
 2488
 2532
 2566
 2602
 2636
 2668
 2692
 2716
 2738
 2760
 2780
 2790
 2798
 2804
 2814
 2838
 2862
 2874
 2880
 2882
 2888
 2896
 2900
 2908
 2912
 2914
 2914
 2908
 2902
 2888
 2872
 2858
 2840
 2822
 2798
 2774
 2744
 2708
 2698
 2710
 2726
 2720
 2694
 2662
 2622
 2576
 2532
 2482
 2430
 2366
 2298
 2230
 2162
 2094
 2024
 1954
 1886
 1816
 1750
 1684
 1628
 1576
 1526
 1492
 1466
 1458
 1460
 1470
 1490
 1516
 1548
 1588
 1624
 1664
 1708
 1752
 1792
 1834
 1876
 1924
 1978
 2028
 2074
 2118
 2162
 2208
 2244
 2280
 2320
 2364
 2422
 2476
 2524
 2562
 2600
 2642
 2678
 2708
 2740
 2768
 2796
 2820
 2838
 2856
 2874
 2892
 2908
 2920
 2930
 2936
 2944
 2948
 2944
 2942
 2934
 2936
 2936
 2922
 2898
 2866
 2826
 2780
 2724
 2678
 2628
 2574
 2516
 2458
 2396
 2338
 2284
 2240
 2206
 2180
 2158
 2128
 2100
 2074
 2040
 1996
 1956
 1908
 1868
 1836
 1806
 1782
 1770
 1770
 1782
 1796
 1820
 1848
 1876
 1910
 1946
 1986
 2028
 2072
 2116
 2162
 2206
 2250
 2290
 2336
 2382
 2414
 2448
 2474
 2512
 2560
 2604
 2642
 2672
 2708
 2744
 2774
 2802
 2830
 2858
 2884
 2904
 2922
 2936
 2950
 2962
 2976
 2986
 2996
 3010
 3016
 3020
 3016
 3002
 2990
 2970
 2964
 2954
 2932
 2906
 2870
 2836
 2802
 2762
 2722
 2678
 2632
 2586
 2534
 2482
 2432
 2386
 2340
 2300
 2262
 2230
 2204
 2190
 2180
 2174
 2176
 2182
 2196
 2218
 2242
 2270
 2298
 2330
 2368
 2408
 2444
 2484
 2522
 2560
 2596
 2630
 2664
 2698
 2728
 2760
 2788
 2816
 2840
 2866
 2888
 2898
 2906
 2914
 2922
 2944
 2966
 2980
 2988
 2994
 3004
 3014
 3022
 3032
 3040
 3046
 3046
 3044
 3042
 3042
 3038
 3028
 3014
 3000
 2984
 2964
 2942
 2910
 2874
 2840
 2804
 2780
 2750
 2714
 2674
 2634
 2594
 2556
 2512
 2470
 2422
 2374
 2326
 2280
 2234
 2190
 2148
 2108
 2070
 2032
 1994
 1960
 1926
 1890
 1866
 1848
 1844
 1848
 1854
 1870
 1890
 1914
 1944
 1968
 1996
 2028
 2058
 2092
 2122
 2154
 2190
 2234
 2274
 2314
 2354
 2396
 2438
 2470
 2498
 2532
 2560
 2608
 2654
 2692
 2726
 2758
 2792
 2824
 2852
 2882
 2906
 2928
 2946
 2958
 2970
 2978
 2982
 2986
 2992
 2996
 3004
 3010
 3012
 3006
 3004
 2998
 3006
 3012
 3002
 2988
 2968
 2946
 2924
 2894
 2868
 2836
 2800
 2760
 2722
 2680
 2636
 2590
 2544
 2492
 2440
 2390
 2338
 2296
 2252
 2202
 2160
 2118
 2088
 2066
 2052
 2042
 2040
 2050
 2072
 2092
 2126
 2164
 2204
 2248
 2294
 2340
 2390
 2440
 2490
 2536
 2582
 2626
 2670
 2708
 2732
 2758
 2782
 2808
 2850
 2884
 2906
 2918
 2932
 2948
 2964
 2976
 2990
 3002
 3010
 3016
 3018
 3018
 3020
 3018
 3014
 3008
 2996
 2978
 2960
 2932
 2892
 2852
 2810
 2780
 2744
 2698
 2648
 2596
 2548
 2498
 2440
 2382
 2320
 2256
 2188
 2120
 2052
 1988
 1926
 1866
 1812
 1760
 1716
 1686
 1660
 1642
 1640
 1644
 1666
 1690
 1716
 1744
 1770
 1798
 1830
 1858
 1894
 1932
 1976
 2022
 2068
 2122
 2172
 2224
 2272
 2318
 2364
 2402
 2420
 2416
 2412
 2402
 2398
 2404
 2404
 2408
 2412
 2422
 2438
 2452
 2462
 2468
 2468
 2466
 2462
 2458
 2456
 2452
 2458
 2480
 2520
 2560
 2582
 2604
 2620
 2634
 2654
 2662
 2666
 2670
 2676
 2692
 2714
 2748
 2780
 2806
 2830
 2856
 2876
 2894
 2912
 2926
 2940
 2942
 2932
 2920
 2896
 2882
 2862
 2824
 2776
 2720
 2660
 2596
 2522
 2450
 2376
 2306
 2236
 2166
 2098
 2032
 1968
 1912
 1868
 1826
 1776
 1722
 1668
 1608
 1564
 1526
 1486
 1442
 1398
 1362
 1320
 1276
 1232
 1190
 1156
 1118
 1084
 1054
 1036
 1026
 1034
 1050
 1068
 1082
 1102
 1128
 1152
 1194
 1236
 1282
 1334
 1382
 1432
 1480
 1522
 1572
 1620
 1666
 1710
 1752
 1796
 1842
 1892
 1940
 1990
 2044
 2100
 2144
 2174
 2206
 2232
 2268
 2314
 2352
 2388
 2418
 2450
 2484
 2516
 2550
 2584
 2622
 2660
 2694
 2726
 2758
 2790
 2818
 2844
 2868
 2890
 2916
 2936
 2944
 2952
 2954
 2970
 2996
 3008
 3010
 3002
 2990
 2972
 2944
 2916
 2882
 2848
 2806
 2758
 2706
 2654
 2608
 2560
 2510
 2458
 2406
 2354
 2292
 2228
 2162
 2090
 2024
 1952
 1876
 1794
 1712
 1638
 1568
 1496
 1432
 1364
 1302
 1238
 1172
 1118
 1074
 1032
 1000
 976
 968
 968
 966
 980
 990
 1010
 1038
 1066
 1096
 1122
 1152
 1188
 1220
 1250
 1284
 1320
 1354
 1390
 1432
 1478
 1524
 1572
 1620
 1668
 1712
 1750
 1792
 1828
 1878
 1938
 1990
 2040
 2086
 2136
 2184
 2222
 2264
 2304
 2342
 2380
 2416
 2450
 2484
 2518
 2546
 2570
 2594
 2618
 2636
 2648
 2666
 2684
 2718
 2744
 2766
 2778
 2790
 2804
 2820
 2834
 2850
 2864
 2874
 2882
 2892
 2896
 2896
 2902
 2906
 2912
 2918
 2926
 2922
 2910
 2894
 2872
 2858
 2836
 2806
 2774
 2740
 2704
 2670
 2636
 2608
 2574
 2536
 2490
 2438
 2386
 2332
 2278
 2222
 2164
 2106
 2052
 1984
 1912
 1840
 1760
 1692
 1624
 1560
 1500
 1440
 1390
 1344
 1298
 1264
 1234
 1218
 1208
 1208
 1212
 1224
 1234
 1248
 1268
 1294
 1314
 1334
 1370
 1396
 1438
 1482
 1524
 1566
 1608
 1648
 1694
 1730
 1770
 1810
 1850
 1888
 1928
 1976
 2018
 2062
 2102
 2136
 2176
 2220
 2258
 2286
 2322
 2356
 2402
 2456
 2504
 2544
 2580
 2616
 2654
 2684
 2718
 2750
 2778
 2804
 2826
 2846
 2866
 2884
 2900
 2914
 2922
 2928
 2934
 2938
 2936
 2934
 2932
 2944
 2958
 2964
 2964
 2962
 2964
 2968
 2972
 2978
 2980
 2976
 2964
 2946
 2918
 2888
 2856
 2818
 2780
 2744
 2708
 2672
 2628
 2574
 2524
 2468
 2424
 2392
 2360
 2320
 2270
 2216
 2162
 2094
 2028
 1958
 1894
 1828
 1758
 1690
 1636
 1588
 1548
 1520
 1506
 1504
 1508
 1516
 1534
 1554
 1586
 1624
 1658
 1692
 1730
 1780
 1832
 1874
 1918
 1960
 2000
 2040
 2078
 2116
 2158
 2200
 2240
 2278
 2314
 2356
 2388
 2412
 2442
 2466
 2506
 2554
 2598
 2634
 2666
 2698
 2734
 2764
 2792
 2818
 2844
 2868
 2886
 2900
 2916
 2930
 2942
 2956
 2966
 2980
 2982
 2978
 2978
 2976
 2988
 2990
 2976
 2954
 2932
 2908
 2882
 2850
 2826
 2806
 2786
 2762
 2732
 2694
 2654
 2610
 2568
 2526
 2480
 2440
 2392
 2334
 2278
 2218
 2162
 2106
 2046
 1988
 1932
 1878
 1832
 1780
 1734
 1692
 1652
 1608
 1564
 1526
 1496
 1462
 1432
 1404
 1380
 1360
 1334
 1312
 1296
 1282
 1280
 1282
 1290
 1308
 1332
 1362
 1388
 1414
 1450
 1484
 1516
 1552
 1586
 1624
 1662
 1700
 1736
 1778
 1824
 1870
 1902
 1936
 1964
 2002
 2042
 2078
 2112
 2144
 2182
 2228
 2264
 2304
 2340
 2374
 2410
 2442
 2470
 2496
 2520
 2542
 2558
 2572
 2586
 2602
 2622
 2632
 2638
 2644
 2648
 2666
 2684
 2692
 2694
 2698
 2706
 2714
 2722
 2730
 2738
 2748
 2754
 2762
 2768
 2774
 2780
 2786
 2794
 2798
 2806
 2812
 2820
 2822
 2808
 2790
 2770
 2752
 2742
 2726
 2708
 2692
 2678
 2670
 2660
 2640
 2616
 2586
 2552
 2512
 2470
 2426
 2376
 2324
 2274
 2222
 2168
 2116
 2066
 2016
 1954
 1892
 1834
 1780
 1734
 1688
 1652
 1618
 1590
 1568
 1550
 1538
 1534
 1536
 1542
 1554
 1572
 1592
 1616
 1640
 1668
 1698
 1726
 1758
 1790
 1814
 1840
 1866
 1892
 1928
 1964
 2002
 2036
 2068
 2104
 2138
 2166
 2198
 2228
 2258
 2290
 2324
 2356
 2384
 2414
 2444
 2476
 2504
 2532
 2558
 2572
 2582
 2594
 2608
 2638
 2666
 2692
 2716
 2738
 2762
 2790
 2816
 2844
 2868
 2890
 2908
 2918
 2930
 2944
 2960
 2974
 2988
 3000
 3014
 3028
 3038
 3038
 3040
 3042
 3056
 3080
 3096
 3104
 3104
 3098
 3090
 3072
 3056
 3034
 3006
 2976
 2938
 2900
 2860
 2818
 2778
 2740
 2702
 2662
 2626
 2586
 2536
 2486
 2432
 2384
 2340
 2290
 2240
 2194
 2150
 2112
 2070
 2028
 1988
 1948
 1908
 1870
 1834
 1800
 1764
 1732
 1704
 1678
 1658
 1636
 1616
 1610
 1604
 1614
 1626
 1642
 1660
 1678
 1698
 1720
 1742
 1768
 1790
 1814
 1838
 1862
 1892
 1924
 1960
 1994
 2028
 2060
 2098
 2124
 2146
 2176
 2202
 2244
 2284
 2318
 2350
 2380
 2410
 2444
 2472
 2500
 2528
 2554
 2582
 2606
 2630
 2656
 2684
 2714
 2740
 2766
 2794
 2820
 2834
 2852
 2866
 2890
 2922
 2946
 2964
 2978
 2986
 3000
 3010
 3018
 3030
 3038
 3038
 3032
 3018
 2994
 2966
 2936
 2906
 2872
 2834
 2798
 2764
 2728
 2682
 2636
 2586
 2536
 2492
 2440
 2386
 2330
 2276
 2226
 2174
 2120
 2070
 2020
 1974
 1930
 1898
 1878
 1870
 1874
 1888
 1908
 1934
 1966
 2006
 2044
 2076
 2116
 2152
 2204
 2258
 2306
 2352
 2392
 2432
 2474
 2504
 2538
 2570
 2602
 2632
 2662
 2690
 2720
 2748
 2776
 2802
 2830
 2854
 2878
 2900
 2920
 2938
 2944
 2954
 2960
 2976
 2994
 3006
 3018
 3026
 3036
 3048
 3060
 3072
 3086
 3092
 3098
 3100
 3100
 3100
 3100
 3096
 3090
 3084
 3082
 3080
 3078
 3078
 3080
 3078
 3068
 3060
 3054
 3066
 3080
 3086
 3084
 3076
 3072
 3070
 3068
 3068
 3066
 3058
 3042
 3018
 2990
 2962
 2928
 2894
 2858
 2824
 2790
 2758
 2732
 2706
 2680
 2644
 2612
 2574
 2540
 2510
 2474
 2436
 2390
 2344
 2304
 2258
 2216
 2174
 2138
 2106
 2078
 2060
 2050
 2048
 2052
 2064
 2082
 2102
 2126
 2156
 2186
 2210
 2236
 2264
 2294
 2336
 2374
 2408
 2436
 2464
 2498
 2530
 2560
 2596
 2630
 2662
 2690
 2714
 2740
 2766
 2790
 2816
 2838
 2862
 2884
 2902
 2924
 2934
 2938
 2940
 2942
 2962
 2984
 2998
 3010
 3020
 3032
 3046
 3054
 3064
 3074
 3080
 3086
 3088
 3088
 3088
 3090
 3088
 3076
 3056
 3032
 3010
 2986
 2954
 2914
 2878
 2838
 2806
 2774
 2732
 2690
 2638
 2590
 2548
 2504
 2460
 2416
 2372
 2330
 2286
 2246
 2206
 2170
 2140
 2112
 2094
 2086
 2086
 2096
 2106
 2118
 2140
 2162
 2198
 2240
 2282
 2324
 2366
 2412
 2462
 2502
 2542
 2586
 2628
 2670
 2702
 2732
 2762
 2792
 2820
 2848
 2872
 2892
 2912
 2922
 2924
 2928
 2932
 2938
 2958
 2972
 2986
 2992
 2998
 3008
 3022
 3030
 3046
 3054
 3064
 3066
 3066
 3060
 3048
 3028
 3002
 2976
 2948
 2918
 2886
 2854
 2812
 2766
 2724
 2678
 2640
 2596
 2550
 2506
 2460
 2422
 2386
 2346
 2308
 2266
 2228
 2190
 2152
 2120
 2098
 2086
 2084
 2092
 2106
 2124
 2146
 2170
 2192
 2218
 2248
 2284
 2334
 2382
 2428
 2470
 2510
 2556
 2598
 2636
 2678
 2716
 2754
 2792
 2822
 2854
 2886
 2914
 2940
 2960
 2976
 2988
 3006
 3018
 3020
 3024
 3028
 3044
 3068
 3082
 3088
 3092
 3096
 3104
 3110
 3114
 3122
 3126
 3122
 3106
 3082
 3056
 3030
 3006
 2984
 2960
 2934
 2902
 2872
 2836
 2790
 2738
 2684
 2628
 2580
 2522
 2464
 2406
 2346
 2290
 2238
 2178
 2124
 2064
 2006
 1944
 1882
 1828
 1778
 1734
 1698
 1672
 1658
 1654
 1660
 1672
 1688
 1714
 1742
 1782
 1834
 1880
 1926
 1968
 2014
 2062
 2104
 2146
 2192
 2236
 2276
 2314
 2348
 2384
 2420
 2454
 2488
 2522
 2554
 2586
 2622
 2650
 2672
 2700
 2722
 2768
 2812
 2848
 2880
 2904
 2928
 2952
 2974
 2998
 3018
 3036
 3050
 3058
 3066
 3072
 3076
 3076
 3072
 3060
 3040
 3016
 2990
 2958
 2916
 2878
 2836
 2802
 2770
 2732
 2692
 2648
 2606
 2566
 2518
 2468
 2418
 2368
 2318
 2260
 2202
 2146
 2092
 2042
 1998
 1958
 1926
 1892
 1858
 1826
 1792
 1758
 1730
 1698
 1678
 1656
 1640
 1630
 1628
 1636
 1650
 1668
 1696
 1724
 1758
 1794
 1834
 1872
 1908
 1944
 1978
 2014
 2050
 2088
 2128
 2164
 2190
 2214
 2238
 2264
 2308
 2354
 2400
 2446
 2490
 2536
 2582
 2622
 2662
 2700
 2738
 2772
 2804
 2830
 2856
 2882
 2906
 2926
 2944
 2960
 2980
 2998
 3004
 3008
 3012
 3014
 3032
 3048
 3056
 3052
 3042
 3028
 3012
 2992
 2976
 2966
 2972
 2974
 2956
 2928
 2894
 2856
 2810
 2758
 2700
 2642
 2580
 2520
 2460
 2390
 2326
 2256
 2190
 2136
 2084
 2028
 1972
 1918
 1868
 1814
 1764
 1720
 1682
 1652
 1624
 1608
 1602
 1606
 1618
 1634
 1654
 1680
 1712
 1742
 1770
 1808
 1848
 1890
 1942
 1988
 2032
 2072
 2112
 2154
 2190
 2226
 2262
 2296
 2330
 2360
 2392
 2422
 2458
 2492
 2528
 2562
 2600
 2640
 2680
 2712
 2738
 2764
 2790
 2834
 2874
 2908
 2930
 2950
 2974
 2998
 3016
 3036
 3052
 3064
 3074
 3078
 3082
 3084
 3088
 3092
 3092
 3092
 3092
 3094
 3092
 3080
 3068
 3058
 3054
 3062
 3062
 3054
 3044
 3038
 3032
 3024
 3006
 2982
 2950
 2914
 2870
 2826
 2784
 2748
 2712
 2676
 2642
 2610
 2574
 2536
 2500
 2462
 2414
 2366
 2312
 2264
 2218
 2168
 2118
 2068
 2026
 1986
 1946
 1916
 1886
 1864
 1844
 1824
 1806
 1786
 1768
 1746
 1722
 1698
 1674
 1646
 1614
 1572
 1522
 1468
 1408
 1352
 1296
 1238
 1178
 1124
 1072
 1024
 978
 938
 904
 874
 840
 804
 768
 732
 704
 690
 694
 696
 694
 694
 676
 646
 612
 584
 558
 514
 462
 402
 334
 270
 204
 134
 66
 0
 0
 0
 0
 0
 0
 0
 24
 58
 86
 122
 160
 192
 226
 258
 298
 344
 382
 424
 476
 526
 578
 630
 684
 736
 790
 840
 890
 948
 1004
 1068
 1132
 1184
 1230
 1272
 1318
 1378
 1436
 1490
 1540
 1586
 1642
 1690
 1732
 1772
 1808
 1836
 1854
 1862
 1876
 1894
 1924
 1958
 1996
 2038
 2082
 2130
 2178
 2230
 2284
 2340
 2404
 2462
 2510
 2558
 2604
 2654
 2718
 2774
 2816
 2852
 2886
 2926
 2968
 3008
 3046
 3080
 3114
 3148
 3176
 3198
 3222
 3238
 3248
 3252
 3254
 3250
 3244
 3230
 3204
 3172
 3136
 3098
 3068
 3034
 3012
 3000
 2990
 2978
 2970
 2964
 2962
 2960
 2964
 2968
 2966
 2962
 2962
 2962
 2962
 2964
 2968
 2974
 2980
 2986
 2992
 2998
 3006
 3016
 3024
 3022
 3022
 3020
 3026
 3042
 3052
 3056
 3060
 3062
 3066
 3064
 3054
 3044
 3028
 3006
 2978
 2946
 2918
 2898
 2880
 2868
 2860
 2856
 2854
 2856
 2862
 2872
 2878
 2882
 2890
 2902
 2928
 2946
 2960
 2974
 2982
 2992
 3004
 3010
 3020
 3030
 3034
 3038
 3038
 3040
 3036
 3034
 3030
 3030
 3028
 3026
 3024
 3026
 3026
 3018
 3014
 3010
 3014
 3026
 3032
 3036
 3034
 3032
 3036
 3036
 3034
 3028
 3020
 3002
 2978
 2946
 2906
 2868
 2826
 2784
 2740
 2694
 2648
 2604
 2566
 2530
 2492
 2454
 2414
 2378
 2342
 2304
 2268
 2232
 2202
 2178
 2156
 2142
 2134
 2132
 2136
 2148
 2162
 2184
 2208
 2238
 2270
 2304
 2340
 2374
 2410
 2440
 2464
 2492
 2516
 2554
 2592
 2624
 2652
 2676
 2696
 2718
 2736
 2754
 2774
 2790
 2808
 2822
 2834
 2846
 2858
 2870
 2882
 2890
 2898
 2904
 2906
 2910
 2908
 2906
 2904
 2908
 2922
 2932
 2936
 2940
 2938
 2942
 2946
 2948
 2954
 2956
 2954
 2954
 2950
 2948
 2946
 2942
 2944
 2942
 2938
 2932
 2928
 2926
 2924
 2918
 2910
 2904
 2906
 2920
 2926
 2928
 2928
 2928
 2930
 2930
 2930
 2934
 2934
 2934
 2930
 2926
 2920
 2918
 2914
 2912
 2904
 2898
 2896
 2894
 2892
 2890
 2884
 2876
 2872
 2868
 2872
 2868
 2856
 2838
 2820
 2800
 2784
 2760
 2740
 2718
 2706
 2698
 2686
 2666
 2646
 2622
 2598
 2568
 2536
 2504
 2468
 2432
 2398
 2362
 2326
 2292
 2256
 2224
 2192
 2158
 2128
 2088
 2046
 2004
 1964
 1928
 1894
 1868
 1842
 1816
 1790
 1770
 1756
 1750
 1752
 1760
 1778
 1796
 1818
 1836
 1848
 1854
 1868
 1880
 1902
 1930
 1956
 1980
 2002
 2026
 2054
 2076
 2098
 2120
 2144
 2172
 2194
 2218
 2240
 2262
 2286
 2310
 2334
 2356
 2378
 2398
 2418
 2438
 2450
 2464
 2478
 2492
 2518
 2540
 2556
 2572
 2586
 2602
 2616
 2626
 2636
 2648
 2660
 2668
 2676
 2686
 2696
 2706
 2718
 2730
 2742
 2754
 2768
 2782
 2798
 2806
 2810
 2816
 2820
 2838
 2858
 2870
 2880
 2888
 2894
 2896
 2900
 2902
 2908
 2912
 2912
 2910
 2910
 2910
 2908
 2910
 2908
 2910
 2912
 2912
 2910
 2906
 2896
 2878
 2860
 2840
 2828
 2812
 2792
 2774
 2754
 2732
 2712
 2690
 2666
 2646
 2624
 2602
 2578
 2554
 2530
 2506
 2482
 2458
 2436
 2414
 2394
 2378
 2370
 2362
 2356
 2356
 2358
 2374
 2392
 2410
 2432
 2452
 2476
 2504
 2528
 2556
 2586
 2614
 2644
 2670
 2694
 2714
 2734
 2756
 2776
 2794
 2812
 2828
 2844
 2860
 2872
 2874
 2882
 2884
 2894
 2910
 2920
 2924
 2926
 2922
 2924
 2924
 2924
 2926
 2928
 2926
 2924
 2922
 2920
 2918
 2916
 2914
 2914
 2914
 2912
 2910
 2912
 2912
 2906
 2902
 2900
 2908
 2922
 2926
 2926
 2926
 2926
 2932
 2934
 2930
 2928
 2926
 2922
 2916
 2910
 2904
 2902
 2900
 2896
 2894
 2890
 2886
 2884
 2880
 2858
 2832
 2798
 2764
 2730
 2690
 2650
 2612
 2572
 2532
 2488
 2432
 2376
 2322
 2286
 2266
 2252
 2238
 2226
 2218
 2216
 2218
 2220
 2228
 2236
 2238
 2244
 2248
 2256
 2266
 2272
 2276
 2276
 2280
 2290
 2306
 2328
 2346
 2362
 2382
 2404
 2430
 2454
 2484
 2518
 2548
 2582
 2610
 2630
 2652
 2668
 2696
 2724
 2740
 2750
 2756
 2764
 2768
 2766
 2768
 2772
