123
125
150
325
397
509
646
658
782
902
911
1012
1027
1123
1139
1258
1360
1378
1468
1492
1563
1665
1677
1761
1772
1869
1878
1967
1976
2066
2171
2279
2378
2398
2477
2493
2571
2587
2672
2688
2767
2845
2939
3055
3064
3178
3194
3289
3387
3402
3495
3508
3594
3610
3693
3803
3817
3908
4137
4675
4814
4960
4965
5065
5076
5147
5240
5337
5436
5523
5638
5654
5766
5785
5881
5890
5981
5996
6078
6180
6263
6364
6455
6480
6553
6557
6669
6670
6753
6770
6861
6961
7061
7163
7175
7308
7311
7404
7418
7518
7620
7636
7716
7826
7935
7951
8038
8130
8228
8351
8358
8530
8546
