76
170
216
245
291
368
414
476
483
547
555
607
683
754
881
965
1056
1138
1211
1295
1367
1431
1485
1555
1625
1688
1752
1822
1885
1956
2033
2107
2184
2261
2325
2388
2454
2525
2596
2656
2732
2800
2874
2938
3020
3095
3160
3223
3285
3343
3421
3483
3535
3590
3653
3703
3778
3843
3927
4002
4071
4150
4209
4266
4326
4393
4462
4531
4602
4675
4751
4825
4914
4990
5060
5131
5198
5280
5345
5399
5476
5536
5613
5623
5699
5758
5830
5896
5925
6014
6075
6153
6232
6303
6377
6453
6533
6619
6693
6765
6855
6927
7011
7086
7162
7239
7314
7392
7469
7539
7612
7706
7797
7810
7862
7938
8019
8096
8160
8235
8314
8386
8542
8544
8642
8652
8713
