59
163
260
358
456
548
642
740
837
930
1028
1128
1223
1323
1424
1519
1615
1714
1806
1902
2001
2095
2187
2284
2374
2463
2562
2669
2768
2869
2970
3068
3165
3250
3330
3407
3483
3587
3687
3785
3872
3955
4037
4117
4205
4308
4399
4488
4588
4672
4761
4855
4949
5032
5123
5233
5329
5415
5501
5587
5673
5783
5885
5984
6087
6189
6283
6375
6475
6569
6669
6776
6876
6977
7077
7164
7247
7335
7429
7530
7631
7739
7837
7941
8042
8136
8226
8314
8397
8485
8596
8696
8799
8901
8992
9084
9170
9252
9342
9453
9552
9655
9759
9850
9938
10027
10120
10208
10311
10419
10520
10622
10715
10806
10894
10980
11064
11154
11253
11336
11418
11505
11614
11714
11805
11899
11984
12067
12178
12280
12381
12486
12583
12673
12762
12852
12948
13064
13165
13274
13382
13477
13570
13669
13760
13871
13984
14088
14198
14299
14388
14476
14562
14655
14768
14879
14980
15083
15184
15272
15358
15454
15549
15654
15763
15860
15966
16062
16145
16227
16312
16395
16486
16591
16698
16802
16903
16999
17081
17163
17252
17345
17435
17546
17650
17747
17844
17933
18018
18123
18219
18306
18399
18503
18599
18701
18800
18898
18995
19086
19178
19268
19348
19433
19544
19648
19754
19861
19954
20039
20122
20205
20286
20373
20479
20584
20681
20768
20849
20928
21010
21106
21204
21291
21389
21491
21581
21673
21760
21840
21927
22030
22120
22210
22309
22399
22487
22590
22684
22768
22860
22960
23051
23144
23242
23330
23415
23503
23602
23684
23768
23854
23938
24020
24099
24187
24280
24384
24475
24557
24640
24721
24799
24885
24990
25087
25189
25286
25369
25449
25536
25625
25712
25822
25926
26016
26109
26203
26285
26370
26476
26577
26671
26764
26849
26931
27032
27138
27230
27321
27415
27503
27596
27701
27791
27883
27970
28051
28135
28230
28329
28432
28529
28621
28707
28791
28872
28956
29049
29155
29249
29342
29446
29531
29611
29697
29791
29877
29962
30069
30165
30265
30366
30459
30548
30630
30715
30798
30886
30991
31092
31175
31262
31360
31444
31529
31620
31722
31815
31906
31998
32085
32181
32280
32360
32439
32523
32603
32682
32772
32872
32977
33067
33167
33271
33355
33436
33523
33614
33698
33790
33890
33980
34077
34183
34276
34363
34449
34532
34614
34715
34822
34913
35008
35113
35209
35292
35382
35485
35579
35673
