47
139
236
328
423
508
589
692
786
886
984
1077
1173
1264
1350
1457
1556
1653
1754
1855
1948
2048
2153
2254
2353
2454
2554
2653
2758
2860
2954
3050
3152
3255
3353
3454
3555
3657
3760
3861
3956
4050
4132
4210
4297
4405
4509
4602
4689
4779
4864
4955
5065
5165
5264
5363
5447
5529
5617
5704
5801
5912
6012
6107
6199
6283
6363
6455
6561
6662
6754
6852
6948
7038
7126
7209
7291
7371
7449
7534
7629
7736
7840
7937
8041
8142
8231
8317
8405
8490
8581
8694
8798
8893
8990
9076
9154
9248
9360
9462
9569
9672
9765
9860
9955
10039
10127
10231
10328
10422
10522
10613
10696
10793
10901
10997
11094
11190
11280
11369
11477
11580
11675
11771
11860
11943
12033
12140
12238
12341
12442
12533
12618
12707
12789
12872
12980
13081
13182
13287
13386
13480
13574
13667
13753
13845
13951
14045
14144
14245
14335
14421
14516
14609
14699
14807
14907
15002
15099
15195
15279
15360
15446
15536
15622
15703
15789
15881
15987
16086
16181
16278
16360
16442
16541
16637
16727
16834
16934
17034
17134
17225
17315
17419
17523
17614
17719
17822
17921
18022
18121
18215
18310
18404
18495
18590
18693
18791
18883
18978
19073
19167
19252
19343
19443
19533
19630
19721
19808
19893
19983
20076
20163
20259
20359
20450
20538
20622
20702
20784
20881
20970
21055
21153
21249
21337
21436
21542
21633
21719
21808
21913
22008
22095
22182
22279
22376
22484
22584
22672
22760
22847
22934
23043
23147
23245
23345
23434
23515
23603
23699
23793
23901
24002
24091
24185
24293
24387
24477
24564
24655
24756
24866
24965
25067
25159
25239
25317
25396
25503
25602
25707
25814
25911
26013
26118
26214
26311
26410
26501
26586
26696
26801
26900
27003
27101
27197
27293
27392
27487
27590
27700
27800
27898
27990
28072
28165
28267
28356
28454
28562
28661
28753
28837
28918
29003
29089
29172
29259
29363
29464
29561
29661
29750
29830
29911
29996
30080
30166
30277
30382
30481
30581
30676
30754
30833
30921
31012
31112
31217
31321
31418
31502
31584
31668
31759
31858
31950
32043
32140
32229
32320
32405
32488
32574
32663
32751
32833
32935
33037
33126
33220
33321
33405
33484
33574
33682
33778
33876
33973
34066
34166
34262
34355
34435
34515
34597
34701
34802
34897
34993
35093
35175
35259
35350
35436
35523
35625
35730
