48
123
224
306
389
471
551
631
707
783
862
942
1024
1104
1180
1256
1336
1417
1498
1581
1659
1736
1806
1880
1955
2032
2111
2193
2277
2356
2436
2516
2598
2678
2756
2838
2922
3008
3091
3169
3248
3332
3421
3499
3597
3681
3764
3845
3929
4017
4104
4186
4271
4358
4443
4529
4615
4695
4776
4862
4954
5049
5143
5231
5313
5401
5490
5578
5666
5749
5833
5920
6007
6097
6185
6271
6356
6447
6537
6624
6707
6793
6884
6974
7061
7147
7234
7326
7417
7501
7585
7673
7761
7847
7927
8004
8086
8174
8264
8353
8436
8519
8604
8690
8777
8859
8954
9044
9133
9224
9311
9400
9487
9576
9662
9745
9828
9916
10008
10100
10189
10274
10361
10446
10527
10610
10697
10788
10880
10968
11060
11156
11250
11335
11418
11503
11589
11678
11763
11847
11932
12023
12112
12195
12270
12346
12430
12511
12595
12679
12762
12850
12938
13025
13112
13199
13289
13378
13468
13558
13644
13728
13813
13900
13990
14078
14162
14242
14324
14411
14498
14578
14658
14741
14830
14919
15010
15099
15182
15268
15359
15455
15548
15638
15724
15813
15905
15996
16082
16162
16244
16327
16410
16494
16577
16664
16754
16846
16938
17023
17108
17195
17285
17374
17462
17544
17630
17716
17804
17894
17984
18066
18143
18224
18306
18392
18477
18565
18646
18731
18820
18912
19006
19094
19179
19266
19356
19444
19533
19616
19701
19788
19876
19963
20050
20132
20206
20284
20365
20446
20526
20605
20685
20769
20849
20922
20994
21068
21144
21217
21291
21369
21451
21538
21624
21704
21785
21866
21952
22035
22117
22199
22286
22373
22459
22538
22612
22691
22791
22885
22978
23067
23154
23242
23329
23413
23501
23589
23678
23767
23846
23924
24006
24093
24187
24280
24373
24464
24553
24640
24722
24803
24886
24972
25067
25162
25258
25347
25431
25514
25600
25687
25776
25861
25946
26031
26115
26197
26275
26353
26434
26517
26596
26669
26745
26824
26907
26992
27079
27161
27244
27332
27424
27515
27606
27692
27776
27856
27940
28027
28117
28208
28298
28384
28468
28557
28648
28736
28827
28915
28998
29083
29173
29261
29352
29436
29514
29598
29685
29776
29869
29954
30038
30125
30214
30302
30387
30470
30557
30645
30730
30815
30897
30977
31060
31139
31218
31305
31395
31487
31577
31666
31753
31844
31931
32011
32091
32180
32272
32362
32454
32542
32630
32717
32802
32885
32963
33045
33132
33223
33316
33402
33487
33569
33654
33736
33815
33898
33986
34078
34171
34253
34331
34410
34494
34539
34582
34669
34761
34851
34944
35032
35115
35198
35289
35380
35465
35550
