1
74
151
229
300
369
438
510
581
656
734
811
887
964
1043
1120
1194
1266
1337
1406
1475
1545
1625
1708
1794
1879
1962
2042
2114
2186
2261
2336
2413
2486
2559
2637
2719
2798
2883
2967
3046
3129
3211
3292
3373
3450
3530
3612
3696
3781
3865
3950
4029
4110
4190
4271
4353
4430
4503
4581
4664
4752
4840
4924
5003
5083
5164
5247
5331
5411
5492
5575
5657
5738
5812
5889
5968
6049
6130
6211
6293
6373
6453
6532
6611
6689
6765
6845
6928
7008
7088
7167
7244
7324
7403
7480
7554
7628
7705
7787
7866
7946
8023
8102
8187
8272
8352
8429
8505
8587
8670
8757
8844
8926
9006
9089
9177
9267
9354
9434
9514
9595
9680
9765
9847
9934
10021
10111
10196
10282
10370
10458
10542
10621
10705
10787
10869
10948
11028
11111
11194
11279
11358
11432
11507
11589
11675
11764
11853
11938
12021
12108
12199
12287
12375
12460
12538
12611
12682
12761
12846
12933
13018
13094
13173
13252
13331
13411
13489
13565
13644
13729
13821
13913
14007
14098
14186
14277
14365
14451
14533
14614
14694
14775
14861
14947
15031
15113
15197
15284
15369
15453
15533
15612
15696
15782
15867
15947
16028
16112
16202
16291
16377
16453
16527
16611
16698
16787
16874
16957
17041
17125
17209
17292
17376
17461
17548
17635
17723
17809
17894
17977
18056
18139
18221
18301
18381
18465
18551
18635
18718
18801
18887
18973
19056
19135
19216
19300
19387
19471
19558
19648
19739
19826
19909
19992
20076
20162
20243
20321
20399
20486
20579
20673
20764
20853
20936
21017
21100
21184
21270
21357
21443
21532
21620
21704
21785
21868
21955
22042
22126
22208
22294
22384
22474
22558
22643
22729
22815
22895
22974
23058
23146
23235
23325
23409
23486
23568
23655
23746
23835
23922
24009
24096
24182
24265
24348
24428
24507
24589
24675
24767
24859
24946
25032
25119
25208
25297
25385
25477
25568
25648
25727
25808
25895
25983
26072
26156
26239
26324
26411
26498
26580
26661
26750
26841
26929
27012
27096
27182
27268
27351
27432
27517
27606
27698
27787
27874
27965
28054
28142
28227
28310
28396
28482
28570
28654
28740
28826
28914
29000
29082
29164
29248
29332
29417
29498
29578
29661
29745
29827
29907
29988
30070
30154
30233
30313
30396
30485
30575
30658
30741
30826
30916
31002
31082
31158
31237
31319
31403
31490
31573
31656
31740
31825
31912
31998
32086
32175
32267
32356
32441
32524
32611
32696
32781
32862
32945
33031
33123
33210
33294
33380
33464
33550
33629
33709
33796
33883
33969
34051
34130
34213
34300
34389
34477
34563
34643
34728
34816
34906
34997
35078
35158
35242
35330
35417
35504
35587
