72
175
266
348
434
524
631
734
834
931
1017
1100
1212
1318
1416
1517
1621
1720
1819
1921
2016
2115
2218
2318
2417
2522
2623
2724
2825
2926
3028
3128
3215
3293
3370
3450
3537
3626
3725
3824
3910
3996
4085
4176
4267
4361
4448
4547
4638
4722
4805
4900
4995
5083
5185
5284
5370
5456
5561
5661
5747
5834
5943
6043
6145
6235
6315
6404
6509
6601
6705
6811
6911
7015
7112
7203
7291
7379
7466
7555
7662
7764
7856
7943
8025
8107
8196
8300
8395
8487
8585
8677
8777
8867
8950
9035
9124
9207
9296
9390
9482
9590
9690
9775
9859
9946
10037
10130
10238
10334
10427
10525
10622
10711
10792
10872
10954
11044
11144
11240
11327
11423
11531
11625
11713
11797
11879
11967
12080
12180
12285
12388
12485
12568
12651
12747
12836
12930
13039
13136
13226
13324
13407
13488
13573
13655
13755
13856
13952
14056
14152
14236
14322
14406
14490
14579
14672
14762
14856
14949
15038
15130
15227
15320
15407
15495
15580
15663
15754
15847
15935
16024
16115
16219
16327
16428
16522
16628
16731
16820
16903
16995
17106
17208
17306
17393
17474
17558
17647
17750
17844
17942
18038
18132
18231
18330
18423
18520
18620
18720
18812
18910
19011
19104
19196
19290
19387
19480
19579
19678
19762
19843
19929
20022
20102
20181
20255
20331
20414
20501
20596
20692
20779
20866
20957
21042
21121
21204
21298
21390
21478
21567
21655
21742
21827
21936
22033
22121
22203
22285
22371
22462
22572
22672
22763
22847
22928
23014
23112
23201
23288
23373
23454
23534
23618
23703
23796
23881
23968
24056
24144
24229
24316
24408
24498
24587
24683
24769
24857
24946
25033
25119
25219
25320
25414
25508
25592
25676
25768
25857
25942
26030
26121
26212
26302
26403
26498
26580
26662
26748
26838
26924
27018
27110
27200
27289
27369
27447
27524
27608
27703
27795
27879
27968
28061
28158
28246
28331
28415
28495
28581
28672
28765
28870
28979
29072
29152
29234
29319
29405
29500
29609
29709
29800
29886
29967
30046
30128
30218
30314
30407
30502
30595
30681
30773
30865
30948
31029
31112
31197
31279
31364
31456
31546
31639
31729
31811
31890
31973
32063
32148
32234
32329
32432
32527
32621
32714
32798
32882
32971
33068
33158
33253
33354
33442
33528
33614
33697
33788
33891
33984
34078
34185
34273
34355
34442
34529
34614
34702
34809
34907
35009
35105
35195
35285
35374
35462
35549
35655
35756
