79
153
236
327
403
476
560
638
725
801
878
949
968
1036
1094
1171
1235
1311
1372
1397
1463
1517
1593
1664
1724
1806
1821
1879
1950
2029
2105
2175
2248
2319
2384
2455
2530
2599
2678
2743
2763
2830
2969
3045
3103
3170
3244
3309
3373
3452
3522
3602
3670
3735
3806
3910
3978
4070
4144
4224
4328
4405
4486
4557
4619
4694
4760
4859
4943
5015
5162
5233
5288
5362
5435
5506
5581
5656
5732
5808
5879
5949
6025
6093
6163
6238
6309
6386
6468
6543
6622
6694
6759
6830
6917
6983
7070
7143
7220
7294
7370
7455
7523
7594
7668
7733
7802
7875
7949
8027
8089
8191
8259
8334
8406
8474
8557
8634
8712
8782
8851
8934
