 3122
 3094
 3078
 3058
 3036
 3020
 3014
 3010
 2998
 2986
 2974
 2970
 2968
 3016
 3050
 3046
 3044
 3052
 3056
 3062
 3068
 3090
 3082
 3046
 3006
 2968
 2940
 2922
 2910
 2916
 2924
 2924
 2934
 2932
 2918
 2902
 2892
 2888
 2906
 2938
 2984
 3040
 3092
 3138
 3172
 3194
 3214
 3236
 3252
 3260
 3266
 3266
 3272
 3280
 3280
 3274
 3276
 3296
 3342
 3392
 3448
 3506
 3568
 3612
 3638
 3642
 3630
 3610
 3586
 3546
 3484
 3432
 3382
 3332
 3302
 3274
 3244
 3216
 3202
 3188
 3176
 3164
 3156
 3150
 3144
 3134
 3126
 3124
 3120
 3120
 3124
 3124
 3124
 3132
 3160
 3182
 3206
 3230
 3244
 3254
 3254
 3250
 3242
 3228
 3214
 3194
 3162
 3126
 3102
 3082
 3058
 3022
 2994
 2968
 2944
 2914
 2882
 2852
 2822
 2790
 2758
 2728
 2698
 2670
 2648
 2632
 2624
 2622
 2626
 2630
 2628
 2630
 2638
 2656
 2682
 2704
 2722
 2738
 2754
 2770
 2782
 2794
 2804
 2814
 2826
 2836
 2848
 2862
 2874
 2886
 2888
 2892
 2898
 2914
 2928
 2938
 2950
 2960
 2968
 2976
 2982
 2996
 3006
 3014
 3024
 3028
 3036
 3040
 3046
 3050
 3042
 3034
 3022
 3018
 3026
 3030
 3034
 3036
 3038
 3040
 3038
 3034
 3030
 3028
 3024
 3020
 3018
 3014
 3010
 3008
 3004
 3002
 2992
 2984
 2978
 2974
 2962
 2954
 2942
 2930
 2910
 2886
 2862
 2840
 2820
 2802
 2782
 2760
 2738
 2716
 2696
 2676
 2658
 2634
 2614
 2600
 2586
 2568
 2552
 2536
 2520
 2500
 2484
 2470
 2460
 2452
 2452
 2458
 2468
 2486
 2522
 2572
 2624
 2670
 2716
 2756
 2800
 2838
 2874
 2904
 2922
 2924
 2912
 2904
 2892
 2880
 2870
 2864
 2860
 2858
 2856
 2860
 2866
 2866
 2868
 2878
 2892
 2900
 2912
 2922
 2924
 2930
 2930
 2932
 2938
 2940
 2944
 2948
 2954
 2958
 2962
 2966
 2968
 2968
 2966
 2966
 2972
 2978
 2982
 2988
 2990
 2992
 2994
 2994
 2996
 2990
 2986
 2982
 2978
 2972
 2964
 2956
 2946
 2930
 2908
 2886
 2866
 2842
 2812
 2780
 2750
 2710
 2668
 2622
 2574
 2524
 2470
 2420
 2370
 2324
 2284
 2248
 2212
 2168
 2134
 2102
 2064
 2024
 1982
 1940
 1894
 1846
 1796
 1746
 1690
 1630
 1564
 1496
 1428
 1368
 1306
 1240
 1176
 1124
 1072
 1028
 986
 946
 914
 892
 864
 830
 794
 750
 702
 666
 624
 588
 552
 512
 478
 448
 420
 394
 374
 364
 348
 332
 312
 286
 258
 230
 204
 178
 154
 144
 140
 138
 144
 158
 180
 204
 230
 254
 282
 316
 348
 380
 414
 450
 492
 540
 600
 668
 730
 780
 836
 892
 934
 976
 1022
 1072
 1118
 1156
 1182
 1204
 1224
 1238
 1252
 1276
 1306
 1336
 1362
 1384
 1410
 1440
 1470
 1500
 1534
 1566
 1600
 1628
 1658
 1692
 1738
 1790
 1836
 1878
 1918
 1958
 1992
 2026
 2062
 2098
 2134
 2172
 2210
 2244
 2280
 2314
 2346
 2376
 2406
 2426
 2440
 2454
 2472
 2496
 2516
 2534
 2548
 2560
 2570
 2576
 2582
 2586
 2592
 2598
 2604
 2610
 2620
 2628
 2636
 2644
 2652
 2664
 2670
 2672
 2674
 2682
 2690
 2698
 2702
 2702
 2702
 2700
 2692
 2686
 2680
 2670
 2660
 2650
 2636
 2618
 2598
 2576
 2552
 2524
 2496
 2466
 2432
 2398
 2368
 2344
 2316
 2286
 2254
 2222
 2190
 2160
 2134
 2114
 2096
 2082
 2074
 2070
 2068
 2070
 2074
 2078
 2086
 2096
 2100
 2108
 2122
 2138
 2154
 2168
 2184
 2198
 2210
 2220
 2228
 2238
 2248
 2258
 2270
 2282
 2292
 2302
 2314
 2324
 2336
 2348
 2352
 2358
 2368
 2386
 2402
 2418
 2432
 2446
 2458
 2468
 2476
 2480
 2484
 2490
 2494
 2500
 2504
 2510
 2516
 2520
 2528
 2540
 2548
 2554
 2564
 2580
 2596
 2610
 2622
 2632
 2640
 2646
 2652
 2656
 2662
 2664
 2664
 2666
 2668
 2670
 2674
 2678
 2684
 2688
 2688
 2688
 2696
 2706
 2718
 2728
 2734
 2738
 2740
 2732
 2730
 2722
 2712
 2702
 2692
 2682
 2668
 2656
 2640
 2620
 2602
 2574
 2538
 2506
 2480
 2452
 2422
 2384
 2346
 2308
 2272
 2234
 2204
 2178
 2156
 2138
 2126
 2120
 2120
 2122
 2126
 2134
 2142
 2146
 2158
 2178
 2200
 2220
 2240
 2260
 2278
 2294
 2308
 2324
 2336
 2350
 2364
 2374
 2386
 2396
 2408
 2420
 2432
 2446
 2452
 2458
 2468
 2486
 2506
 2522
 2536
 2550
 2562
 2570
 2576
 2582
 2586
 2590
 2594
 2600
 2602
 2606
 2612
 2610
 2596
 2580
 2570
 2550
 2528
 2518
 2516
 2512
 2518
 2522
 2532
 2538
 2534
 2524
 2510
 2502
 2492
 2482
 2474
 2468
 2462
 2460
 2460
 2472
 2486
 2496
 2494
 2490
 2494
 2506
 2514
 2526
 2538
 2546
 2552
 2556
 2556
 2558
 2560
 2560
 2562
 2564
 2566
 2564
 2562
 2562
 2566
 2568
 2562
 2562
 2568
 2580
 2590
 2604
 2616
 2624
 2634
 2636
 2640
 2642
 2642
 2642
 2640
 2638
 2634
 2630
 2626
 2620
 2618
 2612
 2598
 2590
 2588
 2588
 2576
 2560
 2538
 2512
 2472
 2424
 2374
 2322
 2268
 2216
 2160
 2106
 2050
 1994
 1940
 1888
 1838
 1782
 1728
 1690
 1656
 1620
 1588
 1560
 1536
 1518
 1500
 1492
 1492
 1496
 1506
 1518
 1530
 1548
 1572
 1598
 1626
 1646
 1666
 1692
 1724
 1756
 1786
 1816
 1852
 1888
 1920
 1948
 1978
 2008
 2038
 2068
 2094
 2120
 2146
 2174
 2200
 2230
 2250
 2266
 2288
 2318
 2354
 2386
 2416
 2440
 2462
 2480
 2492
 2506
 2518
 2528
 2540
 2550
 2560
 2572
 2580
 2592
 2604
 2610
 2614
 2624
 2642
 2664
 2684
 2702
 2716
 2730
 2736
 2740
 2746
 2746
 2746
 2744
 2744
 2740
 2736
 2730
 2724
 2720
 2712
 2698
 2686
 2676
 2676
 2666
 2652
 2632
 2602
 2560
 2504
 2452
 2400
 2344
 2288
 2232
 2176
 2122
 2068
 2012
 1960
 1916
 1868
 1828
 1802
 1790
 1782
 1778
 1784
 1794
 1808
 1822
 1838
 1860
 1890
 1918
 1946
 1972
 2000
 2028
 2056
 2084
 2114
 2140
 2156
 2178
 2208
 2246
 2278
 2316
 2346
 2374
 2400
 2422
 2438
 2460
 2478
 2496
 2512
 2530
 2546
 2560
 2574
 2586
 2604
 2612
 2616
 2622
 2636
 2660
 2680
 2704
 2722
 2738
 2754
 2762
 2772
 2778
 2782
 2786
 2792
 2794
 2798
 2802
 2802
 2802
 2804
 2796
 2784
 2774
 2776
 2776
 2776
 2772
 2764
 2750
 2730
 2700
 2674
 2640
 2600
 2562
 2518
 2476
 2438
 2398
 2356
 2318
 2274
 2222
 2182
 2154
 2128
 2102
 2080
 2058
 2038
 2022
 2006
 1998
 1994
 1994
 1998
 2006
 2016
 2028
 2044
 2070
 2096
 2114
 2132
 2158
 2194
 2228
 2262
 2296
 2326
 2356
 2386
 2408
 2432
 2454
 2476
 2496
 2516
 2534
 2552
 2570
 2586
 2612
 2634
 2646
 2658
 2678
 2708
 2734
 2758
 2780
 2798
 2816
 2826
 2836
 2846
 2852
 2856
 2862
 2866
 2870
 2872
 2874
 2880
 2884
 2882
 2880
 2878
 2890
 2900
 2902
 2908
 2908
 2908
 2902
 2896
 2890
 2880
 2870
 2858
 2844
 2828
 2812
 2796
 2778
 2756
 2726
 2684
 2640
 2602
 2570
 2528
 2484
 2436
 2380
 2324
 2268
 2210
 2156
 2100
 2046
 1994
 1948
 1904
 1866
 1836
 1814
 1800
 1786
 1790
 1810
 1832
 1854
 1882
 1908
 1936
 1966
 1990
 2018
 2048
 2078
 2108
 2138
 2168
 2194
 2220
 2246
 2272
 2290
 2306
 2326
 2356
 2396
 2430
 2462
 2490
 2518
 2538
 2554
 2570
 2586
 2602
 2618
 2634
 2648
 2662
 2676
 2690
 2706
 2718
 2726
 2730
 2740
 2764
 2786
 2812
 2834
 2850
 2864
 2872
 2878
 2882
 2886
 2888
 2888
 2886
 2882
 2882
 2882
 2884
 2888
 2888
 2884
 2884
 2892
 2902
 2912
 2924
 2932
 2938
 2942
 2936
 2932
 2926
 2914
 2898
 2884
 2868
 2852
 2832
 2810
 2784
 2756
 2714
 2668
 2630
 2596
 2550
 2500
 2442
 2378
 2312
 2240
 2164
 2090
 2006
 1924
 1842
 1752
 1666
 1582
 1506
 1440
 1376
 1308
 1254
 1212
 1166
 1118
 1080
 1048
 1024
 1014
 1008
 1018
 1040
 1062
 1092
 1118
 1148
 1180
 1214
 1250
 1280
 1314
 1358
 1406
 1454
 1500
 1544
 1586
 1626
 1668
 1698
 1730
 1768
 1804
 1848
 1892
 1934
 1972
 2010
 2050
 2084
 2110
 2140
 2176
 2220
 2260
 2296
 2330
 2360
 2388
 2408
 2430
 2450
 2470
 2490
 2512
 2536
 2558
 2578
 2600
 2624
 2646
 2660
 2680
 2706
 2740
 2770
 2792
 2808
 2822
 2834
 2834
 2842
 2844
 2844
 2848
 2850
 2852
 2856
 2858
 2860
 2866
 2872
 2870
 2868
 2874
 2892
 2914
 2934
 2952
 2966
 2980
 2988
 2990
 2988
 2984
 2970
 2950
 2932
 2916
 2900
 2886
 2868
 2850
 2830
 2798
 2758
 2726
 2700
 2666
 2622
 2580
 2530
 2482
 2428
 2374
 2322
 2268
 2214
 2162
 2110
 2058
 2010
 1964
 1924
 1888
 1844
 1802
 1776
 1760
 1742
 1734
 1734
 1738
 1746
 1756
 1770
 1788
 1810
 1834
 1864
 1894
 1932
 1968
 2002
 2038
 2074
 2104
 2126
 2154
 2190
 2226
 2254
 2284
 2310
 2338
 2368
 2390
 2412
 2436
 2458
 2478
 2502
 2522
 2544
 2566
 2590
 2620
 2650
 2672
 2696
 2738
 2788
 2834
 2874
 2910
 2940
 2966
 2982
 2996
 3010
 3018
 3022
 3028
 3032
 3038
 3046
 3050
 3058
 3066
 3064
 3060
 3056
 3064
 3076
 3090
 3104
 3114
 3122
 3122
 3122
 3122
 3114
 3106
 3098
 3086
 3074
 3058
 3040
 3022
 3000
 2962
 2924
 2894
 2870
 2836
 2802
 2760
 2716
 2668
 2612
 2554
 2500
 2442
 2386
 2330
 2274
 2220
 2162
 2108
 2056
 1996
 1942
 1902
 1864
 1824
 1790
 1762
 1738
 1722
 1712
 1706
 1712
 1720
 1732
 1748
 1766
 1786
 1810
 1840
 1862
 1888
 1926
 1970
 2014
 2052
 2090
 2124
 2162
 2196
 2222
 2252
 2284
 2314
 2344
 2376
 2406
 2434
 2468
 2502
 2526
 2550
 2576
 2618
 2660
 2700
 2736
 2768
 2800
 2826
 2844
 2866
 2886
 2902
 2918
 2930
 2942
 2952
 2970
 2990
 3002
 3014
 3026
 3050
 3078
 3098
 3122
 3140
 3156
 3170
 3180
 3186
 3184
 3174
 3164
 3154
 3144
 3140
 3134
 3134
 3136
 3126
 3108
 3096
 3096
 3102
 3108
 3118
 3122
 3126
 3128
 3126
 3126
 3120
 3116
 3108
 3100
 3092
 3082
 3072
 3062
 3050
 3034
 3008
 2984
 2956
 2932
 2912
 2894
 2880
 2868
 2854
 2840
 2812
 2798
 2770
 2740
 2716
 2686
 2652
 2620
 2586
 2560
 2542
 2524
 2506
 2504
 2510
 2514
 2522
 2530
 2538
 2548
 2558
 2564
 2572
 2582
 2594
 2604
 2618
 2628
 2640
 2656
 2670
 2682
 2686
 2692
 2702
 2720
 2740
 2760
 2776
 2792
 2804
 2810
 2816
 2822
 2826
 2832
 2844
 2870
 2890
 2910
 2926
 2946
 2960
 2966
 2964
 2964
 2974
 2978
 2978
 2980
 2986
 2998
 3004
 3004
 3006
 3006
 3004
 3004
 3000
 2992
 2984
 2976
 2962
 2950
 2930
 2898
 2870
 2844
 2814
 2776
 2734
 2686
 2636
 2580
 2514
 2452
 2386
 2320
 2254
 2184
 2114
 2044
 1978
 1918
 1862
 1796
 1730
 1678
 1634
 1594
 1552
 1518
 1484
 1452
 1424
 1402
 1390
 1386
 1390
 1402
 1418
 1446
 1480
 1522
 1566
 1612
 1646
 1684
 1730
 1782
 1830
 1872
 1912
 1950
 1988
 2022
 2052
 2086
 2120
 2154
 2188
 2220
 2250
 2278
 2310
 2346
 2372
 2394
 2420
 2452
 2494
 2528
 2558
 2584
 2606
 2626
 2638
 2652
 2662
 2674
 2686
 2702
 2718
 2730
 2738
 2748
 2758
 2770
 2790
 2810
 2830
 2858
 2888
 2910
 2932
 2948
 2962
 2972
 2974
 2972
 2968
 2958
 2948
 2934
 2910
 2888
 2866
 2838
 2810
 2778
 2732
 2690
 2658
 2628
 2596
 2560
 2522
 2478
 2436
 2388
 2342
 2298
 2252
 2212
 2174
 2140
 2108
 2076
 2046
 2014
 1972
 1928
 1900
 1884
 1880
 1882
 1894
 1906
 1922
 1938
 1954
 1974
 1996
 2020
 2046
 2074
 2102
 2132
 2164
 2200
 2232
 2256
 2286
 2324
 2368
 2406
 2442
 2478
 2510
 2542
 2566
 2592
 2618
 2642
 2666
 2692
 2714
 2734
 2756
 2778
 2800
 2818
 2826
 2836
 2854
 2882
 2908
 2930
 2950
 2964
 2976
 2980
 2986
 2988
 2988
 2986
 2986
 2986
 2982
 2978
 2968
 2964
 2962
 2954
 2952
 2958
 2970
 2984
 2994
 3002
 3010
 3018
 3018
 3014
 3006
 2998
 2988
 2980
 2968
 2954
 2936
 2918
 2898
 2876
 2844
 2804
 2768
 2742
 2716
 2684
 2652
 2618
 2580
 2540
 2496
 2458
 2420
 2378
 2340
 2304
 2268
 2232
 2200
 2168
 2138
 2104
 2058
 2020
 1992
 1968
 1952
 1946
 1944
 1948
 1958
 1964
 1978
 1990
 2008
 2026
 2046
 2064
 2086
 2110
 2134
 2160
 2180
 2194
 2218
 2250
 2286
 2316
 2346
 2374
 2396
 2418
 2432
 2448
 2462
 2474
 2488
 2502
 2514
 2528
 2542
 2558
 2578
 2592
 2602
 2618
 2642
 2676
 2704
 2728
 2750
 2770
 2792
 2806
 2822
 2840
 2852
 2862
 2874
 2880
 2888
 2896
 2904
 2916
 2924
 2922
 2924
 2930
 2946
 2960
 2966
 2972
 2978
 2982
 2978
 2974
 2970
 2962
 2948
 2938
 2922
 2902
 2882
 2858
 2834
 2810
 2774
 2732
 2698
 2672
 2640
 2606
 2570
 2530
 2490
 2446
 2398
 2350
 2300
 2248
 2202
 2160
 2120
 2082
 2042
 2010
 1970
 1926
 1894
 1870
 1846
 1820
 1802
 1786
 1778
 1776
 1778
 1786
 1800
 1814
 1834
 1856
 1878
 1904
 1932
 1968
 1998
 2022
 2054
 2094
 2140
 2180
 2220
 2258
 2296
 2336
 2370
 2400
 2428
 2456
 2484
 2512
 2536
 2560
 2580
 2606
 2630
 2646
 2660
 2674
 2700
 2734
 2762
 2790
 2814
 2834
 2856
 2868
 2880
 2892
 2900
 2910
 2920
 2928
 2932
 2932
 2936
 2942
 2950
 2950
 2948
 2954
 2970
 2988
 3002
 3012
 3018
 3022
 3018
 3010
 2998
 2982
 2962
 2942
 2916
 2886
 2854
 2820
 2786
 2748
 2698
 2644
 2598
 2558
 2514
 2460
 2400
 2330
 2252
 2162
 2062
 1962
 1852
 1732
 1614
 1494
 1376
 1264
 1154
 1054
 960
 860
 762
 678
 584
 486
 400
 316
 232
 154
 74
 0
 0
 0
 0
 0
 0
 0
 0
 0
 0
 0
 0
 0
 0
 0
 0
 0
 0
 0
 0
 0
 0
 0
 0
 0
 0
 0
 0
 0
 0
 0
 4
 70
 136
 212
 286
 354
 434
 518
 608
 706
 798
 888
 976
 1058
 1136
 1214
 1290
 1362
 1436
 1492
 1544
 1594
 1646
 1700
 1752
 1798
 1844
 1892
 1940
 1980
 2024
 2066
 2106
 2146
 2184
 2220
 2256
 2292
 2328
 2364
 2402
 2426
 2452
 2484
 2526
 2570
 2610
 2644
 2674
 2704
 2728
 2748
 2772
 2794
 2814
 2836
 2854
 2874
 2894
 2912
 2928
 2946
 2962
 2968
 2972
 2978
 2996
 3014
 3026
 3036
 3042
 3042
 3036
 3026
 3016
 3002
 2986
 2964
 2940
 2914
 2886
 2854
 2820
 2788
 2752
 2704
 2654
 2616
 2576
 2530
 2478
 2424
 2364
 2302
 2236
 2172
 2112
 2056
 2002
 1956
 1914
 1884
 1862
 1850
 1846
 1846
 1848
 1854
 1874
 1898
 1922
 1944
 1968
 1990
 2012
 2032
 2050
 2072
 2094
 2116
 2136
 2160
 2180
 2204
 2224
 2248
 2270
 2284
 2300
 2324
 2354
 2378
 2402
 2426
 2448
 2470
 2486
 2502
 2520
 2538
 2552
 2568
 2584
 2598
 2610
 2624
 2642
 2660
 2668
 2680
 2696
 2718
 2738
 2756
 2774
 2786
 2796
 2802
 2808
 2814
 2820
 2824
 2830
 2840
 2846
 2854
 2864
 2878
 2890
 2892
 2898
 2910
 2928
 2942
 2956
 2970
 2980
 2992
 2996
 3000
 3006
 3010
 3014
 3016
 3022
 3026
 3030
 3034
 3038
 3046
 3046
 3040
 3036
 3038
 3048
 3052
 3056
 3054
 3044
 3034
 3010
 2988
 2962
 2930
 2894
 2858
 2818
 2778
 2738
 2696
 2658
 2622
 2576
 2536
 2506
 2486
 2462
 2444
 2430
 2416
 2412
 2406
 2406
 2412
 2418
 2426
 2436
 2446
 2460
 2470
 2484
 2498
 2516
 2526
 2536
 2552
 2576
 2600
 2618
 2636
 2652
 2670
 2684
 2696
 2708
 2718
 2728
 2740
 2752
 2762
 2774
 2786
 2796
 2814
 2828
 2834
 2842
 2850
 2876
 2902
 2924
 2944
 2958
 2968
 2976
 2980
 2986
 2990
 2992
 2994
 2998
 3002
 3006
 3008
 3010
 3014
 3020
 3018
 3012
 3010
 3016
 3030
 3040
 3054
 3066
 3088
 3112
 3120
 3132
 3150
 3166
 3182
 3202
 3216
 3224
 3232
 3236
 3228
 3220
 3210
 3192
 3176
 3166
 3168
 3176
 3180
 3188
 3190
 3186
 3180
 3174
 3168
 3164
 3156
 3148
 3138
 3130
 3122
 3114
 3108
 3104
 3102
 3096
 3084
 3078
 3080
 3088
 3094
 3102
 3104
 3104
 3106
 3100
 3096
 3100
 3104
 3108
 3110
 3110
 3106
 3100
 3092
 3084
 3074
 3062
 3044
 3028
 3016
 3014
 3010
 3006
 3004
 2996
 2984
 2968
 2952
 2942
 2936
 2930
 2924
 2922
 2920
 2918
 2914
 2914
 2912
 2910
 2904
 2898
 2896
 2906
 2914
 2922
 2928
 2934
 2940
 2944
 2944
 2946
 2944
 2942
 2944
 2942
 2938
 2938
 2938
 2936
 2938
 2936
 2930
 2928
 2932
 2938
 2944
 2948
 2952
 2958
 2960
 2960
 2962
 2964
 2962
 2962
 2960
 2958
 2956
 2958
 2956
 2956
 2956
 2954
 2948
 2946
 2950
 2958
 2968
 2978
 2984
 2990
 2992
 2992
 2990
 2986
 2978
 2970
 2964
 2954
 2944
 2926
 2910
 2894
 2878
 2850
 2822
 2800
 2782
 2748
 2704
 2668
 2640
 2614
 2586
 2556
 2530
 2504
 2478
 2454
 2432
 2412
 2398
 2392
 2396
 2404
 2408
 2412
 2420
 2438
 2460
 2478
 2496
 2516
 2534
 2552
 2564
 2576
 2590
 2600
 2612
 2622
 2634
 2644
 2654
 2666
 2678
 2686
 2692
 2698
 2712
 2728
 2742
 2756
 2766
 2778
 2794
 2814
 2842
 2866
 2884
 2904
 2920
 2932
 2938
 2940
 2936
 2934
 2926
 2914
 2906
 2902
 2906
 2912
 2920
 2926
 2930
 2936
 2936
 2936
 2936
 2934
 2928
 2926
 2922
 2916
 2910
 2904
 2898
 2894
 2886
 2872
 2858
 2848
 2844
 2836
 2824
 2810
 2788
 2762
 2732
 2700
 2662
 2622
 2582
 2542
 2506
 2472
 2436
 2394
 2352
 2314
 2264
 2204
 2148
 2104
 2060
 2016
 1972
 1922
 1876
 1832
 1784
 1740
 1696
 1652
 1610
 1564
 1516
 1466
 1414
 1368
 1324
 1278
 1234
 1206
 1190
 1182
 1178
 1182
 1194
 1218
 1242
 1264
 1292
 1320
 1350
 1382
 1414
 1448
 1484
 1520
 1560
 1602
 1634
 1672
 1718
 1770
 1820
 1866
 1908
 1950
 1992
 2030
 2060
 2100
 2138
 2178
 2218
 2258
 2300
 2340
 2376
 2406
 2434
 2468
 2504
 2528
 2554
 2580
 2616
 2652
 2684
 2712
 2736
 2756
 2776
 2790
 2808
 2822
 2838
 2856
 2872
 2888
 2904
 2920
 2932
 2944
 2958
 2966
 2966
 2966
 2970
 2984
 2998
 3012
 3024
 3032
 3040
 3040
 3026
 3002
 2984
 2966
 2948
 2926
 2906
 2886
 2864
 2840
 2814
 2784
 2746
 2708
 2682
 2666
 2644
 2622
 2596
 2564
 2532
 2496
 2458
 2422
 2382
 2342
 2300
 2258
 2214
 2170
 2126
 2086
 2046
 2004
 1960
 1928
 1902
 1874
 1844
 1818
 1794
 1772
 1754
 1738
 1734
 1734
 1736
 1746
 1758
 1778
 1804
 1846
 1890
 1928
 1958
 1996
 2038
 2078
 2114
 2144
 2172
 2200
 2230
 2260
 2286
 2314
 2344
 2370
 2398
 2424
 2448
 2474
 2498
 2522
 2548
 2566
 2582
 2602
 2628
 2656
 2680
 2700
 2718
 2736
 2752
 2764
 2778
 2790
 2802
 2814
 2826
 2838
 2854
 2866
 2876
 2888
 2900
 2904
 2910
 2930
 2966
 3006
 3044
 3068
 3086
 3102
 3100
 3096
 3090
 3080
 3078
 3078
 3078
 3076
 3070
 3062
 3052
 3042
 3026
 3004
 2982
 2964
 2948
 2928
 2906
 2880
 2846
 2814
 2774
 2734
 2696
 2656
 2618
 2578
 2538
 2500
 2462
 2424
 2390
 2356
 2318
 2280
 2250
 2226
 2198
 2170
 2144
 2120
 2100
 2080
 2062
 2050
 2042
 2040
 2042
 2048
 2060
 2074
 2094
 2118
 2146
 2168
 2192
 2222
 2258
 2296
 2330
 2364
 2398
 2430
 2460
 2486
 2512
 2542
 2568
 2592
 2620
 2644
 2668
 2690
 2714
 2742
 2768
 2784
 2800
 2818
 2848
 2878
 2906
 2928
 2944
 2954
 2958
 2958
 2960
 2958
 2954
 2952
 2952
 2954
 2956
 2958
 2958
 2960
 2964
 2960
 2952
 2944
 2940
 2940
 2930
 2918
 2900
 2874
 2846
 2810
 2776
 2736
 2694
 2654
 2610
 2566
 2520
 2476
 2430
 2386
 2344
 2296
 2242
 2200
 2160
 2116
 2068
 2018
 1962
 1906
 1850
 1790
 1730
 1668
 1604
 1544
 1486
 1430
 1374
 1318
 1270
 1224
 1176
 1130
 1098
 1074
 1054
 1036
 1030
 1030
 1040
 1054
 1068
 1088
 1116
 1148
 1180
 1218
 1258
 1298
 1340
 1386
 1432
 1476
 1516
 1566
 1620
 1676
 1722
 1772
 1814
 1858
 1900
 1938
 1976
 2020
 2062
 2102
 2140
 2180
 2220
 2260
 2300
 2338
 2378
 2418
 2448
 2476
 2510
 2554
 2600
 2642
 2680
 2712
 2746
 2772
 2794
 2816
 2836
 2856
 2876
 2896
 2912
 2930
 2946
 2956
 2970
 2984
 2990
 2990
 2986
 2992
 3002
 3010
 3018
 3020
 3018
 3012
 3002
 2992
 2974
 2958
 2938
 2916
 2892
 2864
 2840
 2812
 2782
 2756
 2726
 2688
 2652
 2626
 2598
 2568
 2536
 2502
 2464
 2430
 2390
 2352
 2318
 2284
 2248
 2220
 2194
 2174
 2160
 2152
 2148
 2150
 2150
 2156
 2170
 2190
 2212
 2232
 2256
 2278
 2302
 2322
 2342
 2364
 2380
 2398
 2416
 2436
 2454
 2476
 2496
 2518
 2546
 2564
 2580
 2598
 2626
 2658
 2686
 2714
 2738
 2760
 2780
 2794
 2810
 2826
 2838
 2852
 2864
 2876
 2892
 2904
 2916
 2930
 2940
 2938
 2938
 2940
 2954
 2972
 2986
 3004
 3018
 3030
 3040
 3042
 3048
 3052
 3052
 3054
 3052
 3054
 3054
 3056
 3054
 3054
 3054
 3050
 3042
 3040
 3042
 3046
 3052
 3060
 3062
 3058
 3054
 3048
 3046
 3040
 3034
 3028
 3026
 3020
 3014
 3008
 3002
 3000
 2998
 2986
 2976
 2972
 2976
 2980
 2984
 2986
 2984
 2980
 2966
 2944
 2918
 2886
 2852
 2812
 2770
 2720
 2670
 2624
 2578
 2540
 2500
 2460
 2430
 2410
 2390
 2372
 2354
 2346
 2348
 2346
 2342
 2356
 2378
 2386
 2380
 2360
 2320
 2256
 2182
 2102
 2014
 1912
 1814
 1738
 1678
 1622
 1598
 1608
 1634
 1656
 1682
 1708
 1740
 1770
 1804
 1830
 1856
 1888
 1930
 1978
 2018
 2052
 2082
 2112
 2144
 2170
 2194
 2214
 2234
 2252
 2266
 2284
 2298
 2310
 2320
 2332
 2338
 2348
 2364
 2386
 2406
 2418
 2432
 2446
 2472
 2492
 2514
 2534
 2554
 2570
 2582
 2594
 2602
 2608
 2616
 2622
 2628
 2632
 2636
 2638
 2642
 2646
 2646
 2642
 2638
 2642
 2650
 2652
 2654
 2652
 2648
 2620
 2598
 2592
 2576
 2558
 2542
 2524
 2504
 2472
 2440
 2406
 2376
 2360
 2348
 2318
 2284
 2260
 2238
 2216
 2188
 2160
 2134
 2102
 2074
 2046
 2024
 2006
 1992
 1984
 1982
 1982
 1988
 1992
 2002
 2016
 2022
 2028
 2042
 2062
 2084
 2104
 2124
 2142
 2160
 2180
 2192
 2208
 2224
 2238
 2258
 2284
 2316
 2350
 2378
 2402
 2428
 2454
 2470
 2484
 2496
 2514
 2532
 2538
 2550
 2564
 2580
 2596
 2604
 2616
 2628
 2636
 2644
 2654
 2662
 2670
 2678
 2686
 2694
 2704
 2706
 2708
 2712
 2724
 2736
 2744
 2752
 2752
 2750
 2746
 2738
 2730
 2718
 2706
 2692
 2676
 2658
 2636
 2614
 2588
 2562
 2532
 2490
 2454
 2432
 2412
 2386
 2362
 2338
 2316
 2290
 2264
 2244
 2228
 2214
 2208
 2206
 2204
 2208
 2214
 2222
 2234
 2244
 2250
 2258
 2274
 2298
 2318
 2340
 2362
 2380
 2398
 2414
 2428
 2442
 2454
 2466
 2480
 2490
 2500
 2512
 2522
 2534
 2548
 2556
 2560
 2568
 2590
 2618
 2640
 2662
 2678
 2694
 2704
 2710
 2714
 2718
 2720
 2726
 2734
 2738
 2742
 2750
 2752
 2760
 2768
 2766
 2768
 2772
 2796
 2818
 2838
 2858
 2872
 2884
 2892
 2894
 2896
 2894
 2886
 2876
 2862
 2850
 2836
 2822
 2808
 2796
 2774
 2748
 2726
 2712
 2700
 2680
 2662
 2640
 2612
 2582
 2546
 2512
 2476
 2440
 2402
 2366
 2322
 2264
 2214
 2184
 2166
 2148
 2126
 2116
 2116
 2120
 2124
 2140
 2168
 2196
 2220
 2242
 2260
 2280
 2298
 2316
 2334
 2354
 2374
 2392
 2416
 2438
 2462
 2474
 2484
 2496
 2522
 2546
 2568
 2590
 2608
 2626
 2640
 2648
 2660
 2670
 2676
 2686
 2694
 2704
 2714
 2726
 2742
 2762
 2776
 2780
 2792
 2812
 2848
 2888
 2934
 2960
 2984
 3006
 3012
 3008
 3002
 2990
 2976
 2968
 2966
 2962
 2964
 2962
 2960
 2954
 2946
 2934
 2926
 2922
 2932
 2942
 2952
 2960
 2966
 2964
 2958
 2950
 2944
 2932
 2922
 2910
 2896
 2880
 2862
 2838
 2810
 2782
 2754
 2722
 2676
 2630
 2590
 2554
 2512
 2468
 2422
 2372
 2322
 2268
 2214
 2162
 2102
 2038
 1976
 1910
 1848
 1792
 1744
 1702
 1666
 1634
 1606
 1588
 1586
 1598
 1614
 1634
 1658
 1682
 1708
 1730
 1756
 1784
 1814
 1844
 1876
 1904
 1934
 1966
 1994
 2026
 2058
 2080
 2104
 2132
 2170
 2212
 2252
 2290
 2322
 2354
 2380
 2402
 2424
 2446
 2464
 2482
 2496
 2508
 2520
 2532
 2544
 2556
 2570
 2576
 2586
 2598
 2616
 2638
 2664
 2686
 2702
 2718
 2728
 2734
 2738
 2744
 2748
 2756
 2762
 2768
 2776
 2782
 2790
 2798
 2808
 2818
 2818
 2822
 2830
 2850
 2866
 2886
 2900
 2914
 2926
 2928
 2934
 2934
 2936
 2936
 2936
 2936
 2936
 2932
 2928
 2926
 2930
 2936
 2934
 2932
 2930
 2938
 2948
 2962
 2974
 2984
 2992
 2996
 2994
 2994
 2986
 2972
 2958
 2946
 2930
 2916
 2898
 2878
 2856
 2836
 2804
 2764
 2730
 2704
 2672
 2632
 2590
 2542
 2490
 2438
 2382
 2328
 2272
 2216
 2162
 2108
 2054
 2002
 1952
 1904
 1860
 1812
 1768
 1740
 1714
 1684
 1660
 1638
 1626
 1618
 1616
 1622
 1634
 1648
 1668
 1694
 1720
 1750
 1790
 1834
 1878
 1916
 1950
 1992
 2040
 2088
 2132
 2174
 2212
 2248
 2282
 2310
 2334
 2362
 2388
 2412
 2436
 2458
 2482
 2504
 2530
 2560
 2582
 2598
 2616
 2646
 2680
 2708
 2734
 2756
 2774
 2792
 2802
 2814
 2826
 2834
 2844
 2856
 2868
 2880
 2892
 2906
 2922
 2932
 2940
 2948
 2964
 2986
 3000
 3012
 3022
 3030
 3036
 3032
 3030
 3022
 3012
 3000
 2982
 2960
 2938
 2916
 2894
 2870
 2848
 2812
 2768
 2728
 2696
 2658
 2612
 2562
 2506
 2446
 2384
 2318
 2254
 2184
 2110
 2040
 1968
 1894
 1816
 1732
 1648
 1566
 1478
 1378
 1276
 1186
 1098
 1004
 906
 820
 734
 650
 570
 504
 448
 388
 330
 286
 252
 238
 242
 268
 306
 346
 390
 452
 520
 596
 678
 778
 886
 998
 1100
 1194
 1288
 1384
 1478
 1564
 1642
 1714
 1778
 1844
 1916
 1978
 2022
 2074
 2128
 2194
 2258
 2312
 2358
 2398
 2440
 2472
 2506
 2538
 2570
 2606
 2636
 2664
 2692
 2718
 2742
 2766
 2786
 2792
 2794
 2796
 2806
 2818
 2822
 2822
 2816
 2822
 2828
 2840
 2854
 2874
 2908
 2964
 3050
 3200
 3398
 3600
 3828
 4054
 4094
 4094
 4094
 4094
 4094
 4094
 4094
 4094
 4094
 4094
 4094
 4094
 4094
 4094
 4094
 4094
 4094
 4056
 3936
 3804
 3670
 3528
 3368
 3188
 3004
 2828
 2660
 2496
 2348
 2216
 2098
 1986
 1884
 1790
 1702
 1622
 1546
 1476
 1414
 1366
 1330
 1308
 1286
 1276
 1286
 1302
 1320
 1344
 1376
 1408
 1442
 1476
 1510
 1546
 1582
 1618
 1656
 1692
 1730
 1768
 1808
 1850
 1882
 1920
 1964
 2018
 2064
 2102
 2138
 2172
 2204
 2230
 2252
 2278
 2300
 2322
 2346
 2368
 2390
 2414
 2440
 2466
 2492
 2506
 2522
 2546
 2582
 2614
 2644
 2672
 2696
 2718
 2736
 2754
 2776
 2790
 2804
 2820
 2834
 2848
 2862
 2876
 2894
 2906
 2910
 2916
 2928
 2952
 2972
 2990
 3006
 3018
 3028
 3028
 3026
 3024
 3016
 3000
 2972
 2952
 2934
 2914
 2892
 2874
 2856
 2830
 2800
 2774
 2760
 2738
 2708
 2674
 2628
 2576
 2518
 2452
 2390
 2326
 2260
 2196
 2132
 2068
 2004
 1946
 1896
 1850
 1804
 1768
 1748
 1734
 1724
 1724
 1728
 1738
 1754
 1770
 1792
 1816
 1842
 1870
 1902
 1934
 1964
 1998
 2034
 2070
 2098
 2120
 2156
 2198
 2236
 2266
 2294
 2318
 2338
 2358
 2372
 2388
 2408
 2424
 2440
 2458
 2474
 2490
 2506
 2524
 2542
 2554
 2562
 2574
 2596
 2624
 2646
 2670
 2690
 2706
 2722
 2732
 2744
 2752
 2762
 2768
 2778
 2788
 2800
 2812
 2826
 2838
 2854
 2866
 2870
 2876
 2894
 2916
 2932
 2944
 2948
 2948
 2950
 2956
 2966
 2966
 2968
 2964
 2958
 2948
 2936
 2926
 2918
 2912
 2912
 2906
 2896
 2892
 2902
 2922
 2942
 2964
 2984
 3000
 3016
 3022
 3024
 3034
 3048
 3060
 3076
 3084
 3100
 3114
 3122
 3132
 3142
 3144
 3144
 3148
 3162
 3178
 3188
 3202
 3210
 3208
 3212
 3208
 3208
 3206
 3190
 3172
 3144
 3114
 3082
 3058
 3038
 3020
 3008
 2992
 2978
 2974
 2982
 2994
 3006
 3022
 3038
 3056
 3062
 3066
 3068
 3064
 3056
 3048
 3034
 3018
 2998
 2974
 2952
 2928
 2900
 2866
 2834
 2812
 2798
 2782
 2768
 2754
 2740
 2724
 2706
 2692
 2682
 2674
 2676
 2678
 2680
 2684
 2690
 2694
 2702
 2712
 2714
 2718
 2728
 2748
 2766
 2784
 2800
 2814
 2828
 2840
 2846
 2856
 2860
 2862
 2864
 2866
 2868
 2874
 2880
 2888
 2896
 2904
 2904
 2906
 2910
 2926
 2942
 2954
 2964
 2974
 2980
 2984
 2984
 2980
 2976
 2974
 2972
 2974
 2976
 2974
 2976
 2978
 2978
 2976
 2974
 2966
 2964
 2970
 2980
 2988
 2998
 3006
 3012
 3014
 3012
 3012
 3012
 3008
 3006
 3004
 3000
 2998
 2994
 2990
 2988
 2988
 2984
 2976
 2972
 2976
 2986
 2992
 3000
 3004
 3006
 3008
 3006
 3004
 2994
 2988
 2982
 2976
 2972
 2966
 2952
 2934
 2918
 2902
 2882
 2864
 2850
 2844
 2848
 2852
 2856
 2860
 2862
 2860
 2858
 2856
 2860
 2866
 2866
 2870
 2874
 2872
 2874
 2874
 2872
 2872
 2870
 2862
 2854
 2856
 2864
 2872
 2880
 2886
 2884
 2886
 2882
 2880
 2878
 2872
 2866
 2864
 2858
 2854
 2846
 2836
 2826
 2816
 2802
 2792
 2790
 2786
 2778
 2762
 2746
 2726
 2698
 2664
 2624
 2584
 2536
 2482
 2428
 2376
 2328
 2286
 2254
 2226
 2202
 2178
 2162
 2160
 2166
 2172
 2184
 2196
 2208
 2220
 2232
 2244
 2260
 2274
 2292
 2310
 2328
 2346
 2364
 2386
 2404
 2412
 2422
 2444
 2474
 2500
 2528
 2554
 2576
 2586
 2578
 2566
 2572
 2574
 2578
 2592
 2606
 2618
 2628
 2642
 2656
 2662
 2676
 2698
 2728
 2758
 2786
 2812
 2832
 2852
 2866
 2874
 2880
 2884
 2882
 2878
 2872
 2866
 2850
 2838
 2820
 2790
 2756
 2728
 2704
 2672
 2636
 2590
 2540
 2484
 2422
 2358
 2292
 2218
 2144
 2070
 1994
 1916
 1846
 1778
 1712
 1638
 1582
 1538
 1492
 1446
 1398
 1350
 1300
 1254
 1202
 1152
 1104
 1064
 1032
 1014
 1004
 1008
 1022
 1046
 1070
 1096
 1132
 1176
 1222
 1262
 1308
 1350
 1394
 1438
 1476
 1510
 1552
 1598
 1646
 1692
 1738
 1782
 1824
 1868
 1914
 1962
 2000
 2034
 2074
 2120
 2170
 2212
 2260
 2302
 2344
 2378
 2400
 2426
 2450
 2474
 2500
 2524
 2552
 2576
 2604
 2632
 2656
 2682
 2706
 2736
 2764
 2780
 2792
 2806
 2828
 2856
 2880
 2902
 2924
 2944
 2960
 2970
 2978
 2984
 2988
 2992
 3000
 3000
 3004
 3004
 3002
 3000
 2994
 2984
 2978
 2964
 2942
 2922
 2906
 2896
 2882
 2866
 2846
 2818
 2792
 2754
 2718
 2686
 2646
 2608
 2570
 2530
 2492
 2450
 2410
 2370
 2328
 2286
 2246
 2208
 2162
 2114
 2074
 2044
 2012
 1978
 1948
 1914
 1884
 1850
 1816
 1790
 1766
 1750
 1742
 1738
 1740
 1748
 1762
 1780
 1798
 1824
 1850
 1870
 1898
 1932
 1974
 2010
 2046
 2082
 2116
 2150
 2180
 2204
 2232
 2258
 2286
 2312
 2340
 2364
 2388
 2414
 2438
 2462
 2490
 2510
 2524
 2542
 2568
 2602
 2632
 2660
 2686
 2710
 2730
 2744
 2758
 2770
 2782
 2792
 2804
 2814
 2822
 2830
 2840
 2850
 2862
 2874
 2874
 2878
 2886
 2902
 2920
 2936
 2952
 2960
 2964
 2958
 2946
 2936
 2922
 2906
 2888
 2870
 2848
 2824
 2798
 2770
 2742
 2710
 2668
 2618
 2578
 2546
 2510
 2468
 2422
 2372
 2314
 2258
 2198
 2142
 2084
 2024
 1968
 1910
 1854
 1804
 1756
 1714
 1680
 1648
 1624
 1614
 1620
 1632
 1648
 1670
 1690
 1712
 1736
 1758
 1786
 1814
 1846
 1878
 1910
 1942
 1976
 2012
 2050
 2092
 2126
 2158
 2200
 2254
 2304
 2350
 2394
 2434
 2472
 2512
 2542
 2578
 2610
 2640
 2668
 2698
 2724
 2748
 2770
 2792
 2816
 2834
 2844
 2852
 2866
 2892
 2916
 2940
 2960
 2976
 2988
 2992
 2992
 2988
 2982
 2974
 2966
 2956
 2944
 2932
 2920
 2906
 2892
 2872
 2842
 2812
 2790
 2772
 2752
 2728
 2706
 2674
 2644
 2610
 2574
 2538
 2500
 2458
 2416
 2380
 2342
 2304
 2272
 2240
 2216
 2196
 2172
 2160
 2162
 2166
 2176
 2188
 2202
 2216
 2234
 2246
 2260
 2276
 2292
 2310
 2328
 2348
 2366
 2386
 2406
 2428
 2448
 2462
 2476
 2500
 2538
 2574
 2606
 2634
 2658
 2680
 2700
 2710
 2726
 2736
 2746
 2756
 2766
 2776
 2788
 2798
 2810
 2824
 2840
 2846
 2850
 2858
 2874
 2898
 2918
 2938
 2954
 2966
 2978
 2982
 2986
 2988
 2982
 2974
 2966
 2958
 2950
 2940
 2930
 2916
 2904
 2888
 2858
 2826
 2800
 2776
 2740
 2698
 2652
 2598
 2538
 2466
 2396
 2322
 2244
 2160
 2076
 1986
 1896
 1810
 1724
 1640
 1560
 1476
 1388
 1314
 1248
 1180
 1110
 1038
 964
 890
 814
 736
 658
 580
 502
 426
 352
 280
 214
 152
 98
 52
 6
 0
 0
 0
 0
 0
 0
 2
 38
 72
 104
 142
 182
 226
 274
 324
 376
 428
 486
 558
 638
 708
 784
 854
 920
 982
 1046
 1106
 1168
 1240
 1294
 1346
 1404
 1462
 1520
 1578
 1632
 1686
 1740
 1794
 1850
 1906
 1952
 1992
 2040
 2096
 2156
 2208
 2254
 2298
 2336
 2372
 2402
 2430
 2462
 2490
 2520
 2546
 2576
 2604
 2630
 2658
 2684
 2708
 2736
 2760
 2772
 2788
 2806
 2832
 2854
 2872
 2886
 2898
 2908
 2908
 2910
 2912
 2908
 2904
 2902
 2898
 2896
 2894
 2892
 2892
 2892
 2892
 2888
 2878
 2870
 2876
 2888
 2896
 2900
 2900
 2906
 2908
 2904
 2904
 2900
 2898
 2896
 2894
 2890
 2888
 2888
 2886
 2884
 2884
 2876
 2864
 2858
 2862
 2866
 2872
 2876
 2878
 2876
 2872
 2860
 2848
 2830
 2810
 2788
 2762
 2732
 2698
 2664
 2628
 2592
 2558
 2518
 2472
 2434
 2406
 2378
 2342
 2310
 2276
 2244
 2210
 2180
 2154
 2134
 2114
 2102
 2092
 2088
 2088
 2086
 2088
 2096
 2102
 2104
 2116
 2134
 2156
 2172
 2186
 2200
 2212
 2226
 2234
 2246
 2256
 2266
 2276
 2288
 2296
 2306
 2314
 2324
 2334
 2342
 2346
 2354
 2366
 2398
 2428
 2438
 2454
 2468
 2480
 2498
 2512
 2524
 2534
 2542
 2548
 2552
 2554
 2544
 2540
 2554
 2556
 2570
 2576
 2580
 2594
 2616
 2636
 2654
 2676
 2688
 2700
 2718
 2724
 2730
 2736
 2738
 2742
 2744
 2746
 2748
 2750
 2760
 2770
 2780
 2782
 2786
 2792
 2808
 2826
 2842
 2860
 2874
 2884
 2894
 2898
 2902
 2900
 2896
 2892
 2884
 2874
 2856
 2840
 2824
 2810
 2798
 2778
 2752
 2734
 2724
 2716
 2706
 2692
 2676
 2654
 2626
 2590
 2558
 2522
 2486
 2448
 2410
 2372
 2332
 2296
 2258
 2230
 2202
 2168
 2130
 2104
 2084
 2062
 2042
 2024
 2012
 2006
 2002
 2002
 2008
 2016
 2026
 2038
 2054
 2068
 2086
 2104
 2124
 2152
 2176
 2194
 2220
 2254
 2284
 2308
 2332
 2352
 2374
 2402
 2424
 2438
 2454
 2466
 2476
 2490
 2498
 2510
 2522
 2534
 2548
 2564
 2580
 2590
 2604
 2624
 2652
 2676
 2698
 2720
 2738
 2756
 2768
 2784
 2796
 2808
 2820
 2832
 2846
 2858
 2868
 2880
 2890
 2898
 2896
 2886
 2876
 2872
 2868
 2858
 2844
 2826
 2804
 2778
 2748
 2718
 2684
 2636
 2582
 2530
 2484
 2448
 2414
 2380
 2350
 2316
 2276
 2228
 2198
 2182
 2166
 2150
 2136
 2120
 2106
 2094
 2082
 2076
 2078
 2082
 2092
 2106
 2118
 2140
 2168
 2202
 2242
 2276
 2300
 2328
 2362
 2402
 2434
 2466
 2492
 2518
 2550
 2580
 2608
 2644
 2678
 2708
 2744
 2774
 2798
 2820
 2834
 2862
 2886
 2904
 2920
 2936
 2964
 2996
 3016
 3032
 3042
 3040
 3038
 3032
 3022
 3006
 2982
 2954
 2916
 2876
 2830
 2772
 2716
 2662
 2606
 2540
 2474
 2422
 2368
 2306
 2246
 2182
 2116
 2046
 1972
 1902
 1838
 1772
 1714
 1664
 1620
 1588
 1566
 1554
 1554
 1556
 1560
 1582
 1612
 1648
 1682
 1720
 1756
 1800
 1840
 1872
 1908
 1950
 1992
 2024
 2058
 2090
 2120
 2150
 2176
 2208
 2234
 2252
 2276
 2308
 2348
 2392
 2434
 2468
 2500
 2532
 2558
 2584
 2612
 2638
 2668
 2698
 2728
 2758
 2786
 2814
 2842
 2870
 2888
 2904
 2922
 2952
 2982
 3010
 3034
 3054
 3070
 3080
 3082
 3078
 3072
 3064
 3054
 3032
 3002
 2972
 2944
 2920
 2892
 2864
 2822
 2782
 2750
 2732
 2712
 2698
 2682
 2656
 2626
 2588
 2544
 2494
 2442
 2384
 2322
 2260
 2194
 2126
 2054
 1980
 1910
 1842
 1768
 1694
 1632
 1574
 1508
 1448
 1394
 1352
 1318
 1288
 1264
 1250
 1244
 1246
 1254
 1266
 1282
 1300
 1324
 1354
 1396
 1436
 1486
 1540
 1596
 1652
 1704
 1756
 1804
 1858
 1904
 1944
 1986
 2030
 2078
 2128
 2176
 2224
 2272
 2320
 2368
 2422
 2466
 2500
 2540
 2588
 2646
 2696
 2738
 2776
 2812
 2850
 2882
 2914
 2944
 2968
 2990
 3010
 3028
 3044
 3058
 3066
 3070
 3080
 3082
 3082
 3082
 3094
 3112
 3130
 3146
 3156
 3164
 3166
 3164
 3164
 3166
 3166
 3164
 3162
 3160
 3152
 3142
 3132
 3122
 3112
 3100
 3076
 3050
 3022
 3000
 2970
 2938
 2902
 2860
 2810
 2758
 2700
 2644
 2584
 2522
 2456
 2388
 2322
 2256
 2186
 2122
 2062
 2002
 1936
 1886
 1848
 1812
 1782
 1760
 1746
 1740
 1738
 1740
 1752
 1766
 1782
 1800
 1820
 1844
 1870
 1898
 1924
 1956
 1986
 2008
 2034
 2070
 2110
 2150
 2188
 2224
 2252
 2282
 2308
 2328
 2350
 2370
 2390
 2412
 2430
 2448
 2464
 2480
 2498
 2520
 2536
 2544
 2558
 2582
 2610
 2632
 2654
 2674
 2690
 2708
 2716
 2728
 2740
 2756
 2770
 2786
 2798
 2812
 2826
 2838
 2854
 2870
 2878
 2882
 2890
 2910
 2928
 2944
 2958
 2968
 2976
 2978
 2976
 2976
 2974
 2972
 2968
 2960
 2944
 2924
 2902
 2870
 2834
 2792
 2734
 2660
 2586
 2518
 2444
 2362
 2272
 2182
 2088
 1992
 1892
 1792
 1688
 1576
 1468
 1356
 1244
 1132
 1016
 898
 788
 680
 564
 460
 366
 270
 174
 92
 8
 0
 0
 0
 0
 0
 0
 0
 0
 0
 0
 0
 0
 0
 0
 0
 0
 0
 0
 0
 0
 0
 0
 0
 0
 0
 0
 0
 0
 0
 0
 0
 0
 0
 0
 0
 0
 0
 0
 0
 0
 0
 0
 0
 0
 0
 0
 0
 0
 0
 0
 0
 0
 0
 0
 62
 130
 204
 288
 380
 460
 536
 610
 682
 754
 814
 876
 942
 1002
 1066
 1128
 1190
 1250
 1310
 1374
 1434
 1490
 1540
 1594
 1644
 1682
 1726
 1774
 1832
 1888
 1936
 1980
 2018
 2062
 2102
 2138
 2176
 2208
 2242
 2276
 2306
 2336
 2366
 2396
 2424
 2452
 2474
 2500
 2520
 2534
 2550
 2574
 2606
 2636
 2662
 2682
 2700
 2716
 2726
 2736
 2750
 2758
 2768
 2774
 2784
 2792
 2800
 2810
 2816
 2824
 2834
 2840
 2838
 2842
 2856
 2880
 2898
 2914
 2930
 2936
 2944
 2944
 2944
 2940
 2928
 2918
 2908
 2900
 2888
 2876
 2864
 2850
 2834
 2814
 2790
 2750
 2704
 2666
 2630
 2586
 2534
 2482
 2426
 2370
 2320
 2274
 2238
 2204
 2180
 2166
 2156
 2156
 2158
 2166
 2178
 2192
 2208
 2218
 2230
 2250
 2280
 2306
 2332
 2360
 2386
 2412
 2438
 2456
 2478
 2498
 2516
 2536
 2554
 2570
 2586
 2606
 2622
 2640
 2662
 2674
 2682
 2696
 2718
 2746
 2766
 2788
 2808
 2824
 2838
 2846
 2854
 2860
 2864
 2872
 2878
 2884
 2892
 2900
 2908
 2918
 2930
 2936
 2934
 2938
 2948
 2974
 2998
 3022
 3044
 3062
 3078
 3080
 3080
 3068
 3044
 3024
 3016
 3004
 2994
 2990
 2986
 2976
 2972
 2974
 2970
 2962
 2960
 2968
 2982
 2996
 3010
 3020
 3026
 3034
 3034
 3036
 3036
 3034
 3034
 3034
 3034
 3032
 3034
 3042
 3052
 3064
 3068
 3072
 3078
 3094
 3112
 3124
 3134
 3142
 3144
 3144
 3138
 3132
 3126
 3118
 3110
 3100
 3092
 3084
 3078
 3074
 3068
 3066
 3058
 3048
 3044
 3052
 3058
 3068
 3076
 3084
 3086
 3088
 3084
 3084
 3084
 3078
 3076
 3074
 3072
 3068
 3060
 3052
 3046
 3042
 3034
 3020
 3012
 3010
 3016
 3022
 3028
 3032
 3036
 3038
 3036
 3036
 3030
 3024
 3016
 3002
 2986
 2970
 2958
 2942
 2930
 2918
 2910
 2906
 2904
 2904
 2910
 2922
 2930
 2940
 2944
 2946
 2950
 2948
 2948
 2948
 2942
 2936
 2934
 2930
 2926
 2916
 2908
 2900
 2898
 2892
 2882
 2876
 2874
 2882
 2888
 2894
 2900
 2904
 2908
 2906
 2906
 2904
 2896
 2892
 2886
 2880
 2876
 2876
 2876
 2872
 2872
 2870
 2866
 2860
 2856
 2858
 2868
 2874
 2882
 2890
 2892
 2896
 2894
 2892
 2888
 2870
 2850
 2826
 2794
 2756
 2714
 2670
 2618
 2568
 2518
 2462
 2398
 2340
 2292
 2244
 2192
 2140
 2086
 2030
 1976
 1926
 1876
 1834
 1792
 1754
 1726
 1702
 1686
 1674
 1670
 1670
 1674
 1678
 1698
 1724
 1758
 1788
 1818
 1848
 1878
 1910
 1936
 1964
 1994
 2024
 2052
 2084
 2116
 2144
 2174
 2210
 2244
 2278
 2304
 2324
 2348
 2382
 2420
 2452
 2484
 2512
 2538
 2562
 2578
 2598
 2614
 2632
 2646
 2660
 2672
 2686
 2698
 2708
 2718
 2734
 2748
 2766
 2788
 2802
 2820
 2838
 2862
 2880
 2892
 2900
 2894
 2888
 2880
 2872
 2868
 2864
 2862
 2862
 2862
 2860
 2862
 2862
 2864
 2862
 2856
 2856
 2866
 2878
 2888
 2900
 2906
 2912
 2916
 2914
 2916
 2914
 2910
 2910
 2908
 2904
 2896
 2890
 2882
 2878
 2878
 2870
 2860
 2856
 2854
 2864
 2870
 2878
 2886
 2892
 2896
 2896
 2896
 2894
 2890
 2888
 2884
 2880
 2878
 2874
 2872
 2868
 2860
 2856
 2848
 2840
 2836
 2846
 2854
 2864
 2876
 2884
 2892
 2900
 2900
 2904
 2898
 2892
 2886
 2882
 2880
 2874
 2872
 2868
 2862
 2862
 2852
 2836
 2818
 2800
 2788
 2772
 2754
 2732
 2706
 2676
 2642
 2606
 2566
 2514
 2452
 2396
 2348
 2302
 2258
 2214
 2174
 2130
 2086
 2034
 1998
 1976
 1958
 1938
 1924
 1916
 1910
 1908
 1908
 1914
 1924
 1934
 1946
 1960
 1974
 1992
 2008
 2028
 2052
 2070
 2088
 2112
 2142
 2176
 2206
 2234
 2262
 2284
 2308
 2328
 2346
 2364
 2378
 2396
 2412
 2428
 2446
 2460
 2476
 2492
 2508
 2524
 2532
 2546
 2566
 2592
 2616
 2644
 2666
 2688
 2708
 2720
 2732
 2746
 2754
 2762
 2774
 2784
 2792
 2798
 2806
 2816
 2826
 2832
 2834
 2838
 2844
 2860
 2874
 2888
 2898
 2906
 2914
 2916
 2918
 2918
 2916
 2914
 2910
 2906
 2904
 2892
 2880
 2874
 2864
 2848
 2832
 2818
 2810
 2798
 2780
 2754
 2724
 2686
 2644
 2600
 2556
 2508
 2458
 2406
 2352
 2298
 2244
 2188
 2134
 2082
 2022
 1958
 1908
 1864
 1820
 1772
 1728
 1686
 1648
 1610
 1574
 1552
 1534
 1522
 1514
 1516
 1524
 1534
 1548
 1570
 1592
 1612
 1640
 1676
 1716
 1758
 1798
 1836
 1874
 1910
 1942
 1970
 2002
 2034
 2062
 2096
 2128
 2158
 2186
 2214
 2250
 2284
 2310
 2336
 2364
 2404
 2442
 2476
 2510
 2538
 2566
 2586
 2604
 2622
 2638
 2656
 2672
 2690
 2706
 2722
 2740
 2756
 2774
 2786
 2794
 2802
 2820
 2844
 2866
 2886
 2902
 2912
 2926
 2930
 2936
 2932
 2928
 2926
 2922
 2922
 2920
 2916
 2916
 2918
 2922
 2922
 2916
 2910
 2902
 2906
 2910
 2920
 2934
 2946
 2956
 2960
 2958
 2960
 2956
 2956
 2952
 2946
 2944
 2944
 2940
 2936
 2934
 2934
 2934
 2926
 2920
 2918
 2928
 2932
 2938
 2932
 2922
 2910
 2892
 2872
 2848
 2816
 2782
 2746
 2708
 2666
 2626
 2582
 2538
 2498
 2454
 2402
 2348
 2298
 2256
 2210
 2158
 2104
 2048
 1994
 1938
 1882
 1826
 1768
 1710
 1660
 1612
 1566
 1528
 1494
 1472
 1460
 1450
 1448
 1454
 1478
 1500
 1524
 1552
 1578
 1608
 1636
 1660
 1688
 1718
 1748
 1778
 1810
 1840
 1870
 1906
 1946
 1980
 2004
 2032
 2066
 2106
 2142
 2174
 2206
 2238
 2276
 2306
 2334
 2366
 2394
 2422
 2448
 2476
 2500
 2528
 2556
 2588
 2618
 2638
 2660
 2684
 2718
 2752
 2782
 2808
 2834
 2854
 2868
 2880
 2892
 2904
 2912
 2924
 2930
 2932
 2932
 2934
 2938
 2944
 2942
 2940
 2938
 2946
 2960
 2970
 2980
 2990
 3000
 3010
 3012
 3016
 3014
 3014
 3014
 3008
 3004
 2998
 2992
 2986
 2972
 2958
 2938
 2916
 2900
 2890
 2874
 2852
 2826
 2794
 2758
 2716
 2674
 2634
 2592
 2548
 2504
 2462
 2420
 2378
 2336
 2300
 2262
 2222
 2180
 2144
 2120
 2092
 2062
 2036
 2008
 1982
 1956
 1936
 1924
 1916
 1914
 1916
 1922
 1932
 1944
 1960
 1982
 2002
 2020
 2046
 2076
 2112
 2148
 2178
 2208
 2236
 2262
 2286
 2302
 2324
 2344
 2360
 2378
 2392
 2406
 2420
 2434
 2450
 2472
 2492
 2504
 2518
 2536
 2566
 2590
 2612
 2630
 2646
 2662
 2672
 2682
 2690
 2698
 2706
 2718
 2728
 2736
 2746
 2758
 2768
 2780
 2792
 2796
 2800
 2808
 2826
 2844
 2862
 2880
 2894
 2908
 2914
 2918
 2924
 2920
 2916
 2914
 2912
 2912
 2912
 2910
 2910
 2912
 2914
 2912
 2904
 2902
 2908
 2918
 2922
 2928
 2934
 2938
 2942
 2940
 2942
 2940
 2936
 2932
 2928
 2920
 2910
 2898
 2882
 2864
 2842
 2812
 2770
 2736
 2706
 2676
 2640
 2600
 2560
 2516
 2468
 2418
 2370
 2318
 2266
 2216
 2164
 2110
 2058
 2004
 1954
 1906
 1854
 1800
 1756
 1722
 1684
 1644
 1614
 1590
 1572
 1562
 1558
 1564
 1574
 1590
 1610
 1630
 1656
 1690
 1724
 1760
 1790
 1814
 1844
 1880
 1918
 1946
 1978
 2010
 2038
 2066
 2088
 2108
 2128
 2152
 2174
 2200
 2226
 2250
 2274
 2298
 2324
 2348
 2366
 2386
 2412
 2448
 2478
 2504
 2528
 2550
 2572
 2588
 2604
 2620
 2636
 2650
 2664
 2678
 2690
 2704
 2718
 2730
 2748
 2760
 2768
 2776
 2794
 2820
 2842
 2862
 2880
 2896
 2902
 2904
 2908
 2912
 2912
 2914
 2916
 2918
 2922
 2928
 2930
 2934
 2936
 2940
 2944
 2938
 2934
 2938
 2952
 2966
 2976
 2988
 2996
 3004
 3006
 3004
 3000
 2996
 2988
 2980
 2968
 2952
 2938
 2924
 2906
 2880
 2854
 2824
 2788
 2758
 2736
 2712
 2682
 2654
 2620
 2586
 2554
 2516
 2480
 2444
 2412
 2380
 2350
 2322
 2298
 2274
 2252
 2234
 2216
 2196
 2180
 2176
 2182
 2190
 2204
 2222
 2238
 2258
 2276
 2296
 2318
 2342
 2366
 2390
 2416
 2442
 2466
 2492
 2516
 2542
 2568
 2590
 2604
 2620
 2646
 2678
 2708
 2736
 2760
 2782
 2798
 2810
 2820
 2834
 2842
 2854
 2866
 2876
 2886
 2896
 2904
 2914
 2920
 2930
 2930
 2928
 2930
 2944
 2962
 2976
 2980
 2988
 2992
 2992
 2990
 2994
 2996
 2998
 2998
 3004
 3010
 3010
 3014
 3016
 3016
 3014
 3012
 3004
 3000
 3004
 3012
 3020
 3028
 3036
 3038
 3038
 3032
 3028
 3022
 3012
 3000
 2988
 2970
 2952
 2926
 2898
 2870
 2830
 2770
 2716
 2668
 2630
 2600
 2570
 2540
 2512
 2478
 2442
 2402
 2368
 2334
 2304
 2276
 2246
 2216
 2188
 2158
 2136
 2108
 2078
 2054
 2042
 2036
 2036
 2064
 2080
 2096
 2112
 2118
 2128
 2142
 2158
 2178
 2200
 2222
 2248
 2274
 2300
 2326
 2346
 2360
 2380
 2408
 2436
 2462
 2488
 2510
 2530
 2546
 2556
 2566
 2578
 2584
 2590
 2598
 2606
 2618
 2636
 2648
 2664
 2676
 2682
 2686
 2694
 2712
 2736
 2756
 2776
 2792
 2808
 2816
 2824
 2832
 2836
 2838
 2844
 2848
 2848
 2852
 2852
 2848
 2844
 2842
 2840
 2834
 2834
 2848
 2876
 2894
 2904
 2908
 2904
 2904
 2896
 2882
 2866
 2846
 2824
 2802
 2780
 2758
 2732
 2708
 2682
 2648
 2618
 2592
 2554
 2518
 2492
 2474
 2450
 2418
 2388
 2360
 2330
 2298
 2258
 2218
 2172
 2124
 2076
 2030
 1994
 1962
 1932
 1910
 1900
 1894
 1888
 1892
 1908
 1930
 1952
 1976
 2004
 2028
 2056
 2078
 2100
 2132
 2162
 2188
 2214
 2238
 2258
 2280
 2300
 2318
 2340
 2358
 2370
 2382
 2410
 2440
 2468
 2500
 2528
 2556
 2580
 2608
 2630
 2650
 2666
 2684
 2698
 2708
 2720
 2730
 2740
 2752
 2764
 2764
 2768
 2774
 2794
 2816
 2836
 2854
 2868
 2882
 2890
 2890
 2892
 2888
 2874
 2858
 2842
 2824
 2806
 2784
 2760
 2738
 2706
 2666
 2628
 2600
 2570
 2540
 2506
 2464
 2414
 2358
 2300
 2244
 2194
 2144
 2096
 2050
 2002
 1964
 1924
 1882
 1846
 1810
 1772
 1730
 1700
 1680
 1658
 1636
 1618
 1602
 1590
 1584
 1584
 1590
 1602
 1614
 1630
 1648
 1668
 1694
 1728
 1764
 1800
 1828
 1856
 1892
 1936
 1980
 2020
 2060
 2096
 2134
 2166
 2192
 2220
 2246
 2274
 2300
 2324
 2344
 2364
 2382
 2400
 2422
 2438
 2452
 2474
 2516
 2554
 2588
 2620
 2648
 2672
 2694
 2708
 2724
 2736
 2748
 2758
 2770
 2778
 2786
 2794
 2800
 2808
 2816
 2814
 2812
 2810
 2822
 2834
 2842
 2844
 2840
 2832
 2820
 2798
 2780
 2756
 2728
 2698
 2668
 2636
 2606
 2572
 2538
 2506
 2470
 2426
 2390
 2362
 2330
 2292
 2256
 2218
 2178
 2142
 2100
 2060
 2018
 1978
 1936
 1892
 1848
 1804
 1762
 1722
 1684
 1644
 1602
 1574
 1560
 1548
 1542
 1550
 1566
 1586
 1606
 1624
 1648
 1676
 1700
 1730
 1758
 1788
 1820
 1854
 1890
 1926
 1952
 1982
 2018
 2062
 2102
 2142
 2178
 2210
 2248
 2278
 2306
 2334
 2358
 2382
 2406
 2430
 2450
 2474
 2494
 2516
 2544
 2564
 2578
 2592
 2616
 2650
 2684
 2714
 2740
 2764
 2790
 2808
 2826
 2846
 2870
 2892
 2908
 2916
 2928
 2936
 2940
 2940
 2946
 2948
 2944
 2942
 2942
 2952
 2958
 2958
 2952
 2936
 2918
 2894
 2868
 2840
 2806
 2772
 2736
 2698
 2658
 2618
 2576
 2534
 2492
 2440
 2380
 2322
 2282
 2246
 2208
 2170
 2132
 2090
 2046
 1996
 1948
 1902
 1854
 1804
 1756
 1710
 1662
 1618
 1578
 1542
 1508
 1476
 1462
 1464
 1466
 1474
 1488
 1506
 1530
 1556
 1582
 1608
 1642
 1674
 1710
 1742
 1776
 1808
 1844
 1880
 1918
 1950
 1978
 2012
 2058
 2110
 2154
 2198
 2240
 2276
 2312
 2342
 2378
 2412
 2448
 2482
 2520
 2556
 2590
 2626
 2660
 2698
 2730
 2750
 2764
 2784
 2816
 2854
 2888
 2918
 2942
 2964
 2974
 2982
 2986
 2982
 2972
 2950
 2926
 2896
 2868
 2836
 2804
 2772
 2734
 2686
 2648
 2622
 2588
 2552
 2518
 2478
 2438
 2390
 2344
 2300
 2252
 2202
 2152
 2104
 2054
 2006
 1956
 1910
 1864
 1812
 1768
 1736
 1706
 1672
 1648
 1630
 1624
 1626
 1630
 1638
 1652
 1670
 1690
 1712
 1738
 1764
 1794
 1826
 1856
 1878
 1912
 1954
 2004
 2050
 2094
 2132
 2166
 2196
 2224
 2246
 2272
 2300
 2328
 2352
 2378
 2402
 2426
 2452
 2484
 2512
 2528
 2550
 2576
 2618
 2656
 2690
 2724
 2754
 2784
 2804
 2824
 2844
 2860
 2874
 2886
 2900
 2912
 2922
 2930
 2942
 2948
 2946
 2942
 2944
 2952
 2954
 2946
 2938
 2922
 2908
 2884
 2858
 2828
 2792
 2752
 2712
 2670
 2628
 2586
 2546
 2506
 2468
 2424
 2374
 2332
 2300
 2264
 2224
 2182
 2140
 2096
 2048
 1998
 1948
 1898
 1846
 1794
 1748
 1708
 1678
 1654
 1642
 1634
 1624
 1626
 1634
 1652
 1666
 1686
 1708
 1730
 1752
 1772
 1792
 1818
 1844
 1882
 1920
 1958
 1988
 2020
 2052
 2086
 2116
 2134
 2154
 2176
 2212
 2246
 2278
 2312
 2348
 2386
 2420
 2452
 2492
 2528
 2564
 2596
 2628
 2652
 2676
 2698
 2722
 2740
 2750
 2758
 2772
 2796
 2814
 2826
 2840
 2846
 2842
 2828
 2812
 2792
 2772
 2746
 2718
 2688
 2654
 2618
 2584
 2548
 2498
 2450
 2414
 2376
 2332
 2282
 2230
 2174
 2118
 2058
 1998
 1942
 1878
 1810
 1744
 1676
 1608
 1546
 1494
 1442
 1390
 1348
 1322
 1306
 1294
 1294
 1302
 1312
 1334
 1352
 1376
 1412
 1448
 1484
 1522
 1562
 1602
 1644
 1688
 1732
 1768
 1804
 1846
 1896
 1942
 1980
 2020
 2054
 2088
 2116
 2136
 2160
 2182
 2208
 2240
 2270
 2296
 2322
 2346
 2372
 2402
 2424
 2440
 2460
 2492
 2532
 2568
 2606
 2638
 2672
 2704
 2730
 2758
 2784
 2810
 2834
 2866
 2896
 2922
 2948
 2970
 2990
 3012
 3030
 3034
 3040
 3042
 3056
 3070
 3080
 3088
 3092
 3088
 3078
 3068
 3056
 3034
 3012
 2992
 2972
 2950
 2928
 2908
 2888
 2864
 2846
 2824
 2798
 2778
 2768
 2758
 2738
 2720
 2698
 2668
 2634
 2588
 2544
 2494
 2438
 2376
 2316
 2258
 2206
 2158
 2118
 2090
 2070
 2054
 2036
 2026
 2026
 2034
 2042
 2058
 2074
 2090
 2110
 2128
 2142
 2162
 2178
 2198
 2218
 2236
 2254
 2272
 2290
 2314
 2346
 2374
 2394
 2418
 2448
 2478
 2504
 2526
 2538
 2556
 2568
 2580
 2592
 2604
 2614
 2628
 2638
 2650
 2664
 2676
 2688
 2700
 2720
 2738
 2744
 2752
 2764
 2786
 2806
 2824
 2842
 2856
 2868
 2876
 2884
 2890
 2898
 2902
 2912
 2920
 2928
 2936
 2934
 2934
 2940
 2944
 2942
 2942
 2948
 2966
 2986
 3002
 3010
 3020
 3028
 3036
 3044
 3054
 3060
 3064
 3064
 3062
 3066
 3070
 3074
 3078
 3084
 3092
 3096
 3090
 3082
 3084
 3092
 3102
 3110
 3114
 3114
 3110
 3098
 3082
 3060
 3038
 3016
 2994
 2970
 2946
 2922
 2890
 2858
 2832
 2804
 2768
 2734
 2710
 2694
 2672
 2650
 2626
 2600
 2570
 2534
 2496
 2464
 2426
 2390
 2354
 2318
 2284
 2252
 2226
 2210
 2200
 2190
 2176
 2174
 2182
 2192
 2202
 2216
 2230
 2244
 2258
 2268
 2284
 2300
 2314
 2332
 2348
 2364
 2382
 2398
 2418
 2446
 2466
 2484
 2502
 2530
 2560
 2586
 2610
 2634
 2656
 2674
 2688
 2702
 2716
 2732
 2742
 2754
 2766
 2776
 2786
 2796
 2804
 2804
 2800
 2798
 2802
 2818
 2836
 2854
 2872
 2888
 2902
 2914
 2922
 2930
 2934
 2942
 2952
 2960
 2964
 2970
 2974
 2980
 2988
 2992
 2984
 2978
 2980
 2994
 3008
 3020
 3034
 3042
 3052
 3052
 3048
 3040
 3034
 3022
 3008
 2992
 2974
 2950
 2922
 2896
 2874
 2852
 2830
 2818
 2816
 2808
 2794
 2780
 2760
 2732
 2698
 2652
 2604
 2560
 2518
 2476
 2440
 2406
 2372
 2336
 2300
 2258
 2214
 2164
 2116
 2084
 2058
 2032
 2012
 1998
 1994
 1994
 1996
 2002
 2012
 2024
 2036
 2052
 2066
 2084
 2102
 2120
 2142
 2162
 2176
 2192
 2218
 2250
 2278
 2304
 2326
 2350
 2372
 2396
 2414
 2430
 2444
 2456
 2470
 2480
 2494
 2504
 2514
 2526
 2538
 2550
 2558
 2570
 2586
 2610
 2634
 2654
 2676
 2692
 2706
 2724
 2738
 2750
 2762
 2772
 2784
 2798
 2812
 2828
 2846
 2864
 2880
 2902
 2914
 2922
 2932
 2950
 2972
 2986
 2992
 2984
 2970
 2954
 2928
 2906
 2876
 2844
 2810
 2772
 2734
 2698
 2662
 2622
 2580
 2534
 2478
 2416
 2364
 2310
 2252
 2186
 2120
 2050
 1978
 1906
 1828
 1752
 1676
 1600
 1526
 1450
 1372
 1296
 1224
 1162
 1104
 1048
 992
 956
 932
 916
 912
 916
 930
 948
 978
 1010
 1044
 1080
 1116
 1156
 1198
 1242
 1282
 1326
 1370
 1398
 1400
 1412
 1454
 1508
 1554
 1608
 1660
 1706
 1748
 1786
 1828
 1880
 1922
 1964
 2004
 2038
 2070
 2100
 2130
 2162
 2194
 2214
 2236
 2262
 2302
 2340
 2374
 2404
 2430
 2454
 2472
 2488
 2506
 2528
 2550
 2572
 2592
 2610
 2628
 2646
 2666
 2688
 2700
 2714
 2728
 2752
 2780
 2806
 2828
 2848
 2872
 2904
 2940
 2980
 2998
 3014
 3024
 3026
 3020
 3016
 3012
 3008
 3014
 3024
 3024
 3026
 3028
 3040
 3040
 3038
 3032
 3024
 3012
 2994
 2970
 2948
 2920
 2888
 2850
 2810
 2772
 2734
 2696
 2662
 2626
 2590
 2548
 2502
 2468
 2438
 2404
 2370
 2338
 2300
 2262
 2220
 2176
 2138
 2098
 2054
 2016
 1978
 1938
 1906
 1880
 1858
 1840
 1818
 1800
 1796
 1802
 1810
 1822
 1838
 1854
 1872
 1892
 1908
 1930
 1952
 1974
 1998
 2022
 2044
 2068
 2094
 2124
 2154
 2178
 2194
 2218
 2248
 2282
 2310
 2338
 2364
 2386
 2408
 2424
 2442
 2458
 2472
 2488
 2506
 2520
 2536
 2554
 2568
 2592
 2616
 2630
 2642
 2656
 2680
 2708
 2732
 2754
 2774
 2790
 2806
 2814
 2824
 2830
 2838
 2844
 2850
 2858
 2868
 2878
 2888
 2900
 2918
 2930
 2936
 2944
 2962
 2986
 3010
 3026
 3036
 3040
 3040
 3034
 3024
 3012
 2996
 2976
 2954
 2928
 2896
 2868
 2840
 2814
 2792
 2766
 2736
 2706
 2686
 2672
 2658
 2648
 2638
 2626
 2616
 2602
 2592
 2588
 2582
 2578
 2580
 2576
 2578
 2582
 2582
 2586
 2590
 2596
 2594
 2594
 2600
 2614
 2628
 2642
 2656
 2668
 2682
 2696
 2706
 2716
 2728
 2734
 2740
 2748
 2760
 2770
 2778
 2788
 2798
 2810
 2816
 2824
 2836
 2858
 2882
 2900
 2922
 2940
 2960
 2976
 2984
 2996
 3002
 3010
 3010
 3010
 3006
 3002
 2994
 2984
 2974
 2956
 2926
 2898
 2880
 2866
 2848
 2830
 2806
 2780
 2752
 2716
 2680
 2646
 2608
 2568
 2528
 2486
 2446
 2406
 2362
 2326
 2288
 2238
 2194
 2158
 2122
 2084
 2044
 2004
 1968
 1932
 1898
 1872
 1862
 1854
 1856
 1866
 1878
 1896
 1916
 1944
 1972
 1994
 2018
 2052
 2094
 2132
 2166
 2196
 2222
 2248
 2274
 2296
 2322
 2348
 2374
 2404
 2430
 2454
 2476
 2502
 2532
 2554
 2572
 2590
 2618
 2654
 2686
 2714
 2742
 2766
 2786
 2800
 2814
 2828
 2842
 2852
 2864
 2872
 2880
 2886
 2890
 2894
 2894
 2888
 2880
 2882
 2892
 2886
 2880
 2870
 2858
 2844
 2820
 2800
 2774
 2746
 2712
 2680
 2638
 2596
 2548
 2500
 2454
 2400
 2338
 2284
 2238
 2188
 2134
 2080
 2022
 1962
 1902
 1844
 1788
 1734
 1682
 1634
 1588
 1550
 1522
 1504
 1498
 1496
 1498
 1512
 1536
 1560
 1586
 1616
 1644
 1672
 1702
 1726
 1752
 1780
 1806
 1836
 1864
 1890
 1916
 1940
 1970
 2002
 2030
 2046
 2066
 2092
 2126
 2154
 2178
 2202
 2224
 2242
 2260
 2274
 2294
 2308
 2324
 2340
 2358
 2376
 2394
 2412
 2434
 2462
 2488
 2504
 2520
 2540
 2570
 2600
 2626
 2650
 2670
 2688
 2700
 2712
 2724
 2738
 2750
 2762
 2772
 2782
 2790
 2796
 2798
 2806
 2810
 2800
 2790
 2784
 2782
 2776
 2768
 2756
 2740
 2724
 2698
 2674
 2648
 2620
 2588
 2556
 2520
 2484
 2446
 2404
 2360
 2320
 2278
 2228
 2186
 2146
 2102
 2048
 1992
 1932
 1868
 1802
 1734
 1668
 1602
 1534
 1472
 1414
 1364
 1324
 1296
 1280
 1276
 1276
 1292
 1320
 1352
 1384
 1418
 1452
 1488
 1522
 1558
 1590
 1624
 1664
 1702
 1740
 1778
 1814
 1850
 1886
 1924
 1964
 1992
 2024
 2062
 2114
 2160
 2204
 2240
 2274
 2308
 2334
 2362
 2390
 2420
 2446
 2474
 2502
 2530
 2558
 2584
 2616
 2646
 2666
 2686
 2714
 2750
 2792
 2834
 2870
 2898
 2926
 2946
 2966
 2988
 3004
 3018
 3024
 3026
 3026
 3022
 3014
 3004
 2996
 2980
 2958
 2938
 2920
 2904
 2884
 2860
 2832
 2800
 2766
 2724
 2690
 2654
 2614
 2572
 2528
 2484
 2438
 2392
 2348
 2306
 2258
 2202
 2150
 2106
 2058
 2004
 1950
 1892
 1832
 1772
 1710
 1654
 1604
 1556
 1520
 1490
 1470
 1460
 1458
 1468
 1486
 1502
 1520
 1552
 1584
 1612
 1640
 1670
 1698
 1728
 1756
 1780
 1808
 1838
 1868
 1902
 1934
 1966
 2000
 2032
 2068
 2106
 2140
 2176
 2214
 2258
 2302
 2340
 2372
 2402
 2436
 2462
 2486
 2516
 2546
 2576
 2606
 2636
 2666
 2696
 2726
 2756
 2794
 2822
 2848
 2878
 2910
 2954
 2994
 3030
 3060
 3088
 3114
 3132
 3144
 3148
 3150
 3148
 3144
 3134
 3124
 3108
 3090
 3070
 3044
 3012
 2972
 2930
 2894
 2866
 2830
 2790
 2744
 2690
 2632
 2564
 2486
 2404
 2314
 2216
 2120
 2020
 1916
 1812
 1708
 1606
 1514
 1422
 1324
 1220
 1124
 1022
 906
 792
 678
 566
 454
 340
 232
 126
 22
 0
 0
 0
 0
 0
 0
 0
 0
 0
 0
 0
 0
 0
 0
 0
 0
 0
 0
 0
 0
 0
 0
 0
 0
 0
 0
 0
 0
 0
 0
 0
 0
 0
 0
 0
 0
 0
 0
 0
 0
 0
 0
 0
 0
 0
 0
 0
 0
 0
 0
 0
 0
 0
 0
 0
 0
 0
 0
 0
 0
 0
 0
 0
 0
 0
 0
 0
 0
 0
 0
 0
 0
 0
 0
 0
 0
 0
 0
 0
 0
 0
 0
 0
 0
 0
 0
 0
 0
 0
 0
 0
 0
 0
 0
 0
 0
 0
 0
 0
 0
 0
 0
 0
 0
 0
 54
 140
 216
 294
 368
 440
 514
 582
 650
 716
 780
 844
 906
 966
 1026
 1086
 1142
 1196
 1244
 1294
 1344
 1398
 1438
 1484
 1540
 1594
 1642
 1688
 1732
 1772
 1814
 1850
 1886
 1920
 1954
 1984
 2018
 2054
 2086
