 2246
 2282
 2314
 2346
 2384
 2422
 2460
 2494
 2524
 2554
 2580
 2608
 2628
 2644
 2668
 2698
 2734
 2772
 2806
 2836
 2864
 2888
 2908
 2926
 2942
 2956
 2962
 2964
 2966
 2968
 2964
 2954
 2940
 2922
 2900
 2870
 2836
 2794
 2750
 2708
 2668
 2630
 2588
 2546
 2500
 2452
 2404
 2356
 2310
 2266
 2216
 2166
 2116
 2064
 2012
 1962
 1916
 1870
 1830
 1786
 1748
 1714
 1678
 1656
 1642
 1636
 1644
 1662
 1684
 1712
 1748
 1784
 1818
 1856
 1898
 1940
 1986
 2026
 2068
 2112
 2154
 2200
 2244
 2290
 2336
 2376
 2412
 2450
 2488
 2530
 2572
 2612
 2650
 2682
 2716
 2746
 2770
 2796
 2820
 2842
 2862
 2880
 2894
 2908
 2918
 2922
 2918
 2908
 2890
 2868
 2842
 2806
 2760
 2718
 2674
 2630
 2584
 2536
 2486
 2436
 2386
 2338
 2292
 2248
 2198
 2146
 2094
 2042
 1990
 1944
 1898
 1854
 1812
 1766
 1728
 1690
 1652
 1626
 1608
 1598
 1596
 1604
 1616
 1636
 1660
 1690
 1718
 1752
 1784
 1818
 1854
 1888
 1924
 1962
 1998
 2038
 2084
 2126
 2168
 2210
 2244
 2284
 2328
 2378
 2426
 2474
 2518
 2562
 2606
 2646
 2680
 2714
 2744
 2772
 2800
 2822
 2846
 2868
 2888
 2902
 2916
 2926
 2930
 2936
 2942
 2946
 2944
 2940
 2938
 2942
 2948
 2952
 2956
 2960
 2962
 2960
 2952
 2942
 2930
 2912
 2892
 2866
 2836
 2804
 2770
 2736
 2700
 2662
 2622
 2582
 2540
 2498
 2454
 2400
 2354
 2310
 2266
 2222
 2178
 2134
 2090
 2048
 2008
 1970
 1936
 1902
 1868
 1842
 1822
 1814
 1814
 1828
 1846
 1870
 1900
 1934
 1974
 2012
 2048
 2086
 2128
 2176
 2222
 2272
 2320
 2368
 2414
 2460
 2498
 2540
 2580
 2622
 2662
 2700
 2734
 2766
 2798
 2826
 2850
 2872
 2886
 2900
 2912
 2914
 2918
 2924
 2934
 2942
 2954
 2962
 2970
 2976
 2978
 2980
 2984
 2986
 2988
 2986
 2978
 2966
 2952
 2930
 2906
 2880
 2848
 2812
 2772
 2736
 2692
 2648
 2612
 2578
 2546
 2510
 2472
 2434
 2394
 2354
 2308
 2266
 2222
 2170
 2122
 2072
 2024
 1978
 1936
 1898
 1858
 1824
 1790
 1762
 1736
 1706
 1684
 1676
 1674
 1682
 1694
 1718
 1742
 1772
 1802
 1834
 1868
 1906
 1952
 1996
 2038
 2082
 2128
 2174
 2220
 2266
 2312
 2356
 2404
 2450
 2486
 2524
 2566
 2612
 2654
 2696
 2732
 2766
 2800
 2828
 2850
 2872
 2892
 2908
 2920
 2928
 2936
 2944
 2946
 2950
 2950
 2950
 2946
 2940
 2930
 2916
 2896
 2868
 2838
 2808
 2776
 2740
 2702
 2664
 2620
 2574
 2526
 2482
 2438
 2390
 2342
 2292
 2240
 2190
 2144
 2098
 2054
 2012
 1972
 1932
 1898
 1860
 1822
 1786
 1760
 1744
 1738
 1738
 1748
 1770
 1794
 1828
 1864
 1900
 1938
 1980
 2018
 2056
 2098
 2144
 2190
 2238
 2284
 2332
 2378
 2422
 2468
 2510
 2546
 2580
 2616
 2656
 2696
 2734
 2772
 2804
 2834
 2860
 2882
 2900
 2914
 2930
 2942
 2948
 2952
 2958
 2960
 2962
 2960
 2952
 2942
 2926
 2906
 2880
 2846
 2806
 2770
 2734
 2698
 2660
 2618
 2574
 2528
 2482
 2436
 2392
 2344
 2296
 2246
 2192
 2140
 2090
 2044
 2000
 1960
 1922
 1886
 1856
 1830
 1806
 1802
 1806
 1822
 1848
 1882
 1918
 1958
 2000
 2044
 2084
 2128
 2172
 2218
 2262
 2306
 2352
 2398
 2444
 2490
 2534
 2576
 2616
 2656
 2686
 2712
 2734
 2762
 2790
 2820
 2850
 2874
 2894
 2916
 2928
 2938
 2946
 2954
 2960
 2962
 2964
 2964
 2958
 2948
 2934
 2914
 2888
 2860
 2824
 2786
 2742
 2690
 2640
 2594
 2548
 2502
 2456
 2410
 2362
 2318
 2274
 2228
 2188
 2144
 2098
 2050
 2000
 1950
 1904
 1858
 1814
 1772
 1728
 1688
 1654
 1618
 1594
 1580
 1572
 1576
 1588
 1606
 1628
 1658
 1694
 1730
 1770
 1808
 1850
 1894
 1940
 1982
 2024
 2066
 2108
 2150
 2194
 2236
 2272
 2308
 2348
 2392
 2442
 2490
 2540
 2588
 2630
 2672
 2704
 2736
 2768
 2796
 2824
 2846
 2870
 2890
 2910
 2926
 2936
 2942
 2942
 2944
 2938
 2928
 2908
 2890
 2870
 2848
 2824
 2794
 2764
 2734
 2698
 2662
 2630
 2596
 2560
 2524
 2482
 2442
 2398
 2358
 2318
 2280
 2242
 2204
 2164
 2126
 2088
 2042
 2000
 1964
 1926
 1888
 1854
 1824
 1796
 1778
 1768
 1762
 1764
 1772
 1782
 1798
 1816
 1842
 1870
 1900
 1932
 1964
 1998
 2032
 2068
 2102
 2138
 2178
 2218
 2258
 2296
 2336
 2372
 2410
 2446
 2480
 2512
 2550
 2582
 2618
 2654
 2686
 2718
 2752
 2782
 2810
 2838
 2862
 2884
 2904
 2922
 2932
 2940
 2948
 2964
 2978
 2990
 3000
 3010
 3018
 3024
 3026
 3026
 3026
 3022
 3012
 2986
 2958
 2930
 2898
 2862
 2826
 2790
 2754
 2718
 2682
 2640
 2598
 2558
 2522
 2488
 2452
 2414
 2378
 2340
 2300
 2262
 2224
 2182
 2138
 2096
 2050
 2008
 1968
 1930
 1894
 1866
 1846
 1830
 1824
 1828
 1832
 1840
 1858
 1878
 1902
 1932
 1962
 1992
 2026
 2062
 2094
 2130
 2166
 2204
 2242
 2286
 2328
 2370
 2408
 2448
 2488
 2524
 2562
 2600
 2636
 2672
 2702
 2728
 2754
 2788
 2826
 2858
 2888
 2914
 2938
 2958
 2974
 2986
 2996
 3008
 3010
 3008
 3006
 3006
 3004
 3000
 2998
 2996
 2992
 2984
 2974
 2958
 2936
 2912
 2892
 2868
 2844
 2818
 2786
 2752
 2718
 2682
 2644
 2608
 2570
 2532
 2488
 2442
 2398
 2354
 2314
 2276
 2238
 2204
 2166
 2134
 2102
 2064
 2034
 2016
 2002
 1996
 2002
 2018
 2038
 2068
 2104
 2138
 2180
 2224
 2270
 2312
 2356
 2400
 2444
 2490
 2534
 2578
 2620
 2658
 2698
 2728
 2754
 2782
 2812
 2848
 2878
 2910
 2936
 2962
 2984
 3000
 3014
 3028
 3040
 3052
 3060
 3068
 3076
 3092
 3096
 3098
 3106
 3114
 3120
 3126
 3128
 3120
 3110
 3102
 3092
 3074
 3054
 3028
 3000
 2966
 2930
 2896
 2862
 2826
 2788
 2740
 2682
 2618
 2554
 2490
 2434
 2380
 2328
 2284
 2240
 2192
 2148
 2110
 2074
 2040
 2012
 1998
 1992
 1998
 2014
 2040
 2084
 2128
 2170
 2204
 2232
 2264
 2296
 2330
 2368
 2406
 2444
 2484
 2528
 2568
 2604
 2646
 2690
 2740
 2790
 2838
 2884
 2928
 2966
 2990
 3012
 3030
 3044
 3054
 3064
 3068
 3068
 3062
 3046
 3022
 2994
 2958
 2920
 2874
 2822
 2774
 2730
 2688
 2642
 2598
 2552
 2506
 2458
 2410
 2366
 2324
 2276
 2226
 2176
 2128
 2082
 2042
 2004
 1972
 1948
 1930
 1918
 1922
 1934
 1952
 1976
 2004
 2034
 2068
 2102
 2134
 2166
 2198
 2230
 2264
 2290
 2304
 2308
 2310
 2312
 2308
 2310
 2318
 2330
 2350
 2370
 2392
 2408
 2422
 2432
 2438
 2444
 2452
 2462
 2478
 2498
 2524
 2554
 2588
 2628
 2660
 2690
 2728
 2770
 2814
 2858
 2896
 2930
 2964
 2992
 3012
 3034
 3046
 3058
 3070
 3078
 3086
 3086
 3084
 3064
 3036
 2998
 2958
 2920
 2872
 2820
 2764
 2706
 2644
 2582
 2518
 2456
 2388
 2322
 2254
 2186
 2118
 2054
 1996
 1940
 1890
 1844
 1806
 1770
 1744
 1734
 1730
 1738
 1756
 1782
 1812
 1848
 1886
 1926
 1972
 2020
 2068
 2116
 2160
 2208
 2254
 2304
 2350
 2398
 2446
 2492
 2538
 2578
 2614
 2656
 2702
 2748
 2790
 2834
 2872
 2906
 2936
 2956
 2976
 2994
 3002
 3004
 2996
 2976
 2948
 2912
 2872
 2826
 2780
 2728
 2678
 2624
 2568
 2514
 2466
 2422
 2376
 2328
 2288
 2242
 2198
 2160
 2118
 2086
 2050
 2016
 1990
 1974
 1970
 1978
 1998
 2028
 2060
 2098
 2142
 2184
 2230
 2272
 2320
 2374
 2432
 2486
 2540
 2590
 2642
 2686
 2738
 2812
 2918
 3042
 3170
 3296
 3384
 3436
 3454
 3454
 3446
 3430
 3410
 3384
 3356
 3326
 3306
 3298
 3284
 3278
 3272
 3272
 3270
 3266
 3258
 3246
 3228
 3202
 3170
 3130
 3084
 3038
 2986
 2926
 2870
 2802
 2730
 2672
 2614
 2558
 2500
 2446
 2390
 2338
 2282
 2226
 2174
 2118
 2060
 2006
 1954
 1904
 1860
 1822
 1790
 1758
 1738
 1734
 1740
 1756
 1784
 1824
 1868
 1916
 1970
 2024
 2078
 2136
 2192
 2248
 2300
 2354
 2406
 2470
 2528
 2578
 2626
 2678
 2736
 2786
 2836
 2876
 2914
 2948
 2976
 3000
 3022
 3042
 3056
 3070
 3080
 3092
 3104
 3112
 3118
 3120
 3112
 3096
 3070
 3036
 2996
 2954
 2906
 2854
 2802
 2742
 2686
 2622
 2560
 2500
 2442
 2386
 2334
 2284
 2234
 2188
 2146
 2098
 2054
 2018
 1984
 1952
 1928
 1922
 1928
 1952
 1982
 2016
 2056
 2092
 2134
 2182
 2228
 2278
 2330
 2380
 2426
 2476
 2528
 2568
 2610
 2650
 2694
 2738
 2776
 2812
 2840
 2868
 2888
 2906
 2924
 2938
 2952
 2958
 2964
 2970
 2974
 2980
 2980
 2980
 2980
 2980
 2974
 2966
 2964
 2966
 2968
 2970
 2972
 2970
 2972
 2970
 2960
 2948
 2928
 2904
 2876
 2842
 2798
 2752
 2706
 2660
 2610
 2564
 2518
 2464
 2412
 2366
 2326
 2280
 2240
 2192
 2144
 2100
 2060
 2022
 1988
 1954
 1926
 1904
 1894
 1898
 1916
 1940
 1978
 2016
 2058
 2104
 2154
 2212
 2270
 2330
 2390
 2450
 2510
 2562
 2612
 2658
 2700
 2740
 2776
 2808
 2842
 2874
 2902
 2926
 2940
 2952
 2958
 2968
 2982
 2992
 2998
 2998
 2996
 2998
 2998
 2994
 2986
 2974
 2954
 2928
 2900
 2866
 2834
 2798
 2754
 2710
 2672
 2634
 2590
 2548
 2502
 2458
 2414
 2372
 2332
 2298
 2258
 2222
 2188
 2156
 2130
 2114
 2108
 2106
 2114
 2130
 2156
 2184
 2220
 2256
 2292
 2328
 2360
 2390
 2412
 2420
 2420
 2412
 2406
 2402
 2400
 2408
 2420
 2428
 2438
 2454
 2470
 2482
 2492
 2502
 2510
 2522
 2534
 2548
 2566
 2586
 2614
 2644
 2676
 2708
 2742
 2778
 2812
 2838
 2860
 2888
 2912
 2926
 2942
 2954
 2962
 2972
 2978
 2986
 2982
 2974
 2954
 2922
 2880
 2834
 2784
 2732
 2678
 2620
 2558
 2500
 2446
 2390
 2330
 2276
 2218
 2166
 2116
 2064
 2012
 1958
 1912
 1870
 1830
 1794
 1770
 1754
 1750
 1752
 1760
 1770
 1790
 1812
 1836
 1864
 1900
 1932
 1964
 2000
 2036
 2074
 2118
 2162
 2208
 2248
 2292
 2336
 2384
 2430
 2476
 2524
 2574
 2616
 2652
 2694
 2742
 2796
 2844
 2890
 2932
 2974
 3008
 3034
 3062
 3090
 3112
 3128
 3136
 3132
 3118
 3094
 3058
 3020
 2970
 2920
 2864
 2806
 2750
 2686
 2630
 2578
 2526
 2470
 2416
 2366
 2322
 2284
 2252
 2224
 2196
 2172
 2154
 2144
 2146
 2154
 2170
 2192
 2218
 2252
 2294
 2328
 2362
 2392
 2424
 2468
 2510
 2560
 2612
 2668
 2722
 2784
 2850
 2918
 2982
 3038
 3084
 3114
 3138
 3172
 3230
 3296
 3346
 3374
 3378
 3372
 3344
 3312
 3288
 3274
 3264
 3256
 3240
 3216
 3186
 3144
 3098
 3044
 2984
 2926
 2862
 2796
 2732
 2668
 2604
 2542
 2484
 2416
 2346
 2286
 2226
 2162
 2096
 2036
 1978
 1926
 1882
 1838
 1800
 1770
 1752
 1742
 1742
 1754
 1770
 1794
 1828
 1862
 1894
 1934
 1976
 2024
 2078
 2130
 2180
 2230
 2280
 2320
 2362
 2406
 2452
 2502
 2550
 2600
 2644
 2690
 2734
 2776
 2808
 2840
 2878
 2918
 2948
 2978
 2996
 3010
 3022
 3022
 3020
 3010
 2990
 2964
 2924
 2884
 2838
 2790
 2738
 2688
 2632
 2570
 2512
 2458
 2404
 2346
 2290
 2236
 2184
 2134
 2082
 2030
 1980
 1926
 1878
 1828
 1778
 1734
 1694
 1664
 1644
 1628
 1626
 1632
 1646
 1664
 1692
 1722
 1752
 1788
 1824
 1856
 1894
 1928
 1964
 2002
 2036
 2076
 2118
 2170
 2224
 2274
 2316
 2358
 2406
 2456
 2504
 2554
 2600
 2644
 2692
 2732
 2768
 2804
 2838
 2872
 2904
 2928
 2950
 2968
 2984
 2994
 2992
 2982
 2962
 2934
 2898
 2858
 2808
 2752
 2698
 2646
 2596
 2540
 2484
 2430
 2376
 2322
 2268
 2216
 2164
 2112
 2066
 2018
 1976
 1938
 1906
 1884
 1872
 1870
 1876
 1890
 1910
 1932
 1960
 1994
 2034
 2076
 2120
 2164
 2210
 2258
 2304
 2344
 2394
 2444
 2492
 2538
 2582
 2628
 2672
 2716
 2758
 2798
 2838
 2868
 2894
 2920
 2954
 2988
 3022
 3054
 3084
 3110
 3134
 3152
 3172
 3190
 3214
 3242
 3254
 3262
 3262
 3248
 3216
 3174
 3126
 3078
 3026
 2962
 2892
 2822
 2752
 2680
 2606
 2542
 2476
 2410
 2348
 2290
 2230
 2170
 2118
 2066
 2010
 1958
 1908
 1860
 1820
 1786
 1746
 1718
 1698
 1684
 1678
 1684
 1694
 1712
 1736
 1764
 1792
 1824
 1854
 1886
 1924
 1956
 1988
 2020
 2054
 2088
 2114
 2140
 2166
 2196
 2222
 2252
 2280
 2310
 2346
 2382
 2418
 2458
 2494
 2532
 2570
 2602
 2636
 2672
 2706
 2740
 2774
 2800
 2818
 2840
 2866
 2892
 2912
 2936
 2948
 2962
 2974
 2978
 2980
 2970
 2950
 2926
 2898
 2862
 2824
 2782
 2738
 2694
 2648
 2604
 2554
 2502
 2454
 2408
 2362
 2310
 2262
 2212
 2166
 2122
 2076
 2032
 1988
 1940
 1896
 1852
 1816
 1790
 1776
 1774
 1782
 1800
 1824
 1850
 1884
 1924
 1962
 2004
 2050
 2096
 2144
 2194
 2240
 2282
 2330
 2380
 2434
 2486
 2536
 2584
 2638
 2686
 2736
 2782
 2824
 2858
 2882
 2902
 2924
 2952
 2970
 2988
 3008
 3024
 3042
 3056
 3066
 3078
 3084
 3090
 3092
 3086
 3072
 3052
 3028
 2994
 2956
 2918
 2876
 2832
 2780
 2732
 2676
 2622
 2574
 2524
 2476
 2428
 2382
 2334
 2288
 2244
 2202
 2160
 2118
 2076
 2034
 1994
 1960
 1934
 1920
 1914
 1918
 1930
 1950
 1974
 1996
 2024
 2054
 2090
 2124
 2164
 2204
 2248
 2294
 2340
 2386
 2432
 2478
 2522
 2564
 2604
 2646
 2684
 2720
 2758
 2798
 2830
 2856
 2876
 2896
 2920
 2942
 2962
 2982
 2998
 3012
 3022
 3032
 3042
 3048
 3050
 3050
 3044
 3030
 3008
 2982
 2950
 2912
 2874
 2826
 2776
 2728
 2684
 2642
 2598
 2554
 2504
 2458
 2414
 2368
 2326
 2278
 2224
 2172
 2118
 2068
 2022
 1974
 1936
 1898
 1856
 1824
 1804
 1790
 1784
 1788
 1798
 1812
 1832
 1858
 1884
 1910
 1938
 1968
 2002
 2032
 2064
 2098
 2130
 2172
 2218
 2254
 2288
 2322
 2360
 2396
 2434
 2466
 2500
 2534
 2568
 2600
 2632
 2662
 2692
 2728
 2760
 2788
 2818
 2844
 2870
 2892
 2910
 2926
 2934
 2938
 2944
 2950
 2952
 2944
 2936
 2926
 2912
 2892
 2866
 2832
 2798
 2760
 2722
 2684
 2642
 2600
 2556
 2510
 2464
 2422
 2380
 2342
 2304
 2264
 2228
 2188
 2152
 2110
 2068
 2032
 1994
 1956
 1916
 1880
 1846
 1818
 1798
 1790
 1790
 1798
 1818
 1842
 1872
 1908
 1946
 1992
 2036
 2084
 2134
 2176
 2220
 2268
 2318
 2372
 2428
 2478
 2526
 2572
 2618
 2658
 2698
 2736
 2774
 2810
 2842
 2870
 2898
 2924
 2946
 2966
 2984
 3000
 3008
 3006
 3006
 3006
 3002
 2990
 2968
 2938
 2900
 2856
 2806
 2756
 2700
 2644
 2586
 2524
 2464
 2406
 2348
 2290
 2232
 2174
 2116
 2064
 2014
 1960
 1918
 1876
 1834
 1792
 1756
 1724
 1702
 1690
 1690
 1698
 1714
 1736
 1762
 1790
 1824
 1868
 1914
 1966
 2018
 2072
 2126
 2170
 2216
 2262
 2310
 2356
 2400
 2446
 2490
 2530
 2570
 2610
 2648
 2684
 2720
 2760
 2794
 2830
 2862
 2888
 2910
 2930
 2944
 2960
 2972
 2978
 2984
 2982
 2974
 2960
 2938
 2914
 2886
 2854
 2816
 2772
 2724
 2674
 2620
 2570
 2516
 2458
 2402
 2342
 2282
 2226
 2170
 2116
 2066
 2016
 1972
 1932
 1884
 1844
 1808
 1770
 1740
 1718
 1706
 1704
 1710
 1722
 1738
 1764
 1790
 1820
 1852
 1884
 1918
 1956
 2000
 2046
 2088
 2124
 2164
 2206
 2254
 2302
 2350
 2400
 2450
 2498
 2546
 2590
 2632
 2672
 2714
 2752
 2784
 2816
 2848
 2876
 2902
 2926
 2944
 2950
 2952
 2952
 2954
 2950
 2936
 2912
 2884
 2848
 2808
 2758
 2708
 2652
 2592
 2532
 2474
 2418
 2366
 2318
 2270
 2224
 2176
 2132
 2088
 2038
 1996
 1958
 1914
 1868
 1828
 1786
 1750
 1724
 1702
 1690
 1686
 1688
 1698
 1708
 1724
 1746
 1772
 1800
 1830
 1862
 1900
 1936
 1972
 2006
 2044
 2078
 2112
 2142
 2172
 2204
 2244
 2282
 2324
 2362
 2400
 2440
 2478
 2518
 2556
 2598
 2640
 2680
 2716
 2754
 2788
 2820
 2850
 2878
 2902
 2916
 2910
 2900
 2882
 2864
 2840
 2808
 2772
 2732
 2688
 2642
 2602
 2556
 2510
 2460
 2406
 2354
 2298
 2242
 2188
 2136
 2088
 2042
 1996
 1952
 1912
 1870
 1826
 1792
 1764
 1740
 1730
 1732
 1744
 1766
 1800
 1838
 1878
 1922
 1976
 2048
 2126
 2208
 2282
 2334
 2374
 2416
 2466
 2520
 2574
 2624
 2674
 2714
 2752
 2794
 2836
 2878
 2920
 2956
 2988
 3016
 3044
 3066
 3088
 3108
 3126
 3138
 3148
 3160
 3170
 3180
 3190
 3200
 3208
 3216
 3220
 3214
 3196
 3172
 3146
 3118
 3086
 3052
 3022
 2980
 2932
 2876
 2808
 2734
 2660
 2588
 2522
 2456
 2398
 2344
 2294
 2248
 2204
 2164
 2128
 2094
 2056
 2032
 2012
 1998
 1992
 1998
 2008
 2026
 2052
 2078
 2106
 2140
 2172
 2208
 2246
 2282
 2318
 2356
 2392
 2430
 2466
 2506
 2542
 2574
 2602
 2636
 2674
 2712
 2746
 2780
 2812
 2846
 2880
 2908
 2934
 2958
 2982
 3004
 3022
 3040
 3056
 3068
 3082
 3088
 3088
 3082
 3066
 3042
 3010
 2966
 2918
 2868
 2816
 2758
 2702
 2644
 2586
 2530
 2470
 2416
 2364
 2302
 2246
 2188
 2130
 2080
 2030
 1986
 1940
 1896
 1860
 1830
 1802
 1784
 1780
 1786
 1798
 1818
 1846
 1874
 1908
 1944
 1978
 2012
 2050
 2094
 2138
 2180
 2222
 2264
 2306
 2352
 2396
 2438
 2480
 2518
 2550
 2578
 2610
 2646
 2682
 2720
 2752
 2782
 2810
 2836
 2856
 2880
 2900
 2922
 2940
 2954
 2966
 2980
 2992
 2998
 3002
 3004
 3002
 2992
 2968
 2942
 2912
 2880
 2842
 2800
 2754
 2710
 2662
 2616
 2570
 2522
 2470
 2416
 2360
 2306
 2250
 2200
 2154
 2108
 2068
 2028
 1994
 1958
 1930
 1914
 1910
 1912
 1924
 1944
 1970
 2002
 2036
 2072
 2106
 2142
 2184
 2224
 2260
 2298
 2338
 2378
 2420
 2460
 2502
 2542
 2584
 2622
 2650
 2680
 2714
 2752
 2786
 2822
 2852
 2880
 2908
 2930
 2948
 2964
 2978
 2988
 2998
 3008
 3016
 3022
 3032
 3040
 3052
 3064
 3074
 3082
 3086
 3076
 3060
 3040
 3018
 2992
 2960
 2928
 2890
 2854
 2814
 2772
 2736
 2694
 2652
 2608
 2560
 2508
 2446
 2366
 2288
 2210
 2142
 2082
 2028
 1972
 1920
 1878
 1844
 1818
 1804
 1806
 1820
 1846
 1878
 1914
 1952
 1996
 2040
 2082
 2124
 2170
 2216
 2266
 2318
 2366
 2414
 2464
 2520
 2566
 2606
 2644
 2682
 2728
 2768
 2810
 2846
 2878
 2908
 2932
 2954
 2972
 2986
 2992
 2996
 3000
 3000
 2996
 2990
 2974
 2952
 2928
 2898
 2866
 2822
 2776
 2730
 2686
 2638
 2590
 2536
 2484
 2432
 2380
 2328
 2278
 2222
 2172
 2122
 2072
 2026
 1984
 1948
 1922
 1910
 1908
 1910
 1926
 1948
 1978
 2014
 2052
 2090
 2128
 2170
 2212
 2248
 2284
 2326
 2366
 2386
 2390
 2384
 2376
 2372
 2370
 2374
 2378
 2386
 2400
 2420
 2442
 2460
 2482
 2498
 2508
 2516
 2518
 2528
 2538
 2556
 2574
 2594
 2622
 2654
 2690
 2720
 2748
 2780
 2818
 2860
 2896
 2930
 2950
 2976
 2994
 3010
 3022
 3030
 3038
 3046
 3050
 3052
 3050
 3048
 3038
 3020
 2996
 2968
 2938
 2904
 2864
 2818
 2760
 2700
 2638
 2572
 2508
 2438
 2372
 2310
 2246
 2184
 2126
 2070
 2014
 1964
 1918
 1874
 1842
 1822
 1812
 1810
 1822
 1838
 1864
 1894
 1928
 1966
 2004
 2044
 2084
 2122
 2170
 2220
 2270
 2314
 2352
 2390
 2430
 2470
 2514
 2554
 2594
 2632
 2668
 2706
 2738
 2762
 2786
 2812
 2842
 2872
 2902
 2924
 2944
 2964
 2980
 2988
 3000
 3008
 3014
 3020
 3016
 3010
 3010
 3008
 3006
 3004
 3002
 2996
 2986
 2970
 2944
 2914
 2880
 2852
 2822
 2784
 2748
 2710
 2672
 2632
 2592
 2560
 2526
 2486
 2470
 2460
 2456
 2460
 2478
 2500
 2530
 2560
 2580
 2588
 2598
 2612
 2618
 2622
 2642
 2668
 2700
 2738
 2776
 2816
 2852
 2892
 2924
 2952
 2982
 3010
 3030
 3046
 3060
 3076
 3088
 3096
 3104
 3110
 3112
 3118
 3118
 3114
 3108
 3104
 3110
 3108
 3102
 3088
 3068
 3044
 3008
 2964
 2918
 2868
 2816
 2762
 2704
 2650
 2592
 2536
 2480
 2424
 2364
 2310
 2252
 2188
 2134
 2080
 2024
 1966
 1914
 1862
 1818
 1778
 1748
 1728
 1720
 1724
 1738
 1758
 1786
 1820
 1860
 1904
 1950
 1996
 2040
 2080
 2128
 2174
 2234
 2290
 2350
 2406
 2462
 2520
 2574
 2622
 2672
 2716
 2758
 2800
 2838
 2876
 2908
 2930
 2946
 2956
 2960
 2966
 2976
 2986
 2998
 3004
 3010
 3012
 3016
 3016
 3018
 3020
 3020
 3018
 3014
 3004
 2990
 2970
 2946
 2914
 2876
 2836
 2788
 2734
 2682
 2630
 2582
 2528
 2472
 2416
 2362
 2308
 2252
 2200
 2142
 2084
 2026
 1970
 1916
 1864
 1814
 1770
 1738
 1724
 1722
 1728
 1746
 1768
 1796
 1826
 1864
 1908
 1950
 1996
 2042
 2090
 2144
 2204
 2264
 2326
 2380
 2434
 2488
 2542
 2592
 2642
 2684
 2718
 2746
 2774
 2806
 2834
 2864
 2888
 2908
 2926
 2940
 2948
 2956
 2960
 2960
 2954
 2938
 2916
 2888
 2854
 2816
 2772
 2726
 2674
 2620
 2568
 2516
 2454
 2402
 2352
 2306
 2256
 2208
 2162
 2118
 2074
 2034
 1998
 1968
 1936
 1914
 1908
 1910
 1926
 1950
 1986
 2026
 2072
 2122
 2172
 2222
 2270
 2322
 2380
 2446
 2512
 2584
 2654
 2722
 2784
 2838
 2886
 2928
 2968
 3000
 3024
 3042
 3056
 3072
 3082
 3088
 3086
 3082
 3070
 3048
 3022
 2984
 2946
 2910
 2866
 2822
 2772
 2720
 2668
 2614
 2560
 2504
 2448
 2390
 2334
 2278
 2222
 2168
 2116
 2070
 2024
 1974
 1932
 1892
 1854
 1816
 1790
 1776
 1770
 1776
 1790
 1810
 1834
 1860
 1888
 1916
 1950
 1982
 2012
 2044
 2080
 2120
 2150
 2184
 2224
 2266
 2316
 2368
 2418
 2462
 2512
 2560
 2602
 2642
 2684
 2724
 2764
 2798
 2832
 2864
 2892
 2914
 2930
 2946
 2954
 2960
 2964
 2972
 2984
 2992
 3000
 3004
 3008
 3012
 3014
 3016
 3014
 3006
 2998
 2978
 2956
 2926
 2888
 2850
 2806
 2760
 2714
 2664
 2612
 2562
 2508
 2450
 2402
 2354
 2304
 2252
 2206
 2162
 2118
 2078
 2040
 2004
 1972
 1940
 1920
 1902
 1894
 1894
 1900
 1916
 1938
 1966
 2002
 2040
 2084
 2126
 2172
 2224
 2276
 2324
 2380
 2438
 2496
 2552
 2602
 2650
 2696
 2738
 2778
 2814
 2842
 2872
 2898
 2920
 2942
 2958
 2970
 2978
 2980
 2980
 2982
 2984
 2984
 2988
 2992
 2992
 2994
 2994
 2988
 2976
 2960
 2934
 2904
 2868
 2830
 2788
 2746
 2698
 2652
 2606
 2556
 2502
 2458
 2414
 2370
 2324
 2280
 2232
 2192
 2152
 2116
 2082
 2050
 2030
 2020
 2022
 2030
 2050
 2074
 2104
 2140
 2178
 2216
 2256
 2300
 2348
 2394
 2444
 2490
 2534
 2580
 2622
 2662
 2698
 2736
 2774
 2810
 2848
 2884
 2920
 2950
 2970
 2986
 3000
 3010
 3016
 3012
 3000
 2986
 2968
 2946
 2912
 2874
 2828
 2782
 2732
 2678
 2628
 2576
 2520
 2466
 2412
 2360
 2310
 2264
 2220
 2178
 2138
 2094
 2054
 2026
 2004
 1990
 1988
 1994
 2006
 2024
 2046
 2070
 2096
 2124
 2150
 2180
 2208
 2238
 2268
 2302
 2336
 2368
 2394
 2422
 2458
 2500
 2536
 2574
 2608
 2646
 2684
 2714
 2744
 2772
 2800
 2826
 2850
 2870
 2892
 2910
 2924
 2940
 2956
 2964
 2966
 2970
 2978
 2988
 2996
 2998
 2998
 2996
 3000
 3000
 3000
 2996
 2986
 2970
 2946
 2918
 2884
 2848
 2808
 2768
 2722
 2674
 2628
 2578
 2534
 2484
 2430
 2384
 2336
 2288
 2232
 2180
 2130
 2080
 2038
 1994
 1950
 1910
 1872
 1844
 1828
 1824
 1830
 1844
 1868
 1898
 1936
 1976
 2022
 2066
 2108
 2156
 2206
 2262
 2314
 2366
 2420
 2470
 2520
 2564
 2602
 2638
 2674
 2706
 2740
 2766
 2794
 2818
 2842
 2862
 2878
 2894
 2904
 2918
 2926
 2928
 2930
 2938
 2946
 2956
 2962
 2966
 2972
 2976
 2976
 2970
 2958
 2942
 2922
 2896
 2864
 2828
 2788
 2746
 2704
 2662
 2622
 2584
 2546
 2500
 2466
 2428
 2386
 2342
 2300
 2256
 2212
 2170
 2124
 2088
 2050
 2016
 1988
 1966
 1956
 1962
 1980
 2012
 2060
 2116
 2172
 2228
 2292
 2358
 2424
 2488
 2554
 2612
 2670
 2724
 2772
 2814
 2858
 2896
 2938
 2970
 3000
 3026
 3050
 3072
 3086
 3100
 3112
 3120
 3126
 3130
 3142
 3148
 3158
 3164
 3166
 3170
 3172
 3168
 3164
 3158
 3146
 3128
 3100
 3070
 3032
 2996
 2952
 2908
 2860
 2800
 2744
 2686
 2624
 2566
 2516
 2466
 2416
 2368
 2320
 2272
 2228
 2184
 2142
 2100
 2056
 2010
 1966
 1922
 1884
 1854
 1838
 1832
 1838
 1846
 1864
 1890
 1918
 1950
 1986
 2022
 2054
 2088
 2122
 2154
 2194
 2234
 2272
 2314
 2352
 2392
 2436
 2482
 2532
 2574
 2608
 2642
 2680
 2722
 2762
 2800
 2834
 2866
 2896
 2918
 2932
 2946
 2954
 2964
 2970
 2976
 2980
 2982
 2976
 2964
 2940
 2908
 2868
 2828
 2786
 2742
 2696
 2648
 2600
 2556
 2510
 2460
 2418
 2370
 2318
 2270
 2220
 2170
 2126
 2080
 2038
 2002
 1962
 1920
 1886
 1858
 1834
 1818
 1814
 1820
 1834
 1854
 1878
 1902
 1932
 1964
 2002
 2036
 2074
 2114
 2154
 2194
 2240
 2284
 2320
 2364
 2412
 2464
 2514
 2558
 2604
 2646
 2688
 2726
 2762
 2804
 2838
 2872
 2898
 2920
 2934
 2950
 2964
 2974
 2978
 2976
 2962
 2938
 2910
 2876
 2822
 2772
 2722
 2672
 2620
 2570
 2516
 2464
 2414
 2360
 2312
 2258
 2200
 2146
 2092
 2038
 1988
 1944
 1902
 1868
 1840
 1824
 1816
 1816
 1824
 1840
 1860
 1882
 1910
 1942
 1972
 2006
 2042
 2074
 2114
 2158
 2200
 2242
 2282
 2322
 2368
 2412
 2454
 2496
 2536
 2572
 2612
 2656
 2702
 2748
 2794
 2834
 2874
 2906
 2936
 2956
 2978
 2996
 3012
 3028
 3038
 3048
 3056
 3062
 3064
 3056
 3040
 3012
 2978
 2944
 2908
 2864
 2818
 2768
 2718
 2666
 2614
 2560
 2510
 2452
 2398
 2338
 2280
 2224
 2170
 2124
 2080
 2030
 1986
 1948
 1912
 1872
 1840
 1816
 1800
 1796
 1802
 1816
 1838
 1866
 1900
 1934
 1970
 2008
 2056
 2104
 2142
 2184
 2228
 2282
 2342
 2400
 2454
 2502
 2554
 2600
 2638
 2676
 2712
 2746
 2780
 2812
 2840
 2866
 2888
 2898
 2902
 2904
 2910
 2922
 2932
 2940
 2948
 2952
 2956
 2960
 2964
 2966
 2968
 2970
 2968
 2964
 2958
 2944
 2926
 2912
 2896
 2878
 2870
 2870
 2874
 2878
 2886
 2892
 2898
 2902
 2904
 2904
 2906
 2904
 2900
 2894
 2892
 2888
 2890
 2890
 2886
 2886
 2886
 2890
 2896
 2898
 2898
 2894
 2882
 2864
 2838
 2808
 2772
 2734
 2692
 2650
 2604
 2558
 2512
 2460
 2406
 2356
 2304
 2246
 2190
 2132
 2076
 2026
 1978
 1936
 1902
 1878
 1862
 1860
 1864
 1874
 1896
 1918
 1950
 1978
 2006
 2040
 2078
 2120
 2168
 2216
 2264
 2310
 2358
 2400
 2444
 2488
 2526
 2570
 2612
 2650
 2688
 2724
 2754
 2780
 2804
 2824
 2834
 2842
 2850
 2862
 2874
 2884
 2890
 2896
 2900
 2902
 2906
 2910
 2904
 2892
 2876
 2852
 2826
 2792
 2758
 2726
 2686
 2642
 2602
 2558
 2506
 2456
 2410
 2358
 2310
 2262
 2218
 2172
 2130
 2086
 2044
 2006
 1968
 1938
 1916
 1896
 1886
 1882
 1884
 1898
 1918
 1938
 1962
 1996
 2032
 2076
 2122
 2172
 2230
 2288
 2342
 2392
 2438
 2486
 2536
 2586
 2630
 2672
 2716
 2756
 2796
 2828
 2850
 2872
 2898
 2922
 2944
 2962
 2970
 2976
 2982
 2986
 2988
 2990
 2990
 2990
 2990
 2986
 2976
 2958
 2938
 2912
 2878
 2834
 2792
 2752
 2708
 2662
 2616
 2566
 2516
 2470
 2416
 2366
 2310
 2256
 2204
 2150
 2098
 2044
 1994
 1948
 1908
 1862
 1814
 1778
 1736
 1698
 1664
 1636
 1608
 1588
 1572
 1558
 1544
 1530
 1522
 1514
 1510
 1512
 1512
 1518
 1528
 1548
 1568
 1590
 1612
 1640
 1670
 1706
 1744
 1784
 1830
 1876
 1924
 1974
 2022
 2078
 2136
 2190
 2240
 2292
 2342
 2398
 2452
 2506
 2544
 2580
 2618
 2658
 2700
 2740
 2774
 2804
 2832
 2852
 2866
 2882
 2886
 2892
 2902
 2908
 2914
 2920
 2922
 2928
 2934
 2938
 2938
 2932
 2916
 2896
 2874
 2844
 2812
 2776
 2734
 2692
 2650
 2606
 2560
 2512
 2464
 2418
 2376
 2334
 2294
 2250
 2206
 2162
 2118
 2082
 2038
 1998
 1960
 1918
 1876
 1836
 1802
 1770
 1752
 1740
 1738
 1746
 1762
 1788
 1826
 1870
 1924
 1984
 2044
 2108
 2172
 2236
 2296
 2354
 2406
 2448
 2488
 2528
 2568
 2614
 2656
 2698
 2734
 2768
 2800
 2830
 2860
 2888
 2912
 2936
 2956
 2968
 2978
 2982
 2982
 2986
 2986
 2988
 2990
 2990
 2992
 2992
 2994
 2994
 2996
 2998
 2994
 2986
 2972
 2952
 2928
 2896
 2860
 2824
 2778
 2730
 2686
 2644
 2600
 2550
 2504
 2458
 2412
 2368
 2322
 2280
 2230
 2182
 2138
 2094
 2052
 2014
 1978
 1948
 1924
 1898
 1882
 1876
 1878
 1884
 1900
 1918
 1938
 1964
 1992
 2016
 2044
 2070
 2100
 2130
 2162
 2200
 2236
 2276
 2314
 2348
 2376
 2406
 2440
 2476
 2510
 2544
 2574
 2602
 2634
 2660
 2688
 2716
 2740
 2764
 2784
 2806
 2824
 2840
 2856
 2870
 2888
 2902
 2912
 2918
 2924
 2920
 2914
 2908
 2906
 2910
 2910
 2912
 2912
 2914
 2918
 2918
 2918
 2920
 2920
 2922
 2922
 2920
 2918
 2920
 2920
 2914
 2908
 2904
 2902
 2896
 2890
 2880
 2864
 2846
 2830
 2814
 2794
 2774
 2748
 2724
 2702
 2674
 2646
 2616
 2582
 2548
 2510
 2470
 2432
 2394
 2356
 2320
 2284
 2244
 2208
 2174
 2130
 2094
 2062
 2024
 1986
 1950
 1922
 1900
 1888
 1880
 1880
 1888
 1896
 1908
 1928
 1946
 1970
 1998
 2028
 2062
 2100
 2132
 2160
 2194
 2226
 2264
 2298
 2324
 2350
 2374
 2406
 2434
 2464
 2498
 2530
 2566
 2598
 2628
 2658
 2688
 2720
 2748
 2774
 2796
 2812
 2826
 2844
 2866
 2884
 2896
 2906
 2914
 2920
 2926
 2928
 2932
 2932
 2936
 2936
 2932
 2922
 2908
 2886
 2862
 2828
 2790
 2752
 2704
 2652
 2606
 2560
 2514
 2466
 2420
 2376
 2330
 2288
 2242
 2198
 2150
 2106
 2060
 2018
 1978
 1942
 1912
 1890
 1876
 1872
 1874
 1886
 1908
 1934
 1968
 2002
 2036
 2070
 2110
 2148
 2186
 2230
 2276
 2320
 2366
 2410
 2454
 2498
 2542
 2586
 2636
 2688
 2736
 2790
 2840
 2876
 2912
 2950
 2980
 3006
 3022
 3032
 3040
 3048
 3052
 3052
 3052
 3050
 3048
 3046
 3034
 3020
 3008
 2986
 2962
 2930
 2892
 2852
 2810
 2762
 2716
 2668
 2614
 2556
 2508
 2458
 2408
 2356
 2306
 2256
 2208
 2162
 2116
 2074
 2028
 1984
 1942
 1898
 1858
 1824
 1790
 1768
 1750
 1740
 1736
 1738
 1748
 1762
 1782
 1802
 1828
 1854
 1882
 1914
 1946
 1980
 2018
 2054
 2086
 2120
 2152
 2184
 2218
 2254
 2292
 2334
 2368
 2406
 2444
 2488
 2528
 2568
 2604
 2638
 2672
 2706
 2736
 2764
 2790
 2814
 2836
 2854
 2870
 2886
 2900
 2902
 2900
 2890
 2874
 2854
 2830
 2806
 2778
 2744
 2708
 2670
 2630
 2586
 2544
 2500
 2450
 2402
 2352
 2302
 2256
 2208
 2160
 2116
 2076
 2026
 1984
 1948
 1912
 1876
 1850
 1832
 1820
 1820
 1822
 1830
 1844
 1858
 1878
 1900
 1924
 1956
 1988
 2020
 2052
 2082
 2114
 2144
 2172
 2204
 2242
 2280
 2320
 2360
 2398
 2440
 2480
 2518
 2550
 2586
 2618
 2654
 2684
 2712
 2738
 2764
 2790
 2812
 2830
 2846
 2856
 2856
 2848
 2830
 2800
 2766
 2730
 2696
 2652
 2606
 2560
 2512
 2464
 2414
 2366
 2320
 2268
 2218
 2168
 2116
 2070
 2022
 1976
 1934
 1894
 1854
 1822
 1796
 1786
 1784
 1788
 1802
 1824
 1850
 1884
 1922
 1958
 1998
 2042
 2086
 2130
 2180
 2230
 2286
 2342
 2396
 2454
 2512
 2568
 2622
 2670
 2716
 2762
 2800
 2834
 2858
 2880
 2896
 2914
 2936
 2954
 2966
 2980
 2990
 2998
 3004
 3000
 2996
 2990
 2980
 2962
 2938
 2906
 2868
 2828
 2780
 2730
 2678
 2624
 2572
 2518
 2458
 2404
 2352
 2300
 2244
 2190
 2132
 2076
 2026
 1974
 1922
 1876
 1826
 1776
 1730
 1686
 1652
 1624
 1606
 1600
 1604
 1616
 1634
 1656
 1682
 1726
 1774
 1822
 1868
 1916
 1962
 2010
 2058
 2102
 2144
 2190
 2238
 2282
 2324
 2364
 2404
 2444
 2482
 2522
 2558
 2596
 2634
 2668
 2694
 2720
 2752
 2784
 2818
 2846
 2870
 2890
 2912
 2924
 2934
 2944
 2950
 2958
 2964
 2966
 2970
 2972
 2970
 2966
 2958
 2944
 2920
 2890
 2858
 2826
 2792
 2752
 2708
 2664
 2616
 2574
 2530
 2490
 2444
 2394
 2344
 2292
 2240
 2188
 2140
 2098
 2056
 2022
 1992
 1968
 1958
 1962
 1974
 1996
 2028
 2060
 2098
 2136
 2178
 2216
 2258
 2302
 2344
 2384
 2426
 2470
 2516
 2564
 2610
 2646
 2680
 2718
 2766
 2804
 2836
 2848
 2848
 2838
 2828
 2816
 2810
 2806
 2804
 2808
 2812
 2816
 2826
 2834
 2836
 2836
 2836
 2842
 2854
 2860
 2866
 2872
 2882
 2894
 2900
 2912
 2924
 2928
 2936
 2942
 2954
 2964
 2972
 2978
 2980
 2982
 2984
 2992
 2998
 3004
 3012
 3014
 3018
 3018
 3020
 3022
 3020
 3012
 2998
 2978
 2948
 2916
 2874
 2826
 2776
 2730
 2684
 2638
 2594
 2550
 2496
 2450
 2398
 2340
 2274
 2208
 2146
 2094
 2046
 2002
 1966
 1934
 1916
 1908
 1908
 1922
 1946
 1976
 2016
 2058
 2102
 2146
 2194
 2242
 2282
 2326
 2380
 2460
 2570
 2696
 2820
 2956
 3072
 3176
 3260
 3314
 3342
 3356
 3356
 3352
 3344
 3328
 3310
 3290
 3270
 3256
 3244
 3234
 3228
 3224
 3214
 3202
 3190
 3188
 3186
 3190
 3190
 3188
 3184
 3174
 3154
 3130
 3092
 3052
 3002
 2946
 2884
 2816
 2746
 2678
 2612
 2544
 2476
 2414
 2350
 2276
 2212
 2154
 2094
 2036
 1978
 1926
 1880
 1838
 1802
 1764
 1732
 1702
 1682
 1668
 1664
 1668
 1674
 1686
 1706
 1732
 1764
 1804
 1850
 1886
 1922
 1962
 2004
 2046
 2086
 2128
 2164
 2204
 2242
 2276
 2310
 2348
 2388
 2428
 2468
 2506
 2546
 2580
 2614
 2648
 2682
 2718
 2754
 2790
 2816
 2836
 2860
 2886
 2910
 2934
 2954
 2974
 2986
 2994
 2996
 2992
 2966
 2926
 2874
 2814
 2746
 2672
 2596
 2514
 2436
 2352
 2274
 2192
 2100
 2014
 1932
 1850
 1770
 1690
 1612
 1536
 1464
 1400
 1342
 1298
 1270
 1258
 1254
 1262
 1284
 1312
 1350
 1400
 1454
 1508
 1562
 1622
 1690
 1758
 1834
 1906
 1970
 2030
 2092
 2150
 2202
 2254
 2308
 2360
 2406
 2446
 2482
 2524
 2570
 2622
 2672
 2716
 2762
 2802
 2842
 2876
 2900
 2922
 2944
 2968
 2994
 3018
 3042
 3064
 3086
 3102
 3116
 3120
 3120
 3122
 3122
 3124
 3124
 3126
 3124
 3118
 3102
 3076
 3038
 2996
 2950
 2902
 2856
 2822
 2802
 2790
 2784
 2786
 2788
 2792
 2798
 2802
 2810
 2820
 2832
 2848
 2864
 2882
 2902
 2922
 2942
 2962
 2972
 2980
 2990
 2998
 3002
 3002
 3004
 3010
 3018
 3026
 3028
 3028
 3018
 3004
 2990
 2974
 2964
 2956
 2952
 2950
 2950
 2950
 2952
 2956
 2956
 2956
 2958
 2956
 2952
 2952
 2954
 2960
 2966
 2972
 2976
 2974
 2974
 2970
 2970
 2968
 2968
 2968
 2968
 2968
 2968
 2966
 2964
 2962
 2952
 2938
 2918
 2898
 2878
 2856
 2828
 2796
 2764
 2730
 2692
 2654
 2616
 2574
 2532
 2486
 2440
 2396
 2356
 2318
 2276
 2238
 2204
 2174
 2142
 2116
 2096
 2084
 2082
 2084
 2094
 2110
 2130
 2154
 2180
 2210
 2240
 2276
 2312
 2346
 2380
 2418
 2460
 2504
 2546
 2590
 2632
 2676
 2716
 2750
 2782
 2808
 2836
 2862
 2884
 2900
 2914
 2918
 2920
 2924
 2926
 2926
 2922
 2914
 2910
 2908
 2900
 2884
 2862
 2834
 2804
 2766
 2726
 2684
 2636
 2586
 2534
 2482
 2430
 2380
 2334
 2288
 2244
 2200
 2158
 2116
 2074
 2026
 1984
 1946
 1908
 1874
 1856
 1844
 1846
 1858
 1876
 1896
 1926
 1956
 1990
 2024
 2062
 2106
 2154
 2204
 2258
 2318
 2388
 2456
 2524
 2584
 2646
 2710
 2772
 2830
 2882
 2924
 2956
 2988
 3012
 3030
 3042
 3050
 3058
 3066
 3070
 3072
 3072
 3072
 3068
 3058
 3036
 3008
 2974
 2938
 2902
 2858
 2814
 2766
 2716
 2666
 2616
 2566
 2516
 2464
 2414
 2368
 2322
 2280
 2242
 2212
 2190
 2168
 2160
 2164
 2178
 2202
 2232
 2270
 2310
 2364
 2420
 2470
 2510
 2544
 2572
 2602
 2632
 2664
 2700
 2738
 2776
 2818
 2856
 2882
 2902
 2920
 2944
 2960
 2974
 2988
 2990
 2994
 2996
 2998
 3002
 3004
 3002
 3000
 2992
 2980
 2956
 2928
 2896
 2860
 2814
 2760
 2708
 2658
 2610
 2556
 2506
 2456
 2408
 2364
 2316
 2274
 2228
 2182
 2138
 2090
 2046
 2002
 1962
 1930
 1894
 1862
 1838
 1822
 1812
 1810
 1818
 1832
 1854
 1880
 1910
 1940
 1970
 2002
 2038
 2072
 2106
 2142
 2174
 2212
 2252
 2290
 2330
 2372
 2414
 2456
 2498
 2538
 2576
 2612
 2650
 2684
 2718
 2750
 2778
 2804
 2832
 2852
 2872
 2890
 2904
 2914
 2920
 2924
 2924
 2924
 2920
 2920
 2916
 2904
 2892
 2870
 2842
 2810
 2772
 2726
 2682
 2636
 2584
 2534
 2482
 2432
 2384
 2338
 2290
 2246
 2202
 2150
 2104
 2060
 2010
 1958
 1914
 1868
 1832
 1800
 1780
 1766
 1760
 1762
 1774
 1790
 1812
 1838
 1870
 1904
 1946
 1990
 2034
 2074
 2118
 2162
 2212
 2258
 2308
 2362
 2412
 2468
 2520
 2568
 2612
 2656
 2696
 2732
 2768
 2802
 2834
 2864
 2894
 2918
 2942
 2954
 2962
 2970
 2978
 2990
 3000
 3006
 3012
 3016
 3020
 3020
 3018
 3012
 2998
 2982
 2954
 2924
 2888
 2848
 2802
 2756
 2706
 2656
 2606
 2548
 2494
 2446
 2400
 2350
 2300
 2252
 2204
 2162
 2120
 2078
 2040
 2000
 1968
 1940
 1920
 1912
 1914
 1924
 1940
 1966
 1992
 2016
 2046
 2074
 2104
 2132
 2162
 2192
 2224
 2256
 2288
 2322
 2358
 2400
 2444
 2490
 2534
 2580
 2626
 2674
 2722
 2764
 2796
 2822
 2848
 2880
 2916
 2944
 2972
 2998
 3030
 3072
 3100
 3124
 3138
 3136
 3132
 3124
 3118
 3110
 3098
 3084
 3068
 3048
 3022
 2988
 2946
 2898
 2850
 2802
 2746
 2684
 2622
 2558
 2496
 2436
 2376
 2324
 2268
 2214
 2162
 2110
 2062
 2014
 1972
 1932
 1896
 1870
 1844
 1820
 1814
 1814
 1824
 1844
 1868
 1902
 1942
 1988
 2028
 2070
 2114
 2156
 2200
 2246
 2292
 2340
 2390
 2444
 2496
 2544
 2582
 2618
 2658
 2698
 2738
 2778
 2810
 2838
 2862
 2882
 2894
 2908
 2916
 2926
 2930
 2932
 2934
 2936
 2934
 2932
 2928
 2918
 2900
 2876
 2850
 2824
 2792
 2756
 2718
 2676
 2630
 2588
 2542
 2494
 2442
 2394
 2346
 2298
 2254
 2210
 2168
 2128
 2092
 2052
 2010
 1974
 1938
 1906
 1878
 1860
 1848
 1846
 1848
 1854
 1866
 1880
 1896
 1916
 1934
 1956
 1980
 2006
 2030
 2058
 2088
 2118
 2148
 2180
 2212
 2240
 2272
 2304
 2338
 2378
 2416
 2454
 2492
 2530
 2566
 2598
 2632
 2662
 2694
 2726
 2752
 2780
 2804
 2824
 2844
 2858
 2868
 2878
 2892
 2906
 2920
 2932
 2942
 2950
 2958
 2962
 2964
 2962
 2956
 2948
 2932
 2902
 2870
 2834
 2796
 2756
 2712
 2666
 2618
 2568
 2518
 2462
 2412
 2366
 2320
 2268
 2218
 2170
 2122
 2076
 2034
 1990
 1950
 1912
 1880
 1852
 1834
 1824
 1824
 1834
 1852
 1876
 1906
 1936
 1970
 2010
 2060
 2110
 2160
 2206
 2252
 2302
 2352
 2396
 2442
 2486
 2534
 2578
 2622
 2660
 2694
 2730
 2758
 2786
 2812
 2832
 2848
 2860
 2872
 2888
 2904
 2918
 2932
 2944
 2954
 2962
 2970
 2974
 2978
 2986
 2988
 2988
 2988
 2982
 2976
 2960
 2938
 2908
 2876
 2834
 2784
 2730
 2676
 2626
 2574
 2520
 2466
 2416
 2370
 2320
 2280
 2234
 2186
 2140
 2092
 2048
 2006
 1966
 1928
 1898
 1870
 1846
 1834
 1830
 1840
 1854
 1880
 1910
 1946
 1982
 2020
 2058
 2098
 2140
 2178
 2222
 2266
 2312
 2358
 2406
 2454
 2498
 2538
 2578
 2620
 2664
 2704
 2742
 2774
 2802
 2826
 2848
 2866
 2882
 2896
 2910
 2918
 2928
 2932
 2938
 2946
 2948
 2950
 2950
 2952
 2946
 2938
 2924
 2900
 2870
 2844
 2814
 2778
 2736
 2692
 2648
 2604
 2558
 2512
 2468
 2416
 2366
 2316
 2266
 2220
 2172
 2126
 2082
 2040
 2002
 1964
 1932
 1902
 1872
 1854
 1846
 1848
 1862
 1882
 1906
 1940
 1974
 2014
 2054
 2100
 2148
 2202
 2254
 2306
 2362
 2418
 2478
 2536
 2588
 2636
 2680
 2720
 2750
 2772
 2794
 2818
 2840
 2860
 2878
 2892
 2904
 2908
 2910
 2912
 2916
 2918
 2918
 2920
 2922
 2920
 2924
 2924
 2924
 2924
 2918
 2912
 2894
 2870
 2846
 2820
 2788
 2752
 2712
 2668
 2624
 2580
 2536
 2496
 2452
 2408
 2364
 2320
 2280
 2242
 2206
 2170
 2134
 2104
 2074
 2036
 2008
 1986
 1964
 1952
 1952
 1962
 1990
 2026
 2062
 2100
 2142
 2186
 2236
 2286
 2334
 2384
 2434
 2492
 2554
 2614
 2668
 2720
 2770
 2826
 2886
 2950
 3006
 3044
 3076
 3106
 3134
 3166
 3192
 3208
 3214
 3210
 3198
 3182
 3166
 3144
 3124
 3108
 3092
 3078
 3062
 3042
 3012
 2978
 2948
 2914
 2874
 2828
 2780
 2728
 2678
 2624
 2572
 2518
 2464
 2410
 2358
 2306
 2254
 2204
 2156
 2110
 2070
 2032
 1988
 1950
 1920
 1890
 1866
 1852
 1848
 1850
 1862
 1878
 1898
 1922
 1950
 1982
 2014
 2046
 2080
 2118
 2162
 2210
 2256
 2296
 2338
 2382
 2430
 2476
 2520
 2560
 2600
 2638
 2672
 2702
 2734
 2764
 2792
 2816
 2836
 2854
 2872
 2886
 2904
 2916
 2924
 2926
 2926
 2926
 2928
 2928
 2916
 2896
 2874
 2844
 2810
 2770
 2732
 2686
 2638
 2588
 2536
 2486
 2432
 2380
 2336
 2288
 2242
 2198
 2156
 2106
 2062
 2020
 1976
 1940
 1910
 1890
 1884
 1884
 1892
 1906
 1926
 1952
 1980
 2010
 2040
 2070
 2096
 2124
 2154
 2188
 2228
 2266
 2306
 2344
 2386
 2428
 2466
 2502
 2534
 2564
 2598
 2626
 2658
 2688
 2718
 2750
 2778
 2806
 2836
 2858
 2880
 2900
 2916
 2928
 2936
 2936
 2928
 2918
 2910
 2896
 2872
 2844
 2808
 2772
 2730
 2682
 2638
 2588
 2536
 2486
 2434
 2382
 2334
 2288
 2242
 2196
 2154
 2110
 2062
 2022
 1982
 1940
 1898
 1864
 1838
 1824
 1818
 1822
 1836
 1850
 1874
 1902
 1932
 1966
 2000
 2038
 2074
 2114
 2156
 2198
 2242
 2286
 2330
 2376
 2420
 2466
 2514
 2560
 2606
 2652
 2686
 2720
 2752
 2780
 2804
 2826
 2844
 2862
 2878
 2892
 2900
 2906
 2912
 2914
 2918
 2914
 2912
 2906
 2904
 2906
 2912
 2918
 2924
 2928
 2932
 2932
 2934
 2932
 2930
 2920
 2902
 2886
 2860
 2830
 2800
 2766
 2726
 2688
 2646
 2606
 2568
 2540
 2518
 2490
 2472
 2450
 2426
 2402
 2376
 2354
 2336
 2312
 2280
 2236
 2192
 2154
 2130
 2114
 2102
 2106
 2118
 2140
 2166
 2200
 2236
 2284
 2330
 2374
 2420
 2470
 2518
 2568
 2616
 2660
 2704
 2746
 2782
 2812
 2840
 2866
 2890
 2910
 2928
 2942
 2952
 2956
 2960
 2962
 2966
 2964
 2958
 2946
 2938
 2924
 2906
 2874
 2848
 2814
 2776
 2732
 2690
 2644
 2596
 2546
 2496
 2446
 2396
 2346
 2302
 2256
 2206
 2160
 2116
 2070
 2020
 1976
 1930
 1888
 1854
 1826
 1808
 1798
 1796
 1802
 1818
 1838
 1864
 1896
 1930
 1972
 2016
 2056
 2096
 2142
 2188
 2234
 2280
 2320
 2360
 2400
 2438
 2474
 2512
 2548
 2584
 2622
 2658
 2694
 2730
 2766
 2800
 2830
 2854
 2876
 2886
 2894
 2902
 2914
 2924
 2932
 2932
 2932
 2934
 2936
 2938
 2940
 2944
 2948
 2950
 2946
 2940
 2928
 2910
 2892
 2864
 2832
 2794
 2752
 2710
 2666
 2624
 2580
 2530
 2484
 2438
 2396
 2350
 2302
 2256
 2214
 2170
 2132
 2090
 2050
 2006
 1966
 1928
 1894
 1868
 1850
 1846
 1854
 1868
 1888
 1914
 1946
 1978
 2010
 2044
 2084
 2126
 2168
 2212
 2258
 2304
 2356
 2408
 2452
 2498
 2540
 2582
 2622
 2656
 2688
 2722
 2752
 2782
 2808
 2830
 2850
 2868
 2886
 2896
 2904
 2910
 2920
 2932
 2942
 2952
 2970
 2982
 3006
 3022
 3036
 3050
 3054
 3056
 3058
 3058
 3058
 3058
 3056
 3058
 3056
 3052
 3044
 3032
 3012
 2978
 2942
 2908
 2874
 2834
 2790
 2746
 2706
 2664
 2624
 2580
 2540
 2498
 2458
 2418
 2376
 2334
 2300
 2268
 2238
 2210
 2182
 2152
 2132
 2106
 2076
 2054
 2040
 2030
 2024
 2030
 2040
 2060
 2084
 2114
 2144
 2180
 2218
 2260
 2304
 2350
 2398
 2444
 2490
 2534
 2576
 2616
 2660
 2698
 2728
 2754
 2780
 2810
 2838
 2866
 2888
 2908
 2918
 2928
 2934
 2940
 2944
 2946
 2950
 2950
 2952
 2950
 2944
 2936
 2920
 2900
 2880
 2848
 2810
 2768
 2728
 2690
 2652
 2610
 2568
 2524
 2478
 2434
 2392
 2350
 2304
 2258
 2210
 2164
 2116
 2072
 2030
 1994
 1960
 1932
 1906
 1882
 1872
 1870
 1876
 1890
 1906
 1930
 1956
 1988
 2018
 2046
 2078
 2108
 2142
 2172
 2202
 2240
 2284
 2324
 2364
 2406
 2446
 2486
 2518
 2550
 2586
 2624
 2662
 2698
 2732
 2762
 2794
 2818
 2836
 2856
 2872
 2888
 2904
 2918
 2930
 2946
 2958
 2974
 2992
 3010
 3026
 3042
 3064
 3078
 3096
 3118
 3146
 3182
 3210
 3232
 3242
 3242
 3228
 3204
 3178
 3144
 3108
 3072
 3032
 2992
 2950
 2904
 2860
 2812
 2762
 2712
 2662
 2614
 2562
 2504
 2458
 2412
 2368
 2322
 2280
 2238
 2198
 2164
 2136
 2110
 2096
 2086
 2084
 2088
 2098
 2114
 2136
 2162
 2182
 2200
 2218
 2234
 2252
 2270
 2298
 2334
 2378
 2424
 2472
 2520
 2564
 2606
 2646
 2680
 2714
 2742
 2772
 2796
 2818
 2838
 2856
 2874
 2890
 2904
 2916
 2926
 2926
 2924
 2916
 2902
 2884
 2864
 2836
 2804
 2766
 2722
 2678
 2634
 2584
 2538
 2488
 2436
 2384
 2332
 2284
 2236
 2194
 2156
 2124
 2094
 2072
 2056
 2030
 1998
 1982
 1958
 1936
 1914
 1902
 1906
 1924
 1948
 1976
 1998
 2022
 2044
 2062
 2086
 2118
 2156
 2202
 2248
 2294
 2344
 2392
 2446
 2494
 2540
 2584
 2626
 2674
 2720
 2762
 2802
 2832
 2864
 2884
 2898
 2908
 2920
 2930
 2938
 2944
 2946
 2938
 2924
 2902
 2872
 2834
 2788
 2740
 2686
 2626
 2574
 2520
 2468
 2414
 2362
 2308
 2258
 2208
 2158
 2112
 2066
 2018
 1972
 1928
 1884
 1844
 1812
 1786
 1774
 1770
 1772
 1782
 1800
 1826
 1858
 1894
 1934
 1972
 2018
 2064
 2112
 2162
 2216
 2278
 2340
 2400
 2458
 2516
 2570
 2624
 2672
 2722
 2762
 2794
 2818
 2842
 2870
 2892
 2912
 2926
 2938
 2950
 2960
 2964
 2968
 2968
 2970
 2962
 2942
 2918
 2888
 2858
 2824
 2784
 2742
 2686
 2630
 2578
 2532
 2484
 2432
 2380
 2326
 2272
 2222
 2170
 2122
 2070
 2020
 1968
 1914
 1864
 1816
 1776
 1744
 1708
 1684
 1670
 1664
 1668
 1676
 1694
 1718
 1748
 1782
 1818
 1854
 1896
 1944
 1992
 2040
 2090
 2146
 2204
 2262
 2322
 2374
 2420
 2466
 2516
 2570
 2616
 2660
 2700
 2734
 2768
 2794
 2818
 2842
 2864
 2884
 2900
 2914
 2924
 2934
 2942
 2946
 2954
 2956
 2952
 2946
 2936
 2928
 2918
 2910
 2902
 2898
 2896
 2892
 2890
 2892
 2890
 2892
 2888
 2884
 2882
 2882
 2886
 2886
 2884
 2880
 2880
 2886
 2890
 2896
 2900
 2904
 2910
 2906
 2904
 2904
 2900
 2894
 2878
 2854
 2824
 2784
 2744
 2702
 2648
 2598
 2550
 2502
 2452
 2402
 2354
 2308
 2262
 2216
 2176
 2136
 2094
 2066
 2040
 2026
 2028
 2042
 2062
 2096
 2132
 2172
 2214
 2254
 2294
 2338
 2392
 2446
 2502
 2556
 2608
 2662
 2708
 2750
 2792
 2826
 2858
 2886
 2906
 2924
 2940
 2952
 2960
 2964
 2956
 2942
 2924
 2898
 2864
 2826
 2790
 2752
 2708
 2658
 2606
 2552
 2498
 2444
 2392
 2336
 2282
 2224
 2164
 2108
 2052
 2000
 1952
 1908
 1872
 1836
 1804
 1786
 1774
 1768
 1770
 1774
 1784
 1802
 1824
 1848
 1872
 1900
 1928
 1958
 1996
 2032
 2070
 2106
 2146
 2184
 2216
 2246
 2280
 2316
 2350
 2384
 2420
 2452
 2486
 2522
 2558
 2592
 2628
 2664
 2698
 2732
 2760
 2786
 2814
 2840
 2862
 2876
 2884
 2896
 2912
 2924
 2940
 2946
 2956
 2956
 2960
 2962
 2966
 2968
 2970
 2968
 2968
 2962
 2954
 2944
 2926
 2906
 2876
 2838
 2800
 2762
 2724
 2680
 2636
 2588
 2540
 2492
 2442
 2394
 2342
 2290
 2236
 2182
 2130
 2074
 2022
 1980
 1930
 1878
 1836
 1794
 1752
 1714
 1688
 1674
 1668
 1672
 1682
 1698
 1720
 1744
 1776
 1808
 1844
 1884
 1926
 1970
 2010
 2048
 2098
 2152
 2200
 2246
 2282
 2312
 2340
 2364
 2384
 2406
 2424
 2444
 2468
 2488
 2506
 2528
 2558
 2580
 2612
 2638
 2658
 2684
 2714
 2746
 2776
 2806
 2836
 2860
 2882
 2902
 2922
 2942
 2958
 2976
 2992
 3008
 3028
 3050
 3076
 3102
 3120
 3124
 3120
 3104
 3072
 3024
 2974
 2922
 2864
 2804
 2746
 2692
 2642
 2596
 2552
 2508
 2458
 2408
 2360
 2308
 2260
 2216
 2174
 2140
 2104
 2080
 2062
 2054
 2054
 2066
 2084
 2104
 2132
 2162
 2192
 2228
 2262
 2296
 2336
 2376
 2418
 2460
 2506
 2552
 2604
 2660
 2718
 2788
 2850
 2896
 2936
 2964
 2988
 3006
 3018
 3028
 3038
 3048
 3056
 3066
 3066
 3066
 3066
 3068
 3068
 3066
 3062
 3054
 3036
 3016
 2984
 2940
 2896
 2848
 2804
 2750
 2694
 2636
 2580
 2526
 2472
 2420
 2366
 2308
 2254
 2198
 2144
 2094
 2042
 1996
 1952
 1898
 1854
 1814
 1776
 1746
 1728
 1718
 1724
 1738
 1756
 1778
 1806
 1834
 1868
 1910
 1948
 1986
 2026
 2068
 2108
 2142
 2180
 2224
 2274
 2318
 2364
 2408
 2452
 2494
 2538
 2578
 2620
 2662
 2702
 2742
 2776
 2806
 2838
 2864
 2888
 2908
 2922
 2930
 2938
 2950
 2962
 2972
 2980
 2988
 2992
 2994
 2998
 3000
 3004
 3000
 2992
 2978
 2958
 2930
 2898
 2858
 2816
 2768
 2710
 2658
 2610
 2562
 2508
 2458
 2408
 2356
 2306
 2258
 2208
 2158
 2106
 2060
 2010
 1964
 1924
 1890
 1862
 1848
 1840
 1840
 1852
 1868
 1890
 1918
 1954
 1988
 2028
 2060
 2092
 2128
 2166
 2210
 2254
 2302
 2360
 2418
 2476
 2530
 2578
 2616
 2652
 2688
 2728
 2766
 2800
 2830
 2860
 2884
 2906
 2916
 2926
 2936
 2946
 2950
 2954
 2958
 2958
 2956
 2950
 2936
 2916
 2888
 2862
 2834
 2806
 2770
 2738
 2698
 2658
 2622
 2580
 2538
 2496
 2452
 2410
 2366
 2322
 2280
 2238
 2198
 2164
 2124
 2084
 2050
 2014
 1976
 1940
 1908
 1874
 1846
 1828
 1814
 1810
 1812
 1820
 1836
 1858
 1882
 1912
 1946
 1982
 2020
 2058
 2092
 2134
 2180
 2230
 2276
 2322
 2366
 2404
 2444
 2480
 2520
 2558
 2594
 2632
 2666
 2700
 2732
 2762
 2786
 2808
 2828
 2848
 2866
 2886
 2912
 2946
 2988
 3050
 3114
 3178
 3238
 3294
 3350
 3400
 3436
 3448
 3432
 3402
 3364
 3312
 3264
 3206
 3150
 3088
 3028
 2968
 2906
 2842
 2780
 2716
 2644
 2578
 2520
 2462
 2404
 2344
 2284
 2226
 2172
 2122
 2074
 2026
 1974
 1924
 1874
 1826
 1782
 1740
 1708
 1678
 1656
 1648
 1648
 1654
 1674
 1698
 1728
 1762
 1798
 1838
 1880
 1930
 1980
 2026
 2076
 2130
 2184
 2234
 2286
 2342
 2396
 2460
 2518
 2562
 2604
 2648
 2694
 2734
 2770
 2798
 2822
 2848
 2868
 2884
 2898
 2908
 2912
 2914
 2912
 2910
 2904
 2892
 2874
 2844
 2806
 2768
 2730
 2684
 2634
 2582
 2526
 2472
 2418
 2364
 2310
 2252
 2198
 2142
 2088
 2034
 1984
 1942
 1898
 1850
 1810
 1772
 1738
 1710
 1690
 1680
 1680
 1686
 1702
 1718
 1740
 1760
 1792
 1820
 1852
 1886
 1918
 1954
 1994
 2026
 2060
 2098
 2140
 2186
 2228
 2270
 2310
 2358
 2406
 2452
 2496
 2538
 2576
 2616
 2650
 2682
 2714
 2744
 2776
 2802
 2824
 2844
 2860
 2866
 2876
 2886
 2898
 2902
 2906
 2908
 2910
 2914
 2910
 2904
 2888
 2866
 2842
 2808
 2770
 2730
 2688
 2642
 2596
 2544
 2494
 2444
 2386
 2332
 2284
 2230
 2172
 2118
 2062
 2008
 1960
 1912
 1864
 1820
 1780
 1746
 1722
 1712
 1714
 1734
 1762
 1800
 1840
 1886
 1928
 1966
 2012
 2058
 2110
 2158
 2206
 2254
 2302
 2354
 2404
 2452
 2496
 2538
 2584
 2626
 2664
 2700
 2736
 2768
 2800
 2828
 2856
 2882
 2906
 2936
 2960
 2976
 2994
 3014
 3026
 3036
 3046
 3054
 3060
 3060
 3058
 3050
 3036
 3008
 2976
 2940
 2898
 2852
 2806
 2754
 2698
 2638
 2570
 2500
 2444
 2386
 2328
 2266
 2208
 2148
 2094
 2046
 2002
 1962
 1920
 1880
 1844
 1812
 1788
 1778
 1776
 1782
 1792
 1804
 1826
 1850
 1876
 1902
 1940
 1974
 2012
 2050
 2084
 2116
 2150
 2182
 2216
 2250
 2288
 2326
 2368
 2412
 2456
 2492
 2530
 2572
 2616
 2658
 2698
 2734
 2766
 2800
 2824
 2848
 2870
 2890
 2908
 2922
 2930
 2934
 2936
 2936
 2926
 2906
 2878
 2850
 2820
 2784
 2742
 2696
 2648
 2598
 2546
 2498
 2444
 2388
 2334
 2282
 2230
 2184
 2146
 2114
 2090
 2070
 2044
 2026
 2006
 1988
 1972
 1962
 1958
 1960
 1970
 1984
 2002
 2022
 2046
 2072
 2098
 2120
 2138
 2162
 2186
 2214
 2246
 2282
 2314
 2348
 2390
 2438
 2484
 2532
 2574
 2616
 2656
 2692
 2726
 2760
 2788
 2818
 2846
 2872
 2894
 2912
 2926
 2938
 2952
 2964
 2972
 2976
 2974
 2966
 2950
 2926
 2894
 2852
 2802
 2750
 2694
 2640
 2582
 2530
 2470
 2416
 2362
 2306
 2252
 2202
 2158
 2118
 2082
 2048
 2016
 1988
 1964
 1944
 1936
 1934
 1938
 1948
 1964
 1982
 2004
 2036
 2064
 2100
 2136
 2174
 2218
 2262
 2308
 2358
 2412
 2470
 2526
 2582
 2632
 2682
 2732
 2768
 2800
 2830
 2864
 2890
 2912
 2930
 2944
 2958
 2964
 2970
 2976
 2978
 2976
 2966
 2948
 2926
 2902
 2870
 2836
 2796
 2758
 2710
 2660
 2616
 2572
 2526
 2478
 2430
 2382
 2336
 2290
 2246
 2202
 2156
 2112
 2070
 2024
 1978
 1938
 1902
 1874
 1856
 1838
 1830
 1832
 1836
 1846
 1856
 1874
 1892
 1916
 1940
 1964
 1994
 2022
 2052
 2086
 2120
 2160
 2200
 2242
 2284
 2320
 2354
 2396
 2438
 2480
 2522
 2562
 2600
 2636
 2670
 2696
 2728
 2754
 2780
 2808
 2830
 2852
 2874
 2896
 2916
 2928
 2930
 2932
 2942
 2952
 2958
 2964
 2964
 2960
 2952
 2936
 2914
 2888
 2854
 2820
 2782
 2738
 2694
 2646
 2606
 2558
 2508
 2460
 2416
 2374
 2326
 2282
 2238
 2192
 2152
 2114
 2074
 2034
 1994
 1954
 1912
 1878
 1846
 1830
 1822
 1824
 1832
 1852
 1878
 1904
 1938
 1972
 2012
 2054
 2096
 2138
 2180
 2224
 2266
 2302
 2340
 2386
 2434
 2478
 2522
 2562
 2606
 2646
 2686
 2724
 2762
 2798
 2832
 2860
 2880
 2898
 2920
 2942
 2956
 2972
 2982
 2990
 2998
 3004
 3008
 3010
 3002
 2988
 2968
 2942
 2914
 2882
 2848
 2810
 2768
 2728
 2686
 2636
 2586
 2544
 2502
 2460
 2416
 2370
 2326
 2284
 2242
 2200
 2158
 2112
 2066
 2020
 1972
 1928
 1888
 1854
 1826
 1808
 1794
 1788
 1790
 1796
 1808
 1822
 1842
 1866
 1894
 1928
 1964
 2000
 2042
 2080
 2124
 2170
 2216
 2262
 2318
 2372
 2430
 2476
 2526
 2578
 2630
 2686
 2734
 2780
 2822
 2858
 2892
 2920
 2946
 2970
 2992
 3012
 3028
 3040
 3046
 3048
 3044
 3038
 3020
 2988
 2948
 2908
 2874
 2830
 2782
 2732
 2680
 2628
 2576
 2522
 2470
 2414
 2362
 2314
 2264
 2216
 2172
 2134
 2094
 2050
 2012
 1978
 1946
 1920
 1906
 1904
 1914
 1934
 1956
 1986
 2018
 2056
 2098
 2140
 2182
 2226
 2272
 2320
 2364
 2410
 2462
 2514
 2566
 2616
 2662
 2704
 2744
 2784
 2814
 2840
 2852
 2848
 2840
 2830
 2824
 2822
 2824
 2826
 2824
 2830
 2840
 2852
 2862
 2870
 2876
 2880
 2888
 2892
 2896
 2896
 2898
 2906
 2910
 2918
 2922
 2930
 2938
 2940
 2942
 2946
 2960
 2968
 2978
 2986
 2988
 2996
 2998
 3002
 3010
 3012
 3012
 3008
 3000
 2986
 2968
 2942
 2906
 2866
 2828
 2784
 2736
 2688
 2638
 2592
 2550
 2506
 2466
 2422
 2378
 2336
 2290
 2244
 2200
 2158
 2114
 2078
 2042
 1994
 1952
 1914
 1880
 1852
 1836
 1830
 1832
 1846
 1860
 1882
 1908
 1936
 1972
 2008
 2046
 2086
 2136
 2184
 2236
 2284
 2328
 2376
 2424
 2476
 2524
 2576
 2626
 2676
 2724
 2762
 2798
 2834
 2864
 2896
 2922
 2942
 2958
 2972
 2984
 2996
 3002
 3004
 3004
 2998
 2982
 2962
 2936
 2896
 2850
 2798
 2744
 2690
 2634
 2576
 2514
 2450
 2386
 2320
 2254
 2190
 2130
 2074
 2018
 1966
 1922
 1868
 1822
 1782
 1738
 1704
 1678
 1672
 1676
 1696
 1722
 1752
 1788
 1826
 1864
 1908
 1950
 1996
 2044
 2094
 2148
 2204
 2260
 2312
 2364
 2420
 2478
 2532
 2584
 2632
 2680
 2726
 2762
 2802
 2836
 2872
 2904
 2924
 2940
 2956
 2972
 2986
 2998
 3008
 3016
 3024
 3028
 3026
 3028
 3034
 3044
 3050
 3058
 3066
 3076
 3092
 3096
 3088
 3072
 3046
 3010
 2966
 2914
 2856
 2796
 2734
 2674
 2608
 2544
 2482
 2408
 2342
 2282
 2220
 2156
 2098
 2038
 1984
 1934
 1886
 1842
 1798
 1766
 1742
 1730
 1730
 1742
 1760
 1788
 1824
 1858
 1894
 1938
 1986
 2036
 2084
 2130
 2178
 2230
 2280
 2324
 2370
 2418
 2468
 2518
 2564
 2610
 2652
 2698
 2740
 2770
 2798
 2824
 2858
 2886
 2910
 2932
 2948
 2958
 2970
 2980
 2988
 2992
 2998
 3000
 3002
 3004
 3002
 3000
 2994
 2980
 2960
 2936
 2908
 2880
 2842
 2798
 2752
 2704
 2656
 2604
 2556
 2498
 2446
 2394
 2340
 2288
 2240
 2190
 2148
 2108
 2058
 2018
 1982
 1942
 1912
 1892
 1880
 1878
 1886
 1902
 1920
 1942
 1970
 2004
 2040
 2076
 2116
 2162
 2206
 2252
 2300
 2346
 2390
 2436
 2484
 2538
 2586
 2634
 2676
 2718
 2754
 2788
 2816
 2842
 2862
 2880
 2888
 2896
 2902
 2908
 2914
 2920
 2922
 2926
 2928
 2932
 2930
 2926
 2924
 2926
 2928
 2922
 2918
 2906
 2898
 2892
 2876
 2854
 2824
 2786
 2746
 2700
 2656
 2606
 2558
 2510
 2464
 2420
 2380
 2342
 2306
 2264
 2224
 2192
 2156
 2118
 2086
 2064
 2048
 2044
 2050
 2060
 2076
 2098
 2122
 2152
 2186
 2222
 2262
 2306
 2354
 2402
 2454
 2496
 2538
 2582
 2630
 2678
 2722
 2766
 2808
 2852
 2892
 2926
 2958
 2984
 3006
 3036
 3070
 3102
 3128
 3140
 3146
 3142
 3136
 3124
 3114
 3096
 3082
 3074
 3070
 3064
 3050
 3030
 3006
 2974
 2936
 2888
 2840
 2784
 2726
 2668
 2610
 2550
 2494
 2438
 2386
 2336
 2284
 2228
 2174
 2126
 2074
 2018
 1966
 1914
 1866
 1824
 1784
 1746
 1714
 1688
 1672
 1664
 1664
 1674
 1690
 1714
 1742
 1770
 1800
 1834
 1868
 1902
 1940
 1980
 2022
 2068
 2110
 2150
 2194
 2236
 2278
 2322
 2362
 2406
 2450
 2494
 2540
 2582
 2614
 2648
 2688
 2728
 2766
 2798
 2828
 2858
 2884
 2906
 2924
 2940
 2948
 2960
 2968
 2974
 2976
 2978
 2978
 2976
 2966
 2942
 2912
 2882
 2852
 2822
 2784
 2744
 2702
 2658
 2612
 2566
 2518
 2468
 2418
 2370
 2320
 2272
 2224
 2176
 2130
 2086
 2042
 2004
 1968
 1924
 1892
 1866
 1844
 1828
 1824
 1826
 1832
 1850
 1866
 1884
 1904
 1926
 1952
 1978
 2004
 2036
 2068
 2098
 2126
 2158
 2186
 2208
 2232
 2258
 2288
 2318
 2350
 2378
 2408
 2436
 2466
 2496
 2532
 2566
 2604
 2640
 2676
 2708
 2742
 2774
 2806
 2836
 2860
 2876
 2888
 2898
 2912
 2918
 2924
 2922
 2902
 2878
 2848
 2812
 2772
 2720
 2666
 2604
 2542
 2480
 2420
 2360
 2300
 2240
 2184
 2126
 2068
 2018
 1964
 1908
 1854
 1802
 1752
 1706
 1658
 1606
 1556
 1516
 1488
 1474
 1472
 1484
 1506
 1532
 1568
 1614
 1658
 1700
 1744
 1792
 1842
 1892
 1940
 1986
 2036
 2088
 2136
 2182
 2230
 2274
 2326
 2374
 2420
 2466
 2512
 2558
 2600
 2638
 2674
 2704
 2728
 2748
 2770
 2796
 2820
 2842
 2860
 2876
 2888
 2898
 2904
 2912
 2920
 2924
 2930
 2928
 2930
 2926
 2918
 2904
 2880
 2848
 2810
 2766
 2714
 2664
 2610
 2550
 2498
 2448
 2400
 2348
 2300
 2252
 2210
 2168
 2126
 2080
 2038
 1994
 1954
 1916
 1878
 1846
 1818
 1796
 1784
 1780
 1788
 1804
 1830
 1858
 1894
 1936
 1980
 2038
 2096
 2154
 2212
 2272
 2328
 2380
 2426
 2472
 2520
 2570
 2614
 2656
 2694
 2734
 2772
 2808
 2838
 2864
 2890
 2908
 2920
 2926
 2934
 2946
 2956
 2964
 2970
 2974
 2980
 2980
 2980
 2978
 2972
 2960
 2942
 2916
 2888
 2856
 2820
 2778
 2730
 2684
 2636
 2584
 2536
 2494
 2452
 2406
 2360
 2316
 2270
 2228
 2190
 2148
 2110
 2070
 2032
 2000
 1972
 1956
 1948
 1950
 1956
 1966
 1978
 1998
 2020
 2040
 2062
 2086
 2106
 2130
 2156
 2178
 2210
 2238
 2266
 2292
 2320
 2350
 2380
 2412
 2444
 2478
 2514
 2544
 2576
 2614
 2654
 2690
 2726
 2758
 2788
 2816
 2844
 2868
 2890
 2910
 2928
 2940
 2946
 2950
 2958
 2964
 2968
 2970
 2974
 2976
 2974
 2970
 2962
 2950
 2934
 2918
 2902
 2880
 2856
 2828
 2798
 2772
 2742
 2710
 2676
 2638
 2602
 2562
 2522
 2482
 2444
 2406
 2368
 2332
 2296
 2260
 2228
 2190
 2148
 2118
 2086
 2056
 2022
 1998
 1978
 1966
 1964
 1964
 1972
 1986
 2002
 2022
 2044
 2066
 2096
 2126
 2162
 2198
 2238
 2278
 2316
 2352
