133
158
235
254
553
555
625
637
688
784
786
873
957
1052
1185
1187
1292
1400
1615
1626
1703
1814
1832
1923
2078
2080
2165
2180
2272
2501
2638
2640
2756
2757
2846
2963
2967
3043
3199
3205
3286
3299
3360
3385
3460
3582
3589
3715
3727
3834
3840
3940
3951
4038
4356
4462
4473
4563
4672
4748
4891
4893
5004
5126
5151
5220
5304
5313
5408
5414
5502
5518
5656
5673
6183
6306
6320
6446
6457
6551
6686
6703
6801
6916
7026
7043
7129
7139
7232
7241
7332
7346
7418
7515
7532
7607
7619
7700
7832
7947
7972
8084
8086
8193
8201
8368
8471
8476
8578
8583
8671
8686
8871
8889
