 2684
 2690
 2698
 2706
 2710
 2718
 2724
 2728
 2734
 2738
 2736
 2736
 2742
 2752
 2762
 2772
 2780
 2796
 2808
 2816
 2820
 2824
 2826
 2826
 2830
 2830
 2830
 2830
 2828
 2828
 2830
 2828
 2824
 2820
 2820
 2826
 2830
 2836
 2842
 2848
 2854
 2858
 2856
 2854
 2848
 2840
 2832
 2820
 2808
 2794
 2780
 2766
 2754
 2742
 2726
 2710
 2702
 2698
 2690
 2686
 2682
 2678
 2678
 2676
 2672
 2664
 2656
 2648
 2640
 2630
 2618
 2604
 2590
 2576
 2564
 2546
 2528
 2516
 2506
 2496
 2484
 2470
 2456
 2442
 2428
 2416
 2406
 2394
 2384
 2372
 2364
 2356
 2352
 2350
 2352
 2354
 2358
 2364
 2374
 2390
 2404
 2422
 2440
 2458
 2476
 2492
 2506
 2530
 2550
 2570
 2588
 2602
 2618
 2630
 2646
 2656
 2672
 2684
 2692
 2700
 2712
 2726
 2744
 2762
 2776
 2790
 2804
 2814
 2820
 2830
 2842
 2852
 2858
 2864
 2868
 2872
 2874
 2878
 2880
 2882
 2882
 2880
 2876
 2874
 2876
 2882
 2886
 2884
 2880
 2878
 2876
 2870
 2866
 2864
 2860
 2860
 2862
 2862
 2864
 2866
 2866
 2868
 2868
 2866
 2866
 2864
 2860
 2856
 2854
 2858
 2866
 2872
 2880
 2888
 2892
 2896
 2896
 2892
 2884
 2878
 2876
 2874
 2870
 2868
 2866
 2866
 2864
 2862
 2860
 2862
 2860
 2854
 2850
 2854
 2862
 2870
 2880
 2884
 2888
 2892
 2884
 2880
 2866
 2852
 2840
 2828
 2818
 2810
 2800
 2792
 2786
 2778
 2770
 2762
 2752
 2740
 2730
 2724
 2720
 2716
 2712
 2704
 2700
 2694
 2684
 2674
 2662
 2652
 2640
 2632
 2628
 2620
 2612
 2604
 2592
 2584
 2572
 2560
 2548
 2542
 2538
 2532
 2528
 2526
 2528
 2528
 2530
 2532
 2536
 2542
 2546
 2552
 2564
 2576
 2588
 2598
 2610
 2622
 2630
 2638
 2650
 2666
 2682
 2698
 2712
 2726
 2738
 2750
 2758
 2764
 2772
 2778
 2784
 2792
 2800
 2814
 2824
 2830
 2838
 2844
 2846
 2848
 2850
 2858
 2866
 2878
 2886
 2890
 2894
 2896
 2896
 2892
 2880
 2866
 2854
 2840
 2824
 2808
 2792
 2776
 2760
 2742
 2722
 2708
 2702
 2696
 2690
 2680
 2670
 2652
 2634
 2612
 2590
 2568
 2546
 2524
 2504
 2478
 2452
 2430
 2414
 2396
 2374
 2352
 2334
 2318
 2306
 2294
 2284
 2276
 2270
 2268
 2272
 2286
 2314
 2346
 2384
 2420
 2450
 2472
 2484
 2486
 2492
 2494
 2494
 2498
 2506
 2518
 2532
 2556
 2592
 2632
 2676
 2712
 2738
 2760
 2774
 2778
 2782
 2788
 2798
 2806
 2814
 2824
 2836
 2852
 2870
 2886
 2906
 2928
 2946
 2962
 2980
 2994
 3006
 3010
 3014
 3018
 3018
 3010
 2996
 2978
 2954
 2932
 2904
 2860
 2816
 2774
 2736
 2704
 2676
 2650
 2626
 2604
 2582
 2560
 2538
 2512
 2488
 2462
 2434
 2404
 2376
 2346
 2314
 2282
 2254
 2226
 2198
 2170
 2150
 2130
 2110
 2088
 2078
 2080
 2092
 2102
 2110
 2120
 2126
 2130
 2138
 2148
 2162
 2178
 2198
 2222
 2252
 2282
 2308
 2336
 2366
 2400
 2432
 2466
 2496
 2524
 2550
 2568
 2584
 2600
 2610
 2618
 2630
 2642
 2666
 2690
 2706
 2720
 2730
 2738
 2750
 2772
 2802
 2834
 2856
 2864
 2866
 2868
 2866
 2862
 2862
 2860
 2856
 2852
 2846
 2840
 2830
 2820
 2806
 2794
 2776
 2754
 2728
 2704
 2684
 2662
 2640
 2616
 2578
 2548
 2524
 2502
 2482
 2466
 2452
 2438
 2420
 2396
 2370
 2344
 2314
 2286
 2258
 2230
 2200
 2178
 2162
 2146
 2134
 2128
 2124
 2120
 2120
 2126
 2134
 2146
 2160
 2174
 2190
 2204
 2222
 2246
 2268
 2288
 2316
 2338
 2352
 2364
 2380
 2398
 2418
 2434
 2454
 2470
 2488
 2506
 2522
 2540
 2558
 2572
 2592
 2610
 2630
 2648
 2664
 2684
 2702
 2724
 2740
 2750
 2758
 2768
 2782
 2792
 2804
 2816
 2826
 2834
 2840
 2838
 2838
 2834
 2834
 2838
 2836
 2832
 2828
 2822
 2810
 2798
 2782
 2766
 2736
 2708
 2682
 2652
 2616
 2580
 2542
 2502
 2462
 2422
 2378
 2334
 2288
 2246
 2206
 2160
 2110
 2062
 2010
 1960
 1912
 1862
 1808
 1756
 1702
 1636
 1572
 1506
 1438
 1370
 1298
 1226
 1156
 1092
 1030
 976
 932
 888
 846
 808
 774
 748
 726
 712
 710
 710
 720
 734
 752
 770
 788
 808
 824
 846
 866
 886
 910
 930
 956
 984
 1014
 1038
 1062
 1092
 1118
 1150
 1182
 1216
 1246
 1280
 1310
 1336
 1358
 1382
 1408
 1432
 1458
 1484
 1510
 1532
 1560
 1588
 1616
 1636
 1656
 1674
 1694
 1716
 1734
 1752
 1772
 1790
 1810
 1826
 1844
 1860
 1880
 1900
 1920
 1940
 1962
 1980
 2000
 2028
 2054
 2076
 2096
 2116
 2144
 2170
 2196
 2218
 2236
 2256
 2272
 2286
 2300
 2316
 2330
 2342
 2352
 2358
 2362
 2366
 2366
 2368
 2374
 2370
 2366
 2366
 2364
 2354
 2344
 2330
 2314
 2298
 2276
 2252
 2230
 2204
 2178
 2154
 2130
 2104
 2080
 2054
 2032
 2010
 1992
 1976
 1964
 1952
 1944
 1938
 1934
 1936
 1938
 1940
 1946
 1956
 1964
 1974
 1984
 1994
 2006
 2018
 2028
 2040
 2054
 2064
 2080
 2104
 2128
 2148
 2170
 2190
 2206
 2224
 2238
 2252
 2264
 2278
 2292
 2306
 2318
 2332
 2346
 2358
 2370
 2386
 2400
 2412
 2422
 2442
 2466
 2488
 2506
 2522
 2538
 2550
 2562
 2574
 2586
 2598
 2608
 2618
 2626
 2638
 2646
 2654
 2662
 2668
 2674
 2678
 2676
 2680
 2690
 2698
 2704
 2708
 2710
 2708
 2706
 2698
 2692
 2684
 2672
 2660
 2648
 2634
 2620
 2606
 2588
 2572
 2556
 2538
 2516
 2498
 2488
 2478
 2464
 2448
 2432
 2416
 2400
 2384
 2370
 2356
 2348
 2338
 2334
 2330
 2330
 2330
 2334
 2340
 2346
 2354
 2358
 2368
 2386
 2408
 2426
 2448
 2470
 2490
 2510
 2528
 2542
 2558
 2576
 2594
 2610
 2624
 2638
 2650
 2664
 2678
 2692
 2702
 2708
 2716
 2730
 2752
 2770
 2790
 2802
 2814
 2828
 2834
 2842
 2848
 2854
 2860
 2864
 2868
 2874
 2878
 2880
 2882
 2884
 2882
 2878
 2866
 2858
 2856
 2852
 2848
 2844
 2838
 2828
 2816
 2800
 2782
 2762
 2742
 2718
 2694
 2670
 2646
 2622
 2596
 2568
 2544
 2520
 2490
 2456
 2430
 2402
 2372
 2342
 2308
 2276
 2242
 2204
 2166
 2128
 2090
 2042
 1990
 1936
 1878
 1814
 1754
 1702
 1658
 1622
 1596
 1582
 1572
 1570
 1578
 1586
 1598
 1610
 1624
 1636
 1648
 1662
 1676
 1692
 1706
 1722
 1738
 1754
 1772
 1790
 1804
 1822
 1844
 1864
 1886
 1908
 1934
 1958
 1984
 2006
 2024
 2042
 2062
 2082
 2102
 2120
 2140
 2162
 2182
 2202
 2222
 2242
 2258
 2278
 2298
 2322
 2344
 2364
 2384
 2410
 2430
 2448
 2462
 2478
 2492
 2504
 2518
 2532
 2544
 2556
 2568
 2578
 2590
 2598
 2604
 2610
 2620
 2634
 2646
 2660
 2672
 2688
 2704
 2716
 2728
 2736
 2746
 2754
 2762
 2770
 2778
 2786
 2792
 2798
 2804
 2812
 2814
 2818
 2826
 2836
 2844
 2856
 2864
 2870
 2876
 2880
 2882
 2884
 2884
 2884
 2884
 2882
 2884
 2884
 2882
 2882
 2882
 2882
 2878
 2878
 2882
 2886
 2888
 2892
 2896
 2900
 2898
 2892
 2890
 2888
 2888
 2890
 2890
 2888
 2882
 2880
 2878
 2878
 2878
 2878
 2874
 2876
 2880
 2888
 2894
 2902
 2902
 2902
 2902
 2902
 2902
 2904
 2904
 2906
 2908
 2910
 2906
 2906
 2904
 2908
 2910
 2910
 2908
 2914
 2920
 2928
 2930
 2934
 2938
 2942
 2944
 2946
 2950
 2948
 2944
 2942
 2940
 2938
 2938
 2938
 2938
 2940
 2940
 2932
 2926
 2926
 2930
 2932
 2938
 2942
 2946
 2950
 2950
 2948
 2942
 2936
 2934
 2930
 2928
 2924
 2924
 2916
 2910
 2906
 2902
 2896
 2892
 2894
 2900
 2904
 2908
 2908
 2904
 2904
 2900
 2898
 2896
 2892
 2890
 2888
 2888
 2878
 2870
 2866
 2862
 2858
 2858
 2854
 2846
 2842
 2842
 2848
 2850
 2856
 2860
 2864
 2868
 2866
 2866
 2866
 2864
 2864
 2862
 2858
 2856
 2854
 2852
 2850
 2848
 2848
 2846
 2840
 2836
 2834
 2840
 2844
 2850
 2856
 2860
 2864
 2866
 2866
 2864
 2864
 2862
 2860
 2860
 2858
 2856
 2854
 2854
 2852
 2852
 2852
 2848
 2844
 2842
 2848
 2852
 2856
 2858
 2862
 2868
 2864
 2866
 2864
 2862
 2862
 2862
 2860
 2860
 2858
 2854
 2854
 2850
 2844
 2838
 2826
 2806
 2790
 2776
 2762
 2746
 2726
 2704
 2682
 2660
 2634
 2610
 2586
 2560
 2540
 2522
 2502
 2482
 2462
 2442
 2426
 2408
 2386
 2368
 2354
 2338
 2320
 2302
 2284
 2264
 2244
 2224
 2202
 2182
 2166
 2148
 2138
 2132
 2126
 2122
 2122
 2126
 2126
 2128
 2136
 2146
 2154
 2164
 2174
 2184
 2194
 2204
 2212
 2224
 2236
 2248
 2262
 2274
 2290
 2310
 2330
 2352
 2374
 2392
 2406
 2426
 2448
 2474
 2496
 2518
 2538
 2560
 2580
 2596
 2612
 2630
 2648
 2664
 2682
 2700
 2716
 2736
 2758
 2778
 2794
 2812
 2826
 2834
 2840
 2852
 2868
 2884
 2898
 2910
 2922
 2934
 2938
 2944
 2950
 2946
 2942
 2942
 2942
 2940
 2942
 2940
 2940
 2942
 2940
 2934
 2928
 2922
 2918
 2916
 2912
 2908
 2900
 2890
 2890
 2894
 2896
 2902
 2906
 2908
 2910
 2908
 2904
 2894
 2888
 2882
 2878
 2874
 2870
 2868
 2864
 2860
 2860
 2858
 2854
 2852
 2852
 2848
 2842
 2838
 2842
 2846
 2852
 2858
 2864
 2868
 2872
 2872
 2872
 2872
 2870
 2870
 2868
 2866
 2866
 2864
 2864
 2862
 2860
 2856
 2852
 2850
 2846
 2844
 2838
 2836
 2842
 2848
 2852
 2860
 2866
 2870
 2876
 2874
 2874
 2872
 2870
 2866
 2864
 2856
 2846
 2832
 2818
 2804
 2784
 2762
 2740
 2718
 2688
 2658
 2630
 2608
 2584
 2560
 2536
 2510
 2484
 2458
 2428
 2404
 2376
 2348
 2324
 2296
 2272
 2248
 2222
 2198
 2176
 2156
 2142
 2126
 2112
 2102
 2094
 2086
 2082
 2082
 2086
 2094
 2100
 2110
 2122
 2136
 2150
 2166
 2182
 2198
 2216
 2234
 2252
 2272
 2292
 2316
 2342
 2370
 2400
 2428
 2458
 2482
 2508
 2534
 2554
 2574
 2594
 2612
 2632
 2650
 2668
 2684
 2698
 2712
 2724
 2734
 2740
 2754
 2770
 2790
 2808
 2826
 2840
 2852
 2862
 2870
 2874
 2878
 2880
 2882
 2882
 2882
 2882
 2882
 2882
 2884
 2886
 2882
 2872
 2870
 2868
 2874
 2882
 2890
 2898
 2904
 2910
 2910
 2908
 2910
 2910
 2912
 2912
 2908
 2900
 2886
 2872
 2850
 2826
 2804
 2780
 2756
 2740
 2726
 2712
 2700
 2684
 2670
 2650
 2624
 2602
 2580
 2556
 2520
 2484
 2446
 2408
 2372
 2342
 2314
 2290
 2264
 2244
 2230
 2220
 2210
 2206
 2212
 2218
 2228
 2234
 2242
 2252
 2262
 2268
 2276
 2284
 2296
 2306
 2318
 2334
 2348
 2362
 2376
 2394
 2418
 2440
 2460
 2480
 2504
 2530
 2550
 2568
 2584
 2602
 2618
 2636
 2652
 2668
 2684
 2702
 2718
 2736
 2752
 2764
 2772
 2782
 2794
 2812
 2822
 2832
 2842
 2858
 2874
 2882
 2892
 2900
 2906
 2914
 2918
 2924
 2928
 2924
 2922
 2920
 2918
 2918
 2918
 2916
 2912
 2912
 2916
 2916
 2920
 2924
 2928
 2934
 2938
 2940
 2940
 2940
 2940
 2932
 2926
 2920
 2914
 2910
 2906
 2902
 2896
 2886
 2878
 2872
 2866
 2858
 2850
 2848
 2852
 2852
 2854
 2852
 2848
 2842
 2832
 2818
 2804
 2788
 2770
 2754
 2738
 2720
 2704
 2690
 2674
 2660
 2648
 2636
 2626
 2616
 2604
 2598
 2598
 2600
 2604
 2614
 2628
 2640
 2652
 2660
 2668
 2676
 2684
 2692
 2702
 2710
 2720
 2728
 2736
 2744
 2752
 2760
 2768
 2770
 2772
 2778
 2788
 2798
 2814
 2830
 2842
 2850
 2858
 2860
 2864
 2866
 2868
 2868
 2868
 2868
 2868
 2868
 2868
 2868
 2870
 2872
 2870
 2866
 2864
 2868
 2874
 2878
 2882
 2886
 2890
 2894
 2892
 2888
 2886
 2884
 2882
 2880
 2878
 2878
 2876
 2876
 2874
 2874
 2870
 2870
 2864
 2858
 2860
 2864
 2870
 2874
 2878
 2882
 2886
 2888
 2882
 2876
 2870
 2866
 2864
 2860
 2858
 2856
 2854
 2854
 2850
 2850
 2850
 2844
 2840
 2846
 2850
 2856
 2862
 2866
 2870
 2874
 2874
 2872
 2870
 2866
 2866
 2864
 2862
 2862
 2862
 2860
 2860
 2858
 2858
 2856
 2852
 2848
 2852
 2860
 2864
 2872
 2878
 2884
 2888
 2888
 2890
 2888
 2880
 2874
 2868
 2864
 2860
 2856
 2854
 2852
 2852
 2848
 2842
 2838
 2840
 2844
 2848
 2852
 2856
 2856
 2858
 2856
 2854
 2854
 2850
 2848
 2848
 2844
 2842
 2840
 2838
 2836
 2836
 2830
 2826
 2826
 2832
 2836
 2842
 2846
 2850
 2856
 2858
 2856
 2858
 2856
 2856
 2856
 2854
 2852
 2850
 2848
 2846
 2846
 2842
 2836
 2834
 2836
 2840
 2846
 2850
 2856
 2858
 2862
 2862
 2860
 2858
 2858
 2854
 2852
 2850
 2848
 2846
 2844
 2842
 2842
 2838
 2832
 2828
 2832
 2838
 2842
 2844
 2850
 2854
 2858
 2856
 2856
 2856
 2854
 2854
 2852
 2852
 2850
 2850
 2848
 2848
 2848
 2846
 2842
 2840
 2844
 2852
 2856
 2864
 2870
 2874
 2878
 2878
 2878
 2872
 2868
 2860
 2850
 2836
 2820
 2804
 2784
 2766
 2748
 2728
 2706
 2682
 2662
 2644
 2626
 2604
 2584
 2562
 2538
 2514
 2490
 2464
 2438
 2412
 2386
 2358
 2330
 2298
 2266
 2232
 2202
 2178
 2152
 2122
 2096
 2072
 2040
 2008
 1978
 1950
 1924
 1900
 1872
 1844
 1814
 1784
 1756
 1730
 1706
 1684
 1666
 1656
 1648
 1648
 1658
 1676
 1694
 1712
 1738
 1764
 1792
 1822
 1852
 1880
 1910
 1942
 1974
 2002
 2032
 2060
 2086
 2114
 2142
 2172
 2198
 2220
 2252
 2286
 2320
 2354
 2382
 2408
 2436
 2462
 2482
 2506
 2532
 2554
 2578
 2604
 2626
 2648
 2670
 2690
 2710
 2730
 2748
 2764
 2776
 2792
 2810
 2834
 2854
 2872
 2886
 2894
 2898
 2894
 2888
 2878
 2862
 2842
 2820
 2798
 2770
 2742
 2714
 2686
 2658
 2630
 2604
 2576
 2548
 2526
 2510
 2494
 2472
 2452
 2432
 2412
 2392
 2370
 2350
 2330
 2308
 2288
 2270
 2252
 2234
 2212
 2188
 2166
 2142
 2118
 2086
 2064
 2044
 2022
 1998
 1984
 1972
 1970
 1972
 1972
 1976
 1982
 1990
 2002
 2006
 2004
 2004
 2004
 2008
 2016
 2026
 2040
 2058
 2084
 2110
 2140
 2168
 2196
 2220
 2244
 2268
 2286
 2314
 2342
 2368
 2390
 2408
 2424
 2436
 2448
 2462
 2476
 2486
 2502
 2522
 2546
 2568
 2592
 2616
 2640
 2668
 2686
 2716
 2746
 2766
 2784
 2798
 2810
 2820
 2828
 2832
 2832
 2828
 2818
 2808
 2796
 2788
 2780
 2770
 2758
 2744
 2728
 2708
 2682
 2654
 2626
 2598
 2570
 2542
 2514
 2486
 2458
 2430
 2408
 2388
 2358
 2338
 2318
 2298
 2276
 2252
 2232
 2214
 2194
 2174
 2158
 2142
 2132
 2128
 2126
 2128
 2134
 2144
 2160
 2174
 2182
 2192
 2210
 2226
 2244
 2262
 2286
 2308
 2332
 2358
 2378
 2386
 2390
 2398
 2412
 2434
 2456
 2478
 2498
 2520
 2540
 2550
 2558
 2570
 2584
 2602
 2618
 2632
 2646
 2660
 2674
 2680
 2686
 2694
 2698
 2704
 2708
 2720
 2730
 2742
 2756
 2774
 2788
 2796
 2804
 2812
 2826
 2838
 2848
 2854
 2858
 2858
 2852
 2846
 2842
 2828
 2814
 2790
 2770
 2750
 2730
 2708
 2692
 2674
 2656
 2636
 2622
 2608
 2598
 2586
 2578
 2564
 2546
 2528
 2508
 2488
 2464
 2442
 2420
 2404
 2390
 2378
 2366
 2362
 2358
 2356
 2358
 2362
 2370
 2382
 2392
 2402
 2420
 2436
 2452
 2462
 2472
 2482
 2492
 2504
 2514
 2526
 2536
 2544
 2556
 2568
 2580
 2588
 2598
 2612
 2628
 2642
 2658
 2672
 2686
 2706
 2724
 2736
 2748
 2760
 2768
 2778
 2790
 2798
 2810
 2822
 2832
 2846
 2860
 2870
 2878
 2888
 2900
 2918
 2934
 2950
 2962
 2976
 2990
 2996
 2996
 3000
 3004
 3008
 3012
 3016
 3020
 3016
 3014
 3016
 3018
 3020
 3024
 3024
 3020
 3020
 3022
 3020
 3018
 3018
 3018
 3016
 3014
 3008
 3002
 2996
 2988
 2972
 2958
 2944
 2930
 2916
 2902
 2890
 2876
 2858
 2840
 2820
 2802
 2786
 2776
 2766
 2756
 2746
 2736
 2726
 2714
 2702
 2692
 2684
 2676
 2674
 2672
 2668
 2670
 2672
 2674
 2678
 2682
 2692
 2700
 2708
 2722
 2736
 2748
 2760
 2772
 2784
 2796
 2804
 2810
 2818
 2826
 2832
 2842
 2848
 2854
 2858
 2866
 2872
 2878
 2886
 2892
 2892
 2894
 2900
 2912
 2914
 2916
 2922
 2928
 2932
 2936
 2938
 2940
 2942
 2944
 2940
 2936
 2934
 2932
 2934
 2934
 2934
 2932
 2928
 2922
 2916
 2914
 2918
 2924
 2930
 2936
 2942
 2944
 2942
 2938
 2936
 2934
 2932
 2932
 2930
 2928
 2926
 2922
 2914
 2910
 2906
 2904
 2900
 2896
 2890
 2888
 2886
 2888
 2892
 2894
 2898
 2900
 2900
 2900
 2900
 2892
 2886
 2882
 2878
 2874
 2872
 2868
 2868
 2866
 2864
 2860
 2854
 2850
 2854
 2858
 2860
 2866
 2868
 2868
 2868
 2866
 2862
 2858
 2856
 2852
 2852
 2850
 2848
 2846
 2846
 2846
 2844
 2844
 2844
 2838
 2834
 2832
 2836
 2840
 2844
 2850
 2854
 2856
 2858
 2858
 2858
 2856
 2852
 2850
 2848
 2844
 2838
 2834
 2832
 2828
 2824
 2822
 2814
 2806
 2798
 2796
 2796
 2796
 2796
 2796
 2796
 2796
 2798
 2804
 2808
 2812
 2814
 2816
 2818
 2820
 2822
 2822
 2824
 2826
 2828
 2828
 2826
 2826
 2830
 2836
 2842
 2850
 2856
 2862
 2868
 2870
 2872
 2872
 2872
 2872
 2872
 2870
 2868
 2866
 2866
 2864
 2864
 2862
 2862
 2858
 2854
 2852
 2858
 2862
 2868
 2874
 2878
 2884
 2886
 2888
 2880
 2878
 2872
 2870
 2868
 2864
 2864
 2862
 2858
 2856
 2854
 2852
 2848
 2842
 2838
 2840
 2840
 2838
 2836
 2828
 2818
 2806
 2790
 2772
 2750
 2728
 2706
 2684
 2662
 2638
 2616
 2590
 2568
 2544
 2518
 2490
 2468
 2450
 2434
 2418
 2396
 2374
 2352
 2330
 2306
 2284
 2262
 2238
 2214
 2192
 2168
 2146
 2126
 2106
 2088
 2068
 2048
 2034
 2024
 2014
 2012
 2014
 2016
 2022
 2028
 2036
 2048
 2062
 2074
 2088
 2104
 2118
 2134
 2150
 2168
 2188
 2204
 2222
 2244
 2270
 2294
 2318
 2344
 2374
 2402
 2428
 2448
 2468
 2488
 2506
 2524
 2544
 2562
 2580
 2600
 2618
 2636
 2656
 2672
 2688
 2700
 2712
 2728
 2748
 2768
 2792
 2812
 2830
 2846
 2858
 2866
 2874
 2882
 2888
 2896
 2902
 2906
 2912
 2916
 2920
 2916
 2914
 2912
 2912
 2912
 2910
 2906
 2906
 2904
 2904
 2912
 2914
 2920
 2932
 2942
 2946
 2950
 2952
 2946
 2944
 2936
 2930
 2922
 2912
 2898
 2882
 2864
 2840
 2808
 2780
 2750
 2720
 2690
 2668
 2646
 2622
 2600
 2578
 2556
 2534
 2510
 2488
 2468
 2446
 2424
 2404
 2386
 2366
 2348
 2330
 2312
 2296
 2282
 2268
 2254
 2244
 2238
 2232
 2234
 2234
 2232
 2232
 2230
 2228
 2228
 2234
 2238
 2248
 2258
 2274
 2290
 2310
 2332
 2356
 2382
 2410
 2436
 2470
 2504
 2540
 2580
 2616
 2646
 2666
 2684
 2698
 2706
 2714
 2724
 2732
 2742
 2754
 2766
 2774
 2784
 2792
 2802
 2810
 2820
 2824
 2830
 2834
 2848
 2866
 2880
 2894
 2908
 2916
 2926
 2928
 2934
 2936
 2936
 2932
 2930
 2930
 2928
 2926
 2926
 2924
 2920
 2920
 2912
 2904
 2904
 2916
 2930
 2944
 2956
 2962
 2968
 2970
 2964
 2956
 2948
 2940
 2932
 2926
 2918
 2914
 2900
 2890
 2880
 2870
 2864
 2856
 2844
 2836
 2836
 2834
 2830
 2824
 2816
 2806
 2794
 2778
 2760
 2742
 2720
 2698
 2676
 2652
 2628
 2606
 2580
 2556
 2534
 2510
 2484
 2460
 2442
 2426
 2408
 2390
 2372
 2364
 2354
 2342
 2332
 2324
 2318
 2316
 2314
 2318
 2324
 2330
 2338
 2350
 2358
 2366
 2382
 2396
 2412
 2426
 2438
 2450
 2458
 2466
 2476
 2480
 2484
 2488
 2490
 2492
 2494
 2500
 2506
 2512
 2514
 2518
 2524
 2530
 2540
 2556
 2572
 2586
 2600
 2614
 2626
 2640
 2654
 2670
 2684
 2698
 2710
 2722
 2734
 2744
 2754
 2766
 2778
 2790
 2798
 2802
 2808
 2822
 2836
 2852
 2864
 2876
 2888
 2898
 2902
 2906
 2910
 2910
 2910
 2910
 2910
 2908
 2900
 2894
 2890
 2888
 2886
 2884
 2880
 2876
 2878
 2888
 2892
 2896
 2902
 2906
 2910
 2908
 2904
 2894
 2882
 2866
 2844
 2820
 2796
 2772
 2750
 2724
 2700
 2678
 2656
 2634
 2608
 2586
 2568
 2554
 2536
 2518
 2500
 2480
 2462
 2438
 2416
 2390
 2358
 2320
 2278
 2234
 2184
 2134
 2086
 2040
 2006
 1968
 1930
 1900
 1874
 1850
 1834
 1824
 1820
 1822
 1826
 1838
 1852
 1870
 1890
 1910
 1932
 1954
 1974
 1998
 2020
 2040
 2062
 2088
 2116
 2142
 2164
 2186
 2204
 2220
 2238
 2250
 2260
 2274
 2286
 2300
 2314
 2330
 2344
 2358
 2374
 2390
 2404
 2416
 2426
 2444
 2464
 2482
 2498
 2514
 2528
 2540
 2552
 2560
 2566
 2576
 2586
 2596
 2606
 2616
 2626
 2638
 2648
 2658
 2670
 2678
 2684
 2690
 2702
 2716
 2732
 2746
 2756
 2766
 2776
 2784
 2788
 2792
 2796
 2802
 2806
 2812
 2814
 2818
 2822
 2828
 2828
 2832
 2836
 2836
 2842
 2848
 2858
 2868
 2878
 2886
 2894
 2900
 2906
 2908
 2902
 2894
 2886
 2880
 2872
 2864
 2858
 2848
 2838
 2826
 2814
 2798
 2780
 2762
 2746
 2734
 2718
 2702
 2684
 2666
 2646
 2628
 2606
 2588
 2570
 2552
 2536
 2518
 2504
 2490
 2478
 2466
 2454
 2444
 2434
 2436
 2438
 2440
 2442
 2446
 2450
 2456
 2460
 2464
 2470
 2476
 2480
 2486
 2490
 2496
 2500
 2506
 2510
 2516
 2522
 2524
 2530
 2540
 2556
 2566
 2578
 2588
 2594
 2602
 2606
 2608
 2614
 2618
 2620
 2624
 2626
 2630
 2632
 2636
 2638
 2640
 2644
 2644
 2646
 2644
 2656
 2668
 2676
 2686
 2694
 2700
 2708
 2714
 2716
 2722
 2726
 2730
 2732
 2738
 2740
 2742
 2746
 2748
 2748
 2750
 2752
 2752
 2754
 2762
 2772
 2784
 2792
 2804
 2814
 2824
 2834
 2842
 2850
 2858
 2868
 2876
 2888
 2896
 2902
 2910
 2918
 2922
 2924
 2918
 2910
 2900
 2890
 2886
 2880
 2874
 2864
 2854
 2842
 2828
 2808
 2790
 2772
 2752
 2734
 2714
 2694
 2676
 2656
 2636
 2618
 2598
 2578
 2554
 2532
 2514
 2494
 2472
 2450
 2426
 2402
 2376
 2350
 2322
 2294
 2268
 2240
 2214
 2190
 2170
 2156
 2148
 2146
 2148
 2158
 2176
 2196
 2218
 2238
 2260
 2282
 2304
 2324
 2344
 2364
 2386
 2406
 2422
 2440
 2460
 2478
 2496
 2514
 2534
 2554
 2570
 2592
 2618
 2644
 2672
 2696
 2716
 2736
 2752
 2770
 2784
 2798
 2812
 2822
 2834
 2848
 2858
 2870
 2882
 2894
 2906
 2918
 2928
 2932
 2938
 2946
 2960
 2970
 2976
 2976
 2974
 2972
 2968
 2964
 2960
 2954
 2948
 2940
 2932
 2916
 2904
 2892
 2878
 2866
 2852
 2840
 2820
 2802
 2786
 2770
 2750
 2730
 2700
 2666
 2628
 2584
 2540
 2496
 2450
 2404
 2360
 2316
 2274
 2234
 2194
 2154
 2116
 2078
 2038
 2004
 1976
 1952
 1934
 1922
 1918
 1918
 1924
 1932
 1946
 1966
 1982
 2004
 2022
 2040
 2058
 2078
 2098
 2120
 2142
 2160
 2182
 2206
 2232
 2256
 2278
 2300
 2322
 2344
 2364
 2380
 2400
 2424
 2450
 2470
 2490
 2512
 2530
 2548
 2568
 2586
 2600
 2618
 2634
 2658
 2680
 2698
 2718
 2734
 2752
 2766
 2778
 2792
 2804
 2822
 2842
 2860
 2876
 2890
 2904
 2918
 2930
 2942
 2954
 2954
 2956
 2960
 2972
 2982
 2994
 3002
 3012
 3018
 3022
 3020
 3014
 3010
 3004
 3002
 2996
 2992
 2988
 2982
 2976
 2968
 2954
 2944
 2930
 2918
 2910
 2906
 2900
 2890
 2880
 2872
 2864
 2856
 2848
 2842
 2838
 2834
 2830
 2830
 2828
 2828
 2830
 2830
 2832
 2836
 2838
 2838
 2838
 2844
 2852
 2860
 2868
 2876
 2884
 2892
 2896
 2900
 2904
 2910
 2914
 2914
 2912
 2912
 2912
 2912
 2916
 2918
 2920
 2924
 2926
 2922
 2918
 2922
 2928
 2932
 2940
 2946
 2952
 2958
 2960
 2960
 2958
 2954
 2952
 2950
 2950
 2950
 2948
 2942
 2938
 2932
 2930
 2930
 2924
 2920
 2922
 2926
 2932
 2932
 2934
 2936
 2938
 2940
 2940
 2942
 2942
 2942
 2944
 2936
 2930
 2928
 2924
 2922
 2922
 2920
 2916
 2908
 2898
 2894
 2898
 2900
 2904
 2908
 2914
 2916
 2916
 2910
 2906
 2904
 2898
 2898
 2896
 2892
 2890
 2888
 2884
 2874
 2868
 2864
 2860
 2854
 2846
 2846
 2852
 2856
 2860
 2866
 2868
 2874
 2876
 2876
 2878
 2876
 2874
 2874
 2874
 2872
 2870
 2870
 2868
 2868
 2868
 2866
 2866
 2864
 2860
 2856
 2860
 2866
 2868
 2876
 2880
 2888
 2890
 2892
 2892
 2894
 2894
 2886
 2880
 2874
 2870
 2868
 2866
 2862
 2862
 2860
 2860
 2858
 2854
 2850
 2850
 2856
 2862
 2868
 2874
 2880
 2886
 2890
 2892
 2890
 2884
 2878
 2872
 2868
 2864
 2862
 2858
 2854
 2850
 2846
 2844
 2840
 2834
 2828
 2830
 2834
 2836
 2842
 2846
 2850
 2854
 2852
 2852
 2850
 2848
 2844
 2844
 2840
 2836
 2834
 2832
 2828
 2828
 2824
 2818
 2812
 2810
 2814
 2814
 2820
 2828
 2836
 2838
 2840
 2840
 2840
 2838
 2836
 2832
 2830
 2830
 2828
 2826
 2824
 2826
 2824
 2820
 2816
 2818
 2826
 2830
 2836
 2848
 2858
 2866
 2870
 2872
 2874
 2876
 2876
 2876
 2876
 2876
 2876
 2876
 2874
 2876
 2876
 2874
 2870
 2868
 2872
 2876
 2882
 2886
 2892
 2896
 2894
 2890
 2886
 2882
 2880
 2878
 2876
 2876
 2874
 2874
 2872
 2872
 2870
 2870
 2870
 2866
 2862
 2862
 2868
 2874
 2880
 2886
 2892
 2896
 2898
 2894
 2886
 2882
 2876
 2872
 2868
 2864
 2862
 2858
 2856
 2854
 2850
 2848
 2842
 2834
 2832
 2836
 2838
 2838
 2838
 2838
 2834
 2830
 2824
 2816
 2808
 2796
 2786
 2772
 2758
 2744
 2732
 2718
 2706
 2694
 2680
 2664
 2654
 2648
 2646
 2642
 2638
 2632
 2626
 2620
 2608
 2600
 2586
 2574
 2564
 2552
 2542
 2534
 2528
 2524
 2522
 2518
 2520
 2522
 2520
 2534
 2550
 2566
 2582
 2598
 2614
 2630
 2646
 2658
 2670
 2684
 2694
 2706
 2718
 2726
 2738
 2746
 2754
 2762
 2770
 2776
 2778
 2782
 2792
 2804
 2816
 2828
 2838
 2844
 2854
 2856
 2858
 2858
 2858
 2858
 2856
 2852
 2842
 2832
 2824
 2818
 2814
 2812
 2814
 2818
 2820
 2826
 2836
 2848
 2858
 2866
 2872
 2876
 2876
 2868
 2860
 2848
 2836
 2822
 2808
 2792
 2776
 2762
 2746
 2730
 2712
 2696
 2680
 2658
 2644
 2630
 2618
 2604
 2588
 2570
 2552
 2534
 2514
 2496
 2480
 2462
 2446
 2428
 2410
 2394
 2382
 2370
 2356
 2340
 2320
 2304
 2290
 2276
 2260
 2240
 2220
 2198
 2180
 2154
 2134
 2114
 2090
 2072
 2054
 2040
 2030
 2028
 2034
 2048
 2062
 2082
 2104
 2128
 2150
 2176
 2202
 2228
 2254
 2280
 2302
 2326
 2354
 2378
 2406
 2432
 2458
 2484
 2510
 2534
 2558
 2586
 2614
 2644
 2678
 2710
 2742
 2772
 2796
 2822
 2838
 2852
 2864
 2872
 2880
 2884
 2888
 2890
 2892
 2896
 2898
 2898
 2896
 2890
 2880
 2872
 2866
 2858
 2850
 2840
 2830
 2820
 2808
 2792
 2782
 2768
 2754
 2742
 2726
 2718
 2708
 2696
 2684
 2674
 2662
 2652
 2638
 2624
 2616
 2610
 2600
 2592
 2584
 2574
 2562
 2550
 2544
 2536
 2528
 2518
 2508
 2496
 2484
 2472
 2460
 2448
 2436
 2426
 2414
 2400
 2388
 2380
 2372
 2366
 2360
 2358
 2360
 2362
 2370
 2384
 2400
 2414
 2432
 2448
 2468
 2490
 2508
 2526
 2542
 2562
 2580
 2598
 2610
 2626
 2646
 2664
 2684
 2702
 2718
 2734
 2748
 2762
 2778
 2792
 2802
 2814
 2826
 2836
 2844
 2854
 2860
 2870
 2876
 2882
 2886
 2892
 2892
 2894
 2894
 2896
 2902
 2910
 2916
 2924
 2928
 2934
 2934
 2938
 2934
 2930
 2926
 2924
 2922
 2920
 2918
 2918
 2910
 2904
 2896
 2892
 2890
 2884
 2878
 2876
 2882
 2886
 2884
 2882
 2884
 2888
 2892
 2892
 2896
 2898
 2900
 2900
 2894
 2886
 2876
 2870
 2860
 2850
 2838
 2830
 2818
 2806
 2790
 2778
 2772
 2770
 2766
 2764
 2762
 2756
 2748
 2738
 2726
 2716
 2704
 2690
 2678
 2664
 2650
 2638
 2626
 2614
 2604
 2596
 2586
 2578
 2578
 2582
 2584
 2592
 2600
 2610
 2628
 2644
 2658
 2682
 2702
 2722
 2744
 2764
 2782
 2798
 2812
 2824
 2836
 2842
 2844
 2848
 2856
 2870
 2882
 2896
 2908
 2920
 2932
 2938
 2944
 2948
 2952
 2950
 2946
 2942
 2938
 2934
 2932
 2930
 2928
 2926
 2920
 2914
 2910
 2920
 2932
 2948
 2966
 2982
 2992
 2996
 2990
 2986
 2980
 2972
 2966
 2956
 2944
 2932
 2918
 2898
 2876
 2854
 2836
 2818
 2798
 2782
 2772
 2764
 2756
 2750
 2744
 2738
 2732
 2724
 2718
 2708
 2702
 2694
 2686
 2676
 2670
 2662
 2658
 2652
 2652
 2650
 2650
 2656
 2668
 2680
 2692
 2708
 2722
 2738
 2750
 2762
 2768
 2774
 2780
 2782
 2784
 2784
 2786
 2786
 2790
 2792
 2796
 2800
 2804
 2810
 2816
 2824
 2836
 2846
 2858
 2868
 2876
 2884
 2888
 2888
 2892
 2892
 2890
 2892
 2884
 2876
 2870
 2866
 2860
 2852
 2844
 2832
 2822
 2806
 2792
 2780
 2772
 2762
 2754
 2744
 2730
 2716
 2702
 2686
 2672
 2654
 2638
 2622
 2606
 2592
 2576
 2560
 2546
 2532
 2520
 2504
 2488
 2476
 2464
 2456
 2446
 2440
 2432
 2426
 2424
 2420
 2418
 2416
 2414
 2412
 2414
 2418
 2422
 2428
 2434
 2442
 2454
 2464
 2476
 2494
 2512
 2532
 2548
 2566
 2584
 2598
 2614
 2632
 2646
 2660
 2670
 2678
 2684
 2690
 2694
 2698
 2700
 2704
 2710
 2716
 2720
 2726
 2738
 2752
 2768
 2780
 2792
 2802
 2816
 2838
 2870
 2898
 2918
 2940
 2960
 2976
 2992
 3004
 3014
 3016
 3020
 3022
 3024
 3026
 3024
 3026
 3030
 3042
 3052
 3056
 3058
 3062
 3064
 3064
 3062
 3060
 3054
 3048
 3042
 3024
 3008
 2990
 2974
 2956
 2938
 2922
 2900
 2872
 2846
 2824
 2808
 2790
 2770
 2752
 2730
 2708
 2686
 2658
 2630
 2600
 2566
 2524
 2480
 2436
 2392
 2348
 2304
 2262
 2222
 2184
 2142
 2112
 2088
 2060
 2036
 2012
 1992
 1976
 1960
 1950
 1946
 1948
 1952
 1962
 1976
 1990
 2008
 2026
 2048
 2068
 2086
 2108
 2132
 2154
 2184
 2212
 2238
 2264
 2288
 2306
 2324
 2344
 2364
 2382
 2402
 2420
 2438
 2454
 2472
 2490
 2506
 2518
 2532
 2550
 2570
 2590
 2612
 2636
 2656
 2676
 2692
 2704
 2718
 2728
 2740
 2752
 2764
 2774
 2786
 2798
 2808
 2820
 2832
 2844
 2854
 2862
 2870
 2884
 2902
 2916
 2934
 2948
 2962
 2976
 2982
 2988
 2990
 2986
 2982
 2978
 2974
 2968
 2962
 2954
 2946
 2940
 2928
 2914
 2904
 2890
 2878
 2866
 2860
 2854
 2848
 2844
 2838
 2830
 2822
 2812
 2802
 2792
 2780
 2770
 2760
 2748
 2738
 2726
 2718
 2706
 2696
 2686
 2676
 2668
 2654
 2646
 2640
 2636
 2632
 2628
 2628
 2628
 2630
 2630
 2640
 2650
 2660
 2668
 2676
 2684
 2696
 2706
 2716
 2726
 2738
 2750
 2762
 2774
 2780
 2790
 2804
 2818
 2834
 2850
 2862
 2876
 2888
 2896
 2904
 2908
 2914
 2918
 2922
 2924
 2922
 2918
 2916
 2916
 2916
 2916
 2916
 2918
 2916
 2912
 2906
 2904
 2906
 2910
 2916
 2918
 2922
 2924
 2926
 2928
 2922
 2918
 2914
 2912
 2912
 2910
 2910
 2906
 2900
 2894
 2890
 2886
 2882
 2878
 2874
 2878
 2884
 2888
 2888
 2892
 2894
 2898
 2898
 2896
 2898
 2896
 2894
 2890
 2884
 2878
 2874
 2870
 2866
 2864
 2864
 2860
 2856
 2850
 2850
 2854
 2856
 2860
 2864
 2868
 2870
 2870
 2868
 2866
 2864
 2860
 2858
 2856
 2854
 2852
 2852
 2850
 2846
 2844
 2844
 2840
 2834
 2834
 2838
 2844
 2850
 2856
 2860
 2864
 2866
 2866
 2866
 2864
 2864
 2862
 2860
 2860
 2858
 2856
 2856
 2856
 2852
 2852
 2850
 2846
 2838
 2836
 2840
 2846
 2852
 2858
 2862
 2866
 2870
 2870
 2872
 2868
 2866
 2862
 2860
 2856
 2850
 2846
 2840
 2838
 2834
 2830
 2824
 2816
 2808
 2808
 2806
 2808
 2808
 2808
 2808
 2808
 2804
 2804
 2802
 2800
 2798
 2798
 2798
 2798
 2800
 2802
 2804
 2808
 2816
 2824
 2830
 2830
 2834
 2840
 2850
 2860
 2868
 2878
 2884
 2890
 2892
 2892
 2894
 2892
 2892
 2886
 2880
 2876
 2872
 2870
 2870
 2870
 2870
 2870
 2868
 2866
 2862
 2864
 2870
 2874
 2882
 2888
 2892
 2898
 2900
 2892
 2888
 2882
 2878
 2876
 2872
 2872
 2868
 2868
 2868
 2866
 2866
 2864
 2864
 2860
 2856
 2860
 2866
 2872
 2880
 2886
 2892
 2896
 2896
 2898
 2890
 2884
 2880
 2876
 2872
 2868
 2868
 2864
 2862
 2860
 2856
 2854
 2850
 2844
 2842
 2846
 2850
 2852
 2858
 2864
 2866
 2868
 2868
 2868
 2866
 2860
 2858
 2854
 2850
 2846
 2844
 2842
 2848
 2858
 2868
 2874
 2874
 2866
 2860
 2862
 2864
 2864
 2866
 2868
 2870
 2870
 2870
 2868
 2868
 2866
 2866
 2864
 2860
 2858
 2858
 2854
 2854
 2852
 2850
 2848
 2844
 2838
 2838
 2842
 2848
 2854
 2860
 2866
 2870
 2872
 2870
 2868
 2866
 2860
 2854
 2846
 2838
 2828
 2816
 2804
 2792
 2780
 2764
 2748
 2730
 2718
 2704
 2690
 2674
 2660
 2642
 2622
 2602
 2582
 2562
 2540
 2518
 2496
 2478
 2460
 2438
 2416
 2390
 2364
 2338
 2308
 2282
 2258
 2228
 2196
 2162
 2126
 2090
 2054
 2012
 1970
 1930
 1892
 1856
 1822
 1796
 1770
 1752
 1738
 1726
 1718
 1716
 1722
 1732
 1744
 1764
 1784
 1808
 1834
 1856
 1878
 1900
 1926
 1950
 1974
 1998
 2024
 2050
 2078
 2110
 2140
 2166
 2192
 2222
 2254
 2288
 2320
 2350
 2378
 2408
 2432
 2454
 2476
 2498
 2520
 2542
 2564
 2584
 2604
 2624
 2648
 2670
 2688
 2708
 2726
 2736
 2746
 2756
 2770
 2788
 2804
 2820
 2832
 2844
 2854
 2858
 2866
 2868
 2872
 2874
 2878
 2880
 2882
 2882
 2884
 2884
 2882
 2884
 2882
 2882
 2876
 2870
 2864
 2858
 2848
 2840
 2838
 2832
 2826
 2820
 2812
 2804
 2788
 2770
 2748
 2724
 2696
 2670
 2642
 2614
 2584
 2554
 2524
 2494
 2466
 2442
 2420
 2398
 2372
 2344
 2320
 2300
 2280
 2260
 2240
 2222
 2204
 2186
 2168
 2150
 2134
 2118
 2104
 2090
 2080
 2068
 2056
 2048
 2044
 2038
 2032
 2030
 2032
 2042
 2052
 2066
 2082
 2098
 2118
 2140
 2166
 2192
 2224
 2258
 2288
 2316
 2340
 2358
 2370
 2372
 2382
 2396
 2410
 2420
 2436
 2452
 2474
 2496
 2520
 2544
 2566
 2592
 2618
 2638
 2660
 2680
 2700
 2720
 2736
 2752
 2770
 2786
 2802
 2822
 2836
 2842
 2850
 2858
 2872
 2894
 2908
 2916
 2918
 2922
 2924
 2922
 2918
 2910
 2894
 2880
 2864
 2850
 2832
 2812
 2790
 2768
 2742
 2714
 2688
 2668
 2646
 2622
 2602
 2580
 2556
 2534
 2510
 2486
 2460
 2438
 2414
 2392
 2368
 2346
 2322
 2302
 2282
 2260
 2238
 2218
 2204
 2190
 2176
 2164
 2156
 2150
 2148
 2152
 2160
 2172
 2186
 2198
 2212
 2230
 2248
 2268
 2290
 2314
 2338
 2358
 2382
 2408
 2438
 2468
 2496
 2524
 2550
 2576
 2598
 2614
 2638
 2664
 2682
 2700
 2716
 2730
 2744
 2756
 2766
 2774
 2784
 2790
 2796
 2800
 2800
 2804
 2808
 2818
 2830
 2842
 2852
 2860
 2872
 2878
 2880
 2884
 2882
 2880
 2880
 2878
 2876
 2876
 2874
 2874
 2874
 2872
 2872
 2870
 2870
 2872
 2870
 2868
 2868
 2876
 2884
 2890
 2898
 2902
 2900
 2900
 2896
 2894
 2892
 2890
 2886
 2886
 2882
 2882
 2882
 2878
 2876
 2876
 2874
 2870
 2868
 2866
 2862
 2858
 2856
 2860
 2866
 2872
 2876
 2882
 2884
 2886
 2884
 2880
 2886
 2896
 2896
 2896
 2898
 2902
 2908
 2914
 2916
 2920
 2920
 2918
 2914
 2906
 2896
 2888
 2888
 2886
 2880
 2874
 2858
 2840
 2826
 2806
 2786
 2766
 2744
 2722
 2702
 2680
 2660
 2640
 2622
 2604
 2586
 2572
 2556
 2538
 2522
 2512
 2504
 2496
 2488
 2480
 2476
 2478
 2474
 2470
 2466
 2462
 2458
 2454
 2452
 2450
 2450
 2454
 2456
 2462
 2470
 2474
 2478
 2490
 2502
 2516
 2530
 2544
 2558
 2580
 2598
 2614
 2628
 2642
 2656
 2670
 2682
 2694
 2704
 2716
 2728
 2740
 2750
 2756
 2764
 2770
 2786
 2802
 2816
 2832
 2844
 2858
 2868
 2874
 2882
 2888
 2890
 2894
 2896
 2900
 2900
 2902
 2902
 2902
 2896
 2890
 2880
 2874
 2872
 2872
 2872
 2870
 2866
 2860
 2852
 2838
 2826
 2810
 2792
 2776
 2760
 2742
 2724
 2708
 2690
 2670
 2652
 2634
 2616
 2596
 2576
 2562
 2548
 2536
 2522
 2510
 2494
 2478
 2462
 2446
 2430
 2414
 2400
 2384
 2378
 2370
 2364
 2360
 2358
 2358
 2360
 2362
 2364
 2368
 2378
 2390
 2406
 2422
 2436
 2452
 2470
 2490
 2506
 2524
 2540
 2558
 2576
 2598
 2616
 2632
 2652
 2670
 2686
 2704
 2720
 2736
 2748
 2758
 2768
 2784
 2802
 2818
 2834
 2850
 2866
 2878
 2892
 2904
 2920
 2930
 2942
 2950
 2958
 2962
 2960
 2956
 2950
 2948
 2946
 2942
 2940
 2940
 2936
 2934
 2928
 2926
 2928
 2930
 2930
 2930
 2928
 2920
 2904
 2888
 2872
 2854
 2836
 2818
 2798
 2780
 2758
 2740
 2722
 2702
 2686
 2670
 2656
 2640
 2626
 2612
 2602
 2596
 2590
 2584
 2578
 2574
 2568
 2560
 2552
 2544
 2538
 2532
 2526
 2524
 2522
 2526
 2530
 2540
 2548
 2558
 2564
 2574
 2582
 2590
 2596
 2606
 2622
 2636
 2654
 2672
 2688
 2702
 2716
 2722
 2728
 2734
 2736
 2740
 2742
 2752
 2760
 2766
 2774
 2776
 2782
 2784
 2786
 2790
 2794
 2794
 2796
 2800
 2810
 2820
 2832
 2846
 2856
 2866
 2876
 2878
 2880
 2884
 2884
 2886
 2888
 2890
 2890
 2886
 2882
 2880
 2880
 2878
 2876
 2876
 2872
 2868
 2862
 2862
 2864
 2864
 2864
 2864
 2862
 2858
 2852
 2842
 2830
 2818
 2806
 2792
 2778
 2764
 2750
 2732
 2718
 2700
 2684
 2668
 2652
 2632
 2616
 2600
 2592
 2584
 2574
 2568
 2564
 2562
 2560
 2560
 2560
 2564
 2568
 2572
 2584
 2594
 2604
 2614
 2622
 2632
 2642
 2650
 2654
 2662
 2676
 2690
 2706
 2722
 2738
 2752
 2766
 2776
 2782
 2792
 2800
 2804
 2816
 2828
 2836
 2846
 2852
 2858
 2862
 2866
 2866
 2868
 2870
 2878
 2890
 2900
 2910
 2918
 2928
 2934
 2932
 2928
 2924
 2920
 2918
 2914
 2910
 2906
 2904
 2902
 2890
 2882
 2876
 2868
 2856
 2848
 2844
 2846
 2850
 2850
 2852
 2854
 2858
 2858
 2858
 2856
 2854
 2854
 2852
 2852
 2854
 2852
 2852
 2854
 2854
 2852
 2852
 2852
 2848
 2844
 2844
 2848
 2850
 2852
 2856
 2858
 2862
 2864
 2862
 2860
 2860
 2858
 2858
 2858
 2858
 2856
 2858
 2858
 2858
 2860
 2860
 2858
 2856
 2854
 2854
 2860
 2866
 2872
 2878
 2884
 2886
 2888
 2886
 2884
 2880
 2870
 2860
 2852
 2846
 2838
 2832
 2830
 2824
 2820
 2814
 2812
 2806
 2798
 2794
 2796
 2798
 2800
 2802
 2802
 2802
 2802
 2798
 2794
 2788
 2782
 2774
 2768
 2760
 2758
 2752
 2746
 2740
 2736
 2730
 2722
 2710
 2700
 2692
 2690
 2686
 2684
 2686
 2688
 2690
 2692
 2696
 2698
 2700
 2706
 2712
 2720
 2732
 2740
 2748
 2756
 2762
 2768
 2772
 2774
 2780
 2788
 2800
 2810
 2822
 2832
 2840
 2850
 2854
 2860
 2862
 2864
 2864
 2870
 2870
 2872
 2876
 2878
 2878
 2880
 2882
 2882
 2878
 2878
 2884
 2894
 2896
 2898
 2904
 2908
 2914
 2916
 2916
 2912
 2906
 2902
 2898
 2894
 2890
 2888
 2886
 2882
 2880
 2878
 2870
 2860
 2852
 2850
 2852
 2854
 2858
 2860
 2862
 2862
 2860
 2856
 2850
 2842
 2834
 2826
 2818
 2808
 2800
 2792
 2786
 2780
 2772
 2768
 2762
 2752
 2742
 2734
 2734
 2732
 2730
 2728
 2726
 2718
 2710
 2702
 2694
 2690
 2688
 2682
 2676
 2670
 2662
 2654
 2646
 2636
 2630
 2628
 2622
 2622
 2630
 2640
 2652
 2664
 2678
 2694
 2708
 2720
 2728
 2738
 2752
 2762
 2772
 2782
 2788
 2798
 2806
 2810
 2814
 2818
 2820
 2818
 2818
 2822
 2832
 2840
 2848
 2856
 2862
 2870
 2870
 2870
 2870
 2870
 2866
 2866
 2862
 2856
 2852
 2846
 2842
 2840
 2834
 2828
 2824
 2816
 2810
 2812
 2816
 2824
 2830
 2836
 2842
 2846
 2850
 2850
 2850
 2850
 2848
 2848
 2848
 2846
 2846
 2844
 2844
 2842
 2840
 2838
 2840
 2836
 2830
 2830
 2842
 2854
 2862
 2874
 2880
 2888
 2890
 2888
 2884
 2880
 2868
 2854
 2844
 2834
 2822
 2812
 2802
 2790
 2780
 2770
 2758
 2748
 2734
 2720
 2710
 2702
 2694
 2686
 2676
 2668
 2656
 2640
 2624
 2606
 2590
 2578
 2566
 2550
 2536
 2520
 2502
 2486
 2472
 2458
 2444
 2430
 2420
 2412
 2404
 2396
 2390
 2386
 2378
 2372
 2362
 2352
 2342
 2338
 2338
 2336
 2338
 2342
 2346
 2356
 2364
 2372
 2384
 2398
 2414
 2432
 2450
 2468
 2488
 2508
 2526
 2542
 2558
 2574
 2592
 2610
 2634
 2654
 2672
 2690
 2706
 2720
 2728
 2734
 2740
 2752
 2764
 2774
 2782
 2790
 2796
 2800
 2798
 2798
 2800
 2800
 2804
 2806
 2814
 2826
 2838
 2850
 2856
 2862
 2866
 2878
 2880
 2882
 2886
 2894
 2898
 2900
 2900
 2896
 2890
 2880
 2870
 2860
 2850
 2840
 2832
 2820
 2808
 2794
 2782
 2770
 2758
 2746
 2734
 2718
 2704
 2688
 2670
 2648
 2628
 2608
 2588
 2574
 2560
 2548
 2538
 2528
 2524
 2518
 2508
 2500
 2492
 2484
 2478
 2472
 2462
 2450
 2438
 2430
 2428
 2426
 2424
 2424
 2430
 2442
 2456
 2474
 2492
 2514
 2536
 2558
 2578
 2596
 2614
 2636
 2658
 2678
 2696
 2714
 2730
 2742
 2762
 2780
 2798
 2814
 2824
 2832
 2844
 2858
 2878
 2900
 2920
 2938
 2958
 2976
 2988
 3002
 3008
 3014
 3012
 3010
 3008
 3002
 2994
 2986
 2976
 2962
 2948
 2930
 2902
 2874
 2850
 2830
 2806
 2784
 2762
 2736
 2716
 2690
 2666
 2642
 2618
 2590
 2566
 2542
 2516
 2490
 2458
 2426
 2396
 2362
 2324
 2288
 2252
 2218
 2182
 2144
 2104
 2070
 2038
 2004
 1972
 1936
 1900
 1860
 1816
 1772
 1724
 1672
 1622
 1576
 1528
 1486
 1450
 1412
 1376
 1352
 1332
 1318
 1314
 1314
 1328
 1346
 1370
 1394
 1420
 1446
 1476
 1514
 1554
 1592
 1626
 1662
 1698
 1736
 1770
 1804
 1838
 1868
 1902
 1928
 1956
 1986
 2020
 2058
 2094
 2128
 2162
 2202
 2244
 2290
 2332
 2370
 2410
 2446
 2484
 2516
 2544
 2572
 2596
 2622
 2634
 2640
 2644
 2646
 2648
 2660
 2672
 2684
 2698
 2712
 2726
 2742
 2756
 2762
 2766
 2770
 2778
 2784
 2788
 2788
 2786
 2782
 2772
 2762
 2750
 2734
 2718
 2702
 2688
 2672
 2652
 2630
 2606
 2582
 2556
 2528
 2502
 2478
 2456
 2432
 2408
 2384
 2358
 2330
 2300
 2272
 2242
 2210
 2180
 2150
 2126
 2102
 2076
 2048
 2022
 1994
 1968
 1940
 1916
 1900
 1888
 1878
 1874
 1874
 1878
 1884
 1890
 1898
 1908
 1918
 1928
 1940
 1954
 1972
 1988
 2004
 2020
 2038
 2052
 2064
 2080
 2098
 2118
 2136
 2154
 2174
 2192
 2212
 2226
 2240
 2256
 2272
 2286
 2304
 2318
 2340
 2362
 2382
 2398
 2416
 2432
 2450
 2464
 2474
 2490
 2510
 2536
 2558
 2582
 2602
 2620
 2640
 2654
 2666
 2682
 2696
 2712
 2732
 2756
 2776
 2794
 2808
 2824
 2836
 2844
 2850
 2852
 2848
 2840
 2830
 2824
 2822
 2814
 2806
 2796
 2784
 2770
 2754
 2736
 2716
 2700
 2684
 2666
 2646
 2628
 2608
 2588
 2570
 2548
 2528
 2508
 2488
 2466
 2444
 2424
 2410
 2392
 2378
 2362
 2348
 2336
 2322
 2314
 2314
 2316
 2318
 2320
 2326
 2332
 2338
 2344
 2356
 2366
 2376
 2388
 2394
 2406
 2422
 2440
 2456
 2470
 2488
 2504
 2520
 2534
 2552
 2570
 2586
 2600
 2614
 2626
 2638
 2650
 2662
 2672
 2682
 2694
 2704
 2710
 2716
 2726
 2742
 2760
 2780
 2798
 2816
 2832
 2852
 2868
 2884
 2896
 2906
 2918
 2926
 2934
 2940
 2946
 2948
 2946
 2944
 2942
 2944
 2944
 2940
 2940
 2948
 2954
 2960
 2972
 2994
 3024
 3066
 3116
 3108
 3032
 2962
 2950
 2942
 2894
 2892
 2916
 2948
 2964
 2966
 2972
 3018
 3128
 3274
 3440
 3614
 3762
 3920
 4094
 4094
 4094
 4094
 4094
 4094
 4094
 4094
 4094
 4094
 4094
 4094
 4094
 4094
 4094
 4094
 4094
 4094
 4094
 4094
 4094
 4094
 4094
 4094
 4094
 4094
 4094
 4094
 4094
 4094
 4094
 4094
 4094
 4094
 4094
 4094
 4094
 4094
 4094
 4094
 4094
 4094
 4094
 4094
 4094
 4094
 4094
 4094
 4094
 4094
 4094
 4094
 4094
 4094
 4094
 4094
 4094
 4094
 4094
 4094
 4094
 4094
 4094
 4094
 4094
 4094
 4094
 4094
 4094
 4094
 4094
 4094
 4094
 4094
 4094
 4094
 4094
 4094
 4094
 4094
 4094
 4094
 4094
 4094
 4094
 4094
 4094
 4094
 4094
 4094
 4094
 4094
 4094
 4094
 4094
 4094
 4094
 4094
 4094
 4094
 4094
 4094
 4094
 4094
 4094
 4094
 4094
 4094
 4094
 4094
 4094
 4094
 4094
 4094
 4094
 4094
 4094
 4094
 4094
 4094
 4094
 4094
 4094
 4094
 4094
 4094
 4094
 4094
 4094
 4094
 4094
 4094
 4094
 4094
 4094
 4094
 4094
 4094
 4094
 4094
 4094
 4094
 4094
 4094
 4094
 4094
 4094
 4094
 4094
 4094
 4094
 4094
 4094
 4094
 4094
 4094
 4094
 4094
 4094
 4094
 4094
 4094
 4094
 4094
 4094
 4094
 4094
 4094
 4094
 4094
 4094
 4094
 4094
 4094
 4094
 4094
 4094
 4094
 4094
 4094
 4094
 4094
 4094
 4094
 4094
 4094
 4094
 4028
 3476
 3088
 2588
 1822
 1284
 908
 644
 460
 330
 240
 176
 128
 98
 74
 56
 44
 34
 24
 18
 10
 6
 0
 0
 0
 0
 0
 0
 0
 0
 0
 0
 0
 0
 0
 0
 0
 0
 0
 0
 0
 0
 0
 0
 0
 2
 10
 18
 30
 52
 70
 82
 94
 114
 146
 168
 184
 198
 218
 252
 278
 296
 308
 330
 368
 396
 416
 432
 456
 498
 528
 552
 566
 594
 642
 676
 704
 724
 756
 808
 850
 876
 896
 928
 986
 1026
 1056
 1076
 1112
 1174
 1216
 1248
 1270
 1308
 1374
 1422
 1454
 1476
 1518
 1592
 1644
 1680
 1708
 1752
 1830
 1884
 1920
 1946
 1990
 2070
 2128
 2166
 2192
 2240
 2324
 2382
 2422
 2450
 2500
 2588
 2648
 2688
 2722
 2762
 2822
 2864
 2894
 2914
 2930
 2938
 2944
 2950
 2952
 2954
 2954
 2952
 2952
 2954
 2950
 2946
 2942
 2942
 2940
 2934
 2930
 2928
 2932
 2930
 2932
 2932
 2930
 2932
 2930
 2928
 2924
 2922
 2918
 2916
 2918
 2914
 2912
 2910
 2910
 2908
 2900
 2894
 2886
 2882
 2878
 2878
 2874
 2870
 2868
 2870
 2872
 2872
 2874
 2878
 2878
 2878
 2878
 2880
 2878
 2878
 2878
 2874
 2868
 2862
 2854
 2842
 2832
 2822
 2814
 2804
 2794
 2782
 2770
 2758
 2744
 2728
 2710
 2696
 2682
 2666
 2648
 2636
 2618
 2604
 2590
 2574
 2560
 2548
 2538
 2530
 2520
 2510
 2502
 2500
 2494
 2492
 2490
 2494
 2494
 2498
 2502
 2506
 2512
 2522
 2528
 2536
 2544
 2552
 2564
 2576
 2590
 2604
 2616
 2626
 2636
 2646
 2652
 2658
 2664
 2668
 2670
 2674
 2674
 2678
 2682
 2684
 2690
 2694
 2696
 2700
 2708
 2720
 2732
 2742
 2752
 2762
 2774
 2782
 2788
 2792
 2794
 2796
 2798
 2800
 2802
 2806
 2810
 2814
 2818
 2818
 2818
 2816
 2814
 2816
 2820
 2824
 2828
 2832
 2834
 2838
 2840
 2844
 2846
 2844
 2844
 2844
 2844
 2842
 2840
 2842
 2848
 2850
 2852
 2850
 2848
 2838
 2828
 2826
 2826
 2818
 2818
 2818
 2820
 2824
 2828
 2830
 2838
 2848
 2856
 2866
 2876
 2882
 2882
 2880
 2874
 2866
 2852
 2834
 2818
 2798
 2770
 2744
 2724
 2702
 2680
 2658
 2634
 2606
 2578
 2544
 2504
 2466
 2428
 2390
 2352
 2312
 2270
 2230
 2190
 2154
 2120
 2088
 2052
 2024
 1998
 1970
 1942
 1914
 1892
 1870
 1848
 1820
 1802
 1788
 1778
 1774
 1774
 1776
 1786
 1794
 1804
 1820
 1832
 1850
 1876
 1902
 1928
 1954
 1980
 2008
 2036
 2058
 2076
 2092
 2106
 2118
 2130
 2142
 2154
 2168
 2180
 2192
 2202
 2210
 2208
 2202
 2210
 2226
 2244
 2262
 2290
 2334
 2396
 2454
 2504
 2552
 2594
 2630
 2654
 2674
 2690
 2702
 2714
 2720
 2724
 2718
 2692
 2634
 2552
 2444
 2242
 1976
 1720
 1534
 1390
 1324
 1314
 1306
 1312
 1324
 1346
 1460
 1598
 1692
 1762
 1818
 1892
 2010
 2060
 2112
 2186
 2236
 2282
 2336
 2390
 2432
 2468
 2498
 2538
 2568
 2590
 2630
 2660
 2686
 2710
 2714
 2704
 2694
 2678
 2662
 2640
 2626
 2610
 2612
 2648
 2706
 2750
 2780
 2784
 2800
 2812
 2822
 2842
 2852
 2858
 2864
 2870
 2876
 2886
 2916
 2960
 3040
 3092
 3146
 3210
 3324
 3426
 3538
 3642
 3760
 3886
 4010
 4094
 4094
 4094
 4094
 4094
 4094
 4094
 4094
 4094
 4094
 4094
 4094
 4094
 4094
 4094
 4094
 4094
 4094
 4094
 4094
 4094
 4094
 4094
 4094
 4094
 4094
 4094
 4094
 4094
 4094
 4094
 4094
 4094
 4094
 4094
 4094
 4094
 4094
 4094
 4094
 4094
 4094
 4094
 4094
 4094
 4094
 4094
 4094
 4094
 4094
 4094
 4094
 4094
 4094
 4094
 4094
 4094
 4094
 4094
 4094
 4094
 4094
 4094
 4094
 4094
 4094
 4094
 4094
 4094
 4094
 4094
 4094
 4094
 4094
 4094
 4094
 4094
 4094
 4094
 4094
 4094
 4094
 4094
 4094
 4094
 4046
 3912
 3816
 3726
 3658
 3618
 3596
 3574
 3540
 3416
 3214
 2988
 2772
 2578
 2398
 2242
 2114
 1996
 1908
 1854
 1824
 1816
 1810
 1806
 1810
 1834
 1862
 1898
 1924
 1946
 1968
 1988
 2010
 2046
 2080
 2094
 2098
 2098
 2084
 2066
 2040
 2006
 1972
 1936
 1898
 1858
 1806
 1752
 1702
 1640
 1568
 1494
 1432
 1372
 1306
 1236
 1158
 1086
 1020
 960
 908
 856
 814
 774
 738
 700
 666
 644
 632
 628
 632
 644
 664
 684
 700
 712
 722
 736
 750
 760
 772
 788
 806
 822
 838
 854
 874
 900
 926
 950
 972
 996
 1024
 1060
 1092
 1120
 1144
 1174
 1200
 1224
 1250
 1276
 1304
 1338
 1366
 1394
 1420
 1446
 1472
 1500
 1522
 1536
 1554
 1576
 1606
 1634
 1654
 1670
 1690
 1706
 1720
 1730
 1738
 1746
 1750
 1754
 1756
 1760
 1766
 1770
 1772
 1772
 1768
 1762
 1754
 1754
 1748
 1736
 1724
 1710
 1690
 1666
 1642
 1622
 1596
 1572
 1542
 1516
 1490
 1460
 1430
 1400
 1374
 1344
 1310
 1280
 1258
 1238
 1218
 1198
 1174
 1152
 1134
 1122
 1106
 1100
 1096
 1094
 1100
 1106
 1114
 1122
 1136
 1154
 1168
 1178
 1192
 1210
 1230
 1248
 1264
 1280
 1296
 1314
 1330
 1344
 1360
 1380
 1404
 1424
 1446
 1468
 1488
 1506
 1528
 1544
 1558
 1572
 1590
 1618
 1638
 1658
 1678
 1700
 1720
 1734
 1748
 1760
 1770
 1778
 1790
 1800
 1812
 1824
 1838
 1846
 1856
 1862
 1862
 1864
 1868
 1874
 1878
 1882
 1884
 1886
 1884
 1878
 1880
 1878
 1872
 1864
 1856
 1846
 1834
 1820
 1806
 1790
 1776
 1760
 1742
 1720
 1700
 1692
 1680
 1664
 1646
 1628
 1608
 1590
 1570
 1548
 1536
 1526
 1518
 1510
 1506
 1504
 1504
 1506
 1510
 1514
 1520
 1524
 1532
 1546
 1558
 1570
 1588
 1602
 1618
 1628
 1638
 1646
 1658
 1668
 1680
 1692
 1708
 1724
 1736
 1746
 1756
 1764
 1770
 1772
 1776
 1782
 1792
 1802
 1812
 1820
 1830
 1844
 1852
 1860
 1866
 1870
 1876
 1880
 1888
 1894
 1900
 1912
 1922
 1930
 1940
 1948
 1952
 1956
 1964
 1976
 1986
 1996
 2006
 2012
 2022
 2028
 2038
 2046
 2054
 2056
 2062
 2066
 2068
 2072
 2074
 2076
 2078
 2080
 2080
 2078
 2074
 2076
 2082
 2082
 2086
 2086
 2084
 2082
 2078
 2074
 2068
 2062
 2052
 2044
 2034
 2024
 2012
 1998
 1982
 1968
 1952
 1932
 1914
 1900
 1888
 1872
 1858
 1842
 1824
 1808
 1792
 1782
 1772
 1764
 1756
 1750
 1748
 1748
 1748
 1750
 1758
 1768
 1776
 1784
 1798
 1810
 1822
 1836
 1848
 1860
 1874
 1888
 1900
 1914
 1924
 1934
 1946
 1958
 1966
 1976
 1984
 1992
 2000
 2006
 2010
 2018
 2032
 2048
 2060
 2072
 2080
 2088
 2094
 2100
 2102
 2104
 2106
 2110
 2114
 2116
 2118
 2120
 2122
 2126
 2130
 2132
 2130
 2130
 2136
 2144
 2150
 2156
 2160
 2164
 2168
 2170
 2170
 2172
 2172
 2170
 2172
 2172
 2170
 2172
 2172
 2170
 2170
 2170
 2166
 2164
 2166
 2170
 2174
 2180
 2184
 2188
 2192
 2194
 2194
 2194
 2194
 2192
 2194
 2192
 2190
 2188
 2184
 2178
 2174
 2170
 2168
 2164
 2160
 2158
 2162
 2166
 2170
 2174
 2176
 2178
 2180
 2178
 2178
 2176
 2176
 2176
 2174
 2174
 2174
 2172
 2170
 2170
 2170
 2170
 2168
 2164
 2160
 2164
 2170
 2172
 2176
 2176
 2174
 2174
 2172
 2172
 2172
 2170
 2166
 2164
 2158
 2152
 2146
 2138
 2128
 2118
 2108
 2096
 2080
 2068
 2058
 2052
 2042
 2034
 2024
 2016
 2006
 1998
 1990
 1980
 1972
 1962
 1954
 1946
 1936
 1930
 1928
 1926
 1924
 1924
 1926
 1934
 1942
 1952
 1960
 1970
 1978
 1986
 1992
 1996
 1996
 2000
 2002
 2002
 2004
 2010
 2016
 2022
 2026
 2032
 2036
 2040
 2042
 2042
 2044
 2050
 2058
 2064
 2070
 2078
 2084
 2090
 2090
 2094
 2094
 2096
 2096
 2096
 2096
 2096
 2096
 2096
 2096
 2094
 2092
 2094
 2090
 2086
 2088
 2094
 2098
 2102
 2106
 2112
 2114
 2116
 2116
 2116
 2114
 2112
 2110
 2108
 2108
 2106
 2104
 2102
 2102
 2096
 2088
 2088
 2070
 2060
 2060
 2066
 2076
 2086
 2096
 2108
 2118
 2124
 2128
 2132
 2132
 2132
 2132
 2130
 2128
 2126
 2122
 2118
 2112
 2104
 2094
 2072
 2032
 1970
 1818
 1582
 1342
 1212
 1182
 1174
 1162
 1172
 1150
 1120
 1092
 1068
 1100
 1100
 1102
 1110
 1164
 1274
 1354
 1430
 1518
 1560
 1552
 1518
 1494
 1478
 1466
 1444
 1406
 1368
 1314
 1260
 1206
 1158
 1124
 1104
 1092
 1082
 1084
 1096
 1114
 1134
 1150
 1170
 1188
 1208
 1218
 1230
 1242
 1258
 1276
 1298
 1314
 1334
 1358
 1378
 1394
 1408
 1424
 1450
 1474
 1496
 1514
 1528
 1546
 1554
 1564
 1572
 1580
 1588
 1594
 1600
 1604
 1606
 1612
 1616
 1618
 1620
 1626
 1630
 1632
 1632
 1628
 1624
 1616
 1606
 1592
 1574
 1552
 1530
 1512
 1488
 1464
 1436
 1408
 1380
 1348
 1314
 1290
 1268
 1246
 1220
 1192
 1162
 1132
 1102
 1068
 1034
 998
 962
 928
 892
 854
 812
 772
 738
 704
 662
 618
 576
 534
 490
 446
 400
 358
 320
 280
 230
 180
 130
 78
 28
 0
 0
 0
 0
 0
 0
 0
 0
 0
 0
 0
 0
 0
 0
 0
 0
 0
 0
 0
 0
 0
 0
 0
 0
 0
 0
 0
 0
 0
 0
 0
 0
 0
 0
 0
 0
 0
 0
 0
 0
 0
 0
 0
 0
 0
 0
 0
 0
 0
 0
 0
 0
 0
 12
 48
 86
 124
 154
 188
 222
 260
 298
 336
 374
 410
 450
 488
 526
 568
 612
 650
 686
 718
 742
 768
 796
 826
 858
 896
 930
 962
 996
 1024
 1050
 1074
 1100
 1132
 1162
 1192
 1218
 1240
 1258
 1274
 1286
 1298
 1306
 1316
 1328
 1340
 1352
 1360
 1366
 1376
 1386
 1394
 1406
 1416
 1420
 1430
 1438
 1452
 1466
 1480
 1494
 1504
 1512
 1514
 1514
 1512
 1510
 1506
 1498
 1490
 1486
 1474
 1458
 1436
 1406
 1372
 1330
 1282
 1234
 1192
 1154
 1116
 1078
 1044
 1014
 986
 958
 932
 910
 892
 884
 878
 876
 880
 886
 894
 904
 916
 926
 938
 960
 978
 996
 1014
 1028
 1046
 1062
 1074
 1088
 1102
 1120
 1140
 1154
 1170
 1182
 1198
 1212
 1224
 1238
 1254
 1270
 1282
 1294
 1308
 1326
 1340
 1356
 1370
 1382
 1396
 1410
 1422
 1434
 1444
 1454
 1464
 1474
 1482
 1492
 1502
 1514
 1526
 1536
 1546
 1552
 1560
 1566
 1576
 1590
 1604
 1622
 1634
 1648
 1658
 1664
 1672
 1678
 1682
 1686
 1692
 1700
 1706
 1710
 1714
 1716
 1718
 1720
 1720
 1720
 1722
 1724
 1730
 1738
 1744
 1748
 1754
 1756
 1760
 1760
 1762
 1768
 1770
 1774
 1776
 1782
 1788
 1792
 1798
 1800
 1804
 1806
 1808
 1810
 1808
 1808
 1812
 1820
 1826
 1832
 1838
 1840
 1844
 1846
 1846
 1848
 1852
 1854
 1856
 1856
 1856
 1856
 1856
 1856
 1854
 1856
 1858
 1858
 1854
 1854
 1856
 1860
 1862
 1864
 1866
 1868
 1872
 1874
 1876
 1876
 1874
 1874
 1872
 1870
 1868
 1868
 1870
 1872
 1872
 1872
 1874
 1874
 1874
 1874
 1880
 1882
 1886
 1888
 1892
 1892
 1896
 1898
 1902
 1902
 1902
 1902
 1902
 1902
 1898
 1898
 1900
 1902
 1904
 1906
 1906
 1904
 1900
 1902
 1904
 1908
 1912
 1920
 1926
 1928
 1930
 1932
 1936
 1938
 1940
 1942
 1944
 1942
 1942
 1944
 1944
 1946
 1950
 1954
 1954
 1954
 1952
 1954
 1956
 1960
 1964
 1970
 1976
 1982
 1986
 1988
 1990
 1994
 1996
 1998
 1998
 1998
 1998
 1998
 1998
 1996
 1998
 2002
 2002
 2002
 2000
 2002
 2006
 2010
 2012
 2016
 2018
 2022
 2024
 2022
 2022
 2020
 2020
 2018
 2018
 2014
 2012
 2010
 2006
 2000
 1996
 1994
 1990
 1986
 1986
 1986
 1986
 1990
 1994
 1998
 2002
 2002
 2004
 2008
 2010
 2010
 2016
 2020
 2026
 2032
 2036
 2044
 2048
 2054
 2056
 2060
 2062
 2070
 2080
 2088
 2096
 2106
 2112
 2114
 2116
 2114
 2110
 2104
 2098
 2096
 2092
 2086
 2084
 2080
 2078
 2074
 2072
 2070
 2070
 2066
 2062
 2060
 2062
 2064
 2066
 2068
 2070
 2072
 2070
 2070
 2070
 2070
 2070
 2078
 2082
 2086
 2094
 2100
 2104
 2110
 2114
 2114
 2116
 2114
 2110
 2104
 2104
 2102
 2098
 2094
 2090
 2084
 2080
 2074
 2068
 2066
 2060
 2058
 2056
 2054
 2052
 2050
 2050
 2048
 2048
 2046
 2046
 2046
 2042
 2040
 2044
 2048
 2056
 2060
 2066
 2070
 2072
 2072
 2074
 2072
 2070
 2070
 2070
 2068
 2068
 2068
 2066
 2066
 2066
 2064
 2062
 2058
 2056
 2058
 2066
 2068
 2074
 2078
 2082
 2084
 2084
 2084
 2084
 2080
 2078
 2076
 2076
 2074
 2072
 2070
 2070
 2068
 2062
 2058
 2052
 2046
 2044
 2044
 2042
 2038
 2036
 2030
 2024
 2016
 2004
 1994
 1982
 1970
 1958
 1944
 1932
 1916
 1906
 1894
 1882
 1868
 1854
 1842
 1832
 1824
 1814
 1804
 1792
 1780
 1770
 1758
 1750
 1744
 1738
 1730
 1724
 1720
 1718
 1716
 1716
 1722
 1728
 1740
 1750
 1768
 1784
 1802
 1822
 1842
 1856
 1872
 1882
 1890
 1898
 1906
 1912
 1920
 1928
 1936
 1940
 1946
 1948
 1954
 1956
 1956
 1958
 1964
 1974
 1982
 1990
 1996
 2000
 2010
 2014
 2016
 2018
 2020
 2022
 2022
 2022
 2022
 2024
 2026
 2030
 2030
 2032
 2030
 2030
 2026
 2024
 2024
 2026
 2032
 2036
 2038
 2040
 2046
 2052
 2056
 2058
 2058
 2058
 2060
 2060
 2060
 2062
 2060
 2060
 2062
 2062
 2062
 2062
 2060
 2056
 2056
 2058
 2060
 2064
 2066
 2070
 2072
 2076
 2076
 2076
 2074
 2074
 2072
 2070
 2068
 2066
 2064
 2064
 2062
 2062
 2060
 2056
 2054
 2052
 2050
 2048
 2044
 2044
 2048
 2050
 2056
 2058
 2060
 2062
 2064
 2062
 2064
 2066
 2064
 2066
 2066
 2068
 2068
 2070
 2072
 2072
 2076
 2078
 2078
 2082
 2084
 2084
 2086
 2090
 2098
 2102
 2108
 2112
 2114
 2116
 2118
 2116
 2114
 2110
 2108
 2102
 2098
 2090
 2078
 2072
 2064
 2056
 2052
 2046
 2040
 2034
 2032
 2030
 2032
 2032
 2036
 2038
 2042
 2042
 2044
 2044
 2044
 2048
 2052
 2054
 2056
 2058
 2060
 2060
 2060
 2060
 2058
 2056
 2054
 2056
 2060
 2064
 2068
 2072
 2076
 2080
 2080
 2080
 2082
 2084
 2084
 2086
 2086
 2088
 2090
 2090
 2092
 2092
 2094
 2090
 2090
 2090
 2092
 2092
 2090
 2090
 2092
 2094
 2094
 2092
 2092
 2090
 2090
 2088
 2088
 2088
 2088
 2084
 2086
 2086
 2086
 2084
 2080
 2078
 2078
 2082
 2084
 2086
 2084
 2082
 2080
 2076
 2070
 2066
 2062
 2060
 2060
 2058
 2058
 2058
 2060
 2060
 2058
 2054
 2050
 2042
 2030
 2022
 2014
 2004
 1992
 1980
 1964
 1950
 1936
 1918
 1902
 1886
 1872
 1858
 1844
 1826
 1808
 1792
 1772
 1756
 1738
 1718
 1708
 1696
 1686
 1674
 1660
 1648
 1632
 1618
 1604
 1592
 1584
 1574
 1564
 1554
 1542
 1536
 1528
 1522
 1516
 1514
 1518
 1524
 1534
 1544
 1558
 1576
 1592
 1606
 1624
 1636
 1650
 1666
 1680
 1698
 1714
 1734
 1754
 1772
 1790
 1804
 1820
 1834
 1850
 1870
 1888
 1908
 1926
 1940
 1954
 1964
 1970
 1976
 1982
 1988
 1994
 2006
 2016
 2026
 2038
 2048
 2054
 2062
 2068
 2072
 2074
 2076
 2080
 2086
 2092
 2098
 2102
 2106
 2110
 2112
 2114
 2114
 2116
 2114
 2116
 2118
 2120
 2122
 2126
 2130
 2134
 2138
 2140
 2140
 2140
 2138
 2136
 2132
 2128
 2128
 2132
 2132
 2136
 2136
 2136
 2136
 2130
 2122
 2116
 2108
 2100
 2090
 2082
 2072
 2062
 2052
 2042
 2032
 2022
 2012
 2000
 1988
 1974
 1962
 1950
 1940
 1930
 1918
 1906
 1892
 1880
 1868
 1854
 1840
 1826
 1812
 1798
 1782
 1770
 1754
 1742
 1732
 1722
 1712
 1700
 1690
 1682
 1678
 1678
 1678
 1682
 1692
 1702
 1712
 1720
 1732
 1750
 1764
 1776
 1788
 1804
 1814
 1828
 1842
 1856
 1868
 1884
 1896
 1912
 1928
 1940
 1952
 1962
 1970
 1982
 1988
 1998
 2008
 2018
 2028
 2040
 2048
 2058
 2066
 2076
 2088
 2102
 2112
 2120
 2124
 2132
 2140
 2152
 2162
 2170
 2176
 2184
 2190
 2194
 2196
 2198
 2200
 2202
 2204
 2206
 2210
 2210
 2212
 2212
 2212
 2212
 2212
 2212
 2210
 2206
 2206
 2210
 2214
 2218
 2222
 2226
 2228
 2226
 2226
 2226
 2226
 2226
 2224
 2224
 2220
 2216
 2212
 2210
 2206
 2200
 2198
 2194
 2188
 2180
 2172
 2170
 2168
 2164
 2160
 2160
 2154
 2148
 2138
 2132
 2124
 2118
 2112
 2104
 2098
 2090
 2084
 2076
 2068
 2062
 2056
 2050
 2040
 2032
 2028
 2024
 2022
 2020
 2022
 2022
 2022
 2024
 2026
 2030
 2034
 2038
 2044
 2056
 2066
 2074
 2080
 2090
 2098
 2104
 2110
 2114
 2124
 2132
 2142
 2150
 2158
 2162
 2168
 2174
 2178
 2182
 2184
 2188
 2190
 2194
 2196
 2196
 2198
 2200
 2202
 2204
 2202
 2202
 2202
 2206
 2208
 2214
 2216
 2220
 2224
 2224
 2222
 2222
 2220
 2220
 2220
 2220
 2220
 2218
 2216
 2214
 2212
 2206
 2198
 2192
 2186
 2188
 2190
 2192
 2192
 2194
 2192
 2190
 2186
 2184
 2180
 2178
 2178
 2180
 2182
 2184
 2184
 2188
 2188
 2190
 2192
 2194
 2194
 2196
 2202
 2206
 2208
 2206
 2204
 2204
 2202
 2200
 2200
 2196
 2194
 2194
 2192
 2192
 2192
 2192
 2190
 2190
 2190
 2190
 2188
 2184
 2186
 2190
 2192
 2196
 2200
 2200
 2206
 2206
 2204
 2204
 2202
 2194
 2190
 2184
 2182
 2176
 2176
 2174
 2174
 2172
 2170
 2166
 2166
 2168
 2172
 2176
 2180
 2182
 2184
 2184
 2184
 2182
 2178
 2176
 2174
 2174
 2172
 2170
 2168
 2168
 2166
 2160
 2158
 2152
 2148
 2146
 2148
 2152
 2156
 2160
 2164
 2168
 2172
 2174
 2174
 2176
 2176
 2176
 2178
 2178
 2180
 2180
 2180
 2180
 2180
 2178
 2178
 2174
 2170
 2174
 2178
 2180
 2182
 2184
 2184
 2182
 2176
 2170
 2162
 2158
 2152
 2146
 2144
 2140
 2134
 2122
 2110
 2090
 2072
 2060
 2046
 2040
 2044
 2052
 2060
 2066
 2076
 2086
 2094
 2102
 2108
 2114
 2118
 2126
 2130
 2134
 2140
 2142
 2144
 2146
 2146
 2148
 2146
 2144
 2148
 2154
 2160
 2166
 2172
 2178
 2182
 2186
 2186
 2188
 2190
 2188
 2190
 2190
 2190
 2190
 2190
 2190
 2190
 2190
 2188
 2186
 2188
 2192
 2196
 2202
 2208
 2212
 2218
 2218
 2216
 2216
 2212
 2210
 2208
 2200
 2192
 2180
 2168
 2156
 2146
 2138
 2122
 2108
 2096
 2088
 2080
 2070
 2058
 2048
 2034
 2020
 2004
 1990
 1976
 1960
 1946
 1932
 1918
 1904
 1892
 1880
 1866
 1854
 1842
 1828
 1816
 1812
 1806
 1800
 1798
 1796
 1802
 1806
 1808
 1814
 1824
 1836
 1848
 1866
 1884
 1904
 1924
 1942
 1964
 1984
 2004
 2022
 2040
 2058
 2078
 2098
 2114
 2132
 2146
 2160
 2172
 2182
 2188
 2196
 2202
 2208
 2212
 2216
 2220
 2222
 2226
 2226
 2228
 2228
 2228
 2226
 2224
 2220
 2222
 2226
 2230
 2236
 2240
 2244
 2248
 2248
 2248
 2246
 2246
 2242
 2240
 2240
 2236
 2234
 2230
 2226
 2224
 2220
 2216
 2216
 2214
 2210
 2206
 2208
 2216
 2222
 2232
 2240
 2246
 2250
 2254
 2252
 2250
 2246
 2240
 2236
 2224
 2212
 2206
 2198
 2192
 2184
 2176
 2168
 2162
 2154
 2142
 2132
 2126
 2120
 2116
 2110
 2106
 2098
 2090
 2082
 2072
 2060
 2050
 2038
 2026
 2012
 2000
 1988
 1976
 1966
 1952
 1940
 1930
 1914
 1898
 1890
 1882
 1874
 1868
 1866
 1868
 1872
 1874
 1880
 1888
 1896
 1906
 1918
 1932
 1948
 1962
 1980
 1998
 2018
 2040
 2060
 2080
 2100
 2122
 2144
 2164
 2182
 2198
 2214
 2224
 2232
 2240
 2244
 2250
 2254
 2256
 2260
 2260
 2262
 2264
 2264
 2264
 2262
 2258
 2258
 2258
 2266
 2270
 2276
 2280
 2284
 2290
 2288
 2288
 2288
 2288
 2286
 2286
 2286
 2286
 2286
 2284
 2284
 2282
 2280
 2276
 2268
 2266
 2268
 2272
 2272
 2270
 2270
 2268
 2258
 2248
 2238
 2224
 2212
 2196
 2180
 2166
 2150
 2136
 2118
 2100
 2084
 2062
 2036
 2016
 2004
 1986
 1966
 1942
 1916
 1890
 1862
 1830
 1798
 1768
 1740
 1710
 1684
 1656
 1630
 1602
 1578
 1556
 1536
 1518
 1506
 1498
 1496
 1502
 1510
 1524
 1538
 1554
 1570
 1592
 1614
 1638
 1660
 1680
 1700
 1720
 1742
 1760
 1774
 1794
 1812
 1832
 1850
 1862
 1876
 1888
 1898
 1910
 1922
 1932
 1940
 1948
 1950
 1952
 1952
 1950
 1950
 1946
 1944
 1948
 1954
 1958
 1968
 1976
 1984
 1988
 1992
 1988
 1988
 1986
 1986
 1984
 1984
 1982
 1984
 1988
 1988
 1996
 2010
 2024
 2042
 2056
 2070
 2084
 2100
 2116
 2128
 2142
 2158
 2174
 2192
 2210
 2228
 2246
 2262
 2274
 2288
 2300
 2322
 2340
 2352
 2364
 2372
 2378
 2374
 2370
 2364
 2356
 2344
 2330
 2316
 2296
 2274
 2252
 2232
 2206
 2176
 2146
 2118
 2092
 2064
 2030
 1996
 1962
 1926
 1890
 1852
 1816
 1780
 1742
 1706
 1670
 1640
 1610
 1580
 1548
 1520
 1494
 1466
 1444
 1430
 1422
 1418
 1422
 1432
 1442
 1460
 1478
 1494
 1516
 1538
 1558
 1586
 1612
 1636
 1656
 1680
 1704
 1726
 1750
 1766
 1788
 1816
 1848
 1880
 1910
 1938
 1966
 1992
 2016
 2034
 2054
 2074
 2092
 2112
 2130
 2148
 2170
 2192
 2214
 2234
 2254
 2272
 2290
 2304
 2314
 2326
 2340
 2362
 2382
 2396
 2408
 2418
 2426
 2424
 2422
 2420
 2414
 2404
 2392
 2378
 2360
 2342
 2320
 2300
 2276
 2252
 2230
 2206
 2180
 2152
 2128
 2108
 2086
 2060
 2036
 2010
 1984
 1954
 1926
 1898
 1872
 1846
 1822
 1798
 1776
 1756
 1738
 1726
 1722
 1722
 1726
 1730
 1742
 1760
 1776
 1792
 1808
 1824
 1838
 1852
 1862
 1882
 1908
 1932
 1954
 1978
 2000
 2026
 2052
 2078
 2104
 2130
 2158
 2184
 2206
 2228
 2254
 2284
 2314
 2342
 2366
 2388
 2408
 2424
 2436
 2446
 2456
 2464
 2470
 2478
 2482
 2488
 2494
 2496
 2498
 2502
 2504
 2506
 2504
 2502
 2502
 2506
 2512
 2520
 2526
 2532
 2536
 2540
 2542
 2542
 2540
 2540
 2540
 2542
 2548
 2550
 2554
 2554
 2556
 2556
 2556
 2554
 2554
 2552
 2548
 2542
 2544
 2550
 2554
 2560
 2564
 2568
 2572
 2574
 2574
 2572
 2576
 2582
 2584
 2584
 2584
 2584
 2582
 2582
 2582
 2580
 2578
 2576
 2576
 2570
 2566
 2566
 2572
 2578
 2582
 2586
 2588
 2590
 2590
 2592
 2590
 2586
 2578
 2570
 2564
 2554
 2544
 2534
 2526
 2514
 2504
 2494
 2484
 2472
 2458
 2448
 2444
 2440
 2436
 2430
 2424
 2428
 2426
 2422
 2418
 2414
 2406
 2400
 2394
 2386
 2380
 2376
 2372
 2368
 2370
 2370
 2368
 2368
 2372
 2382
 2390
 2400
 2412
 2424
 2442
 2458
 2468
 2478
 2488
 2496
 2502
 2510
 2518
 2524
 2528
 2532
 2532
 2536
 2540
 2542
 2542
 2542
 2548
 2554
 2562
 2568
 2582
 2594
 2604
 2610
 2616
 2618
 2620
 2622
 2626
 2626
 2628
 2628
 2628
 2630
 2630
 2632
 2632
 2628
 2626
 2634
 2638
 2646
 2654
 2666
 2676
 2682
 2686
 2688
 2690
 2690
 2690
 2690
 2690
 2688
 2688
 2686
 2686
 2688
 2686
 2680
 2678
 2678
 2684
 2688
 2694
 2704
 2714
 2720
 2724
 2724
 2724
 2724
 2722
 2722
 2720
 2718
 2714
 2712
 2710
 2706
 2702
 2700
 2694
 2686
 2686
 2686
 2684
 2688
 2694
 2698
 2698
 2696
 2692
 2686
 2680
 2674
 2668
 2658
 2650
 2644
 2636
 2628
 2620
 2614
 2606
 2596
 2588
 2584
 2584
 2582
 2590
 2596
 2602
 2608
 2610
 2614
 2618
 2620
 2622
 2626
 2628
 2628
 2630
 2634
 2634
 2636
 2640
 2642
 2642
 2646
 2652
 2662
 2674
 2690
 2704
 2714
 2722
 2728
 2732
 2736
 2738
 2740
 2742
 2740
 2742
 2742
 2744
 2742
 2744
 2744
 2744
 2744
 2740
 2736
 2736
 2746
 2758
 2764
 2772
 2778
 2782
 2786
 2784
 2784
 2784
 2784
 2784
 2782
 2780
 2778
 2778
 2776
 2776
 2774
 2772
 2774
 2770
 2768
 2770
 2780
 2790
 2794
 2800
 2806
 2810
 2812
 2814
 2812
 2812
 2810
 2808
 2806
 2804
 2802
 2800
 2800
 2798
 2796
 2794
 2794
 2798
 2798
 2798
 2806
 2814
 2822
 2830
 2836
 2842
 2846
 2850
 2848
 2848
 2844
 2840
 2838
 2834
 2828
 2824
 2818
 2814
 2810
 2808
 2806
 2804
 2796
 2794
 2794
 2794
 2792
 2792
 2790
 2790
 2788
 2784
 2778
 2774
 2766
 2760
 2754
 2746
 2738
 2732
 2724
 2716
 2716
 2712
 2706
 2700
 2702
 2702
 2704
 2708
 2710
 2716
 2722
 2728
 2732
 2740
 2746
 2752
 2762
 2768
 2776
 2782
 2790
 2798
 2806
 2816
 2824
 2834
 2844
 2852
 2862
 2868
 2876
 2882
 2882
 2880
 2878
 2874
 2870
 2866
 2864
 2862
 2860
 2858
 2856
 2860
 2860
 2856
 2854
 2854
 2860
 2866
 2872
 2878
 2882
 2886
 2892
 2890
 2890
 2886
 2878
 2870
 2864
 2862
 2856
 2854
 2852
 2850
 2848
 2846
 2842
 2836
 2832
 2834
 2836
 2840
 2842
 2844
 2846
 2846
 2842
 2842
 2840
 2834
 2832
 2830
 2828
 2826
 2826
 2826
 2832
 2836
 2840
 2844
 2846
 2846
 2846
 2850
 2860
 2866
 2872
 2876
 2876
 2876
 2872
 2866
 2860
 2852
 2842
 2832
 2818
 2806
 2790
 2776
 2758
 2742
 2724
 2706
 2686
 2662
 2644
 2630
 2614
 2598
 2582
 2564
 2546
 2524
 2502
 2478
 2454
 2424
 2396
 2366
 2336
 2308
 2278
 2252
 2226
 2198
 2170
 2142
 2126
 2108
 2090
 2070
 2050
 2030
 2010
 1988
 1962
 1936
 1910
 1890
 1872
 1860
 1854
 1854
 1862
 1874
 1888
 1910
 1938
 1968
 2004
 2046
 2086
 2124
 2160
 2196
 2224
 2254
 2288
 2320
 2352
 2384
 2414
 2446
 2476
 2508
 2536
 2560
 2584
 2608
 2640
 2668
 2696
 2726
 2756
 2784
 2802
 2818
 2834
 2848
 2862
 2874
 2884
 2892
 2900
 2906
 2914
 2920
 2920
 2920
 2918
 2914
 2912
 2908
 2902
 2896
 2886
 2872
 2858
 2842
 2824
 2804
 2786
 2766
 2746
 2724
 2704
 2680
 2658
 2634
 2612
 2588
 2560
 2540
 2522
 2504
 2486
 2466
 2444
 2426
 2406
 2382
 2364
 2346
 2326
 2310
 2290
 2272
 2256
 2240
 2226
 2212
 2200
 2190
 2176
 2166
 2160
 2158
 2166
 2180
 2198
 2218
 2240
 2264
 2290
 2316
 2344
 2372
 2398
 2426
 2450
 2476
 2500
 2524
 2544
 2566
 2586
 2604
 2618
 2624
 2634
 2652
 2672
 2686
 2698
 2712
 2722
 2734
 2742
 2752
 2762
 2774
 2784
 2794
 2802
 2812
 2820
 2826
 2834
 2840
 2844
 2848
 2852
 2856
 2858
 2858
 2860
 2864
 2874
 2882
 2892
 2900
 2908
 2912
 2914
 2914
 2910
 2906
 2904
 2902
 2900
 2898
 2898
 2890
 2884
 2878
 2874
 2872
 2868
 2868
 2866
 2860
 2858
 2856
 2860
 2864
 2870
 2874
 2876
 2878
 2880
 2878
 2876
 2870
 2862
 2854
 2846
 2832
 2818
 2802
 2784
 2764
 2744
 2724
 2700
 2680
 2656
 2630
 2608
 2590
 2576
 2560
 2542
 2528
 2510
 2492
 2474
 2454
 2438
 2420
 2402
 2384
 2366
 2348
 2332
 2316
 2300
 2288
 2282
 2274
 2264
 2260
 2256
 2252
 2248
 2244
 2246
 2250
 2258
 2266
 2280
 2294
 2316
 2340
 2366
 2394
 2424
 2454
 2488
 2518
 2546
 2582
 2616
 2652
 2684
 2714
 2742
 2766
 2790
 2808
 2822
 2838
 2850
 2862
 2874
 2882
 2892
 2898
 2904
 2910
 2918
 2920
 2920
 2922
 2926
 2930
 2932
 2936
 2938
 2944
 2948
 2948
 2950
 2942
 2936
 2932
 2928
 2924
 2920
 2918
 2918
 2916
 2916
 2908
 2902
 2898
 2896
 2892
 2888
 2882
 2886
 2890
 2894
 2894
 2890
 2892
 2892
 2890
 2888
 2888
 2882
 2874
 2868
 2862
 2858
 2856
 2852
 2848
 2844
 2838
 2834
 2826
 2814
 2800
 2792
 2786
 2778
 2770
 2760
 2750
 2736
 2722
 2706
 2688
 2672
 2656
 2646
 2634
 2620
 2606
 2592
 2576
 2564
 2552
 2538
 2526
 2510
 2498
 2492
 2486
 2480
 2476
 2470
 2468
 2462
 2456
 2452
 2452
 2458
 2466
 2476
 2484
 2496
 2508
 2520
 2536
 2552
 2570
 2590
 2608
 2622
 2640
 2664
 2688
 2710
 2734
 2754
 2772
 2790
 2802
 2816
 2834
 2848
 2860
 2872
 2880
 2888
 2894
 2900
 2904
 2906
 2902
 2902
 2900
 2900
 2900
 2898
 2898
 2904
 2912
 2916
 2918
 2920
 2920
 2922
 2922
 2922
 2922
 2920
 2918
 2914
 2908
 2900
 2896
 2892
 2890
 2886
 2884
 2874
 2868
 2862
 2856
 2848
 2846
 2850
 2852
 2858
 2860
 2864
 2866
 2870
 2868
 2868
 2866
 2864
 2862
 2862
 2862
 2860
 2858
 2856
 2854
 2852
 2850
 2848
 2848
 2844
 2842
 2838
 2838
 2846
 2850
 2854
 2860
 2864
 2866
 2868
 2866
 2864
 2860
 2856
 2852
 2850
 2844
 2838
 2834
 2826
 2818
 2808
 2798
 2790
 2782
 2768
 2754
 2748
 2742
 2736
 2730
 2726
 2720
 2714
 2708
 2702
 2704
 2706
 2706
 2708
 2706
 2708
 2712
 2714
 2718
 2720
 2724
 2728
 2730
 2732
 2740
 2748
 2760
 2772
 2784
 2794
 2804
 2812
 2822
 2832
 2842
 2850
 2856
 2858
 2862
 2864
 2866
 2870
 2872
 2872
 2874
 2874
 2874
 2870
 2872
 2876
 2882
 2888
 2890
 2890
 2890
 2890
 2888
 2886
 2886
 2882
 2882
 2882
 2880
 2878
 2878
 2876
 2874
 2874
 2872
 2872
 2870
 2864
 2862
 2868
 2874
 2878
 2884
 2886
 2892
 2896
 2890
 2884
 2880
 2874
 2872
 2868
 2866
 2864
 2862
 2860
 2856
 2856
 2852
 2850
 2850
 2846
 2842
 2842
 2846
 2852
 2858
 2862
 2868
 2870
 2872
 2870
 2868
 2866
 2862
 2858
 2854
 2850
 2846
 2840
 2834
 2830
 2822
 2816
 2810
 2800
 2792
 2786
 2786
 2784
 2782
 2782
 2780
 2776
 2772
 2766
 2762
 2756
 2748
 2744
 2738
 2734
 2730
 2728
 2728
 2728
 2736
 2744
 2750
 2752
 2760
 2768
 2780
 2792
 2804
 2814
 2826
 2836
 2842
 2848
 2854
 2856
 2858
 2862
 2862
 2864
 2866
 2866
 2868
 2866
 2866
 2864
 2866
 2864
 2862
 2858
 2858
 2864
 2868
 2874
 2880
 2886
 2890
 2892
 2892
 2894
 2886
 2878
 2872
 2870
 2866
 2862
 2860
 2858
 2856
 2852
 2850
 2848
 2844
 2842
 2838
 2840
 2846
 2850
 2856
 2862
 2864
 2868
 2868
 2866
 2864
 2862
 2858
 2854
 2852
 2846
 2844
 2840
 2836
 2832
 2832
 2832
 2830
 2826
 2826
 2834
 2840
 2846
 2852
 2856
 2860
 2864
 2862
 2864
 2862
 2862
 2858
 2856
 2852
 2848
 2844
 2838
 2832
 2824
 2818
 2808
 2796
 2788
 2782
 2780
 2774
 2770
 2764
 2760
 2754
 2746
 2740
 2732
 2724
 2714
 2706
 2704
 2698
 2692
 2686
 2678
 2672
 2664
 2652
 2642
 2638
 2634
 2630
 2628
 2626
 2622
 2622
 2620
 2622
 2624
 2628
 2632
 2642
 2652
 2668
 2684
 2700
 2714
 2728
 2742
 2752
 2760
 2772
 2786
 2800
 2814
 2828
 2838
 2850
 2858
 2862
 2866
 2868
 2868
 2872
 2872
 2874
 2874
 2872
 2872
 2872
 2868
 2866
 2864
 2862
 2854
 2844
 2836
 2836
 2838
 2838
 2844
 2846
 2848
 2850
 2852
 2850
 2848
 2846
 2842
 2842
 2840
 2838
 2836
 2836
 2834
 2832
 2830
 2828
 2826
 2822
 2816
 2812
 2812
 2818
 2820
 2830
 2838
 2844
 2850
 2852
 2852
 2856
 2858
 2860
 2862
 2864
 2864
 2866
 2862
 2860
 2856
 2848
 2844
 2838
 2832
 2822
 2814
 2814
 2814
 2812
 2810
 2808
 2804
 2800
 2794
 2782
 2772
 2760
 2750
 2738
 2726
 2716
 2702
 2690
 2678
 2668
 2656
 2644
 2634
 2628
 2622
 2616
 2610
 2602
 2594
 2586
 2576
 2566
 2564
 2560
 2560
 2566
 2572
 2582
 2592
 2610
 2630
 2654
 2676
 2690
 2712
 2734
 2754
 2772
 2790
 2810
 2826
 2844
 2858
 2868
 2878
 2886
 2896
 2902
 2906
 2910
 2914
 2912
 2906
 2902
 2896
 2890
 2884
 2880
 2884
 2886
 2888
 2888
 2882
 2878
 2876
 2868
 2866
 2862
 2858
 2854
 2852
 2850
 2848
 2846
 2842
 2836
 2834
 2830
 2824
 2818
 2816
 2822
 2828
 2832
 2838
 2842
 2848
 2854
 2856
 2860
 2858
 2858
 2854
 2850
 2842
 2832
 2820
 2806
 2790
 2774
 2758
 2740
 2718
 2698
 2684
 2668
 2652
 2634
 2614
 2594
 2570
 2546
 2524
 2500
 2474
 2446
 2418
 2386
 2354
 2320
 2284
 2250
 2216
 2182
 2144
 2114
 2082
 2050
 2020
 1988
 1956
 1926
 1890
 1852
 1824
 1794
 1764
 1732
 1700
 1666
 1630
 1592
 1556
 1522
 1492
 1470
 1454
 1444
 1442
 1444
 1450
 1466
 1482
 1504
 1534
 1568
 1608
 1656
 1702
 1748
 1794
 1838
 1878
 1912
 1948
 1984
 2022
 2058
 2086
 2116
 2146
 2174
 2196
 2220
 2242
 2264
 2292
 2316
 2342
 2374
 2402
 2432
 2460
 2486
 2506
 2526
 2550
 2580
 2612
 2640
 2664
 2690
 2714
 2730
 2742
 2752
 2756
 2756
 2754
 2748
 2740
 2730
 2722
 2710
 2694
 2678
 2662
 2642
 2616
 2594
 2576
 2558
 2540
 2518
 2498
 2474
 2452
 2426
 2398
 2372
 2346
 2318
 2292
 2264
 2244
 2222
 2200
 2176
 2152
 2128
 2100
 2072
 2050
 2028
 2006
 1984
 1964
 1944
 1930
 1918
 1906
 1908
 1908
 1914
 1920
 1930
 1944
 1964
 1982
 2002
 2022
 2040
 2056
 2080
 2106
 2134
 2164
 2192
 2220
 2246
 2272
 2292
 2308
 2328
 2348
 2366
 2384
 2402
 2418
 2442
 2464
 2484
 2504
 2522
 2534
 2548
 2562
 2582
 2602
 2622
 2636
 2650
 2662
 2676
 2686
 2698
 2708
 2720
 2732
 2742
 2754
 2768
 2784
 2796
 2804
 2808
 2810
 2806
 2798
 2790
 2782
 2776
 2768
 2758
 2746
 2730
 2714
 2694
 2672
 2650
 2628
 2604
 2580
 2558
 2542
 2524
 2506
 2488
 2466
 2446
 2426
 2404
 2376
 2356
 2334
 2312
 2290
 2266
 2240
 2216
 2190
 2162
 2138
 2114
 2094
 2082
 2074
 2076
 2082
 2086
 2098
 2108
 2120
 2130
 2144
 2162
 2180
 2198
 2218
 2236
 2258
 2278
 2296
 2312
 2328
 2348
 2368
 2388
 2408
 2432
 2456
 2478
 2498
 2516
 2536
 2550
 2562
 2576
 2594
 2614
 2634
 2654
 2670
 2688
 2706
 2718
 2730
 2742
 2756
 2768
 2782
 2796
 2814
 2830
 2844
 2858
 2868
 2878
 2884
 2884
 2884
 2888
 2890
 2888
 2886
 2882
 2872
 2858
 2842
 2826
 2810
 2794
 2778
 2762
 2746
 2728
 2710
 2692
 2674
 2658
 2642
 2622
 2600
 2582
 2568
 2552
 2536
 2518
 2500
 2482
 2462
 2442
 2422
 2402
 2382
 2364
 2350
 2340
 2332
 2322
 2316
 2314
 2314
 2314
 2316
 2324
 2332
 2340
 2350
 2362
 2374
 2386
 2398
 2408
 2418
 2432
 2444
 2458
 2470
 2490
 2510
 2526
 2542
 2558
 2574
 2584
 2596
 2612
 2632
 2650
 2668
 2684
 2700
 2716
 2730
 2740
 2750
 2762
 2774
 2784
 2796
 2808
 2826
 2840
 2852
 2864
 2876
 2882
 2886
 2894
 2902
 2912
 2914
 2916
 2916
 2918
 2916
 2910
 2908
 2902
 2894
 2886
 2870
 2854
 2842
 2828
 2816
 2802
 2788
 2776
 2760
 2744
 2732
 2724
 2712
 2700
 2688
 2676
 2662
 2648
 2632
 2620
 2606
 2590
 2576
 2564
 2550
 2542
 2534
 2534
 2540
 2544
 2550
 2552
 2562
 2574
 2586
 2598
 2610
 2622
 2636
 2648
 2658
 2668
 2682
 2692
 2704
 2716
 2724
 2736
 2746
 2758
 2776
 2790
 2804
 2816
 2822
 2832
 2844
 2856
 2872
 2886
 2900
 2910
 2924
 2934
 2942
 2950
 2958
 2960
 2962
 2966
 2970
 2974
 2982
 2988
 2992
 2998
 3004
 3004
 3000
 2998
 3004
 3012
 3024
 3034
 3040
 3044
 3048
 3050
 3052
 3056
 3056
 3058
 3060
 3060
 3056
 3050
 3046
 3044
 3042
 3038
 3036
 3036
 3030
 3026
 3024
 3022
 3020
 3022
 3022
 3022
 3020
 3020
 3012
 3002
 2994
 2984
 2978
 2970
 2962
 2954
 2946
 2938
 2924
 2910
 2898
 2888
 2874
 2862
 2858
 2852
 2848
 2842
 2838
 2832
 2828
 2824
 2818
 2814
 2808
 2804
 2800
 2798
 2796
 2796
 2796
 2794
 2796
 2796
 2796
 2796
 2798
 2806
 2814
 2822
 2832
 2842
 2850
 2860
 2866
 2872
 2878
 2884
 2888
 2892
 2896
 2898
 2904
 2900
 2896
 2896
 2898
 2896
 2890
 2890
 2896
 2902
 2908
 2908
 2906
 2908
 2910
 2908
 2910
 2910
 2910
 2910
 2910
 2904
 2898
 2892
 2892
 2890
 2888
 2888
 2884
 2872
 2866
 2868
 2870
 2872
 2878
 2878
 2882
 2884
 2884
 2884
 2882
 2874
 2868
 2864
 2860
 2856
 2854
 2852
 2850
 2850
 2848
 2848
 2844
 2840
 2840
 2846
 2848
 2854
 2858
 2860
 2864
 2866
 2866
 2864
 2864
 2864
 2862
 2860
 2856
 2856
 2854
 2852
 2850
 2850
 2848
 2844
 2840
 2838
 2844
 2848
 2850
 2856
 2860
 2862
 2864
 2864
 2864
 2864
 2862
 2862
 2862
 2860
 2858
 2858
 2856
 2854
 2856
 2854
 2852
 2848
 2846
 2854
 2860
 2864
 2870
 2876
 2880
 2882
 2882
 2884
 2884
 2882
 2884
 2880
 2872
 2866
 2862
 2860
 2858
 2858
 2858
 2858
 2854
 2854
 2862
 2866
 2870
 2874
 2874
 2874
 2876
 2874
 2870
 2870
 2866
 2864
 2862
 2858
 2856
 2854
 2850
 2848
 2846
 2844
 2840
 2834
 2832
 2836
 2836
 2836
 2838
 2838
 2836
 2834
 2828
 2822
 2816
 2808
 2800
 2790
 2780
 2770
 2760
 2748
 2738
 2728
 2716
 2700
 2692
 2690
 2688
 2684
 2680
 2676
 2672
 2672
 2670
 2668
 2670
 2672
 2674
 2678
 2682
 2684
 2688
 2694
 2700
 2706
 2710
 2716
 2724
 2742
 2760
 2776
 2790
 2804
 2818
 2824
 2830
 2836
 2840
 2844
 2846
 2850
 2852
 2854
 2856
 2858
 2858
 2858
 2860
 2860
 2854
 2854
 2858
 2862
 2868
 2876
 2880
 2886
 2890
 2892
 2892
 2892
 2892
 2890
 2884
 2878
 2872
 2870
 2866
 2866
 2862
 2860
 2860
 2858
 2854
 2852
 2856
 2860
 2864
 2870
 2876
 2880
 2884
 2886
 2886
 2888
 2886
 2878
 2876
 2872
 2868
 2868
 2864
 2864
 2864
 2862
 2858
 2854
 2854
 2856
 2862
 2868
 2874
 2878
 2884
 2886
 2888
 2890
 2888
 2882
 2874
 2870
 2866
 2860
 2856
 2852
 2848
 2846
 2842
 2834
 2828
 2826
 2826
 2824
 2824
 2822
 2818
 2816
 2806
 2798
 2790
 2780
 2770
 2760
 2748
 2738
 2728
 2718
 2706
 2702
 2698
 2688
 2678
 2672
 2666
 2662
 2656
 2650
 2644
 2636
 2628
 2620
 2614
 2604
 2596
 2588
 2578
 2570
 2560
 2552
 2544
 2540
 2540
 2536
 2536
 2538
 2544
 2552
 2562
 2572
 2586
 2600
 2614
 2626
 2642
 2660
 2674
 2692
 2706
 2722
 2734
 2748
 2758
 2768
 2784
 2798
 2808
 2816
 2818
 2822
 2830
 2838
 2844
 2852
 2858
 2864
 2870
 2870
 2870
 2870
 2868
 2870
 2870
 2870
 2872
 2872
 2872
 2872
 2874
 2872
 2872
 2870
 2870
 2870
 2866
 2862
 2860
 2866
 2870
 2876
 2882
 2886
 2890
 2892
 2886
 2882
 2878
 2874
 2872
 2872
 2870
 2870
 2872
 2872
 2874
 2874
 2872
 2868
 2868
 2864
 2856
 2852
 2850
 2850
 2850
 2850
 2848
 2846
 2842
 2838
 2830
 2822
 2814
 2808
 2798
 2790
 2780
 2768
 2758
 2746
 2734
 2722
 2712
 2700
 2684
 2674
 2666
 2660
 2656
 2658
 2656
 2654
 2650
 2640
 2632
 2624
 2614
 2606
 2594
 2584
 2574
 2562
 2552
 2542
 2530
 2522
 2512
 2504
 2502
 2508
 2514
 2528
 2548
 2570
 2594
 2614
 2636
 2658
 2682
 2706
 2728
 2750
 2768
 2786
 2800
 2812
 2824
 2836
 2842
 2844
 2848
 2852
 2860
 2870
 2878
 2882
 2884
 2888
 2886
 2884
 2880
 2872
 2864
 2856
 2850
 2846
 2842
 2840
 2838
 2838
 2838
 2838
 2834
 2832
 2832
 2838
 2846
 2850
 2856
 2860
 2866
 2868
 2868
 2870
 2868
 2866
 2866
 2864
 2862
 2862
 2862
 2862
 2862
 2858
 2856
 2850
 2840
 2832
 2828
 2826
 2824
 2824
 2820
 2818
 2816
 2810
 2804
 2798
 2790
 2784
 2776
 2766
 2758
 2750
 2740
 2728
 2720
 2716
 2708
 2694
 2682
 2674
 2664
 2654
 2644
 2630
 2616
 2602
 2586
 2568
 2554
 2538
 2524
 2506
 2492
 2474
 2458
 2442
 2428
 2420
 2412
 2406
 2404
 2402
 2400
 2396
 2396
 2398
 2400
 2406
 2414
 2428
 2440
 2458
 2480
 2502
 2520
 2540
 2560
 2580
 2596
 2616
 2640
 2662
 2690
 2714
 2738
 2762
 2784
 2804
 2824
 2840
 2854
 2868
 2880
 2894
 2904
 2918
 2930
 2944
 2958
 2970
 2978
 2984
 2988
 2990
 2998
 3010
 3020
 3026
 3034
 3036
 3034
 3028
 3024
 3020
 3014
 3010
 3006
 3002
 2998
 2992
 2982
 2974
 2966
 2960
 2956
 2952
 2946
 2934
 2924
 2926
 2932
 2934
 2936
 2938
 2940
 2940
 2936
 2924
 2910
 2894
 2882
 2868
 2854
 2838
 2822
 2804
 2786
 2764
 2744
 2724
 2704
 2680
 2656
 2636
 2620
 2602
 2586
 2570
 2554
 2536
 2516
 2496
 2478
 2458
 2438
 2418
 2398
 2376
 2356
 2336
 2314
 2292
 2274
 2254
 2234
 2222
 2210
 2198
 2184
 2172
 2158
 2146
 2136
 2124
 2118
 2116
 2118
 2126
 2134
 2148
 2162
 2178
 2198
 2220
 2240
 2258
 2280
 2310
 2344
 2376
 2402
 2430
 2458
 2484
 2510
 2530
 2550
 2570
 2590
 2608
 2624
 2642
 2656
 2672
 2688
 2702
 2720
 2734
 2742
 2756
 2774
 2796
 2818
 2838
 2856
 2872
 2886
 2896
 2902
 2908
 2910
 2914
 2916
 2918
 2914
 2908
 2902
 2900
 2896
 2892
 2888
 2886
 2880
 2872
 2864
 2858
 2860
 2866
 2872
 2878
 2884
 2888
 2892
 2892
 2890
 2876
 2866
 2854
 2844
 2834
 2822
 2812
 2800
 2788
 2776
 2766
 2754
 2744
 2732
 2720
 2708
 2696
 2688
 2684
 2680
 2676
 2672
 2668
 2662
 2656
 2652
 2644
 2636
 2624
 2612
 2598
 2584
 2566
 2552
 2534
 2516
 2498
 2482
 2464
 2444
 2426
 2410
 2398
 2388
 2376
 2366
 2354
 2352
 2348
 2342
 2338
 2336
 2336
 2336
 2344
 2350
 2360
 2370
 2380
 2392
 2408
 2424
 2436
 2452
 2472
 2496
 2520
 2542
 2564
 2592
 2620
 2644
 2664
 2684
 2702
 2720
 2736
 2752
 2764
 2776
 2786
 2796
 2804
 2810
 2816
 2824
 2828
 2828
 2832
 2836
 2848
 2858
 2866
 2874
 2882
 2890
 2892
 2894
 2896
 2894
 2894
 2896
 2894
 2894
 2890
 2882
 2876
 2872
 2868
 2864
 2862
 2858
 2854
 2850
 2852
 2858
 2862
 2868
 2872
 2876
 2880
 2880
 2882
 2880
 2880
 2878
 2878
 2878
 2876
 2874
 2872
 2866
 2862
 2858
 2852
 2848
 2840
 2832
 2820
 2814
 2810
 2808
 2804
 2802
 2796
 2794
 2790
 2784
 2778
 2770
 2762
 2752
 2744
 2734
 2726
 2716
 2708
 2698
 2690
 2682
 2674
 2664
 2656
 2650
 2656
 2664
 2674
 2682
 2694
 2704
 2716
 2724
 2734
 2744
 2756
 2766
 2778
 2788
 2798
 2808
 2816
 2824
 2830
 2836
 2842
 2842
 2844
 2848
 2858
 2866
 2874
 2882
 2886
 2892
 2894
 2894
 2892
 2894
 2892
 2888
 2882
 2878
 2874
 2872
 2872
 2870
 2872
 2870
 2870
 2868
 2868
 2872
 2878
 2886
 2896
 2902
 2910
 2910
 2906
 2904
 2902
 2900
 2900
 2898
 2896
 2896
 2894
 2888
 2882
 2876
 2870
 2868
 2866
 2860
 2856
 2856
 2862
 2866
 2872
 2878
 2882
 2886
 2880
 2876
 2872
 2868
 2864
 2860
 2858
 2856
 2854
 2852
 2850
 2848
 2846
 2844
 2842
 2838
 2836
 2832
 2834
 2840
 2846
 2850
 2856
 2860
 2862
 2864
 2864
 2864
 2862
 2862
 2860
 2858
 2856
 2856
 2854
 2850
 2846
 2844
 2842
 2836
 2830
 2824
 2824
 2824
 2826
 2826
 2824
 2822
 2820
 2814
 2808
 2800
 2792
 2782
 2772
 2768
 2762
 2756
 2744
 2734
 2722
 2708
 2692
 2678
 2664
 2658
 2654
 2652
 2652
 2654
 2658
 2664
 2670
 2676
 2682
 2686
 2692
 2702
 2714
 2726
 2736
 2744
 2752
 2762
 2768
 2772
 2778
 2788
 2802
 2814
 2826
 2838
 2850
 2858
 2864
 2868
 2872
 2876
 2878
 2878
 2880
 2878
 2878
 2876
 2874
 2870
 2868
 2862
 2856
 2852
 2856
 2858
 2860
 2862
 2862
 2864
 2862
 2856
 2854
 2852
 2848
 2846
 2844
 2842
 2840
 2840
 2838
 2836
 2836
 2836
 2834
 2830
 2828
 2836
 2842
 2846
 2852
 2860
 2864
 2868
 2868
 2868
 2868
 2868
 2866
 2866
 2864
 2864
 2864
 2862
 2858
 2856
 2850
 2844
 2832
 2822
 2816
 2810
 2802
 2794
 2782
 2772
 2760
 2744
 2730
 2716
 2698
 2682
 2664
 2646
 2636
 2622
 2608
 2592
 2578
 2560
 2542
 2524
 2512
 2500
 2486
 2474
 2460
 2446
 2432
 2416
 2402
 2388
 2374
 2360
 2348
 2334
 2324
 2322
 2322
 2324
 2326
 2330
 2338
 2350
 2366
 2382
 2400
 2420
 2438
 2458
 2478
 2496
 2516
 2538
 2558
 2580
 2600
 2618
 2638
 2664
 2688
 2710
 2734
 2752
 2764
 2778
 2794
 2814
 2834
 2852
 2868
 2882
 2896
 2904
 2910
 2916
 2920
 2924
 2926
 2922
 2918
 2914
 2914
 2912
 2908
 2906
 2904
 2902
 2900
 2894
 2884
 2878
 2874
 2874
 2880
 2884
 2890
 2892
 2898
 2896
 2888
 2884
 2882
 2878
 2876
 2874
 2872
 2872
 2870
 2868
 2870
 2868
 2866
 2864
 2860
 2856
 2852
 2844
 2836
 2830
 2832
 2830
 2830
 2828
 2824
 2822
 2816
 2808
 2802
 2792
 2784
 2774
 2762
 2750
 2738
 2724
 2710
 2694
 2678
 2668
 2660
 2646
 2630
 2614
 2600
 2592
 2580
 2568
 2558
 2544
 2534
 2520
 2506
 2494
 2480
 2468
 2456
 2444
 2432
 2420
 2410
 2402
 2398
 2392
 2386
 2378
 2374
 2376
 2382
 2388
 2400
 2414
 2430
 2446
 2464
 2478
 2496
 2514
 2532
 2552
 2568
 2584
 2602
 2618
 2640
 2662
 2678
 2690
 2702
 2712
 2724
 2738
 2752
 2768
 2780
 2790
 2802
 2808
 2812
 2816
 2822
 2824
 2828
 2834
 2838
 2844
 2850
 2852
 2860
 2864
 2870
 2872
 2874
 2878
 2886
 2898
 2908
 2918
 2926
 2928
 2930
 2928
 2930
 2928
 2930
 2928
 2924
 2918
 2912
 2906
 2904
 2900
 2896
 2894
 2892
 2890
 2882
 2872
 2872
 2876
 2878
 2882
 2886
 2888
 2892
 2892
 2888
 2878
 2870
 2862
 2854
 2846
 2836
 2828
 2820
 2810
 2802
 2796
 2786
 2776
 2766
 2762
 2760
 2758
 2758
 2756
 2756
 2754
 2750
 2748
 2744
 2740
 2738
 2734
 2730
 2728
 2726
 2734
 2738
 2740
 2742
 2744
 2744
 2742
 2746
 2750
 2760
 2768
 2778
 2786
 2794
 2802
 2806
 2810
 2812
 2816
 2818
 2822
 2824
 2832
 2838
 2844
 2848
 2850
 2854
 2856
 2858
 2854
 2856
 2862
 2870
 2878
 2886
 2892
 2900
 2904
 2908
 2910
 2908
 2902
 2896
 2892
 2888
 2884
 2880
 2876
 2870
 2866
 2860
 2854
 2844
 2836
 2834
 2830
 2828
 2826
 2822
 2816
 2812
 2802
 2794
 2784
 2774
 2764
 2754
 2742
 2732
 2718
 2704
 2686
 2672
 2656
 2636
 2616
 2600
 2588
 2574
 2560
 2546
 2530
 2516
 2498
 2478
 2460
 2450
 2438
 2426
 2414
 2400
 2390
 2382
 2380
 2378
 2378
 2382
 2386
 2398
 2412
 2426
 2442
 2460
 2478
 2498
 2516
 2534
 2550
 2574
 2596
 2620
 2640
 2660
 2678
 2694
 2712
 2728
 2744
 2754
 2764
 2778
 2794
 2812
 2826
 2842
 2856
 2868
 2876
 2880
 2886
 2892
 2896
 2900
 2904
 2904
 2908
 2902
 2898
 2896
 2892
 2892
 2890
 2886
 2882
 2884
 2890
 2888
 2888
 2890
 2888
 2892
 2890
 2888
 2882
 2872
 2864
 2856
 2848
 2838
 2832
 2824
 2816
 2808
 2798
 2792
 2782
 2776
 2768
 2756
 2748
 2744
 2744
 2742
 2740
 2736
 2732
 2728
 2722
 2716
 2714
 2710
 2702
 2696
 2688
 2678
 2668
 2658
 2646
 2636
 2624
 2614
 2604
 2592
 2578
 2572
 2566
 2566
 2566
 2568
 2570
 2576
 2588
 2598
 2608
 2618
 2628
 2636
 2648
 2656
 2664
 2674
 2682
 2692
 2700
 2710
 2718
 2722
 2728
 2736
 2750
 2760
 2774
 2784
 2798
 2814
 2828
 2836
 2842
 2850
 2856
 2860
 2864
 2866
 2870
 2874
 2876
 2876
 2880
 2880
 2882
 2882
 2880
 2880
 2884
 2886
 2890
 2896
 2900
 2904
 2910
 2914
 2916
 2916
 2914
 2908
 2902
 2900
 2898
 2894
 2892
 2892
 2890
 2886
 2884
 2874
 2866
 2862
 2864
 2868
 2872
 2878
 2882
 2884
 2888
 2888
 2890
 2882
 2874
 2870
 2866
 2862
 2858
 2856
 2852
 2846
 2842
 2836
 2830
 2822
 2812
 2802
 2800
 2796
 2794
 2792
 2790
 2786
 2782
 2778
 2770
 2764
 2756
 2748
 2742
 2734
 2728
 2726
 2724
 2722
 2716
 2710
 2704
 2698
 2690
 2682
 2682
 2678
 2676
 2678
 2676
 2674
 2674
 2672
 2676
 2676
 2678
 2680
 2686
 2690
 2700
 2710
 2718
 2726
 2732
 2738
 2742
 2746
 2752
 2764
 2776
 2788
 2802
 2814
 2826
 2834
 2842
 2848
 2852
 2858
 2860
 2864
 2868
 2868
 2870
 2872
 2870
 2874
 2874
 2872
 2868
 2870
 2874
 2882
 2888
 2894
 2898
 2896
 2894
 2888
 2886
 2882
 2878
 2878
 2874
 2870
 2868
 2866
 2864
 2860
 2858
 2856
 2854
 2850
 2846
 2844
 2846
 2852
 2856
 2860
 2862
 2866
 2868
 2868
 2866
 2864
 2862
 2860
 2858
 2854
 2852
 2848
 2846
 2844
 2842
 2838
 2838
 2834
 2832
 2830
 2832
 2840
 2846
 2852
 2858
 2864
 2868
 2870
 2872
 2870
 2868
 2866
 2864
 2860
 2858
 2854
 2852
 2850
 2846
 2840
 2840
 2834
 2828
 2820
 2818
 2818
 2818
 2816
 2814
 2812
 2810
 2804
 2798
 2792
 2788
 2786
 2784
 2780
 2774
 2768
 2764
 2758
 2750
 2744
 2736
 2726
 2716
 2708
 2706
 2702
 2698
 2694
 2690
 2688
 2684
 2682
 2682
 2690
 2696
 2704
 2710
 2716
 2724
 2732
 2740
 2750
 2758
 2770
 2776
 2784
 2794
 2810
 2822
 2838
 2852
 2862
 2872
 2882
 2888
 2894
 2898
 2898
 2902
 2906
 2906
 2906
 2908
 2902
 2896
 2894
 2890
 2888
 2884
 2878
 2878
 2884
 2886
 2886
 2886
 2884
 2886
 2886
 2882
 2878
 2876
 2872
 2870
 2866
 2862
 2858
 2856
 2854
 2850
 2844
 2840
 2838
 2834
 2826
 2822
 2822
 2828
 2832
 2834
 2838
 2840
 2844
 2844
 2844
 2842
 2838
 2836
 2834
 2832
 2828
 2826
 2824
 2820
 2818
 2816
 2818
 2818
 2818
 2818
 2824
 2836
 2850
 2860
 2870
 2876
 2882
 2884
 2884
 2882
 2878
 2872
 2862
 2852
 2844
 2838
 2830
 2822
 2814
 2806
 2798
 2786
 2776
 2772
 2768
 2764
 2760
 2754
 2748
 2740
 2730
 2720
 2708
 2698
 2686
 2674
 2666
 2658
 2652
 2642
 2632
 2620
 2610
 2594
 2580
 2572
 2564
 2558
 2556
 2556
 2560
 2566
 2570
 2576
 2588
 2598
 2608
 2620
 2634
 2654
 2672
 2692
 2708
 2724
 2732
 2738
 2740
 2748
 2758
 2772
 2782
 2794
 2804
 2814
 2820
 2826
 2828
 2832
 2834
 2834
 2834
 2836
 2840
 2842
 2846
 2846
 2848
 2846
 2844
 2840
 2844
 2848
 2854
 2862
 2866
 2870
 2876
 2874
 2876
 2876
 2874
 2874
 2874
 2872
 2872
 2872
 2872
 2872
 2870
 2864
 2860
 2856
 2848
 2840
 2836
 2836
 2836
 2834
 2830
 2830
 2828
 2822
 2816
 2810
 2802
 2794
 2788
 2778
 2768
 2760
 2750
 2738
 2728
 2718
 2712
 2708
 2696
 2686
 2678
 2672
 2664
 2658
 2648
 2640
 2632
 2622
 2616
 2610
 2606
 2606
 2608
 2612
 2620
 2630
 2642
 2658
 2676
 2700
 2720
 2736
 2756
 2776
 2800
 2822
 2840
 2860
 2872
 2884
 2894
 2898
 2902
 2904
 2906
 2906
 2900
 2894
 2888
 2886
 2882
 2878
 2876
 2874
 2870
 2868
 2868
 2874
 2880
 2886
 2892
 2890
 2890
 2888
 2884
 2882
 2880
 2878
 2876
 2874
 2872
 2870
 2870
 2868
 2866
 2864
 2862
 2862
 2860
 2854
 2852
 2856
 2862
 2868
 2874
 2878
 2882
 2886
 2886
 2886
 2888
 2884
 2878
 2878
 2876
 2872
 2870
 2866
 2862
 2856
 2850
 2844
 2838
 2834
 2826
 2818
 2812
 2810
 2810
 2806
 2804
 2802
 2802
 2796
 2790
 2784
 2776
 2766
 2758
 2746
 2734
 2722
 2710
 2696
 2682
 2666
 2652
 2638
 2622
 2610
 2600
 2592
 2580
 2570
 2558
 2546
 2532
 2514
 2496
 2478
 2462
 2442
 2426
 2406
 2390
 2374
 2354
 2338
 2322
 2304
 2284
 2274
 2266
 2256
 2246
 2238
 2234
 2232
 2238
 2244
 2252
 2266
 2284
 2302
 2322
 2344
 2368
 2390
 2416
 2438
 2456
 2476
 2498
 2522
 2548
 2570
 2588
 2602
 2614
 2624
 2632
 2638
 2648
 2658
 2668
 2680
 2694
 2712
 2728
 2744
 2762
 2778
 2790
 2798
 2808
 2822
 2848
 2870
 2888
 2902
 2914
 2924
 2928
 2932
 2934
 2934
 2926
 2920
 2910
 2902
 2892
 2882
 2870
 2858
 2848
 2836
 2820
 2806
 2794
 2784
 2776
 2768
 2756
 2744
 2732
 2720
 2704
 2692
 2678
 2664
 2648
 2632
 2618
 2600
 2584
 2570
 2552
 2538
 2522
 2504
 2486
 2470
 2458
 2448
 2434
 2424
 2412
 2402
 2388
 2376
 2362
 2356
 2348
 2344
 2338
 2338
 2340
 2344
 2352
 2362
 2374
 2388
 2398
 2414
 2432
 2452
 2474
 2498
 2518
 2542
 2564
 2584
 2600
 2622
 2646
 2668
 2688
 2710
 2728
 2744
 2760
 2774
 2788
 2798
 2810
 2820
 2824
 2826
 2834
 2844
 2854
 2868
 2880
 2892
 2902
 2912
 2918
 2924
 2928
 2930
 2936
 2932
 2930
 2928
 2926
 2926
 2924
 2924
 2924
 2924
 2922
 2916
 2908
 2904
 2902
 2908
 2914
 2920
 2920
 2916
 2912
 2904
 2898
 2888
 2878
 2868
 2858
 2846
 2836
 2824
 2814
 2804
 2790
 2778
 2766
 2752
 2738
 2724
 2706
 2694
 2684
 2676
 2666
 2656
 2648
 2638
 2626
 2614
 2602
 2592
 2580
 2568
 2556
 2542
 2528
 2518
 2504
 2490
 2478
 2468
 2454
 2438
 2430
 2428
 2432
 2438
 2444
 2452
 2462
 2474
 2484
 2494
 2510
 2526
 2542
 2556
 2572
 2586
 2600
 2616
 2628
 2644
 2654
 2662
 2674
 2690
 2712
 2734
 2754
 2772
 2790
 2806
 2818
 2828
 2838
 2848
 2858
 2866
 2874
 2880
 2888
 2894
 2902
 2910
 2914
 2916
 2914
 2920
 2928
 2934
 2938
 2942
 2948
 2950
 2952
 2956
 2948
 2942
 2934
 2928
 2916
 2902
 2882
 2862
 2840
 2816
 2786
 2758
 2734
 2714
 2694
 2674
 2652
 2630
 2608
 2584
 2558
 2530
 2508
 2486
 2468
 2452
 2444
 2452
 2508
 2646
 2806
 2930
 3036
 3128
 3182
 3200
 3206
 3204
 3190
 3160
 3122
 3088
 3058
 3036
 3020
 3008
 3000
 2994
 2986
 2982
 2978
 2978
 2980
 2988
 2998
 3004
 3012
 3014
 3016
 3014
 3010
 3006
 3002
 2996
 2990
 2980
 2966
 2952
 2932
 2908
 2884
 2856
 2830
 2812
 2790
 2768
 2744
 2720
 2698
 2670
 2646
 2622
 2594
 2568
 2542
 2516
 2488
 2462
 2438
 2412
 2384
 2356
 2332
 2308
 2284
 2260
 2240
 2226
 2222
 2220
 2224
 2234
 2248
 2262
 2274
 2288
 2304
 2322
 2344
 2364
 2382
 2394
 2410
 2426
 2446
 2462
 2478
 2496
 2512
 2530
 2544
 2558
 2576
 2594
 2614
 2632
 2652
 2672
 2692
 2712
 2736
 2762
 2782
 2796
 2810
 2822
 2840
 2860
 2876
 2888
 2904
 2916
 2926
 2934
 2942
 2950
 2956
 2958
 2956
 2954
 2950
 2946
 2940
 2932
 2922
 2914
 2902
 2884
 2862
 2848
 2836
 2822
 2806
 2790
 2772
 2754
 2734
 2716
 2696
 2676
 2658
 2640
 2620
 2600
 2580
 2560
 2540
 2522
 2502
 2482
 2458
 2438
 2424
 2408
 2392
 2374
 2360
 2350
 2342
 2334
 2328
 2326
 2324
 2326
 2332
 2338
 2348
 2358
 2368
 2378
 2392
 2404
 2414
 2426
 2442
 2460
 2476
 2492
 2508
 2524
 2546
 2564
 2580
 2594
 2610
 2624
 2636
 2650
 2660
 2672
 2682
 2692
 2702
 2712
 2720
 2726
 2736
 2748
 2762
 2776
 2790
 2800
 2814
 2832
 2844
 2856
 2868
 2876
 2886
 2896
 2904
 2914
 2920
 2920
 2922
 2928
 2932
 2936
 2938
 2936
 2940
 2946
 2948
 2948
 2944
 2940
 2936
 2928
 2920
 2910
 2900
 2890
 2878
 2860
 2844
 2828
 2816
 2802
 2792
 2778
 2768
 2756
 2742
 2730
 2722
 2714
 2704
 2694
 2684
 2672
 2662
 2648
 2634
 2624
 2614
 2600
 2588
 2580
 2568
 2560
 2554
 2550
 2552
 2558
 2560
 2562
 2572
 2580
 2588
 2598
 2608
 2618
 2628
 2638
 2648
 2658
 2666
 2678
 2688
 2698
 2706
 2716
 2728
 2736
 2746
 2762
 2776
 2786
 2796
 2808
 2824
 2836
 2848
 2862
 2872
 2884
 2892
 2898
 2906
 2914
 2920
 2926
 2928
 2928
 2928
 2928
 2930
 2932
 2934
 2934
 2932
 2932
 2936
 2936
 2938
 2942
 2946
 2950
 2954
 2954
 2950
 2946
 2942
 2938
 2938
 2936
 2934
 2934
 2932
 2932
 2926
 2920
 2918
 2910
 2906
 2906
 2912
 2916
 2922
 2928
 2928
 2928
 2928
 2928
 2928
 2928
 2926
 2924
 2916
 2910
 2906
 2902
 2902
 2900
 2898
 2896
 2894
 2886
 2878
 2878
 2882
 2884
 2888
 2890
 2892
 2894
 2892
 2888
 2880
 2870
 2864
 2860
 2854
 2850
 2844
 2840
 2834
 2828
 2822
 2816
 2806
 2796
 2788
 2786
 2784
 2780
 2778
 2774
 2772
 2766
 2760
 2754
 2750
 2742
 2734
 2728
 2720
 2716
 2716
 2712
 2710
 2706
 2704
 2700
 2694
 2694
 2696
 2702
 2706
 2716
 2722
 2728
 2736
 2740
 2746
 2752
 2758
 2764
 2768
 2776
 2786
 2796
 2806
 2814
 2820
 2826
 2828
 2828
 2828
 2832
 2838
 2842
 2846
 2852
 2856
 2854
 2854
 2852
 2850
 2846
 2844
 2842
 2840
 2840
 2838
 2838
 2836
 2834
 2834
 2832
 2828
 2826
 2834
 2844
 2852
 2860
 2866
 2874
 2878
 2880
 2882
 2884
 2882
 2878
 2874
 2872
 2870
 2868
 2866
 2866
 2866
 2864
 2860
 2860
 2866
 2874
 2878
 2886
 2892
 2898
 2902
 2904
 2902
 2894
 2888
 2884
 2880
 2876
 2872
 2868
 2864
 2860
 2854
 2848
 2842
 2838
 2840
 2840
 2840
 2838
 2836
 2832
 2826
 2820
 2810
 2804
 2794
 2786
 2778
 2768
 2760
 2752
 2744
 2736
 2726
 2714
 2706
 2700
 2696
 2690
 2688
 2688
 2684
 2680
 2674
 2670
 2666
 2662
 2658
 2656
 2656
 2658
 2660
 2664
 2670
 2674
 2676
 2682
 2694
 2706
 2720
 2734
 2750
 2768
 2786
 2798
 2806
 2818
 2826
 2832
 2840
 2844
 2848
 2854
 2856
 2860
 2864
 2866
 2864
 2864
 2866
 2870
 2876
 2882
 2886
 2892
 2896
 2896
 2890
 2886
 2882
 2878
 2878
 2876
 2876
 2874
 2872
 2874
 2886
 2906
 2930
 2956
 2970
 2980
 2996
 3016
 3030
 3042
 3052
 3060
 3062
 3060
 3050
 3040
 3030
 3024
 3016
 3008
 2998
 2988
 2974
 2958
 2944
 2926
 2914
 2902
 2886
 2872
 2858
 2852
 2842
 2834
 2824
 2814
 2804
 2794
 2780
 2768
 2754
 2742
 2730
 2720
 2708
 2698
 2692
 2690
 2692
 2696
 2700
 2700
 2702
 2708
 2714
 2716
 2716
 2716
 2710
 2706
 2700
 2694
 2690
 2688
 2688
 2686
 2682
 2686
 2692
 2698
 2700
 2706
 2710
 2712
 2712
 2720
 2730
 2738
 2748
 2758
 2768
 2776
 2784
 2788
 2796
 2800
 2806
 2812
 2814
 2820
 2828
 2836
 2840
 2844
 2846
 2848
 2846
 2846
 2852
 2860
 2866
 2874
 2878
 2886
 2888
 2890
 2892
 2892
 2892
 2890
 2884
 2880
 2876
 2874
 2874
 2870
 2872
 2870
 2868
 2864
 2860
 2866
 2872
 2880
 2890
 2900
 2906
 2910
 2910
 2906
 2898
 2892
 2888
 2884
 2878
 2876
 2874
 2870
 2868
 2864
 2860
 2858
 2852
 2844
 2840
 2840
 2840
 2840
 2842
 2842
 2844
 2844
 2842
 2840
 2836
 2828
 2818
 2806
 2792
 2778
 2766
 2754
 2746
 2738
 2728
 2718
 2708
 2702
 2700
 2694
 2692
 2690
 2684
 2682
 2676
 2670
 2666
 2664
 2662
 2658
 2654
 2646
 2638
 2630
 2620
 2612
 2606
 2596
 2586
 2580
 2580
 2580
 2584
 2588
 2596
 2602
 2610
 2618
 2624
 2636
 2654
 2668
 2682
 2696
 2708
 2716
 2724
 2732
 2738
 2748
 2752
 2754
 2760
 2772
 2782
 2794
 2806
 2814
 2824
 2830
 2834
 2836
 2846
 2852
 2858
 2862
 2864
 2864
 2866
 2866
 2866
 2864
 2864
 2862
 2858
 2852
 2852
 2854
 2856
 2858
 2862
 2866
 2868
 2870
 2868
 2866
 2866
 2864
 2864
 2866
 2872
 2882
 2898
 2920
 2954
 2996
 3036
 3058
 3056
 3038
 3022
 3012
 3008
 3004
 3000
 2990
 2978
 2968
 2956
 2946
 2936
 2928
 2920
 2916
 2910
 2900
 2892
 2886
 2882
 2878
 2876
 2872
 2866
 2860
 2858
 2860
 2860
 2858
 2858
 2854
 2850
 2844
 2836
 2828
 2818
 2808
 2800
 2788
 2778
 2766
 2754
 2742
 2732
 2718
 2704
 2692
 2684
 2680
 2672
 2668
 2660
 2654
 2652
 2648
 2642
 2636
 2628
 2620
 2610
 2600
 2590
 2580
 2568
 2560
 2550
 2538
 2526
 2518
 2514
 2510
 2510
 2512
 2518
 2528
 2538
 2552
 2570
 2584
 2598
 2614
 2628
 2642
 2658
 2672
 2688
 2702
 2712
 2720
 2732
 2746
 2760
 2770
 2780
 2788
 2794
 2798
 2798
 2806
 2812
 2818
 2822
 2822
 2824
 2826
 2826
 2826
 2828
 2828
 2828
 2826
 2824
 2824
 2830
 2838
 2844
 2852
 2856
 2862
 2866
 2864
 2866
 2866
 2864
 2862
 2862
 2860
 2858
 2856
 2856
 2854
 2854
 2850
 2848
 2848
 2844
 2844
 2840
 2838
 2834
 2840
 2846
 2852
 2856
 2856
 2856
 2854
 2848
 2844
 2836
 2824
 2816
 2808
 2798
 2790
 2780
 2772
 2762
 2754
 2744
 2736
 2730
 2726
 2716
 2704
 2696
 2694
 2688
 2686
 2682
 2680
 2676
 2672
 2666
 2662
 2656
 2650
 2642
 2634
 2624
 2614
 2606
 2598
 2596
 2596
 2598
 2598
 2598
 2598
 2602
 2608
 2620
 2630
 2642
 2654
 2668
 2682
 2696
 2706
 2716
 2730
 2742
 2754
 2764
 2772
 2784
 2798
 2806
 2814
 2822
 2824
 2824
 2826
 2830
 2842
 2852
 2862
 2870
 2878
 2882
 2884
 2886
 2886
 2886
 2886
 2888
 2886
 2886
 2888
 2890
 2892
 2894
 2896
 2896
 2894
 2886
 2876
 2872
 2868
 2862
 2854
 2850
 2842
 2834
 2824
 2812
 2800
 2786
 2776
 2764
 2752
 2738
 2724
 2710
 2698
 2684
 2668
 2650
 2640
 2630
 2620
 2608
 2598
 2586
 2574
 2560
 2544
 2530
 2514
 2500
 2486
 2472
 2458
 2450
 2442
 2434
 2426
 2412
 2400
 2390
 2384
 2374
 2366
 2360
 2352
 2346
 2340
 2334
 2332
 2336
 2340
 2344
 2354
 2364
 2378
 2394
 2416
 2438
 2456
 2474
 2496
 2520
 2544
 2566
 2588
 2610
 2632
 2652
 2670
 2684
 2702
 2716
 2730
 2746
 2758
 2770
 2780
 2792
 2808
 2824
 2834
 2846
 2854
 2858
 2862
 2868
 2882
 2894
 2904
 2914
 2926
 2930
 2932
 2928
 2922
 2920
 2916
 2914
 2914
 2910
 2906
 2900
 2892
 2886
 2884
 2878
 2874
 2872
 2870
 2864
 2860
 2858
 2864
 2870
 2874
 2878
 2884
 2886
 2888
 2888
 2886
 2878
 2870
 2864
 2854
 2844
 2834
 2824
 2814
 2802
 2794
 2784
 2774
 2766
 2758
 2746
 2740
 2736
 2732
 2728
 2724
 2720
 2716
 2708
 2702
 2694
 2688
 2678
 2676
 2672
 2666
 2660
 2652
 2642
 2632
 2622
 2612
 2600
 2588
 2576
 2570
 2564
 2558
 2554
 2554
 2554
 2556
 2560
 2564
 2570
 2580
 2594
 2608
 2622
 2634
 2646
 2658
 2670
 2682
 2694
 2700
 2712
 2726
 2744
 2760
 2778
 2796
 2810
 2826
 2838
 2844
 2854
 2864
 2870
 2878
 2882
 2888
 2892
 2896
 2900
 2904
 2906
 2908
 2910
 2912
 2910
 2902
 2900
 2904
 2910
 2918
 2924
 2930
 2928
 2928
 2924
 2920
 2918
 2914
 2914
 2912
 2910
 2908
 2900
 2894
 2888
 2884
 2880
 2878
 2876
 2872
 2868
 2870
 2876
 2880
 2886
 2892
 2896
 2892
 2890
 2886
 2880
 2880
 2876
 2874
 2874
 2872
 2870
 2868
 2864
 2860
 2854
 2848
 2840
 2832
 2820
 2814
 2814
 2808
 2806
 2802
 2800
 2796
 2790
 2782
 2776
 2768
 2760
 2756
 2748
 2742
 2736
 2732
 2728
 2726
 2726
 2726
 2724
 2726
 2730
 2740
 2750
 2762
 2780
 2798
 2812
 2826
 2836
 2844
 2852
 2860
 2864
 2870
 2874
 2878
 2882
 2884
 2886
 2888
 2890
 2886
 2876
 2872
 2874
 2878
 2884
 2890
 2894
 2900
 2902
 2900
 2894
 2888
 2884
 2880
 2878
 2874
 2872
 2868
 2866
 2862
 2860
 2856
 2854
 2852
 2846
 2842
 2836
 2840
 2844
 2848
 2852
 2856
 2860
 2862
 2864
 2862
 2862
 2860
 2856
 2856
 2856
 2852
 2850
 2848
 2848
 2844
 2842
 2840
 2838
 2834
 2830
 2828
 2834
 2838
 2842
 2848
 2852
 2854
 2856
 2856
 2854
 2854
 2852
 2852
 2852
 2850
 2850
 2850
 2850
 2850
 2848
 2848
 2844
 2838
 2832
 2834
 2838
 2838
 2840
 2842
 2846
 2848
 2846
 2842
 2836
 2830
 2824
 2816
 2808
 2800
 2792
 2786
 2778
 2772
 2764
 2756
 2748
 2742
 2738
 2736
 2734
 2730
 2734
 2738
 2736
 2732
 2730
 2724
 2720
 2714
 2708
 2700
 2692
 2686
 2678
 2670
 2664
 2656
 2646
 2642
 2642
 2644
 2648
 2654
 2666
 2680
 2696
 2708
 2722
 2734
 2746
 2760
 2774
 2788
 2800
 2812
 2824
 2832
 2842
 2852
 2854
 2854
 2854
 2858
 2864
 2868
 2872
 2876
 2882
 2886
 2886
 2888
 2884
 2878
 2878
 2878
 2876
 2874
 2872
 2872
 2868
 2866
 2862
 2860
 2858
 2854
 2850
 2848
 2854
 2858
 2862
 2866
 2870
 2874
 2876
 2876
 2874
 2872
 2872
 2868
 2868
 2866
 2866
 2864
 2862
 2860
 2858
 2856
 2854
 2852
 2850
 2844
 2840
 2844
 2850
 2854
 2860
 2864
 2868
 2872
 2872
 2874
 2874
 2874
 2874
 2874
 2874
 2874
 2874
 2872
 2872
 2870
 2866
 2864
 2862
 2856
 2850
 2848
 2848
 2844
 2840
 2834
 2830
 2826
 2822
 2816
 2810
 2806
 2800
 2796
 2788
 2784
 2780
 2772
 2768
 2762
 2756
 2752
 2744
 2736
 2736
 2740
 2740
 2742
 2742
 2740
 2740
 2738
 2732
 2726
 2724
 2718
 2712
 2710
 2706
 2704
 2704
 2706
 2708
 2712
 2718
 2722
 2734
 2750
 2768
 2788
 2804
 2822
 2836
 2852
 2866
 2876
 2884
 2894
 2900
 2906
 2910
 2914
 2916
 2916
 2912
 2906
 2904
 2904
 2900
 2894
 2888
 2888
 2894
 2894
 2892
 2890
 2888
 2888
 2884
 2880
 2874
 2864
 2856
 2850
 2844
 2840
 2836
 2832
 2828
 2822
 2820
 2818
 2814
 2808
 2804
 2804
 2812
 2814
 2818
 2822
 2826
 2828
 2830
 2828
 2826
 2824
 2828
 2832
 2834
 2836
 2838
 2836
 2836
 2834
 2832
 2834
 2836
 2836
 2834
 2836
 2844
 2854
 2858
 2864
 2868
 2872
 2872
 2870
 2866
 2860
 2854
 2844
 2840
 2830
 2822
 2818
 2812
 2806
 2800
 2794
 2788
 2780
 2772
