397
398
525
631
645
752
862
1013
1024
1146
1147
1266
1268
1352
1461
1477
1781
1909
1911
2012
2025
2125
2130
2243
2262
2352
2547
2646
2750
2765
2911
2913
3015
3017
3175
3183
3278
3292
3394
3412
3676
3780
3786
3893
3904
4010
4012
4149
4151
4236
4465
4589
4681
4699
4783
4798
4875
4969
5110
5112
5438
5454
5546
5560
5632
5657
5746
5748
5887
5889
5977
6113
6423
6437
6533
6558
6640
6743
6859
6866
6961
6976
7076
7093
7177
7191
7275
7370
7472
7485
7573
7585
7684
7691
7802
7804
7892
7995
8122
8219
8316
8428
8431
8568
8569
8664
8674
8776
8792
