19
111
193
313
418
522
639
754
848
936
1030
1146
1252
1369
1490
1603
1711
1832
1952
2061
2173
2290
2407
2513
2626
2746
2867
2977
3097
3219
3331
3425
3508
3623
3736
3849
3976
4098
4206
4320
4442
4556
4669
4790
4907
5003
5087
5166
5299
5410
5524
5638
5742
5847
5960
6060
6163
6272
6385
6487
6596
6698
6788
6882
7001
7108
7213
7326
7436
7540
7650
7755
7843
7922
8012
8114
8218
8327
8437
8535
8622
8722
8835
8945
9042
9127
9202
9310
9413
9526
9636
9736
9836
9946
10039
10134
10236
10342
10439
10549
10654
10752
10856
10969
11066
11173
11288
11398
11504
11606
11695
11779
11873
12000
12121
12230
12334
12424
12523
12622
12738
12860
12970
13079
13197
13312
13415
13525
13651
13753
13856
13970
14091
14201
14324
14447
14554
14678
14787
14892
14984
15085
15201
15324
15446
15562
15686
15808
15928
16042
16163
16287
16399
16523
16638
16746
16845
16966
17086
17193
17309
17425
17534
17639
17759
17871
17978
18095
18205
18316
18436
18546
18660
18784
18897
19006
19129
19247
19354
19477
19597
19692
19777
19913
20028
20137
20261
20379
20487
20598
20719
20833
20940
21062
21180
21291
21411
21532
21641
21758
21869
21980
22106
22228
22338
22433
22522
22653
22762
22885
23007
23119
23237
23356
23465
23580
23706
23826
23942
24066
24190
24305
24434
24557
24666
24785
24898
25016
25143
25269
25384
25506
25623
25733
25859
25976
26086
26193
26285
26374
26509
26618
26745
26867
26970
27073
27162
27241
27376
27496
27615
27720
27832
27948
28057
28173
28292
28404
28508
28619
28733
28841
28940
29053
29169
29283
29389
29506
29623
29733
29850
29972
30087
30191
30293
30412
30531
30641
30744
30870
30989
31093
31203
31330
31442
31547
31638
31732
31835
31939
32054
32169
32269
32376
32491
32591
32694
32815
32931
33027
33115
33199
33295
33404
33523
33646
33765
33868
33981
34099
34206
34315
34430
34538
34642
34754
34870
34972
35084
35203
35309
35416
35531
