12
130
244
363
480
593
713
830
937
1053
1177
1293
1395
1484
1571
1695
1816
1935
2040
2155
2273
2381
2498
2616
2731
2836
2956
3073
3185
3302
3426
3541
3662
3787
3905
4019
4136
4247
4351
4475
4600
4720
4851
4974
5095
5220
5341
5454
5582
5706
5818
5935
6060
6172
6265
6356
6458
6584
6715
6840
6951
7075
7197
7310
7416
7542
7668
7788
7904
8028
8143
8256
8384
8507
8618
8739
8862
8973
9097
9202
9293
9384
9514
9630
9739
9835
9946
10069
10183
10295
10420
10519
10607
10707
10808
10907
11024
11135
11240
11354
11467
11574
11682
11797
11908
12014
12135
12257
12365
12465
12579
12700
12802
12892
12987
13078
13180
13303
13421
13526
13635
13748
13856
13966
14081
14189
14304
14419
14526
14645
14766
14879
15000
15120
15231
15346
15474
15590
15700
15820
15936
16045
16142
16230
16320
16445
16568
16692
16805
16925
17043
17145
17249
17373
17488
17602
17720
17831
17923
17999
18082
18220
18341
18449
18561
18678
18781
18880
18991
19104
19207
19326
19449
19556
19651
19735
19813
19948
20068
20178
20292
20406
20513
20623
20738
20853
20956
21070
21182
21290
21395
21509
21631
21747
21861
21978
22089
22193
22316
22440
22562
22677
22801
22917
23029
23141
23268
23387
23500
23627
23747
23858
23979
24097
24205
24324
24444
24555
24673
24796
24910
25028
25153
25272
25387
25511
25626
25739
25861
25977
26094
26220
26338
26452
26573
26691
26801
26919
27033
27136
27231
27321
27434
27540
27637
27745
27855
27956
28064
28175
28276
28385
28498
28601
28698
28803
28919
29030
29143
29259
29369
29482
29596
29702
29808
29928
30049
30163
30284
30406
30521
30642
30755
30860
30976
31106
31231
31345
31466
31588
31709
31812
31897
31977
32080
32191
32293
32416
32531
32630
32732
32839
32931
33014
33145
33265
33373
33488
33599
33711
33816
33925
34034
34143
34248
34358
34470
34578
34693
34811
34923
35033
35148
35260
35364
35460
35567
35689
35802
35905
36013
36132
36248
36346
36432
36511
36651
36763
36888
37010
37122
37250
37368
37479
37602
37719
37830
37949
38071
38183
38306
38426
38533
38647
38766
38883
38986
39102
39219
39333
39449
39571
39684
39796
39914
40030
40140
40254
40366
40476
40593
40709
40817
40927
41049
41159
41260
41375
41495
41608
41724
41841
41937
42019
42114
42239
42361
42472
42582
42697
42806
42910
43020
43127
43245
43365
43471
43578
43690
43797
43886
43968
44061
44190
44304
44419
44523
44636
44755
44860
44972
45084
45191
45308
45425
45536
45652
45757
45866
45980
46086
46199
46314
46419
46533
46646
46757
46860
46966
47069
47169
47285
47398
47507
47617
47725
47822
47910
47990
48108
48216
48327
48436
48534
48622
48703
48786
48888
48992
49106
49212
49324
49430
49529
49634
49737
49835
49934
50040
50143
50242
50342
50440
50535
50639
50737
50831
50927
51030
51130
51228
51331
51431
51529
51638
51745
51847
51953
52054
52151
52243
52325
52403
52505
52599
52686
52793
52905
53015
53108
53197
53305
53414
53515
53626
53741
53852
53956
54069
54187
54305
54416
54513
54617
54736
54855
54968
55090
55211
55323
55445
55563
55674
55791
55904
55998
56081
56220
56328
56444
56559
56667
56779
56897
57009
57116
57233
57347
57455
57560
57673
57790
57897
57997
58111
58207
58297
58404
58520
58635
58743
58853
58969
59080
59184
59298
59408
59511
59632
59745
59838
59927
60019
60148
60264
60371
60466
60565
60679
60787
60894
61010
61124
61232
61331
61445
61559
61668
61771
61877
61999
62120
62231
62332
62447
62561
62669
62775
62887
63002
63114
63221
63329
63447
63564
63675
63784
63902
64004
64096
64189
