 4094
 4094
 4064
 4000
 3940
 3870
 3772
 3662
 3574
 3498
 3426
 3372
 3340
 3318
 3308
 3302
 3320
 3334
 3356
 3402
 3454
 3534
 3594
 3662
 3740
 3810
 3872
 3910
 3940
 3966
 3960
 3938
 3908
 3882
 3870
 3864
 3864
 3862
 3872
 3874
 3880
 3892
 3902
 3914
 3928
 3946
 3976
 4006
 4044
 4084
 4094
 4094
 4094
 4094
 4094
 4094
 4094
 4094
 4094
 4094
 4094
 4094
 4094
 4094
 4094
 4094
 4094
 4094
 4094
 4094
 4094
 4094
 4094
 4078
 3988
 3886
 3790
 3694
 3586
 3510
 3468
 3460
 3460
 3468
 3476
 3474
 3454
 3420
 3372
 3322
 3248
 3168
 3114
 3066
 3040
 3016
 2986
 2958
 2922
 2886
 2844
 2798
 2766
 2750
 2730
 2726
 2744
 2766
 2790
 2806
 2814
 2830
 2848
 2874
 2902
 2938
 2984
 3040
 3112
 3178
 3270
 3354
 3412
 3462
 3520
 3558
 3588
 3596
 3604
 3598
 3604
 3602
 3596
 3584
 3576
 3556
 3526
 3462
 3404
 3358
 3320
 3278
 3246
 3224
 3206
 3180
 3174
 3158
 3156
 3158
 3156
 3136
 3096
 3042
 2990
 2930
 2882
 2826
 2778
 2730
 2672
 2612
 2554
 2496
 2434
 2372
 2310
 2246
 2188
 2134
 2078
 2028
 1984
 1944
 1914
 1882
 1846
 1800
 1756
 1712
 1672
 1644
 1628
 1626
 1638
 1660
 1688
 1722
 1756
 1792
 1830
 1866
 1904
 1942
 1978
 2018
 2054
 2106
 2168
 2224
 2268
 2296
 2316
 2326
 2336
 2348
 2358
 2372
 2388
 2402
 2422
 2442
 2456
 2466
 2474
 2480
 2484
 2484
 2482
 2476
 2468
 2460
 2452
 2436
 2414
 2384
 2346
 2308
 2272
 2248
 2220
 2186
 2152
 2116
 2080
 2042
 2000
 1962
 1924
 1884
 1844
 1806
 1770
 1742
 1720
 1708
 1714
 1734
 1764
 1780
 1784
 1784
 1796
 1812
 1834
 1864
 1894
 1930
 1972
 2012
 2054
 2098
 2142
 2182
 2220
 2258
 2290
 2314
 2340
 2366
 2388
 2406
 2422
 2434
 2460
 2482
 2502
 2528
 2550
 2568
 2580
 2586
 2582
 2582
 2576
 2576
 2582
 2590
 2598
 2604
 2614
 2618
 2624
 2630
 2640
 2656
 2666
 2680
 2688
 2688
 2694
 2704
 2704
 2704
 2704
 2708
 2724
 2740
 2760
 2796
 2842
 2886
 2912
 2926
 2928
 2902
 2856
 2822
 2804
 2786
 2762
 2744
 2718
 2698
 2680
 2654
 2624
 2590
 2554
 2526
 2510
 2506
 2504
 2506
 2514
 2518
 2528
 2544
 2554
 2568
 2582
 2584
 2592
 2596
 2586
 2576
 2568
 2542
 2514
 2504
 2506
 2514
 2538
 2568
 2600
 2636
 2676
 2720
 2766
 2812
 2864
 2906
 2928
 2950
 2976
 3006
 3046
 3088
 3124
 3156
 3176
 3184
 3182
 3168
 3140
 3104
 3058
 3006
 2954
 2900
 2842
 2784
 2722
 2660
 2600
 2544
 2504
 2462
 2418
 2370
 2322
 2280
 2240
 2202
 2166
 2132
 2088
 2042
 1994
 1952
 1914
 1886
 1866
 1854
 1848
 1850
 1856
 1868
 1882
 1910
 1946
 1984
 2022
 2064
 2104
 2140
 2174
 2216
 2254
 2290
 2326
 2360
 2396
 2432
 2466
 2496
 2526
 2554
 2582
 2604
 2634
 2660
 2690
 2734
 2770
 2800
 2828
 2854
 2880
 2904
 2932
 2960
 2980
 2996
 3008
 3018
 3020
 3016
 3004
 2980
 2952
 2920
 2878
 2832
 2790
 2746
 2702
 2660
 2618
 2574
 2526
 2482
 2434
 2404
 2372
 2338
 2302
 2262
 2222
 2186
 2144
 2104
 2056
 2002
 1946
 1890
 1838
 1788
 1742
 1692
 1644
 1602
 1568
 1542
 1530
 1526
 1532
 1544
 1566
 1592
 1628
 1678
 1728
 1780
 1826
 1876
 1926
 1974
 2030
 2082
 2132
 2176
 2216
 2252
 2290
 2328
 2368
 2408
 2444
 2478
 2512
 2546
 2580
 2612
 2644
 2670
 2704
 2754
 2800
 2838
 2872
 2902
 2930
 2952
 2978
 3002
 3022
 3040
 3052
 3062
 3062
 3052
 3030
 2998
 2962
 2924
 2882
 2836
 2788
 2740
 2692
 2636
 2582
 2530
 2480
 2446
 2408
 2368
 2326
 2284
 2244
 2206
 2168
 2132
 2094
 2052
 2010
 1972
 1946
 1932
 1930
 1936
 1940
 1936
 1922
 1894
 1874
 1854
 1826
 1804
 1786
 1784
 1802
 1824
 1846
 1866
 1882
 1900
 1912
 1924
 1934
 1940
 1948
 1950
 1952
 1956
 1952
 1946
 1944
 1942
 1944
 1952
 1964
 1976
 1986
 2008
 2026
 2038
 2048
 2042
 2034
 2036
 2048
 2068
 2098
 2132
 2164
 2198
 2234
 2270
 2304
 2336
 2366
 2392
 2418
 2448
 2476
 2520
 2568
 2614
 2658
 2698
 2736
 2772
 2804
 2838
 2870
 2904
 2938
 2974
 3010
 3042
 3064
 3080
 3090
 3100
 3102
 3106
 3104
 3088
 3066
 3038
 3002
 2960
 2914
 2870
 2822
 2768
 2712
 2656
 2598
 2544
 2488
 2430
 2374
 2320
 2268
 2216
 2168
 2120
 2070
 2020
 1970
 1920
 1870
 1824
 1778
 1750
 1720
 1686
 1652
 1614
 1592
 1572
 1558
 1552
 1548
 1554
 1568
 1582
 1602
 1626
 1650
 1678
 1706
 1736
 1770
 1808
 1850
 1888
 1926
 1968
 2026
 2080
 2130
 2174
 2216
 2262
 2302
 2344
 2384
 2418
 2452
 2482
 2508
 2534
 2556
 2580
 2602
 2624
 2644
 2668
 2690
 2714
 2736
 2758
 2780
 2800
 2820
 2854
 2884
 2906
 2918
 2924
 2928
 2932
 2936
 2940
 2938
 2940
 2944
 2950
 2956
 2962
 2966
 2972
 2980
 2984
 2984
 2986
 2984
 2984
 2984
 2980
 2980
 2972
 2960
 2944
 2924
 2912
 2902
 2882
 2854
 2822
 2786
 2752
 2720
 2688
 2654
 2612
 2570
 2524
 2476
 2426
 2376
 2326
 2274
 2222
 2172
 2126
 2080
 2036
 1992
 1952
 1918
 1890
 1870
 1862
 1866
 1888
 1910
 1936
 1962
 1992
 2028
 2062
 2100
 2144
 2186
 2228
 2266
 2298
 2336
 2380
 2420
 2454
 2484
 2512
 2538
 2566
 2592
 2618
 2646
 2672
 2696
 2736
 2774
 2812
 2844
 2872
 2900
 2926
 2946
 2966
 2986
 3004
 3026
 3046
 3064
 3078
 3092
 3102
 3108
 3114
 3120
 3126
 3130
 3130
 3124
 3112
 3092
 3064
 3032
 2998
 2980
 2954
 2920
 2886
 2846
 2806
 2766
 2730
 2692
 2654
 2616
 2572
 2530
 2486
 2438
 2388
 2338
 2288
 2240
 2194
 2148
 2102
 2058
 2014
 1970
 1926
 1886
 1858
 1846
 1836
 1834
 1842
 1854
 1880
 1908
 1940
 1976
 2006
 2038
 2068
 2100
 2130
 2158
 2190
 2218
 2244
 2270
 2298
 2334
 2366
 2396
 2428
 2454
 2494
 2544
 2586
 2624
 2658
 2694
 2726
 2754
 2782
 2808
 2830
 2854
 2876
 2900
 2922
 2938
 2950
 2962
 2974
 2988
 3002
 3016
 3030
 3046
 3062
 3074
 3086
 3094
 3100
 3110
 3130
 3142
 3146
 3144
 3134
 3118
 3094
 3068
 3040
 3006
 2966
 2926
 2886
 2844
 2804
 2760
 2712
 2664
 2618
 2574
 2532
 2488
 2440
 2394
 2348
 2304
 2254
 2204
 2158
 2118
 2088
 2058
 2030
 1998
 1974
 1960
 1952
 1956
 1970
 1988
 2012
 2034
 2060
 2086
 2112
 2140
 2170
 2198
 2226
 2256
 2284
 2310
 2342
 2368
 2392
 2420
 2444
 2478
 2520
 2558
 2590
 2620
 2648
 2674
 2696
 2720
 2744
 2768
 2792
 2816
 2838
 2858
 2876
 2892
 2906
 2918
 2926
 2938
 2952
 2968
 2980
 2992
 3008
 3022
 3030
 3036
 3040
 3054
 3076
 3092
 3102
 3108
 3108
 3104
 3094
 3074
 3046
 3016
 2986
 2956
 2922
 2886
 2848
 2806
 2762
 2718
 2676
 2632
 2590
 2550
 2510
 2470
 2430
 2386
 2342
 2300
 2256
 2230
 2200
 2170
 2134
 2098
 2068
 2040
 2020
 2008
 2002
 2000
 2004
 2010
 2022
 2038
 2054
 2072
 2090
 2110
 2132
 2158
 2186
 2212
 2232
 2252
 2264
 2286
 2312
 2332
 2350
 2362
 2374
 2388
 2394
 2402
 2406
 2408
 2410
 2410
 2412
 2412
 2408
 2398
 2388
 2380
 2374
 2372
 2372
 2374
 2376
 2378
 2380
 2394
 2402
 2404
 2406
 2408
 2416
 2432
 2450
 2472
 2494
 2518
 2544
 2572
 2604
 2632
 2658
 2682
 2706
 2726
 2744
 2760
 2772
 2798
 2832
 2862
 2890
 2910
 2928
 2946
 2958
 2968
 2976
 2980
 2984
 2984
 2976
 2958
 2932
 2900
 2868
 2834
 2794
 2754
 2712
 2666
 2638
 2606
 2570
 2530
 2490
 2452
 2412
 2372
 2332
 2286
 2240
 2190
 2140
 2088
 2034
 1976
 1920
 1860
 1806
 1760
 1720
 1690
 1668
 1652
 1646
 1646
 1658
 1678
 1700
 1726
 1756
 1806
 1860
 1912
 1960
 2002
 2046
 2090
 2126
 2164
 2202
 2240
 2274
 2304
 2336
 2362
 2384
 2406
 2424
 2442
 2462
 2482
 2506
 2534
 2570
 2608
 2644
 2674
 2700
 2740
 2784
 2820
 2852
 2882
 2910
 2938
 2956
 2978
 3002
 3024
 3050
 3072
 3096
 3118
 3134
 3148
 3154
 3158
 3160
 3162
 3160
 3148
 3132
 3110
 3084
 3052
 3018
 2976
 2946
 2924
 2898
 2868
 2834
 2800
 2766
 2728
 2692
 2654
 2610
 2570
 2528
 2486
 2446
 2402
 2356
 2312
 2266
 2220
 2174
 2130
 2088
 2048
 2010
 1970
 1930
 1892
 1856
 1838
 1818
 1802
 1788
 1780
 1778
 1786
 1798
 1818
 1840
 1862
 1884
 1908
 1934
 1962
 1988
 2016
 2040
 2064
 2092
 2120
 2150
 2178
 2204
 2230
 2254
 2290
 2332
 2368
 2404
 2434
 2462
 2488
 2510
 2534
 2558
 2576
 2598
 2614
 2632
 2650
 2664
 2674
 2684
 2694
 2702
 2710
 2720
 2730
 2740
 2750
 2760
 2766
 2774
 2778
 2792
 2822
 2852
 2880
 2898
 2914
 2928
 2942
 2952
 2960
 2962
 2962
 2960
 2950
 2936
 2916
 2886
 2856
 2822
 2790
 2754
 2718
 2678
 2638
 2598
 2558
 2514
 2472
 2430
 2406
 2382
 2352
 2322
 2286
 2254
 2220
 2182
 2148
 2108
 2066
 2020
 1968
 1912
 1858
 1802
 1750
 1698
 1650
 1606
 1568
 1542
 1520
 1498
 1482
 1470
 1468
 1480
 1496
 1512
 1534
 1560
 1590
 1624
 1660
 1704
 1748
 1792
 1834
 1872
 1914
 1952
 1988
 2022
 2056
 2090
 2124
 2158
 2188
 2218
 2250
 2288
 2342
 2392
 2444
 2500
 2550
 2598
 2642
 2676
 2714
 2752
 2786
 2824
 2856
 2886
 2912
 2930
 2946
 2960
 2970
 2988
 3022
 3068
 3104
 3130
 3152
 3164
 3176
 3188
 3194
 3210
 3236
 3260
 3278
 3292
 3298
 3300
 3290
 3272
 3252
 3226
 3192
 3160
 3128
 3088
 3046
 3004
 2962
 2920
 2878
 2838
 2800
 2764
 2728
 2696
 2662
 2624
 2590
 2556
 2534
 2516
 2492
 2462
 2428
 2396
 2364
 2334
 2304
 2268
 2236
 2208
 2182
 2162
 2150
 2142
 2144
 2158
 2182
 2202
 2236
 2260
 2274
 2284
 2304
 2324
 2342
 2356
 2368
 2378
 2412
 2448
 2476
 2500
 2520
 2540
 2562
 2572
 2578
 2588
 2588
 2594
 2598
 2600
 2604
 2610
 2616
 2622
 2632
 2636
 2638
 2636
 2632
 2622
 2610
 2594
 2574
 2556
 2534
 2512
 2506
 2494
 2474
 2456
 2444
 2438
 2442
 2458
 2470
 2458
 2424
 2368
 2306
 2250
 2194
 2138
 2086
 2030
 1974
 1920
 1870
 1820
 1778
 1740
 1702
 1666
 1640
 1622
 1630
 1642
 1660
 1684
 1714
 1750
 1788
 1826
 1866
 1908
 1948
 1988
 2028
 2068
 2104
 2138
 2168
 2196
 2226
 2256
 2284
 2316
 2342
 2364
 2386
 2416
 2480
 2560
 2630
 2680
 2704
 2714
 2726
 2744
 2772
 2798
 2828
 2864
 2898
 2932
 2964
 2990
 3008
 3022
 3040
 3056
 3072
 3082
 3092
 3100
 3102
 3096
 3080
 3052
 3018
 3000
 2984
 2958
 2928
 2892
 2856
 2824
 2784
 2746
 2706
 2662
 2618
 2574
 2532
 2488
 2442
 2394
 2346
 2304
 2270
 2246
 2220
 2184
 2136
 2082
 2038
 2002
 1974
 1958
 1968
 1980
 1998
 2020
 2046
 2074
 2100
 2142
 2178
 2216
 2252
 2284
 2316
 2344
 2370
 2398
 2424
 2444
 2464
 2482
 2498
 2516
 2530
 2544
 2558
 2570
 2594
 2624
 2652
 2678
 2698
 2718
 2738
 2754
 2774
 2790
 2802
 2816
 2828
 2840
 2850
 2858
 2864
 2878
 2908
 2954
 2998
 3022
 3026
 3012
 3002
 3004
 3002
 3004
 3008
 3008
 3016
 3032
 3030
 3022
 3004
 2986
 2966
 2938
 2910
 2878
 2842
 2806
 2770
 2728
 2688
 2644
 2602
 2554
 2506
 2460
 2414
 2370
 2328
 2286
 2244
 2202
 2156
 2110
 2064
 2024
 1998
 1972
 1944
 1920
 1898
 1886
 1882
 1890
 1924
 1966
 2004
 2030
 2042
 2056
 2076
 2092
 2110
 2130
 2152
 2178
 2208
 2238
 2272
 2306
 2342
 2374
 2408
 2440
 2486
 2540
 2584
 2628
 2662
 2696
 2730
 2758
 2788
 2816
 2842
 2868
 2894
 2918
 2936
 2952
 2966
 2976
 2986
 2998
 3006
 3018
 3028
 3038
 3050
 3058
 3060
 3064
 3074
 3104
 3152
 3186
 3194
 3174
 3132
 3092
 3054
 3020
 2982
 2938
 2896
 2854
 2810
 2766
 2722
 2674
 2626
 2576
 2528
 2482
 2436
 2390
 2344
 2298
 2252
 2204
 2154
 2108
 2066
 2038
 2012
 1982
 1948
 1916
 1894
 1880
 1870
 1872
 1876
 1888
 1902
 1916
 1934
 1950
 1970
 1986
 2004
 2022
 2044
 2074
 2120
 2190
 2252
 2298
 2322
 2326
 2356
 2388
 2424
 2460
 2496
 2536
 2574
 2612
 2654
 2690
 2726
 2764
 2800
 2834
 2864
 2892
 2918
 2942
 2954
 2966
 2978
 2992
 3012
 3030
 3046
 3060
 3074
 3086
 3102
 3136
 3166
 3192
 3214
 3234
 3250
 3264
 3272
 3280
 3272
 3262
 3244
 3224
 3196
 3164
 3134
 3112
 3096
 3074
 3032
 2972
 2906
 2852
 2806
 2760
 2710
 2664
 2620
 2578
 2552
 2524
 2490
 2454
 2418
 2384
 2352
 2318
 2284
 2244
 2206
 2164
 2122
 2088
 2060
 2036
 2020
 2010
 2004
 2006
 2014
 2024
 2044
 2066
 2086
 2108
 2134
 2174
 2214
 2250
 2288
 2318
 2350
 2380
 2406
 2434
 2458
 2480
 2500
 2520
 2540
 2556
 2572
 2584
 2598
 2616
 2634
 2650
 2666
 2684
 2706
 2728
 2748
 2766
 2784
 2802
 2838
 2876
 2908
 2936
 2956
 2976
 2998
 3016
 3036
 3052
 3068
 3090
 3110
 3130
 3146
 3152
 3152
 3144
 3126
 3102
 3074
 3042
 3010
 2980
 2942
 2900
 2858
 2818
 2780
 2758
 2734
 2706
 2676
 2640
 2604
 2570
 2530
 2488
 2438
 2384
 2330
 2272
 2210
 2154
 2092
 2030
 1968
 1908
 1848
 1794
 1740
 1686
 1632
 1578
 1526
 1484
 1452
 1434
 1420
 1416
 1418
 1430
 1452
 1478
 1516
 1564
 1610
 1662
 1712
 1766
 1820
 1870
 1912
 1952
 1990
 2030
 2070
 2104
 2138
 2172
 2204
 2254
 2310
 2360
 2410
 2456
 2500
 2542
 2576
 2612
 2646
 2676
 2702
 2730
 2754
 2776
 2796
 2812
 2828
 2848
 2870
 2894
 2918
 2944
 2962
 2978
 2996
 3010
 3046
 3086
 3120
 3154
 3184
 3214
 3236
 3252
 3270
 3282
 3292
 3298
 3300
 3296
 3282
 3258
 3226
 3190
 3154
 3116
 3072
 3022
 2972
 2920
 2868
 2816
 2762
 2706
 2650
 2598
 2566
 2530
 2490
 2446
 2402
 2356
 2312
 2268
 2226
 2176
 2130
 2080
 2030
 1988
 1952
 1924
 1904
 1892
 1888
 1892
 1906
 1926
 1952
 1984
 2018
 2054
 2094
 2134
 2190
 2246
 2296
 2344
 2388
 2426
 2466
 2496
 2528
 2558
 2590
 2622
 2652
 2682
 2706
 2730
 2748
 2768
 2792
 2820
 2846
 2872
 2898
 2922
 2942
 2960
 2974
 2992
 3000
 3022
 3054
 3084
 3108
 3128
 3150
 3168
 3184
 3200
 3214
 3226
 3238
 3250
 3260
 3266
 3268
 3262
 3252
 3236
 3210
 3180
 3146
 3108
 3066
 3024
 2976
 2926
 2878
 2828
 2776
 2722
 2680
 2650
 2614
 2576
 2536
 2492
 2452
 2410
 2366
 2320
 2268
 2218
 2160
 2102
 2048
 1992
 1938
 1888
 1848
 1814
 1790
 1778
 1774
 1780
 1794
 1812
 1834
 1860
 1892
 1944
 1996
 2046
 2092
 2138
 2182
 2230
 2268
 2310
 2352
 2394
 2434
 2470
 2506
 2542
 2576
 2608
 2640
 2674
 2708
 2742
 2776
 2810
 2844
 2874
 2902
 2926
 2968
 3014
 3048
 3076
 3102
 3128
 3150
 3166
 3182
 3196
 3208
 3220
 3230
 3236
 3240
 3244
 3244
 3240
 3236
 3234
 3234
 3232
 3232
 3228
 3220
 3208
 3190
 3162
 3128
 3088
 3056
 3036
 3010
 2978
 2940
 2898
 2860
 2822
 2782
 2742
 2696
 2654
 2608
 2558
 2510
 2464
 2412
 2362
 2308
 2258
 2206
 2156
 2106
 2056
 2006
 1962
 1914
 1864
 1824
 1788
 1772
 1764
 1766
 1780
 1818
 1884
 1958
 2012
 2052
 2078
 2108
 2138
 2172
 2210
 2246
 2282
 2314
 2348
 2382
 2416
 2454
 2494
 2536
 2574
 2612
 2652
 2686
 2740
 2800
 2852
 2898
 2940
 2978
 3010
 3040
 3064
 3090
 3110
 3130
 3148
 3166
 3180
 3188
 3192
 3196
 3198
 3202
 3206
 3214
 3232
 3272
 3310
 3326
 3316
 3292
 3292
 3298
 3304
 3306
 3302
 3294
 3280
 3250
 3218
 3182
 3142
 3100
 3056
 3008
 2956
 2906
 2856
 2804
 2754
 2704
 2656
 2608
 2562
 2520
 2472
 2422
 2378
 2334
 2304
 2274
 2240
 2202
 2162
 2124
 2092
 2064
 2044
 2026
 2014
 2010
 2010
 2018
 2032
 2060
 2102
 2150
 2192
 2226
 2250
 2268
 2288
 2308
 2334
 2366
 2400
 2454
 2500
 2544
 2584
 2620
 2658
 2696
 2732
 2770
 2806
 2838
 2874
 2900
 2924
 2948
 2972
 2990
 3006
 3022
 3040
 3058
 3076
 3094
 3106
 3120
 3130
 3138
 3160
 3184
 3202
 3216
 3226
 3232
 3230
 3222
 3210
 3192
 3172
 3164
 3156
 3144
 3116
 3070
 3002
 2938
 2876
 2820
 2762
 2704
 2652
 2596
 2544
 2500
 2456
 2404
 2354
 2306
 2264
 2230
 2188
 2146
 2098
 2044
 2000
 1950
 1908
 1866
 1824
 1786
 1754
 1728
 1712
 1702
 1700
 1706
 1718
 1734
 1762
 1790
 1814
 1842
 1870
 1906
 1956
 2004
 2058
 2120
 2186
 2250
 2296
 2318
 2332
 2352
 2378
 2408
 2440
 2470
 2494
 2516
 2536
 2560
 2584
 2606
 2634
 2666
 2694
 2718
 2744
 2766
 2802
 2846
 2884
 2916
 2944
 2972
 3000
 3024
 3044
 3062
 3074
 3082
 3084
 3076
 3058
 3030
 2998
 2960
 2918
 2876
 2834
 2792
 2752
 2710
 2668
 2626
 2580
 2542
 2516
 2484
 2452
 2422
 2394
 2380
 2364
 2334
 2294
 2234
 2170
 2108
 2056
 2012
 1978
 1950
 1928
 1916
 1914
 1922
 1936
 1960
 1984
 2012
 2044
 2078
 2114
 2164
 2208
 2250
 2290
 2330
 2366
 2400
 2434
 2470
 2504
 2538
 2570
 2602
 2632
 2658
 2680
 2706
 2726
 2748
 2774
 2796
 2820
 2838
 2852
 2872
 2886
 2896
 2922
 2948
 2978
 3014
 3056
 3092
 3106
 3090
 3058
 3020
 2976
 2930
 2886
 2842
 2800
 2750
 2700
 2646
 2596
 2548
 2496
 2446
 2398
 2350
 2306
 2258
 2206
 2156
 2108
 2072
 2038
 2000
 1958
 1914
 1870
 1832
 1794
 1768
 1742
 1724
 1710
 1708
 1716
 1732
 1746
 1766
 1786
 1810
 1836
 1864
 1894
 1926
 1958
 2002
 2050
 2100
 2152
 2182
 2202
 2230
 2254
 2288
 2324
 2354
 2388
 2418
 2448
 2482
 2512
 2542
 2568
 2594
 2622
 2648
 2676
 2702
 2730
 2762
 2792
 2824
 2850
 2880
 2904
 2926
 2964
 3004
 3030
 3052
 3068
 3078
 3086
 3084
 3074
 3056
 3032
 3006
 2976
 2944
 2908
 2868
 2830
 2798
 2770
 2740
 2700
 2642
 2572
 2510
 2450
 2392
 2334
 2274
 2220
 2166
 2128
 2086
 2042
 1992
 1940
 1892
 1850
 1814
 1786
 1760
 1742
 1734
 1736
 1752
 1772
 1800
 1830
 1864
 1898
 1940
 1982
 2022
 2062
 2102
 2140
 2180
 2232
 2286
 2336
 2382
 2424
 2462
 2496
 2528
 2560
 2588
 2622
 2674
 2742
 2804
 2840
 2844
 2838
 2836
 2838
 2850
 2860
 2874
 2892
 2910
 2932
 2956
 2970
 2992
 3024
 3048
 3064
 3068
 3064
 3048
 3024
 2998
 2966
 2928
 2890
 2852
 2810
 2766
 2718
 2668
 2620
 2570
 2524
 2480
 2436
 2394
 2350
 2306
 2260
 2218
 2178
 2150
 2116
 2082
 2046
 2006
 1970
 1938
 1908
 1884
 1862
 1850
 1842
 1844
 1852
 1866
 1882
 1904
 1932
 1964
 1998
 2034
 2072
 2110
 2140
 2172
 2200
 2234
 2278
 2318
 2350
 2378
 2404
 2434
 2458
 2478
 2498
 2512
 2526
 2536
 2544
 2548
 2544
 2534
 2526
 2518
 2518
 2528
 2536
 2546
 2554
 2562
 2584
 2604
 2610
 2612
 2614
 2622
 2640
 2660
 2684
 2714
 2742
 2772
 2810
 2852
 2894
 2932
 2964
 2994
 3020
 3046
 3066
 3086
 3118
 3152
 3180
 3200
 3212
 3218
 3208
 3188
 3156
 3110
 3060
 3006
 2950
 2886
 2826
 2762
 2696
 2626
 2558
 2492
 2434
 2388
 2334
 2282
 2228
 2170
 2116
 2062
 2012
 1960
 1908
 1856
 1806
 1762
 1732
 1710
 1700
 1700
 1710
 1732
 1760
 1792
 1830
 1868
 1908
 1948
 1988
 2048
 2116
 2182
 2244
 2298
 2348
 2398
 2444
 2492
 2540
 2582
 2624
 2666
 2708
 2746
 2784
 2820
 2854
 2886
 2918
 2946
 2974
 2998
 3026
 3054
 3078
 3096
 3110
 3124
 3128
 3148
 3172
 3186
 3200
 3210
 3216
 3218
 3212
 3202
 3186
 3158
 3124
 3086
 3044
 3000
 2952
 2902
 2846
 2790
 2734
 2676
 2620
 2564
 2508
 2448
 2388
 2328
 2268
 2208
 2152
 2098
 2058
 2016
 1970
 1920
 1866
 1818
 1776
 1734
 1700
 1666
 1634
 1610
 1592
 1580
 1576
 1574
 1580
 1592
 1612
 1642
 1682
 1722
 1764
 1806
 1846
 1890
 1932
 1986
 2044
 2098
 2152
 2198
 2244
 2286
 2324
 2364
 2402
 2438
 2478
 2512
 2550
 2586
 2618
 2652
 2686
 2722
 2760
 2796
 2838
 2878
 2912
 2942
 2970
 2992
 3018
 3058
 3092
 3122
 3148
 3172
 3194
 3210
 3228
 3242
 3254
 3258
 3258
 3254
 3244
 3224
 3190
 3148
 3104
 3056
 3008
 2954
 2898
 2844
 2788
 2730
 2674
 2614
 2570
 2526
 2476
 2422
 2364
 2310
 2258
 2206
 2158
 2102
 2044
 1984
 1918
 1856
 1796
 1734
 1680
 1632
 1598
 1574
 1564
 1564
 1568
 1590
 1620
 1664
 1720
 1776
 1832
 1882
 1928
 1978
 2020
 2064
 2110
 2150
 2190
 2224
 2260
 2296
 2330
 2366
 2398
 2430
 2464
 2494
 2516
 2544
 2570
 2600
 2646
 2690
 2728
 2764
 2802
 2838
 2872
 2906
 2934
 2960
 2984
 3012
 3040
 3060
 3076
 3092
 3104
 3110
 3110
 3106
 3100
 3090
 3076
 3062
 3044
 3022
 3004
 2984
 2958
 2942
 2916
 2884
 2846
 2804
 2764
 2730
 2702
 2684
 2672
 2674
 2678
 2688
 2694
 2700
 2704
 2700
 2688
 2674
 2666
 2658
 2656
 2664
 2668
 2678
 2690
 2698
 2716
 2732
 2740
 2744
 2748
 2764
 2780
 2800
 2822
 2842
 2862
 2886
 2906
 2924
 2940
 2956
 2974
 2990
 3010
 3030
 3056
 3094
 3136
 3164
 3196
 3210
 3218
 3226
 3232
 3242
 3250
 3258
 3260
 3260
 3254
 3244
 3224
 3198
 3158
 3114
 3064
 3010
 2958
 2902
 2846
 2790
 2738
 2684
 2626
 2572
 2516
 2472
 2432
 2388
 2340
 2292
 2244
 2200
 2156
 2114
 2070
 2026
 1984
 1950
 1926
 1910
 1906
 1910
 1928
 1960
 2000
 2052
 2100
 2142
 2170
 2196
 2224
 2258
 2296
 2334
 2390
 2446
 2498
 2550
 2600
 2650
 2696
 2740
 2786
 2828
 2868
 2906
 2934
 2964
 2990
 3010
 3028
 3044
 3056
 3066
 3078
 3088
 3098
 3108
 3118
 3126
 3132
 3132
 3130
 3132
 3150
 3164
 3176
 3180
 3184
 3184
 3178
 3166
 3148
 3122
 3102
 3084
 3062
 3034
 3000
 2952
 2884
 2806
 2728
 2658
 2590
 2526
 2466
 2404
 2344
 2284
 2224
 2160
 2100
 2044
 1992
 1952
 1910
 1866
 1818
 1772
 1734
 1704
 1690
 1678
 1672
 1680
 1696
 1724
 1754
 1788
 1826
 1866
 1906
 1946
 1986
 2024
 2066
 2102
 2140
 2182
 2232
 2300
 2376
 2430
 2470
 2496
 2522
 2552
 2582
 2612
 2642
 2672
 2704
 2736
 2770
 2802
 2834
 2860
 2882
 2902
 2924
 2938
 2954
 2968
 2984
 3002
 3020
 3030
 3042
 3050
 3054
 3070
 3092
 3110
 3122
 3132
 3130
 3122
 3108
 3090
 3068
 3042
 3014
 2982
 2948
 2912
 2874
 2834
 2790
 2746
 2700
 2660
 2628
 2602
 2580
 2552
 2510
 2452
 2384
 2324
 2266
 2214
 2172
 2126
 2076
 2028
 1978
 1934
 1900
 1876
 1858
 1850
 1852
 1860
 1872
 1886
 1898
 1908
 1920
 1924
 1930
 1938
 1944
 1946
 1944
 1944
 1944
 1952
 1960
 1986
 2014
 2040
 2064
 2078
 2086
 2092
 2092
 2096
 2104
 2118
 2140
 2178
 2234
 2290
 2332
 2360
 2374
 2390
 2408
 2434
 2472
 2508
 2556
 2620
 2676
 2728
 2780
 2826
 2868
 2908
 2946
 2976
 3000
 3024
 3046
 3068
 3084
 3094
 3104
 3110
 3112
 3112
 3108
 3094
 3072
 3058
 3034
 3000
 2964
 2922
 2882
 2838
 2794
 2750
 2704
 2656
 2610
 2562
 2510
 2460
 2412
 2360
 2316
 2278
 2250
 2226
 2198
 2162
 2112
 2040
 1960
 1888
 1830
 1786
 1756
 1734
 1726
 1728
 1748
 1772
 1820
 1866
 1914
 1960
 2006
 2054
 2106
 2158
 2208
 2256
 2300
 2348
 2392
 2438
 2476
 2512
 2548
 2580
 2616
 2646
 2678
 2710
 2742
 2774
 2802
 2826
 2850
 2868
 2890
 2926
 2960
 2984
 3000
 3016
 3032
 3046
 3066
 3100
 3136
 3164
 3182
 3184
 3178
 3176
 3172
 3172
 3170
 3166
 3160
 3160
 3160
 3158
 3156
 3152
 3148
 3132
 3110
 3086
 3052
 3024
 3004
 2972
 2936
 2898
 2858
 2816
 2772
 2730
 2686
 2640
 2590
 2542
 2488
 2436
 2380
 2324
 2268
 2208
 2152
 2092
 2038
 1988
 1934
 1886
 1844
 1810
 1794
 1802
 1852
 1904
 1948
 1972
 1978
 1996
 2020
 2040
 2072
 2108
 2146
 2184
 2228
 2274
 2320
 2366
 2408
 2454
 2498
 2542
 2584
 2626
 2670
 2708
 2744
 2778
 2808
 2840
 2886
 2926
 2962
 2992
 3018
 3036
 3050
 3064
 3078
 3088
 3098
 3106
 3116
 3124
 3130
 3128
 3124
 3122
 3120
 3122
 3122
 3122
 3124
 3124
 3130
 3154
 3188
 3216
 3222
 3212
 3184
 3172
 3172
 3170
 3170
 3166
 3160
 3154
 3144
 3128
 3104
 3074
 3042
 3008
 2972
 2928
 2882
 2836
 2786
 2740
 2700
 2658
 2614
 2572
 2530
 2484
 2440
 2394
 2348
 2304
 2260
 2222
 2196
 2166
 2134
 2098
 2056
 2020
 1982
 1942
 1908
 1866
 1824
 1780
 1736
 1692
 1648
 1602
 1556
 1516
 1480
 1450
 1420
 1390
 1360
 1338
 1316
 1296
 1280
 1270
 1268
 1268
 1264
 1256
 1254
 1260
 1270
 1288
 1310
 1336
 1366
 1394
 1424
 1454
 1488
 1526
 1564
 1604
 1644
 1684
 1726
 1768
 1806
 1850
 1906
 1956
 2002
 2044
 2084
 2122
 2154
 2190
 2226
 2256
 2288
 2322
 2358
 2392
 2422
 2448
 2476
 2506
 2534
 2568
 2602
 2636
 2670
 2700
 2728
 2756
 2780
 2806
 2850
 2886
 2918
 2944
 2962
 2982
 2998
 3012
 3024
 3028
 3030
 3032
 3028
 3018
 3000
 2980
 2954
 2924
 2894
 2864
 2834
 2804
 2774
 2744
 2716
 2686
 2652
 2618
 2584
 2550
 2512
 2484
 2462
 2436
 2404
 2368
 2332
 2296
 2256
 2220
 2182
 2140
 2102
 2064
 2028
 1996
 1974
 1952
 1940
 1934
 1936
 1946
 1962
 1982
 2006
 2034
 2060
 2088
 2118
 2146
 2184
 2232
 2276
 2320
 2360
 2396
 2436
 2470
 2500
 2534
 2562
 2588
 2620
 2652
 2682
 2708
 2732
 2754
 2774
 2796
 2814
 2836
 2854
 2874
 2892
 2912
 2928
 2942
 2952
 2960
 2966
 2972
 2990
 3010
 3024
 3040
 3052
 3066
 3072
 3074
 3078
 3082
 3084
 3084
 3080
 3072
 3056
 3036
 3012
 2982
 2952
 2924
 2892
 2856
 2820
 2784
 2748
 2712
 2674
 2638
 2598
 2556
 2516
 2476
 2440
 2416
 2386
 2354
 2318
 2284
 2252
 2220
 2196
 2176
 2160
 2150
 2152
 2158
 2172
 2190
 2206
 2224
 2246
 2272
 2302
 2334
 2364
 2398
 2432
 2468
 2502
 2532
 2558
 2582
 2614
 2652
 2686
 2718
 2746
 2776
 2804
 2828
 2852
 2876
 2896
 2918
 2938
 2954
 2966
 2972
 2972
 2974
 2976
 2978
 2980
 2984
 2986
 2990
 2996
 3000
 3002
 3006
 3008
 3004
 2996
 3004
 3012
 3012
 3006
 2994
 2978
 2958
 2934
 2908
 2878
 2846
 2814
 2780
 2746
 2712
 2674
 2634
 2594
 2554
 2516
 2480
 2444
 2410
 2376
 2342
 2308
 2270
 2230
 2188
 2144
 2108
 2082
 2056
 2034
 2012
 2002
 2000
 2002
 2018
 2034
 2056
 2082
 2106
 2136
 2166
 2192
 2220
 2248
 2276
 2306
 2336
 2366
 2396
 2432
 2464
 2492
 2524
 2548
 2580
 2624
 2664
 2702
 2734
 2762
 2792
 2816
 2838
 2860
 2880
 2900
 2920
 2938
 2954
 2962
 2966
 2966
 2968
 2972
 2974
 2976
 2982
 2988
 2996
 3002
 3010
 3014
 3020
 3022
 3020
 3032
 3050
 3060
 3070
 3072
 3068
 3068
 3060
 3050
 3036
 3016
 2996
 2972
 2944
 2912
 2880
 2842
 2802
 2762
 2724
 2684
 2648
 2608
 2570
 2532
 2492
 2450
 2404
 2358
 2314
 2284
 2250
 2214
 2174
 2132
 2092
 2060
 2028
 2002
 1978
 1956
 1940
 1928
 1924
 1930
 1940
 1952
 1968
 1986
 2008
 2030
 2056
 2086
 2114
 2142
 2170
 2196
 2236
 2274
 2308
 2340
 2370
 2398
 2432
 2462
 2496
 2526
 2556
 2588
 2618
 2646
 2674
 2696
 2716
 2740
 2760
 2780
 2802
 2822
 2846
 2868
 2892
 2908
 2920
 2928
 2928
 2942
 2966
 2982
 2996
 3008
 3022
 3044
 3072
 3116
 3134
 3134
 3124
 3126
 3132
 3136
 3134
 3126
 3112
 3104
 3094
 3086
 3076
 3070
 3056
 3040
 3024
 3004
 2980
 2954
 2922
 2894
 2878
 2858
 2828
 2798
 2762
 2732
 2700
 2666
 2634
 2598
 2558
 2520
 2478
 2434
 2392
 2344
 2294
 2244
 2194
 2142
 2096
 2048
 2006
 1964
 1934
 1912
 1904
 1902
 1910
 1912
 1908
 1916
 1936
 1966
 1996
 2026
 2056
 2090
 2126
 2160
 2194
 2228
 2264
 2296
 2328
 2358
 2388
 2420
 2456
 2488
 2524
 2554
 2580
 2608
 2634
 2664
 2708
 2744
 2774
 2804
 2828
 2850
 2868
 2884
 2898
 2906
 2916
 2922
 2928
 2934
 2938
 2942
 2946
 2956
 2978
 3012
 3052
 3090
 3116
 3118
 3100
 3086
 3070
 3052
 3040
 3028
 3032
 3042
 3048
 3054
 3056
 3056
 3054
 3044
 3032
 3018
 3000
 2976
 2948
 2920
 2890
 2856
 2822
 2782
 2744
 2704
 2666
 2630
 2594
 2558
 2524
 2486
 2446
 2410
 2372
 2348
 2326
 2300
 2272
 2242
 2214
 2190
 2172
 2160
 2146
 2146
 2168
 2206
 2246
 2270
 2282
 2288
 2286
 2288
 2296
 2314
 2332
 2356
 2380
 2406
 2428
 2448
 2466
 2484
 2514
 2548
 2580
 2610
 2634
 2656
 2680
 2698
 2716
 2730
 2744
 2758
 2770
 2786
 2800
 2810
 2818
 2824
 2828
 2832
 2842
 2850
 2858
 2868
 2880
 2892
 2900
 2908
 2902
 2896
 2886
 2884
 2900
 2920
 2922
 2908
 2876
 2842
 2808
 2776
 2744
 2710
 2674
 2640
 2606
 2570
 2530
 2492
 2450
 2406
 2364
 2322
 2280
 2242
 2202
 2162
 2124
 2086
 2048
 2010
 1970
 1936
 1906
 1894
 1892
 1890
 1892
 1894
 1908
 1930
 1952
 1978
 2008
 2034
 2064
 2092
 2120
 2148
 2176
 2206
 2234
 2272
 2320
 2378
 2438
 2492
 2526
 2534
 2524
 2526
 2532
 2536
 2554
 2580
 2604
 2632
 2652
 2674
 2700
 2724
 2746
 2768
 2788
 2810
 2834
 2856
 2872
 2888
 2892
 2894
 2896
 2902
 2908
 2912
 2920
 2926
 2934
 2940
 2944
 2944
 2934
 2920
 2902
 2894
 2888
 2874
 2858
 2838
 2814
 2786
 2758
 2728
 2696
 2664
 2650
 2644
 2628
 2596
 2546
 2482
 2420
 2364
 2314
 2268
 2222
 2180
 2136
 2092
 2048
 2006
 1960
 1918
 1876
 1842
 1816
 1814
 1816
 1822
 1836
 1854
 1880
 1912
 1942
 1980
 2014
 2048
 2084
 2118
 2152
 2186
 2216
 2244
 2272
 2302
 2330
 2360
 2386
 2412
 2440
 2466
 2488
 2514
 2540
 2582
 2652
 2710
 2752
 2774
 2788
 2810
 2832
 2856
 2878
 2892
 2902
 2918
 2932
 2944
 2954
 2958
 2962
 2966
 2970
 2972
 2972
 2974
 2978
 2984
 2988
 2992
 2996
 2998
 2996
 2994
 3008
 3022
 3026
 3026
 3018
 3006
 2992
 2970
 2950
 2922
 2894
 2870
 2846
 2820
 2794
 2762
 2728
 2692
 2654
 2622
 2600
 2584
 2562
 2522
 2470
 2416
 2360
 2304
 2250
 2200
 2150
 2114
 2082
 2048
 2014
 1984
 1962
 1952
 1944
 1948
 1956
 1970
 1988
 2010
 2038
 2066
 2092
 2118
 2146
 2172
 2198
 2224
 2252
 2282
 2310
 2336
 2362
 2386
 2410
 2450
 2488
 2520
 2546
 2568
 2592
 2616
 2636
 2656
 2670
 2698
 2738
 2780
 2812
 2834
 2840
 2840
 2844
 2850
 2860
 2872
 2888
 2906
 2926
 2944
 2956
 2966
 2972
 2980
 2986
 2988
 3006
 3028
 3044
 3052
 3050
 3044
 3034
 3014
 2996
 2970
 2944
 2922
 2894
 2866
 2834
 2796
 2760
 2720
 2684
 2648
 2614
 2578
 2544
 2510
 2470
 2436
 2400
 2358
 2318
 2278
 2248
 2216
 2180
 2140
 2098
 2066
 2042
 2028
 2020
 2016
 2020
 2032
 2044
 2058
 2070
 2078
 2086
 2094
 2102
 2114
 2132
 2148
 2166
 2186
 2202
 2216
 2220
 2230
 2250
 2264
 2282
 2300
 2316
 2332
 2340
 2348
 2350
 2344
 2338
 2328
 2320
 2326
 2342
 2364
 2384
 2410
 2440
 2470
 2504
 2536
 2574
 2628
 2682
 2730
 2774
 2816
 2858
 2894
 2924
 2948
 2966
 2984
 3000
 3016
 3026
 3032
 3034
 3032
 3026
 3020
 3008
 2994
 2990
 2982
 2962
 2938
 2906
 2872
 2830
 2782
 2734
 2680
 2626
 2574
 2518
 2464
 2408
 2346
 2280
 2218
 2152
 2088
 2024
 1962
 1902
 1840
 1778
 1716
 1652
 1588
 1528
 1470
 1412
 1364
 1326
 1306
 1304
 1306
 1314
 1336
 1370
 1416
 1462
 1512
 1570
 1628
 1688
 1742
 1798
 1852
 1908
 1956
 2000
 2040
 2084
 2126
 2172
 2220
 2264
 2304
 2342
 2372
 2424
 2480
 2526
 2572
 2610
 2646
 2678
 2708
 2734
 2756
 2774
 2790
 2802
 2808
 2812
 2808
 2802
 2796
 2790
 2786
 2782
 2778
 2774
 2774
 2772
 2772
 2772
 2766
 2760
 2756
 2752
 2750
 2770
 2788
 2798
 2808
 2814
 2822
 2830
 2828
 2828
 2824
 2820
 2820
 2816
 2808
 2790
 2764
 2734
 2702
 2672
 2640
 2606
 2568
 2530
 2494
 2450
 2408
 2364
 2318
 2270
 2218
 2168
 2114
 2076
 2046
 2010
 1974
 1934
 1890
 1856
 1828
 1810
 1798
 1790
 1792
 1796
 1804
 1818
 1828
 1838
 1848
 1864
 1886
 1912
 1942
 1972
 2000
 2030
 2062
 2090
 2118
 2146
 2170
 2212
 2256
 2292
 2328
 2360
 2388
 2420
 2446
 2470
 2494
 2514
 2534
 2554
 2570
 2584
 2596
 2608
 2618
 2630
 2644
 2660
 2676
 2694
 2714
 2734
 2754
 2772
 2786
 2800
 2812
 2842
 2878
 2904
 2924
 2936
 2948
 2960
 2964
 2962
 2958
 2950
 2940
 2928
 2914
 2892
 2866
 2834
 2798
 2758
 2718
 2672
 2626
 2580
 2532
 2484
 2436
 2386
 2330
 2274
 2214
 2164
 2114
 2050
 1980
 1904
 1828
 1760
 1696
 1636
 1580
 1530
 1488
 1456
 1438
 1432
 1434
 1440
 1446
 1452
 1454
 1460
 1470
 1480
 1488
 1494
 1498
 1510
 1538
 1562
 1588
 1616
 1638
 1660
 1680
 1696
 1704
 1708
 1706
 1712
 1726
 1752
 1778
 1814
 1854
 1904
 1962
 2024
 2080
 2146
 2222
 2292
 2364
 2436
 2504
 2564
 2620
 2668
 2716
 2762
 2808
 2854
 2900
 2938
 2974
 3002
 3026
 3048
 3064
 3090
 3124
 3152
 3178
 3200
 3220
 3236
 3244
 3254
 3254
 3240
 3216
 3190
 3156
 3114
 3066
 3016
 2960
 2908
 2854
 2800
 2742
 2684
 2626
 2566
 2508
 2448
 2386
 2324
 2258
 2190
 2126
 2064
 2016
 1980
 1936
 1888
 1838
 1784
 1734
 1684
 1642
 1596
 1550
 1510
 1472
 1444
 1420
 1404
 1398
 1404
 1420
 1448
 1480
 1520
 1568
 1620
 1674
 1718
 1766
 1812
 1868
 1934
 1994
 2050
 2100
 2146
 2190
 2232
 2274
 2312
 2350
 2388
 2434
 2500
 2588
 2662
 2700
 2712
 2714
 2728
 2750
 2778
 2804
 2828
 2856
 2886
 2916
 2944
 2968
 2988
 3002
 3010
 3028
 3064
 3092
 3116
 3138
 3156
 3172
 3186
 3196
 3204
 3204
 3204
 3190
 3170
 3142
 3106
 3068
 3026
 2980
 2936
 2888
 2844
 2802
 2764
 2730
 2700
 2672
 2650
 2616
 2576
 2534
 2464
 2388
 2312
 2236
 2166
 2098
 2034
 1974
 1910
 1850
 1792
 1738
 1690
 1652
 1628
 1614
 1614
 1628
 1652
 1686
 1722
 1770
 1818
 1864
 1912
 1958
 2010
 2076
 2136
 2190
 2244
 2294
 2346
 2388
 2430
 2468
 2502
 2538
 2568
 2596
 2620
 2644
 2676
 2722
 2776
 2828
 2868
 2894
 2904
 2916
 2934
 2956
 2974
 2988
 3002
 3008
 3028
 3062
 3090
 3110
 3130
 3144
 3156
 3166
 3174
 3184
 3192
 3196
 3202
 3206
 3206
 3198
 3184
 3162
 3136
 3106
 3072
 3038
 3002
 2966
 2930
 2890
 2846
 2798
 2750
 2704
 2658
 2630
 2594
 2550
 2504
 2458
 2414
 2370
 2316
 2270
 2232
 2202
 2168
 2116
 2050
 1966
 1888
 1820
 1758
 1708
 1666
 1632
 1612
 1604
 1606
 1622
 1644
 1670
 1704
 1750
 1816
 1882
 1948
 2012
 2074
 2140
 2198
 2256
 2312
 2364
 2412
 2460
 2506
 2548
 2586
 2624
 2660
 2692
 2726
 2758
 2788
 2818
 2844
 2870
 2890
 2908
 2940
 2974
 3004
 3030
 3050
 3070
 3088
 3102
 3128
 3164
 3200
 3230
 3244
 3242
 3230
 3220
 3210
 3202
 3194
 3184
 3168
 3148
 3124
 3094
 3062
 3022
 2982
 2936
 2888
 2838
 2790
 2738
 2708
 2682
 2646
 2612
 2570
 2526
 2488
 2442
 2396
 2346
 2294
 2238
 2182
 2124
 2064
 2002
 1940
 1876
 1816
 1756
 1700
 1648
 1602
 1568
 1556
 1564
 1580
 1598
 1614
 1632
 1668
 1706
 1750
 1792
 1838
 1886
 1930
 1978
 2024
 2070
 2114
 2156
 2200
 2244
 2288
 2326
 2362
 2396
 2426
 2456
 2486
 2514
 2546
 2574
 2602
 2628
 2648
 2686
 2732
 2772
 2808
 2844
 2874
 2900
 2924
 2944
 2962
 2974
 2984
 2994
 3006
 3018
 3036
 3068
 3100
 3122
 3130
 3124
 3114
 3110
 3110
 3116
 3118
 3116
 3118
 3118
 3116
 3114
 3106
 3112
 3120
 3118
 3108
 3092
 3076
 3054
 3024
 2996
 2960
 2922
 2884
 2844
 2800
 2752
 2704
 2654
 2602
 2552
 2504
 2454
 2404
 2356
 2306
 2258
 2212
 2160
 2106
 2054
 2004
 1964
 1928
 1892
 1866
 1852
 1868
 1890
 1904
 1914
 1918
 1934
 1956
 1976
 2008
 2040
 2078
 2112
 2144
 2178
 2218
 2252
 2288
 2326
 2366
 2404
 2440
 2476
 2506
 2550
 2606
 2658
 2706
 2750
 2794
 2836
 2872
 2904
 2936
 2956
 2976
 2996
 3016
 3032
 3042
 3046
 3048
 3050
 3052
 3054
 3056
 3068
 3090
 3122
 3150
 3158
 3156
 3142
 3130
 3124
 3130
 3138
 3144
 3146
 3144
 3142
 3132
 3118
 3100
 3072
 3040
 3004
 2966
 2928
 2884
 2838
 2790
 2738
 2690
 2642
 2596
 2548
 2502
 2452
 2404
 2350
 2292
 2232
 2172
 2116
 2074
 2026
 1976
 1924
 1872
 1822
 1782
 1746
 1718
 1690
 1672
 1664
 1668
 1688
 1728
 1788
 1856
 1934
 2008
 2070
 2114
 2136
 2150
 2174
 2192
 2214
 2240
 2270
 2316
 2362
 2406
 2450
 2492
 2538
 2580
 2618
 2656
 2686
 2720
 2754
 2788
 2820
 2846
 2870
 2890
 2912
 2930
 2946
 2962
 2972
 2982
 2994
 3006
 3016
 3026
 3030
 3034
 3058
 3080
 3094
 3106
 3118
 3126
 3132
 3128
 3118
 3098
 3072
 3046
 3012
 2976
 2938
 2896
 2848
 2798
 2748
 2700
 2650
 2602
 2552
 2500
 2448
 2394
 2338
 2278
 2218
 2156
 2108
 2060
 2008
 1952
 1890
 1830
 1774
 1720
 1672
 1626
 1582
 1544
 1516
 1496
 1488
 1486
 1488
 1500
 1514
 1538
 1568
 1606
 1644
 1684
 1718
 1760
 1820
 1882
 1942
 2002
 2058
 2114
 2168
 2222
 2276
 2330
 2382
 2436
 2488
 2540
 2586
 2624
 2660
 2694
 2726
 2754
 2780
 2806
 2830
 2848
 2868
 2906
 2934
 2956
 2980
 2998
 3018
 3034
 3046
 3060
 3070
 3080
 3090
 3098
 3104
 3106
 3102
 3092
 3080
 3066
 3046
 3024
 2996
 2966
 2934
 2898
 2862
 2824
 2780
 2730
 2684
 2634
 2594
 2564
 2530
 2486
 2438
 2388
 2342
 2292
 2246
 2196
 2140
 2086
 2028
 1972
 1914
 1856
 1798
 1738
 1688
 1644
 1608
 1584
 1570
 1564
 1568
 1584
 1604
 1632
 1664
 1714
 1768
 1818
 1866
 1910
 1956
 1998
 2036
 2076
 2114
 2150
 2184
 2220
 2254
 2284
 2314
 2344
 2376
 2404
 2434
 2462
 2492
 2524
 2554
 2584
 2610
 2636
 2658
 2694
 2742
 2782
 2818
 2850
 2882
 2910
 2932
 2948
 2958
 2972
 2986
 3000
 3014
 3024
 3030
 3036
 3036
 3034
 3032
 3026
 3020
 3008
 2990
 2966
 2940
 2918
 2888
 2856
 2822
 2784
 2748
 2726
 2698
 2666
 2630
 2592
 2556
 2520
 2482
 2444
 2400
 2352
 2304
 2254
 2198
 2144
 2090
 2032
 1972
 1914
 1856
 1802
 1748
 1698
 1652
 1614
 1578
 1550
 1532
 1518
 1524
 1542
 1564
 1596
 1628
 1664
 1706
 1742
 1782
 1820
 1858
 1894
 1930
 1966
 2000
 2028
 2060
 2094
 2128
 2166
 2200
 2238
 2282
 2326
 2366
 2406
 2440
 2480
 2536
 2586
 2632
 2674
 2712
 2746
 2776
 2800
 2824
 2846
 2866
 2888
 2908
 2928
 2940
 2944
 2950
 2956
 2962
 2968
 2974
 2980
 2988
 2994
 3002
 3004
 3006
 3006
 3002
 3004
 3012
 3014
 3012
 3008
 3000
 2990
 2974
 2958
 2942
 2924
 2904
 2886
 2866
 2844
 2818
 2788
 2756
 2724
 2698
 2672
 2648
 2626
 2602
 2578
 2556
 2532
 2504
 2472
 2444
 2418
 2404
 2384
 2362
 2336
 2306
 2280
 2254
 2226
 2198
 2162
 2122
 2086
 2046
 2006
 1970
 1930
 1888
 1848
 1810
 1776
 1744
 1716
 1684
 1656
 1630
 1604
 1576
 1550
 1524
 1504
 1496
 1482
 1464
 1442
 1424
 1406
 1390
 1374
 1358
 1340
 1326
 1304
 1278
 1254
 1230
 1206
 1178
 1152
 1128
 1110
 1096
 1080
 1066
 1052
 1038
 1032
 1026
 1028
 1038
 1052
 1066
 1078
 1094
 1114
 1136
 1166
 1192
 1216
 1240
 1262
 1280
 1294
 1302
 1308
 1318
 1328
 1340
 1354
 1364
 1376
 1390
 1404
 1414
 1430
 1446
 1470
 1500
 1526
 1548
 1566
 1586
 1606
 1624
 1646
 1664
 1684
 1702
 1716
 1730
 1746
 1758
 1768
 1778
 1786
 1800
 1812
 1828
 1844
 1862
 1880
 1902
 1922
 1940
 1960
 1980
 2016
 2060
 2098
 2136
 2180
 2228
 2278
 2346
 2424
 2496
 2544
 2570
 2572
 2574
 2584
 2600
 2618
 2630
 2638
 2650
 2664
 2678
 2696
 2714
 2730
 2748
 2764
 2780
 2796
 2806
 2828
 2854
 2868
 2878
 2880
 2878
 2874
 2864
 2854
 2836
 2814
 2792
 2772
 2748
 2724
 2700
 2670
 2636
 2602
 2570
 2540
 2508
 2478
 2450
 2420
 2400
 2390
 2378
 2356
 2320
 2282
 2236
 2190
 2146
 2110
 2082
 2060
 2044
 2034
 2030
 2038
 2048
 2060
 2076
 2094
 2108
 2124
 2142
 2162
 2186
 2214
 2242
 2268
 2292
 2316
 2340
 2378
 2416
 2454
 2484
 2512
 2536
 2566
 2590
 2616
 2638
 2656
 2676
 2698
 2716
 2732
 2746
 2752
 2754
 2764
 2788
 2830
 2880
 2914
 2922
 2914
 2896
 2884
 2876
 2888
 2902
 2912
 2924
 2936
 2948
 2962
 2972
 2984
 2994
 3004
 3016
 3026
 3036
 3044
 3048
 3048
 3048
 3050
 3050
 3048
 3044
 3042
 3040
 3030
 3018
 3000
 2980
 2968
 2962
 2946
 2928
 2904
 2882
 2864
 2838
 2810
 2782
 2754
 2728
 2702
 2678
 2652
 2620
 2590
 2556
 2528
 2500
 2484
 2480
 2464
 2436
 2400
 2352
 2302
 2250
 2208
 2174
 2140
 2106
 2066
 2034
 2000
 1972
 1948
 1922
 1894
 1868
 1838
 1810
 1782
 1754
 1726
 1696
 1668
 1646
 1626
 1606
 1590
 1572
 1560
 1548
 1550
 1552
 1548
 1546
 1550
 1558
 1580
 1606
 1650
 1700
 1744
 1776
 1796
 1808
 1824
 1846
 1864
 1884
 1908
 1932
 1954
 1978
 2008
 2034
 2078
 2126
 2166
 2206
 2238
 2270
 2304
 2330
 2356
 2380
 2404
 2424
 2448
 2474
 2498
 2520
 2542
 2560
 2580
 2600
 2622
 2644
 2664
 2686
 2704
 2734
 2772
 2800
 2830
 2854
 2876
 2892
 2906
 2922
 2922
 2922
 2932
 2932
 2924
 2898
 2866
 2824
 2784
 2746
 2710
 2678
 2646
 2616
 2588
 2560
 2534
 2506
 2476
 2444
 2412
 2390
 2380
 2364
 2348
 2326
 2302
 2282
 2260
 2238
 2216
 2186
 2160
 2126
 2092
 2052
 2010
 1966
 1922
 1880
 1836
 1798
 1758
 1724
 1690
 1658
 1624
 1598
 1576
 1566
 1564
 1580
 1606
 1652
 1700
 1748
 1780
 1806
 1814
 1828
 1852
 1870
 1900
 1926
 1956
 1988
 2018
 2048
 2078
 2108
 2140
 2174
 2206
 2234
 2256
 2288
 2330
 2364
 2392
 2416
 2438
 2462
 2480
 2496
 2512
 2522
 2532
 2540
 2542
 2540
 2532
 2520
 2512
 2508
 2510
 2516
 2522
 2528
 2534
 2534
 2552
 2580
 2608
 2626
 2634
 2640
 2642
 2644
 2658
 2674
 2686
 2698
 2710
 2724
 2738
 2756
 2772
 2790
 2804
 2818
 2834
 2844
 2866
 2902
 2930
 2950
 2966
 2978
 2994
 3006
 3020
 3032
 3042
 3054
 3068
 3084
 3094
 3104
 3112
 3114
 3114
 3112
 3108
 3108
 3122
 3134
 3142
 3144
 3142
 3132
 3124
 3110
 3102
 3100
 3092
 3074
 3040
 2988
 2932
 2884
 2834
 2784
 2738
 2694
 2654
 2614
 2578
 2542
 2506
 2470
 2434
 2394
 2354
 2316
 2288
 2274
 2248
 2220
 2186
 2150
 2118
 2082
 2050
 2014
 1976
 1938
 1894
 1848
 1804
 1758
 1714
 1670
 1628
 1586
 1552
 1520
 1488
 1460
 1432
 1412
 1406
 1410
 1440
 1478
 1530
 1594
 1676
 1762
 1834
 1898
 1944
 1966
 1990
 2012
 2032
 2058
 2086
 2114
 2144
 2178
 2206
 2238
 2272
 2298
 2326
 2358
 2386
 2430
 2486
 2534
 2580
 2624
 2662
 2700
 2734
 2770
 2808
 2844
 2882
 2920
 2954
 2980
 3006
 3026
 3044
 3060
 3070
 3084
 3096
 3110
 3120
 3128
 3134
 3136
 3132
 3140
 3158
 3172
 3186
 3194
 3200
 3210
 3216
 3222
 3228
 3226
 3226
 3228
 3226
 3220
 3208
 3190
 3174
 3154
 3134
 3116
 3094
 3074
 3056
 3034
 3008
 2982
 2956
 2928
 2918
 2906
 2884
 2860
 2832
 2808
 2786
 2760
 2734
 2704
 2670
 2640
 2612
 2582
 2548
 2514
 2480
 2442
 2404
 2368
 2330
 2296
 2262
 2234
 2208
 2182
 2156
 2136
 2114
 2104
 2096
 2084
 2072
 2060
 2054
 2054
 2058
 2068
 2076
 2088
 2100
 2110
 2120
 2132
 2142
 2152
 2160
 2168
 2176
 2184
 2190
 2200
 2208
 2214
 2220
 2230
 2238
 2266
 2290
 2310
 2328
 2342
 2358
 2376
 2390
 2406
 2422
 2440
 2458
 2476
 2494
 2510
 2524
 2534
 2544
 2552
 2562
 2572
 2584
 2596
 2606
 2620
 2628
 2634
 2644
 2650
 2672
 2704
 2728
 2748
 2766
 2784
 2804
 2822
 2840
 2858
 2874
 2894
 2912
 2928
 2936
 2936
 2930
 2924
 2920
 2918
 2920
 2920
 2924
 2930
 2936
 2944
 2948
 2950
 2956
 2960
 2978
 3008
 3028
 3048
 3066
 3078
 3090
 3098
 3102
 3102
 3092
 3082
 3070
 3052
 3032
 3006
 2974
 2938
 2902
 2866
 2828
 2788
 2750
 2714
 2676
 2636
 2594
 2552
 2512
 2484
 2456
 2420
 2376
 2328
 2280
 2240
 2194
 2150
 2100
 2050
 1998
 1944
 1886
 1834
 1778
 1720
 1664
 1606
 1550
 1496
 1448
 1406
 1368
 1322
 1282
 1248
 1220
 1202
 1174
 1148
 1120
 1092
 1072
 1052
 1040
 1028
 1020
 1016
 1018
 1028
 1048
 1072
 1094
 1120
 1150
 1184
 1222
 1262
 1306
 1350
 1414
 1476
 1540
 1598
 1650
 1704
 1758
 1802
 1850
 1890
 1930
 1970
 2002
 2034
 2066
 2096
 2126
 2154
 2182
 2204
 2224
 2244
 2260
 2282
 2318
 2352
 2384
 2412
 2434
 2460
 2480
 2500
 2522
 2538
 2554
 2572
 2592
 2610
 2626
 2638
 2650
 2662
 2672
 2686
 2702
 2718
 2738
 2756
 2774
 2792
 2812
 2832
 2854
 2874
 2890
 2902
 2908
 2934
 2970
 3000
 3024
 3042
 3056
 3070
 3080
 3086
 3092
 3096
 3098
 3104
 3104
 3104
 3102
 3098
 3092
 3086
 3080
 3078
 3078
 3076
 3076
 3074
 3074
 3072
 3070
 3062
 3056
 3044
 3050
 3066
 3076
 3082
 3090
 3096
 3102
 3106
 3112
 3116
 3118
 3122
 3122
 3124
 3124
 3124
 3118
 3110
 3098
 3094
 3090
 3086
 3082
 3076
 3068
 3060
 3048
 3032
 3012
 2990
 2964
 2952
 2938
 2914
 2886
 2856
 2824
 2796
 2764
 2732
 2694
 2656
 2618
 2576
 2534
 2490
 2442
 2394
 2342
 2288
 2234
 2182
 2134
 2086
 2038
 1994
 1950
 1904
 1856
 1812
 1772
 1748
 1736
 1724
 1716
 1690
 1656
 1632
 1596
 1558
 1518
 1480
 1442
 1406
 1374
 1346
 1316
 1288
 1262
 1234
 1206
 1182
 1170
 1162
 1158
 1164
 1178
 1212
 1252
 1292
 1334
 1376
 1422
 1470
 1518
 1568
 1618
 1670
 1718
 1762
 1806
 1848
 1888
 1930
 1970
 2006
 2038
 2070
 2116
 2164
 2224
 2312
 2400
 2470
 2516
 2532
 2536
 2546
 2556
 2566
 2582
 2600
 2622
 2644
 2666
 2686
 2706
 2724
 2744
 2768
 2790
 2810
 2832
 2856
 2882
 2908
 2934
 2948
 2958
 2964
 2964
 2974
 2988
 2986
 2978
 2962
 2942
 2920
 2892
 2864
 2834
 2800
 2768
 2736
 2700
 2666
 2634
 2600
 2574
 2552
 2534
 2516
 2494
 2460
 2410
 2346
 2280
 2214
 2148
 2082
 2024
 1970
 1932
 1900
 1864
 1832
 1806
 1788
 1786
 1792
 1808
 1832
 1862
 1894
 1928
 1964
 1998
 2034
 2070
 2100
 2130
 2160
 2190
 2224
 2260
 2290
 2320
 2350
 2378
 2416
 2460
 2500
 2536
 2564
 2592
 2618
 2640
 2662
 2680
 2694
 2710
 2730
 2758
 2796
 2844
 2868
 2880
 2880
 2880
 2886
 2902
 2920
 2934
 2952
 2968
 2986
 3002
 3014
 3026
 3032
 3040
 3066
 3084
 3098
 3106
 3116
 3124
 3128
 3130
 3136
 3138
 3140
 3140
 3134
 3124
 3110
 3088
 3062
 3030
 3000
 2968
 2936
 2898
 2864
 2830
 2798
 2766
 2732
 2700
 2664
 2632
 2618
 2606
 2590
 2578
 2566
 2554
 2536
 2504
 2452
 2386
 2326
 2260
 2192
 2128
 2066
 2004
 1948
 1894
 1844
 1802
 1766
 1742
 1728
 1730
 1738
 1756
 1780
 1812
 1852
 1910
 1970
 2026
 2078
 2122
 2166
 2204
 2240
 2278
 2316
 2350
 2380
 2412
 2442
 2468
 2492
 2512
 2530
 2552
 2570
 2596
 2628
 2668
 2716
 2764
 2798
 2808
 2822
 2846
 2870
 2894
 2912
 2932
 2954
 2970
 2986
 3004
 3016
 3026
 3038
 3052
 3060
 3068
 3066
 3066
 3064
 3062
 3058
 3056
 3050
 3038
 3024
 2996
 2964
 2930
 2894
 2870
 2852
 2826
 2796
 2760
 2722
 2688
 2652
 2616
 2578
 2542
 2506
 2472
 2440
 2416
 2384
 2346
 2290
 2220
 2148
 2090
 2048
 2024
 2010
 2002
 1992
 1964
 1920
 1856
 1802
 1758
 1716
 1676
 1648
 1638
 1640
 1656
 1684
 1708
 1726
 1740
 1750
 1764
 1770
 1776
 1778
 1778
 1776
 1782
 1790
 1804
 1836
 1866
 1898
 1936
 1962
 1978
 1988
 1988
 1978
 1962
 1954
 1964
 1986
 2016
 2062
 2116
 2184
 2254
 2304
 2334
 2344
 2358
 2374
 2390
 2416
 2462
 2502
 2536
 2572
 2604
 2644
 2680
 2720
 2758
 2794
 2830
 2868
 2902
 2938
 2970
 2996
 3014
 3028
 3040
 3050
 3060
 3082
 3100
 3114
 3118
 3108
 3090
 3066
 3036
 3002
 2962
 2922
 2880
 2836
 2794
 2746
 2698
 2652
 2610
 2578
 2556
 2534
 2500
 2454
 2394
 2326
 2258
 2194
 2134
 2076
 2020
 1954
 1898
 1846
 1806
 1776
 1740
 1714
 1690
 1676
 1682
 1694
 1722
 1758
 1794
 1840
 1882
 1924
 1966
 2006
 2044
 2080
 2112
 2140
 2168
 2204
 2240
 2274
 2304
 2336
 2366
 2404
 2454
 2494
 2534
 2570
 2604
 2640
 2674
 2724
 2784
 2838
 2888
 2920
 2932
 2932
 2932
 2936
 2944
 2956
 2968
 2982
 2998
 3012
 3026
 3038
 3046
 3052
 3062
 3066
 3066
 3082
 3100
 3108
 3108
 3098
 3080
 3064
 3038
 3012
 2980
 2944
 2912
 2876
 2836
 2792
 2746
 2698
 2650
 2604
 2558
 2514
 2470
 2422
 2380
 2336
 2290
 2238
 2192
 2142
 2106
 2070
 2032
 1996
 1964
 1940
 1930
 1930
 1940
 1956
 1976
 1998
 2020
 2046
 2070
 2096
 2128
 2156
 2182
 2208
 2238
 2274
 2310
 2348
 2384
 2412
 2450
 2500
 2550
 2596
 2640
 2680
 2720
 2754
 2786
 2818
 2848
 2874
 2900
 2922
 2938
 2950
 2964
 2972
 2980
 2988
 2992
 2998
 3004
 3012
 3016
 3020
 3022
 3020
 3014
 3008
 3008
 3002
 2988
 2968
 2944
 2918
 2886
 2852
 2816
 2776
 2734
 2692
 2652
 2610
 2566
 2522
 2474
 2424
 2376
 2330
 2280
 2228
 2172
 2122
 2072
 2018
 1964
 1914
 1866
 1834
 1806
 1780
 1760
 1746
 1742
 1752
 1766
 1792
 1822
 1858
 1896
 1936
 1978
 2018
 2060
 2098
 2132
 2164
 2194
 2226
 2260
 2292
 2326
 2360
 2390
 2432
 2486
 2534
 2580
 2622
 2662
 2702
 2738
 2770
 2802
 2834
 2860
 2886
 2908
 2926
 2940
 2948
 2956
 2960
 2966
 2972
 2978
 2984
 2992
 2996
 2996
 2996
 2998
 2996
 3004
 3022
 3034
 3042
 3048
 3044
 3036
 3020
 3002
 2982
 2948
 2916
 2882
 2848
 2810
 2770
 2730
 2688
 2644
 2602
 2562
 2524
 2484
 2446
 2410
 2372
 2330
 2292
 2250
 2218
 2192
 2158
 2124
 2082
 2044
 2014
 1984
 1960
 1942
 1926
 1918
 1920
 1926
 1938
 1952
 1968
 1988
 2010
 2032
 2052
 2082
 2108
 2134
 2158
 2186
 2214
 2260
 2310
 2356
 2404
 2446
 2490
 2532
 2568
 2604
 2638
 2670
 2702
 2734
 2764
 2790
 2816
 2838
 2854
 2872
 2882
 2892
 2902
 2914
 2924
 2936
 2942
 2950
 2954
 2952
 2958
 2974
 2986
 2998
 3008
 3012
 3022
 3026
 3030
 3036
 3034
 3032
 3028
 3022
 3012
 2996
 2972
 2944
 2916
 2886
 2854
 2822
 2788
 2752
 2712
 2676
 2638
 2596
 2556
 2516
 2486
 2462
 2432
 2402
 2366
 2328
 2294
 2260
 2226
 2192
 2154
 2116
 2076
 2038
 2000
 1968
 1938
 1908
 1880
 1852
 1828
 1806
 1790
 1774
 1766
 1762
 1766
 1774
 1794
 1822
 1852
 1880
 1904
 1928
 1956
 1984
 2016
 2046
 2072
 2100
 2124
 2146
 2168
 2192
 2210
 2230
 2250
 2268
 2284
 2300
 2314
 2332
 2348
 2364
 2380
 2400
 2428
 2464
 2494
 2522
 2544
 2566
 2588
 2606
 2626
 2644
 2660
 2678
 2694
 2714
 2732
 2750
 2768
 2782
 2792
 2806
 2820
 2832
 2844
 2856
 2870
 2884
 2896
 2904
 2914
 2912
 2912
 2928
 2944
 2956
 2964
 2972
 2978
 2986
 2992
 2998
 3000
 3006
 3010
 3014
 3014
 3014
 3008
 3004
 2998
 2992
 2988
 2984
 2982
 2980
 2978
 2978
 2978
 2976
 2972
 2962
 2954
 2960
 2966
 2966
 2960
 2954
 2946
 2936
 2918
 2900
 2882
 2870
 2862
 2858
 2860
 2866
 2864
 2840
 2794
 2730
 2668
 2610
 2558
 2508
 2454
 2406
 2358
 2310
 2260
 2216
 2172
 2142
 2110
 2078
 2042
 2002
 1970
 1946
 1924
 1912
 1906
 1910
 1920
 1936
 1958
 1982
 2006
 2030
 2052
 2080
 2112
 2146
 2180
 2212
 2242
 2280
 2320
 2380
 2434
 2472
 2500
 2526
 2566
 2610
 2654
 2696
 2720
 2734
 2748
 2762
 2778
 2798
 2814
 2828
 2842
 2856
 2868
 2882
 2894
 2902
 2912
 2920
 2924
 2930
 2930
 2942
 2966
 2982
 2992
 2998
 3000
 3002
 2996
 2988
 2980
 2962
 2946
 2928
 2908
 2882
 2856
 2826
 2792
 2760
 2728
 2696
 2664
 2636
 2618
 2606
 2594
 2568
 2530
 2478
 2444
 2408
 2370
 2332
 2290
 2252
 2216
 2180
 2146
 2110
 2076
 2046
 2022
 2008
 2004
 2006
 2018
 2032
 2048
 2064
 2084
 2102
 2126
 2152
 2178
 2208
 2238
 2266
 2296
 2344
 2384
 2424
 2460
 2492
 2524
 2556
 2584
 2612
 2638
 2662
 2690
 2716
 2738
 2756
 2774
 2790
 2816
 2848
 2882
 2918
 2938
 2942
 2934
 2932
 2926
 2926
 2926
 2928
 2930
 2930
 2926
 2928
 2944
 2960
 2972
 2982
 2988
 2994
 2996
 2992
 2984
 2966
 2948
 2928
 2902
 2870
 2838
 2804
 2766
 2730
 2698
 2666
 2634
 2602
 2566
 2534
 2500
 2466
 2432
 2392
 2354
 2316
 2280
 2254
 2228
 2200
 2170
 2144
 2130
 2128
 2128
 2124
 2110
 2088
 2072
 2062
 2066
 2074
 2086
 2096
 2106
 2120
 2136
 2158
 2186
 2216
 2250
 2280
 2312
 2342
 2372
 2404
 2450
 2494
 2534
 2568
 2598
 2630
 2662
 2686
 2708
 2728
 2744
 2764
 2784
 2800
 2816
 2828
 2834
 2842
 2850
 2858
 2868
 2876
 2882
 2884
 2884
 2886
 2894
 2910
 2932
 2948
 2958
 2976
 2986
 2988
 2992
 2994
 2998
 3002
 3000
 3000
 2996
 2994
 2988
 2978
 2964
 2946
 2918
 2886
 2852
 2816
 2780
 2744
 2710
 2672
 2636
 2596
 2558
 2514
 2470
 2424
 2376
 2334
 2302
 2264
 2222
 2178
 2132
 2088
 2048
 2008
 1966
 1922
 1886
 1848
 1812
 1788
 1770
 1760
 1758
 1772
 1800
 1842
 1896
 1952
 2004
 2038
 2056
 2066
 2082
 2100
 2130
 2172
 2212
 2256
 2298
 2338
 2380
 2418
 2456
 2496
 2528
 2560
 2592
 2622
 2650
 2674
 2694
 2714
 2730
 2748
 2764
 2780
 2794
 2812
 2830
 2844
 2858
 2870
 2880
 2888
 2908
 2936
 2956
 2972
 2988
 3012
 3046
 3078
 3104
 3112
 3102
 3092
 3084
 3078
 3070
 3058
 3040
 3020
 2998
 2972
 2946
 2916
 2886
 2858
 2826
 2796
 2764
 2730
 2692
 2656
 2618
 2592
 2568
 2538
 2508
 2472
 2438
 2404
 2368
 2332
 2288
 2244
 2200
 2150
 2102
 2056
 2006
 1958
 1910
 1860
 1812
 1766
 1720
 1682
 1656
 1650
 1664
 1680
 1694
 1708
 1726
 1758
 1786
 1816
 1844
 1878
 1920
 1956
 1996
 2036
 2072
 2108
 2146
 2186
 2220
 2252
 2276
 2294
 2304
 2306
 2304
 2298
 2288
 2274
 2254
 2226
 2188
 2142
 2102
 2040
 1974
 1908
 1840
 1776
 1718
 1668
 1620
 1570
 1520
 1472
 1428
 1392
 1358
 1326
 1302
 1290
 1298
 1334
 1386
 1426
 1456
 1472
 1484
 1512
 1546
 1578
 1606
 1624
 1642
 1662
 1674
 1680
 1680
 1678
 1674
 1672
 1676
 1680
 1684
 1690
 1696
 1700
 1696
 1686
 1678
 1666
 1660
 1660
 1684
 1724
 1766
 1814
 1858
 1906
 1956
 2000
 2050
 2100
 2148
 2196
 2242
 2282
 2324
 2364
 2408
 2448
 2484
 2518
 2556
 2592
 2634
 2684
 2730
 2772
 2812
 2848
 2882
 2910
 2936
 2958
 2978
 2996
 3012
 3026
 3036
 3042
 3042
 3036
 3018
 2994
 2966
 2934
 2900
 2862
 2822
 2782
 2740
 2698
 2656
 2610
 2566
 2518
 2482
 2458
 2424
 2386
 2348
 2306
 2268
 2226
 2186
 2144
 2096
 2048
 1998
 1944
 1894
 1844
 1794
 1754
 1718
 1692
 1676
 1674
 1680
 1696
 1718
 1744
 1776
 1808
 1832
 1870
 1902
 1922
 1936
 1948
 1958
 1968
 1978
 1994
 2008
 2030
 2050
 2078
 2106
 2132
 2152
 2170
 2194
 2232
 2276
 2346
 2442
 2552
 2672
 2748
 2810
 2874
 2934
 2986
 3020
 3036
 3054
 3058
 3024
 2998
 2976
 2942
 2896
 2858
 2818
 2762
 2706
 2668
 2630
 2574
 2504
 2432
 2374
 2304
 2220
 2162
 2100
 2036
 1970
 1902
 1832
 1752
 1666
 1582
 1504
 1430
 1370
 1312
 1258
 1208
 1160
 1128
 1106
 1096
 1092
 1094
 1100
 1114
 1130
 1142
 1158
 1172
 1204
 1238
 1272
 1306
 1336
 1368
 1396
 1424
 1454
 1478
 1504
 1532
 1554
 1580
 1604
 1630
 1654
 1676
 1696
 1714
 1736
 1754
 1770
 1786
 1796
 1818
 1850
 1872
 1900
 1920
 1938
 1960
 1976
 1990
 2004
 2016
 2026
 2034
 2042
 2046
 2052
 2052
 2050
 2048
 2046
 2042
 2040
 2036
 2030
 2024
 2014
 2004
 1990
 1972
 1952
 1930
 1914
 1904
 1890
 1876
 1860
 1846
 1840
 1834
 1832
 1832
 1832
 1834
 1838
 1840
 1844
 1850
 1850
 1852
 1852
 1854
 1856
 1860
 1866
 1870
 1878
 1888
 1896
 1904
 1912
 1922
 1944
 1964
 1982
 2000
 2012
 2022
 2034
 2040
 2044
 2046
 2044
 2036
 2024
 2008
 1990
 1970
 1946
 1920
 1890
 1862
 1836
 1808
 1778
 1748
 1722
 1696
 1664
 1638
 1610
 1594
 1582
 1564
 1540
 1510
 1480
 1454
 1430
 1410
 1394
 1382
 1378
 1376
 1382
 1390
 1402
 1414
 1424
 1436
 1446
 1458
 1472
 1486
 1500
 1516
 1532
 1548
 1564
 1590
 1616
 1640
 1668
 1688
 1708
 1730
 1752
 1774
 1794
 1808
 1822
 1832
 1842
 1850
 1856
 1858
 1858
 1858
 1854
 1852
 1848
 1844
 1838
 1832
 1820
 1808
 1794
 1780
 1774
 1764
 1750
 1736
 1714
 1686
 1664
 1636
 1610
 1582
 1550
 1516
 1476
 1440
 1404
 1368
 1324
 1280
 1240
 1200
 1170
 1146
 1134
 1132
 1136
 1146
 1160
 1180
 1218
 1252
 1290
 1326
 1358
 1392
 1428
 1462
 1498
 1532
 1566
 1596
 1626
 1652
 1684
 1710
 1738
 1760
 1782
 1802
 1824
 1850
 1872
 1892
 1912
 1930
 1948
 1976
 2000
 2026
 2048
 2068
 2086
 2102
 2118
 2136
 2150
 2164
 2176
 2182
 2188
 2192
 2190
 2182
 2172
 2164
 2152
 2140
 2128
 2114
 2098
 2082
 2064
 2044
 2022
 1998
 1980
 1964
 1946
 1928
 1904
 1880
 1856
 1832
 1808
 1782
 1756
 1726
 1692
 1662
 1632
 1604
 1574
 1542
 1512
 1488
 1468
 1452
 1442
 1436
 1440
 1444
 1456
 1468
 1490
 1520
 1554
 1588
 1620
 1652
 1688
 1720
 1752
 1782
 1808
 1836
 1860
 1882
 1904
 1922
 1942
 1962
 1978
 1994
 2010
 2028
 2044
 2062
 2078
 2094
 2108
 2124
 2144
 2170
 2190
 2212
 2228
 2242
 2256
 2266
 2280
 2290
 2300
 2308
 2314
 2320
 2324
 2326
 2328
 2328
 2330
 2332
 2332
 2330
 2328
 2326
 2324
 2318
 2308
 2298
 2286
 2272
 2266
 2256
 2246
 2230
 2210
 2194
 2174
 2154
 2134
 2108
 2080
 2050
 2016
 1982
 1950
 1912
 1876
 1838
 1802
 1770
 1734
 1702
 1668
 1636
 1604
 1574
 1544
 1518
 1500
 1496
 1492
 1494
 1498
 1504
 1518
 1532
 1548
 1568
 1590
 1612
 1636
 1656
 1678
 1700
 1722
 1742
 1768
 1790
 1816
 1844
 1870
 1894
 1920
 1946
 1970
 1994
 2028
 2058
 2092
 2122
 2146
 2170
 2194
 2216
 2240
 2260
 2274
 2288
 2296
 2304
 2312
 2314
 2318
 2318
 2318
 2318
 2316
 2312
 2306
 2300
 2290
 2276
 2262
 2246
 2236
 2224
 2212
 2194
 2170
 2148
 2126
 2102
 2078
 2046
 2014
 1984
 1948
 1912
 1878
 1842
 1804
 1766
 1728
 1692
 1656
 1618
 1584
 1550
 1518
 1492
 1472
 1464
 1466
 1478
 1496
 1514
 1536
 1562
 1588
 1622
 1650
 1682
 1710
 1740
 1768
 1796
 1820
 1844
 1872
 1896
 1920
 1944
 1968
 1992
 2018
 2044
 2064
 2088
 2122
 2158
 2190
 2220
 2246
 2276
 2308
 2336
 2364
 2386
 2410
 2434
 2456
 2478
 2498
 2516
 2530
 2542
 2546
 2548
 2550
 2546
 2540
 2532
 2520
 2504
 2486
 2462
 2436
 2410
 2378
 2354
 2330
 2302
 2274
 2242
 2210
 2180
 2146
 2114
 2076
 2036
 1994
 1948
 1900
 1852
 1802
 1754
 1704
 1654
 1608
 1560
 1516
 1470
 1424
 1384
 1350
 1320
 1298
 1284
 1276
 1282
 1296
 1312
 1330
