 1198
 1188
 1184
 1180
 1182
 1186
 1198
 1216
 1232
 1256
 1276
 1298
 1324
 1342
 1358
 1376
 1390
 1406
 1420
 1438
 1446
 1462
 1488
 1518
 1540
 1562
 1584
 1614
 1638
 1662
 1680
 1696
 1712
 1720
 1734
 1750
 1766
 1782
 1796
 1812
 1828
 1842
 1864
 1876
 1896
 1928
 1962
 1992
 2016
 2034
 2050
 2068
 2096
 2128
 2158
 2172
 2186
 2196
 2198
 2194
 2184
 2178
 2174
 2168
 2158
 2148
 2136
 2106
 2078
 2050
 2018
 1982
 1942
 1902
 1856
 1812
 1770
 1730
 1686
 1646
 1610
 1576
 1556
 1546
 1546
 1550
 1558
 1574
 1590
 1612
 1642
 1670
 1696
 1740
 1780
 1822
 1884
 1936
 1974
 2000
 2028
 2046
 2066
 2088
 2120
 2162
 2200
 2256
 2316
 2378
 2452
 2526
 2576
 2608
 2618
 2616
 2610
 2584
 2554
 2528
 2518
 2512
 2500
 2494
 2480
 2450
 2424
 2382
 2346
 2312
 2276
 2236
 2200
 2162
 2134
 2102
 2062
 2024
 1992
 1958
 1922
 1876
 1840
 1816
 1806
 1790
 1772
 1754
 1742
 1724
 1710
 1704
 1700
 1694
 1696
 1702
 1712
 1722
 1736
 1748
 1758
 1766
 1776
 1790
 1820
 1844
 1872
 1896
 1914
 1936
 1954
 1976
 1996
 2014
 2030
 2044
 2054
 2060
 2066
 2070
 2074
 2076
 2080
 2086
 2092
 2098
 2108
 2132
 2146
 2154
 2162
 2176
 2206
 2228
 2238
 2268
 2288
 2306
 2344
 2370
 2394
 2418
 2440
 2460
 2474
 2490
 2500
 2518
 2538
 2558
 2574
 2590
 2608
 2638
 2658
 2680
 2682
 2666
 2634
 2578
 2498
 2414
 2328
 2234
 2148
 2064
 1984
 1912
 1848
 1794
 1738
 1682
 1634
 1590
 1554
 1520
 1494
 1484
 1484
 1492
 1502
 1514
 1528
 1548
 1568
 1594
 1618
 1650
 1682
 1732
 1796
 1862
 1904
 1922
 1912
 1892
 1874
 1858
 1848
 1838
 1842
 1850
 1866
 1880
 1896
 1912
 1920
 1926
 1934
 1942
 1944
 1948
 1950
 1952
 1950
 1950
 1946
 1938
 1930
 1918
 1904
 1902
 1906
 1916
 1928
 1944
 1960
 1976
 1984
 1992
 1990
 1982
 1938
 1888
 1848
 1824
 1814
 1816
 1812
 1808
 1798
 1796
 1796
 1790
 1778
 1754
 1732
 1714
 1692
 1670
 1644
 1614
 1582
 1548
 1514
 1482
 1448
 1408
 1368
 1326
 1286
 1260
 1234
 1210
 1198
 1198
 1210
 1236
 1270
 1302
 1336
 1370
 1410
 1450
 1492
 1536
 1580
 1618
 1654
 1694
 1724
 1776
 1832
 1884
 1936
 1984
 2032
 2074
 2110
 2150
 2190
 2230
 2272
 2312
 2350
 2390
 2432
 2460
 2480
 2492
 2500
 2502
 2496
 2484
 2468
 2446
 2416
 2380
 2330
 2272
 2206
 2156
 2100
 2040
 1978
 1918
 1862
 1806
 1760
 1718
 1674
 1632
 1592
 1546
 1506
 1464
 1422
 1382
 1342
 1300
 1262
 1234
 1216
 1216
 1228
 1244
 1266
 1304
 1354
 1406
 1456
 1506
 1554
 1602
 1642
 1686
 1734
 1778
 1824
 1864
 1902
 1940
 1976
 2010
 2044
 2076
 2112
 2150
 2188
 2224
 2264
 2300
 2336
 2390
 2438
 2482
 2522
 2558
 2590
 2616
 2644
 2674
 2702
 2728
 2750
 2774
 2790
 2798
 2794
 2784
 2760
 2734
 2702
 2662
 2618
 2574
 2524
 2472
 2418
 2364
 2320
 2282
 2238
 2190
 2140
 2084
 2034
 1982
 1932
 1880
 1826
 1768
 1706
 1642
 1582
 1526
 1470
 1414
 1362
 1310
 1264
 1230
 1206
 1188
 1178
 1174
 1186
 1206
 1230
 1256
 1280
 1314
 1350
 1386
 1426
 1462
 1496
 1532
 1566
 1600
 1640
 1682
 1730
 1778
 1820
 1858
 1898
 1938
 1968
 2014
 2064
 2110
 2156
 2194
 2234
 2268
 2296
 2328
 2358
 2390
 2428
 2458
 2486
 2516
 2544
 2582
 2626
 2666
 2714
 2756
 2798
 2838
 2874
 2918
 2962
 2994
 3010
 3010
 2998
 2972
 2934
 2886
 2832
 2776
 2722
 2660
 2602
 2540
 2478
 2410
 2348
 2290
 2230
 2172
 2116
 2062
 2008
 1948
 1894
 1836
 1788
 1740
 1692
 1638
 1584
 1528
 1480
 1438
 1402
 1372
 1352
 1350
 1354
 1360
 1364
 1362
 1362
 1352
 1330
 1290
 1232
 1162
 1100
 1042
 1002
 992
 1010
 1028
 1048
 1072
 1096
 1120
 1148
 1176
 1194
 1208
 1220
 1228
 1236
 1242
 1242
 1242
 1240
 1238
 1244
 1250
 1268
 1298
 1332
 1362
 1384
 1400
 1404
 1390
 1370
 1350
 1344
 1350
 1364
 1386
 1414
 1452
 1496
 1538
 1580
 1616
 1664
 1718
 1772
 1824
 1868
 1910
 1952
 1992
 2036
 2080
 2124
 2168
 2208
 2240
 2272
 2296
 2310
 2320
 2326
 2328
 2332
 2326
 2316
 2296
 2272
 2240
 2208
 2172
 2132
 2090
 2044
 1994
 1944
 1894
 1844
 1792
 1740
 1686
 1638
 1590
 1546
 1504
 1458
 1410
 1364
 1318
 1278
 1242
 1214
 1194
 1188
 1194
 1204
 1228
 1258
 1292
 1326
 1364
 1404
 1444
 1490
 1538
 1584
 1634
 1680
 1724
 1768
 1812
 1852
 1892
 1932
 1972
 2012
 2052
 2092
 2134
 2180
 2222
 2260
 2300
 2336
 2388
 2440
 2492
 2536
 2576
 2614
 2648
 2682
 2720
 2750
 2780
 2806
 2830
 2852
 2876
 2898
 2912
 2924
 2932
 2936
 2932
 2926
 2918
 2902
 2878
 2846
 2812
 2772
 2726
 2696
 2664
 2628
 2590
 2546
 2500
 2456
 2410
 2368
 2322
 2276
 2228
 2182
 2136
 2086
 2038
 1984
 1932
 1882
 1834
 1788
 1742
 1698
 1656
 1616
 1576
 1546
 1518
 1508
 1502
 1504
 1516
 1532
 1558
 1586
 1620
 1662
 1702
 1742
 1782
 1826
 1868
 1908
 1946
 1988
 2028
 2068
 2112
 2156
 2198
 2246
 2292
 2342
 2400
 2456
 2512
 2558
 2602
 2642
 2682
 2720
 2764
 2808
 2848
 2888
 2924
 2960
 2994
 3022
 3042
 3056
 3062
 3062
 3054
 3042
 3018
 2986
 2948
 2906
 2860
 2808
 2766
 2726
 2684
 2636
 2584
 2530
 2482
 2436
 2388
 2342
 2294
 2244
 2194
 2144
 2092
 2044
 1990
 1940
 1888
 1840
 1794
 1750
 1708
 1668
 1628
 1594
 1558
 1542
 1532
 1526
 1530
 1534
 1546
 1562
 1584
 1610
 1638
 1666
 1694
 1722
 1756
 1790
 1820
 1846
 1870
 1898
 1926
 1952
 1974
 1994
 2014
 2032
 2062
 2090
 2114
 2134
 2146
 2158
 2164
 2172
 2178
 2180
 2180
 2180
 2172
 2162
 2152
 2144
 2134
 2126
 2124
 2126
 2130
 2134
 2138
 2136
 2144
 2150
 2156
 2172
 2192
 2216
 2248
 2282
 2324
 2372
 2422
 2480
 2536
 2590
 2642
 2688
 2734
 2778
 2820
 2856
 2890
 2916
 2950
 2988
 3010
 3026
 3030
 3028
 3010
 2982
 2946
 2904
 2854
 2804
 2750
 2696
 2638
 2580
 2520
 2462
 2404
 2348
 2294
 2238
 2182
 2126
 2076
 2034
 1990
 1946
 1900
 1856
 1814
 1778
 1742
 1708
 1672
 1632
 1592
 1554
 1516
 1474
 1436
 1396
 1362
 1332
 1306
 1284
 1268
 1258
 1258
 1262
 1278
 1304
 1334
 1362
 1394
 1428
 1468
 1512
 1562
 1614
 1664
 1714
 1760
 1806
 1852
 1896
 1940
 1992
 2038
 2086
 2134
 2182
 2226
 2268
 2304
 2356
 2406
 2452
 2496
 2534
 2572
 2604
 2636
 2668
 2698
 2728
 2754
 2780
 2808
 2834
 2860
 2882
 2902
 2916
 2922
 2926
 2922
 2910
 2896
 2876
 2854
 2826
 2794
 2764
 2726
 2686
 2660
 2628
 2594
 2556
 2518
 2478
 2442
 2402
 2364
 2320
 2278
 2234
 2188
 2144
 2100
 2054
 2008
 1964
 1920
 1882
 1844
 1806
 1774
 1742
 1716
 1694
 1678
 1672
 1684
 1698
 1720
 1746
 1770
 1796
 1824
 1856
 1894
 1928
 1960
 1992
 2024
 2058
 2090
 2124
 2156
 2192
 2226
 2258
 2288
 2318
 2346
 2368
 2382
 2388
 2386
 2390
 2388
 2376
 2350
 2296
 2222
 2146
 2070
 2000
 1936
 1882
 1840
 1808
 1786
 1776
 1770
 1766
 1770
 1774
 1780
 1788
 1796
 1802
 1808
 1814
 1824
 1836
 1854
 1860
 1864
 1866
 1864
 1870
 1876
 1884
 1896
 1906
 1914
 1916
 1916
 1914
 1912
 1910
 1910
 1918
 1934
 1958
 1994
 2026
 2054
 2096
 2148
 2198
 2246
 2290
 2334
 2382
 2426
 2472
 2518
 2562
 2600
 2636
 2668
 2704
 2740
 2764
 2776
 2782
 2782
 2776
 2760
 2744
 2730
 2706
 2678
 2642
 2604
 2566
 2524
 2486
 2446
 2400
 2356
 2310
 2262
 2214
 2168
 2120
 2074
 2028
 1984
 1940
 1896
 1854
 1812
 1772
 1738
 1708
 1686
 1668
 1662
 1660
 1674
 1684
 1698
 1712
 1728
 1748
 1764
 1790
 1818
 1840
 1864
 1886
 1914
 1942
 1978
 2020
 2066
 2116
 2164
 2208
 2250
 2290
 2336
 2378
 2418
 2462
 2502
 2556
 2612
 2666
 2716
 2760
 2804
 2844
 2880
 2914
 2944
 2966
 2980
 2982
 2978
 2966
 2944
 2920
 2890
 2856
 2820
 2780
 2738
 2696
 2652
 2608
 2562
 2518
 2474
 2432
 2404
 2374
 2342
 2306
 2268
 2230
 2194
 2156
 2122
 2082
 2040
 1998
 1954
 1912
 1872
 1830
 1790
 1748
 1712
 1678
 1650
 1626
 1610
 1600
 1600
 1606
 1620
 1646
 1678
 1712
 1752
 1792
 1834
 1878
 1920
 1968
 2014
 2060
 2104
 2148
 2190
 2234
 2272
 2310
 2342
 2376
 2410
 2450
 2490
 2532
 2566
 2598
 2624
 2650
 2692
 2732
 2770
 2806
 2836
 2862
 2886
 2902
 2920
 2936
 2952
 2972
 2992
 3012
 3026
 3040
 3050
 3056
 3060
 3064
 3066
 3070
 3070
 3068
 3062
 3050
 3034
 3008
 2976
 2956
 2934
 2910
 2878
 2846
 2812
 2776
 2738
 2700
 2662
 2620
 2578
 2534
 2488
 2440
 2392
 2344
 2292
 2244
 2198
 2152
 2108
 2064
 2026
 1986
 1952
 1922
 1898
 1884
 1886
 1892
 1902
 1916
 1934
 1956
 1978
 2004
 2034
 2062
 2094
 2124
 2156
 2186
 2218
 2252
 2280
 2308
 2336
 2368
 2402
 2432
 2464
 2494
 2524
 2552
 2586
 2632
 2670
 2706
 2736
 2760
 2786
 2806
 2824
 2846
 2862
 2878
 2894
 2902
 2908
 2912
 2912
 2908
 2896
 2878
 2860
 2838
 2812
 2780
 2748
 2712
 2676
 2634
 2594
 2552
 2518
 2490
 2456
 2422
 2386
 2350
 2318
 2284
 2254
 2224
 2194
 2164
 2138
 2112
 2094
 2076
 2060
 2046
 2036
 2030
 2028
 2032
 2036
 2040
 2050
 2060
 2078
 2096
 2110
 2126
 2138
 2148
 2160
 2172
 2184
 2192
 2198
 2200
 2204
 2206
 2204
 2202
 2200
 2196
 2190
 2182
 2174
 2172
 2170
 2172
 2180
 2198
 2214
 2228
 2236
 2236
 2240
 2244
 2246
 2250
 2258
 2272
 2292
 2314
 2344
 2374
 2408
 2444
 2482
 2516
 2548
 2582
 2616
 2662
 2706
 2744
 2774
 2796
 2816
 2826
 2832
 2832
 2820
 2804
 2780
 2748
 2714
 2674
 2632
 2586
 2540
 2492
 2444
 2402
 2372
 2338
 2302
 2262
 2224
 2182
 2146
 2110
 2078
 2040
 2000
 1962
 1928
 1902
 1886
 1872
 1872
 1874
 1878
 1886
 1902
 1920
 1952
 1994
 2040
 2090
 2150
 2202
 2254
 2302
 2356
 2408
 2450
 2494
 2536
 2574
 2606
 2636
 2660
 2686
 2710
 2736
 2754
 2764
 2772
 2778
 2778
 2774
 2762
 2746
 2738
 2722
 2704
 2680
 2652
 2622
 2592
 2560
 2528
 2492
 2454
 2410
 2366
 2318
 2256
 2196
 2144
 2092
 2040
 1990
 1956
 1920
 1878
 1840
 1806
 1766
 1732
 1708
 1688
 1688
 1700
 1718
 1736
 1756
 1780
 1804
 1826
 1852
 1876
 1902
 1928
 1948
 1970
 1992
 2018
 2044
 2072
 2102
 2132
 2164
 2198
 2234
 2268
 2302
 2332
 2358
 2390
 2432
 2468
 2504
 2534
 2558
 2586
 2606
 2628
 2648
 2660
 2676
 2686
 2694
 2704
 2712
 2718
 2726
 2736
 2742
 2750
 2758
 2766
 2770
 2772
 2768
 2760
 2750
 2734
 2714
 2690
 2676
 2658
 2636
 2612
 2584
 2552
 2522
 2490
 2458
 2426
 2392
 2358
 2318
 2278
 2238
 2200
 2158
 2116
 2076
 2038
 2000
 1962
 1926
 1884
 1850
 1814
 1788
 1772
 1766
 1768
 1778
 1800
 1822
 1844
 1872
 1904
 1936
 1976
 2016
 2054
 2092
 2126
 2168
 2210
 2252
 2298
 2338
 2380
 2422
 2464
 2508
 2556
 2602
 2648
 2694
 2736
 2792
 2864
 2930
 2988
 3042
 3084
 3124
 3158
 3186
 3214
 3238
 3256
 3270
 3276
 3276
 3262
 3238
 3206
 3176
 3136
 3088
 3044
 2996
 2952
 2908
 2850
 2794
 2746
 2692
 2650
 2614
 2576
 2536
 2494
 2450
 2412
 2374
 2342
 2302
 2260
 2218
 2170
 2122
 2074
 2026
 1978
 1936
 1896
 1858
 1820
 1786
 1748
 1712
 1676
 1644
 1620
 1610
 1602
 1596
 1594
 1602
 1622
 1652
 1684
 1722
 1752
 1784
 1810
 1838
 1866
 1894
 1924
 1948
 1974
 2002
 2032
 2058
 2088
 2118
 2158
 2206
 2254
 2302
 2346
 2392
 2442
 2488
 2534
 2584
 2630
 2676
 2728
 2782
 2834
 2888
 2936
 2974
 3012
 3050
 3084
 3122
 3156
 3186
 3218
 3244
 3280
 3324
 3364
 3400
 3428
 3448
 3456
 3454
 3444
 3428
 3404
 3374
 3340
 3304
 3260
 3218
 3168
 3112
 3060
 3006
 2950
 2896
 2848
 2794
 2744
 2700
 2656
 2608
 2562
 2516
 2480
 2454
 2420
 2386
 2348
 2308
 2272
 2234
 2202
 2168
 2134
 2100
 2070
 2050
 2038
 2032
 2032
 2034
 2040
 2052
 2070
 2092
 2118
 2146
 2172
 2200
 2224
 2258
 2302
 2342
 2378
 2412
 2444
 2476
 2508
 2548
 2592
 2630
 2666
 2702
 2734
 2766
 2800
 2834
 2874
 2914
 2950
 2988
 3028
 3062
 3096
 3132
 3166
 3198
 3230
 3258
 3282
 3322
 3362
 3394
 3418
 3434
 3444
 3456
 3466
 3478
 3488
 3494
 3498
 3504
 3502
 3490
 3468
 3438
 3408
 3374
 3336
 3294
 3252
 3208
 3164
 3118
 3068
 3016
 2964
 2910
 2860
 2824
 2782
 2740
 2690
 2638
 2592
 2554
 2506
 2460
 2416
 2376
 2324
 2274
 2228
 2184
 2140
 2102
 2068
 2042
 2026
 2016
 2016
 2024
 2038
 2060
 2082
 2110
 2140
 2190
 2248
 2306
 2362
 2416
 2466
 2520
 2566
 2612
 2656
 2694
 2732
 2768
 2798
 2824
 2852
 2874
 2900
 2926
 2954
 2984
 3010
 3036
 3058
 3082
 3110
 3132
 3166
 3212
 3252
 3288
 3322
 3354
 3386
 3414
 3442
 3462
 3482
 3502
 3522
 3538
 3548
 3554
 3550
 3538
 3522
 3496
 3464
 3432
 3398
 3362
 3318
 3268
 3220
 3170
 3116
 3072
 3032
 2986
 2938
 2886
 2832
 2780
 2724
 2672
 2616
 2556
 2496
 2434
 2372
 2312
 2252
 2190
 2128
 2074
 2026
 1988
 1958
 1940
 1928
 1924
 1922
 1926
 1938
 1962
 1992
 2024
 2056
 2088
 2124
 2160
 2198
 2240
 2282
 2320
 2360
 2396
 2432
 2472
 2510
 2546
 2582
 2620
 2658
 2696
 2734
 2770
 2806
 2846
 2880
 2930
 2982
 3026
 3068
 3106
 3142
 3180
 3210
 3238
 3270
 3298
 3324
 3350
 3378
 3402
 3420
 3436
 3448
 3460
 3470
 3480
 3488
 3490
 3494
 3494
 3490
 3472
 3450
 3424
 3392
 3370
 3338
 3298
 3252
 3202
 3154
 3110
 3072
 3040
 3020
 3008
 3002
 3000
 3002
 2996
 2990
 2980
 2976
 2976
 2986
 3004
 3022
 3038
 3048
 3052
 3054
 3048
 3040
 3048
 3056
 3068
 3078
 3082
 3082
 3080
 3078
 3078
 3082
 3092
 3106
 3122
 3138
 3152
 3166
 3180
 3196
 3210
 3224
 3234
 3240
 3244
 3256
 3268
 3268
 3258
 3240
 3212
 3180
 3142
 3102
 3060
 3010
 2958
 2904
 2848
 2792
 2732
 2666
 2606
 2544
 2484
 2428
 2376
 2324
 2282
 2248
 2210
 2170
 2126
 2082
 2040
 2002
 1970
 1940
 1914
 1892
 1872
 1862
 1862
 1870
 1884
 1904
 1930
 1964
 2000
 2040
 2078
 2122
 2166
 2226
 2284
 2338
 2388
 2438
 2486
 2532
 2574
 2620
 2664
 2706
 2744
 2786
 2826
 2862
 2896
 2928
 2954
 2980
 3008
 3034
 3064
 3090
 3116
 3144
 3168
 3188
 3204
 3212
 3228
 3258
 3282
 3302
 3320
 3336
 3350
 3360
 3368
 3376
 3384
 3388
 3394
 3390
 3380
 3362
 3342
 3314
 3282
 3248
 3212
 3174
 3134
 3090
 3044
 3000
 2954
 2906
 2858
 2810
 2762
 2726
 2688
 2650
 2610
 2566
 2526
 2486
 2448
 2406
 2364
 2320
 2276
 2230
 2186
 2142
 2096
 2052
 2010
 1972
 1940
 1912
 1892
 1874
 1864
 1862
 1862
 1870
 1884
 1910
 1944
 1978
 2012
 2046
 2080
 2116
 2150
 2186
 2222
 2258
 2296
 2328
 2358
 2392
 2426
 2456
 2488
 2518
 2552
 2582
 2618
 2648
 2680
 2710
 2734
 2766
 2808
 2844
 2880
 2914
 2946
 2976
 3002
 3020
 3036
 3054
 3070
 3088
 3106
 3118
 3132
 3142
 3150
 3160
 3166
 3176
 3186
 3196
 3204
 3212
 3224
 3230
 3232
 3232
 3222
 3226
 3230
 3228
 3220
 3206
 3188
 3168
 3138
 3108
 3072
 3036
 3002
 2966
 2928
 2888
 2844
 2800
 2752
 2706
 2662
 2618
 2576
 2532
 2490
 2450
 2410
 2368
 2328
 2290
 2258
 2234
 2210
 2190
 2172
 2162
 2158
 2156
 2160
 2162
 2164
 2170
 2174
 2180
 2198
 2214
 2226
 2238
 2258
 2274
 2294
 2316
 2340
 2366
 2390
 2416
 2440
 2466
 2492
 2534
 2574
 2610
 2646
 2678
 2708
 2744
 2772
 2802
 2828
 2852
 2880
 2906
 2934
 2960
 2980
 2996
 3012
 3030
 3042
 3056
 3066
 3078
 3090
 3102
 3110
 3120
 3124
 3130
 3146
 3158
 3170
 3188
 3200
 3206
 3206
 3202
 3186
 3168
 3152
 3128
 3102
 3072
 3038
 3002
 2960
 2916
 2876
 2834
 2792
 2750
 2704
 2662
 2618
 2574
 2526
 2480
 2436
 2396
 2364
 2330
 2292
 2254
 2214
 2176
 2142
 2110
 2080
 2048
 2020
 1994
 1972
 1958
 1950
 1946
 1944
 1950
 1962
 1978
 1990
 2012
 2042
 2066
 2092
 2122
 2152
 2200
 2248
 2290
 2330
 2368
 2406
 2444
 2478
 2514
 2550
 2582
 2616
 2648
 2676
 2706
 2734
 2758
 2784
 2810
 2832
 2854
 2872
 2894
 2914
 2932
 2946
 2960
 2974
 2984
 2992
 3012
 3028
 3042
 3056
 3064
 3072
 3080
 3082
 3094
 3100
 3104
 3112
 3122
 3132
 3138
 3146
 3150
 3156
 3164
 3168
 3172
 3174
 3170
 3162
 3146
 3124
 3100
 3074
 3048
 3016
 2986
 2968
 2942
 2914
 2882
 2844
 2804
 2768
 2728
 2692
 2650
 2610
 2568
 2520
 2478
 2434
 2388
 2340
 2294
 2248
 2206
 2164
 2126
 2088
 2054
 2022
 1994
 1974
 1964
 1956
 1968
 1986
 2004
 2024
 2048
 2072
 2098
 2130
 2164
 2196
 2232
 2268
 2304
 2342
 2380
 2420
 2454
 2488
 2522
 2558
 2594
 2626
 2662
 2696
 2728
 2758
 2784
 2808
 2844
 2884
 2918
 2950
 2976
 3002
 3018
 3028
 3038
 3048
 3054
 3062
 3068
 3074
 3078
 3078
 3074
 3068
 3062
 3056
 3050
 3046
 3042
 3030
 3018
 3006
 2986
 2962
 2938
 2912
 2884
 2866
 2842
 2814
 2786
 2754
 2724
 2694
 2660
 2626
 2586
 2546
 2510
 2468
 2428
 2384
 2338
 2288
 2240
 2192
 2146
 2104
 2060
 2022
 1984
 1948
 1912
 1882
 1856
 1844
 1844
 1844
 1850
 1856
 1866
 1884
 1900
 1922
 1942
 1964
 1984
 2006
 2028
 2050
 2074
 2104
 2132
 2164
 2204
 2234
 2256
 2274
 2298
 2324
 2342
 2362
 2402
 2444
 2484
 2524
 2558
 2594
 2630
 2662
 2696
 2730
 2762
 2798
 2830
 2864
 2896
 2922
 2942
 2962
 2982
 3004
 3022
 3040
 3058
 3074
 3092
 3102
 3108
 3110
 3110
 3120
 3124
 3120
 3108
 3092
 3072
 3050
 3020
 2988
 2948
 2904
 2858
 2816
 2776
 2734
 2688
 2648
 2608
 2564
 2526
 2488
 2448
 2410
 2370
 2332
 2296
 2258
 2220
 2182
 2150
 2112
 2090
 2066
 2038
 2012
 1986
 1964
 1950
 1944
 1942
 1948
 1958
 1972
 1986
 2004
 2020
 2040
 2062
 2082
 2106
 2130
 2156
 2182
 2210
 2238
 2264
 2288
 2312
 2340
 2374
 2406
 2434
 2460
 2484
 2504
 2520
 2540
 2570
 2596
 2614
 2636
 2664
 2688
 2712
 2738
 2760
 2786
 2816
 2842
 2868
 2898
 2920
 2944
 2966
 2990
 3010
 3026
 3040
 3050
 3058
 3078
 3090
 3092
 3086
 3074
 3056
 3030
 2998
 2968
 2934
 2900
 2862
 2826
 2788
 2750
 2710
 2670
 2628
 2588
 2552
 2516
 2482
 2450
 2418
 2388
 2358
 2320
 2286
 2252
 2230
 2202
 2172
 2142
 2110
 2086
 2070
 2058
 2054
 2054
 2058
 2068
 2078
 2092
 2106
 2124
 2142
 2162
 2186
 2218
 2260
 2302
 2346
 2384
 2416
 2444
 2472
 2510
 2552
 2590
 2626
 2656
 2688
 2722
 2750
 2776
 2802
 2826
 2856
 2884
 2916
 2946
 2970
 2990
 3012
 3034
 3054
 3072
 3094
 3112
 3132
 3150
 3160
 3164
 3162
 3158
 3162
 3152
 3136
 3122
 3110
 3096
 3080
 3056
 3032
 3004
 2974
 2936
 2890
 2834
 2770
 2702
 2630
 2556
 2484
 2412
 2348
 2292
 2242
 2200
 2174
 2162
 2174
 2192
 2212
 2226
 2236
 2248
 2254
 2254
 2250
 2244
 2240
 2240
 2244
 2256
 2272
 2288
 2302
 2314
 2322
 2326
 2320
 2310
 2322
 2346
 2368
 2396
 2426
 2456
 2500
 2544
 2592
 2640
 2688
 2736
 2782
 2830
 2874
 2912
 2946
 2972
 2996
 3012
 3036
 3066
 3088
 3106
 3122
 3136
 3150
 3162
 3172
 3180
 3186
 3190
 3190
 3188
 3172
 3148
 3114
 3072
 3020
 2968
 2912
 2856
 2798
 2752
 2712
 2668
 2622
 2572
 2524
 2480
 2432
 2388
 2344
 2292
 2242
 2192
 2138
 2086
 2034
 1978
 1922
 1868
 1816
 1774
 1736
 1702
 1682
 1668
 1666
 1668
 1682
 1700
 1722
 1754
 1790
 1840
 1902
 1960
 2020
 2074
 2130
 2186
 2236
 2288
 2342
 2390
 2436
 2480
 2522
 2562
 2602
 2636
 2672
 2708
 2742
 2774
 2806
 2838
 2870
 2904
 2932
 2956
 2980
 2998
 3014
 3048
 3080
 3108
 3130
 3152
 3174
 3190
 3204
 3214
 3220
 3228
 3234
 3240
 3238
 3230
 3214
 3188
 3156
 3118
 3074
 3030
 2982
 2936
 2884
 2830
 2780
 2724
 2668
 2614
 2558
 2502
 2462
 2420
 2376
 2330
 2278
 2232
 2186
 2138
 2096
 2048
 2000
 1952
 1906
 1864
 1828
 1794
 1770
 1756
 1754
 1760
 1776
 1796
 1824
 1862
 1902
 1948
 1994
 2040
 2098
 2162
 2220
 2280
 2334
 2390
 2442
 2484
 2524
 2572
 2624
 2674
 2722
 2766
 2806
 2844
 2876
 2906
 2934
 2956
 2976
 2996
 3020
 3040
 3054
 3068
 3076
 3080
 3102
 3120
 3132
 3144
 3154
 3158
 3152
 3136
 3116
 3090
 3060
 3028
 2994
 2954
 2914
 2872
 2824
 2778
 2728
 2678
 2626
 2576
 2528
 2476
 2426
 2374
 2322
 2274
 2234
 2190
 2144
 2094
 2044
 1996
 1950
 1910
 1870
 1832
 1792
 1752
 1708
 1664
 1614
 1548
 1478
 1404
 1334
 1268
 1202
 1134
 1068
 1008
 956
 906
 852
 794
 740
 692
 652
 614
 580
 546
 512
 472
 434
 398
 372
 346
 308
 270
 224
 180
 134
 96
 52
 8
 0
 0
 0
 0
 0
 0
 0
 0
 0
 0
 0
 0
 0
 0
 0
 0
 0
 0
 0
 0
 0
 0
 0
 0
 0
 0
 0
 0
 0
 0
 0
 0
 0
 0
 0
 0
 0
 0
 0
 0
 0
 0
 0
 0
 0
 0
 0
 0
 0
 0
 0
 0
 0
 0
 42
 118
 208
 298
 390
 484
 578
 666
 754
 840
 920
 1000
 1078
 1152
 1220
 1282
 1338
 1404
 1472
 1526
 1572
 1620
 1666
 1710
 1752
 1796
 1842
 1878
 1914
 1952
 1984
 2016
 2046
 2078
 2102
 2126
 2150
 2176
 2198
 2214
 2230
 2242
 2254
 2266
 2280
 2294
 2310
 2328
 2338
 2366
 2394
 2418
 2440
 2456
 2472
 2486
 2496
 2508
 2512
 2518
 2526
 2530
 2532
 2532
 2532
 2528
 2524
 2520
 2516
 2514
 2510
 2508
 2506
 2502
 2500
 2496
 2496
 2496
 2496
 2492
 2496
 2506
 2512
 2518
 2520
 2522
 2526
 2528
 2532
 2538
 2540
 2542
 2544
 2544
 2544
 2540
 2536
 2528
 2524
 2522
 2522
 2520
 2522
 2524
 2524
 2524
 2524
 2526
 2528
 2530
 2528
 2526
 2538
 2546
 2556
 2562
 2568
 2574
 2578
 2584
 2588
 2590
 2594
 2594
 2594
 2594
 2588
 2580
 2572
 2566
 2562
 2562
 2564
 2566
 2570
 2574
 2578
 2582
 2584
 2586
 2588
 2594
 2610
 2620
 2634
 2642
 2648
 2658
 2664
 2670
 2674
 2678
 2682
 2688
 2690
 2692
 2686
 2680
 2674
 2666
 2662
 2660
 2658
 2658
 2660
 2668
 2678
 2680
 2686
 2688
 2690
 2696
 2716
 2740
 2758
 2774
 2784
 2792
 2800
 2802
 2804
 2804
 2800
 2798
 2792
 2780
 2770
 2754
 2732
 2714
 2692
 2674
 2654
 2632
 2612
 2594
 2574
 2558
 2536
 2516
 2494
 2476
 2472
 2468
 2456
 2448
 2432
 2420
 2414
 2408
 2408
 2404
 2404
 2408
 2406
 2408
 2414
 2418
 2422
 2424
 2426
 2434
 2442
 2450
 2460
 2472
 2482
 2492
 2502
 2508
 2514
 2522
 2534
 2560
 2580
 2598
 2614
 2626
 2640
 2652
 2662
 2668
 2672
 2678
 2684
 2690
 2694
 2698
 2698
 2694
 2692
 2690
 2692
 2694
 2696
 2698
 2702
 2704
 2704
 2702
 2702
 2700
 2708
 2726
 2740
 2758
 2776
 2790
 2802
 2812
 2822
 2832
 2840
 2852
 2862
 2868
 2878
 2882
 2884
 2886
 2892
 2894
 2898
 2902
 2910
 2920
 2930
 2938
 2942
 2944
 2944
 2942
 2958
 2968
 2972
 2970
 2964
 2954
 2944
 2928
 2914
 2892
 2868
 2850
 2828
 2808
 2788
 2764
 2740
 2714
 2688
 2668
 2652
 2638
 2626
 2614
 2606
 2598
 2594
 2592
 2600
 2622
 2638
 2654
 2668
 2680
 2698
 2712
 2724
 2740
 2752
 2770
 2788
 2802
 2816
 2822
 2822
 2820
 2820
 2822
 2822
 2824
 2830
 2836
 2840
 2846
 2852
 2864
 2892
 2922
 2946
 2964
 2976
 2988
 2998
 3004
 3008
 3010
 3012
 3016
 3018
 3018
 3014
 3004
 2994
 2984
 2976
 2970
 2964
 2962
 2960
 2964
 2964
 2960
 2964
 2974
 2988
 3002
 3014
 3024
 3034
 3040
 3040
 3038
 3034
 3024
 3014
 3004
 2988
 2970
 2948
 2918
 2888
 2860
 2830
 2804
 2780
 2756
 2736
 2710
 2682
 2656
 2632
 2616
 2608
 2596
 2582
 2564
 2546
 2530
 2512
 2490
 2472
 2458
 2446
 2442
 2440
 2438
 2438
 2438
 2438
 2440
 2446
 2458
 2472
 2486
 2500
 2520
 2538
 2574
 2614
 2650
 2684
 2712
 2742
 2770
 2796
 2824
 2850
 2872
 2896
 2910
 2920
 2934
 2948
 2954
 2964
 2976
 2990
 3006
 3024
 3038
 3050
 3062
 3072
 3086
 3120
 3148
 3174
 3194
 3208
 3216
 3224
 3230
 3242
 3252
 3258
 3268
 3280
 3290
 3298
 3300
 3296
 3292
 3288
 3284
 3274
 3262
 3248
 3228
 3208
 3178
 3142
 3108
 3072
 3052
 3036
 3014
 2992
 2966
 2936
 2908
 2874
 2836
 2800
 2758
 2718
 2676
 2630
 2582
 2530
 2476
 2420
 2364
 2316
 2266
 2218
 2172
 2122
 2070
 2014
 1960
 1902
 1860
 1816
 1772
 1730
 1690
 1658
 1642
 1634
 1640
 1662
 1694
 1736
 1780
 1834
 1886
 1938
 1982
 2028
 2078
 2124
 2170
 2214
 2252
 2292
 2328
 2378
 2432
 2472
 2500
 2518
 2532
 2540
 2544
 2552
 2562
 2568
 2574
 2584
 2588
 2592
 2588
 2580
 2570
 2562
 2560
 2570
 2588
 2630
 2688
 2742
 2798
 2848
 2898
 2944
 2982
 3018
 3056
 3088
 3116
 3146
 3178
 3206
 3226
 3234
 3236
 3232
 3226
 3232
 3236
 3228
 3214
 3190
 3164
 3130
 3092
 3048
 3002
 2952
 2900
 2842
 2784
 2718
 2648
 2572
 2498
 2420
 2348
 2276
 2200
 2126
 2052
 1984
 1930
 1868
 1802
 1732
 1658
 1586
 1524
 1468
 1410
 1358
 1306
 1256
 1218
 1190
 1164
 1148
 1136
 1134
 1142
 1160
 1186
 1226
 1270
 1318
 1370
 1424
 1504
 1592
 1672
 1752
 1828
 1902
 1976
 2046
 2114
 2176
 2230
 2288
 2344
 2398
 2450
 2504
 2554
 2600
 2640
 2684
 2730
 2776
 2824
 2872
 2920
 2960
 2998
 3034
 3068
 3112
 3162
 3206
 3248
 3282
 3312
 3336
 3350
 3366
 3380
 3386
 3382
 3372
 3352
 3322
 3286
 3242
 3192
 3140
 3082
 3026
 2966
 2904
 2840
 2774
 2704
 2632
 2560
 2484
 2408
 2334
 2276
 2214
 2150
 2082
 2014
 1950
 1886
 1826
 1768
 1706
 1648
 1592
 1536
 1490
 1446
 1408
 1376
 1350
 1328
 1318
 1326
 1344
 1372
 1408
 1448
 1494
 1544
 1602
 1684
 1762
 1836
 1906
 1970
 2032
 2092
 2150
 2212
 2270
 2328
 2384
 2442
 2498
 2552
 2608
 2656
 2702
 2748
 2794
 2836
 2880
 2922
 2964
 3004
 3042
 3074
 3104
 3140
 3156
 3166
 3164
 3154
 3136
 3112
 3090
 3076
 3058
 3032
 3000
 2956
 2906
 2850
 2790
 2720
 2650
 2584
 2522
 2466
 2418
 2384
 2362
 2346
 2334
 2324
 2318
 2316
 2328
 2342
 2350
 2356
 2356
 2356
 2358
 2362
 2368
 2376
 2382
 2386
 2388
 2386
 2378
 2364
 2346
 2326
 2320
 2328
 2340
 2362
 2384
 2420
 2476
 2534
 2592
 2644
 2690
 2736
 2776
 2816
 2858
 2898
 2938
 2976
 3012
 3050
 3076
 3080
 3068
 3050
 3024
 2992
 2974
 2944
 2908
 2866
 2818
 2772
 2722
 2670
 2618
 2562
 2504
 2450
 2390
 2324
 2256
 2182
 2110
 2034
 1958
 1880
 1806
 1736
 1680
 1634
 1582
 1532
 1478
 1430
 1394
 1362
 1344
 1336
 1342
 1362
 1388
 1422
 1464
 1510
 1554
 1594
 1630
 1664
 1698
 1732
 1770
 1810
 1852
 1918
 1980
 2040
 2098
 2156
 2216
 2272
 2326
 2384
 2442
 2494
 2546
 2592
 2636
 2682
 2726
 2768
 2810
 2846
 2882
 2918
 2954
 2988
 3020
 3050
 3078
 3104
 3130
 3154
 3170
 3186
 3196
 3224
 3260
 3286
 3306
 3316
 3320
 3312
 3296
 3284
 3270
 3244
 3206
 3166
 3118
 3074
 3028
 2980
 2928
 2878
 2828
 2776
 2726
 2674
 2624
 2572
 2520
 2464
 2410
 2354
 2294
 2238
 2184
 2134
 2098
 2056
 2010
 1964
 1916
 1868
 1822
 1784
 1752
 1722
 1700
 1690
 1690
 1702
 1722
 1746
 1772
 1800
 1832
 1864
 1894
 1924
 1954
 1986
 2030
 2068
 2098
 2144
 2202
 2258
 2314
 2366
 2416
 2464
 2508
 2552
 2598
 2644
 2690
 2736
 2782
 2822
 2860
 2896
 2926
 2956
 2982
 3010
 3036
 3064
 3090
 3118
 3142
 3160
 3176
 3182
 3198
 3224
 3242
 3254
 3258
 3258
 3246
 3224
 3196
 3162
 3124
 3090
 3054
 3014
 2972
 2918
 2868
 2820
 2766
 2710
 2660
 2610
 2562
 2516
 2472
 2428
 2382
 2334
 2284
 2240
 2192
 2158
 2124
 2086
 2050
 2010
 1974
 1944
 1924
 1910
 1904
 1904
 1914
 1930
 1950
 1972
 1992
 2014
 2040
 2066
 2096
 2124
 2154
 2190
 2222
 2254
 2286
 2312
 2356
 2400
 2436
 2470
 2500
 2528
 2554
 2580
 2604
 2632
 2666
 2698
 2724
 2748
 2770
 2790
 2810
 2828
 2848
 2868
 2886
 2904
 2922
 2940
 2960
 2982
 2998
 3014
 3030
 3044
 3064
 3102
 3138
 3172
 3200
 3220
 3236
 3246
 3246
 3242
 3228
 3202
 3176
 3144
 3110
 3072
 3032
 2988
 2944
 2902
 2856
 2814
 2770
 2726
 2678
 2634
 2586
 2530
 2482
 2434
 2388
 2356
 2318
 2276
 2230
 2178
 2132
 2086
 2044
 2006
 1966
 1938
 1920
 1910
 1910
 1920
 1932
 1948
 1966
 1990
 2022
 2060
 2100
 2138
 2176
 2214
 2254
 2290
 2334
 2392
 2446
 2494
 2538
 2580
 2624
 2664
 2702
 2740
 2774
 2804
 2838
 2866
 2894
 2918
 2938
 2948
 2956
 2966
 2984
 3002
 3024
 3052
 3070
 3086
 3104
 3118
 3130
 3160
 3192
 3218
 3238
 3254
 3270
 3284
 3292
 3300
 3302
 3308
 3308
 3306
 3302
 3286
 3264
 3238
 3208
 3174
 3138
 3100
 3064
 3030
 2996
 2960
 2922
 2884
 2846
 2806
 2778
 2748
 2716
 2678
 2638
 2600
 2562
 2522
 2482
 2438
 2394
 2350
 2302
 2254
 2208
 2162
 2122
 2098
 2084
 2076
 2078
 2092
 2110
 2134
 2166
 2198
 2234
 2268
 2324
 2376
 2422
 2472
 2518
 2566
 2612
 2656
 2698
 2742
 2782
 2824
 2866
 2902
 2936
 2966
 2990
 3008
 3030
 3050
 3072
 3090
 3110
 3130
 3144
 3158
 3164
 3170
 3194
 3216
 3236
 3250
 3258
 3266
 3274
 3276
 3276
 3280
 3286
 3288
 3288
 3280
 3264
 3240
 3212
 3178
 3142
 3100
 3058
 3016
 2974
 2934
 2890
 2842
 2794
 2746
 2696
 2644
 2590
 2554
 2516
 2472
 2424
 2372
 2324
 2276
 2226
 2184
 2134
 2088
 2044
 2004
 1972
 1952
 1936
 1928
 1930
 1934
 1948
 1964
 1984
 2008
 2036
 2062
 2088
 2116
 2150
 2200
 2246
 2286
 2326
 2364
 2402
 2440
 2476
 2512
 2546
 2578
 2610
 2640
 2670
 2698
 2724
 2748
 2774
 2802
 2830
 2858
 2890
 2922
 2954
 2980
 3000
 3020
 3036
 3052
 3084
 3116
 3142
 3164
 3184
 3198
 3206
 3210
 3210
 3206
 3194
 3176
 3158
 3134
 3104
 3070
 3030
 2992
 2954
 2916
 2876
 2834
 2790
 2750
 2712
 2672
 2630
 2586
 2544
 2502
 2474
 2440
 2402
 2360
 2314
 2272
 2232
 2188
 2148
 2102
 2062
 2020
 1980
 1950
 1932
 1922
 1918
 1924
 1936
 1952
 1976
 2002
 2032
 2066
 2100
 2138
 2174
 2224
 2278
 2326
 2374
 2418
 2458
 2496
 2528
 2562
 2592
 2622
 2654
 2686
 2720
 2750
 2780
 2804
 2828
 2850
 2872
 2894
 2914
 2938
 2956
 2976
 2994
 3010
 3028
 3042
 3064
 3098
 3130
 3156
 3176
 3190
 3204
 3212
 3216
 3212
 3202
 3190
 3174
 3154
 3130
 3096
 3058
 3016
 2978
 2936
 2894
 2852
 2810
 2766
 2724
 2678
 2628
 2574
 2520
 2468
 2428
 2380
 2330
 2276
 2224
 2174
 2126
 2078
 2030
 1976
 1924
 1872
 1824
 1786
 1758
 1742
 1734
 1734
 1744
 1764
 1792
 1820
 1844
 1868
 1892
 1918
 1956
 1984
 2006
 2022
 2034
 2046
 2054
 2062
 2074
 2080
 2082
 2080
 2080
 2080
 2082
 2076
 2074
 2072
 2074
 2078
 2080
 2078
 2072
 2072
 2084
 2096
 2118
 2146
 2178
 2218
 2260
 2306
 2356
 2400
 2450
 2498
 2546
 2594
 2634
 2672
 2708
 2746
 2788
 2830
 2868
 2926
 2980
 3028
 3070
 3104
 3138
 3166
 3190
 3206
 3222
 3232
 3242
 3248
 3246
 3236
 3212
 3182
 3142
 3104
 3058
 3006
 2954
 2902
 2854
 2816
 2772
 2726
 2676
 2632
 2590
 2544
 2502
 2452
 2402
 2350
 2296
 2238
 2180
 2118
 2056
 1994
 1934
 1878
 1834
 1796
 1772
 1756
 1752
 1760
 1774
 1794
 1818
 1848
 1878
 1928
 1980
 2032
 2082
 2130
 2176
 2220
 2260
 2302
 2342
 2382
 2418
 2456
 2496
 2534
 2570
 2602
 2634
 2668
 2704
 2740
 2780
 2818
 2854
 2886
 2916
 2942
 2964
 3006
 3042
 3072
 3100
 3124
 3150
 3170
 3184
 3198
 3214
 3228
 3242
 3254
 3264
 3274
 3278
 3278
 3276
 3272
 3264
 3250
 3228
 3204
 3176
 3146
 3110
 3068
 3024
 2976
 2932
 2904
 2870
 2834
 2794
 2748
 2708
 2666
 2622
 2578
 2528
 2474
 2420
 2364
 2306
 2250
 2190
 2128
 2068
 2010
 1956
 1910
 1868
 1834
 1810
 1796
 1788
 1794
 1812
 1848
 1890
 1934
 1982
 2030
 2080
 2126
 2170
 2222
 2272
 2322
 2372
 2420
 2468
 2516
 2560
 2604
 2644
 2686
 2728
 2768
 2808
 2844
 2882
 2918
 2944
 2978
 3026
 3062
 3090
 3116
 3140
 3164
 3178
 3192
 3208
 3220
 3232
 3242
 3254
 3262
 3268
 3270
 3268
 3264
 3262
 3260
 3262
 3262
 3262
 3262
 3258
 3256
 3242
 3224
 3220
 3206
 3190
 3166
 3138
 3108
 3080
 3042
 3002
 2956
 2906
 2856
 2804
 2746
 2690
 2632
 2570
 2510
 2452
 2396
 2340
 2284
 2228
 2174
 2120
 2064
 2008
 1958
 1912
 1872
 1828
 1784
 1736
 1692
 1654
 1618
 1592
 1570
 1552
 1544
 1538
 1542
 1556
 1572
 1594
 1618
 1644
 1676
 1716
 1754
 1788
 1824
 1860
 1912
 1972
 2028
 2082
 2136
 2188
 2238
 2282
 2328
 2370
 2414
 2460
 2502
 2542
 2580
 2612
 2648
 2680
 2712
 2744
 2778
 2812
 2842
 2872
 2898
 2916
 2944
 2982
 3014
 3044
 3066
 3084
 3102
 3114
 3128
 3138
 3146
 3156
 3166
 3176
 3184
 3186
 3186
 3186
 3184
 3182
 3176
 3168
 3156
 3140
 3122
 3100
 3074
 3044
 3010
 2966
 2936
 2916
 2892
 2862
 2826
 2788
 2752
 2714
 2674
 2632
 2588
 2544
 2502
 2456
 2412
 2366
 2314
 2264
 2210
 2154
 2102
 2050
 1996
 1944
 1896
 1852
 1812
 1780
 1756
 1754
 1762
 1774
 1792
 1816
 1846
 1878
 1908
 1940
 1972
 2004
 2036
 2064
 2090
 2116
 2146
 2174
 2202
 2236
 2264
 2292
 2324
 2358
 2390
 2418
 2444
 2474
 2522
 2570
 2614
 2658
 2700
 2742
 2782
 2816
 2852
 2884
 2916
 2946
 2974
 2994
 3008
 3020
 3030
 3040
 3050
 3058
 3068
 3078
 3088
 3094
 3100
 3100
 3102
 3100
 3096
 3102
 3106
 3104
 3094
 3076
 3058
 3038
 3012
 2982
 2948
 2910
 2880
 2848
 2812
 2768
 2724
 2684
 2642
 2600
 2562
 2522
 2480
 2444
 2402
 2362
 2320
 2278
 2234
 2192
 2154
 2126
 2098
 2068
 2038
 2014
 2000
 1994
 1998
 2008
 2024
 2046
 2068
 2088
 2114
 2140
 2166
 2192
 2220
 2248
 2276
 2310
 2342
 2374
 2404
 2430
 2458
 2498
 2534
 2568
 2600
 2628
 2654
 2682
 2710
 2740
 2770
 2794
 2818
 2844
 2870
 2896
 2918
 2934
 2952
 2968
 2984
 2998
 3014
 3030
 3042
 3050
 3058
 3066
 3070
 3078
 3098
 3116
 3132
 3142
 3148
 3148
 3138
 3122
 3102
 3072
 3038
 3006
 2968
 2930
 2888
 2844
 2796
 2754
 2714
 2674
 2634
 2594
 2558
 2518
 2480
 2438
 2396
 2352
 2322
 2290
 2258
 2220
 2178
 2148
 2124
 2102
 2090
 2078
 2074
 2076
 2086
 2102
 2122
 2142
 2162
 2188
 2218
 2250
 2288
 2328
 2366
 2404
 2440
 2474
 2524
 2576
 2620
 2662
 2698
 2732
 2762
 2790
 2816
 2840
 2862
 2884
 2906
 2928
 2946
 2958
 2966
 2968
 2972
 2978
 2982
 2984
 2990
 2998
 3000
 3004
 2998
 2998
 3022
 3042
 3058
 3068
 3078
 3086
 3094
 3098
 3102
 3104
 3100
 3096
 3082
 3064
 3040
 3010
 2976
 2940
 2904
 2866
 2830
 2792
 2748
 2706
 2664
 2618
 2568
 2522
 2478
 2440
 2408
 2370
 2332
 2290
 2244
 2202
 2160
 2118
 2072
 2024
 1974
 1924
 1876
 1836
 1802
 1778
 1766
 1762
 1766
 1776
 1794
 1822
 1850
 1880
 1918
 1954
 2008
 2064
 2114
 2162
 2204
 2242
 2282
 2316
 2352
 2384
 2416
 2450
 2482
 2512
 2542
 2568
 2594
 2618
 2642
 2668
 2692
 2718
 2748
 2776
 2800
 2820
 2840
 2856
 2888
 2920
 2946
 2970
 2986
 3002
 3020
 3030
 3042
 3046
 3046
 3054
 3062
 3070
 3078
 3082
 3082
 3084
 3082
 3084
 3086
 3090
 3094
 3094
 3096
 3092
 3090
 3082
 3064
 3048
 3040
 3020
 3000
 2968
 2932
 2898
 2864
 2822
 2780
 2734
 2684
 2636
 2588
 2538
 2490
 2438
 2382
 2326
 2270
 2214
 2160
 2106
 2056
 2004
 1954
 1904
 1858
 1814
 1790
 1768
 1750
 1736
 1730
 1732
 1744
 1768
 1798
 1824
 1856
 1888
 1920
 1950
 1982
 2012
 2046
 2078
 2106
 2136
 2176
 2216
 2254
 2290
 2324
 2354
 2386
 2434
 2476
 2514
 2550
 2582
 2614
 2642
 2666
 2692
 2716
 2738
 2760
 2784
 2804
 2826
 2842
 2858
 2870
 2880
 2888
 2900
 2910
 2920
 2932
 2942
 2950
 2956
 2960
 2958
 2960
 2980
 2996
 3004
 3002
 2992
 2982
 2960
 2938
 2912
 2880
 2846
 2812
 2774
 2738
 2698
 2654
 2608
 2564
 2516
 2472
 2428
 2382
 2336
 2292
 2242
 2192
 2138
 2084
 2034
 1992
 1958
 1920
 1882
 1844
 1812
 1792
 1776
 1772
 1772
 1776
 1792
 1808
 1828
 1852
 1878
 1904
 1932
 1958
 1990
 2026
 2068
 2118
 2170
 2216
 2264
 2302
 2342
 2394
 2444
 2490
 2534
 2576
 2616
 2648
 2680
 2714
 2750
 2788
 2820
 2852
 2882
 2910
 2930
 2944
 2954
 2960
 2968
 2976
 2976
 2978
 2982
 2982
 2980
 2980
 2976
 2970
 2968
 2982
 2992
 3000
 3004
 3010
 3014
 3014
 3008
 3002
 2992
 2984
 2978
 2974
 2972
 2972
 2970
 2964
 2956
 2950
 2944
 2936
 2924
 2914
 2902
 2892
 2902
 2914
 2918
 2912
 2894
 2868
 2832
 2788
 2738
 2680
 2618
 2560
 2500
 2438
 2374
 2310
 2246
 2182
 2116
 2050
 1986
 1926
 1878
 1832
 1780
 1724
 1668
 1616
 1574
 1538
 1512
 1492
 1476
 1468
 1468
 1480
 1502
 1530
 1562
 1596
 1632
 1674
 1720
 1774
 1838
 1898
 1954
 2004
 2050
 2098
 2138
 2182
 2228
 2268
 2308
 2346
 2384
 2422
 2456
 2488
 2516
 2542
 2568
 2594
 2618
 2638
 2660
 2684
 2704
 2726
 2752
 2774
 2796
 2812
 2828
 2840
 2860
 2892
 2920
 2944
 2964
 2978
 2990
 2998
 3008
 3014
 3018
 3024
 3028
 3034
 3036
 3034
 3028
 3016
 3002
 2982
 2960
 2934
 2906
 2880
 2850
 2816
 2782
 2748
 2712
 2676
 2638
 2602
 2562
 2538
 2510
 2480
 2446
 2410
 2374
 2342
 2306
 2272
 2232
 2186
 2140
 2090
 2038
 1986
 1934
 1882
 1838
 1802
 1774
 1758
 1750
 1752
 1762
 1778
 1798
 1820
 1846
 1874
 1902
 1946
 1994
 2040
 2088
 2128
 2166
 2202
 2234
 2268
 2300
 2326
 2356
 2384
 2410
 2436
 2458
 2478
 2498
 2518
 2536
 2556
 2576
 2596
 2618
 2638
 2656
 2674
 2690
 2706
 2726
 2758
 2788
 2816
 2842
 2864
 2890
 2908
 2918
 2928
 2940
 2950
 2964
 2974
 2984
 2990
 2994
 2996
 2998
 3000
 3002
 3004
 3008
 3006
 3004
 3004
 3000
 2994
 2986
 2970
 2952
 2938
 2932
 2920
 2906
 2888
 2866
 2846
 2816
 2784
 2748
 2706
 2664
 2622
 2574
 2524
 2470
 2410
 2348
 2284
 2224
 2162
 2104
 2046
 1990
 1934
 1880
 1824
 1766
 1712
 1664
 1626
 1600
 1576
 1560
 1546
 1542
 1548
 1560
 1582
 1606
 1632
 1660
 1690
 1722
 1756
 1786
 1816
 1850
 1882
 1912
 1944
 1978
 2014
 2050
 2084
 2118
 2152
 2202
 2256
 2304
 2350
 2390
 2428
 2464
 2498
 2532
 2562
 2592
 2624
 2656
 2684
 2710
 2736
 2756
 2776
 2792
 2808
 2820
 2832
 2844
 2858
 2870
 2880
 2886
 2894
 2902
 2906
 2922
 2944
 2964
 2982
 2996
 3004
 3012
 3016
 3016
 3018
 3012
 3004
 2990
 2970
 2946
 2918
 2884
 2846
 2808
 2768
 2730
 2690
 2650
 2610
 2568
 2524
 2480
 2434
 2386
 2338
 2302
 2264
 2222
 2176
 2126
 2076
 2028
 1978
 1934
 1888
 1842
 1804
 1766
 1738
 1718
 1708
 1700
 1696
 1690
 1682
 1668
 1630
 1574
 1508
 1432
 1352
 1284
 1228
 1190
 1180
 1178
 1180
 1190
 1208
 1228
 1250
 1278
 1302
 1324
 1342
 1358
 1368
 1378
 1382
 1386
 1388
 1394
 1396
 1400
 1404
 1414
 1448
 1492
 1534
 1590
 1636
 1676
 1710
 1728
 1738
 1744
 1736
 1726
 1722
 1726
 1742
 1762
 1788
 1816
 1848
 1878
 1912
 1942
 1972
 2002
 2030
 2070
 2116
 2158
 2196
 2236
 2276
 2310
 2340
 2368
 2398
 2426
 2454
 2484
 2512
 2540
 2566
 2596
 2622
 2646
 2670
 2694
 2720
 2748
 2786
 2824
 2856
 2886
 2906
 2920
 2920
 2910
 2894
 2874
 2846
 2816
 2786
 2748
 2710
 2670
 2628
 2588
 2546
 2502
 2458
 2412
 2370
 2330
 2282
 2236
 2190
 2140
 2092
 2042
 1990
 1944
 1896
 1866
 1840
 1818
 1802
 1794
 1792
 1802
 1814
 1838
 1868
 1894
 1926
 1956
 1988
 2020
 2050
 2078
 2102
 2126
 2150
 2174
 2198
 2220
 2244
 2270
 2290
 2312
 2332
 2348
 2370
 2402
 2430
 2454
 2476
 2494
 2510
 2524
 2542
 2560
 2572
 2586
 2602
 2616
 2630
 2642
 2654
 2662
 2674
 2684
 2696
 2710
 2726
 2740
 2756
 2774
 2790
 2808
 2818
 2820
 2812
 2796
 2786
 2782
 2774
 2764
 2750
 2734
 2716
 2696
 2676
 2652
 2624
 2596
 2566
 2536
 2504
 2470
 2430
 2390
 2350
 2312
 2272
 2232
 2190
 2148
 2106
 2060
 2012
 1966
 1924
 1884
 1852
 1832
 1832
 1836
 1848
 1862
 1882
 1916
 1954
 1996
 2044
 2088
 2134
 2180
 2218
 2258
 2296
 2334
 2368
 2404
 2436
 2466
 2498
 2528
 2558
 2590
 2618
 2648
 2678
 2704
 2742
 2788
 2824
 2858
 2888
 2916
 2940
 2956
 2972
 2986
 3000
 3014
 3028
 3040
 3050
 3056
 3062
 3060
 3060
 3060
 3058
 3062
 3070
 3074
 3076
 3074
 3066
 3050
 3028
 3000
 2972
 2958
 2934
 2906
 2876
 2846
 2816
 2786
 2752
 2716
 2678
 2640
 2604
 2568
 2530
 2494
 2450
 2402
 2354
 2308
 2258
 2206
 2158
 2108
 2062
 2012
 1962
 1910
 1868
 1832
 1806
 1784
 1772
 1762
 1762
 1770
 1784
 1806
 1830
 1862
 1896
 1928
 1958
 1990
 2020
 2048
 2078
 2108
 2134
 2164
 2196
 2224
 2254
 2288
 2318
 2344
 2390
 2432
 2474
 2512
 2546
 2580
 2614
 2644
 2674
 2702
 2726
 2752
 2776
 2800
 2822
 2842
 2858
 2874
 2888
 2902
 2916
 2922
 2928
 2936
 2944
 2946
 2950
 2946
 2936
 2940
 2936
 2924
 2908
 2886
 2862
 2840
 2812
 2786
 2756
 2726
 2694
 2664
 2636
 2604
 2572
 2536
 2498
 2464
 2428
 2390
 2354
 2318
 2282
 2244
 2210
 2170
 2128
 2086
 2050
 2028
 2018
 2008
 2008
 2008
 2014
 2028
 2044
 2066
 2088
 2110
 2132
 2156
 2182
 2204
 2226
 2248
 2266
 2286
 2306
 2326
 2348
 2370
 2390
 2410
 2424
 2446
 2468
 2496
 2532
 2570
 2602
 2630
 2654
 2680
 2708
 2732
 2762
 2788
 2812
 2840
 2870
 2900
 2926
 2952
 2974
 2994
 3008
 3022
 3036
 3052
 3066
 3076
 3084
 3092
 3090
 3082
 3072
 3048
 3028
 3020
 3004
 2984
 2962
 2936
 2910
 2886
 2854
 2820
 2782
 2748
 2710
 2666
 2626
 2586
 2544
 2500
 2454
 2412
 2370
 2330
 2288
 2250
 2210
 2174
 2132
 2090
 2046
 2010
 1978
 1966
 1958
 1954
 1956
 1960
 1976
 1994
 2014
 2038
 2064
 2092
 2118
 2150
 2186
 2216
 2244
 2272
 2302
 2332
 2362
 2390
 2420
 2450
 2478
 2506
 2530
 2552
 2588
 2628
 2662
 2692
 2720
 2742
 2766
 2784
 2802
 2820
 2844
 2874
 2900
 2924
 2944
 2960
 2970
 2980
 2992
 3006
 3020
 3034
 3050
 3064
 3080
 3090
 3098
 3106
 3110
 3110
 3118
 3134
 3142
 3146
 3140
 3130
 3114
 3092
 3066
 3036
 2998
 2960
 2924
 2884
 2846
 2810
 2766
 2720
 2678
 2634
 2594
 2552
 2514
 2474
 2438
 2398
 2354
 2312
 2272
 2238
 2210
 2176
 2140
 2104
 2072
 2050
 2032
 2022
 2014
 2016
 2022
 2032
 2048
 2064
 2082
 2100
 2122
 2144
 2172
 2204
 2238
 2272
 2310
 2346
 2380
 2414
 2456
 2510
 2558
 2602
 2642
 2678
 2716
 2748
 2782
 2814
 2844
 2876
 2908
 2938
 2960
 2978
 2992
 3006
 3018
 3030
 3042
 3054
 3068
 3082
 3094
 3102
 3108
 3112
 3116
 3132
 3148
 3160
 3172
 3174
 3178
 3174
 3164
 3150
 3128
 3102
 3074
 3044
 3012
 2976
 2940
 2896
 2856
 2812
 2770
 2728
 2682
 2632
 2586
 2538
 2486
 2432
 2380
 2330
 2296
 2260
 2218
 2174
 2124
 2078
 2032
 1986
 1944
 1900
 1860
 1822
 1788
 1764
 1750
 1744
 1744
 1748
 1758
 1776
 1798
 1830
 1864
 1894
 1926
 1958
 1996
 2050
 2100
 2148
 2194
 2236
 2278
 2320
 2356
 2390
 2416
 2444
 2470
 2496
 2524
 2554
 2580
 2606
 2632
 2656
 2680
 2706
 2734
 2762
 2792
 2820
 2848
 2874
 2898
 2920
 2956
 2992
 3022
 3050
 3074
 3094
 3112
 3126
 3140
 3152
 3160
 3168
 3176
 3178
 3180
 3166
 3144
 3116
 3088
 3056
 3020
 2982
 2948
 2910
 2872
 2832
 2786
 2740
 2696
 2654
 2624
 2596
 2564
 2526
 2484
 2444
 2404
 2362
 2320
 2270
 2218
 2164
 2102
 2042
 1978
 1914
 1852
 1792
 1736
 1690
 1654
 1628
 1616
 1614
 1620
 1636
 1660
 1686
 1728
 1786
 1840
 1892
 1944
 1996
 2050
 2102
 2152
 2200
 2242
 2282
 2322
 2362
 2402
 2442
 2478
 2512
 2544
 2576
 2606
 2638
 2672
 2700
 2728
 2756
 2778
 2812
 2858
 2898
 2938
 2974
 2998
 3022
 3038
 3058
 3078
 3094
 3110
 3126
 3140
 3152
 3162
 3166
 3166
 3168
 3170
 3170
 3168
 3164
 3156
 3144
 3120
 3090
 3056
 3018
 2980
 2954
 2926
 2894
 2856
 2814
 2770
 2726
 2682
 2636
 2588
 2540
 2492
 2440
 2390
 2336
 2282
 2226
 2168
 2110
 2048
 1992
 1934
 1876
 1822
 1770
 1726
 1686
 1656
 1632
 1630
 1640
 1656
 1682
 1714
 1750
 1794
 1838
 1888
 1932
 1980
 2026
 2068
 2110
 2148
 2184
 2220
 2258
 2294
 2326
 2360
 2394
 2428
 2460
 2494
 2526
 2556
 2604
 2650
 2694
 2734
 2772
 2808
 2844
 2874
 2902
 2926
 2946
 2968
 2990
 3012
 3030
 3042
 3056
 3068
 3080
 3088
 3094
 3104
 3114
 3126
 3134
 3140
 3146
 3146
 3148
 3158
 3168
 3172
 3166
 3156
 3138
 3114
 3080
 3050
 3012
 2968
 2928
 2884
 2832
 2780
 2724
 2666
 2606
 2546
 2488
 2428
 2368
 2308
 2248
 2194
 2134
 2076
 2020
 1964
 1918
 1880
 1838
 1800
 1762
 1732
 1720
 1714
 1722
 1746
 1776
 1810
 1844
 1880
 1920
 1960
 2006
 2054
 2098
 2140
 2186
 2232
 2276
 2322
 2366
 2406
 2446
 2482
 2532
 2584
 2634
 2680
 2722
 2760
 2802
 2838
 2872
 2906
 2932
 2958
 2986
 3004
 3022
 3036
 3046
 3056
 3064
 3072
 3080
 3088
 3098
 3098
 3094
 3088
 3078
 3066
 3058
 3042
 3018
 2994
 2970
 2944
 2910
 2874
 2826
 2772
 2730
 2686
 2636
 2586
 2540
 2486
 2436
 2390
 2338
 2290
 2244
 2196
 2152
 2108
 2066
 2020
 1972
 1924
 1876
 1836
 1804
 1768
 1740
 1716
 1704
 1704
 1712
 1736
 1762
 1792
 1828
 1866
 1904
 1944
 1980
 2020
 2056
 2090
 2122
 2152
 2186
 2216
 2244
 2270
 2294
 2330
 2372
 2410
 2444
 2478
 2516
 2560
 2596
 2630
 2656
 2686
 2718
 2752
 2784
 2816
 2846
 2872
 2896
 2920
 2942
 2958
 2974
 2990
 3006
 3022
 3036
 3044
 3050
 3052
 3044
 3028
 3022
 3012
 2998
 2978
 2950
 2922
 2894
 2862
 2828
 2790
 2746
 2706
 2666
 2622
 2580
 2538
 2494
 2450
 2404
 2360
 2312
 2264
 2220
 2180
 2138
 2094
 2052
 2014
 1988
 1982
 1980
 1986
 1994
 2012
 2036
 2060
 2088
 2118
 2150
 2186
 2226
 2264
 2302
 2336
 2368
 2400
 2430
 2458
 2490
 2520
 2552
 2586
 2618
 2648
 2678
 2704
 2740
 2784
 2822
 2856
 2888
 2916
 2944
 2966
 2984
 3000
 3012
 3026
 3042
 3052
 3062
 3070
 3078
 3086
 3090
 3092
 3096
 3100
 3108
 3112
 3118
 3126
 3132
 3142
 3150
 3154
 3156
 3154
 3164
 3166
 3162
 3150
 3136
 3122
 3102
 3076
 3046
 3012
 2978
 2940
 2900
 2860
 2816
 2772
 2722
 2670
 2620
 2572
 2526
 2482
 2436
 2392
 2348
 2302
 2254
 2206
 2162
 2124
 2090
 2052
 2014
 1974
 1946
 1930
 1924
 1926
 1934
 1952
 1970
 1990
 2014
 2040
 2068
 2096
 2128
 2164
 2198
 2234
 2270
 2308
 2350
 2388
 2424
 2458
 2494
 2546
 2592
 2636
 2672
 2706
 2740
 2770
 2798
 2826
 2852
 2876
 2904
 2932
 2956
 2972
 2982
 2992
 3000
 3008
 3018
 3026
 3036
 3048
 3058
 3066
 3068
 3074
 3082
 3084
 3086
 3098
 3112
 3122
 3130
 3136
 3142
 3146
 3144
 3142
 3132
 3116
 3096
 3070
 3040
 3008
 2968
 2924
 2880
 2836
 2792
 2750
 2708
 2666
 2622
 2578
 2536
 2490
 2442
 2398
 2352
 2316
 2280
 2238
 2196
 2152
 2112
 2076
 2050
 2030
 2010
 2000
 1996
 1998
 2010
 2030
 2052
 2076
 2098
 2122
 2152
 2184
 2218
 2256
 2296
 2332
 2370
 2404
 2438
 2488
 2538
 2582
 2626
 2666
 2702
 2740
 2774
 2806
 2834
 2862
 2886
 2910
 2932
 2952
 2970
 2982
 2990
 2998
 3008
 3016
 3026
 3034
 3044
 3056
 3062
 3066
 3066
 3064
 3070
 3088
 3098
 3106
 3110
 3108
 3108
 3102
 3092
 3076
 3052
 3026
 2996
 2962
 2926
 2890
 2850
 2808
 2764
 2722
 2682
 2646
 2610
 2572
 2534
 2496
 2458
 2416
 2374
 2332
 2288
 2254
 2214
 2170
 2122
 2070
 2020
 1976
 1938
 1908
 1882
 1866
 1856
 1856
 1866
 1878
 1894
 1916
 1938
 1962
 1988
 2014
 2044
 2074
 2104
 2132
 2160
 2192
 2234
 2280
 2324
 2366
 2406
 2446
 2484
 2522
 2562
 2602
 2644
 2684
 2720
 2756
 2790
 2822
 2852
 2876
 2898
 2918
 2934
 2954
 2974
 2994
 3010
 3022
 3032
 3040
 3048
 3064
 3078
 3086
 3092
 3092
 3088
 3074
 3058
 3040
 3014
 2990
 2964
 2934
 2904
 2874
 2838
 2796
 2754
 2712
 2670
 2630
 2588
 2546
 2502
 2458
 2412
 2362
 2310
 2260
 2218
 2178
 2134
 2084
 2034
 1988
 1950
 1918
 1894
 1876
 1864
 1862
 1868
 1882
 1900
 1922
 1942
 1970
 1996
 2022
 2046
 2074
 2094
 2110
 2128
 2138
 2156
 2182
 2200
 2216
 2232
 2244
 2256
 2260
 2262
 2264
 2262
 2266
 2274
 2280
 2286
 2290
 2294
 2294
 2294
 2288
 2280
 2268
 2262
 2260
 2270
 2292
 2332
 2370
 2410
 2450
 2494
 2540
 2584
 2630
 2674
 2712
 2750
 2784
 2816
 2846
 2876
 2898
 2922
 2942
 2960
 2972
 2984
 3000
 3026
 3050
 3068
 3082
 3096
 3104
 3110
 3110
 3102
 3082
 3058
 3030
 2994
 2954
 2910
 2866
 2816
 2762
 2706
 2652
 2600
 2550
 2500
 2450
 2398
 2348
 2306
 2268
 2228
 2182
 2132
 2078
 2028
 1976
 1932
 1892
 1856
 1824
 1798
 1786
 1786
 1794
 1812
 1832
 1856
 1884
 1914
 1946
 1982
 2022
 2062
 2102
 2140
 2180
 2216
 2272
 2324
 2376
 2424
 2466
 2506
 2546
 2582
 2618
 2652
 2684
 2716
 2748
 2780
 2810
 2840
 2864
 2886
 2906
 2924
 2942
 2958
 2968
 2978
 2990
 3002
 3012
 3020
 3024
 3030
 3052
 3070
 3082
 3088
 3088
 3084
 3074
 3058
 3036
 3012
 2984
 2958
 2926
 2896
 2864
 2830
 2794
 2758
 2724
 2692
 2658
 2624
 2590
 2554
 2516
 2474
 2430
 2382
 2334
 2284
 2236
 2200
 2156
 2112
 2060
 2008
 1964
 1922
 1890
 1864
 1838
 1820
 1808
 1806
 1812
 1826
 1842
 1864
 1890
 1914
 1944
 1976
 2014
 2052
 2088
 2124
 2156
 2190
 2230
 2282
 2330
 2376
 2416
 2452
 2486
 2516
 2548
 2576
 2602
 2630
 2658
 2688
 2718
 2744
 2768
 2792
 2812
 2834
 2856
 2876
 2898
 2916
 2928
 2938
 2948
 2958
 2966
 2978
 3002
 3020
 3040
 3054
 3068
 3078
 3088
 3094
 3098
 3096
 3090
 3082
 3066
 3046
 3022
 2994
 2964
 2932
 2898
 2866
 2830
 2794
 2758
 2722
 2684
 2644
 2602
 2558
 2518
 2486
 2452
 2416
 2372
 2326
 2284
 2238
 2194
 2148
 2098
 2048
 1994
 1942
 1894
 1854
 1814
 1778
 1750
 1730
 1718
 1716
 1722
 1738
 1758
 1784
 1816
 1856
 1908
 1958
 2008
 2056
 2098
 2140
 2178
 2214
 2254
 2294
 2332
 2374
 2410
 2446
 2482
 2518
 2552
 2586
 2618
 2646
 2678
 2708
 2738
 2768
 2798
 2824
 2848
 2878
 2910
 2938
 2964
 2984
 3006
 3026
 3044
 3060
 3074
 3086
 3098
 3110
 3120
 3132
 3140
 3138
 3136
 3130
 3126
 3120
 3112
 3098
 3082
 3064
 3042
 3016
 2984
 2948
 2914
 2878
 2836
 2806
 2780
 2748
 2716
 2680
 2646
 2614
 2580
 2546
 2510
 2470
 2428
 2382
 2330
 2272
 2220
 2166
 2108
 2052
 2000
 1946
 1900
 1858
 1824
 1802
 1792
 1790
 1796
 1806
 1828
 1856
 1896
 1944
 1990
 2038
 2084
 2130
 2180
 2226
 2276
 2328
 2378
 2424
 2466
 2506
 2546
 2580
 2610
 2640
 2670
 2700
 2728
 2752
 2776
 2802
 2822
 2840
 2856
 2866
 2888
 2912
 2932
 2950
 2974
 2996
 3014
 3030
 3046
 3058
 3070
 3082
 3094
 3104
 3112
 3114
 3110
 3102
 3094
 3082
 3064
 3040
 3010
 2978
 2944
 2906
 2866
 2822
 2776
 2732
 2690
 2660
 2628
 2596
 2558
 2522
 2486
 2450
 2412
 2372
 2330
 2288
 2242
 2196
 2148
 2096
 2044
 1988
 1934
 1878
 1824
 1778
 1736
 1708
 1698
 1698
 1706
 1724
 1744
 1784
 1830
 1878
 1926
 1970
 2020
 2070
 2118
 2168
 2218
 2264
 2312
 2362
 2406
 2452
 2490
 2526
 2564
 2600
 2634
 2666
 2696
 2726
 2754
 2782
 2806
 2830
 2870
 2908
 2942
 2972
 2990
 3008
 3026
 3038
 3054
 3064
 3070
 3076
 3080
 3076
 3064
 3046
 3016
 2980
 2948
 2910
 2870
 2830
 2786
 2744
 2702
 2660
 2618
 2570
 2522
 2476
 2438
 2400
 2362
 2318
 2270
 2224
 2182
 2138
 2096
 2048
 1994
 1940
 1882
 1826
 1770
 1712
 1662
 1616
 1582
 1558
 1542
 1538
 1540
 1552
 1576
 1604
 1638
 1678
 1730
 1784
 1832
 1880
 1920
 1964
 2002
 2038
 2076
 2108
 2142
 2170
 2204
 2244
 2278
 2306
 2336
 2368
 2402
 2436
 2468
 2502
 2540
 2576
 2612
 2644
 2674
 2718
 2766
 2808
 2848
 2884
 2920
 2952
 2976
 3002
 3022
 3036
 3052
 3066
 3082
 3088
 3092
 3094
 3094
 3090
 3086
 3076
 3062
 3044
 3020
 2992
 2960
 2924
 2884
 2844
 2810
 2780
 2746
 2708
 2664
 2628
 2602
 2568
 2532
 2490
 2446
 2404
 2358
 2308
 2260
 2210
 2158
 2106
 2052
 2000
 1950
 1902
 1856
 1820
 1792
 1772
 1760
 1758
 1768
 1796
 1828
 1862
 1900
 1938
 1978
 2020
 2064
 2104
 2140
 2176
 2212
 2248
 2282
 2314
 2348
 2380
 2410
 2436
 2462
 2486
 2512
 2538
 2556
 2576
 2594
 2616
 2650
 2678
 2700
 2720
 2734
 2748
 2764
 2784
 2806
 2828
 2850
 2872
 2896
 2920
 2940
 2958
 2974
 2988
 3002
 3016
 3028
 3036
 3048
 3060
 3068
 3074
 3076
 3080
 3080
 3074
 3080
 3080
 3074
 3062
 3044
 3024
 3004
 2976
 2946
 2908
 2870
 2830
 2794
 2754
 2718
 2684
 2644
 2604
 2560
 2520
 2476
 2436
 2394
 2350
 2308
 2266
 2222
 2178
 2132
 2086
 2050
 2022
 1988
 1968
 1946
 1930
 1930
 1934
 1950
 1970
 1992
 2018
 2044
 2072
 2102
 2136
 2170
 2204
 2236
 2272
 2308
 2346
 2382
 2418
 2454
 2486
 2518
 2546
 2578
 2626
 2668
 2708
 2742
 2770
 2798
 2826
 2848
 2868
 2884
 2894
 2906
 2924
 2942
 2960
 2972
 2980
 2988
 2998
 3006
 3016
 3022
 3032
 3040
 3048
 3052
 3054
 3052
 3052
 3060
 3074
 3084
 3090
 3090
 3088
 3080
 3062
 3044
 3020
 2992
 2960
 2926
 2890
 2856
 2818
 2774
 2726
 2680
 2636
 2592
 2548
 2504
 2460
 2416
 2370
 2320
 2274
 2228
 2194
 2156
 2114
 2068
 2032
 2006
 1984
 1970
 1964
 1958
 1960
 1964
 1976
 1992
 2010
 2030
 2048
 2072
 2098
 2124
 2154
 2184
 2216
 2250
 2282
 2312
 2356
 2404
 2448
 2492
 2528
 2564
 2598
 2630
 2660
 2686
 2712
 2740
 2766
 2792
 2814
 2834
 2850
 2866
 2880
 2892
 2908
 2916
 2922
 2930
 2938
 2944
 2948
 2968
 2990
 3010
 3026
 3038
 3048
 3054
 3054
 3048
 3030
 3000
 2970
 2934
 2894
 2852
 2804
 2752
 2700
 2648
 2594
 2544
 2492
 2440
 2390
 2334
 2276
 2220
 2164
 2122
 2076
 2026
 1972
 1910
 1852
 1792
 1738
 1692
 1648
 1610
 1582
 1566
 1562
 1562
 1566
 1576
 1582
 1590
 1596
 1596
 1598
 1608
 1620
 1648
 1680
 1716
 1752
 1784
 1814
 1836
 1850
 1856
 1856
 1856
 1864
 1886
 1920
 1960
 2004
 2054
 2102
 2152
 2196
 2236
 2292
 2358
 2414
 2470
 2518
 2564
 2606
 2642
 2678
 2714
 2748
 2780
 2814
 2848
 2876
 2898
 2908
 2914
 2918
 2928
 2950
 2966
 2978
 2984
 2986
 2980
 2962
 2942
 2916
 2882
 2848
 2812
 2770
 2726
 2680
 2632
 2584
 2534
 2486
 2440
 2392
 2344
 2294
 2246
 2196
 2148
 2100
 2054
 2010
 1962
 1912
 1864
 1814
 1780
 1744
 1706
 1666
 1624
 1582
 1542
 1504
 1476
 1444
 1416
 1388
 1362
 1344
 1334
 1326
 1328
 1332
 1344
 1360
 1380
 1404
 1432
 1464
 1498
 1534
 1570
 1606
 1656
 1712
 1762
 1810
 1856
 1902
 1948
 1990
 2034
 2072
 2112
 2152
 2188
 2224
 2258
 2292
 2326
 2358
 2390
 2420
 2446
 2474
 2504
 2534
 2560
 2586
 2612
 2634
 2660
 2698
 2730
 2760
 2784
 2806
 2826
 2844
 2860
 2878
 2894
 2904
 2912
 2916
 2922
 2924
 2918
 2906
 2888
 2866
 2842
 2818
 2790
 2760
 2728
 2694
 2654
 2616
 2574
 2528
 2498
 2466
 2432
 2398
 2360
 2318
 2278
 2234
 2192
 2144
 2092
 2034
 1972
 1910
 1846
 1782
 1720
 1666
 1620
 1580
 1550
 1536
 1534
 1540
 1554
 1574
 1598
 1642
 1694
 1748
 1802
 1850
 1904
 1954
 2000
 2050
 2100
 2156
 2216
 2268
 2318
 2364
 2410
 2450
 2488
 2526
 2564
 2604
 2640
 2678
 2712
 2742
 2770
 2812
 2854
 2892
 2926
 2950
 2972
 2990
 3010
 3026
 3040
 3050
 3062
 3074
 3082
 3082
 3082
 3080
 3076
 3074
 3070
 3068
 3066
 3064
 3056
 3044
 3026
 3004
 2976
 2960
 2938
 2912
 2882
 2848
 2812
 2774
 2732
 2690
 2642
 2592
 2548
 2500
 2448
 2396
 2346
 2290
 2232
 2176
 2120
 2066
 2012
 1960
 1910
 1862
 1822
 1782
 1752
 1728
 1720
 1722
 1734
 1754
 1778
 1806
 1836
 1870
 1904
 1938
 1972
 2006
 2044
 2080
 2116
 2152
 2184
 2220
 2252
 2284
 2314
 2344
 2376
 2404
 2432
 2460
 2486
 2510
 2552
 2590
 2624
 2656
 2684
 2710
 2736
 2758
 2780
 2798
 2816
 2836
 2854
 2870
 2882
 2892
 2898
 2906
 2916
 2922
 2928
 2934
 2942
 2950
 2958
 2962
 2968
 2974
 2976
 2974
 2982
 2990
 2996
 2994
 2986
 2974
 2966
 2952
 2936
 2916
 2894
 2868
 2844
 2816
 2782
 2746
 2710
 2670
 2628
 2588
 2550
 2512
 2474
 2434
 2394
 2354
 2314
 2270
 2224
 2180
 2136
 2102
 2062
 2020
 1976
 1932
 1894
 1856
 1824
 1794
 1766
 1740
 1718
 1702
 1696
 1700
 1706
 1718
 1734
 1756
 1784
 1814
 1846
 1880
 1916
 1952
 1986
 2016
 2058
 2108
 2154
 2202
 2244
 2282
 2324
 2362
 2398
 2434
 2464
 2496
 2524
 2552
 2578
 2602
 2624
 2644
 2664
 2682
 2698
 2714
 2730
 2742
 2760
 2772
 2784
 2798
 2806
 2816
 2842
 2862
 2882
 2898
 2914
 2926
 2928
 2928
 2928
 2926
 2928
 2928
 2922
 2914
 2904
 2886
 2864
 2838
 2814
 2790
 2764
 2740
 2714
 2688
 2660
 2632
 2604
 2570
 2536
 2498
 2470
 2450
 2426
 2398
 2368
 2334
 2304
 2272
 2238
 2202
 2162
 2122
 2082
 2040
 1996
 1952
 1906
 1858
 1810
 1764
 1718
 1676
 1640
 1608
 1578
 1554
 1538
 1530
 1534
 1550
 1566
 1594
 1622
 1654
 1692
 1726
 1762
 1800
 1838
 1874
 1910
 1946
 1982
 2018
 2052
 2084
 2120
 2154
 2188
 2224
 2258
 2292
 2330
 2362
 2396
 2444
 2490
 2536
 2580
 2618
 2654
 2688
 2716
 2744
 2770
 2796
 2822
 2846
 2868
 2886
 2902
 2908
 2914
 2920
 2928
 2936
 2948
 2954
 2964
 2968
 2976
 2976
 2978
 2992
 3006
 3018
 3026
 3024
 3024
 3018
 3008
 2994
 2976
 2952
 2928
 2900
 2868
 2834
 2798
 2760
 2718
 2676
 2634
 2590
 2548
 2506
 2464
 2424
 2386
 2348
 2312
 2276
 2242
 2206
 2184
 2158
 2130
 2100
 2072
 2054
 2040
 2032
 2030
