100
205
303
395
490
580
676
773
869
966
1057
1152
1244
1334
1419
1505
1591
1688
1788
1888
1990
2087
2190
2290
2390
2490
2590
2693
2791
2899
3000
3106
3209
3305
3409
3509
3615
3709
3809
3913
4012
4117
4224
4319
4411
4514
4620
4721
4828
4928
5033
5134
5238
5342
5443
5546
5643
5746
5847
5947
6045
6141
6238
6337
6436
6534
6632
6730
6828
6929
7030
7129
7228
7325
7423
7522
7620
7724
7829
7938
8039
8145
8246
8345
8446
8537
8635
8737
8840
8946
9052
9159
9250
9343
9443
9542
9643
9740
9841
9938
10041
10141
10241
10342
10440
10539
10637
10736
10833
10932
11031
11132
11228
11327
11423
11527
11623
11721
11823
11919
12020
12121
12221
12325
12418
12507
12599
12699
12800
12895
12999
13098
13199
13294
13394
13489
13590
13686
13788
13884
13985
14081
14181
14276
14376
14478
14581
14682
14786
14884
14985
15081
15184
15286
15384
15485
15579
15678
15781
15880
15985
16085
16190
16295
16396
16501
16598
16699
16804
16906
17006
17104
17206
17307
17407
17508
17607
17706
17804
17903
18003
18102
18202
18302
18402
18502
18599
18699
18801
18906
19013
19113
19217
19318
19418
19519
19615
19717
19811
19912
20018
20117
20216
20321
20421
20525
20626
20723
20821
20919
21020
21121
21223
21324
21425
21521
21620
21718
21818
21915
22014
22110
22208
22302
22400
22497
22597
22694
22783
22877
22974
23068
23168
23262
23357
23455
23547
23646
23742
23840
23938
24029
24124
24222
24323
24421
24523
24620
24719
24812
24911
25005
25107
25201
25299
25392
25489
25582
25681
25779
25875
25975
26072
26171
26271
26367
26466
26562
26662
26755
26845
26944
27050
27148
27250
27352
27451
27553
27656
27761
27865
27969
28075
28174
28277
28376
28479
28574
28672
28769
28875
28972
29074
29170
29271
29368
29473
29575
29682
29780
29882
29983
30078
30181
30282
30385
30492
30593
30696
30793
30899
31005
31095
31190
31292
31395
31501
31605
31707
31810
31907
32005
32107
32210
32312
32417
32520
32623
32727
32826
32925
33024
33123
33222
33326
33428
33531
33627
33727
33832
33932
34036
34132
34235
34335
34435
34543
34646
34752
34845
34932
35021
35119
35225
35325
35429
35527
