27
84
135
193
247
308
415
418
500
552
610
664
735
803
851
901
983
1050
1114
1169
1228
1280
1336
1397
1456
1512
1572
1634
1692
1807
1819
1953
2048
2141
2231
2447
2453
2510
2561
2619
2682
2743
2815
2914
2916
2969
3024
3092
3156
3238
3306
3390
3455
3506
3567
3632
3722
3813
3930
4025
4124
4220
4300
4371
4442
4508
4576
4634
4702
4757
4814
4884
4946
5005
5069
5138
5190
5255
5319
5392
5451
5512
5589
5652
5721
5782
5861
5959
6047
6109
6194
6279
6359
6539
6611
6675
6729
6781
6841
6907
6969
7034
7098
7163
7246
7314
7376
7433
7504
7559
7667
7851
7852
7932
8073
8141
8215
8275
8341
8393
8467
8545
8609
8679
8736
8792
8850
8904
8979
9047
9116
9177
9231
9288
9349
9416
9475
9527
9644
9646
9713
9765
9809
9870
9925
9983
10036
10094
10161
10217
10276
10332
10391
10463
10527
10582
10659
10720
10788
10858
10942
11007
11081
11210
11266
11325
11382
11492
11550
11601
11660
11735
11798
11876
11940
11998
12057
12143
12202
12252
12315
12367
12433
12498
12559
12624
12693
12751
12819
12877
12939
13021
13080
13162
13216
13276
13351
13413
13462
13528
13592
13658
13730
13810
13915
13917
13971
14031
14177
14179
14234
14316
14387
14449
14520
14662
14664
14725
14852
14928
15010
15019
15085
15143
15215
15297
15359
15423
15496
15568
15640
15703
15772
15834
15902
15959
16018
