 2764
 2790
 2816
 2834
 2840
 2850
 2856
 2860
 2862
 2866
 2870
 2872
 2874
 2874
 2872
 2874
 2874
 2872
 2872
 2872
 2872
 2868
 2874
 2892
 2908
 2914
 2920
 2922
 2922
 2918
 2898
 2880
 2862
 2828
 2804
 2806
 2790
 2760
 2734
 2702
 2660
 2614
 2566
 2516
 2474
 2422
 2358
 2288
 2236
 2214
 2206
 2204
 2216
 2230
 2246
 2280
 2320
 2358
 2396
 2426
 2452
 2488
 2524
 2566
 2614
 2656
 2704
 2750
 2780
 2794
 2792
 2778
 2748
 2728
 2738
 2754
 2758
 2758
 2724
 2678
 2630
 2568
 2502
 2414
 2322
 2248
 2184
 2134
 2112
 2112
 2118
 2130
 2170
 2218
 2270
 2330
 2394
 2480
 2572
 2652
 2722
 2784
 2838
 2884
 2910
 2920
 2922
 2908
 2886
 2860
 2818
 2768
 2712
 2650
 2576
 2496
 2418
 2342
 2270
 2208
 2152
 2106
 2050
 1986
 1924
 1866
 1826
 1808
 1812
 1850
 1918
 2012
 2104
 2180
 2258
 2336
 2400
 2438
 2468
 2484
 2490
 2496
 2500
 2528
 2586
 2638
 2688
 2726
 2720
 2690
 2636
 2564
 2498
 2434
 2376
 2334
 2310
 2308
 2310
 2312
 2310
 2310
 2322
 2340
 2356
 2376
 2404
 2454
 2508
 2546
 2578
 2610
 2648
 2698
 2734
 2768
 2804
 2836
 2864
 2892
 2918
 2942
 2962
 2976
 2986
 2990
 2988
 2974
 2956
 2932
 2904
 2886
 2874
 2854
 2828
 2800
 2762
 2716
 2664
 2604
 2548
 2494
 2444
 2400
 2368
 2354
 2352
 2356
 2374
 2402
 2444
 2494
 2536
 2574
 2612
 2658
 2716
 2768
 2816
 2858
 2900
 2942
 2972
 2988
 2994
 2990
 2974
 2952
 2918
 2872
 2822
 2772
 2718
 2656
 2592
 2528
 2458
 2390
 2330
 2288
 2262
 2238
 2224
 2230
 2258
 2292
 2322
 2352
 2392
 2434
 2478
 2526
 2578
 2634
 2694
 2746
 2784
 2814
 2846
 2872
 2898
 2914
 2944
 2996
 3040
 3076
 3100
 3102
 3094
 3072
 3038
 3002
 2962
 2918
 2872
 2822
 2764
 2700
 2630
 2556
 2476
 2402
 2332
 2266
 2214
 2180
 2176
 2190
 2212
 2242
 2284
 2334
 2392
 2442
 2492
 2538
 2588
 2634
 2680
 2722
 2758
 2790
 2824
 2846
 2872
 2890
 2902
 2912
 2922
 2952
 2992
 3020
 3042
 3062
 3078
 3090
 3082
 3074
 3062
 3052
 3042
 3036
 3028
 3020
 3014
 3008
 3002
 2998
 2992
 2978
 2964
 2960
 2970
 2976
 2980
 2992
 3002
 3014
 3022
 3012
 3006
 3000
 2992
 2986
 2984
 2984
 2982
 2982
 2982
 2976
 2970
 2964
 2968
 2988
 2998
 2998
 2994
 2970
 2942
 2910
 2860
 2810
 2752
 2686
 2616
 2544
 2466
 2386
 2290
 2190
 2092
 1986
 1878
 1788
 1718
 1674
 1652
 1656
 1684
 1726
 1786
 1842
 1906
 1978
 2050
 2122
 2194
 2260
 2322
 2386
 2438
 2488
 2528
 2562
 2594
 2624
 2676
 2738
 2788
 2836
 2878
 2914
 2950
 2972
 2990
 3004
 3014
 3022
 3026
 3026
 3022
 3018
 3018
 3016
 3012
 3008
 2998
 2984
 2966
 2942
 2934
 2924
 2904
 2878
 2846
 2810
 2768
 2708
 2650
 2586
 2516
 2444
 2370
 2294
 2214
 2136
 2060
 1990
 1924
 1878
 1856
 1854
 1864
 1894
 1940
 2008
 2086
 2150
 2218
 2288
 2356
 2424
 2478
 2528
 2574
 2618
 2658
 2704
 2740
 2770
 2794
 2814
 2830
 2846
 2854
 2866
 2874
 2880
 2886
 2890
 2920
 2954
 2978
 2990
 2986
 2978
 2964
 2930
 2894
 2856
 2812
 2762
 2704
 2644
 2580
 2514
 2446
 2376
 2306
 2230
 2158
 2092
 2022
 1964
 1922
 1904
 1914
 1934
 1970
 2012
 2060
 2118
 2172
 2220
 2276
 2336
 2392
 2444
 2492
 2536
 2576
 2612
 2644
 2670
 2692
 2716
 2732
 2746
 2758
 2774
 2816
 2854
 2884
 2910
 2934
 2952
 2968
 2976
 2984
 2988
 2990
 2990
 2992
 2990
 2984
 2976
 2966
 2954
 2942
 2924
 2906
 2886
 2858
 2828
 2790
 2764
 2742
 2716
 2682
 2648
 2608
 2572
 2524
 2474
 2430
 2390
 2352
 2318
 2294
 2282
 2278
 2282
 2292
 2308
 2326
 2352
 2380
 2408
 2436
 2466
 2512
 2570
 2624
 2670
 2712
 2748
 2782
 2804
 2822
 2836
 2850
 2862
 2872
 2880
 2886
 2892
 2896
 2900
 2900
 2900
 2898
 2890
 2870
 2848
 2822
 2806
 2796
 2772
 2742
 2708
 2672
 2634
 2590
 2530
 2470
 2408
 2346
 2288
 2230
 2176
 2126
 2078
 2042
 2020
 2008
 2010
 2024
 2054
 2088
 2132
 2188
 2262
 2328
 2390
 2450
 2506
 2562
 2608
 2640
 2668
 2694
 2716
 2736
 2752
 2768
 2778
 2788
 2792
 2798
 2806
 2814
 2822
 2826
 2830
 2828
 2834
 2850
 2858
 2858
 2852
 2838
 2816
 2786
 2746
 2704
 2660
 2612
 2562
 2510
 2454
 2390
 2328
 2268
 2202
 2132
 2058
 1994
 1940
 1900
 1876
 1876
 1902
 1950
 2004
 2066
 2134
 2202
 2274
 2334
 2384
 2432
 2478
 2522
 2562
 2604
 2642
 2674
 2700
 2720
 2740
 2752
 2768
 2778
 2786
 2794
 2804
 2838
 2874
 2902
 2926
 2946
 2962
 2978
 2984
 2988
 2992
 2992
 2986
 2980
 2968
 2956
 2940
 2920
 2900
 2876
 2846
 2810
 2760
 2712
 2660
 2604
 2546
 2496
 2456
 2416
 2370
 2320
 2270
 2222
 2176
 2128
 2094
 2074
 2068
 2072
 2086
 2110
 2140
 2170
 2204
 2236
 2268
 2304
 2344
 2378
 2408
 2438
 2470
 2522
 2576
 2622
 2662
 2702
 2736
 2766
 2786
 2800
 2814
 2826
 2836
 2846
 2854
 2860
 2868
 2872
 2876
 2882
 2884
 2888
 2892
 2894
 2892
 2880
 2866
 2866
 2870
 2864
 2854
 2836
 2810
 2778
 2738
 2692
 2648
 2606
 2560
 2512
 2462
 2402
 2342
 2274
 2204
 2136
 2064
 1986
 1910
 1840
 1770
 1716
 1686
 1688
 1708
 1738
 1784
 1838
 1902
 1978
 2046
 2114
 2182
 2244
 2306
 2364
 2418
 2468
 2512
 2550
 2586
 2614
 2642
 2668
 2688
 2704
 2720
 2750
 2794
 2832
 2864
 2892
 2914
 2936
 2950
 2960
 2968
 2972
 2970
 2964
 2952
 2938
 2910
 2876
 2836
 2794
 2750
 2700
 2652
 2598
 2536
 2478
 2422
 2380
 2346
 2310
 2274
 2240
 2210
 2190
 2180
 2182
 2198
 2222
 2254
 2300
 2350
 2402
 2450
 2496
 2538
 2576
 2610
 2646
 2678
 2704
 2728
 2748
 2784
 2832
 2872
 2908
 2936
 2958
 2978
 2986
 2982
 2974
 2960
 2936
 2904
 2864
 2812
 2754
 2694
 2630
 2560
 2486
 2410
 2328
 2248
 2162
 2068
 1976
 1892
 1814
 1732
 1648
 1560
 1480
 1416
 1378
 1360
 1370
 1400
 1438
 1486
 1538
 1598
 1662
 1730
 1790
 1844
 1896
 1946
 1992
 2038
 2084
 2140
 2212
 2274
 2328
 2380
 2426
 2472
 2512
 2538
 2566
 2592
 2616
 2638
 2662
 2688
 2712
 2732
 2746
 2760
 2774
 2784
 2796
 2804
 2812
 2818
 2836
 2876
 2910
 2936
 2950
 2954
 2956
 2950
 2932
 2910
 2878
 2840
 2800
 2760
 2714
 2668
 2616
 2562
 2504
 2448
 2384
 2322
 2256
 2184
 2114
 2050
 2000
 1970
 1942
 1922
 1918
 1922
 1936
 1956
 1980
 2016
 2056
 2098
 2142
 2182
 2222
 2258
 2290
 2318
 2344
 2370
 2398
 2424
 2446
 2468
 2490
 2534
 2584
 2624
 2658
 2688
 2714
 2746
 2764
 2778
 2790
 2798
 2806
 2814
 2822
 2828
 2832
 2836
 2840
 2846
 2850
 2852
 2858
 2864
 2868
 2872
 2874
 2892
 2930
 2954
 2966
 2970
 2966
 2954
 2928
 2888
 2850
 2810
 2764
 2716
 2666
 2612
 2558
 2504
 2448
 2386
 2328
 2266
 2202
 2142
 2080
 2014
 1946
 1880
 1824
 1758
 1684
 1600
 1504
 1394
 1282
 1156
 1044
 934
 822
 706
 584
 462
 346
 238
 134
 42
 0
 0
 0
 0
 32
 116
 224
 344
 468
 596
 726
 852
 976
 1086
 1192
 1302
 1408
 1512
 1612
 1708
 1798
 1884
 1958
 2028
 2098
 2160
 2214
 2266
 2308
 2372
 2440
 2496
 2544
 2588
 2628
 2674
 2706
 2730
 2752
 2770
 2788
 2806
 2824
 2840
 2854
 2866
 2876
 2886
 2896
 2904
 2916
 2924
 2930
 2934
 2940
 2966
 2994
 3016
 3028
 3032
 3036
 3034
 3018
 3006
 2986
 2954
 2922
 2886
 2846
 2806
 2764
 2722
 2678
 2636
 2594
 2548
 2506
 2466
 2428
 2394
 2376
 2382
 2396
 2416
 2440
 2470
 2500
 2536
 2560
 2586
 2614
 2640
 2666
 2690
 2714
 2734
 2750
 2766
 2780
 2794
 2804
 2816
 2828
 2842
 2852
 2860
 2880
 2916
 2946
 2972
 2996
 3014
 3026
 3030
 3032
 3034
 3032
 3030
 3022
 3008
 2994
 2974
 2946
 2914
 2878
 2838
 2796
 2746
 2698
 2646
 2590
 2530
 2474
 2430
 2384
 2338
 2292
 2250
 2224
 2210
 2202
 2212
 2232
 2260
 2296
 2338
 2380
 2424
 2464
 2502
 2536
 2566
 2592
 2622
 2646
 2664
 2680
 2698
 2734
 2780
 2820
 2854
 2884
 2906
 2930
 2940
 2948
 2956
 2962
 2962
 2958
 2956
 2954
 2950
 2948
 2944
 2942
 2936
 2924
 2916
 2896
 2874
 2852
 2826
 2814
 2806
 2786
 2760
 2728
 2692
 2652
 2604
 2556
 2512
 2472
 2438
 2414
 2398
 2396
 2398
 2406
 2420
 2438
 2456
 2478
 2504
 2526
 2552
 2580
 2616
 2668
 2706
 2740
 2768
 2792
 2814
 2832
 2840
 2848
 2854
 2860
 2864
 2868
 2872
 2874
 2874
 2876
 2878
 2880
 2878
 2878
 2880
 2880
 2878
 2878
 2888
 2910
 2922
 2924
 2922
 2920
 2912
 2896
 2872
 2850
 2822
 2790
 2754
 2718
 2680
 2642
 2598
 2556
 2514
 2474
 2436
 2406
 2384
 2368
 2366
 2372
 2398
 2438
 2474
 2512
 2552
 2592
 2632
 2662
 2686
 2708
 2730
 2750
 2768
 2786
 2800
 2814
 2822
 2830
 2838
 2844
 2848
 2852
 2854
 2856
 2856
 2864
 2892
 2920
 2934
 2942
 2944
 2938
 2924
 2902
 2880
 2856
 2828
 2796
 2764
 2728
 2692
 2652
 2606
 2558
 2510
 2458
 2406
 2352
 2294
 2240
 2196
 2172
 2166
 2168
 2182
 2208
 2240
 2280
 2320
 2356
 2396
 2434
 2474
 2514
 2558
 2598
 2632
 2660
 2682
 2704
 2722
 2742
 2756
 2768
 2778
 2792
 2826
 2862
 2890
 2914
 2932
 2952
 2970
 2972
 2978
 2980
 2970
 2956
 2938
 2920
 2896
 2874
 2850
 2826
 2796
 2756
 2712
 2668
 2620
 2576
 2536
 2508
 2494
 2478
 2468
 2466
 2474
 2490
 2506
 2520
 2542
 2568
 2594
 2624
 2656
 2686
 2714
 2738
 2762
 2782
 2800
 2814
 2828
 2838
 2844
 2844
 2846
 2856
 2860
 2856
 2844
 2824
 2802
 2776
 2732
 2688
 2640
 2586
 2526
 2460
 2382
 2304
 2230
 2164
 2110
 2070
 2048
 2044
 2052
 2078
 2122
 2174
 2246
 2318
 2386
 2454
 2520
 2582
 2642
 2684
 2722
 2756
 2788
 2816
 2840
 2862
 2878
 2884
 2884
 2874
 2854
 2832
 2802
 2762
 2724
 2682
 2652
 2630
 2600
 2568
 2534
 2492
 2446
 2392
 2328
 2262
 2196
 2122
 2048
 1978
 1914
 1864
 1840
 1832
 1836
 1860
 1900
 1948
 2012
 2076
 2150
 2240
 2316
 2384
 2450
 2508
 2566
 2612
 2646
 2680
 2712
 2740
 2766
 2790
 2812
 2830
 2844
 2858
 2868
 2878
 2886
 2892
 2892
 2886
 2878
 2882
 2874
 2860
 2838
 2810
 2778
 2746
 2702
 2660
 2616
 2568
 2518
 2460
 2398
 2338
 2278
 2220
 2174
 2146
 2138
 2146
 2162
 2190
 2226
 2282
 2352
 2414
 2476
 2538
 2598
 2656
 2702
 2736
 2770
 2800
 2828
 2854
 2878
 2896
 2912
 2924
 2930
 2932
 2922
 2912
 2892
 2866
 2832
 2798
 2766
 2740
 2708
 2672
 2634
 2596
 2554
 2496
 2440
 2384
 2328
 2268
 2204
 2138
 2064
 1996
 1930
 1878
 1840
 1822
 1818
 1826
 1852
 1898
 1960
 2036
 2112
 2188
 2268
 2344
 2420
 2486
 2536
 2582
 2624
 2668
 2706
 2744
 2774
 2802
 2826
 2848
 2870
 2884
 2902
 2914
 2922
 2924
 2926
 2936
 2942
 2938
 2922
 2900
 2870
 2840
 2794
 2750
 2702
 2656
 2610
 2562
 2516
 2464
 2408
 2348
 2288
 2226
 2170
 2126
 2098
 2088
 2098
 2130
 2186
 2240
 2294
 2352
 2412
 2472
 2524
 2564
 2602
 2640
 2678
 2712
 2744
 2778
 2810
 2836
 2858
 2876
 2890
 2906
 2918
 2926
 2930
 2924
 2928
 2934
 2930
 2924
 2912
 2896
 2878
 2846
 2814
 2784
 2748
 2708
 2666
 2626
 2582
 2536
 2490
 2440
 2396
 2354
 2326
 2312
 2306
 2314
 2332
 2368
 2418
 2462
 2506
 2552
 2600
 2646
 2684
 2714
 2744
 2772
 2800
 2826
 2848
 2868
 2884
 2898
 2910
 2924
 2932
 2942
 2948
 2948
 2942
 2924
 2914
 2906
 2894
 2874
 2852
 2826
 2798
 2758
 2716
 2674
 2630
 2586
 2538
 2490
 2438
 2382
 2330
 2278
 2232
 2194
 2172
 2162
 2160
 2166
 2186
 2224
 2282
 2344
 2406
 2468
 2526
 2584
 2630
 2666
 2700
 2738
 2774
 2812
 2846
 2872
 2896
 2918
 2936
 2950
 2962
 2974
 2980
 2978
 2964
 2956
 2956
 2950
 2936
 2914
 2886
 2856
 2818
 2758
 2702
 2644
 2582
 2520
 2454
 2390
 2322
 2254
 2184
 2114
 2048
 1992
 1950
 1926
 1918
 1930
 1966
 2026
 2088
 2154
 2224
 2296
 2370
 2428
 2476
 2522
 2570
 2620
 2662
 2702
 2736
 2764
 2788
 2810
 2830
 2846
 2862
 2876
 2886
 2894
 2908
 2944
 2976
 2996
 3008
 3004
 2994
 2976
 2944
 2916
 2882
 2844
 2806
 2766
 2720
 2674
 2626
 2576
 2520
 2460
 2398
 2336
 2268
 2202
 2150
 2116
 2108
 2112
 2130
 2162
 2204
 2256
 2308
 2356
 2406
 2454
 2504
 2550
 2596
 2638
 2678
 2716
 2754
 2790
 2822
 2852
 2880
 2902
 2924
 2940
 2972
 3014
 3042
 3054
 3052
 3042
 3026
 2996
 2956
 2914
 2870
 2818
 2764
 2706
 2646
 2586
 2524
 2460
 2396
 2332
 2268
 2212
 2162
 2124
 2108
 2110
 2136
 2172
 2210
 2258
 2308
 2358
 2412
 2454
 2494
 2536
 2580
 2622
 2664
 2702
 2736
 2766
 2792
 2812
 2832
 2848
 2860
 2874
 2884
 2890
 2896
 2900
 2918
 2950
 2976
 3002
 3018
 3028
 3042
 3048
 3052
 3058
 3060
 3064
 3062
 3056
 3040
 3018
 2994
 2964
 2932
 2894
 2856
 2810
 2766
 2720
 2670
 2614
 2554
 2506
 2468
 2420
 2366
 2306
 2242
 2182
 2126
 2076
 2050
 2040
 2044
 2060
 2086
 2122
 2162
 2204
 2244
 2286
 2324
 2362
 2400
 2436
 2466
 2496
 2532
 2586
 2638
 2682
 2722
 2760
 2794
 2830
 2854
 2876
 2896
 2914
 2930
 2944
 2956
 2966
 2974
 2976
 2974
 2970
 2964
 2950
 2940
 2922
 2902
 2878
 2852
 2832
 2816
 2788
 2756
 2718
 2676
 2626
 2564
 2500
 2436
 2374
 2314
 2254
 2198
 2144
 2108
 2086
 2080
 2086
 2102
 2132
 2170
 2214
 2264
 2316
 2380
 2456
 2522
 2590
 2654
 2710
 2760
 2800
 2826
 2850
 2870
 2888
 2904
 2918
 2928
 2936
 2942
 2948
 2952
 2954
 2952
 2948
 2946
 2942
 2936
 2946
 2960
 2964
 2958
 2946
 2932
 2914
 2888
 2856
 2826
 2792
 2756
 2716
 2668
 2610
 2542
 2468
 2396
 2320
 2240
 2160
 2076
 1978
 1876
 1788
 1714
 1656
 1610
 1580
 1570
 1580
 1606
 1638
 1680
 1738
 1802
 1870
 1938
 2008
 2074
 2136
 2198
 2250
 2302
 2350
 2396
 2442
 2482
 2532
 2596
 2652
 2698
 2738
 2776
 2814
 2838
 2856
 2872
 2886
 2898
 2908
 2916
 2922
 2928
 2932
 2932
 2930
 2928
 2930
 2930
 2928
 2924
 2920
 2930
 2936
 2930
 2918
 2900
 2882
 2860
 2824
 2788
 2748
 2708
 2666
 2622
 2574
 2526
 2476
 2430
 2388
 2350
 2320
 2302
 2296
 2296
 2306
 2328
 2368
 2420
 2470
 2518
 2568
 2614
 2660
 2694
 2716
 2740
 2760
 2780
 2796
 2810
 2822
 2840
 2852
 2860
 2868
 2874
 2878
 2882
 2886
 2888
 2884
 2882
 2896
 2918
 2930
 2938
 2940
 2934
 2926
 2908
 2886
 2852
 2816
 2776
 2734
 2692
 2648
 2602
 2556
 2512
 2470
 2434
 2394
 2362
 2342
 2328
 2322
 2328
 2350
 2390
 2428
 2468
 2510
 2550
 2592
 2624
 2648
 2670
 2698
 2726
 2748
 2768
 2782
 2798
 2806
 2816
 2822
 2828
 2834
 2838
 2846
 2850
 2852
 2852
 2858
 2884
 2906
 2918
 2924
 2920
 2914
 2904
 2878
 2854
 2824
 2794
 2758
 2720
 2680
 2644
 2616
 2590
 2566
 2532
 2492
 2440
 2384
 2324
 2264
 2192
 2122
 2054
 1988
 1910
 1822
 1724
 1612
 1500
 1390
 1290
 1218
 1166
 1144
 1146
 1160
 1182
 1214
 1248
 1286
 1328
 1378
 1434
 1500
 1576
 1662
 1768
 1866
 1956
 2042
 2126
 2204
 2272
 2320
 2366
 2410
 2452
 2488
 2524
 2554
 2580
 2604
 2628
 2646
 2672
 2694
 2710
 2724
 2736
 2772
 2814
 2850
 2882
 2906
 2926
 2942
 2950
 2958
 2964
 2970
 2974
 2976
 2968
 2964
 2952
 2940
 2926
 2908
 2886
 2860
 2828
 2792
 2756
 2720
 2698
 2676
 2646
 2616
 2578
 2534
 2484
 2428
 2380
 2340
 2310
 2292
 2288
 2294
 2306
 2324
 2346
 2372
 2408
 2438
 2468
 2498
 2530
 2564
 2608
 2662
 2706
 2744
 2782
 2814
 2844
 2868
 2882
 2898
 2908
 2916
 2922
 2922
 2914
 2902
 2878
 2848
 2818
 2780
 2738
 2692
 2638
 2588
 2540
 2496
 2466
 2434
 2404
 2368
 2338
 2312
 2290
 2276
 2276
 2288
 2306
 2330
 2362
 2402
 2442
 2478
 2512
 2538
 2562
 2588
 2610
 2622
 2640
 2664
 2706
 2748
 2782
 2812
 2840
 2866
 2888
 2900
 2910
 2918
 2926
 2930
 2934
 2934
 2928
 2916
 2896
 2872
 2846
 2812
 2780
 2744
 2706
 2666
 2622
 2592
 2568
 2534
 2494
 2450
 2406
 2368
 2334
 2308
 2300
 2304
 2314
 2336
 2366
 2396
 2432
 2462
 2492
 2520
 2552
 2586
 2618
 2648
 2674
 2706
 2746
 2782
 2810
 2836
 2856
 2876
 2892
 2898
 2906
 2914
 2920
 2928
 2932
 2934
 2932
 2930
 2924
 2918
 2906
 2890
 2874
 2852
 2824
 2798
 2766
 2744
 2728
 2702
 2672
 2638
 2594
 2550
 2494
 2434
 2378
 2328
 2276
 2232
 2198
 2178
 2172
 2174
 2184
 2200
 2222
 2258
 2298
 2338
 2378
 2422
 2480
 2538
 2586
 2632
 2676
 2714
 2754
 2780
 2802
 2832
 2864
 2898
 2930
 2954
 2970
 2982
 2990
 2996
 3000
 2992
 2992
 2988
 2988
 2984
 2984
 2998
 3020
 3032
 3034
 3020
 3004
 2986
 2956
 2924
 2888
 2850
 2804
 2758
 2708
 2662
 2610
 2558
 2504
 2448
 2390
 2340
 2294
 2250
 2208
 2184
 2190
 2224
 2264
 2310
 2358
 2406
 2458
 2504
 2540
 2586
 2628
 2668
 2704
 2736
 2766
 2792
 2814
 2832
 2850
 2862
 2874
 2884
 2888
 2886
 2886
 2892
 2894
 2884
 2868
 2840
 2804
 2768
 2718
 2672
 2628
 2588
 2540
 2490
 2436
 2382
 2322
 2258
 2198
 2134
 2078
 2034
 2006
 1990
 1992
 2014
 2058
 2112
 2176
 2246
 2318
 2388
 2452
 2500
 2548
 2594
 2636
 2674
 2708
 2740
 2768
 2792
 2810
 2828
 2842
 2854
 2864
 2872
 2878
 2880
 2900
 2922
 2928
 2928
 2920
 2906
 2886
 2846
 2802
 2758
 2712
 2660
 2606
 2550
 2492
 2436
 2376
 2314
 2250
 2176
 2106
 2038
 1974
 1922
 1900
 1910
 1946
 1994
 2052
 2116
 2186
 2256
 2316
 2376
 2434
 2496
 2552
 2600
 2644
 2684
 2714
 2740
 2764
 2780
 2798
 2812
 2822
 2834
 2844
 2870
 2908
 2932
 2946
 2950
 2946
 2936
 2916
 2880
 2844
 2804
 2758
 2712
 2666
 2618
 2570
 2518
 2464
 2404
 2336
 2272
 2206
 2144
 2094
 2052
 2046
 2058
 2086
 2128
 2178
 2234
 2298
 2354
 2406
 2458
 2510
 2554
 2598
 2638
 2672
 2704
 2728
 2750
 2770
 2786
 2800
 2814
 2824
 2832
 2846
 2882
 2914
 2940
 2954
 2960
 2960
 2952
 2932
 2912
 2886
 2852
 2806
 2764
 2718
 2672
 2622
 2572
 2520
 2464
 2400
 2338
 2272
 2200
 2136
 2082
 2048
 2030
 2020
 2026
 2046
 2082
 2130
 2176
 2230
 2280
 2336
 2394
 2450
 2502
 2552
 2594
 2634
 2666
 2694
 2724
 2748
 2764
 2782
 2800
 2836
 2880
 2910
 2930
 2936
 2936
 2930
 2910
 2884
 2848
 2806
 2762
 2718
 2670
 2626
 2578
 2530
 2478
 2420
 2358
 2300
 2236
 2170
 2112
 2068
 2046
 2034
 2036
 2054
 2084
 2124
 2170
 2216
 2268
 2318
 2366
 2410
 2452
 2492
 2528
 2560
 2590
 2618
 2644
 2672
 2694
 2714
 2732
 2750
 2788
 2832
 2866
 2898
 2924
 2948
 2972
 2982
 2988
 2992
 2988
 2978
 2960
 2930
 2896
 2854
 2812
 2764
 2714
 2656
 2590
 2528
 2462
 2392
 2322
 2254
 2202
 2146
 2078
 2004
 1926
 1846
 1766
 1676
 1592
 1516
 1448
 1386
 1332
 1300
 1290
 1294
 1316
 1346
 1388
 1444
 1502
 1564
 1640
 1724
 1822
 1924
 2014
 2100
 2178
 2250
 2320
 2370
 2418
 2460
 2502
 2542
 2580
 2612
 2644
 2670
 2694
 2718
 2734
 2752
 2772
 2790
 2806
 2818
 2844
 2884
 2916
 2944
 2968
 2988
 3008
 3020
 3024
 3020
 3012
 3002
 2984
 2966
 2944
 2918
 2884
 2850
 2814
 2768
 2718
 2666
 2610
 2550
 2488
 2432
 2382
 2330
 2272
 2212
 2150
 2096
 2054
 2018
 2008
 2014
 2032
 2062
 2106
 2160
 2218
 2274
 2328
 2378
 2428
 2476
 2518
 2552
 2582
 2614
 2664
 2716
 2756
 2794
 2826
 2858
 2884
 2896
 2908
 2920
 2928
 2936
 2944
 2948
 2946
 2946
 2942
 2938
 2932
 2920
 2904
 2884
 2856
 2826
 2788
 2764
 2744
 2718
 2688
 2656
 2618
 2578
 2530
 2484
 2446
 2418
 2398
 2392
 2398
 2406
 2420
 2436
 2456
 2476
 2494
 2518
 2538
 2552
 2570
 2586
 2618
 2662
 2698
 2730
 2758
 2784
 2808
 2820
 2830
 2838
 2846
 2848
 2852
 2858
 2858
 2858
 2860
 2858
 2858
 2854
 2852
 2852
 2848
 2844
 2842
 2854
 2874
 2884
 2894
 2902
 2908
 2914
 2912
 2908
 2902
 2894
 2888
 2886
 2880
 2878
 2876
 2870
 2868
 2868
 2866
 2860
 2852
 2846
 2836
 2826
 2822
 2832
 2846
 2856
 2868
 2880
 2888
 2898
 2900
 2894
 2892
 2880
 2866
 2854
 2846
 2844
 2840
 2836
 2828
 2826
 2822
 2818
 2816
 2818
 2830
 2854
 2874
 2890
 2906
 2918
 2930
 2938
 2940
 2942
 2944
 2944
 2934
 2920
 2906
 2888
 2864
 2834
 2800
 2760
 2714
 2668
 2630
 2602
 2568
 2528
 2488
 2438
 2386
 2330
 2264
 2204
 2152
 2104
 2068
 2046
 2038
 2046
 2062
 2088
 2116
 2156
 2194
 2230
 2272
 2322
 2386
 2456
 2516
 2570
 2618
 2662
 2702
 2730
 2752
 2774
 2794
 2810
 2828
 2842
 2854
 2864
 2872
 2876
 2882
 2886
 2890
 2892
 2890
 2878
 2868
 2870
 2862
 2850
 2832
 2804
 2774
 2738
 2684
 2632
 2578
 2520
 2462
 2400
 2334
 2268
 2196
 2120
 2048
 1974
 1898
 1832
 1768
 1708
 1668
 1656
 1672
 1706
 1748
 1802
 1866
 1936
 2008
 2076
 2142
 2208
 2270
 2330
 2384
 2436
 2482
 2520
 2554
 2584
 2610
 2636
 2656
 2674
 2688
 2710
 2754
 2798
 2832
 2862
 2890
 2914
 2936
 2946
 2956
 2964
 2970
 2972
 2976
 2974
 2966
 2948
 2924
 2898
 2868
 2830
 2786
 2742
 2690
 2632
 2570
 2518
 2480
 2432
 2378
 2320
 2262
 2210
 2160
 2108
 2066
 2032
 2010
 2004
 2018
 2042
 2080
 2126
 2176
 2228
 2278
 2330
 2386
 2436
 2488
 2534
 2588
 2658
 2714
 2760
 2802
 2842
 2878
 2904
 2920
 2932
 2938
 2932
 2922
 2900
 2874
 2832
 2788
 2740
 2686
 2628
 2566
 2502
 2434
 2360
 2292
 2234
 2190
 2144
 2098
 2062
 2036
 2028
 2034
 2050
 2080
 2122
 2170
 2224
 2286
 2346
 2406
 2462
 2518
 2568
 2612
 2656
 2690
 2718
 2742
 2772
 2820
 2864
 2898
 2928
 2952
 2968
 2974
 2960
 2942
 2916
 2874
 2830
 2784
 2734
 2680
 2624
 2568
 2508
 2442
 2374
 2304
 2232
 2160
 2094
 2042
 2006
 1966
 1932
 1906
 1892
 1902
 1922
 1950
 1990
 2038
 2090
 2148
 2212
 2278
 2342
 2400
 2454
 2502
 2550
 2592
 2628
 2666
 2694
 2736
 2792
 2840
 2878
 2914
 2938
 2956
 2954
 2938
 2918
 2886
 2846
 2796
 2742
 2682
 2624
 2568
 2510
 2456
 2394
 2332
 2270
 2206
 2138
 2076
 2028
 1994
 1966
 1954
 1958
 1978
 2012
 2048
 2088
 2142
 2202
 2264
 2322
 2380
 2434
 2484
 2530
 2570
 2606
 2638
 2674
 2698
 2720
 2738
 2764
 2810
 2852
 2888
 2918
 2946
 2970
 2986
 2986
 2982
 2966
 2942
 2910
 2872
 2830
 2778
 2718
 2652
 2586
 2516
 2444
 2378
 2308
 2238
 2170
 2112
 2070
 2032
 1994
 1974
 1972
 1984
 2012
 2044
 2088
 2134
 2188
 2240
 2294
 2348
 2404
 2458
 2506
 2546
 2582
 2620
 2652
 2678
 2702
 2728
 2772
 2820
 2858
 2892
 2920
 2942
 2962
 2966
 2958
 2940
 2918
 2886
 2848
 2800
 2742
 2684
 2620
 2552
 2484
 2410
 2342
 2274
 2204
 2140
 2086
 2044
 2008
 1972
 1942
 1928
 1924
 1934
 1952
 1984
 2030
 2092
 2156
 2220
 2282
 2342
 2396
 2448
 2496
 2538
 2582
 2618
 2646
 2676
 2702
 2744
 2796
 2836
 2874
 2906
 2930
 2954
 2962
 2962
 2954
 2936
 2910
 2878
 2838
 2788
 2734
 2676
 2616
 2556
 2486
 2420
 2354
 2284
 2216
 2154
 2106
 2064
 2022
 1982
 1954
 1940
 1946
 1956
 1976
 2002
 2030
 2056
 2082
 2108
 2142
 2168
 2190
 2208
 2226
 2250
 2278
 2306
 2338
 2378
 2432
 2492
 2546
 2596
 2640
 2684
 2724
 2748
 2770
 2788
 2806
 2820
 2832
 2846
 2856
 2864
 2872
 2878
 2880
 2878
 2872
 2856
 2836
 2812
 2786
 2770
 2750
 2724
 2696
 2660
 2618
 2576
 2522
 2472
 2430
 2392
 2360
 2338
 2324
 2320
 2324
 2334
 2352
 2376
 2398
 2432
 2466
 2498
 2532
 2566
 2612
 2668
 2714
 2756
 2794
 2836
 2874
 2900
 2920
 2936
 2946
 2950
 2950
 2942
 2926
 2896
 2862
 2826
 2786
 2744
 2694
 2646
 2592
 2534
 2476
 2422
 2382
 2346
 2302
 2254
 2206
 2154
 2114
 2082
 2066
 2072
 2094
 2122
 2158
 2198
 2248
 2296
 2344
 2388
 2434
 2476
 2516
 2556
 2592
 2624
 2654
 2696
 2750
 2794
 2830
 2862
 2890
 2918
 2936
 2946
 2958
 2968
 2972
 2976
 2978
 2976
 2966
 2948
 2924
 2900
 2874
 2840
 2806
 2766
 2720
 2670
 2620
 2578
 2544
 2500
 2452
 2402
 2352
 2304
 2258
 2220
 2204
 2208
 2216
 2236
 2260
 2290
 2326
 2364
 2400
 2440
 2476
 2518
 2558
 2588
 2622
 2658
 2710
 2762
 2806
 2854
 2894
 2928
 2960
 2978
 2992
 3006
 3014
 3020
 3024
 3018
 3010
 2996
 2978
 2954
 2926
 2894
 2862
 2824
 2780
 2738
 2702
 2676
 2648
 2610
 2566
 2518
 2466
 2416
 2356
 2310
 2278
 2260
 2256
 2266
 2286
 2316
 2350
 2388
 2426
 2454
 2486
 2514
 2532
 2552
 2574
 2612
 2658
 2694
 2728
 2762
 2794
 2824
 2844
 2858
 2872
 2884
 2892
 2902
 2908
 2916
 2922
 2924
 2928
 2930
 2924
 2918
 2916
 2910
 2898
 2884
 2868
 2866
 2858
 2842
 2820
 2790
 2760
 2722
 2672
 2620
 2570
 2516
 2456
 2400
 2342
 2286
 2230
 2174
 2120
 2070
 2024
 1998
 1986
 1984
 1994
 2020
 2064
 2120
 2174
 2230
 2284
 2336
 2384
 2424
 2454
 2482
 2516
 2550
 2582
 2612
 2642
 2666
 2690
 2710
 2730
 2744
 2762
 2774
 2784
 2792
 2806
 2844
 2882
 2914
 2940
 2960
 2974
 2986
 2984
 2978
 2964
 2946
 2920
 2892
 2852
 2810
 2766
 2716
 2666
 2614
 2556
 2502
 2448
 2382
 2314
 2248
 2196
 2142
 2078
 2004
 1918
 1828
 1738
 1644
 1566
 1508
 1466
 1450
 1454
 1478
 1520
 1578
 1646
 1714
 1782
 1852
 1918
 1980
 2042
 2110
 2198
 2282
 2358
 2430
 2496
 2558
 2614
 2652
 2688
 2718
 2748
 2772
 2796
 2816
 2842
 2862
 2878
 2894
 2904
 2910
 2918
 2922
 2926
 2924
 2930
 2956
 2978
 2990
 2994
 2988
 2982
 2964
 2936
 2908
 2864
 2820
 2774
 2728
 2676
 2626
 2570
 2510
 2452
 2392
 2332
 2276
 2220
 2168
 2124
 2096
 2092
 2104
 2128
 2164
 2206
 2252
 2306
 2348
 2388
 2432
 2474
 2522
 2568
 2612
 2652
 2688
 2720
 2746
 2770
 2790
 2812
 2830
 2840
 2852
 2868
 2904
 2944
 2976
 3004
 3024
 3042
 3058
 3062
 3068
 3064
 3062
 3058
 3058
 3056
 3054
 3050
 3040
 3030
 3014
 2988
 2954
 2920
 2878
 2832
 2784
 2738
 2708
 2678
 2642
 2600
 2558
 2512
 2468
 2408
 2356
 2308
 2264
 2222
 2186
 2160
 2148
 2148
 2162
 2184
 2214
 2248
 2290
 2328
 2364
 2400
 2442
 2498
 2560
 2612
 2666
 2714
 2758
 2798
 2822
 2842
 2858
 2872
 2884
 2898
 2908
 2918
 2928
 2934
 2940
 2946
 2950
 2948
 2946
 2944
 2944
 2942
 2936
 2942
 2954
 2950
 2940
 2930
 2912
 2890
 2858
 2818
 2780
 2732
 2678
 2612
 2540
 2460
 2386
 2310
 2234
 2156
 2082
 2004
 1934
 1876
 1820
 1780
 1758
 1766
 1802
 1852
 1914
 1990
 2072
 2160
 2242
 2302
 2362
 2418
 2468
 2514
 2560
 2600
 2636
 2666
 2690
 2714
 2738
 2756
 2772
 2788
 2798
 2810
 2824
 2862
 2900
 2932
 2958
 2980
 3000
 3018
 3024
 3030
 3034
 3026
 3014
 3002
 2988
 2968
 2948
 2922
 2888
 2850
 2806
 2762
 2716
 2666
 2608
 2546
 2484
 2436
 2388
 2326
 2258
 2184
 2108
 2034
 1948
 1866
 1796
 1732
 1680
 1648
 1640
 1658
 1690
 1734
 1788
 1842
 1902
 1964
 2020
 2076
 2136
 2202
 2282
 2350
 2414
 2470
 2522
 2574
 2614
 2642
 2670
 2694
 2716
 2740
 2764
 2786
 2802
 2816
 2826
 2836
 2844
 2852
 2860
 2864
 2868
 2870
 2880
 2914
 2946
 2972
 2992
 3004
 3012
 3008
 2988
 2972
 2952
 2928
 2896
 2866
 2832
 2796
 2752
 2708
 2662
 2620
 2580
 2534
 2488
 2442
 2392
 2348
 2314
 2300
 2294
 2298
 2312
 2334
 2362
 2400
 2430
 2466
 2502
 2542
 2578
 2616
 2650
 2684
 2712
 2738
 2762
 2786
 2804
 2822
 2838
 2850
 2856
 2854
 2858
 2864
 2860
 2850
 2834
 2812
 2788
 2756
 2718
 2684
 2648
 2606
 2558
 2510
 2458
 2402
 2342
 2284
 2230
 2184
 2158
 2152
 2160
 2172
 2194
 2232
 2290
 2348
 2408
 2470
 2528
 2586
 2634
 2670
 2706
 2740
 2770
 2798
 2822
 2842
 2862
 2880
 2896
 2912
 2920
 2932
 2940
 2944
 2942
 2934
 2936
 2938
 2930
 2910
 2886
 2856
 2826
 2782
 2738
 2696
 2652
 2606
 2560
 2510
 2456
 2400
 2344
 2288
 2240
 2204
 2184
 2182
 2184
 2194
 2218
 2260
 2322
 2384
 2444
 2502
 2556
 2612
 2658
 2692
 2722
 2758
 2792
 2818
 2844
 2866
 2882
 2898
 2910
 2922
 2930
 2932
 2932
 2920
 2904
 2880
 2858
 2846
 2826
 2800
 2766
 2728
 2688
 2644
 2582
 2526
 2470
 2412
 2350
 2286
 2214
 2144
 2072
 2008
 1954
 1918
 1904
 1914
 1936
 1970
 2016
 2078
 2154
 2230
 2304
 2372
 2444
 2516
 2574
 2618
 2658
 2694
 2728
 2758
 2786
 2810
 2832
 2848
 2862
 2878
 2888
 2896
 2908
 2914
 2914
 2908
 2892
 2886
 2880
 2864
 2844
 2816
 2780
 2744
 2690
 2636
 2584
 2532
 2476
 2422
 2366
 2306
 2246
 2188
 2140
 2102
 2082
 2078
 2084
 2098
 2124
 2170
 2242
 2312
 2380
 2448
 2514
 2576
 2632
 2668
 2706
 2744
 2780
 2810
 2838
 2862
 2882
 2900
 2912
 2924
 2930
 2932
 2926
 2914
 2898
 2874
 2856
 2848
 2828
 2804
 2774
 2740
 2704
 2662
 2608
 2558
 2506
 2450
 2390
 2330
 2264
 2200
 2136
 2078
 2030
 1990
 1978
 1980
 1992
 2016
 2056
 2122
 2200
 2274
 2348
 2420
 2496
 2570
 2626
 2674
 2716
 2754
 2786
 2814
 2840
 2860
 2878
 2890
 2902
 2910
 2918
 2924
 2928
 2930
 2922
 2920
 2932
 2936
 2930
 2920
 2904
 2880
 2846
 2798
 2752
 2706
 2658
 2606
 2556
 2500
 2444
 2386
 2328
 2272
 2214
 2164
 2128
 2108
 2102
 2112
 2138
 2188
 2240
 2298
 2366
 2432
 2498
 2558
 2600
 2646
 2686
 2726
 2760
 2790
 2816
 2840
 2858
 2874
 2886
 2896
 2906
 2914
 2918
 2922
 2916
 2920
 2922
 2914
 2900
 2882
 2858
 2832
 2792
 2746
 2702
 2658
 2610
 2560
 2506
 2450
 2392
 2330
 2266
 2206
 2148
 2110
 2086
 2078
 2086
 2106
 2144
 2204
 2264
 2324
 2388
 2448
 2510
 2562
 2602
 2646
 2690
 2726
 2760
 2790
 2816
 2838
 2854
 2870
 2882
 2890
 2900
 2908
 2912
 2916
 2910
 2914
 2918
 2910
 2898
 2880
 2854
 2824
 2786
 2734
 2690
 2644
 2594
 2542
 2492
 2438
 2386
 2330
 2272
 2214
 2154
 2108
 2076
 2062
 2062
 2078
 2114
 2166
 2224
 2286
 2350
 2416
 2482
 2534
 2580
 2626
 2668
 2708
 2744
 2778
 2812
 2844
 2866
 2884
 2898
 2910
 2922
 2930
 2930
 2926
 2908
 2898
 2892
 2878
 2854
 2826
 2794
 2754
 2706
 2650
 2594
 2536
 2474
 2408
 2344
 2278
 2212
 2150
 2088
 2032
 1988
 1964
 1954
 1952
 1968
 2004
 2060
 2116
 2182
 2254
 2330
 2400
 2460
 2508
 2558
 2606
 2650
 2686
 2720
 2750
 2774
 2794
 2810
 2824
 2834
 2844
 2852
 2856
 2862
 2866
 2880
 2910
 2936
 2948
 2956
 2950
 2942
 2922
 2886
 2852
 2814
 2774
 2732
 2686
 2640
 2594
 2548
 2496
 2448
 2398
 2344
 2300
 2258
 2218
 2188
 2176
 2190
 2216
 2252
 2294
 2346
 2400
 2458
 2508
 2546
 2584
 2624
 2662
 2698
 2728
 2754
 2776
 2794
 2816
 2830
 2850
 2862
 2872
 2880
 2888
 2892
 2898
 2918
 2950
 2970
 2980
 2982
 2970
 2952
 2924
 2886
 2848
 2806
 2760
 2708
 2656
 2600
 2542
 2480
 2412
 2338
 2262
 2182
 2094
 2016
 1940
 1870
 1810
 1770
 1756
 1760
 1782
 1820
 1872
 1934
 2002
 2056
 2116
 2174
 2232
 2288
 2338
 2380
 2420
 2456
 2488
 2516
 2540
 2558
 2578
 2596
 2608
 2622
 2636
 2674
 2714
 2746
 2778
 2806
 2830
 2856
 2868
 2880
 2890
 2902
 2908
 2914
 2922
 2928
 2930
 2934
 2936
 2934
 2932
 2926
 2922
 2912
 2898
 2878
 2858
 2842
 2826
 2802
 2772
 2738
 2700
 2660
 2602
 2544
 2490
 2434
 2376
 2318
 2258
 2198
 2138
 2076
 2020
 1972
 1930
 1910
 1906
 1922
 1952
 1994
 2056
 2132
 2202
 2266
 2328
 2386
 2440
 2486
 2520
 2554
 2588
 2620
 2650
 2680
 2706
 2728
 2748
 2766
 2780
 2794
 2814
 2828
 2838
 2846
 2854
 2876
 2914
 2944
 2964
 2976
 2978
 2980
 2962
 2934
 2908
 2878
 2844
 2808
 2766
 2724
 2680
 2632
 2578
 2524
 2464
 2400
 2340
 2274
 2206
 2146
 2100
 2072
 2058
 2058
 2070
 2096
 2130
 2174
 2214
 2264
 2316
 2368
 2420
 2470
 2516
 2566
 2608
 2644
 2678
 2704
 2732
 2756
 2772
 2790
 2808
 2848
 2890
 2922
 2950
 2974
 2996
 3016
 3024
 3032
 3036
 3032
 3024
 3012
 2998
 2978
 2954
 2924
 2892
 2856
 2812
 2764
 2710
 2646
 2578
 2512
 2460
 2414
 2358
 2300
 2238
 2168
 2096
 2028
 1964
 1920
 1890
 1874
 1876
 1888
 1916
 1956
 2000
 2048
 2094
 2144
 2188
 2234
 2288
 2346
 2420
 2488
 2544
 2598
 2644
 2684
 2724
 2746
 2764
 2780
 2792
 2802
 2812
 2818
 2824
 2828
 2832
 2834
 2836
 2836
 2840
 2848
 2854
 2858
 2862
 2884
 2914
 2938
 2958
 2974
 2988
 2994
 2994
 2994
 2994
 2992
 2984
 2972
 2958
 2940
 2916
 2874
 2824
 2768
 2704
 2636
 2564
 2494
 2422
 2344
 2266
 2202
 2152
 2094
 2036
 1972
 1904
 1836
 1758
 1676
 1604
 1534
 1460
 1384
 1314
 1254
 1216
 1198
 1204
 1230
 1268
 1328
 1400
 1478
 1564
 1658
 1766
 1888
 1996
 2096
 2188
 2274
 2354
 2422
 2474
 2522
 2564
 2604
 2640
 2672
 2702
 2734
 2760
 2780
 2802
 2816
 2830
 2842
 2850
 2858
 2866
 2890
 2924
 2952
 2976
 2994
 3010
 3024
 3026
 3022
 3014
 3004
 2988
 2968
 2946
 2920
 2882
 2838
 2796
 2754
 2708
 2660
 2610
 2560
 2500
 2440
 2382
 2336
 2296
 2252
 2212
 2178
 2158
 2156
 2160
 2176
 2204
 2238
 2280
 2320
 2364
 2410
 2454
 2496
 2534
 2568
 2598
 2630
 2656
 2676
 2696
 2716
 2750
 2794
 2830
 2858
 2884
 2906
 2926
 2938
 2946
 2958
 2966
 2970
 2974
 2976
 2978
 2982
 2990
 2992
 2992
 2992
 2982
 2968
 2952
 2932
 2904
 2878
 2856
 2832
 2800
 2768
 2728
 2686
 2644
 2592
 2536
 2480
 2424
 2364
 2302
 2236
 2166
 2096
 2024
 1954
 1890
 1830
 1792
 1772
 1772
 1788
 1822
 1878
 1950
 2024
 2102
 2184
 2272
 2350
 2418
 2468
 2512
 2552
 2592
 2630
 2664
 2696
 2724
 2748
 2770
 2788
 2804
 2820
 2832
 2842
 2848
 2860
 2892
 2912
 2920
 2920
 2914
 2902
 2882
 2848
 2814
 2774
 2732
 2686
 2638
 2586
 2536
 2480
 2424
 2362
 2300
 2242
 2190
 2144
 2110
 2096
 2108
 2134
 2164
 2202
 2252
 2308
 2372
 2424
 2468
 2512
 2552
 2590
 2624
 2660
 2692
 2720
 2750
 2776
 2798
 2818
 2836
 2850
 2862
 2872
 2886
 2920
 2950
 2972
 2980
 2974
 2968
 2956
 2928
 2898
 2866
 2826
 2786
 2744
 2698
 2652
 2602
 2550
 2496
 2440
 2382
 2332
 2284
 2242
 2216
 2208
 2224
 2254
 2286
 2324
 2366
 2412
 2456
 2490
 2524
 2558
 2590
 2622
 2656
 2684
 2714
 2738
 2760
 2782
 2798
 2810
 2824
 2838
 2850
 2860
 2866
 2886
 2906
 2914
 2914
 2912
 2900
 2878
 2846
 2806
 2770
 2732
 2690
 2644
 2594
 2540
 2484
 2428
 2366
 2306
 2248
 2194
 2148
 2116
 2096
 2092
 2114
 2156
 2200
 2248
 2298
 2348
 2406
 2460
 2500
 2540
 2576
 2606
 2630
 2650
 2670
 2688
 2708
 2728
 2748
 2764
 2778
 2794
 2808
 2820
 2828
 2842
 2874
 2904
 2920
 2928
 2926
 2918
 2904
 2874
 2844
 2810
 2768
 2720
 2672
 2620
 2564
 2508
 2450
 2388
 2326
 2256
 2182
 2112
 2040
 1980
 1938
 1922
 1926
 1940
 1968
 2006
 2060
 2124
 2188
 2258
 2326
 2386
 2440
 2488
 2530
 2570
 2608
 2642
 2672
 2706
 2736
 2764
 2786
 2808
 2826
 2860
 2906
 2940
 2964
 2974
 2976
 2966
 2940
 2908
 2872
 2834
 2788
 2742
 2694
 2642
 2588
 2534
 2478
 2418
 2358
 2302
 2250
 2200
 2164
 2146
 2154
 2172
 2200
 2230
 2264
 2308
 2354
 2392
 2436
 2490
 2536
 2576
 2612
 2646
 2682
 2710
 2738
 2760
 2780
 2800
 2816
 2830
 2844
 2852
 2878
 2920
 2954
 2980
 2996
 3004
 3004
 2996
 2976
 2950
 2912
 2870
 2828
 2786
 2738
 2686
 2628
 2564
 2496
 2424
 2356
 2292
 2228
 2168
 2122
 2098
 2094
 2100
 2118
 2142
 2174
 2212
 2248
 2288
 2344
 2400
 2452
 2500
 2544
 2584
 2622
 2656
 2688
 2716
 2742
 2770
 2792
 2814
 2832
 2858
 2904
 2946
 2980
 3010
 3032
 3052
 3064
 3060
 3048
 3032
 3002
 2968
 2926
 2876
 2828
 2776
 2718
 2656
 2592
 2530
 2468
 2406
 2346
 2300
 2270
 2262
 2264
 2276
 2300
 2328
 2364
 2398
 2430
 2468
 2512
 2558
 2596
 2634
 2668
 2702
 2736
 2768
 2792
 2814
 2836
 2852
 2868
 2880
 2908
 2952
 2988
 3018
 3040
 3052
 3068
 3072
 3064
 3056
 3040
 3020
 2994
 2962
 2922
 2874
 2824
 2772
 2716
 2658
 2602
 2544
 2484
 2430
 2388
 2364
 2346
 2334
 2334
 2340
 2358
 2382
 2406
 2438
 2472
 2506
 2538
 2570
 2604
 2650
 2684
 2716
 2740
 2762
 2780
 2796
 2810
 2822
 2846
 2888
 2924
 2956
 2980
 3002
 3024
 3040
 3046
 3054
 3060
 3058
 3052
 3048
 3042
 3034
 3022
 3008
 2986
 2960
 2932
 2894
 2848
 2804
 2762
 2734
 2710
 2678
 2640
 2598
 2554
 2516
 2472
 2438
 2412
 2396
 2388
 2390
 2402
 2420
 2442
 2466
 2486
 2498
 2516
 2528
 2536
 2548
 2566
 2608
 2660
 2702
 2742
 2776
 2806
 2834
 2850
 2862
 2868
 2872
 2876
 2878
 2880
 2882
 2884
 2884
 2886
 2886
 2882
 2876
 2870
 2864
 2858
 2852
 2860
 2866
 2860
 2848
 2832
 2808
 2780
 2740
 2700
 2660
 2612
 2558
 2496
 2430
 2354
 2276
 2196
 2108
 2008
 1908
 1806
 1700
 1592
 1492
 1412
 1354
 1310
 1286
 1286
 1308
 1362
 1426
 1502
 1600
 1702
 1800
 1894
 1986
 2074
 2160
 2236
 2306
 2370
 2422
 2464
 2502
 2542
 2606
 2664
 2712
 2754
 2792
 2834
 2870
 2892
 2910
 2926
 2938
 2946
 2954
 2958
 2964
 2964
 2960
 2958
 2958
 2954
 2952
 2948
 2944
 2956
 2970
 2970
 2962
 2948
 2934
 2916
 2886
 2852
 2816
 2768
 2716
 2664
 2606
 2546
 2478
 2406
 2322
 2228
 2132
 2040
 1954
 1882
 1836
 1820
 1836
 1874
 1932
 2008
 2094
 2194
 2278
 2362
 2444
 2516
 2580
 2636
 2682
 2722
 2756
 2784
 2804
 2820
 2836
 2846
 2854
 2858
 2866
 2894
 2928
 2954
 2978
 2996
 3012
 3026
 3020
 3018
 3014
 3002
 2986
 2966
 2942
 2912
 2878
 2838
 2790
 2738
 2682
 2632
 2572
 2506
 2438
 2378
 2326
 2276
 2210
 2138
 2060
 1976
 1896
 1820
 1766
 1730
 1712
 1710
 1724
 1760
 1816
 1882
 1958
 2040
 2116
 2192
 2256
 2318
 2376
 2442
 2522
 2590
 2648
 2698
 2744
 2786
 2818
 2838
 2856
 2870
 2880
 2892
 2902
 2912
 2916
 2922
 2928
 2930
 2932
 2934
 2930
 2922
 2916
 2922
 2936
 2942
 2942
 2934
 2914
 2890
 2854
 2810
 2766
 2714
 2656
 2596
 2530
 2464
 2394
 2324
 2252
 2174
 2092
 2012
 1934
 1848
 1776
 1726
 1700
 1688
 1698
 1722
 1764
 1820
 1884
 1950
 2022
 2098
 2172
 2244
 2314
 2380
 2444
 2500
 2546
 2586
 2622
 2652
 2676
 2694
 2712
 2754
 2798
 2834
 2866
 2890
 2914
 2934
 2942
 2952
 2960
 2962
 2964
 2958
 2954
 2948
 2938
 2924
 2906
 2884
 2858
 2826
 2786
 2742
 2696
 2658
 2628
 2592
 2550
 2502
 2446
 2388
 2318
 2236
 2166
 2104
 2054
 2018
 2004
 2008
 2028
 2060
 2104
 2156
 2212
 2272
 2322
 2372
 2420
 2476
 2546
 2602
 2652
 2696
 2734
 2774
 2806
 2828
 2848
 2860
 2872
 2882
 2888
 2894
 2902
 2906
 2908
 2908
 2902
 2898
 2894
 2888
 2886
 2886
 2902
 2924
 2934
 2938
 2930
 2916
 2896
 2860
 2818
 2766
 2710
 2650
 2586
 2524
 2458
 2388
 2318
 2246
 2168
 2088
 2010
 1922
 1834
 1758
 1700
 1660
 1632
 1614
 1612
 1628
 1658
 1704
 1762
 1840
 1918
 1994
 2066
 2134
 2204
 2278
 2344
 2398
 2450
 2492
 2528
 2562
 2592
 2634
 2692
 2742
 2782
 2818
 2850
 2880
 2900
 2912
 2926
 2934
 2940
 2942
 2942
 2938
 2928
 2914
 2900
 2876
 2854
 2828
 2792
 2754
 2714
 2690
 2662
 2628
 2590
 2550
 2508
 2464
 2416
 2386
 2370
 2368
 2376
 2394
 2416
 2444
 2474
 2510
 2542
 2570
 2600
 2628
 2654
 2676
 2702
 2736
 2786
 2830
 2862
 2884
 2894
 2894
 2880
 2854
 2830
 2796
 2756
 2712
 2666
 2614
 2566
 2514
 2458
 2400
 2340
 2276
 2216
 2154
 2096
 2050
 2022
 2024
 2036
 2056
 2086
 2120
 2162
 2208
 2246
 2300
 2364
 2422
 2472
 2520
 2560
 2596
 2632
 2666
 2696
 2720
 2742
 2762
 2778
 2792
 2804
 2832
 2876
 2908
 2934
 2946
 2950
 2948
 2932
 2906
 2878
 2848
 2804
 2758
 2708
 2658
 2602
 2542
 2480
 2416
 2348
 2282
 2220
 2156
 2096
 2048
 2014
 2000
 1996
 2004
 2022
 2048
 2084
 2124
 2156
 2200
 2246
 2302
 2362
 2412
 2462
 2510
 2554
 2588
 2620
 2646
 2674
 2696
 2716
 2736
 2754
 2794
 2840
 2876
 2906
 2926
 2938
 2940
 2926
 2908
 2882
 2850
 2810
 2768
 2722
 2674
 2622
 2564
 2504
 2434
 2364
 2298
 2230
 2164
 2110
 2070
 2048
 2036
 2034
 2044
 2064
 2094
 2130
 2166
 2218
 2280
 2338
 2392
 2444
 2492
 2538
 2578
 2614
 2642
 2672
 2696
 2716
 2736
 2754
 2790
 2844
 2888
 2926
 2956
 2982
 3008
 3020
 3030
 3030
 3020
 2996
 2966
 2936
 2898
 2856
 2808
 2762
 2708
 2652
 2596
 2538
 2474
 2410
 2358
 2322
 2282
 2240
 2198
 2164
 2140
 2128
 2120
 2130
 2148
 2174
 2202
 2238
 2278
 2320
 2366
 2412
 2456
 2500
 2540
 2570
 2608
 2642
 2682
 2740
 2786
 2826
 2862
 2894
 2924
 2946
 2958
 2972
 2972
 2964
 2944
 2920
 2888
 2852
 2806
 2754
 2702
 2644
 2580
 2522
 2458
 2388
 2324
 2270
 2230
 2188
 2138
 2088
 2044
 2008
 1986
 1974
 1982
 2002
 2028
 2060
 2110
 2170
 2240
 2304
 2362
 2412
 2458
 2500
 2540
 2576
 2608
 2656
 2716
 2768
 2814
 2864
 2906
 2946
 2974
 2992
 3008
 3012
 3008
 2992
 2972
 2934
 2892
 2848
 2798
 2744
 2680
 2618
 2552
 2482
 2416
 2358
 2316
 2266
 2210
 2152
 2098
 2056
 2032
 2018
 2026
 2046
 2074
 2108
 2154
 2218
 2284
 2346
 2404
 2452
 2498
 2538
 2572
 2606
 2638
 2688
 2752
 2802
 2848
 2890
 2926
 2964
 2984
 3002
 3018
 3028
 3028
 3024
 3010
 2988
 2960
 2922
 2876
 2822
 2768
 2710
 2646
 2586
 2524
 2476
 2436
 2388
 2336
 2274
 2206
 2142
 2070
 2006
 1956
 1920
 1900
 1896
 1906
 1926
 1960
 1998
 2040
 2082
 2124
 2164
 2208
 2270
 2334
 2412
 2486
 2550
 2606
 2660
 2710
 2756
 2788
 2826
 2858
 2884
 2908
 2930
 2948
 2966
 2980
 2990
 2998
 2992
 2986
 2970
 2948
 2922
 2886
 2854
 2830
 2796
 2756
 2708
 2656
 2600
 2540
 2474
 2416
 2358
 2298
 2238
 2182
 2126
 2074
 2032
 2006
 1994
 1996
 2018
 2050
 2088
 2138
 2198
 2280
 2358
 2432
 2502
 2568
 2628
 2682
 2718
 2748
 2774
 2796
 2812
 2828
 2838
 2854
 2866
 2874
 2880
 2882
 2886
 2886
 2888
 2886
 2890
 2908
 2928
 2946
 2960
 2974
 2988
 3002
 3008
 3014
 3018
 3008
 2996
 2984
 2970
 2948
 2924
 2896
 2860
 2818
 2770
 2724
 2670
 2614
 2560
 2508
 2466
 2420
 2370
 2318
 2264
 2208
 2148
 2078
 2020
 1976
 1946
 1932
 1934
 1952
 1986
 2038
 2098
 2162
 2222
 2282
 2338
 2388
 2438
 2486
 2550
 2618
 2674
 2724
 2770
 2812
 2848
 2872
 2890
 2906
 2920
 2930
 2938
 2944
 2950
 2954
 2956
 2958
 2952
 2944
 2940
 2932
 2922
 2908
 2898
 2898
 2886
 2868
 2850
 2826
 2796
 2762
 2710
 2658
 2602
 2542
 2470
 2394
 2310
 2226
 2146
 2070
 2002
 1950
 1916
 1904
 1910
 1930
 1974
 2040
 2130
 2216
 2296
 2374
 2446
 2512
 2574
 2616
 2654
 2686
 2714
 2738
 2756
 2772
 2788
 2800
 2810
 2818
 2824
 2830
 2834
 2844
 2848
 2860
 2892
 2920
 2942
 2958
 2968
 2970
 2968
 2944
 2920
 2892
 2858
 2822
 2782
 2740
 2696
 2648
 2592
 2530
 2462
 2396
 2336
 2280
 2226
 2190
 2176
 2186
 2208
 2236
 2276
 2324
 2378
 2430
 2474
 2520
 2560
 2600
 2636
 2668
 2696
 2722
 2742
 2762
 2786
 2802
 2816
 2828
 2832
 2836
 2850
 2884
 2914
 2938
 2960
 2976
 2992
 3000
 3000
 2996
 2986
 2960
 2928
 2894
 2852
 2810
 2758
 2700
 2638
 2570
 2498
 2426
 2344
 2258
 2178
 2108
 2052
 1988
 1920
 1846
 1768
 1690
 1608
 1522
 1446
 1370
 1286
 1198
 1112
 1034
 958
 896
 846
 816
 802
 802
 818
 856
 926
 1034
 1150
 1274
 1394
 1510
 1624
 1728
 1810
 1890
 1964
 2028
 2082
 2122
 2154
 2180
 2204
 2222
 2238
 2250
 2260
 2268
 2276
 2304
 2348
 2384
 2418
 2446
 2472
 2498
 2516
 2528
 2540
 2548
 2554
 2560
 2566
 2572
 2578
 2582
 2586
 2590
 2592
 2596
 2598
 2600
 2608
 2616
 2644
 2680
 2706
 2732
 2750
 2768
 2786
 2792
 2800
 2806
 2808
 2806
 2800
 2790
 2780
 2766
 2746
 2718
 2694
 2670
 2646
 2620
 2586
 2544
 2498
 2448
 2414
 2388
 2358
 2324
 2284
 2236
 2184
 2126
 2070
 2028
 2000
 1986
 1990
 2008
 2040
 2084
 2138
 2202
 2262
 2314
 2368
 2416
 2452
 2490
 2528
 2578
 2634
 2674
 2710
 2742
 2776
 2806
 2824
 2838
 2850
 2860
 2866
 2872
 2878
 2882
 2886
 2886
 2888
 2890
 2892
 2892
 2892
 2882
 2872
 2862
 2864
 2878
 2884
 2884
 2882
 2876
 2866
 2850
 2826
 2800
 2770
 2734
 2696
 2658
 2618
 2582
 2548
 2520
 2500
 2486
 2478
 2478
 2484
 2492
 2506
 2532
 2574
 2620
 2660
 2700
 2736
 2770
 2802
 2820
 2834
 2848
 2858
 2866
 2876
 2880
 2884
 2886
 2888
 2890
 2890
 2890
 2888
 2882
 2874
 2866
 2866
 2882
 2892
 2896
 2890
 2878
 2868
 2852
 2830
 2808
 2782
 2756
 2724
 2690
 2656
 2618
 2580
 2542
 2508
 2478
 2452
 2440
 2434
 2432
 2442
 2458
 2494
 2540
 2580
 2620
 2658
 2694
 2730
 2754
 2772
 2786
 2802
 2818
 2834
 2844
 2854
 2862
 2868
 2870
 2876
 2880
 2880
 2882
 2884
 2876
 2868
 2864
 2878
 2896
 2904
 2906
 2902
 2894
 2882
 2850
 2818
 2786
 2754
 2720
 2690
 2660
 2630
 2600
 2568
 2538
 2510
 2486
 2460
 2442
 2432
 2426
 2428
 2440
 2470
 2510
 2544
 2580
 2614
 2648
 2686
 2718
 2740
 2762
 2780
 2796
 2810
 2824
 2836
 2844
 2850
 2856
 2858
 2856
 2846
 2834
 2816
 2794
 2772
 2746
 2730
 2718
 2696
 2672
 2642
 2606
 2572
 2528
 2488
 2454
 2424
 2396
 2380
 2380
 2384
 2396
 2418
 2442
 2470
 2500
 2528
 2560
 2590
 2616
 2644
 2670
 2710
 2762
 2802
 2836
 2868
 2894
 2918
 2926
 2924
 2918
 2906
 2884
 2856
 2824
 2786
 2742
 2694
 2638
 2580
 2518
 2450
 2380
 2312
 2240
 2168
 2102
 2052
 2016
 1988
 1970
 1962
 1972
 1994
 2026
 2058
 2100
 2150
 2204
 2260
 2322
 2386
 2442
 2496
 2544
 2588
 2624
 2656
 2688
 2712
 2740
 2764
 2796
 2846
 2888
 2922
 2946
 2960
 2964
 2958
 2934
 2902
 2866
 2822
 2772
 2722
 2664
 2604
 2538
 2472
 2402
 2332
 2258
 2190
 2122
 2050
 1986
 1936
 1908
 1898
 1900
 1920
 1952
 2000
 2060
 2122
 2182
 2252
 2322
 2388
 2450
 2504
 2552
 2596
 2634
 2672
 2708
 2736
 2762
 2786
 2804
 2820
 2834
 2868
 2910
 2944
 2964
 2974
 2974
 2964
 2936
 2902
 2860
 2808
 2754
 2698
 2640
 2580
 2522
 2458
 2394
 2326
 2250
 2174
 2096
 2014
 1930
 1852
 1790
 1746
 1714
 1698
 1698
 1716
 1754
 1808
 1868
 1944
 2022
 2106
 2190
 2270
 2344
 2414
 2476
 2528
 2574
 2616
 2654
 2686
 2714
 2738
 2770
 2820
 2864
 2902
 2932
 2956
 2978
 2996
 3002
 3010
 3012
 3008
 3004
 3002
 2994
 2986
 2972
 2954
 2934
 2904
 2870
 2824
 2774
 2728
 2682
 2654
 2626
 2592
 2552
 2508
 2460
 2412
 2356
 2302
 2260
 2214
 2178
 2156
 2154
 2168
 2192
 2222
 2260
 2298
 2338
 2382
 2428
 2472
 2514
 2568
 2634
 2690
 2742
 2788
 2828
 2868
 2892
 2912
 2930
 2942
 2950
 2954
 2946
 2934
 2914
 2886
 2846
 2804
 2760
 2712
 2658
 2606
 2548
 2486
 2424
 2376
 2338
 2294
 2248
 2194
 2138
 2086
 2044
 2012
 2000
 2004
 2024
 2056
 2104
 2160
 2222
 2290
 2354
 2412
 2460
 2508
 2552
 2584
 2620
 2652
 2702
 2758
 2806
 2848
 2884
 2916
 2944
 2958
 2964
 2962
 2954
 2934
 2912
 2880
 2840
 2798
 2750
 2704
 2652
 2596
 2538
 2478
 2412
 2342
 2276
 2222
 2184
 2136
 2092
 2056
 2032
 2020
 2020
 2028
 2048
 2086
 2140
 2198
 2268
 2332
 2388
 2440
 2486
 2524
 2556
 2590
 2618
 2646
 2670
 2704
 2756
 2798
 2836
 2870
 2900
 2930
 2952
 2964
 2978
 2986
 2988
 2982
 2976
 2958
 2934
 2902
 2860
 2814
 2764
 2710
 2654
 2594
 2532
 2472
 2422
 2386
 2348
 2304
 2256
 2204
 2156
 2118
 2084
 2074
 2076
 2086
 2108
 2142
 2184
 2238
 2298
 2358
 2416
 2462
 2512
 2554
 2590
 2622
 2654
 2704
 2758
 2800
 2836
 2870
 2900
 2926
 2946
 2960
 2970
 2982
 2988
 2990
 2992
 2986
 2972
 2954
 2932
 2906
 2880
 2846
 2810
 2768
 2722
 2676
 2630
 2596
 2570
 2540
 2502
 2458
 2410
 2364
 2314
 2266
 2236
 2220
 2214
 2216
 2228
 2250
 2280
 2312
 2348
 2384
 2426
 2466
 2504
 2538
 2568
 2596
 2634
 2686
 2734
 2778
 2814
 2848
 2884
 2916
 2934
 2950
 2962
 2972
 2974
 2972
 2964
 2952
 2926
 2896
 2866
 2828
 2788
 2744
 2696
 2644
 2586
 2524
 2468
 2424
 2388
 2344
 2298
 2246
 2190
 2142
 2096
 2066
 2058
 2066
 2086
 2120
 2162
 2212
 2264
 2316
 2368
 2416
 2458
 2498
 2534
 2562
 2592
 2630
 2682
 2736
 2780
 2818
 2852
 2880
 2908
 2924
 2936
 2946
 2952
 2952
 2952
 2950
 2948
 2946
 2944
 2944
 2942
 2940
 2938
 2932
 2926
 2916
 2906
 2908
 2916
 2922
 2922
 2916
 2906
 2886
 2854
 2818
 2784
 2750
 2710
 2664
 2620
 2570
 2518
 2460
 2398
 2334
 2262
 2188
 2114
 2042
 1970
 1916
 1880
 1866
 1862
 1868
 1886
 1914
 1952
 1992
 2028
 2082
 2134
 2186
 2234
 2282
 2330
 2374
 2416
 2452
 2480
 2510
 2536
 2558
 2578
 2598
 2632
 2680
 2720
 2758
 2790
 2818
 2848
 2868
 2878
 2890
 2896
 2904
 2908
 2912
 2914
 2916
 2918
 2914
 2906
 2900
 2890
 2880
 2864
 2846
 2824
 2798
 2786
 2776
 2762
 2742
 2716
 2682
 2644
 2592
 2530
 2470
 2408
 2336
 2262
 2178
 2096
 2020
 1958
 1912
 1884
 1874
 1878
 1898
 1928
 1966
 2016
 2080
 2162
 2240
 2314
 2380
 2444
 2506
 2560
 2598
 2640
 2676
 2708
 2732
 2754
 2772
 2788
 2800
 2808
 2816
 2822
 2824
 2830
 2832
 2832
 2836
 2834
 2850
 2880
 2900
 2920
 2936
 2946
 2952
 2952
 2944
 2936
 2922
 2900
 2876
 2842
 2806
 2768
 2726
 2682
 2638
 2592
 2542
 2490
 2440
 2390
 2342
 2300
 2266
 2250
 2240
 2232
 2232
 2242
 2256
 2280
 2298
 2322
 2356
 2390
 2430
 2470
 2508
 2542
 2574
 2602
 2626
 2648
 2666
 2686
 2700
 2714
 2726
 2740
 2770
 2810
 2842
 2870
 2892
 2910
 2926
 2930
 2928
 2924
 2912
 2894
 2870
 2846
 2814
 2780
 2740
 2698
 2648
 2596
 2534
 2474
 2408
 2334
 2262
 2200
 2156
 2118
 2084
 2062
 2050
 2048
 2060
 2072
 2096
 2130
 2168
 2210
 2252
 2298
 2340
 2380
 2418
 2450
 2478
 2504
 2528
 2544
 2568
 2592
 2628
 2672
 2710
 2744
 2772
 2798
 2822
 2838
 2846
 2856
 2864
 2868
 2872
 2876
 2880
 2882
 2884
 2884
 2884
 2884
 2878
 2862
 2848
 2830
 2808
 2784
 2762
 2752
 2738
 2714
 2688
 2658
 2626
 2594
 2544
 2498
 2454
 2406
 2356
 2304
 2246
 2184
 2116
 2044
 1968
 1882
 1784
 1672
 1560
 1448
 1338
 1222
 1114
 1010
 912
 814
 716
 628
 562
 524
 510
 526
 568
 628
 696
 772
 864
 958
 1046
 1132
 1216
 1296
 1364
 1430
 1498
 1570
 1660
 1754
 1840
 1922
 2002
 2080
 2158
 2216
 2266
 2316
 2362
 2408
 2452
 2496
 2534
 2568
 2598
 2626
 2648
 2672
 2692
 2706
 2720
 2736
 2778
 2818
 2854
 2884
 2910
 2932
 2950
 2958
 2964
 2964
 2956
 2942
 2926
 2906
 2886
 2862
 2836
 2806
 2770
 2728
 2688
 2646
 2596
 2550
 2502
 2466
 2432
 2398
 2368
 2348
 2338
 2338
 2342
 2362
 2388
 2418
 2448
 2480
 2510
 2538
 2568
 2596
 2622
 2654
 2684
 2710
 2734
 2756
 2772
 2786
 2804
 2844
 2882
 2910
 2932
 2946
 2950
 2952
 2938
 2922
 2902
 2868
 2830
 2794
 2752
 2712
 2670
 2626
 2580
 2536
 2488
 2442
 2400
 2364
 2334
 2316
 2310
 2326
 2354
 2388
 2428
 2474
 2516
 2560
 2596
 2622
 2648
 2672
 2700
 2728
 2754
 2774
 2796
 2812
 2824
 2838
 2850
 2860
 2870
 2878
 2880
 2880
 2872
 2872
 2872
 2864
 2848
 2828
 2802
 2770
 2728
 2680
 2636
 2590
 2542
 2488
 2436
 2384
 2334
 2286
 2244
 2214
 2196
 2188
 2190
 2202
 2216
 2242
 2280
 2334
 2390
 2442
 2492
 2532
 2574
 2612
 2644
 2682
 2714
 2740
 2766
 2798
 2824
 2848
 2868
 2884
 2896
 2908
 2918
 2928
 2934
 2928
 2920
 2906
 2900
 2900
 2892
 2876
 2856
 2830
 2800
 2762
 2714
 2672
 2628
 2582
 2534
 2484
 2432
 2380
 2322
 2264
 2206
 2150
 2114
 2088
 2072
 2074
 2092
 2134
 2186
 2238
 2298
 2362
 2434
 2496
 2542
 2586
 2624
 2656
 2684
 2710
 2734
 2758
 2778
 2796
 2818
 2836
 2852
 2864
 2876
 2886
 2892
 2910
 2948
 2972
 2980
 2980
 2974
 2968
 2954
 2922
 2894
 2860
 2820
 2778
 2736
 2690
 2640
 2590
 2538
 2488
 2440
 2394
 2358
 2330
 2308
 2302
 2310
 2340
 2382
 2426
 2472
 2518
 2564
 2608
 2632
 2662
 2688
 2714
 2738
 2760
 2784
 2802
 2820
 2834
 2850
 2862
 2872
 2882
 2892
 2898
 2894
 2886
 2884
 2888
 2884
 2872
 2846
 2812
 2778
 2736
 2682
 2632
 2578
 2522
 2460
 2404
 2348
 2296
 2246
 2202
 2168
 2146
 2134
 2136
 2146
 2160
 2184
 2220
 2274
 2336
 2392
 2450
 2500
 2552
 2598
 2634
 2670
 2706
 2736
 2760
 2782
 2804
 2824
 2838
 2854
 2866
 2878
 2890
 2898
 2908
 2914
 2914
 2904
 2890
 2880
 2874
 2858
 2836
 2812
 2780
 2746
 2706
 2656
 2610
 2560
 2506
 2452
 2392
 2336
 2284
 2240
 2202
 2180
 2170
 2172
 2184
 2202
 2224
 2256
 2300
 2364
 2434
 2496
 2556
 2610
 2658
 2706
 2742
 2766
 2788
 2808
 2822
 2840
 2852
 2864
 2876
 2884
 2892
 2898
 2904
 2908
 2916
 2920
 2922
 2916
 2920
 2940
 2958
 2966
 2966
 2960
 2944
 2924
 2888
 2856
 2818
 2776
 2734
 2690
 2646
 2600
 2548
 2494
 2440
 2382
 2320
 2256
 2194
 2134
 2080
 2048
 2040
 2058
 2082
 2120
 2166
 2218
 2272
 2330
 2376
 2428
 2478
 2528
 2572
 2622
 2666
 2704
 2734
 2762
 2784
 2802
 2818
 2834
 2844
 2854
 2858
 2872
 2900
 2914
 2918
 2914
 2902
 2884
 2858
 2808
 2762
 2714
 2660
 2602
 2546
 2490
 2432
 2372
 2312
 2258
 2198
 2148
 2112
 2086
 2074
 2082
 2112
 2162
 2212
 2268
 2330
 2390
 2448
 2500
 2548
 2592
 2638
 2676
 2710
 2744
 2772
 2798
 2822
 2840
 2856
 2868
 2882
 2888
 2894
 2896
 2896
 2904
 2914
 2910
 2890
 2864
 2832
 2796
 2742
 2678
 2616
 2550
 2484
 2418
 2352
 2284
 2214
 2142
 2060
 1972
 1880
 1798
 1722
 1656
 1610
 1594
 1614
 1654
 1710
 1788
 1872
 1964
 2050
 2120
 2192
 2258
 2326
 2386
 2442
 2492
 2540
 2582
 2618
 2650
 2678
 2702
 2724
 2742
 2756
 2766
 2790
 2834
 2878
 2914
 2938
 2954
 2966
 2964
 2948
 2934
 2910
 2872
 2828
 2782
 2732
 2682
 2624
 2566
 2506
 2446
 2386
 2322
 2258
 2190
 2122
 2068
 2036
 2026
 2032
 2052
 2084
 2120
 2166
 2214
 2256
 2302
 2354
 2404
 2450
 2494
 2534
 2572
 2604
 2630
 2656
 2676
 2692
 2712
 2726
 2738
 2748
 2758
 2792
 2832
 2862
 2890
 2914
 2932
 2952
 2960
 2968
 2974
 2978
 2978
 2978
 2976
 2964
 2948
 2932
 2912
 2888
 2860
 2826
 2792
 2752
 2706
 2656
 2608
 2568
 2518
 2460
 2394
 2322
 2246
 2172
 2092
 2030
 1980
 1942
 1926
 1930
 1952
 1990
 2046
 2112
 2176
 2242
 2308
 2366
 2418
 2466
 2518
 2588
 2654
 2706
 2754
 2792
 2828
 2860
 2874
 2892
 2902
 2910
 2916
 2922
 2926
 2928
 2930
 2930
 2924
 2920
 2914
 2914
 2910
 2906
 2904
 2906
 2930
 2952
 2960
 2966
 2968
 2966
 2960
 2944
 2924
 2896
 2862
 2824
 2788
 2746
 2702
 2660
 2608
 2554
 2502
 2450
 2400
 2358
 2320
 2288
 2270
 2272
 2296
 2328
 2364
 2406
 2450
 2500
 2554
 2590
 2624
 2658
 2684
 2710
 2732
 2752
 2768
 2782
 2792
 2804
 2810
 2816
 2824
 2828
 2830
 2832
 2838
 2862
 2896
 2920
 2940
 2954
 2964
 2972
 2972
 2964
 2956
 2944
 2920
 2894
 2864
 2832
 2796
 2756
 2716
 2672
 2622
 2566
 2510
 2452
 2386
 2324
 2268
 2224
 2184
 2140
 2098
 2062
 2036
 2028
 2024
 2038
 2064
 2098
 2140
 2188
 2240
 2296
 2348
 2398
 2442
 2482
 2522
 2562
 2594
 2622
 2648
 2692
 2742
 2782
 2818
 2848
 2872
 2896
 2908
 2918
 2926
 2932
 2938
 2940
 2938
 2934
 2930
 2928
 2924
 2920
 2912
 2898
 2878
 2854
 2828
 2798
 2770
 2756
 2740
 2714
 2684
 2644
 2600
 2552
 2486
 2424
 2358
 2286
 2206
 2122
 2036
 1950
 1864
 1782
 1704
 1638
 1588
 1560
 1548
 1554
 1576
 1624
 1704
 1790
 1878
 1972
 2062
 2152
 2238
 2302
 2364
 2424
 2478
 2528
 2574
 2614
 2650
 2688
 2718
 2746
 2770
 2786
 2804
 2818
 2828
 2836
 2846
 2878
 2918
 2948
 2974
 2996
 3012
 3026
 3028
 3026
 3018
 2996
 2970
 2940
 2904
 2866
 2822
 2774
 2722
 2668
 2612
 2552
 2494
 2444
 2398
 2356
 2326
 2314
 2324
 2340
 2356
 2378
 2400
 2426
 2450
 2466
 2486
 2508
 2530
 2550
 2568
 2586
 2602
 2614
 2624
 2636
 2652
 2660
 2672
 2678
 2684
 2690
 2694
 2714
 2750
 2778
 2800
 2822
 2840
 2856
 2866
 2866
 2870
 2870
 2868
 2868
 2868
 2866
 2866
 2864
 2862
 2860
 2858
 2856
 2852
 2852
 2850
 2846
 2840
 2834
 2842
 2852
 2854
 2860
 2868
 2874
 2882
 2882
 2882
 2880
 2878
 2876
 2872
 2866
 2860
 2854
 2844
 2832
 2832
 2828
 2818
 2814
 2810
 2818
 2824
 2816
 2794
 2762
 2718
 2666
 2594
 2514
 2430
 2340
 2246
 2146
 2040
 1922
 1796
 1674
 1562
 1458
 1368
 1308
 1282
 1298
 1350
 1424
 1528
 1646
 1766
 1882
 1978
 2070
 2158
 2238
 2308
 2374
 2430
 2482
 2530
 2566
 2598
 2628
 2652
 2674
 2688
 2722
 2770
 2810
 2844
 2880
 2910
 2938
 2954
 2964
 2972
 2976
 2980
 2984
 2984
 2980
 2974
 2972
 2970
 2968
 2964
 2964
 2962
 2956
 2944
 2926
 2926
 2922
 2910
 2896
 2870
 2842
 2802
 2744
 2686
 2622
 2558
 2490
 2414
 2338
 2260
 2178
 2092
 2006
 1926
 1846
 1762
 1678
 1598
 1524
 1466
 1432
 1432
 1458
 1500
 1564
 1638
 1724
 1818
 1896
 1972
 2048
 2122
 2192
 2262
 2322
 2378
 2432
 2476
 2518
 2554
 2582
 2616
 2642
 2662
 2682
 2698
 2738
 2794
 2838
 2874
 2906
 2934
 2958
 2972
 2982
 2988
 2992
 2988
 2986
 2986
 2984
 2976
 2964
 2952
 2930
 2904
 2862
 2814
 2764
 2706
 2644
 2580
 2524
 2476
 2418
 2354
 2288
 2220
 2150
 2070
 1990
 1914
 1836
 1754
 1664
 1578
 1502
 1438
 1390
 1360
 1346
 1348
 1372
 1410
 1466
 1536
 1620
 1722
 1826
 1922
 2014
 2102
 2186
 2262
 2320
 2376
 2428
 2478
 2524
 2564
 2602
 2640
 2672
 2700
 2726
 2746
 2772
 2794
 2812
 2826
