22
74
156
188
240
293
353
416
470
536
596
663
741
872
935
984
1075
1084
1134
1189
1305
1387
1447
1490
1537
1587
1639
1689
1736
1791
1842
1896
1946
2088
2163
2171
2224
2278
2333
2383
2429
2488
2591
2667
2728
2784
2835
2884
2938
3069
3127
3182
3246
3317
3374
3423
3472
3526
3580
3652
3720
3768
3828
3882
3953
4031
4081
4137
4196
4250
4299
4355
4403
4460
4510
4598
4602
4841
5038
5040
5110
5232
5296
5437
5504
5555
5607
5658
5723
5779
5855
5967
6037
6093
6141
6189
6239
6297
6347
6415
6477
6540
6596
6677
6724
6775
6923
6996
7053
7110
7165
7217
7313
7513
7583
7658
7724
7795
7896
7907
8212
8271
8329
8393
8450
8508
8668
8687
8756
8815
8880
