68
135
207
284
354
423
509
590
660
742
811
851
955
1014
1074
1212
1346
1407
1468
1530
1592
1654
1728
1805
1883
1967
2047
2119
2197
2275
2347
2427
2515
2598
2673
2755
2891
2951
3060
3139
3213
3289
3366
3444
3517
3594
3674
3753
3829
3908
3986
4065
4140
4212
4286
4361
4436
4508
4586
4666
4743
4817
4896
4973
5050
5123
5195
5271
5346
5418
5494
5572
5649
5723
5799
5874
5943
6018
6093
6165
6230
6306
6380
6452
6518
6592
6668
6730
6800
6874
6946
7010
7078
7147
7215
7267
7347
7428
7496
7569
7638
7704
7756
7829
7906
7961
8074
8144
8217
8375
8431
8487
8719
8803
8887
8961
9033
9107
9180
9251
9324
9405
9478
9547
9620
9693
9763
9833
9918
9995
10064
10139
10213
10284
10350
10425
10501
10574
10640
10719
10793
10861
10932
11003
11077
11144
11214
11289
11373
11445
11519
11594
11668
11738
11804
11878
11960
12037
12111
12192
12273
12350
12421
12491
12566
12641
12715
12783
12861
12941
13016
13083
13163
13237
13306
13377
13450
13525
13593
13662
13733
13805
13870
13935
14003
14074
14152
14227
14302
14372
14438
14507
14581
14658
14730
14808
14884
14955
15021
15095
15175
15248
15316
15380
15438
15505
15600
15683
15764
15846
15924
15995
16071
16146
16223
16299
16373
16416
16453
16528
16606
16681
16755
16830
16906
16975
17051
17127
17204
17276
17351
17428
17502
17571
17646
17722
17795
17867
17942
18020
18093
18167
18243
18318
18390
18466
18542
18617
18691
18768
18846
18922
18995
19073
19152
19228
19302
19380
19459
19535
19608
19683
19761
19837
19909
19984
20061
20135
20206
20281
20358
20434
20505
20581
20657
20729
20801
20877
20954
21027
21101
21178
21252
21324
21398
21474
21548
21622
21698
21775
21851
21922
21999
22074
22142
22219
22296
22372
22446
22519
22594
22671
22745
22816
22887
22966
23041
23110
23184
23260
23333
23402
23475
23549
23622
23688
23760
23827
23895
23958
24023
24095
24171
24237
24306
24376
24443
24505
24573
24639
24705
24769
24833
24904
24987
25057
25128
25200
25263
25326
25392
25460
25531
25598
25671
25755
25828
25896
25973
26049
26121
26187
26263
26337
26407
26472
26535
26597
26662
26729
26814
26884
26951
27014
27082
27147
27212
27271
27336
27397
27454
27515
27579
27647
27708
27773
27842
27903
27963
28028
28087
28143
28202
