 1748
 1716
 1680
 1644
 1610
 1582
 1554
 1528
 1508
 1486
 1462
 1440
 1422
 1410
 1398
 1386
 1374
 1366
 1356
 1348
 1346
 1344
 1344
 1346
 1350
 1356
 1366
 1374
 1386
 1404
 1428
 1450
 1476
 1506
 1542
 1590
 1630
 1666
 1706
 1746
 1784
 1822
 1862
 1900
 1942
 1982
 2022
 2062
 2102
 2142
 2182
 2218
 2258
 2294
 2326
 2362
 2402
 2450
 2494
 2532
 2564
 2596
 2628
 2656
 2686
 2714
 2742
 2766
 2788
 2812
 2834
 2856
 2874
 2890
 2906
 2914
 2920
 2926
 2930
 2946
 2974
 2994
 3008
 3020
 3030
 3038
 3046
 3056
 3066
 3070
 3070
 3074
 3078
 3080
 3084
 3084
 3082
 3082
 3078
 3072
 3064
 3066
 3076
 3088
 3090
 3088
 3086
 3082
 3078
 3072
 3058
 3042
 3022
 3002
 2978
 2952
 2924
 2894
 2866
 2832
 2792
 2752
 2718
 2692
 2668
 2642
 2608
 2576
 2542
 2504
 2470
 2434
 2394
 2354
 2312
 2270
 2228
 2190
 2150
 2114
 2078
 2038
 2008
 1982
 1964
 1942
 1918
 1894
 1876
 1858
 1842
 1834
 1828
 1828
 1828
 1836
 1844
 1856
 1870
 1890
 1914
 1934
 1960
 1988
 2028
 2066
 2098
 2130
 2160
 2192
 2222
 2250
 2282
 2308
 2334
 2358
 2384
 2408
 2432
 2456
 2482
 2504
 2522
 2542
 2566
 2602
 2634
 2658
 2676
 2694
 2714
 2728
 2744
 2760
 2776
 2790
 2804
 2814
 2826
 2838
 2848
 2856
 2866
 2872
 2874
 2876
 2892
 2912
 2922
 2926
 2930
 2934
 2934
 2936
 2938
 2938
 2938
 2940
 2942
 2946
 2948
 2952
 2952
 2956
 2958
 2954
 2952
 2952
 2964
 2976
 2978
 2976
 2976
 2976
 2974
 2970
 2966
 2958
 2942
 2926
 2906
 2884
 2862
 2836
 2808
 2778
 2746
 2710
 2674
 2642
 2620
 2600
 2574
 2542
 2512
 2480
 2448
 2414
 2384
 2354
 2320
 2284
 2250
 2220
 2190
 2156
 2128
 2102
 2078
 2056
 2038
 2028
 2028
 2032
 2036
 2042
 2052
 2062
 2074
 2088
 2108
 2128
 2150
 2168
 2190
 2210
 2232
 2252
 2270
 2290
 2310
 2328
 2346
 2368
 2404
 2436
 2462
 2482
 2504
 2524
 2542
 2560
 2582
 2600
 2616
 2632
 2648
 2662
 2678
 2690
 2704
 2720
 2732
 2740
 2754
 2768
 2798
 2826
 2846
 2860
 2872
 2888
 2900
 2914
 2926
 2932
 2942
 2950
 2958
 2968
 2974
 2980
 2982
 2984
 2980
 2972
 2962
 2954
 2954
 2946
 2928
 2908
 2884
 2856
 2826
 2794
 2758
 2720
 2678
 2634
 2588
 2540
 2494
 2444
 2394
 2348
 2300
 2250
 2202
 2160
 2124
 2088
 2046
 2002
 1958
 1918
 1878
 1838
 1798
 1760
 1718
 1676
 1632
 1588
 1546
 1510
 1476
 1444
 1412
 1390
 1378
 1372
 1366
 1364
 1362
 1366
 1374
 1378
 1392
 1408
 1426
 1446
 1470
 1494
 1520
 1550
 1582
 1616
 1648
 1684
 1726
 1774
 1822
 1864
 1906
 1948
 1990
 2032
 2070
 2108
 2146
 2180
 2210
 2240
 2268
 2298
 2322
 2338
 2344
 2346
 2344
 2344
 2356
 2374
 2386
 2398
 2404
 2412
 2416
 2418
 2420
 2420
 2414
 2408
 2406
 2402
 2402
 2410
 2418
 2432
 2448
 2472
 2506
 2546
 2576
 2600
 2622
 2646
 2668
 2692
 2714
 2734
 2754
 2770
 2788
 2808
 2826
 2846
 2858
 2870
 2880
 2904
 2932
 2950
 2962
 2970
 2978
 2986
 2992
 3002
 3006
 3012
 3018
 3024
 3026
 3028
 3030
 3028
 3022
 3020
 3028
 3040
 3046
 3050
 3052
 3054
 3054
 3056
 3058
 3058
 3048
 3034
 3016
 2994
 2968
 2940
 2906
 2868
 2828
 2790
 2762
 2726
 2682
 2638
 2592
 2548
 2500
 2454
 2406
 2358
 2306
 2254
 2202
 2152
 2104
 2062
 2014
 1966
 1924
 1888
 1856
 1818
 1780
 1742
 1708
 1674
 1638
 1606
 1576
 1548
 1524
 1508
 1490
 1474
 1464
 1460
 1452
 1446
 1448
 1454
 1462
 1468
 1476
 1484
 1494
 1504
 1516
 1530
 1544
 1558
 1574
 1590
 1608
 1624
 1648
 1676
 1702
 1726
 1756
 1792
 1838
 1874
 1910
 1942
 1974
 2008
 2042
 2074
 2100
 2130
 2156
 2180
 2202
 2224
 2246
 2272
 2296
 2314
 2334
 2352
 2382
 2414
 2440
 2460
 2476
 2494
 2510
 2526
 2544
 2556
 2568
 2580
 2592
 2604
 2616
 2626
 2638
 2650
 2656
 2668
 2682
 2704
 2728
 2744
 2758
 2770
 2780
 2788
 2798
 2808
 2816
 2824
 2830
 2838
 2846
 2854
 2860
 2866
 2870
 2872
 2872
 2874
 2886
 2906
 2916
 2918
 2922
 2926
 2928
 2932
 2936
 2942
 2944
 2946
 2948
 2948
 2946
 2944
 2944
 2942
 2934
 2928
 2926
 2934
 2946
 2954
 2960
 2964
 2968
 2966
 2964
 2964
 2964
 2962
 2958
 2952
 2944
 2934
 2920
 2902
 2878
 2846
 2810
 2780
 2756
 2730
 2692
 2652
 2610
 2566
 2520
 2476
 2430
 2380
 2330
 2278
 2226
 2174
 2124
 2076
 2030
 1978
 1932
 1892
 1854
 1810
 1760
 1710
 1664
 1620
 1570
 1524
 1482
 1442
 1404
 1372
 1346
 1324
 1302
 1290
 1278
 1264
 1256
 1248
 1246
 1242
 1234
 1228
 1218
 1212
 1206
 1204
 1206
 1212
 1220
 1232
 1248
 1264
 1282
 1304
 1326
 1354
 1386
 1424
 1458
 1492
 1530
 1562
 1598
 1628
 1666
 1702
 1740
 1772
 1804
 1836
 1868
 1906
 1942
 1978
 2014
 2052
 2102
 2150
 2192
 2230
 2266
 2304
 2336
 2366
 2398
 2426
 2452
 2476
 2502
 2526
 2554
 2580
 2602
 2620
 2642
 2674
 2716
 2748
 2776
 2800
 2822
 2840
 2858
 2874
 2890
 2904
 2918
 2932
 2942
 2948
 2958
 2966
 2968
 2972
 2976
 2996
 3012
 3022
 3028
 3034
 3038
 3042
 3048
 3054
 3056
 3058
 3058
 3060
 3060
 3062
 3062
 3060
 3060
 3058
 3066
 3082
 3088
 3092
 3084
 3068
 3044
 3020
 2992
 2956
 2914
 2872
 2826
 2774
 2726
 2674
 2614
 2556
 2502
 2456
 2410
 2356
 2300
 2242
 2192
 2136
 2086
 2032
 1978
 1920
 1864
 1808
 1756
 1708
 1660
 1610
 1566
 1524
 1486
 1446
 1410
 1372
 1342
 1308
 1276
 1250
 1218
 1184
 1156
 1128
 1112
 1102
 1088
 1082
 1082
 1090
 1096
 1104
 1110
 1120
 1134
 1146
 1164
 1180
 1200
 1216
 1234
 1252
 1274
 1294
 1318
 1344
 1372
 1406
 1444
 1482
 1518
 1550
 1586
 1622
 1660
 1694
 1732
 1770
 1808
 1846
 1886
 1928
 1964
 2002
 2046
 2100
 2152
 2196
 2238
 2282
 2322
 2360
 2392
 2426
 2458
 2488
 2516
 2546
 2576
 2600
 2624
 2644
 2682
 2722
 2750
 2774
 2792
 2810
 2824
 2840
 2856
 2868
 2878
 2886
 2886
 2890
 2894
 2894
 2896
 2898
 2914
 2924
 2928
 2934
 2940
 2942
 2946
 2950
 2940
 2920
 2894
 2866
 2838
 2808
 2766
 2724
 2680
 2646
 2618
 2576
 2530
 2482
 2436
 2388
 2344
 2296
 2252
 2202
 2152
 2102
 2058
 2012
 1966
 1924
 1892
 1866
 1834
 1802
 1770
 1738
 1704
 1674
 1654
 1640
 1634
 1632
 1638
 1648
 1658
 1674
 1696
 1728
 1760
 1788
 1812
 1838
 1862
 1882
 1902
 1924
 1942
 1962
 1978
 1998
 2022
 2042
 2058
 2076
 2104
 2138
 2162
 2184
 2204
 2230
 2256
 2284
 2312
 2340
 2364
 2386
 2410
 2434
 2456
 2474
 2494
 2522
 2558
 2588
 2610
 2632
 2660
 2680
 2702
 2726
 2750
 2770
 2790
 2810
 2830
 2848
 2858
 2868
 2880
 2902
 2920
 2934
 2942
 2950
 2958
 2962
 2970
 2978
 2984
 2986
 2986
 2986
 2986
 2984
 2978
 2974
 2974
 2982
 2988
 2984
 2984
 2980
 2972
 2960
 2942
 2914
 2884
 2852
 2814
 2774
 2736
 2692
 2648
 2604
 2566
 2534
 2492
 2448
 2400
 2358
 2310
 2266
 2220
 2172
 2120
 2070
 2020
 1974
 1932
 1888
 1848
 1810
 1776
 1742
 1704
 1666
 1636
 1606
 1572
 1542
 1516
 1488
 1460
 1440
 1420
 1402
 1390
 1374
 1360
 1354
 1354
 1350
 1346
 1342
 1342
 1346
 1348
 1352
 1356
 1362
 1370
 1380
 1394
 1410
 1430
 1448
 1472
 1496
 1526
 1552
 1582
 1608
 1636
 1664
 1692
 1720
 1748
 1782
 1812
 1846
 1880
 1918
 1956
 1990
 2026
 2068
 2120
 2162
 2200
 2236
 2274
 2308
 2340
 2366
 2392
 2416
 2438
 2460
 2482
 2504
 2524
 2542
 2562
 2596
 2636
 2666
 2688
 2712
 2734
 2754
 2776
 2796
 2812
 2826
 2840
 2852
 2866
 2878
 2884
 2892
 2898
 2922
 2940
 2952
 2960
 2970
 2976
 2984
 2996
 3000
 3002
 3004
 3004
 3004
 3006
 3000
 2994
 2992
 3000
 3008
 3006
 3004
 3002
 2996
 2984
 2968
 2946
 2920
 2886
 2850
 2812
 2776
 2730
 2682
 2636
 2600
 2562
 2516
 2468
 2420
 2372
 2322
 2274
 2224
 2170
 2114
 2062
 2012
 1964
 1912
 1862
 1814
 1776
 1732
 1686
 1640
 1598
 1552
 1500
 1454
 1408
 1360
 1314
 1270
 1232
 1204
 1170
 1138
 1110
 1088
 1066
 1038
 1010
 986
 962
 940
 920
 898
 880
 868
 864
 866
 872
 882
 892
 910
 926
 940
 958
 980
 1008
 1032
 1056
 1082
 1104
 1128
 1154
 1188
 1220
 1252
 1284
 1324
 1364
 1396
 1428
 1458
 1492
 1522
 1548
 1572
 1602
 1626
 1650
 1674
 1698
 1720
 1738
 1764
 1792
 1814
 1834
 1852
 1874
 1894
 1914
 1934
 1954
 1970
 1988
 2010
 2032
 2050
 2066
 2090
 2120
 2142
 2160
 2178
 2198
 2212
 2228
 2240
 2248
 2254
 2260
 2268
 2278
 2284
 2290
 2300
 2322
 2340
 2352
 2364
 2376
 2388
 2400
 2412
 2422
 2428
 2434
 2442
 2454
 2464
 2470
 2478
 2494
 2520
 2538
 2550
 2568
 2586
 2598
 2610
 2620
 2628
 2636
 2642
 2648
 2660
 2670
 2676
 2682
 2698
 2722
 2736
 2746
 2758
 2766
 2774
 2784
 2794
 2802
 2808
 2814
 2820
 2828
 2834
 2838
 2842
 2856
 2876
 2888
 2894
 2896
 2888
 2876
 2868
 2860
 2856
 2854
 2852
 2852
 2852
 2850
 2850
 2848
 2860
 2870
 2868
 2864
 2866
 2868
 2864
 2862
 2858
 2856
 2852
 2848
 2852
 2860
 2864
 2868
 2882
 2902
 2916
 2924
 2930
 2938
 2942
 2946
 2952
 2954
 2954
 2952
 2948
 2942
 2932
 2916
 2902
 2892
 2874
 2846
 2814
 2778
 2736
 2694
 2652
 2606
 2556
 2508
 2462
 2416
 2366
 2318
 2278
 2248
 2210
 2166
 2124
 2086
 2044
 2000
 1956
 1910
 1862
 1820
 1784
 1754
 1720
 1694
 1672
 1662
 1650
 1642
 1640
 1644
 1648
 1654
 1664
 1678
 1688
 1700
 1716
 1734
 1752
 1770
 1790
 1816
 1850
 1874
 1900
 1926
 1950
 1974
 2000
 2024
 2048
 2074
 2098
 2124
 2154
 2184
 2206
 2230
 2264
 2306
 2336
 2358
 2382
 2406
 2428
 2448
 2466
 2484
 2498
 2512
 2526
 2542
 2560
 2572
 2584
 2600
 2638
 2670
 2692
 2710
 2732
 2752
 2772
 2790
 2806
 2818
 2832
 2844
 2856
 2872
 2886
 2892
 2896
 2902
 2924
 2940
 2948
 2954
 2962
 2964
 2970
 2974
 2972
 2960
 2942
 2922
 2898
 2870
 2842
 2810
 2768
 2728
 2700
 2674
 2636
 2592
 2552
 2510
 2466
 2426
 2382
 2338
 2294
 2254
 2212
 2172
 2134
 2096
 2056
 2020
 1986
 1962
 1932
 1898
 1862
 1826
 1782
 1740
 1698
 1658
 1620
 1586
 1554
 1528
 1510
 1494
 1474
 1462
 1456
 1458
 1454
 1450
 1448
 1452
 1454
 1456
 1458
 1462
 1468
 1476
 1484
 1492
 1504
 1520
 1530
 1542
 1558
 1578
 1594
 1610
 1628
 1646
 1662
 1680
 1696
 1710
 1724
 1738
 1754
 1770
 1788
 1806
 1824
 1846
 1876
 1908
 1934
 1962
 1990
 2018
 2040
 2064
 2084
 2104
 2120
 2142
 2158
 2174
 2196
 2218
 2236
 2254
 2276
 2308
 2342
 2364
 2386
 2410
 2430
 2446
 2462
 2476
 2490
 2498
 2510
 2520
 2532
 2544
 2556
 2564
 2568
 2576
 2596
 2620
 2636
 2648
 2658
 2672
 2682
 2692
 2702
 2708
 2712
 2716
 2718
 2720
 2722
 2726
 2726
 2724
 2724
 2728
 2742
 2746
 2736
 2728
 2718
 2702
 2684
 2662
 2636
 2604
 2574
 2542
 2508
 2472
 2436
 2404
 2368
 2330
 2298
 2276
 2260
 2236
 2206
 2180
 2156
 2126
 2098
 2070
 2038
 2008
 1978
 1946
 1914
 1886
 1862
 1842
 1820
 1798
 1780
 1772
 1762
 1754
 1748
 1746
 1742
 1740
 1740
 1738
 1738
 1738
 1740
 1746
 1752
 1758
 1764
 1776
 1788
 1802
 1824
 1846
 1860
 1880
 1898
 1918
 1938
 1960
 1986
 2010
 2028
 2046
 2070
 2092
 2114
 2136
 2162
 2190
 2216
 2242
 2274
 2320
 2362
 2394
 2422
 2450
 2476
 2504
 2534
 2566
 2592
 2618
 2640
 2664
 2686
 2706
 2728
 2750
 2776
 2796
 2812
 2828
 2860
 2898
 2922
 2940
 2954
 2970
 2980
 2992
 3004
 3016
 3024
 3030
 3038
 3046
 3058
 3068
 3076
 3090
 3098
 3102
 3108
 3120
 3152
 3174
 3188
 3198
 3204
 3210
 3218
 3224
 3230
 3234
 3236
 3240
 3244
 3248
 3248
 3248
 3252
 3252
 3250
 3246
 3248
 3266
 3288
 3298
 3304
 3312
 3318
 3324
 3330
 3334
 3338
 3344
 3348
 3352
 3358
 3364
 3370
 3376
 3378
 3376
 3372
 3368
 3382
 3404
 3414
 3422
 3430
 3436
 3442
 3446
 3452
 3452
 3454
 3452
 3446
 3444
 3442
 3438
 3434
 3432
 3426
 3416
 3412
 3418
 3424
 3428
 3430
 3432
 3434
 3432
 3434
 3434
 3434
 3430
 3428
 3424
 3422
 3420
 3414
 3406
 3398
 3388
 3378
 3372
 3380
 3390
 3392
 3392
 3388
 3376
 3360
 3342
 3320
 3290
 3256
 3220
 3182
 3142
 3098
 3052
 3008
 2962
 2908
 2858
 2814
 2782
 2746
 2706
 2664
 2624
 2584
 2542
 2500
 2456
 2412
 2368
 2326
 2284
 2242
 2200
 2160
 2124
 2086
 2050
 2020
 1996
 1970
 1940
 1910
 1884
 1862
 1834
 1810
 1788
 1768
 1748
 1732
 1714
 1698
 1684
 1674
 1666
 1656
 1654
 1656
 1660
 1656
 1652
 1652
 1654
 1656
 1654
 1652
 1650
 1650
 1650
 1648
 1648
 1652
 1656
 1660
 1666
 1670
 1678
 1690
 1696
 1698
 1700
 1702
 1706
 1710
 1712
 1712
 1716
 1718
 1720
 1724
 1726
 1728
 1736
 1744
 1748
 1752
 1756
 1768
 1774
 1780
 1786
 1794
 1800
 1806
 1810
 1814
 1818
 1820
 1820
 1822
 1824
 1824
 1828
 1834
 1836
 1836
 1840
 1852
 1860
 1862
 1866
 1872
 1876
 1876
 1876
 1876
 1876
 1878
 1880
 1880
 1882
 1884
 1886
 1888
 1894
 1894
 1896
 1900
 1908
 1912
 1916
 1926
 1944
 1966
 1988
 2014
 2042
 2074
 2104
 2130
 2158
 2186
 2214
 2242
 2268
 2294
 2322
 2348
 2372
 2396
 2432
 2468
 2496
 2524
 2550
 2572
 2592
 2612
 2632
 2650
 2666
 2678
 2692
 2704
 2718
 2730
 2742
 2756
 2770
 2780
 2788
 2806
 2836
 2858
 2872
 2886
 2898
 2898
 2904
 2910
 2916
 2920
 2924
 2930
 2934
 2942
 2948
 2948
 2950
 2950
 2950
 2950
 2954
 2972
 2982
 2986
 2990
 2992
 2992
 2996
 2998
 3002
 3002
 3000
 2996
 2998
 2994
 2988
 2988
 2986
 2980
 2976
 2970
 2974
 2986
 2992
 2986
 2980
 2970
 2954
 2938
 2918
 2890
 2862
 2832
 2802
 2772
 2746
 2716
 2688
 2660
 2628
 2594
 2560
 2534
 2512
 2482
 2448
 2418
 2388
 2352
 2320
 2284
 2248
 2214
 2180
 2150
 2118
 2090
 2060
 2034
 2012
 1988
 1966
 1946
 1936
 1922
 1906
 1894
 1884
 1872
 1860
 1852
 1848
 1842
 1838
 1836
 1834
 1834
 1834
 1834
 1836
 1840
 1844
 1850
 1858
 1864
 1868
 1870
 1874
 1874
 1876
 1882
 1884
 1886
 1886
 1890
 1894
 1902
 1906
 1908
 1916
 1924
 1930
 1936
 1948
 1962
 1974
 1986
 1996
 2008
 2020
 2030
 2042
 2056
 2070
 2082
 2102
 2122
 2144
 2166
 2190
 2218
 2242
 2266
 2292
 2324
 2360
 2386
 2410
 2434
 2462
 2484
 2508
 2532
 2556
 2578
 2598
 2620
 2640
 2660
 2678
 2694
 2710
 2724
 2736
 2750
 2764
 2792
 2820
 2840
 2854
 2868
 2884
 2896
 2912
 2924
 2930
 2936
 2946
 2954
 2964
 2972
 2980
 2990
 3000
 3002
 3002
 3002
 3010
 3028
 3046
 3052
 3058
 3066
 3072
 3076
 3080
 3082
 3082
 3084
 3084
 3084
 3082
 3076
 3070
 3064
 3056
 3048
 3040
 3038
 3044
 3050
 3050
 3050
 3048
 3048
 3042
 3040
 3038
 3034
 3030
 3024
 3016
 3004
 2988
 2966
 2940
 2910
 2876
 2844
 2818
 2792
 2762
 2728
 2696
 2666
 2634
 2602
 2572
 2538
 2504
 2474
 2442
 2410
 2378
 2350
 2318
 2292
 2266
 2246
 2230
 2210
 2192
 2180
 2168
 2156
 2144
 2138
 2130
 2124
 2122
 2122
 2122
 2124
 2128
 2136
 2144
 2156
 2174
 2192
 2204
 2216
 2226
 2242
 2254
 2270
 2286
 2306
 2322
 2340
 2358
 2374
 2392
 2410
 2430
 2448
 2468
 2486
 2514
 2546
 2566
 2582
 2596
 2614
 2628
 2644
 2660
 2676
 2690
 2702
 2714
 2728
 2740
 2750
 2762
 2774
 2786
 2794
 2802
 2818
 2840
 2854
 2864
 2870
 2882
 2888
 2890
 2898
 2904
 2912
 2914
 2916
 2920
 2926
 2930
 2934
 2934
 2938
 2940
 2938
 2938
 2946
 2962
 2970
 2974
 2978
 2982
 2984
 2988
 2992
 2998
 2996
 2996
 2998
 2996
 2992
 2988
 2982
 2980
 2978
 2970
 2960
 2952
 2948
 2944
 2928
 2904
 2880
 2856
 2824
 2794
 2760
 2724
 2686
 2646
 2608
 2572
 2536
 2498
 2460
 2424
 2392
 2356
 2326
 2300
 2278
 2254
 2226
 2198
 2172
 2144
 2116
 2088
 2062
 2034
 2008
 1980
 1958
 1938
 1918
 1904
 1898
 1890
 1888
 1886
 1892
 1896
 1900
 1902
 1904
 1912
 1916
 1922
 1930
 1938
 1942
 1950
 1956
 1966
 1976
 1986
 1996
 2010
 2024
 2038
 2060
 2082
 2098
 2116
 2134
 2158
 2180
 2200
 2220
 2240
 2258
 2276
 2296
 2314
 2334
 2354
 2376
 2392
 2410
 2430
 2460
 2492
 2516
 2536
 2558
 2580
 2598
 2618
 2638
 2656
 2676
 2696
 2712
 2728
 2742
 2758
 2774
 2786
 2796
 2804
 2818
 2844
 2862
 2874
 2882
 2890
 2892
 2898
 2906
 2914
 2920
 2926
 2932
 2940
 2946
 2948
 2950
 2950
 2950
 2948
 2950
 2958
 2970
 2974
 2976
 2974
 2970
 2962
 2952
 2940
 2922
 2900
 2876
 2850
 2822
 2792
 2762
 2732
 2698
 2664
 2634
 2614
 2594
 2568
 2538
 2506
 2476
 2444
 2414
 2384
 2354
 2324
 2294
 2266
 2236
 2208
 2184
 2160
 2132
 2110
 2090
 2074
 2060
 2042
 2028
 2014
 2004
 1992
 1982
 1978
 1976
 1976
 1976
 1980
 1984
 1990
 2002
 2012
 2022
 2036
 2056
 2080
 2100
 2118
 2138
 2164
 2188
 2208
 2230
 2254
 2276
 2294
 2316
 2338
 2356
 2378
 2398
 2418
 2438
 2458
 2488
 2524
 2552
 2570
 2592
 2612
 2628
 2646
 2666
 2682
 2702
 2720
 2734
 2750
 2766
 2780
 2792
 2804
 2814
 2824
 2844
 2872
 2894
 2906
 2916
 2924
 2926
 2930
 2936
 2942
 2946
 2948
 2954
 2956
 2958
 2960
 2960
 2962
 2960
 2960
 2960
 2968
 2974
 2972
 2962
 2948
 2926
 2902
 2880
 2852
 2824
 2790
 2756
 2722
 2688
 2656
 2622
 2588
 2552
 2516
 2484
 2462
 2436
 2406
 2374
 2346
 2318
 2290
 2262
 2234
 2206
 2174
 2146
 2118
 2094
 2072
 2054
 2042
 2034
 2034
 2036
 2050
 2062
 2074
 2088
 2104
 2120
 2134
 2154
 2174
 2196
 2216
 2236
 2254
 2276
 2292
 2314
 2338
 2358
 2378
 2402
 2434
 2462
 2484
 2504
 2524
 2542
 2558
 2576
 2594
 2610
 2628
 2646
 2666
 2680
 2698
 2712
 2730
 2746
 2760
 2774
 2792
 2822
 2846
 2864
 2880
 2892
 2904
 2912
 2924
 2932
 2936
 2940
 2946
 2952
 2958
 2964
 2970
 2980
 2986
 2988
 2986
 2988
 3004
 3024
 3036
 3042
 3046
 3054
 3058
 3066
 3072
 3076
 3080
 3084
 3084
 3084
 3086
 3086
 3088
 3088
 3088
 3086
 3084
 3092
 3102
 3108
 3108
 3108
 3110
 3110
 3108
 3108
 3106
 3106
 3104
 3100
 3100
 3098
 3094
 3088
 3074
 3052
 3030
 3008
 2996
 2980
 2956
 2928
 2896
 2864
 2828
 2792
 2756
 2716
 2678
 2642
 2608
 2574
 2538
 2502
 2470
 2436
 2400
 2370
 2342
 2318
 2286
 2254
 2222
 2192
 2162
 2132
 2102
 2074
 2040
 2004
 1974
 1944
 1914
 1888
 1866
 1844
 1824
 1810
 1804
 1806
 1804
 1806
 1814
 1822
 1832
 1846
 1864
 1880
 1894
 1914
 1932
 1952
 1972
 1996
 2026
 2052
 2080
 2108
 2144
 2180
 2210
 2242
 2270
 2298
 2322
 2352
 2380
 2404
 2426
 2448
 2468
 2488
 2508
 2526
 2546
 2564
 2580
 2598
 2628
 2664
 2688
 2710
 2732
 2752
 2772
 2792
 2810
 2828
 2842
 2854
 2868
 2882
 2896
 2906
 2912
 2918
 2920
 2920
 2924
 2942
 2962
 2978
 2990
 2998
 3006
 3014
 3020
 3028
 3034
 3038
 3042
 3048
 3054
 3060
 3062
 3066
 3072
 3074
 3074
 3070
 3078
 3094
 3104
 3110
 3112
 3116
 3118
 3122
 3124
 3126
 3124
 3122
 3120
 3114
 3104
 3090
 3072
 3052
 3022
 2988
 2954
 2926
 2906
 2878
 2844
 2806
 2768
 2730
 2694
 2658
 2622
 2584
 2542
 2500
 2460
 2420
 2378
 2336
 2298
 2258
 2216
 2180
 2146
 2118
 2084
 2050
 2014
 1982
 1946
 1906
 1868
 1830
 1792
 1756
 1722
 1690
 1660
 1634
 1614
 1594
 1572
 1552
 1536
 1526
 1512
 1494
 1472
 1454
 1436
 1418
 1402
 1388
 1376
 1368
 1364
 1362
 1358
 1356
 1360
 1368
 1372
 1382
 1392
 1406
 1420
 1432
 1444
 1458
 1476
 1492
 1510
 1530
 1550
 1572
 1596
 1622
 1650
 1682
 1716
 1758
 1798
 1838
 1880
 1934
 1988
 2034
 2076
 2116
 2158
 2198
 2232
 2266
 2298
 2326
 2352
 2378
 2402
 2424
 2442
 2466
 2490
 2508
 2524
 2544
 2578
 2608
 2630
 2646
 2664
 2684
 2702
 2720
 2734
 2748
 2760
 2772
 2782
 2792
 2800
 2808
 2816
 2822
 2828
 2832
 2844
 2868
 2888
 2902
 2908
 2910
 2914
 2916
 2920
 2924
 2924
 2926
 2926
 2926
 2924
 2924
 2922
 2918
 2912
 2898
 2882
 2868
 2854
 2834
 2806
 2774
 2746
 2714
 2682
 2648
 2616
 2580
 2542
 2504
 2466
 2428
 2390
 2354
 2318
 2280
 2246
 2218
 2198
 2174
 2148
 2124
 2102
 2078
 2052
 2030
 2008
 1988
 1968
 1954
 1946
 1944
 1942
 1944
 1946
 1952
 1962
 1978
 1994
 2008
 2024
 2044
 2064
 2080
 2100
 2122
 2146
 2168
 2190
 2212
 2238
 2260
 2286
 2306
 2326
 2350
 2380
 2416
 2446
 2470
 2492
 2514
 2534
 2552
 2566
 2584
 2600
 2614
 2628
 2640
 2656
 2672
 2690
 2702
 2716
 2734
 2760
 2788
 2806
 2820
 2834
 2848
 2860
 2874
 2888
 2896
 2900
 2904
 2910
 2916
 2922
 2928
 2932
 2934
 2938
 2954
 2970
 2978
 2986
 2994
 3000
 3002
 3008
 3010
 3014
 3016
 3016
 3016
 3018
 3022
 3026
 3028
 3026
 3026
 3036
 3050
 3058
 3058
 3062
 3064
 3064
 3064
 3066
 3066
 3066
 3066
 3066
 3066
 3066
 3066
 3060
 3044
 3030
 3016
 3004
 2988
 2962
 2932
 2902
 2868
 2828
 2790
 2746
 2704
 2658
 2618
 2578
 2542
 2504
 2460
 2420
 2382
 2356
 2328
 2292
 2254
 2222
 2184
 2148
 2114
 2078
 2040
 2004
 1970
 1936
 1906
 1878
 1850
 1824
 1802
 1786
 1776
 1764
 1750
 1736
 1726
 1718
 1714
 1714
 1714
 1718
 1722
 1732
 1742
 1758
 1772
 1790
 1814
 1842
 1876
 1906
 1936
 1966
 1998
 2030
 2060
 2094
 2126
 2156
 2184
 2214
 2244
 2276
 2308
 2336
 2366
 2400
 2442
 2478
 2508
 2534
 2564
 2590
 2612
 2632
 2656
 2678
 2698
 2718
 2736
 2756
 2776
 2792
 2802
 2810
 2820
 2844
 2868
 2882
 2894
 2906
 2912
 2918
 2924
 2932
 2938
 2942
 2946
 2950
 2954
 2956
 2954
 2944
 2932
 2918
 2914
 2918
 2918
 2916
 2918
 2918
 2918
 2916
 2914
 2912
 2910
 2904
 2900
 2900
 2898
 2896
 2892
 2886
 2884
 2884
 2896
 2906
 2910
 2914
 2920
 2924
 2926
 2930
 2936
 2940
 2944
 2946
 2948
 2952
 2952
 2944
 2930
 2916
 2908
 2898
 2878
 2850
 2826
 2798
 2766
 2734
 2702
 2666
 2630
 2594
 2556
 2520
 2488
 2450
 2414
 2382
 2356
 2336
 2308
 2276
 2244
 2218
 2188
 2160
 2138
 2112
 2084
 2060
 2038
 2018
 1998
 1978
 1956
 1938
 1924
 1916
 1914
 1906
 1900
 1894
 1892
 1892
 1888
 1888
 1888
 1884
 1884
 1884
 1886
 1886
 1886
 1892
 1894
 1898
 1904
 1912
 1920
 1924
 1928
 1932
 1940
 1948
 1956
 1966
 1974
 1984
 1996
 2010
 2024
 2038
 2056
 2078
 2104
 2128
 2152
 2184
 2224
 2256
 2286
 2314
 2342
 2370
 2394
 2418
 2442
 2466
 2488
 2512
 2534
 2556
 2574
 2594
 2616
 2636
 2652
 2668
 2684
 2708
 2742
 2768
 2786
 2802
 2822
 2840
 2854
 2870
 2886
 2898
 2910
 2920
 2928
 2932
 2938
 2944
 2950
 2954
 2952
 2954
 2952
 2962
 2980
 2990
 2996
 3000
 3008
 3012
 3014
 3018
 3020
 3022
 3024
 3026
 3028
 3032
 3034
 3038
 3038
 3040
 3044
 3042
 3040
 3042
 3054
 3062
 3066
 3068
 3072
 3076
 3078
 3080
 3082
 3078
 3076
 3076
 3076
 3074
 3074
 3072
 3072
 3072
 3066
 3060
 3056
 3064
 3072
 3078
 3078
 3080
 3082
 3084
 3086
 3084
 3080
 3078
 3076
 3074
 3070
 3066
 3064
 3060
 3058
 3050
 3042
 3040
 3046
 3054
 3056
 3056
 3058
 3058
 3054
 3048
 3040
 3026
 3010
 2994
 2972
 2948
 2922
 2896
 2868
 2832
 2796
 2760
 2732
 2706
 2678
 2646
 2610
 2574
 2540
 2504
 2468
 2428
 2390
 2350
 2310
 2270
 2230
 2196
 2160
 2124
 2090
 2058
 2034
 2004
 1970
 1932
 1900
 1868
 1832
 1802
 1774
 1744
 1714
 1686
 1662
 1638
 1614
 1594
 1572
 1552
 1536
 1516
 1494
 1468
 1444
 1422
 1400
 1376
 1350
 1330
 1314
 1294
 1274
 1256
 1242
 1226
 1214
 1198
 1180
 1162
 1146
 1132
 1114
 1098
 1088
 1074
 1058
 1040
 1024
 1006
 984
 964
 942
 922
 904
 888
 872
 856
 838
 826
 818
 808
 794
 780
 766
 752
 734
 718
 708
 700
 694
 686
 680
 678
 678
 678
 676
 670
 660
 658
 656
 662
 664
 666
 674
 680
 686
 696
 710
 722
 736
 750
 766
 782
 806
 830
 852
 872
 896
 924
 950
 976
 1002
 1030
 1058
 1086
 1110
 1136
 1162
 1190
 1214
 1236
 1262
 1286
 1312
 1334
 1360
 1388
 1414
 1438
 1462
 1488
 1518
 1546
 1572
 1600
 1626
 1650
 1672
 1698
 1724
 1752
 1774
 1794
 1818
 1842
 1864
 1884
 1904
 1930
 1952
 1974
 1994
 2016
 2044
 2070
 2090
 2106
 2122
 2144
 2160
 2178
 2196
 2214
 2230
 2246
 2264
 2278
 2290
 2302
 2314
 2324
 2340
 2354
 2366
 2376
 2388
 2408
 2430
 2442
 2454
 2466
 2480
 2490
 2504
 2518
 2530
 2542
 2552
 2562
 2570
 2580
 2590
 2600
 2608
 2618
 2626
 2632
 2640
 2652
 2674
 2690
 2702
 2710
 2722
 2732
 2744
 2752
 2762
 2770
 2776
 2784
 2790
 2796
 2806
 2812
 2818
 2824
 2828
 2830
 2834
 2844
 2860
 2878
 2886
 2894
 2902
 2908
 2912
 2910
 2914
 2916
 2916
 2916
 2916
 2916
 2918
 2920
 2922
 2924
 2924
 2922
 2924
 2932
 2944
 2952
 2956
 2958
 2962
 2966
 2968
 2974
 2976
 2976
 2972
 2970
 2970
 2968
 2968
 2968
 2966
 2968
 2968
 2966
 2968
 2980
 2986
 2992
 2994
 2994
 2994
 2994
 2996
 2994
 2990
 2986
 2984
 2982
 2978
 2974
 2972
 2968
 2960
 2950
 2940
 2942
 2944
 2942
 2940
 2938
 2936
 2934
 2932
 2930
 2924
 2920
 2914
 2908
 2898
 2888
 2876
 2864
 2848
 2828
 2812
 2794
 2782
 2766
 2744
 2720
 2694
 2666
 2640
 2614
 2588
 2556
 2526
 2494
 2462
 2434
 2404
 2378
 2350
 2320
 2296
 2278
 2264
 2244
 2220
 2198
 2176
 2158
 2136
 2116
 2096
 2078
 2058
 2044
 2028
 2016
 2006
 1996
 1984
 1978
 1972
 1970
 1966
 1962
 1956
 1952
 1948
 1940
 1934
 1928
 1922
 1920
 1912
 1908
 1902
 1898
 1896
 1894
 1892
 1892
 1894
 1896
 1892
 1890
 1886
 1886
 1886
 1882
 1876
 1876
 1876
 1870
 1864
 1858
 1854
 1854
 1852
 1850
 1850
 1850
 1856
 1858
 1858
 1858
 1860
 1862
 1860
 1862
 1864
 1864
 1864
 1864
 1866
 1868
 1870
 1876
 1880
 1882
 1888
 1890
 1898
 1902
 1902
 1904
 1908
 1916
 1920
 1924
 1932
 1938
 1944
 1952
 1960
 1968
 1978
 1990
 2004
 2018
 2034
 2054
 2080
 2106
 2128
 2150
 2174
 2196
 2220
 2238
 2254
 2272
 2288
 2302
 2316
 2330
 2342
 2356
 2368
 2382
 2396
 2408
 2422
 2442
 2468
 2490
 2506
 2522
 2538
 2554
 2566
 2580
 2592
 2602
 2612
 2622
 2630
 2644
 2656
 2664
 2676
 2688
 2698
 2706
 2718
 2736
 2756
 2768
 2778
 2790
 2798
 2808
 2816
 2828
 2836
 2844
 2852
 2862
 2870
 2878
 2886
 2888
 2888
 2886
 2886
 2888
 2892
 2908
 2920
 2926
 2932
 2936
 2938
 2940
 2942
 2944
 2946
 2948
 2948
 2950
 2952
 2952
 2948
 2948
 2946
 2942
 2940
 2938
 2944
 2950
 2948
 2944
 2940
 2936
 2932
 2932
 2930
 2928
 2926
 2922
 2920
 2918
 2912
 2908
 2904
 2898
 2892
 2888
 2894
 2896
 2896
 2894
 2890
 2890
 2888
 2890
 2892
 2892
 2894
 2896
 2898
 2898
 2898
 2898
 2894
 2894
 2894
 2900
 2904
 2904
 2906
 2908
 2906
 2906
 2908
 2910
 2908
 2906
 2906
 2904
 2904
 2902
 2898
 2894
 2894
 2898
 2902
 2900
 2898
 2896
 2896
 2894
 2894
 2896
 2896
 2894
 2894
 2890
 2888
 2886
 2886
 2882
 2874
 2872
 2874
 2874
 2872
 2868
 2866
 2862
 2860
 2856
 2852
 2844
 2838
 2830
 2822
 2816
 2808
 2798
 2784
 2768
 2752
 2734
 2720
 2710
 2690
 2668
 2646
 2622
 2598
 2572
 2542
 2514
 2484
 2450
 2420
 2388
 2358
 2326
 2298
 2270
 2240
 2216
 2196
 2178
 2158
 2134
 2114
 2094
 2074
 2052
 2034
 2012
 1994
 1976
 1960
 1942
 1928
 1916
 1906
 1896
 1890
 1882
 1878
 1876
 1870
 1866
 1860
 1854
 1846
 1840
 1834
 1830
 1822
 1814
 1810
 1806
 1802
 1800
 1798
 1798
 1802
 1802
 1804
 1804
 1806
 1806
 1802
 1802
 1802
 1802
 1804
 1802
 1802
 1798
 1798
 1798
 1796
 1796
 1796
 1798
 1800
 1802
 1802
 1802
 1802
 1802
 1802
 1802
 1800
 1796
 1794
 1790
 1788
 1786
 1782
 1782
 1782
 1782
 1780
 1782
 1786
 1790
 1792
 1794
 1798
 1802
 1802
 1804
 1806
 1808
 1810
 1812
 1814
 1814
 1818
 1822
 1824
 1826
 1830
 1832
 1836
 1842
 1846
 1850
 1856
 1860
 1866
 1870
 1872
 1878
 1886
 1892
 1898
 1906
 1914
 1926
 1938
 1950
 1964
 1980
 2000
 2016
 2034
 2056
 2074
 2092
 2114
 2136
 2160
 2182
 2204
 2224
 2244
 2264
 2282
 2300
 2316
 2332
 2346
 2360
 2374
 2388
 2400
 2412
 2424
 2440
 2454
 2466
 2478
 2492
 2514
 2532
 2546
 2558
 2572
 2586
 2598
 2610
 2622
 2632
 2644
 2652
 2660
 2670
 2680
 2688
 2696
 2704
 2712
 2718
 2722
 2730
 2744
 2760
 2768
 2778
 2786
 2794
 2798
 2804
 2812
 2818
 2820
 2824
 2828
 2830
 2834
 2836
 2836
 2836
 2834
 2830
 2828
 2826
 2832
 2838
 2842
 2840
 2840
 2840
 2840
 2838
 2838
 2838
 2834
 2830
 2824
 2816
 2808
 2796
 2784
 2772
 2756
 2738
 2722
 2706
 2696
 2680
 2660
 2636
 2614
 2592
 2564
 2544
 2520
 2494
 2466
 2438
 2414
 2388
 2362
 2336
 2312
 2288
 2264
 2244
 2226
 2208
 2190
 2174
 2152
 2138
 2120
 2104
 2088
 2072
 2056
 2040
 2026
 2014
 2006
 1996
 1990
 1984
 1976
 1974
 1972
 1970
 1968
 1966
 1966
 1964
 1958
 1954
 1950
 1950
 1952
 1952
 1956
 1962
 1968
 1978
 1984
 1990
 2000
 2010
 2020
 2028
 2032
 2042
 2052
 2062
 2068
 2076
 2086
 2100
 2110
 2120
 2132
 2142
 2152
 2162
 2174
 2182
 2194
 2206
 2224
 2236
 2250
 2260
 2272
 2282
 2290
 2302
 2314
 2324
 2332
 2338
 2346
 2356
 2366
 2372
 2382
 2390
 2398
 2406
 2416
 2432
 2440
 2446
 2452
 2458
 2462
 2464
 2468
 2470
 2466
 2462
 2454
 2446
 2436
 2424
 2410
 2396
 2380
 2360
 2340
 2324
 2310
 2290
 2270
 2250
 2234
 2216
 2194
 2176
 2154
 2136
 2116
 2096
 2078
 2060
 2042
 2026
 2012
 1996
 1978
 1966
 1956
 1948
 1942
 1934
 1924
 1918
 1914
 1906
 1900
 1896
 1892
 1888
 1888
 1888
 1888
 1890
 1892
 1900
 1904
 1910
 1916
 1926
 1936
 1942
 1948
 1954
 1964
 1976
 1984
 1992
 2002
 2010
 2018
 2026
 2036
 2044
 2056
 2068
 2082
 2096
 2110
 2126
 2144
 2166
 2184
 2200
 2216
 2234
 2252
 2266
 2284
 2298
 2312
 2326
 2340
 2352
 2366
 2380
 2392
 2404
 2420
 2434
 2448
 2462
 2480
 2504
 2524
 2538
 2550
 2564
 2576
 2588
 2604
 2614
 2626
 2636
 2646
 2658
 2668
 2680
 2690
 2700
 2710
 2720
 2730
 2738
 2758
 2780
 2794
 2804
 2814
 2824
 2832
 2840
 2848
 2856
 2862
 2870
 2876
 2882
 2886
 2888
 2884
 2884
 2880
 2874
 2868
 2862
 2864
 2864
 2866
 2866
 2870
 2870
 2872
 2870
 2870
 2864
 2858
 2852
 2850
 2848
 2850
 2850
 2846
 2838
 2830
 2822
 2816
 2802
 2778
 2756
 2732
 2706
 2676
 2650
 2620
 2588
 2556
 2524
 2494
 2464
 2442
 2422
 2408
 2400
 2402
 2406
 2410
 2414
 2422
 2432
 2438
 2450
 2462
 2476
 2486
 2498
 2512
 2524
 2538
 2552
 2562
 2576
 2592
 2618
 2634
 2648
 2660
 2672
 2684
 2694
 2708
 2720
 2734
 2740
 2748
 2758
 2764
 2772
 2782
 2790
 2804
 2820
 2846
 2866
 2880
 2890
 2900
 2912
 2920
 2928
 2934
 2940
 2944
 2952
 2954
 2954
 2956
 2960
 2962
 2962
 2964
 2974
 2990
 3000
 3006
 3012
 3018
 3014
 3018
 3020
 3020
 3018
 3018
 3020
 3022
 3016
 3012
 3006
 2996
 2984
 2972
 2966
 2958
 2948
 2932
 2910
 2890
 2866
 2840
 2812
 2780
 2746
 2710
 2674
 2640
 2608
 2574
 2548
 2516
 2486
 2460
 2438
 2416
 2388
 2360
 2330
 2302
 2268
 2236
 2204
 2172
 2138
 2104
 2074
 2044
 2014
 1990
 1968
 1944
 1924
 1910
 1900
 1884
 1866
 1850
 1836
 1820
 1802
 1788
 1774
 1762
 1750
 1738
 1728
 1722
 1716
 1710
 1706
 1700
 1696
 1700
 1700
 1700
 1700
 1700
 1704
 1706
 1706
 1706
 1706
 1710
 1712
 1716
 1716
 1720
 1726
 1730
 1732
 1736
 1742
 1752
 1756
 1760
 1764
 1768
 1776
 1780
 1786
 1792
 1802
 1810
 1818
 1828
 1836
 1850
 1864
 1878
 1892
 1906
 1928
 1948
 1966
 1986
 2004
 2028
 2048
 2068
 2088
 2112
 2134
 2158
 2182
 2206
 2230
 2252
 2278
 2300
 2324
 2352
 2382
 2410
 2432
 2456
 2476
 2496
 2512
 2532
 2552
 2572
 2592
 2608
 2626
 2644
 2662
 2678
 2698
 2716
 2728
 2746
 2766
 2792
 2812
 2826
 2838
 2852
 2864
 2874
 2886
 2898
 2904
 2908
 2910
 2912
 2918
 2922
 2924
 2926
 2926
 2928
 2938
 2950
 2958
 2960
 2962
 2964
 2964
 2964
 2966
 2970
 2970
 2970
 2968
 2966
 2964
 2960
 2954
 2944
 2940
 2934
 2936
 2930
 2918
 2902
 2888
 2868
 2842
 2818
 2792
 2762
 2732
 2704
 2674
 2642
 2612
 2584
 2554
 2524
 2500
 2484
 2462
 2436
 2410
 2386
 2364
 2336
 2310
 2282
 2256
 2228
 2202
 2178
 2158
 2140
 2122
 2106
 2094
 2090
 2086
 2080
 2076
 2072
 2070
 2068
 2070
 2072
 2076
 2080
 2084
 2090
 2096
 2108
 2114
 2124
 2136
 2150
 2164
 2174
 2188
 2198
 2212
 2220
 2232
 2240
 2250
 2258
 2268
 2278
 2288
 2300
 2312
 2324
 2338
 2354
 2376
 2396
 2410
 2420
 2432
 2442
 2450
 2460
 2470
 2478
 2484
 2492
 2500
 2508
 2518
 2530
 2540
 2546
 2558
 2576
 2602
 2616
 2630
 2644
 2660
 2674
 2688
 2700
 2712
 2722
 2728
 2738
 2746
 2752
 2758
 2768
 2774
 2782
 2790
 2804
 2826
 2838
 2846
 2856
 2862
 2868
 2870
 2876
 2880
 2882
 2882
 2882
 2876
 2870
 2870
 2868
 2866
 2858
 2850
 2842
 2834
 2816
 2796
 2772
 2744
 2712
 2678
 2644
 2610
 2572
 2534
 2498
 2460
 2422
 2386
 2354
 2318
 2282
 2248
 2216
 2190
 2158
 2124
 2090
 2060
 2024
 1984
 1948
 1914
 1882
 1850
 1822
 1794
 1768
 1750
 1736
 1722
 1716
 1708
 1704
 1698
 1692
 1690
 1688
 1684
 1682
 1680
 1684
 1688
 1690
 1692
 1696
 1700
 1706
 1716
 1724
 1732
 1744
 1758
 1772
 1782
 1792
 1810
 1826
 1840
 1852
 1866
 1882
 1898
 1912
 1928
 1944
 1962
 1982
 2008
 2026
 2048
 2076
 2110
 2142
 2170
 2198
 2226
 2252
 2274
 2296
 2318
 2338
 2356
 2374
 2390
 2410
 2428
 2448
 2468
 2490
 2508
 2526
 2552
 2586
 2610
 2630
 2648
 2670
 2690
 2708
 2724
 2742
 2760
 2774
 2790
 2806
 2822
 2836
 2848
 2862
 2874
 2886
 2900
 2924
 2950
 2964
 2972
 2982
 2994
 3004
 3010
 3020
 3026
 3034
 3042
 3050
 3056
 3062
 3068
 3072
 3074
 3074
 3074
 3076
 3086
 3092
 3084
 3070
 3054
 3036
 3016
 2992
 2966
 2936
 2902
 2868
 2832
 2796
 2762
 2728
 2694
 2658
 2628
 2600
 2580
 2554
 2522
 2492
 2466
 2438
 2410
 2386
 2362
 2338
 2312
 2290
 2268
 2250
 2236
 2228
 2222
 2218
 2220
 2230
 2238
 2244
 2254
 2266
 2278
 2286
 2298
 2312
 2328
 2340
 2352
 2364
 2374
 2386
 2402
 2416
 2428
 2448
 2468
 2496
 2516
 2530
 2548
 2566
 2582
 2596
 2610
 2622
 2636
 2646
 2658
 2672
 2686
 2700
 2714
 2728
 2738
 2748
 2762
 2782
 2794
 2802
 2806
 2812
 2816
 2820
 2828
 2838
 2844
 2850
 2854
 2860
 2862
 2866
 2868
 2868
 2866
 2864
 2862
 2862
 2858
 2844
 2822
 2800
 2776
 2746
 2716
 2686
 2650
 2614
 2576
 2538
 2504
 2470
 2436
 2404
 2376
 2346
 2316
 2294
 2280
 2262
 2244
 2228
 2214
 2202
 2190
 2180
 2174
 2170
 2168
 2166
 2168
 2172
 2176
 2188
 2202
 2218
 2232
 2252
 2274
 2308
 2338
 2370
 2400
 2426
 2456
 2476
 2502
 2524
 2548
 2566
 2588
 2608
 2630
 2650
 2670
 2686
 2708
 2726
 2744
 2762
 2788
 2822
 2846
 2870
 2888
 2906
 2924
 2944
 2964
 2982
 2996
 3008
 3020
 3030
 3040
 3046
 3050
 3054
 3060
 3060
 3060
 3072
 3094
 3114
 3126
 3132
 3142
 3154
 3162
 3170
 3178
 3186
 3188
 3192
 3194
 3196
 3198
 3198
 3198
 3196
 3182
 3164
 3146
 3128
 3116
 3092
 3062
 3030
 2998
 2958
 2916
 2874
 2830
 2782
 2732
 2680
 2632
 2590
 2546
 2504
 2468
 2430
 2390
 2354
 2322
 2298
 2270
 2236
 2206
 2178
 2154
 2124
 2100
 2082
 2066
 2054
 2046
 2046
 2050
 2056
 2064
 2080
 2094
 2110
 2132
 2158
 2190
 2222
 2252
 2282
 2318
 2348
 2374
 2404
 2430
 2458
 2486
 2514
 2538
 2562
 2588
 2608
 2636
 2660
 2684
 2708
 2738
 2782
 2818
 2850
 2876
 2900
 2924
 2942
 2964
 2978
 2994
 3008
 3020
 3034
 3042
 3050
 3060
 3074
 3082
 3092
 3104
 3130
 3160
 3182
 3198
 3210
 3226
 3236
 3246
 3256
 3266
 3276
 3286
 3296
 3308
 3322
 3334
 3352
 3366
 3372
 3378
 3390
 3414
 3442
 3460
 3472
 3486
 3498
 3508
 3518
 3528
 3538
 3544
 3550
 3554
 3558
 3566
 3572
 3576
 3576
 3574
 3572
 3580
 3598
 3610
 3616
 3622
 3626
 3628
 3626
 3624
 3622
 3618
 3610
 3602
 3594
 3590
 3586
 3584
 3574
 3564
 3554
 3554
 3566
 3572
 3574
 3578
 3578
 3576
 3566
 3556
 3542
 3524
 3498
 3468
 3436
 3402
 3366
 3328
 3280
 3228
 3182
 3142
 3112
 3072
 3024
 2976
 2934
 2890
 2846
 2804
 2758
 2712
 2664
 2618
 2572
 2526
 2484
 2446
 2408
 2368
 2332
 2306
 2284
 2256
 2230
 2202
 2180
 2158
 2134
 2114
 2096
 2078
 2060
 2042
 2028
 2016
 2006
 1998
 1986
 1974
 1962
 1956
 1952
 1946
 1940
 1932
 1924
 1922
 1916
 1912
 1910
 1904
 1900
 1896
 1894
 1892
 1890
 1888
 1888
 1888
 1886
 1886
 1888
 1896
 1896
 1896
 1896
 1898
 1900
 1900
 1900
 1902
 1904
 1906
 1908
 1912
 1914
 1916
 1920
 1924
 1932
 1936
 1942
 1950
 1962
 1974
 1982
 1990
 2004
 2018
 2030
 2040
 2052
 2066
 2076
 2088
 2102
 2118
 2140
 2158
 2174
 2194
 2220
 2244
 2266
 2288
 2314
 2352
 2384
 2406
 2426
 2448
 2470
 2488
 2508
 2528
 2548
 2568
 2584
 2604
 2626
 2644
 2660
 2674
 2688
 2704
 2718
 2732
 2748
 2764
 2784
 2816
 2840
 2860
 2876
 2894
 2910
 2920
 2930
 2942
 2954
 2964
 2972
 2976
 2984
 2994
 3006
 3020
 3032
 3044
 3058
 3066
 3068
 3072
 3082
 3104
 3118
 3128
 3138
 3148
 3156
 3164
 3176
 3186
 3192
 3200
 3206
 3212
 3214
 3218
 3224
 3228
 3228
 3226
 3224
 3218
 3214
 3214
 3214
 3218
 3214
 3204
 3190
 3174
 3154
 3132
 3110
 3082
 3052
 3020
 2986
 2954
 2918
 2880
 2844
 2806
 2770
 2736
 2702
 2670
 2644
 2624
 2604
 2578
 2548
 2520
 2492
 2464
 2438
 2412
 2390
 2366
 2344
 2328
 2318
 2312
 2310
 2310
 2316
 2324
 2334
 2346
 2364
 2384
 2412
 2436
 2456
 2476
 2498
 2516
 2534
 2554
 2570
 2588
 2604
 2620
 2638
 2652
 2664
 2676
 2686
 2694
 2702
 2708
 2716
 2728
 2748
 2764
 2776
 2786
 2794
 2802
 2808
 2816
 2824
 2834
 2842
 2850
 2860
 2870
 2880
 2888
 2892
 2892
 2890
 2890
 2886
 2886
 2888
 2902
 2912
 2916
 2914
 2906
 2896
 2880
 2866
 2848
 2822
 2796
 2768
 2740
 2712
 2684
 2654
 2626
 2598
 2572
 2546
 2514
 2490
 2468
 2452
 2436
 2414
 2392
 2372
 2354
 2332
 2312
 2300
 2288
 2280
 2278
 2280
 2290
 2302
 2320
 2340
 2364
 2392
 2418
 2442
 2468
 2500
 2538
 2570
 2596
 2620
 2646
 2670
 2692
 2712
 2734
 2756
 2776
 2794
 2812
 2832
 2852
 2868
 2880
 2890
 2898
 2904
 2908
 2916
 2924
 2948
 2970
 2986
 2998
 3012
 3028
 3040
 3056
 3070
 3082
 3090
 3100
 3108
 3116
 3124
 3132
 3140
 3146
 3152
 3156
 3154
 3150
 3148
 3152
 3150
 3134
 3114
 3092
 3072
 3048
 3022
 2994
 2964
 2932
 2898
 2862
 2828
 2794
 2758
 2724
 2692
 2662
 2632
 2598
 2570
 2546
 2528
 2504
 2478
 2450
 2424
 2400
 2374
 2350
 2328
 2304
 2284
 2264
 2254
 2244
 2238
 2240
 2242
 2248
 2256
 2262
 2278
 2296
 2322
 2344
 2362
 2378
 2398
 2414
 2426
 2438
 2454
 2468
 2480
 2492
 2504
 2514
 2526
 2536
 2546
 2558
 2572
 2580
 2594
 2608
 2630
 2654
 2672
 2688
 2702
 2720
 2732
 2744
 2758
 2772
 2788
 2798
 2810
 2822
 2832
 2842
 2848
 2854
 2864
 2872
 2880
 2886
 2896
 2918
 2936
 2944
 2948
 2954
 2958
 2954
 2944
 2932
 2912
 2886
 2856
 2826
 2794
 2764
 2730
 2698
 2668
 2638
 2606
 2572
 2544
 2522
 2506
 2482
 2454
 2428
 2406
 2382
 2354
 2332
 2306
 2282
 2256
 2230
 2206
 2182
 2160
 2142
 2128
 2122
 2120
 2118
 2122
 2132
 2154
 2176
 2198
 2218
 2244
 2272
 2292
 2318
 2348
 2376
 2402
 2426
 2452
 2478
 2506
 2532
 2556
 2580
 2608
 2634
 2658
 2682
 2712
 2750
 2782
 2806
 2828
 2856
 2884
 2904
 2926
 2944
 2954
 2966
 2974
 2988
 3000
 3012
 3024
 3034
 3044
 3054
 3060
 3064
 3072
 3082
 3104
 3122
 3130
 3138
 3142
 3144
 3136
 3128
 3112
 3092
 3066
 3034
 3000
 2966
 2930
 2892
 2848
 2808
 2774
 2734
 2696
 2668
 2644
 2624
 2600
 2570
 2540
 2514
 2486
 2452
 2424
 2394
 2360
 2326
 2296
 2268
 2240
 2212
 2188
 2170
 2158
 2150
 2144
 2148
 2160
 2178
 2194
 2208
 2226
 2246
 2268
 2284
 2308
 2330
 2354
 2374
 2390
 2410
 2430
 2450
 2470
 2490
 2516
 2538
 2556
 2576
 2602
 2640
 2672
 2696
 2718
 2740
 2764
 2786
 2810
 2836
 2862
 2882
 2902
 2922
 2938
 2950
 2964
 2976
 2990
 3004
 3010
 3014
 3026
 3050
 3080
 3098
 3112
 3124
 3136
 3148
 3156
 3170
 3180
 3190
 3198
 3208
 3218
 3228
 3240
 3250
 3254
 3264
 3272
 3278
 3284
 3296
 3326
 3352
 3368
 3382
 3392
 3404
 3414
 3426
 3434
 3442
 3448
 3454
 3460
 3464
 3466
 3470
 3472
 3480
 3484
 3482
 3480
 3482
 3494
 3512
 3520
 3526
 3530
 3536
 3536
 3534
 3534
 3532
 3530
 3528
 3524
 3524
 3524
 3522
 3516
 3512
 3508
 3500
 3492
 3480
 3476
 3476
 3468
 3452
 3432
 3404
 3372
 3336
 3296
 3254
 3204
 3152
 3100
 3044
 2986
 2926
 2866
 2810
 2758
 2702
 2650
 2604
 2564
 2520
 2470
 2420
 2370
 2324
 2274
 2226
 2176
 2128
 2076
 2024
 1978
 1936
 1894
 1856
 1820
 1788
 1754
 1726
 1702
 1684
 1664
 1640
 1614
 1588
 1562
 1538
 1516
 1500
 1484
 1470
 1458
 1454
 1454
 1454
 1458
 1464
 1474
 1486
 1500
 1518
 1538
 1552
 1568
 1588
 1616
 1638
 1668
 1694
 1722
 1752
 1780
 1812
 1842
 1874
 1906
 1936
 1956
 1968
 1980
 1992
 2004
 2016
 2026
 2034
 2042
 2042
 2046
 2048
 2048
 2046
 2046
 2044
 2042
 2044
 2048
 2054
 2066
 2084
 2116
 2152
 2180
 2210
 2244
 2278
 2308
 2340
 2370
 2398
 2428
 2454
 2480
 2508
 2538
 2564
 2592
 2616
 2644
 2684
 2714
 2738
 2756
 2778
 2796
 2816
 2840
 2864
 2882
 2900
 2916
 2934
 2952
 2966
 2982
 2990
 3000
 3012
 3034
 3060
 3074
 3086
 3094
 3104
 3112
 3120
 3126
 3134
 3138
 3140
 3146
 3150
 3154
 3158
 3164
 3166
 3166
 3164
 3168
 3182
 3190
 3192
 3194
 3196
 3196
 3198
 3204
 3206
 3206
 3206
 3208
 3208
 3208
 3208
 3206
 3208
 3206
 3202
 3198
 3194
 3202
 3204
 3200
 3190
 3176
 3158
 3138
 3116
 3088
 3056
 3020
 2986
 2946
 2904
 2862
 2816
 2766
 2720
 2676
 2628
 2582
 2540
 2504
 2472
 2430
 2384
 2338
 2294
 2244
 2196
 2148
 2098
 2050
 2000
 1956
 1910
 1864
 1822
 1778
 1740
 1708
 1676
 1646
 1622
 1604
 1588
 1568
 1548
 1532
 1518
 1500
 1476
 1458
 1444
 1426
 1408
 1392
 1378
 1366
 1352
 1336
 1326
 1316
 1308
 1304
 1296
 1292
 1288
 1284
 1274
 1266
 1256
 1248
 1238
 1230
 1216
 1202
 1186
 1174
 1164
 1152
 1140
 1130
 1126
 1118
 1112
 1100
 1090
 1090
 1086
 1080
 1076
 1070
 1068
 1064
 1056
 1044
 1034
 1026
 1014
 1004
 996
 992
 990
 988
 986
 986
 986
 990
 990
 996
 996
 996
 996
 998
 996
 992
 988
 988
 986
 982
 982
 984
 984
 988
 990
 990
 994
 1002
 1004
 1008
 1014
 1018
 1022
 1028
 1030
 1032
 1036
 1038
 1042
 1046
 1048
 1052
 1060
 1066
 1072
 1078
 1086
 1096
 1106
 1118
 1128
 1138
 1152
 1164
 1178
 1192
 1204
 1220
 1236
 1250
 1262
 1274
 1288
 1304
 1318
 1332
 1344
 1358
 1372
 1388
 1400
 1416
 1434
 1452
 1468
 1486
 1504
 1530
 1550
 1568
 1584
 1600
 1614
 1624
 1638
 1650
 1662
 1674
 1686
 1700
 1710
 1722
 1738
 1752
 1764
 1784
 1804
 1820
 1840
 1862
 1892
 1920
 1946
 1968
 1992
 2016
 2040
 2064
 2090
 2114
 2138
 2164
 2192
 2222
 2254
 2284
 2312
 2340
 2372
 2402
 2428
 2454
 2484
 2520
 2560
 2592
 2616
 2642
 2666
 2688
 2708
 2730
 2752
 2770
 2788
 2804
 2822
 2836
 2854
 2868
 2880
 2890
 2894
 2898
 2902
 2908
 2920
 2942
 2956
 2968
 2980
 2988
 2994
 3000
 3006
 3012
 3020
 3024
 3028
 3032
 3034
 3038
 3038
 3040
 3044
 3048
 3046
 3044
 3050
 3064
 3080
 3094
 3100
 3104
 3110
 3114
 3116
 3118
 3122
 3124
 3126
 3132
 3134
 3138
 3142
 3146
 3152
 3154
 3156
 3154
 3160
 3174
 3186
 3194
 3198
 3204
 3206
 3208
 3212
 3214
 3216
 3218
 3214
 3212
 3214
 3212
 3212
 3210
 3210
 3208
 3206
 3204
 3208
 3220
 3226
 3230
 3234
 3232
 3230
 3228
 3226
 3224
 3220
 3216
 3214
 3212
 3208
 3204
 3200
 3198
 3192
 3186
 3180
 3182
 3186
 3186
 3184
 3180
 3178
 3176
 3174
 3174
 3170
 3170
 3168
 3166
 3166
 3162
 3160
 3158
 3158
 3152
 3146
 3144
 3152
 3154
 3152
 3146
 3144
 3140
 3138
 3136
 3132
 3128
 3122
 3120
 3116
 3112
 3110
 3106
 3106
 3100
 3092
 3086
 3086
 3092
 3094
 3092
 3092
 3092
 3092
 3090
 3086
 3084
 3080
 3078
 3074
 3070
 3070
 3066
 3064
 3064
 3056
 3050
 3046
 3046
 3052
 3054
 3052
 3052
 3052
 3052
 3048
 3048
 3044
 3042
 3040
 3036
 3034
 3032
 3030
 3028
 3022
 3020
 3014
 3010
 3008
 3008
 3012
 3012
 3010
 3010
 3010
 3010
 3010
 3010
 3006
 3002
 2998
 2996
 2994
 2992
 2988
 2988
 2986
 2984
 2978
 2972
 2972
 2976
 2976
 2970
 2958
 2944
 2922
 2894
 2862
 2824
 2786
 2746
 2704
 2666
 2628
 2588
 2550
 2512
 2472
 2432
 2394
 2358
 2328
 2296
 2258
 2222
 2186
 2152
 2116
 2080
 2044
 2010
 1976
 1940
 1912
 1880
 1852
 1822
 1798
 1772
 1748
 1726
 1704
 1684
 1666
 1644
 1622
 1598
 1572
 1548
 1524
 1500
 1480
 1456
 1440
 1422
 1402
 1384
 1372
 1360
 1348
 1334
 1316
 1304
 1294
 1282
 1270
 1258
 1248
 1232
 1216
 1200
 1180
 1164
 1154
 1144
 1136
 1130
 1128
 1126
 1120
 1114
 1110
 1108
 1110
 1110
 1106
 1102
 1102
 1102
 1096
 1092
 1088
 1082
 1082
 1078
 1080
 1080
 1082
 1086
 1090
 1094
 1096
 1102
 1108
 1112
 1118
 1120
 1124
 1132
 1136
 1138
 1144
 1150
 1154
 1162
 1164
 1166
 1172
 1180
 1186
 1192
 1196
 1200
 1206
 1210
 1218
 1224
 1230
 1240
 1244
 1250
 1254
 1262
 1268
 1274
 1280
 1284
 1288
 1294
 1302
 1310
 1316
 1322
 1332
 1342
 1350
 1356
 1362
 1370
 1376
 1378
 1380
 1384
 1386
 1388
 1390
 1390
 1392
 1396
 1402
 1406
 1408
 1416
 1424
 1430
 1436
 1440
 1444
 1450
 1454
 1458
 1460
 1462
 1466
 1470
 1470
 1470
 1474
 1478
 1482
 1484
 1484
 1488
 1494
 1500
 1504
 1506
 1510
 1516
 1518
 1522
 1524
 1526
 1532
 1534
 1536
 1536
 1538
 1542
 1542
 1544
 1546
 1548
 1550
 1554
 1558
 1560
 1564
 1566
 1572
 1578
 1578
 1582
 1586
 1588
 1588
 1590
 1592
 1596
 1598
 1600
 1600
 1604
 1608
 1610
 1612
 1616
 1618
 1622
 1624
 1626
 1630
 1634
 1640
 1646
 1652
 1652
 1656
 1660
 1664
 1666
 1666
 1668
 1672
 1674
 1676
 1678
 1678
 1682
 1688
 1690
 1690
 1690
 1696
 1698
 1700
 1702
 1706
 1718
 1734
 1750
 1774
 1802
 1828
 1854
 1874
 1898
 1918
 1938
 1958
 1978
 1998
 2020
 2042
 2062
 2080
 2106
 2128
 2150
 2172
 2190
 2206
 2218
 2232
 2242
 2252
 2262
 2270
 2280
 2290
 2300
 2310
 2320
 2330
 2342
 2352
 2364
 2378
 2400
 2420
 2434
 2448
 2460
 2474
 2486
 2500
 2512
 2522
 2534
 2544
 2554
 2562
 2570
 2578
 2584
 2594
 2604
 2612
 2622
 2632
 2650
 2666
 2678
 2684
 2692
 2700
 2706
 2714
 2722
 2728
 2734
 2740
 2746
 2750
 2754
 2756
 2760
 2766
 2768
 2772
 2778
 2790
 2802
 2806
 2808
 2812
 2814
 2814
 2814
 2818
 2816
 2814
 2812
 2806
 2802
 2798
 2794
 2794
 2792
 2794
 2796
 2802
 2810
 2810
 2806
 2802
 2798
 2790
 2780
 2772
 2762
 2752
 2744
 2742
 2740
 2742
 2744
 2744
 2744
 2744
 2744
 2750
 2758
 2760
 2764
 2766
 2766
 2766
 2766
 2766
 2766
 2766
 2766
 2766
 2766
 2766
 2768
 2768
 2766
 2766
 2766
 2772
 2776
 2776
 2776
 2776
 2776
 2772
 2772
 2770
 2766
 2762
 2758
 2756
 2758
 2756
 2760
 2764
 2766
 2768
 2772
 2782
 2788
 2790
 2792
 2794
 2798
 2796
 2794
 2796
 2796
 2794
 2794
 2794
 2796
 2794
 2794
 2794
 2790
 2788
 2788
 2794
 2796
 2794
 2792
 2792
 2792
 2788
 2788
 2786
 2786
 2784
 2784
 2790
 2794
 2798
 2802
 2804
 2802
 2802
 2806
 2812
 2816
 2818
 2816
 2818
 2818
 2816
 2814
 2812
 2810
 2806
 2804
 2806
 2806
 2808
 2808
 2810
 2810
 2808
 2812
 2814
 2824
 2828
 2830
 2832
 2836
 2834
 2832
 2830
 2830
 2830
 2828
 2828
 2828
 2828
 2826
 2826
 2828
 2826
 2824
 2826
 2834
 2842
 2842
 2842
 2844
 2844
 2844
 2840
 2840
 2838
 2836
 2836
 2834
 2832
 2830
 2824
 2820
 2818
 2818
 2820
 2820
 2820
 2810
 2790
 2762
 2728
 2694
 2656
 2614
 2572
 2528
 2478
 2430
 2382
 2338
 2294
 2248
 2210
 2174
 2134
 2094
 2052
 2014
 1978
 1942
 1906
 1874
 1838
 1796
 1754
 1712
 1674
 1634
 1596
 1556
 1516
 1484
 1450
 1418
 1386
 1356
 1328
 1308
 1288
 1266
 1246
 1230
 1212
 1194
 1178
 1162
 1146
 1132
 1116
 1102
 1086
 1078
 1070
 1058
 1048
 1040
 1034
 1032
 1034
 1030
 1026
 1028
 1026
 1022
 1020
 1020
 1020
 1016
 1014
 1014
 1012
 1018
 1020
 1020
 1020
 1020
 1026
 1028
 1030
 1028
 1026
 1028
 1026
 1026
 1024
 1026
 1028
 1028
 1032
 1030
 1034
 1042
 1048
 1050
 1052
 1058
 1062
 1064
 1068
 1068
 1072
 1076
 1080
 1084
 1086
 1092
 1100
 1106
 1112
 1120
 1124
 1132
 1140
 1144
 1148
 1156
 1166
 1172
 1180
 1186
 1194
 1204
 1210
 1214
 1222
 1226
 1232
 1236
 1240
 1242
 1248
 1256
 1258
 1262
 1264
 1272
 1282
 1284
 1288
 1294
 1300
 1302
 1306
 1308
 1310
 1312
 1318
 1320
 1322
 1322
 1324
 1334
 1340
 1344
 1346
 1350
 1358
 1364
 1364
 1366
 1372
 1378
 1380
 1384
 1386
 1386
 1392
 1394
 1396
 1398
 1402
 1406
 1410
 1412
 1416
 1416
 1420
 1428
 1430
 1432
 1436
 1444
 1448
 1452
 1456
 1460
 1462
 1466
 1468
 1468
 1470
 1474
 1476
 1478
 1478
 1480
 1486
 1492
 1496
 1498
 1502
 1508
 1512
 1512
 1514
 1516
 1520
 1520
 1520
 1522
 1524
 1530
 1532
 1536
 1540
 1542
 1546
 1550
 1554
 1556
 1558
 1562
 1566
 1568
 1570
 1574
 1580
 1582
 1584
 1586
 1588
 1590
 1592
 1594
 1598
 1600
 1606
 1608
 1614
 1614
 1618
 1620
 1626
 1628
 1630
 1634
 1638
 1640
 1640
 1640
 1644
 1648
 1650
 1654
 1656
 1660
 1662
 1664
 1668
 1672
 1674
 1678
 1684
 1688
 1688
 1692
 1696
 1700
 1702
 1702
 1702
 1706
 1708
 1710
 1710
 1712
 1716
 1716
 1716
 1720
 1722
 1726
 1728
 1732
 1734
 1736
 1740
 1744
 1752
 1764
 1776
 1792
 1812
 1830
 1848
 1868
 1892
 1916
 1938
 1958
 1978
 2008
 2038
 2066
 2092
 2116
 2140
 2164
 2186
 2206
 2230
 2254
 2272
 2294
 2314
 2334
 2352
 2368
 2386
 2404
 2422
 2440
 2464
 2494
 2518
 2542
 2568
 2592
 2612
 2628
 2640
 2656
 2670
 2680
 2690
 2700
 2712
 2726
 2736
 2744
 2758
 2764
 2772
 2784
 2802
 2818
 2832
 2842
 2854
 2866
 2876
 2890
 2904
 2918
 2928
 2932
 2936
 2942
 2944
 2946
 2950
 2954
 2954
 2958
 2964
 2974
 2976
 2970
 2962
 2954
 2948
 2942
 2936
 2936
 2936
 2932
 2926
 2922
 2918
 2916
 2914
 2910
 2906
 2904
 2906
 2906
 2898
 2884
 2874
 2860
 2844
 2820
 2796
 2770
 2742
 2714
 2688
 2660
 2634
 2608
 2582
 2556
 2532
 2516
 2496
 2474
 2452
 2426
 2402
 2376
 2348
 2322
 2296
 2270
 2248
 2228
 2210
 2196
 2182
 2168
 2158
 2152
 2142
 2130
 2120
 2110
 2098
 2086
 2074
 2062
 2052
 2040
 2028
 2022
 2018
 2014
 2016
 2012
 2010
 2012
 2012
 2010
 2010
 2006
 2004
 2000
 1998
 1994
 1992
 1988
 1988
 1988
 1990
 1992
 1994
 1996
 2000
 2006
 2010
 2012
 2014
 2018
 2020
 2022
 2024
 2028
 2034
 2036
 2040
 2044
 2048
 2054
 2060
 2066
 2072
 2078
 2086
 2096
 2104
 2112
 2120
 2130
 2142
 2152
 2162
 2170
 2180
 2192
 2202
 2212
 2222
 2236
 2252
 2268
 2286
 2302
 2318
 2336
 2360
 2382
 2398
 2416
 2438
 2456
 2474
 2494
 2512
 2532
 2552
 2570
 2590
 2610
 2628
 2644
 2664
 2682
 2700
 2714
 2728
 2750
 2772
 2788
 2804
 2818
 2832
 2846
 2860
 2874
 2888
 2900
 2912
 2916
 2926
 2936
 2944
 2954
 2962
 2972
 2978
 2986
 2994
 3004
 3014
 3022
 3026
 3034
 3044
 3050
 3058
 3064
 3066
 3064
 3066
 3066
 3066
 3062
 3056
 3054
 3050
 3046
 3042
 3036
 3030
 3022
 3008
 2994
 2976
 2960
 2940
 2920
 2896
 2874
 2848
 2824
 2798
 2774
 2750
 2728
 2706
 2682
 2660
 2638
 2620
 2606
 2588
 2568
 2552
 2532
 2512
 2490
 2466
 2444
 2420
 2394
 2372
 2350
 2330
 2312
 2298
 2282
 2268
 2256
 2248
 2240
 2234
 2228
 2224
 2224
 2220
 2216
 2216
 2216
 2212
 2212
 2214
 2216
 2218
 2222
 2222
 2226
 2228
 2232
 2234
 2234
 2236
 2236
 2236
 2236
 2242
 2246
 2248
 2250
 2254
 2258
 2266
 2274
 2286
 2296
 2306
 2316
 2332
 2344
 2352
 2364
 2378
 2392
 2404
 2418
 2432
 2448
 2462
 2474
 2486
 2498
 2514
 2530
 2546
 2564
 2586
 2614
 2640
 2662
 2686
 2706
 2726
 2742
 2762
 2780
 2798
 2812
 2828
 2840
 2852
 2870
 2888
 2900
 2908
 2918
 2930
 2950
 2966
 2976
 2988
 3002
 3016
 3032
 3048
 3060
 3070
 3078
 3082
 3088
 3092
 3096
 3098
 3100
 3100
 3102
 3106
 3112
 3108
 3092
 3074
 3056
 3032
 3008
 2982
 2950
 2920
 2886
 2852
 2816
 2780
 2748
 2716
 2684
 2656
 2632
 2614
 2590
 2564
 2540
 2518
 2496
 2468
 2442
 2416
 2388
 2360
 2332
 2308
 2284
 2262
 2244
 2230
 2222
 2218
 2220
 2220
 2224
 2232
 2238
 2248
 2254
 2264
 2272
 2280
 2288
 2296
 2302
 2314
 2328
 2342
 2356
 2372
 2390
 2414
 2432
 2448
 2464
 2486
 2502
 2518
 2536
 2552
 2568
 2580
 2592
 2608
 2624
 2642
 2658
 2670
 2686
 2704
 2730
 2752
 2768
 2782
 2800
 2816
 2830
 2846
 2858
 2872
 2882
 2888
 2898
 2906
 2920
 2932
 2942
 2952
 2966
 2984
 3004
 3016
 3028
 3040
 3052
 3060
 3070
 3082
 3094
 3104
 3106
 3108
 3106
 3104
 3102
 3100
 3092
 3086
 3082
 3084
 3090
 3088
 3078
 3062
 3046
 3024
 2998
 2972
 2942
 2910
 2874
 2836
 2800
 2764
 2730
 2700
 2674
 2644
 2616
 2588
 2570
 2548
 2522
 2498
 2472
 2448
 2420
 2396
 2366
 2334
 2300
 2266
 2236
 2202
 2174
 2152
 2128
 2108
 2096
 2084
 2076
 2068
 2062
 2056
 2056
 2056
 2056
 2058
 2062
 2066
 2072
 2078
 2086
 2096
 2110
 2124
 2138
 2152
 2166
 2184
 2200
 2212
 2230
 2248
 2266
 2280
 2296
 2310
 2328
 2346
 2360
 2378
 2398
 2416
 2438
 2458
 2482
 2508
 2536
 2570
 2596
 2618
 2640
 2666
 2686
 2702
 2724
 2742
 2760
 2776
 2792
 2806
 2820
 2834
 2850
 2864
 2874
 2884
 2902
 2926
 2944
 2946
 2952
 2960
 2970
 2974
 2982
 2990
 2994
 2996
 2998
 2994
 2990
 2984
 2980
 2978
 2972
 2962
 2950
 2940
 2920
 2894
 2864
 2834
 2806
 2772
 2738
 2704
 2668
 2632
 2596
 2562
 2530
 2498
 2470
 2444
 2414
 2388
 2364
 2346
 2328
 2306
 2280
 2256
 2232
 2200
 2168
 2138
 2108
 2082
 2056
 2038
 2022
 2010
 2004
 2000
 1998
 1998
 2002
 2006
 2008
 2010
 2016
 2024
 2032
 2040
 2054
 2064
 2076
 2086
 2098
 2112
 2124
 2142
 2160
 2178
 2196
 2218
 2244
 2272
 2300
 2324
 2350
 2374
 2394
 2412
 2426
 2444
 2460
 2472
 2488
 2508
 2524
 2544
 2564
 2580
 2596
 2618
 2648
 2676
 2694
 2714
 2736
 2760
 2776
 2792
 2806
 2820
 2832
 2844
 2856
 2868
 2882
 2900
 2916
 2926
 2934
 2950
 2976
 2994
 3010
 3022
 3036
 3048
 3062
 3076
 3084
 3090
 3098
 3108
 3116
 3126
 3140
 3150
 3156
 3164
 3178
 3194
 3200
 3202
 3202
 3200
 3198
 3192
 3178
 3154
 3122
 3086
 3048
 3004
 2962
 2914
 2866
 2820
 2780
 2744
 2704
 2664
 2624
 2584
 2544
 2502
 2460
 2420
 2380
 2338
 2300
 2264
 2234
 2202
 2170
 2140
 2118
 2090
 2064
 2038
 2014
 1992
 1966
 1944
 1924
 1910
 1894
 1884
 1878
 1876
 1876
 1876
 1876
 1880
 1884
 1892
 1900
 1908
 1918
 1924
 1932
 1942
 1952
 1958
 1968
 1982
 2000
 2014
 2028
 2046
 2072
 2094
 2114
 2136
 2160
 2182
 2200
 2220
 2240
 2258
 2276
 2298
 2320
 2342
 2364
 2386
 2414
 2450
 2482
 2506
 2532
 2562
 2584
 2606
 2624
 2638
 2654
 2664
 2676
 2688
 2702
 2714
 2728
 2744
 2772
 2796
 2812
 2828
 2850
 2868
 2882
 2898
 2906
 2906
 2898
 2880
 2862
 2834
 2798
 2756
 2722
 2684
 2640
 2592
 2550
 2520
 2488
 2464
 2448
 2440
 2434
 2432
 2436
 2440
 2442
 2446
 2452
 2458
 2460
 2462
 2466
 2470
 2468
 2462
 2454
 2440
 2420
 2398
 2378
 2360
 2338
 2314
 2294
 2278
 2256
 2230
 2206
 2186
 2164
 2144
 2126
 2112
 2100
 2090
 2090
 2090
 2092
 2098
 2112
 2118
 2124
 2132
 2142
 2154
 2164
 2172
 2180
 2190
 2198
 2208
 2216
 2222
 2226
 2234
 2234
 2230
 2226
 2224
 2218
 2210
 2202
 2192
 2182
 2172
 2162
 2152
 2136
 2126
 2120
 2108
 2098
 2088
 2080
 2068
 2058
 2048
 2036
 2026
 2022
 2022
 2020
 2020
 2024
 2032
 2034
 2038
 2044
 2050
 2060
 2068
 2080
 2092
 2102
 2110
 2124
 2132
 2142
 2152
 2170
 2184
 2192
 2206
 2220
 2232
 2242
 2254
 2262
 2272
 2282
 2294
 2312
 2326
 2338
 2356
 2388
 2416
 2438
 2464
 2494
 2524
 2554
 2580
 2604
 2622
 2636
 2652
 2668
 2690
 2706
 2728
 2762
 2798
 2822
 2842
 2866
 2894
 2920
 2946
 2974
 3000
 3012
 3024
 3038
 3056
 3072
 3082
 3098
 3122
 3156
 3178
 3192
 3206
 3218
 3226
 3236
 3242
 3248
 3250
 3252
 3254
 3260
 3264
 3264
 3270
 3288
 3306
 3314
 3320
 3326
 3332
 3336
 3338
 3332
 3320
 3304
 3288
 3278
 3274
 3270
 3268
 3262
 3270
 3274
 3272
 3272
 3270
 3266
 3264
 3258
 3244
 3222
 3202
 3180
 3164
 3142
 3110
 3094
 3082
 3064
 3028
 2976
 2922
 2864
 2804
 2744
 2682
 2624
 2570
 2520
 2478
 2432
 2390
 2352
 2322
 2290
 2256
 2226
 2202
 2174
 2142
 2112
 2084
 2056
 2036
 2022
 2004
 1982
 1966
 1962
 1952
 1942
 1934
 1928
 1920
 1914
 1912
 1914
 1912
 1912
 1912
 1914
 1916
 1920
 1932
 1938
 1942
 1946
 1952
 1956
 1962
 1968
 1974
 1982
 1988
 2002
 2018
 2032
 2046
 2072
 2102
 2132
 2164
 2198
 2234
 2268
 2300
 2330
 2360
 2394
 2430
 2472
 2518
 2552
 2588
 2642
 2694
 2736
 2774
 2818
 2860
 2896
 2932
 2966
 2998
 3024
 3042
 3062
 3086
 3106
 3124
 3156
 3194
 3222
 3246
 3270
 3288
 3304
 3320
 3336
 3348
 3356
 3366
 3378
 3390
 3402
 3402
 3404
 3410
 3430
 3446
 3448
 3452
 3454
 3454
 3452
 3446
 3438
 3430
 3424
 3416
 3402
 3396
 3390
 3380
 3372
 3372
 3376
 3366
 3352
 3342
 3330
 3316
 3306
 3300
 3292
 3282
 3270
 3266
 3262
 3258
 3252
 3250
 3254
 3268
 3276
 3272
 3272
 3278
 3284
 3290
 3302
 3312
 3320
 3326
 3330
 3326
 3324
 3320
 3314
 3310
 3314
 3318
 3318
 3318
 3316
 3310
 3298
 3282
 3258
 3226
 3186
 3140
 3092
 3038
 2982
 2924
 2876
 2828
 2770
 2714
 2660
 2612
 2562
 2512
 2462
 2416
 2366
 2320
 2280
 2240
 2196
 2154
 2124
 2098
 2064
 2032
 2002
 1974
 1942
 1914
 1886
 1860
 1834
 1810
 1792
 1776
 1758
 1742
 1736
 1726
 1716
 1706
 1700
 1694
 1686
 1682
 1678
 1672
 1664
 1660
 1658
 1656
 1654
 1650
 1652
 1654
 1652
 1650
 1646
 1644
 1642
 1640
 1640
 1636
 1636
 1636
 1636
 1634
 1634
 1640
 1646
 1646
 1646
 1646
 1646
 1646
 1646
 1644
 1644
 1644
 1648
 1652
 1658
 1662
 1662
 1670
 1674
 1678
 1682
 1690
 1698
 1704
 1710
 1714
 1718
 1722
 1728
 1736
 1744
 1752
 1760
 1772
 1782
 1788
 1794
 1800
 1806
 1806
 1808
 1812
 1816
 1820
 1822
 1826
 1828
 1834
 1834
 1834
 1836
 1832
 1830
 1830
 1826
 1822
 1818
 1814
 1808
 1804
 1796
 1794
 1796
 1798
 1800
 1802
 1804
 1812
 1816
 1818
 1822
 1824
 1830
 1832
 1836
 1838
 1840
 1844
 1848
 1850
 1854
 1860
 1866
 1870
 1874
 1882
 1880
 1886
 1888
 1888
 1888
 1888
 1888
 1888
 1886
 1884
 1882
 1882
 1882
 1884
 1884
 1884
 1886
 1890
 1888
 1886
 1890
 1898
 1902
 1904
 1910
 1914
 1920
 1924
 1932
 1944
 1954
 1972
 1990
 2006
 2026
 2056
 2084
 2112
 2138
 2166
 2198
 2228
 2254
 2276
 2300
 2326
 2352
 2378
 2402
 2426
 2458
 2482
 2506
 2532
 2570
 2600
 2620
 2646
 2676
 2704
 2726
 2746
 2768
 2790
 2810
 2832
 2848
 2864
 2884
 2906
 2926
 2940
 2960
 2990
 3016
 3036
 3058
 3080
 3102
 3120
 3136
 3150
 3160
 3170
 3180
 3188
 3196
 3202
 3204
 3204
 3204
 3212
 3216
 3214
 3210
 3202
 3188
 3164
 3140
 3114
 3082
 3046
 3010
 2974
 2942
 2910
 2876
 2842
 2810
 2784
 2758
 2728
 2694
 2662
 2630
 2594
 2560
 2528
 2494
 2462
 2430
 2400
 2372
 2348
 2320
 2292
 2268
 2252
 2230
 2208
 2190
 2172
 2154
 2136
 2122
 2110
 2094
 2084
 2078
 2074
 2072
 2066
 2062
 2060
 2062
 2058
 2058
 2058
 2062
 2060
 2062
 2062
 2062
 2062
 2062
 2066
 2068
 2070
 2072
 2074
 2084
 2090
 2096
 2104
 2112
 2124
 2130
 2138
 2146
 2152
 2160
 2168
 2180
 2196
 2204
 2214
 2232
 2260
 2284
 2308
 2332
 2358
 2384
 2416
 2446
 2476
 2500
 2522
 2548
 2576
 2606
 2630
 2652
 2680
 2722
 2750
 2772
 2798
 2824
 2848
 2868
 2892
 2914
 2940
 2964
 2984
 3004
 3030
 3054
 3076
 3098
 3132
 3176
 3210
 3234
 3262
 3294
 3328
 3356
 3380
 3396
 3410
 3428
 3442
 3456
 3470
 3482
 3490
 3500
 3522
 3554
 3576
 3586
 3594
 3604
 3612
 3620
 3628
 3634
 3642
 3648
 3652
 3658
 3666
 3670
 3672
 3670
 3678
 3696
 3706
 3706
 3696
 3678
 3654
 3626
 3594
 3556
 3514
 3470
 3428
 3386
 3344
 3298
 3252
 3210
 3178
 3146
 3100
 3052
 3004
 2960
 2910
 2860
 2812
 2764
 2718
 2678
 2636
 2594
 2556
 2514
 2472
 2436
 2406
 2370
 2328
 2290
 2252
 2214
 2174
 2140
 2108
 2078
 2052
 2030
 2012
 1998
 1982
 1966
 1952
 1948
 1942
 1940
 1938
 1936
 1934
 1936
 1938
 1940
 1942
 1946
 1956
 1966
 1978
 1984
 1994
 2008
 2024
 2036
 2044
 2052
 2064
 2076
 2086
 2100
 2112
 2124
 2138
 2152
 2164
 2180
 2194
 2206
 2220
 2242
 2264
 2282
 2306
 2330
 2356
 2376
 2394
 2412
 2430
 2448
 2466
 2484
 2504
 2530
 2550
 2572
 2602
 2642
 2674
 2700
 2726
 2752
 2778
 2800
 2820
 2842
 2862
 2878
 2896
 2916
 2932
 2948
 2966
 2980
 2994
 3010
 3038
 3068
 3086
 3098
 3114
 3128
 3140
 3158
 3172
 3180
 3188
 3196
 3204
 3212
 3220
 3230
 3236
 3240
 3244
 3260
 3270
 3272
 3274
 3278
 3280
 3274
 3278
 3278
 3272
 3258
 3238
 3216
 3190
 3166
 3138
 3102
 3068
 3036
 3014
 2982
 2940
 2902
 2868
 2830
 2792
 2748
 2710
 2672
 2634
 2600
 2570
 2542
 2516
 2490
 2466
 2446
 2434
 2416
 2398
 2382
 2370
 2352
 2340
 2330
 2326
 2320
 2320
 2320
 2326
 2334
 2344
 2352
 2362
 2376
 2394
 2404
 2414
 2426
 2436
 2446
 2454
 2464
 2476
 2488
 2500
 2514
 2528
 2544
 2562
 2578
 2594
 2616
 2646
 2666
 2682
 2698
 2712
 2726
 2740
 2754
 2768
 2782
 2796
 2808
 2822
 2840
 2860
 2876
 2890
 2904
 2918
 2928
 2938
 2950
 2966
 2978
 2988
 3000
 3014
 3024
 3036
 3050
 3062
 3072
 3082
 3088
 3094
 3100
 3116
 3136
 3148
 3154
 3160
 3168
 3170
 3170
 3172
 3172
 3170
 3170
 3168
 3166
 3162
 3162
 3156
 3148
 3138
 3132
 3124
 3102
 3076
 3050
 3018
 2984
 2948
 2906
 2866
 2824
 2782
 2742
 2702
 2664
 2628
 2590
 2556
 2530
 2506
 2476
 2446
 2418
 2386
 2352
 2320
 2288
 2256
 2226
 2194
 2164
 2138
 2116
 2098
 2080
 2064
 2056
 2050
 2042
 2036
 2028
 2026
 2018
 2012
 2008
 2004
 2002
 2002
 2006
 2008
 2012
 2016
 2022
 2028
 2040
 2046
 2050
 2056
 2060
 2064
 2066
 2070
 2074
 2078
 2084
 2090
 2096
 2102
 2110
 2118
 2124
 2132
 2148
 2162
 2174
 2190
 2206
 2222
 2234
 2246
 2258
 2272
 2286
 2302
 2318
 2334
 2354
 2376
 2396
 2416
 2444
 2478
 2506
 2532
 2554
 2576
 2598
 2620
 2636
 2654
 2670
 2684
 2700
 2718
 2736
 2754
 2774
 2792
 2810
 2836
 2874
 2908
 2926
 2940
 2958
 2974
 2990
 3006
 3020
 3030
 3042
 3052
 3066
 3076
 3088
 3100
 3116
 3124
 3130
 3148
 3180
 3204
 3218
 3226
 3234
 3242
 3250
 3258
 3262
 3266
 3272
 3276
 3284
 3288
 3290
 3292
 3298
 3298
 3298
 3298
 3306
 3310
 3304
 3296
 3290
 3276
 3258
 3242
 3218
 3194
 3166
 3138
 3110
 3076
 3042
 3010
 2978
 2940
 2904
 2870
 2846
 2818
 2782
 2742
 2708
 2674
 2640
 2604
 2570
 2538
 2506
 2474
 2440
 2406
 2376
 2346
 2320
 2286
 2258
 2234
 2218
 2200
 2178
 2160
 2142
 2124
 2104
 2088
 2072
 2058
 2042
 2030
 2016
 2002
 1992
 1986
 1978
 1974
 1976
 1980
 1984
 1990
 1998
 2010
 2024
 2034
 2042
 2050
 2060
 2068
 2078
 2088
 2098
 2108
 2120
 2134
 2144
 2156
 2174
 2194
 2206
 2222
 2236
 2252
 2262
 2274
 2284
 2296
 2308
 2320
 2332
 2348
 2360
 2372
 2390
 2408
 2422
 2438
 2460
 2484
 2500
 2514
 2528
 2542
 2554
 2566
 2576
 2590
 2600
 2610
 2622
 2632
 2642
 2654
 2670
 2686
 2698
 2716
 2744
 2770
 2786
 2806
 2826
 2846
 2862
 2878
 2896
 2908
 2916
 2922
 2934
 2950
 2962
 2978
 2994
 3006
 3014
 3018
 3030
 3042
 3050
 3052
 3058
 3060
 3062
 3068
 3072
 3074
 3074
 3072
 3070
 3066
 3058
 3042
 3026
 3004
 2980
 2954
 2938
 2916
 2886
 2854
 2822
 2790
 2754
 2722
 2686
 2656
 2622
 2592
 2558
 2528
 2500
 2474
 2446
 2418
 2392
 2376
 2362
 2340
 2320
 2300
 2284
 2262
 2246
 2234
 2226
 2222
 2220
 2222
 2226
 2234
 2248
 2256
 2266
 2278
 2300
 2314
 2326
 2340
 2354
 2368
 2380
 2390
 2404
 2422
 2436
 2452
 2470
 2486
 2504
 2522
 2538
 2556
 2576
 2608
 2634
 2650
 2666
 2686
 2704
 2720
 2734
 2752
 2768
 2780
 2794
 2810
 2826
 2842
 2858
 2872
 2884
 2894
 2912
 2936
 2946
 2954
 2958
 2968
 2974
 2984
 2994
 3004
 3010
 3016
 3020
 3022
 3014
 3008
 3004
 2994
 2982
 2974
 2974
 2968
 2952
 2932
 2910
 2884
 2850
 2816
 2780
 2740
 2698
 2658
 2618
 2580
 2542
 2506
 2472
 2434
 2400
 2370
 2346
 2318
 2288
 2256
 2226
 2196
 2160
 2126
 2092
 2060
 2028
 2002
 1980
 1960
 1944
 1936
 1926
 1924
 1922
 1926
 1928
 1932
 1936
 1944
 1952
 1960
 1966
 1976
 1984
 1994
 2004
 2014
 2022
 2034
 2048
 2060
 2074
 2084
 2104
 2120
 2134
 2148
 2164
 2180
 2192
 2204
 2214
 2226
 2238
 2248
 2264
 2282
 2302
 2326
 2352
 2376
 2402
 2438
 2472
 2498
 2528
 2562
 2594
 2618
 2638
 2658
 2678
 2692
 2708
 2728
 2742
 2758
 2778
 2798
 2816
 2834
 2854
 2884
 2914
 2932
 2950
 2966
 2982
 2996
 3008
 3022
 3036
 3048
 3058
 3066
 3076
 3088
 3098
 3106
 3112
 3118
 3126
 3144
 3168
 3180
 3184
 3186
 3182
 3168
 3150
 3130
 3104
 3070
 3036
 2994
 2954
 2914
 2872
 2830
 2786
 2744
 2706
 2678
 2642
 2604
 2562
 2528
 2492
 2452
 2414
 2376
 2338
 2300
 2262
 2226
 2190
 2156
 2128
 2096
 2066
 2042
 2026
 2008
 1988
 1970
 1952
 1936
 1920
 1908
 1898
 1890
 1886
 1884
 1884
 1892
 1900
 1910
 1920
 1932
 1946
 1962
 1974
 1988
 2000
 2016
 2028
 2040
 2052
 2064
 2080
 2096
 2114
 2132
 2150
 2174
 2194
 2216
 2238
 2272
 2310
 2342
 2368
 2398
 2430
 2456
 2480
 2502
 2526
 2546
 2564
 2584
 2606
 2628
 2654
 2680
 2702
 2722
 2748
 2790
 2828
 2856
 2878
 2902
 2924
 2938
 2950
 2962
 2974
 2986
 2996
 3004
 3012
 3022
 3034
 3044
 3052
 3060
 3074
 3098
 3120
 3130
 3138
 3150
 3158
 3162
 3168
 3172
 3178
 3180
 3184
 3190
 3194
 3196
 3200
 3204
 3206
 3208
 3214
 3226
 3230
 3228
 3228
 3228
 3226
 3220
 3220
 3218
 3214
 3208
 3200
 3194
 3190
 3184
 3178
 3168
 3150
 3132
 3118
 3104
 3080
 3048
 3018
 2984
 2950
 2910
 2872
 2830
 2786
 2746
 2706
 2666
 2628
 2596
 2564
 2532
 2500
 2474
 2456
 2432
 2406
 2376
 2346
 2314
 2278
 2244
 2210
 2176
 2142
 2110
 2082
 2056
 2036
 2016
 1996
 1974
 1958
 1950
 1940
 1930
 1922
 1916
 1910
 1908
 1906
 1906
 1910
 1910
 1912
 1916
 1924
 1932
 1940
 1948
 1960
 1976
 1994
 2008
 2022
 2038
 2056
 2070
 2084
 2096
 2110
 2126
 2138
 2150
 2164
 2178
 2196
 2216
 2236
 2256
 2274
 2302
 2334
 2360
 2384
 2410
 2440
 2456
 2476
 2494
 2512
 2530
 2548
 2564
 2584
 2604
 2626
 2650
 2678
 2702
 2730
 2758
 2800
 2838
 2868
 2890
 2904
 2922
 2936
 2952
 2966
 2976
 2988
 3000
 3014
 3026
 3034
 3044
 3054
 3064
 3072
 3078
 3086
 3110
 3134
 3146
 3152
 3160
 3168
 3176
 3184
 3192
 3200
 3208
 3212
 3220
 3222
 3228
 3232
 3236
 3242
 3240
 3242
 3246
 3262
 3278
 3282
 3286
 3288
 3290
 3292
 3292
 3288
 3286
 3282
 3278
 3270
 3266
 3260
 3254
 3246
 3234
 3220
 3210
 3210
 3214
 3208
 3200
 3190
 3176
 3156
 3130
 3102
 3072
 3038
 3004
 2966
 2930
 2894
 2856
 2820
 2784
 2744
 2708
 2680
 2652
 2618
 2582
 2548
 2514
 2474
 2440
 2404
 2366
 2330
 2292
 2260
 2226
 2194
 2166
 2138
 2112
 2088
 2070
 2056
 2040
 2024
 2012
 2002
 1990
 1980
 1978
 1978
 1976
 1982
 1992
 2006
 2016
 2032
 2048
 2062
 2080
 2098
 2122
 2142
 2160
 2180
 2202
 2220
 2240
 2258
 2274
 2296
 2316
 2334
 2352
 2370
 2390
 2408
 2424
 2440
 2464
 2496
 2520
 2540
 2560
 2584
 2606
 2626
 2646
 2666
 2684
 2702
 2722
 2740
 2756
 2776
 2798
 2812
 2826
 2840
 2870
 2900
 2918
 2930
 2940
 2950
 2954
 2960
 2968
 2972
 2974
 2972
 2972
 2972
 2966
 2962
 2956
 2950
 2946
 2944
 2944
 2934
 2914
 2890
 2862
 2826
 2786
 2744
 2698
 2650
 2598
 2548
 2498
 2448
 2400
 2354
 2308
 2262
 2218
 2178
 2138
 2090
 2040
 1990
 1942
 1888
 1838
 1790
 1742
 1700
 1654
 1610
 1568
 1528
 1492
 1456
 1416
 1382
 1350
 1318
 1288
 1258
 1228
 1204
 1184
 1172
 1166
 1166
 1170
 1182
 1204
 1228
 1254
 1282
 1314
 1358
 1400
 1438
 1478
 1518
 1558
 1592
 1624
 1656
 1692
 1730
 1768
 1808
 1850
 1890
 1928
 1966
 2008
 2056
 2098
 2132
 2166
 2198
 2224
 2254
 2282
 2310
 2334
 2358
 2386
 2412
 2442
 2466
 2488
 2512
 2550
 2582
 2606
 2628
 2650
 2674
 2692
 2712
 2730
 2746
 2762
 2778
 2792
 2806
 2818
 2822
 2832
 2848
 2860
 2866
 2872
 2876
 2880
 2878
 2868
 2852
 2844
 2838
 2836
 2844
 2850
 2852
 2852
 2860
 2874
 2880
 2880
 2882
 2884
 2880
 2876
 2870
 2860
 2852
 2844
 2842
 2844
 2846
 2850
 2870
 2902
 2926
 2938
 2950
 2958
 2956
 2958
 2962
 2964
 2962
 2956
 2952
 2944
 2932
 2918
 2904
 2888
 2864
 2832
 2800
 2762
 2722
 2682
 2640
 2600
 2558
 2516
 2478
 2438
 2396
 2358
 2332
 2300
 2262
 2228
 2196
 2164
 2132
 2100
 2068
 2040
 2012
 1992
 1978
 1966
 1958
 1962
 1968
 1972
 1978
 1990
 1996
 2002
 2010
 2016
 2024
 2030
 2036
 2046
 2056
 2062
 2066
 2074
 2084
 2086
 2088
 2086
 2088
 2084
 2078
 2072
 2064
 2054
 2040
 2028
 2016
 1988
 1958
 1928
 1906
 1880
 1850
 1816
 1782
 1752
 1720
 1684
 1648
 1612
 1576
 1546
 1520
 1490
 1460
 1430
 1418
 1404
 1388
 1376
 1366
 1354
 1340
 1322
 1306
 1294
 1294
 1296
 1302
 1310
 1320
 1328
 1344
 1354
 1364
 1378
 1394
 1410
 1422
 1434
 1450
 1470
 1490
 1506
 1530
 1550
 1568
 1586
 1616
 1644
 1666
 1696
 1728
 1760
 1788
 1816
 1838
 1862
 1884
 1908
 1936
 1970
 2002
 2026
 2064
 2106
 2142
 2172
 2208
 2248
 2286
 2314
 2338
 2360
 2380
 2398
 2420
 2446
 2468
 2486
 2516
 2552
 2578
 2598
 2618
 2642
 2666
 2694
 2718
 2742
 2766
 2790
 2812
 2834
 2852
 2870
 2896
 2936
 2976
 3004
 3026
 3044
 3062
 3080
 3102
 3120
 3138
 3156
 3172
 3188
 3202
 3212
 3226
 3256
 3288
 3310
 3322
 3338
 3352
 3366
 3378
 3390
 3400
 3406
 3412
 3422
 3428
 3428
 3432
 3448
 3470
 3478
 3486
 3496
 3502
 3506
 3508
 3512
 3512
 3514
 3516
 3514
 3512
 3510
 3508
 3516
 3530
 3534
 3538
 3544
 3546
 3546
 3548
 3550
 3550
 3550
 3546
 3544
 3542
 3536
 3532
 3536
 3540
 3538
 3534
 3532
 3524
 3520
 3520
 3520
 3518
 3510
 3506
 3504
 3500
 3494
 3482
 3482
 3484
 3476
 3458
 3438
 3414
 3384
 3348
 3314
 3272
 3224
 3178
 3132
 3088
 3038
 2986
 2936
 2898
 2852
 2800
 2748
 2698
 2648
 2600
 2556
 2514
 2474
 2434
 2398
 2364
 2336
 2310
 2286
 2270
 2266
 2262
 2260
 2262
 2266
 2268
 2270
 2276
 2286
 2292
 2298
 2308
 2318
 2332
 2346
 2356
 2370
 2398
 2418
 2432
 2446
 2468
 2486
 2504
 2524
 2546
 2566
 2586
 2604
 2622
 2646
 2662
 2676
 2694
 2726
 2752
 2772
 2790
 2812
 2834
 2856
 2880
 2900
 2920
 2934
 2948
 2958
 2970
 2980
 2988
 2996
 3016
 3038
 3050
 3058
 3064
 3070
 3076
 3084
 3090
 3092
 3092
 3090
 3090
 3088
 3082
 3070
 3058
 3052
 3056
 3052
 3050
 3052
 3056
 3056
 3054
 3054
 3052
 3050
 3048
 3044
 3038
 3038
 3036
 3032
 3022
 3020
 3004
 2978
 2946
 2912
 2878
 2834
 2792
 2748
 2698
 2652
 2606
 2564
 2526
 2484
 2442
 2408
 2382
 2352
 2320
 2290
 2262
 2236
 2212
 2188
 2168
 2150
 2134
 2122
 2112
 2104
 2098
 2098
 2104
 2104
 2108
 2116
 2126
 2134
 2144
 2156
 2168
 2176
 2188
 2198
 2210
 2226
 2236
 2246
 2262
 2286
 2306
 2324
 2340
 2354
 2364
 2378
 2392
 2404
 2418
 2428
 2442
 2460
 2482
 2502
 2522
 2550
 2590
 2614
 2634
 2654
 2678
 2692
 2708
 2726
 2744
 2756
 2768
 2780
 2792
 2806
 2826
 2840
 2852
 2866
 2900
 2930
 2948
 2960
 2972
 2986
 3000
 3016
 3028
 3038
 3050
 3062
 3070
 3080
 3088
 3100
 3104
 3110
 3120
 3150
 3170
 3184
 3196
 3206
 3210
 3218
 3222
 3228
 3232
 3232
 3234
 3238
 3242
 3244
 3244
 3238
 3238
 3244
 3264
 3276
 3280
 3276
 3266
 3252
 3228
 3204
 3176
 3144
 3106
 3064
 3022
 2976
 2936
 2888
 2838
 2790
 2756
 2720
 2676
 2628
 2584
 2538
 2490
 2444
 2396
 2350
 2306
 2264
 2224
 2182
 2144
 2108
 2070
 2034
 2004
 1982
 1954
 1926
 1900
 1878
 1850
 1824
 1796
 1772
 1750
 1732
 1718
 1712
 1706
 1700
 1696
 1686
 1686
 1688
 1690
 1690
 1690
 1692
 1692
 1692
 1694
 1694
 1692
 1694
 1700
 1708
 1714
 1720
 1728
 1738
 1754
 1764
 1776
 1788
 1800
 1812
 1820
 1830
 1840
 1854
 1866
 1878
 1892
 1912
 1932
 1952
 1972
 1998
 2034
 2064
 2094
 2126
 2158
 2192
 2226
 2254
 2284
 2312
 2334
 2356
 2376
 2396
 2418
 2440
 2462
 2480
 2510
 2544
 2568
 2588
 2610
 2636
 2658
 2682
 2706
 2730
 2750
 2770
 2790
 2808
 2826
 2848
 2870
 2884
 2890
 2914
 2948
 2972
 2986
 2998
 3010
 3022
 3034
 3044
 3048
 3054
 3060
 3064
 3068
 3072
 3078
 3084
 3088
 3088
 3086
 3100
 3112
 3120
 3122
 3120
 3116
 3102
 3090
 3072
 3048
 3020
 2994
 2964
 2932
 2898
 2866
 2832
 2794
 2760
 2738
 2714
 2678
 2642
 2610
 2576
 2540
 2502
 2462
 2424
 2388
 2352
 2318
 2284
 2252
 2224
 2190
 2158
 2134
 2114
 2092
 2068
 2046
 2028
 2006
 1988
 1970
 1958
 1946
 1938
 1932
 1932
 1936
 1938
 1940
 1946
 1958
 1970
 1976
 1986
 1998
 2008
 2014
 2024
 2034
 2046
 2058
 2070
 2080
 2094
 2114
 2132
 2148
 2164
 2190
 2222
 2246
 2266
 2286
 2310
 2330
 2356
 2378
 2398
 2416
 2434
 2456
 2478
 2498
 2518
 2536
 2552
 2568
 2600
 2632
 2654
 2676
 2694
 2712
 2732
 2752
 2770
 2786
 2802
 2814
 2826
 2840
 2854
 2870
 2882
 2888
 2894
 2916
 2944
 2958
 2970
 2982
 2998
 3010
 3020
 3028
 3038
 3044
 3052
 3058
 3060
 3064
 3066
 3068
 3066
 3058
 3058
 3068
 3072
 3068
 3056
 3042
 3024
 3002
 2978
 2946
 2914
 2878
 2840
 2800
 2762
 2724
 2680
 2636
 2598
 2574
 2544
 2506
 2468
 2432
 2394
 2354
 2314
 2276
 2238
 2198
 2158
 2120
 2080
 2044
 2008
 1970
 1938
 1918
 1890
 1860
 1828
 1800
 1770
 1742
 1716
 1690
 1676
 1668
 1668
 1680
 1698
 1722
 1748
 1776
 1814
 1854
 1890
 1928
 1968
 2006
 2038
 2074
 2110
 2150
 2182
 2212
 2244
 2282
 2316
 2344
 2382
 2420
 2452
 2478
 2500
 2524
 2546
 2568
 2584
 2602
 2622
 2642
 2664
 2688
 2708
 2726
 2742
 2772
 2796
 2808
 2820
 2834
 2850
 2866
 2884
 2900
 2910
 2922
 2928
 2930
 2930
 2928
 2926
 2934
 2942
 2940
 2932
 2922
 2906
 2882
 2854
 2818
 2778
 2734
 2684
 2638
 2590
 2538
 2486
 2448
 2408
 2356
 2304
 2256
 2208
 2158
 2108
 2058
 2008
 1958
 1914
 1870
 1826
 1780
 1736
 1704
 1666
 1630
 1592
 1558
 1520
 1480
 1442
 1408
 1376
 1346
 1320
 1292
 1262
 1234
 1218
 1204
 1188
 1176
 1168
 1156
 1142
 1126
 1118
 1112
 1112
 1112
 1116
 1124
 1136
 1158
 1174
 1194
 1218
 1248
 1274
 1300
 1326
 1354
 1382
 1410
 1446
 1484
 1516
 1550
 1592
 1626
 1662
 1704
 1748
 1782
 1812
 1840
 1870
 1900
 1930
 1960
 1982
 2000
 2020
 2052
 2076
 2094
 2114
 2136
 2160
 2184
 2210
 2228
 2248
 2270
 2296
 2322
 2340
 2358
 2390
 2420
 2438
 2458
 2480
 2504
 2526
 2544
 2560
 2578
 2598
 2616
 2638
 2656
 2668
 2688
 2718
 2740
 2758
 2782
 2804
 2826
 2850
 2870
 2892
 2912
 2930
 2948
 2964
 2974
 2984
 3012
 3046
 3068
 3082
 3098
 3114
 3128
 3142
 3154
 3168
 3178
 3190
 3204
 3212
 3216
 3230
 3258
 3280
 3290
 3298
 3308
 3314
 3320
 3326
 3332
 3334
 3338
 3340
 3336
 3328
 3322
 3322
 3316
 3304
 3296
 3292
 3292
 3292
 3288
 3286
 3282
 3280
 3278
 3274
 3266
 3260
 3266
 3270
 3266
 3264
 3262
 3256
 3246
 3236
 3218
 3186
 3146
 3106
 3064
 3016
 2972
 2934
 2892
 2844
 2794
 2748
 2700
 2658
 2616
 2580
 2544
 2508
 2480
 2448
 2420
 2400
 2390
 2380
 2374
 2370
 2370
 2372
 2374
 2376
 2384
 2386
 2394
 2400
 2402
 2408
 2422
 2436
 2442
 2450
 2460
 2468
 2474
 2480
 2484
 2488
 2490
 2496
 2498
 2498
 2506
 2520
 2528
 2536
 2544
 2552
 2562
 2568
 2580
 2588
 2598
 2608
 2620
 2626
 2630
 2632
 2650
 2658
 2660
 2664
 2668
 2668
 2668
 2664
 2656
 2642
 2624
 2604
 2584
 2556
 2522
 2498
 2476
 2444
 2410
 2380
 2346
 2312
 2278
 2240
 2204
 2166
 2126
 2090
 2056
 2018
 1982
 1958
 1944
 1932
 1920
 1914
 1910
 1908
 1910
 1914
 1918
 1924
 1938
 1954
 1968
 1980
 1990
 2016
 2042
 2058
 2074
 2090
 2102
 2118
 2132
 2148
 2160
 2170
 2178
 2190
 2204
 2210
 2216
 2234
 2256
 2274
 2290
 2308
 2328
 2346
 2360
 2372
 2384
 2392
 2404
 2422
 2438
 2450
 2460
 2482
 2512
 2530
 2550
 2576
 2596
 2614
 2640
 2666
 2690
 2708
 2724
 2738
 2756
 2768
 2776
 2792
 2824
 2846
 2862
 2880
 2896
 2906
 2918
 2922
 2924
 2924
 2926
 2926
 2924
 2926
 2922
 2918
 2924
 2926
 2914
 2900
 2882
 2856
 2822
 2784
 2742
 2696
 2650
 2608
 2564
 2522
 2474
 2424
 2388
 2362
 2326
 2290
 2260
 2230
 2192
 2158
 2118
 2076
 2036
 1992
 1954
 1926
 1900
 1882
 1874
 1876
 1876
 1882
 1896
 1910
 1926
 1946
 1968
 1994
 2018
 2042
 2072
 2102
 2128
 2148
 2176
 2216
 2244
 2270
 2296
 2324
 2350
 2378
 2398
 2422
 2442
 2464
 2488
 2512
 2534
 2550
 2578
 2614
 2636
 2656
 2678
 2700
 2720
 2740
 2758
 2774
 2790
 2806
 2820
 2834
 2842
 2846
 2868
 2896
 2910
 2922
 2934
 2942
 2946
 2954
 2960
 2968
 2974
 2980
 2986
 2994
 2998
 3002
 3014
 3042
 3054
 3060
 3066
 3070
 3074
 3084
 3092
 3100
 3106
 3112
 3116
 3122
 3124
 3122
 3120
 3132
 3144
 3144
 3140
 3138
 3134
 3134
 3136
 3134
 3136
 3134
 3134
 3130
 3128
 3120
 3112
 3106
 3116
 3118
 3116
 3114
 3114
 3108
 3098
 3088
 3072
 3052
 3026
 2998
 2968
 2940
 2904
 2862
 2820
 2788
 2754
 2708
 2660
 2616
 2568
 2516
 2466
 2416
 2372
 2322
 2278
 2232
 2192
 2150
 2106
 2060
 2030
 1998
 1960
 1924
 1892
 1860
 1824
 1790
 1758
 1728
 1694
 1668
 1652
 1638
 1628
 1614
 1608
 1612
 1612
 1612
 1614
 1614
 1616
 1620
 1624
 1628
 1634
 1644
 1652
 1668
 1678
 1688
 1702
 1728
 1746
 1760
 1778
 1796
 1810
 1824
 1836
 1848
 1862
 1876
 1892
 1912
 1934
 1948
 1966
 1998
 2024
 2052
 2082
 2110
 2136
 2166
 2196
 2228
 2256
 2280
 2310
 2338
 2362
 2378
 2394
 2430
 2460
 2482
 2508
 2532
 2550
 2570
 2588
 2604
 2618
 2630
 2642
 2658
 2672
 2680
 2692
 2724
 2748
 2760
 2774
 2792
 2808
 2824
 2842
 2860
 2878
 2888
 2898
 2910
 2914
 2916
 2930
 2958
 2982
 2998
 3014
 3024
 3034
 3044
 3058
 3070
 3076
 3080
 3086
 3094
 3094
 3088
 3094
 3108
 3114
 3114
 3112
 3112
 3110
 3114
 3116
 3114
 3106
 3094
 3082
 3072
 3058
 3050
 3058
 3066
 3068
 3068
 3066
 3066
 3064
 3062
 3058
 3052
 3046
 3042
 3042
 3038
 3026
 3026
 3022
 3000
 2960
 2916
 2866
 2812
 2752
 2688
 2622
 2552
 2488
 2426
 2356
 2284
 2230
 2178
 2118
 2058
 1994
 1932
 1870
 1810
 1750
 1692
 1638
 1590
 1546
 1500
 1460
 1432
 1400
 1364
 1330
 1294
 1258
 1222
 1178
 1138
 1104
 1066
 1026
 984
 936
 900
 866
 832
 792
 752
 710
 670
 626
 582
 544
 512
 482
 450
 414
 384
 366
 340
 316
 294
 268
 248
 222
 196
 176
 160
 150
 136
 116
 96
 92
 86
 82
 78
 72
 68
 70
 68
 66
 64
 60
 62
 58
 48
 46
 50
 58
 70
 84
 102
 130
 168
 200
 232
 278
 324
 380
 438
 480
 542
 602
 652
 702
 762
 822
 874
 928
 986
 1046
 1106
 1166
 1226
 1286
 1336
 1400
 1482
 1548
 1600
 1652
 1708
 1766
 1818
 1864
 1906
 1944
 1976
 2010
 2044
 2076
 2102
 2150
 2196
 2228
 2260
 2288
 2310
 2338
 2368
 2394
 2416
 2436
 2452
 2472
 2494
 2508
 2522
 2558
 2588
 2604
 2618
 2636
 2656
 2670
 2686
 2702
 2720
 2736
 2748
 2766
 2780
 2788
 2802
 2834
 2852
 2864
 2876
 2890
 2902
 2916
 2932
 2940
 2944
 2948
 2952
 2960
 2966
 2970
 2990
 3020
 3034
 3040
 3044
 3050
 3056
 3064
 3072
 3078
 3086
 3092
 3100
 3104
 3100
 3100
 3112
 3128
 3132
 3132
 3136
 3138
 3142
 3144
 3142
 3140
 3136
 3130
 3126
 3118
 3108
 3100
 3102
 3100
 3088
 3074
 3060
 3044
 3026
 3004
 2978
 2950
 2914
 2878
 2840
 2798
 2754
 2710
 2682
 2652
 2612
 2570
 2528
 2484
 2438
 2390
 2344
 2294
 2246
 2200
 2162
 2126
 2088
 2048
 2022
 1998
 1970
 1942
 1914
 1882
 1852
 1822
 1792
 1766
 1740
 1716
 1700
 1682
 1660
 1644
 1640
 1628
 1616
 1602
 1588
 1570
 1550
 1530
 1512
 1494
 1480
 1470
 1462
 1450
 1442
 1434
 1436
 1434
 1432
 1432
 1434
 1434
 1434
 1436
 1440
 1444
 1448
 1454
 1464
 1474
 1482
 1494
 1512
 1526
 1542
 1566
 1588
 1614
 1642
 1670
 1702
 1742
 1780
 1824
 1870
 1914
 1954
 1996
 2058
 2114
 2160
 2204
 2244
 2282
 2322
 2360
 2396
 2424
 2452
 2482
 2512
 2540
 2564
 2584
 2624
 2662
 2686
 2710
 2736
 2756
 2774
 2792
 2806
 2820
 2830
 2840
 2848
 2858
 2864
 2874
 2896
 2922
 2936
 2944
 2950
 2956
 2966
 2976
 2982
 2986
 2990
 2994
 2998
 3002
 3000
 3000
 3012
 3028
 3032
 3030
 3032
 3034
 3034
 3036
 3038
 3036
 3038
 3036
 3034
 3030
 3020
 3012
 3016
 3014
 3004
 2994
 2982
 2962
 2942
 2920
 2894
 2864
 2830
 2792
 2756
 2710
 2662
 2622
 2598
 2562
 2524
 2492
 2456
 2422
 2390
 2364
 2340
 2322
 2310
 2308
 2308
 2306
 2306
 2322
 2334
 2340
 2350
 2362
 2374
 2388
 2406
 2424
 2442
 2456
 2472
 2490
 2504
 2518
 2536
 2570
 2594
 2612
 2632
 2650
 2664
 2678
 2686
 2698
 2704
 2712
 2720
 2726
 2728
 2728
 2742
 2754
 2758
 2764
 2772
 2780
 2790
 2802
 2814
 2822
 2830
 2838
 2846
 2852
 2854
 2862
 2884
 2894
 2902
 2904
 2906
 2908
 2910
 2914
 2916
 2914
 2908
 2906
 2904
 2898
 2890
 2890
 2896
 2892
 2884
 2874
 2862
 2846
 2826
 2802
 2772
 2738
 2702
 2664
 2630
 2586
 2536
 2500
 2468
 2428
 2384
 2344
 2300
 2254
 2206
 2160
 2112
 2062
 2012
 1968
 1924
 1876
 1834
 1808
 1778
 1750
 1722
 1698
 1668
 1640
 1612
 1586
 1558
 1532
 1510
 1490
 1468
 1446
 1438
 1430
 1426
 1422
 1420
 1414
 1412
 1412
 1412
 1410
 1408
 1412
 1416
 1420
 1422
 1432
 1434
 1440
 1448
 1454
 1458
 1466
 1472
 1480
 1486
 1490
 1500
 1514
 1528
 1534
 1552
 1566
 1582
 1594
 1608
 1618
 1628
 1640
 1644
 1646
 1648
 1652
 1654
 1656
 1658
 1670
 1676
 1684
 1694
 1702
 1702
 1710
 1716
 1718
 1720
 1722
 1728
 1736
 1746
 1760
 1798
 1834
 1866
 1898
 1930
 1962
 1992
 2020
 2048
 2070
 2094
 2122
 2150
 2170
 2188
 2222
 2248
 2272
 2296
 2314
 2336
 2356
 2374
 2390
 2406
 2424
 2444
 2460
 2476
 2504
 2540
 2560
 2576
 2592
 2606
 2626
 2644
 2662
 2680
 2690
 2702
 2710
 2716
 2726
 2754
 2768
 2782
 2798
 2814
 2822
 2828
 2836
 2840
 2844
 2846
 2848
 2848
 2850
 2864
 2878
 2884
 2890
 2890
 2890
 2890
 2890
 2890
 2884
 2878
 2876
 2872
 2862
 2856
 2862
 2860
 2854
 2854
 2850
 2846
 2846
 2844
 2842
 2838
 2836
 2834
 2820
 2802
 2794
 2786
 2762
 2730
 2696
 2654
 2606
 2556
 2508
 2454
 2400
 2346
 2294
 2238
 2176
 2128
 2084
 2034
 1986
 1942
 1892
 1842
 1792
 1742
 1692
 1648
 1608
 1570
 1530
 1494
 1474
 1454
 1432
 1408
 1388
 1362
 1330
 1300
 1274
 1248
 1230
 1212
 1196
 1180
 1168
 1166
 1162
 1156
 1154
 1154
 1158
 1162
 1166
 1172
 1184
 1196
 1210
 1228
 1246
 1268
 1310
 1348
 1388
 1432
 1476
 1518
 1554
 1598
 1642
 1680
 1724
 1772
 1822
 1868
 1928
 2002
 2062
 2118
 2164
 2198
 2234
 2276
 2318
 2354
 2388
 2422
 2458
 2494
 2528
 2572
 2618
 2648
 2672
 2696
 2716
 2740
 2762
 2780
 2796
 2812
 2822
 2838
 2856
 2872
 2908
 2944
 2966
 2984
 3002
 3018
 3034
 3048
 3062
 3072
 3080
 3084
 3092
 3096
 3110
 3142
 3158
 3170
 3180
 3190
 3196
 3200
 3208
 3212
 3218
 3222
 3224
 3222
 3220
 3234
 3248
 3248
 3248
 3252
 3256
 3258
 3262
 3262
 3264
 3266
 3266
 3258
 3246
 3244
 3254
 3254
 3248
 3242
 3240
 3236
 3232
 3230
 3226
 3218
 3210
 3198
 3174
 3146
 3132
 3116
 3090
 3058
 3022
 2978
 2934
 2886
 2838
 2784
 2734
 2688
 2642
 2594
 2548
 2514
 2470
 2422
 2374
 2324
 2278
 2230
 2188
 2144
 2100
 2064
 2032
 1996
 1958
 1938
 1918
 1896
 1882
 1866
 1850
 1834
 1816
 1800
 1788
 1778
 1772
 1768
 1762
 1766
 1770
 1770
 1774
 1780
 1784
 1792
 1796
 1800
 1804
 1810
 1816
 1822
 1826
 1826
 1838
 1846
 1854
 1860
 1870
 1880
 1896
 1910
 1930
 1954
 1984
 2010
 2046
 2080
 2116
 2178
 2224
 2256
 2292
 2338
 2378
 2414
 2452
 2486
 2516
 2546
 2568
 2588
 2606
 2630
 2670
 2694
 2714
 2738
 2758
 2778
 2800
 2820
 2840
 2856
 2872
 2890
 2906
 2918
 2934
 2958
 2968
 2976
 2988
 2998
 3002
 3010
 3014
 3012
 3006
 3000
 2996
 2990
 2982
 2982
 2984
 2978
 2968
 2956
 2938
 2916
 2888
 2858
 2824
 2782
 2742
 2704
 2662
 2614
 2586
 2556
 2520
 2480
 2438
 2390
 2342
 2296
 2252
 2208
 2164
 2124
 2086
 2046
 2012
 1988
 1960
 1938
 1916
 1894
 1876
 1858
 1844
 1828
 1814
 1808
 1802
 1798
 1790
 1788
 1786
 1782
 1782
 1778
 1772
 1772
 1772
 1772
 1772
 1774
 1774
 1778
 1780
 1780
 1788
 1790
 1800
 1810
 1824
 1838
 1854
 1874
 1894
 1916
 1938
 1962
 1994
 2020
 2048
 2098
 2134
 2166
 2204
 2236
 2268
 2304
 2342
 2374
 2404
 2434
 2468
 2502
 2520
 2546
 2584
 2616
 2640
 2666
 2688
 2704
 2708
 2710
 2712
 2716
 2720
 2724
 2720
 2712
 2720
 2720
 2718
 2718
 2718
 2714
 2708
 2706
 2702
 2698
 2696
 2694
 2692
 2688
 2702
 2720
 2726
 2730
 2736
 2738
 2740
 2744
 2748
 2752
 2758
 2762
 2766
 2766
 2778
 2798
 2806
 2814
 2822
 2828
 2836
 2844
 2850
 2858
 2862
 2864
 2868
 2868
 2876
 2898
 2908
 2914
 2918
 2920
 2916
 2918
 2918
 2916
 2912
 2908
 2902
 2888
 2878
 2876
 2864
 2848
 2836
 2818
 2800
 2780
 2758
 2728
 2698
 2666
 2634
 2598
 2556
 2530
 2504
 2470
 2436
 2402
 2358
 2314
 2270
 2228
 2184
 2144
 2106
 2070
 2032
 1994
 1974
 1950
 1926
 1906
 1884
 1862
 1842
 1822
 1806
 1788
 1776
 1764
 1754
 1742
 1728
 1724
 1718
 1716
 1712
 1706
 1700
 1698
 1694
 1688
 1678
 1670
 1664
 1662
 1660
 1650
 1648
 1646
 1640
 1638
 1636
 1632
 1632
 1632
 1634
 1636
 1640
 1648
 1662
 1680
 1698
 1722
 1760
 1790
 1820
 1864
 1904
 1942
 1980
 2016
 2052
 2088
 2126
 2172
 2224
 2266
 2296
 2344
 2396
 2436
 2476
 2510
 2546
 2584
 2620
 2652
 2682
 2708
 2734
 2770
 2798
 2814
 2850
 2892
 2926
 2952
 2982
 3008
 3026
 3046
 3066
 3088
 3102
 3114
 3128
 3140
 3150
 3170
 3190
 3198
 3204
 3212
 3214
 3218
 3218
 3216
 3212
 3206
 3198
 3192
 3178
 3164
 3164
 3158
 3142
 3126
 3106
 3078
 3048
 3014
 2976
 2936
 2892
 2850
 2804
 2750
 2708
 2676
 2634
 2588
 2544
 2496
 2444
 2392
 2342
 2294
 2246
 2200
 2154
 2102
 2060
 2034
 2006
 1978
 1954
 1928
 1902
 1876
 1848
 1822
 1800
 1780
 1762
 1746
 1728
 1720
 1712
 1706
 1706
 1706
 1706
 1708
 1712
 1720
 1730
 1740
 1752
 1762
 1774
 1796
 1814
 1830
 1850
 1874
 1896
 1922
 1946
 1970
 1992
 2016
 2036
 2056
 2080
 2126
 2168
 2200
 2230
 2260
 2292
 2326
 2352
 2378
 2408
 2440
 2468
 2494
 2524
 2574
 2614
 2640
 2666
 2692
 2718
 2752
 2780
 2802
 2824
 2848
 2866
 2878
 2886
 2912
 2942
 2954
 2964
 2982
 2996
 3010
 3020
 3032
 3040
 3044
 3048
 3048
 3048
 3056
 3072
 3078
 3076
 3070
 3062
 3052
 3036
 3016
 2994
 2966
 2936
 2900
 2854
 2816
 2786
 2746
 2706
 2666
 2618
 2570
 2522
 2476
 2426
 2376
 2330
 2288
 2238
 2188
 2158
 2122
 2088
 2054
 2024
 1990
 1962
 1934
 1908
 1886
 1866
 1850
 1834
 1818
 1812
 1806
 1800
 1792
 1790
 1784
 1780
 1778
 1776
 1776
 1784
 1790
 1796
 1800
 1808
 1820
 1824
 1830
 1838
 1848
 1858
 1870
 1884
 1900
 1916
 1940
 1970
 1994
 2014
 2058
 2104
 2142
 2180
 2222
 2260
 2298
 2334
 2380
 2418
 2452
 2492
 2530
 2554
 2586
 2632
 2668
 2692
 2718
 2742
 2760
 2774
 2798
 2826
 2846
 2868
 2890
 2918
 2946
 2978
 3014
 3040
 3056
 3072
 3086
 3102
 3112
 3124
 3138
 3150
 3158
 3162
 3166
 3168
 3190
 3214
 3220
 3224
 3232
 3242
 3252
 3262
 3272
 3280
 3284
 3286
 3286
 3282
 3282
 3296
 3304
 3306
 3312
 3318
 3320
 3326
 3330
 3336
 3340
 3340
 3338
 3328
 3312
 3304
 3290
 3264
 3236
 3204
 3168
 3128
 3086
 3036
 2984
 2932
 2880
 2824
 2766
 2720
 2676
 2628
 2580
 2538
 2492
 2452
 2416
 2388
 2360
 2344
 2336
 2330
 2330
 2340
 2348
 2352
 2366
 2380
 2392
 2410
 2430
 2452
 2470
 2488
 2508
 2526
 2540
 2566
 2598
 2620
 2648
 2674
 2692
 2714
 2736
 2758
 2780
 2800
 2822
 2840
 2858
 2890
 2920
 2938
 2956
 2976
 2990
 3002
 3012
 3024
 3034
 3044
 3050
 3048
 3048
 3062
 3076
 3082
 3090
 3096
 3096
 3098
 3090
 3074
 3054
 3032
 3004
 2966
 2930
 2904
 2866
 2824
 2784
 2744
 2702
 2666
 2632
 2604
 2584
 2570
 2560
 2552
 2560
 2582
 2600
 2624
 2652
 2676
 2702
 2726
 2752
 2776
 2798
 2820
 2840
 2852
 2868
 2900
 2920
 2932
 2944
 2950
 2952
 2954
 2960
 2968
 2974
 2982
 2986
 2986
 2986
 3000
 3008
 3008
 3014
 3012
 3008
 3004
 2998
 2994
 2988
 2982
 2978
 2962
 2948
 2950
 2954
 2954
 2958
 2964
 2970
 2972
 2972
 2972
 2970
 2964
 2960
 2954
 2946
 2944
 2944
 2932
 2914
 2894
 2866
 2840
 2808
 2774
 2738
 2696
 2662
 2628
 2592
 2576
 2564
 2552
 2546
 2552
 2562
 2574
 2588
 2604
 2628
 2656
 2682
 2710
 2726
 2752
 2786
 2814
 2836
 2856
 2874
 2892
 2910
 2928
 2944
 2956
 2960
 2958
 2956
 2972
 2980
 2982
 2986
 2986
 2988
 2986
 2978
 2964
 2946
 2926
 2894
 2856
 2820
 2796
 2762
 2726
 2692
 2652
 2606
 2556
 2508
 2454
 2400
 2354
 2304
 2254
 2218
 2182
 2144
 2110
 2078
 2046
 2014
 1984
 1954
 1930
 1908
 1890
 1868
 1854
 1852
 1850
 1850
 1860
 1880
 1912
 1944
 1980
 2020
 2072
 2132
 2188
 2228
 2266
 2320
 2366
 2412
 2460
 2502
 2540
 2570
 2602
 2636
 2668
 2702
 2740
 2764
 2784
 2814
 2840
 2860
 2878
 2896
 2912
 2930
 2952
 2968
 2986
 3004
 3024
 3036
 3054
 3082
 3098
 3116
 3136
 3150
 3158
 3158
 3160
 3162
 3160
 3154
 3138
 3110
 3090
 3080
 3062
 3046
 3028
 3012
 2996
 2986
 2980
 2984
 2988
 2996
 3004
 3006
 3018
 3038
 3048
 3052
 3064
 3072
 3080
 3088
 3094
 3100
 3108
 3114
 3118
 3120
 3124
 3142
 3152
 3156
 3168
 3186
 3204
 3222
 3240
 3256
 3274
 3288
 3300
 3306
 3310
 3324
 3336
 3340
 3344
 3348
 3346
 3342
 3336
 3324
 3310
 3292
 3274
 3252
 3220
 3196
 3182
 3164
 3146
 3128
 3108
 3088
 3072
 3056
 3046
 3036
 3036
 3044
 3048
 3056
 3078
 3112
 3136
 3160
 3180
 3196
 3210
 3226
 3236
 3248
 3258
 3268
 3280
 3286
 3286
 3290
 3304
 3314
 3318
 3322
 3326
 3328
 3334
 3338
 3338
 3336
 3332
 3332
 3320
 3302
 3286
 3274
 3252
 3224
 3194
 3162
 3126
 3094
 3060
 3020
 2978
 2940
 2904
 2868
 2826
 2794
 2772
 2748
 2726
 2704
 2682
 2658
 2642
 2634
 2634
 2640
 2650
 2670
 2690
 2712
 2746
 2788
 2822
 2852
 2884
 2908
 2928
 2948
 2964
 2982
 2996
 3012
 3030
 3040
 3044
 3060
 3082
 3100
 3112
 3124
 3130
 3136
 3142
 3148
 3152
 3154
 3158
 3162
 3162
 3158
 3164
 3174
 3176
 3180
 3182
 3180
 3184
 3190
 3190
 3190
 3190
 3192
 3192
 3188
 3184
 3190
 3196
 3198
 3198
 3198
 3196
 3192
 3190
 3182
 3172
 3158
 3142
 3122
 3094
 3066
 3044
 3016
 2984
 2954
 2920
 2884
 2848
 2814
 2780
 2744
 2712
 2680
 2650
 2622
 2608
 2588
 2558
 2530
 2502
 2476
 2446
 2422
 2398
 2378
 2352
 2330
 2304
 2286
 2286
 2292
 2298
 2310
 2330
 2352
 2376
 2406
 2446
 2490
 2526
 2562
 2596
 2624
 2660
 2708
 2744
 2772
 2798
 2818
 2840
 2858
 2882
 2906
 2926
 2940
 2946
 2948
 2956
 2980
 3000
 3006
 3016
 3024
 3030
 3034
 3036
 3042
 3046
 3050
 3050
 3046
 3046
 3054
 3062
 3062
 3064
 3064
 3064
 3064
 3060
 3048
 3032
 3012
 2986
 2958
 2932
 2906
 2872
 2836
 2800
 2764
 2728
 2686
 2648
 2612
 2576
 2542
 2506
 2470
 2448
 2424
 2398
 2374
 2354
 2332
 2314
 2294
 2274
 2252
 2232
 2206
 2172
 2152
 2138
 2118
 2094
 2074
 2054
 2030
 2008
 1986
 1964
 1944
 1924
 1908
 1894
 1894
 1886
 1880
 1876
 1874
 1872
 1874
 1882
 1894
 1920
 1946
 1972
 1996
 2036
 2074
 2100
 2128
 2156
 2188
 2218
 2244
 2276
 2310
 2346
 2376
 2400
 2426
 2466
 2496
 2520
 2548
 2574
 2592
 2608
 2626
 2642
 2660
 2674
 2686
 2696
 2712
 2736
 2756
 2766
 2774
 2782
 2792
 2804
 2818
 2834
 2850
 2862
 2870
 2876
 2892
 2912
 2920
 2924
 2928
 2930
 2934
 2934
 2938
 2938
 2938
 2938
 2934
 2936
 2946
 2948
 2944
 2944
 2942
 2940
 2938
 2936
 2936
 2934
 2932
 2926
 2916
 2912
 2920
 2918
 2916
 2914
 2912
 2910
 2910
 2908
 2906
 2906
 2904
 2900
 2892
 2890
 2896
 2898
 2896
 2892
 2890
 2888
 2888
 2888
 2884
 2880
 2878
 2870
 2862
 2860
 2864
 2864
 2862
 2860
 2856
 2854
 2852
 2848
 2846
 2844
 2842
 2834
 2824
 2826
 2828
 2824
 2818
 2816
 2812
 2810
 2808
 2806
 2804
 2806
 2802
 2800
 2794
 2804
 2810
 2812
 2814
 2816
 2816
 2818
 2820
 2822
 2822
 2822
 2824
 2820
 2816
 2822
 2828
 2828
 2828
 2828
 2828
 2828
 2826
 2826
 2820
 2814
 2806
 2792
 2770
 2754
 2746
 2726
 2704
 2682
 2658
 2634
 2610
 2584
 2556
 2528
 2500
 2474
 2440
 2404
 2384
 2358
 2324
 2292
 2260
 2226
 2190
 2156
 2122
 2086
 2052
 2026
 1992
 1958
 1932
 1918
 1900
 1882
 1866
 1852
 1840
 1826
 1814
 1810
 1812
 1818
 1824
 1828
 1832
 1854
 1872
 1882
 1894
 1912
 1934
 1960
 1978
 2000
 2030
 2062
 2100
 2132
 2160
 2200
 2250
 2284
 2314
 2348
 2378
 2404
 2432
 2456
 2482
 2510
 2536
 2560
 2576
 2588
 2612
 2640
 2662
 2682
 2698
 2708
 2724
 2740
 2754
 2770
 2782
 2798
 2812
 2820
 2828
 2854
 2874
 2884
 2894
 2902
 2908
 2912
 2918
 2922
 2928
 2932
 2936
 2938
 2936
 2944
 2958
 2966
 2970
 2972
 2974
 2974
 2974
 2976
 2976
 2976
 2972
 2968
 2960
 2950
 2950
 2952
 2944
 2936
 2930
 2918
 2904
 2886
 2868
 2842
 2814
 2784
 2750
 2714
 2678
 2658
 2632
 2602
 2576
 2546
 2518
 2488
 2460
 2428
 2398
 2370
 2346
 2316
 2286
 2268
 2254
 2236
 2218
 2204
 2190
 2182
 2174
 2172
 2174
 2182
 2196
 2210
 2216
 2226
 2248
 2270
 2290
 2312
 2334
 2358
 2380
 2400
 2424
 2446
 2466
 2486
 2512
 2534
 2546
 2568
 2598
 2620
 2638
 2654
 2666
 2676
 2686
 2696
 2704
 2712
 2716
 2722
 2724
 2718
 2728
 2740
 2742
 2744
 2742
 2742
 2740
 2742
 2740
 2740
 2738
 2734
 2734
 2734
 2730
 2724
 2732
 2742
 2742
 2748
 2752
 2756
 2764
 2774
 2780
 2788
 2796
 2804
 2812
 2822
 2830
 2834
 2854
 2886
 2910
 2926
 2940
 2946
 2946
 2946
 2940
 2932
 2918
 2898
 2874
 2850
 2826
 2790
 2748
 2718
 2694
 2656
 2620
 2590
 2554
 2520
 2486
 2450
 2412
 2374
 2336
 2304
 2278
 2244
 2210
 2186
 2174
 2158
 2138
 2124
 2106
 2086
 2062
 2044
 2028
 2018
 2010
 2014
 2026
 2040
 2060
 2086
 2128
 2164
 2194
 2232
 2270
 2306
 2344
 2380
 2418
 2452
 2482
 2508
 2538
 2570
 2598
 2620
 2658
 2702
 2730
 2750
 2768
 2786
 2802
 2820
 2838
 2854
 2868
 2878
 2890
 2902
 2916
 2922
 2924
 2940
 2964
 2970
 2974
 2978
 2980
 2982
 2984
 2984
 2986
 2988
 2988
 2988
 2988
 2984
 2980
 2976
 2980
 2982
 2976
 2972
 2964
 2950
 2932
 2912
 2890
 2864
 2834
 2800
 2764
 2732
 2692
 2652
 2620
 2602
 2572
 2540
 2512
 2484
 2454
 2424
 2394
 2360
 2326
 2290
 2256
 2226
 2196
 2160
 2126
 2104
 2084
 2060
 2034
 2004
 1970
 1934
 1900
 1868
 1836
 1804
 1776
 1750
 1724
 1698
 1658
 1620
 1592
 1564
 1530
 1496
 1464
 1424
 1392
 1356
 1324
 1290
 1252
 1210
 1174
 1136
 1088
 1048
 1026
 1006
 986
 974
 970
 972
 980
 996
 1012
 1030
 1074
 1136
 1190
 1234
 1290
 1362
 1436
 1500
 1556
 1610
 1664
 1704
 1736
 1772
 1816
 1860
 1908
 1948
 1982
 2016
 2044
 2074
 2114
 2142
 2168
 2194
 2222
 2248
 2272
 2290
 2312
 2338
 2360
 2376
 2392
 2410
 2424
 2442
 2472
 2496
 2512
 2532
 2550
 2564
 2578
 2596
 2610
 2624
 2642
 2658
 2670
 2684
 2694
 2700
 2722
 2744
 2754
 2766
 2778
 2784
 2790
 2798
 2798
 2792
 2788
 2780
 2770
 2760
 2740
 2716
 2700
 2686
 2664
 2638
 2616
 2594
 2566
 2544
 2522
 2502
 2478
 2458
 2446
 2442
 2444
 2446
 2456
 2480
 2500
 2514
 2526
 2538
 2546
 2556
 2564
 2574
 2580
 2586
 2594
 2600
 2600
 2592
 2596
 2604
 2610
 2614
 2624
 2632
 2636
 2638
 2640
 2642
 2640
 2636
 2636
 2632
 2626
 2618
 2620
 2618
 2604
 2592
 2578
 2564
 2544
 2526
 2508
 2486
 2458
 2432
 2414
 2392
 2370
 2364
 2366
 2366
 2370
 2380
 2390
 2402
 2414
 2426
 2444
 2456
 2474
 2496
 2510
 2520
 2542
 2568
 2586
 2602
 2620
 2636
 2652
 2668
 2684
 2700
 2712
 2724
 2738
 2746
 2750
 2758
 2782
 2798
 2808
 2820
 2834
 2846
 2858
 2870
 2878
 2886
 2890
 2892
 2896
 2900
 2900
 2904
 2918
 2928
 2930
 2934
 2936
 2932
 2934
 2932
 2932
 2930
 2928
 2926
 2926
 2924
 2918
 2910
 2916
 2922
 2918
 2914
 2910
 2906
 2908
 2910
 2912
 2912
 2910
 2908
 2910
 2912
 2910
 2908
 2904
 2912
 2922
 2920
 2916
 2914
 2906
 2900
 2898
 2898
 2896
 2892
 2886
 2872
 2856
 2834
 2810
 2786
 2772
 2766
 2748
 2722
 2700
 2670
 2638
 2602
 2568
 2530
 2488
 2446
 2404
 2362
 2326
 2288
 2248
 2210
 2188
 2164
 2126
 2088
 2056
 2024
 1990
 1958
 1920
 1882
 1848
 1818
 1794
 1774
 1758
 1738
 1720
 1714
 1708
 1690
 1670
 1660
 1652
 1650
 1648
 1652
 1658
 1668
 1678
 1696
 1716
 1742
 1768
 1790
 1816
 1852
 1880
 1914
 1954
 1992
 2024
 2054
 2080
 2106
 2130
 2154
 2182
 2212
 2236
 2256
 2276
 2300
 2340
 2374
 2398
 2422
 2446
 2464
 2482
 2498
 2516
 2532
 2544
 2556
 2568
 2584
 2594
 2602
 2612
 2634
 2648
 2650
 2658
 2666
 2670
 2678
 2684
 2692
 2698
 2702
 2706
 2714
 2722
 2724
 2722
 2724
 2732
 2730
 2724
 2718
 2708
 2694
 2678
 2660
 2634
 2606
 2574
 2542
 2508
 2476
 2436
 2392
 2362
 2332
 2296
 2254
 2212
 2166
 2122
 2082
 2040
 1996
 1952
 1912
 1878
 1848
 1820
 1788
 1764
 1754
 1738
 1728
 1722
 1718
 1714
 1720
 1726
 1736
 1746
 1758
 1772
 1796
 1826
 1850
 1870
 1900
 1932
 1956
 1982
 2004
 2028
 2048
 2072
 2100
 2130
 2158
 2184
 2210
 2240
 2268
 2292
 2318
 2360
 2406
 2436
 2464
 2490
 2518
 2544
 2562
 2580
 2600
 2620
 2636
 2654
 2678
 2704
 2722
 2736
 2762
 2798
 2822
 2838
 2854
 2870
 2880
 2890
 2894
 2904
 2918
 2934
 2946
 2958
 2970
 2976
 2980
 2988
 3014
 3036
 3048
 3058
 3066
 3070
 3074
 3080
 3084
 3088
 3088
 3088
 3090
 3094
 3094
 3090
 3086
 3092
 3104
 3108
 3108
 3110
 3110
 3108
 3108
 3110
 3110
 3112
 3112
 3108
 3106
 3098
 3090
 3084
 3090
 3094
 3094
 3096
 3096
 3094
 3094
 3094
 3092
 3092
 3090
 3084
 3076
 3072
 3066
 3060
 3054
 3058
 3062
 3056
 3050
 3036
 3016
 2990
 2962
 2930
 2888
 2844
 2794
 2746
 2696
 2642
 2588
 2546
 2506
 2458
 2410
 2364
 2316
 2268
 2218
 2170
 2122
 2070
 2022
 1974
 1932
 1888
 1842
 1800
 1772
 1746
 1714
 1682
 1648
 1608
 1574
 1540
 1502
 1466
 1436
 1410
 1386
 1368
 1350
 1334
 1334
 1332
 1332
 1332
 1336
 1344
 1350
 1358
 1364
 1376
 1384
 1392
 1404
 1420
 1436
 1454
 1480
 1512
 1540
 1566
 1594
 1628
 1658
 1688
 1724
 1762
 1804
 1850
 1892
 1936
 1980
 2016
 2044
 2094
 2142
 2186
 2226
 2264
 2294
 2326
 2356
 2384
 2408
 2430
 2452
 2476
 2500
 2518
 2530
 2546
 2572
 2590
 2604
 2622
 2638
 2654
 2672
 2690
 2704
 2712
 2722
 2726
 2740
 2750
 2756
 2760
 2774
 2786
 2794
 2802
 2808
 2814
 2820
 2826
 2830
 2836
 2842
 2846
 2848
 2854
 2856
 2856
 2860
 2878
 2890
 2892
 2896
 2898
 2900
 2902
 2902
 2902
 2900
 2896
 2896
 2896
 2900
 2900
 2900
 2908
 2920
 2924
 2926
 2930
 2930
 2928
 2932
 2932
 2930
 2930
 2928
 2926
 2928
 2928
 2924
 2926
 2932
 2928
 2924
 2916
 2904
 2884
 2866
 2842
 2810
 2772
 2732
 2692
 2652
 2604
 2556
 2518
 2482
 2432
 2380
 2326
 2270
 2210
 2154
 2098
 2044
 1990
 1942
 1900
 1856
 1808
 1770
 1740
 1702
 1666
 1634
 1600
 1560
 1522
 1482
 1450
 1426
 1408
 1392
 1378
 1376
 1392
 1418
 1444
 1476
 1518
 1566
 1608
 1658
 1708
 1750
 1784
 1816
 1854
 1890
 1920
 1956
 2004
 2038
 2066
 2098
 2128
 2152
 2178
 2204
 2234
 2268
 2294
 2312
 2324
 2330
 2344
 2360
 2368
 2376
 2380
 2384
 2386
 2386
 2384
 2376
 2368
 2364
 2362
 2360
 2364
 2382
 2390
 2396
 2400
 2404
 2406
 2404
 2404
 2400
 2398
 2396
 2394
 2394
 2396
 2418
 2442
 2460
 2480
 2504
 2518
 2534
 2546
 2556
 2560
 2564
 2564
 2562
 2554
 2552
 2554
 2548
 2548
 2546
 2544
 2542
 2536
 2532
 2532
 2534
 2540
 2546
 2550
 2564
 2590
 2596
 2594
 2596
 2592
 2590
 2590
 2592
 2592
 2598
 2602
 2604
 2606
 2620
 2634
 2640
 2650
 2662
 2668
 2670
 2674
 2682
 2688
 2692
 2698
 2700
 2698
 2702
 2698
 2680
 2660
 2634
 2592
 2542
 2488
 2424
 2358
 2294
 2226
 2152
 2084
 2028
 1968
 1900
 1834
 1770
 1708
 1656
 1606
 1558
 1518
 1484
 1442
 1396
 1362
 1328
 1292
 1256
 1216
 1166
 1122
 1076
 1036
 1000
 972
 950
 934
 910
 900
 892
 886
 884
 878
 870
 858
 848
 842
 836
 832
 832
 834
 836
 844
 848
 856
 872
 890
 906
 926
 954
 980
 1014
 1062
 1114
 1156
 1202
 1260
 1302
 1356
 1426
 1482
 1524
 1574
 1628
 1676
 1724
 1790
 1858
 1916
 1958
 2014
 2074
 2118
 2164
 2206
 2240
 2272
 2308
 2352
 2396
 2426
 2454
 2476
 2494
 2518
 2554
 2582
 2604
 2632
 2656
 2680
 2704
 2730
 2758
 2776
 2792
 2808
 2818
 2834
 2870
 2892
 2896
 2900
 2904
 2910
 2914
 2916
 2914
 2916
 2916
 2918
 2908
 2902
 2910
 2914
 2910
 2906
 2896
 2884
 2870
 2848
 2812
 2770
 2724
 2676
 2620
 2564
 2518
 2472
 2416
 2358
 2300
 2242
 2184
 2130
 2072
 2016
 1958
 1906
 1854
 1802
 1764
 1740
 1716
 1692
 1676
 1666
 1656
 1646
 1634
 1622
 1610
 1600
 1594
 1590
 1594
 1616
 1632
 1658
 1686
 1716
 1746
 1784
 1816
 1846
 1880
 1910
 1940
 1966
 1992
 2030
 2070
 2096
 2126
 2158
 2184
 2216
 2248
 2278
 2302
 2318
 2336
 2356
 2376
 2396
 2436
 2470
 2490
 2508
 2526
 2538
 2542
 2542
 2542
 2540
 2536
 2536
 2538
 2534
 2540
 2554
 2560
 2560
 2564
 2562
 2560
 2560
 2560
 2560
 2564
 2568
 2574
 2574
 2574
 2594
 2612
 2616
 2624
 2632
 2636
 2644
 2652
 2658
 2664
 2668
 2674
 2674
 2670
 2678
 2686
 2686
 2688
 2690
 2690
 2690
 2684
