44
46
105
134
187
220
272
368
437
504
598
669
744
827
893
962
1044
1114
1201
1272
1367
1421
1483
1550
1613
1680
1747
1810
1884
2002
2009
2182
2259
2327
2396
2464
2536
2607
2674
2740
2807
2877
2944
3016
3083
3152
3224
3295
3359
3428
3493
3562
3640
3702
3775
3838
3902
3963
4038
4113
4186
4253
4319
4390
4456
4525
4593
4658
4729
4794
4865
4938
5013
5087
5149
5217
5280
5351
5421
5488
5566
5639
5711
5785
5859
5930
6001
6068
6133
6200
6264
6328
6397
6469
6543
6612
6685
6755
6826
6896
6964
7043
7109
7177
7243
7311
7386
7456
7526
7626
7710
7790
7861
7927
7993
8062
8130
8201
8268
8355
8432
8505
8630
8633
8842
