28
106
185
205
257
317
342
393
462
534
603
675
752
823
898
966
1037
1107
1176
1248
1324
1397
1457
1520
1585
1655
1725
1802
1873
1942
2007
2075
2149
2221
2296
2365
2433
2499
2571
2639
2711
2780
2851
2926
2993
3060
3123
3204
3228
3274
3347
3411
3483
3556
3622
3692
3765
3841
3915
3994
4067
4142
4210
4289
4363
4434
4496
4566
4633
4697
4775
4848
4964
4967
5087
5370
5448
5520
5590
5663
5736
5818
5893
5973
6049
6118
6187
6256
6327
6398
6467
6544
6622
6701
6775
6848
6917
6989
7058
7123
7189
7258
7328
7399
7475
7557
7634
7714
7795
7866
7941
8009
8079
8153
8223
8296
8365
8514
8516
8556
8628
8701
8788
8864
