74
149
229
302
380
448
517
593
662
755
827
903
979
1041
1107
1193
1265
1341
1420
1498
1597
1675
1752
1831
1918
1994
2074
2147
2219
2295
2363
2445
2529
2602
2676
2749
2819
2891
2968
3041
3141
3220
3292
3365
3436
3508
3592
3660
3729
3799
3873
3945
4015
4087
4160
4233
4308
4404
4405
4476
4560
4638
4719
4793
4879
4951
5022
5096
5178
5255
5329
5406
5481
5551
5623
5704
5767
5832
5910
5986
6061
6136
6217
6288
6356
6421
6500
6569
6645
6714
6787
6859
6928
7007
7077
7148
7220
7288
7360
7381
7425
7508
7573
7683
7685
7927
8011
8089
8155
8225
8296
8362
8433
8504
8589
8659
8721
8846
8924
8998
9072
9144
9226
9301
9398
9407
9481
9554
9633
9719
9874
9876
9985
10087
10176
10272
10343
10416
10488
10555
10628
10706
10792
10868
10950
11019
11094
11168
11183
11249
11315
11393
11465
11537
11604
11674
11751
11825
11889
11962
12031
12101
12182
12255
12326
12394
12471
12550
12620
12690
12760
12832
12905
12975
13063
13077
13124
13190
13278
13288
13363
13449
13526
13598
13664
13756
13831
13916
14001
14079
14154
14240
14321
14398
14468
14546
14615
14693
14765
14844
14931
15061
15062
15149
15354
15440
15523
15535
15599
15677
15751
15822
15900
15971
16043
