36
46
105
203
226
251
435
452
533
535
646
648
727
728
779
852
968
972
1092
1177
1286
1298
1393
1412
1481
1484
1545
1560
1618
1685
1757
1825
1893
1968
2055
2169
2181
2245
2335
2424
2501
2579
2653
2732
2810
2893
2995
3152
3154
3440
3533
3541
3609
3620
3684
3764
3772
3855
3861
3968
3982
4101
4195
4286
4303
4379
4388
4455
4531
4615
4716
4848
4938
5026
5107
5191
5265
5350
5417
5500
5596
5699
5793
5906
6007
6095
6105
6172
6183
6248
6322
6342
6430
6544
6549
6637
6739
6756
6826
6915
7010
7090
7166
7254
7349
7362
7434
7524
7637
7641
7732
7885
7887
7955
7966
8013
8103
8206
8301
8317
8391
8474
8611
8618
8704
8719
8811
8826
