 3008
 2962
 2914
 2862
 2804
 2744
 2694
 2676
 2656
 2624
 2604
 2606
 2614
 2630
 2632
 2628
 2634
 2638
 2636
 2650
 2676
 2692
 2718
 2736
 2762
 2778
 2792
 2800
 2804
 2842
 2874
 2890
 2882
 2844
 2798
 2736
 2684
 2638
 2580
 2532
 2510
 2498
 2500
 2496
 2500
 2528
 2552
 2564
 2584
 2616
 2648
 2650
 2606
 2538
 2466
 2382
 2294
 2196
 2084
 1970
 1856
 1756
 1674
 1602
 1552
 1504
 1464
 1418
 1372
 1330
 1270
 1214
 1154
 1098
 1054
 1020
 976
 942
 932
 930
 938
 960
 984
 1008
 1042
 1104
 1166
 1228
 1278
 1316
 1372
 1424
 1488
 1516
 1536
 1558
 1566
 1562
 1546
 1530
 1504
 1478
 1460
 1450
 1446
 1444
 1446
 1450
 1452
 1460
 1464
 1466
 1482
 1512
 1548
 1584
 1632
 1676
 1716
 1748
 1778
 1806
 1836
 1870
 1904
 1936
 1968
 1996
 2036
 2088
 2130
 2166
 2196
 2226
 2250
 2268
 2284
 2284
 2276
 2256
 2232
 2204
 2168
 2130
 2092
 2058
 2014
 1968
 1926
 1888
 1860
 1826
 1784
 1738
 1702
 1672
 1644
 1622
 1598
 1572
 1538
 1506
 1478
 1460
 1450
 1450
 1456
 1466
 1476
 1488
 1506
 1534
 1574
 1622
 1670
 1714
 1756
 1804
 1848
 1892
 1940
 1988
 2032
 2070
 2108
 2144
 2172
 2210
 2238
 2266
 2292
 2318
 2334
 2342
 2344
 2348
 2354
 2342
 2310
 2266
 2220
 2166
 2110
 2048
 1974
 1898
 1822
 1756
 1704
 1672
 1664
 1692
 1774
 1876
 1968
 2042
 2088
 2096
 2060
 2030
 2020
 2004
 1984
 1962
 1954
 1956
 1968
 1982
 1996
 2012
 2024
 2032
 2038
 2038
 2034
 2030
 2024
 2018
 2014
 2000
 1984
 1966
 1950
 1938
 1918
 1894
 1868
 1846
 1824
 1794
 1766
 1730
 1694
 1654
 1612
 1570
 1530
 1488
 1446
 1402
 1364
 1324
 1282
 1246
 1216
 1196
 1178
 1168
 1162
 1164
 1176
 1190
 1212
 1240
 1268
 1296
 1328
 1360
 1390
 1414
 1436
 1458
 1484
 1512
 1536
 1566
 1608
 1656
 1716
 1764
 1806
 1850
 1888
 1918
 1954
 1994
 2032
 2074
 2110
 2146
 2180
 2204
 2226
 2246
 2264
 2280
 2302
 2308
 2310
 2316
 2330
 2344
 2344
 2338
 2326
 2312
 2294
 2270
 2240
 2206
 2166
 2120
 2070
 2016
 1960
 1902
 1842
 1782
 1728
 1678
 1624
 1572
 1526
 1490
 1454
 1420
 1380
 1336
 1288
 1242
 1198
 1158
 1118
 1072
 1014
 958
 898
 828
 756
 684
 622
 562
 498
 438
 374
 314
 252
 182
 116
 50
 0
 0
 0
 0
 0
 0
 0
 0
 0
 0
 0
 0
 0
 0
 0
 0
 0
 0
 0
 0
 0
 30
 94
 164
 232
 294
 356
 422
 486
 554
 626
 702
 768
 830
 888
 954
 1028
 1098
 1158
 1218
 1284
 1352
 1418
 1482
 1540
 1596
 1654
 1708
 1758
 1802
 1848
 1892
 1940
 1976
 2012
 2044
 2084
 2140
 2192
 2232
 2268
 2304
 2336
 2366
 2396
 2424
 2448
 2468
 2490
 2512
 2532
 2552
 2572
 2588
 2606
 2620
 2632
 2642
 2654
 2686
 2718
 2738
 2754
 2770
 2784
 2796
 2812
 2826
 2836
 2842
 2848
 2854
 2858
 2864
 2868
 2870
 2876
 2880
 2878
 2872
 2866
 2866
 2882
 2892
 2896
 2894
 2892
 2888
 2882
 2878
 2864
 2846
 2832
 2822
 2816
 2814
 2816
 2818
 2818
 2818
 2818
 2814
 2806
 2800
 2806
 2822
 2838
 2846
 2850
 2860
 2870
 2882
 2898
 2912
 2920
 2922
 2924
 2924
 2926
 2924
 2924
 2926
 2922
 2914
 2912
 2918
 2936
 2956
 2966
 2974
 2980
 2982
 2982
 2988
 2994
 2994
 2992
 2990
 2988
 2988
 2986
 2982
 2980
 2974
 2966
 2956
 2958
 2974
 2988
 2994
 2996
 2992
 2988
 2984
 2982
 2976
 2966
 2952
 2936
 2920
 2896
 2872
 2846
 2816
 2786
 2750
 2710
 2674
 2644
 2628
 2606
 2576
 2538
 2502
 2466
 2428
 2396
 2362
 2330
 2298
 2270
 2248
 2236
 2232
 2232
 2238
 2250
 2262
 2274
 2290
 2314
 2352
 2394
 2430
 2460
 2490
 2520
 2546
 2574
 2604
 2630
 2652
 2674
 2690
 2706
 2722
 2736
 2748
 2758
 2766
 2776
 2780
 2782
 2786
 2802
 2832
 2852
 2864
 2876
 2886
 2894
 2898
 2906
 2912
 2916
 2918
 2922
 2924
 2926
 2928
 2930
 2930
 2928
 2928
 2928
 2920
 2910
 2900
 2900
 2908
 2906
 2892
 2876
 2858
 2836
 2810
 2782
 2750
 2712
 2672
 2628
 2580
 2536
 2486
 2436
 2378
 2326
 2274
 2224
 2166
 2112
 2068
 2030
 2000
 1974
 1956
 1942
 1938
 1944
 1960
 1982
 2008
 2038
 2070
 2106
 2138
 2174
 2204
 2230
 2262
 2292
 2316
 2332
 2350
 2374
 2412
 2456
 2496
 2524
 2552
 2586
 2614
 2640
 2668
 2690
 2706
 2724
 2738
 2752
 2766
 2778
 2790
 2800
 2808
 2816
 2820
 2822
 2826
 2850
 2882
 2902
 2910
 2920
 2932
 2942
 2952
 2960
 2966
 2968
 2970
 2968
 2962
 2956
 2950
 2940
 2924
 2912
 2896
 2868
 2842
 2822
 2810
 2798
 2776
 2750
 2724
 2698
 2668
 2638
 2602
 2560
 2514
 2468
 2418
 2368
 2318
 2266
 2214
 2166
 2116
 2058
 2002
 1956
 1918
 1884
 1848
 1808
 1768
 1732
 1702
 1674
 1650
 1632
 1610
 1596
 1586
 1586
 1590
 1600
 1614
 1636
 1660
 1684
 1716
 1750
 1802
 1860
 1912
 1958
 2004
 2058
 2106
 2150
 2192
 2234
 2274
 2314
 2350
 2386
 2420
 2454
 2484
 2514
 2546
 2572
 2592
 2610
 2636
 2682
 2728
 2762
 2790
 2816
 2840
 2862
 2890
 2910
 2930
 2942
 2956
 2966
 2970
 2976
 2980
 2980
 2976
 2972
 2964
 2956
 2948
 2948
 2966
 2986
 2992
 2992
 2990
 2984
 2974
 2964
 2948
 2922
 2888
 2856
 2820
 2782
 2742
 2702
 2658
 2610
 2564
 2514
 2458
 2412
 2374
 2342
 2308
 2264
 2214
 2166
 2120
 2072
 2026
 1980
 1934
 1890
 1850
 1818
 1796
 1782
 1774
 1774
 1782
 1792
 1804
 1826
 1854
 1896
 1940
 1978
 2016
 2056
 2102
 2142
 2186
 2228
 2270
 2306
 2344
 2382
 2416
 2450
 2484
 2514
 2544
 2572
 2598
 2616
 2634
 2660
 2704
 2746
 2776
 2802
 2824
 2848
 2870
 2892
 2910
 2926
 2938
 2946
 2950
 2956
 2962
 2966
 2970
 2970
 2974
 2976
 2972
 2968
 2964
 2978
 3002
 3018
 3028
 3036
 3044
 3050
 3054
 3054
 3046
 3032
 3014
 3002
 2984
 2964
 2936
 2904
 2864
 2824
 2784
 2738
 2686
 2636
 2594
 2564
 2530
 2490
 2446
 2404
 2360
 2310
 2262
 2208
 2150
 2090
 2028
 1970
 1910
 1850
 1794
 1734
 1680
 1632
 1578
 1534
 1502
 1478
 1466
 1460
 1462
 1468
 1482
 1498
 1518
 1546
 1580
 1614
 1648
 1686
 1726
 1770
 1810
 1846
 1884
 1924
 1962
 1996
 2030
 2068
 2120
 2170
 2214
 2250
 2288
 2332
 2366
 2402
 2436
 2466
 2494
 2518
 2542
 2564
 2586
 2612
 2632
 2652
 2670
 2688
 2698
 2706
 2716
 2742
 2780
 2812
 2836
 2854
 2874
 2890
 2906
 2920
 2932
 2942
 2948
 2952
 2958
 2962
 2966
 2970
 2970
 2970
 2972
 2970
 2964
 2954
 2946
 2948
 2952
 2944
 2928
 2912
 2894
 2868
 2840
 2810
 2776
 2742
 2706
 2670
 2634
 2596
 2558
 2518
 2472
 2426
 2382
 2330
 2276
 2232
 2192
 2162
 2128
 2092
 2052
 2020
 1992
 1970
 1956
 1946
 1944
 1946
 1952
 1962
 1980
 2000
 2024
 2050
 2076
 2108
 2134
 2156
 2182
 2216
 2266
 2314
 2358
 2394
 2428
 2468
 2502
 2538
 2568
 2598
 2622
 2646
 2668
 2688
 2708
 2728
 2746
 2758
 2768
 2780
 2786
 2790
 2798
 2816
 2850
 2878
 2898
 2912
 2928
 2944
 2956
 2964
 2974
 2978
 2984
 2986
 2986
 2990
 2994
 2996
 2996
 2994
 2990
 2988
 2984
 2976
 2966
 2968
 2982
 2990
 2988
 2980
 2972
 2958
 2940
 2918
 2892
 2856
 2816
 2774
 2730
 2684
 2642
 2596
 2548
 2498
 2452
 2408
 2352
 2298
 2250
 2210
 2174
 2128
 2068
 1998
 1936
 1876
 1816
 1758
 1696
 1634
 1572
 1510
 1454
 1400
 1350
 1302
 1258
 1216
 1176
 1128
 1088
 1054
 1028
 1008
 994
 978
 968
 962
 960
 962
 968
 974
 984
 994
 1012
 1034
 1058
 1082
 1110
 1140
 1176
 1214
 1242
 1280
 1322
 1374
 1426
 1474
 1518
 1562
 1612
 1658
 1706
 1754
 1800
 1846
 1890
 1934
 1982
 2030
 2080
 2124
 2166
 2208
 2252
 2288
 2318
 2348
 2382
 2434
 2478
 2510
 2536
 2564
 2592
 2614
 2640
 2660
 2678
 2694
 2710
 2724
 2738
 2754
 2768
 2778
 2786
 2794
 2802
 2802
 2804
 2806
 2822
 2850
 2874
 2890
 2902
 2912
 2922
 2926
 2934
 2938
 2940
 2940
 2942
 2942
 2946
 2948
 2952
 2952
 2952
 2952
 2954
 2948
 2934
 2926
 2924
 2934
 2936
 2930
 2922
 2912
 2900
 2882
 2864
 2844
 2818
 2788
 2756
 2722
 2686
 2650
 2612
 2570
 2528
 2480
 2438
 2388
 2336
 2292
 2252
 2224
 2194
 2158
 2118
 2080
 2044
 2006
 1980
 1954
 1934
 1918
 1908
 1906
 1908
 1916
 1926
 1942
 1960
 1982
 2004
 2022
 2046
 2080
 2130
 2180
 2222
 2262
 2304
 2348
 2392
 2432
 2472
 2510
 2544
 2576
 2606
 2634
 2660
 2684
 2706
 2722
 2738
 2756
 2768
 2776
 2784
 2800
 2838
 2872
 2896
 2916
 2938
 2954
 2964
 2974
 2986
 2996
 2998
 3004
 3008
 3010
 3014
 3018
 3018
 3016
 3016
 3016
 3008
 3002
 2998
 3002
 3024
 3040
 3048
 3056
 3062
 3068
 3068
 3064
 3060
 3052
 3036
 3022
 3006
 2988
 2968
 2948
 2922
 2892
 2862
 2830
 2794
 2752
 2714
 2684
 2660
 2628
 2592
 2552
 2508
 2468
 2426
 2386
 2344
 2300
 2256
 2216
 2176
 2142
 2114
 2096
 2082
 2078
 2080
 2080
 2084
 2098
 2120
 2154
 2192
 2226
 2264
 2300
 2340
 2374
 2412
 2450
 2484
 2516
 2546
 2576
 2604
 2630
 2658
 2684
 2706
 2728
 2748
 2760
 2774
 2788
 2818
 2854
 2878
 2898
 2914
 2934
 2946
 2958
 2970
 2978
 2984
 2988
 2992
 2996
 3000
 3004
 3006
 3006
 3002
 3000
 2998
 2990
 2982
 2982
 2996
 3014
 3026
 3030
 3036
 3040
 3046
 3048
 3044
 3032
 3010
 2992
 2982
 2972
 2966
 2968
 2966
 2958
 2952
 2952
 2944
 2936
 2928
 2932
 2946
 2956
 2956
 2954
 2950
 2942
 2930
 2918
 2902
 2874
 2840
 2810
 2774
 2736
 2708
 2678
 2652
 2624
 2598
 2574
 2542
 2506
 2478
 2462
 2454
 2440
 2426
 2414
 2406
 2396
 2410
 2420
 2412
 2432
 2444
 2442
 2434
 2420
 2414
 2412
 2408
 2408
 2394
 2386
 2382
 2392
 2408
 2428
 2456
 2474
 2488
 2504
 2520
 2534
 2558
 2578
 2594
 2612
 2624
 2638
 2652
 2664
 2678
 2690
 2704
 2718
 2724
 2726
 2732
 2744
 2770
 2802
 2820
 2832
 2834
 2832
 2826
 2812
 2798
 2776
 2748
 2720
 2688
 2654
 2622
 2588
 2550
 2514
 2476
 2440
 2398
 2342
 2304
 2276
 2260
 2250
 2224
 2202
 2172
 2144
 2108
 2072
 2032
 1992
 1946
 1892
 1838
 1786
 1736
 1690
 1642
 1598
 1564
 1532
 1490
 1454
 1428
 1406
 1396
 1386
 1374
 1366
 1362
 1356
 1356
 1356
 1352
 1350
 1348
 1350
 1356
 1362
 1370
 1378
 1382
 1396
 1408
 1422
 1434
 1452
 1480
 1514
 1540
 1570
 1604
 1640
 1674
 1714
 1756
 1796
 1832
 1864
 1898
 1932
 1968
 2004
 2036
 2060
 2082
 2106
 2124
 2138
 2146
 2162
 2194
 2234
 2262
 2290
 2314
 2340
 2370
 2404
 2438
 2466
 2492
 2512
 2530
 2542
 2556
 2564
 2564
 2558
 2546
 2534
 2516
 2490
 2460
 2424
 2408
 2390
 2366
 2334
 2294
 2258
 2222
 2186
 2146
 2100
 2048
 1998
 1946
 1892
 1842
 1790
 1738
 1688
 1636
 1590
 1540
 1488
 1442
 1400
 1364
 1326
 1286
 1242
 1200
 1160
 1126
 1104
 1084
 1070
 1056
 1052
 1058
 1068
 1080
 1092
 1108
 1128
 1150
 1166
 1184
 1208
 1242
 1276
 1306
 1332
 1354
 1376
 1398
 1418
 1440
 1462
 1478
 1496
 1508
 1516
 1528
 1532
 1548
 1558
 1570
 1584
 1602
 1612
 1622
 1638
 1660
 1692
 1724
 1750
 1782
 1814
 1852
 1888
 1932
 1976
 2022
 2070
 2114
 2152
 2188
 2226
 2260
 2290
 2314
 2336
 2356
 2368
 2376
 2390
 2408
 2438
 2450
 2446
 2440
 2428
 2412
 2396
 2374
 2340
 2304
 2262
 2214
 2170
 2122
 2078
 2032
 1986
 1934
 1888
 1844
 1790
 1740
 1698
 1660
 1626
 1590
 1546
 1500
 1462
 1426
 1392
 1368
 1344
 1318
 1294
 1274
 1262
 1256
 1254
 1258
 1266
 1282
 1298
 1314
 1332
 1356
 1392
 1432
 1462
 1494
 1524
 1560
 1598
 1626
 1658
 1692
 1726
 1756
 1786
 1814
 1842
 1872
 1904
 1934
 1964
 1996
 2028
 2052
 2074
 2102
 2142
 2192
 2236
 2274
 2308
 2344
 2380
 2414
 2448
 2480
 2506
 2532
 2556
 2578
 2600
 2622
 2644
 2660
 2672
 2682
 2692
 2694
 2688
 2682
 2682
 2686
 2682
 2666
 2646
 2628
 2604
 2578
 2552
 2518
 2480
 2442
 2400
 2352
 2304
 2260
 2216
 2170
 2120
 2070
 2026
 1974
 1920
 1876
 1840
 1812
 1782
 1750
 1720
 1692
 1672
 1654
 1650
 1652
 1658
 1664
 1674
 1688
 1704
 1722
 1744
 1770
 1794
 1824
 1854
 1880
 1914
 1960
 2018
 2078
 2128
 2174
 2218
 2264
 2302
 2338
 2372
 2410
 2442
 2478
 2504
 2530
 2554
 2578
 2600
 2618
 2636
 2656
 2672
 2680
 2686
 2696
 2718
 2744
 2758
 2770
 2776
 2782
 2786
 2784
 2778
 2764
 2734
 2698
 2664
 2630
 2596
 2564
 2530
 2494
 2458
 2422
 2382
 2340
 2302
 2270
 2252
 2232
 2206
 2178
 2152
 2130
 2108
 2088
 2066
 2046
 2018
 1992
 1972
 1962
 1962
 1968
 1978
 1990
 2014
 2036
 2056
 2084
 2116
 2156
 2206
 2250
 2290
 2326
 2370
 2412
 2454
 2500
 2540
 2582
 2618
 2652
 2690
 2724
 2758
 2788
 2812
 2836
 2860
 2878
 2888
 2894
 2902
 2924
 2952
 2968
 2978
 2978
 2976
 2962
 2948
 2926
 2894
 2858
 2820
 2780
 2736
 2692
 2646
 2598
 2546
 2498
 2454
 2398
 2340
 2294
 2256
 2222
 2184
 2136
 2086
 2040
 1992
 1942
 1894
 1846
 1796
 1740
 1684
 1628
 1572
 1522
 1476
 1428
 1392
 1356
 1330
 1314
 1310
 1318
 1332
 1352
 1378
 1406
 1442
 1474
 1516
 1564
 1614
 1662
 1708
 1758
 1808
 1860
 1912
 1964
 2016
 2072
 2116
 2158
 2206
 2258
 2330
 2398
 2452
 2502
 2550
 2598
 2642
 2686
 2730
 2768
 2802
 2836
 2868
 2898
 2930
 2954
 2974
 2994
 3010
 3030
 3038
 3042
 3056
 3082
 3124
 3154
 3174
 3198
 3220
 3240
 3260
 3280
 3296
 3308
 3314
 3318
 3324
 3326
 3326
 3314
 3292
 3262
 3234
 3202
 3160
 3118
 3074
 3042
 3012
 2968
 2924
 2874
 2826
 2776
 2724
 2676
 2620
 2562
 2504
 2444
 2384
 2326
 2266
 2204
 2140
 2080
 2024
 1958
 1900
 1846
 1796
 1754
 1706
 1652
 1598
 1552
 1506
 1464
 1424
 1386
 1348
 1310
 1282
 1264
 1256
 1262
 1268
 1280
 1300
 1318
 1342
 1378
 1416
 1466
 1518
 1564
 1612
 1666
 1718
 1766
 1822
 1874
 1926
 1972
 2014
 2056
 2098
 2142
 2178
 2220
 2264
 2306
 2342
 2374
 2406
 2442
 2496
 2548
 2590
 2626
 2662
 2700
 2730
 2762
 2798
 2830
 2854
 2882
 2906
 2922
 2938
 2954
 2964
 2974
 2984
 2986
 2978
 2968
 2964
 2974
 2986
 2994
 2996
 2996
 2992
 2980
 2970
 2956
 2934
 2904
 2866
 2830
 2790
 2750
 2710
 2668
 2624
 2582
 2536
 2486
 2436
 2394
 2360
 2326
 2290
 2244
 2200
 2158
 2112
 2070
 2026
 1984
 1940
 1892
 1848
 1806
 1770
 1740
 1720
 1704
 1700
 1698
 1700
 1712
 1730
 1760
 1788
 1814
 1840
 1872
 1910
 1940
 1980
 2018
 2056
 2092
 2128
 2164
 2200
 2234
 2270
 2304
 2336
 2374
 2404
 2434
 2460
 2494
 2544
 2590
 2626
 2658
 2690
 2720
 2752
 2788
 2820
 2844
 2868
 2888
 2902
 2916
 2930
 2942
 2950
 2952
 2956
 2960
 2956
 2954
 2952
 2964
 2990
 3008
 3018
 3026
 3034
 3042
 3050
 3058
 3058
 3052
 3038
 3024
 3008
 2984
 2962
 2936
 2904
 2866
 2834
 2800
 2754
 2708
 2670
 2642
 2620
 2588
 2550
 2508
 2470
 2428
 2386
 2346
 2302
 2256
 2206
 2158
 2112
 2066
 2028
 1998
 1970
 1956
 1946
 1938
 1938
 1946
 1962
 1986
 2012
 2036
 2060
 2088
 2116
 2142
 2174
 2206
 2238
 2272
 2306
 2340
 2374
 2408
 2442
 2476
 2510
 2544
 2572
 2596
 2620
 2650
 2698
 2744
 2780
 2810
 2838
 2868
 2890
 2912
 2926
 2936
 2944
 2950
 2954
 2954
 2956
 2956
 2954
 2950
 2940
 2936
 2928
 2916
 2908
 2904
 2910
 2914
 2916
 2918
 2914
 2916
 2914
 2918
 2914
 2904
 2890
 2870
 2848
 2820
 2790
 2758
 2722
 2686
 2644
 2608
 2566
 2518
 2476
 2438
 2408
 2378
 2342
 2296
 2252
 2212
 2168
 2128
 2088
 2048
 2008
 1970
 1936
 1904
 1878
 1864
 1854
 1850
 1848
 1850
 1852
 1858
 1872
 1904
 1936
 1968
 2002
 2036
 2072
 2112
 2154
 2202
 2248
 2292
 2330
 2362
 2392
 2426
 2456
 2486
 2518
 2546
 2574
 2596
 2612
 2630
 2654
 2694
 2740
 2774
 2808
 2838
 2870
 2902
 2930
 2956
 2980
 3002
 3020
 3032
 3040
 3050
 3060
 3068
 3072
 3074
 3076
 3072
 3068
 3060
 3062
 3074
 3076
 3066
 3050
 3030
 3006
 2976
 2946
 2908
 2870
 2828
 2784
 2740
 2694
 2650
 2602
 2554
 2504
 2462
 2416
 2356
 2304
 2258
 2220
 2190
 2152
 2110
 2068
 2030
 1994
 1962
 1934
 1904
 1880
 1854
 1836
 1826
 1822
 1826
 1832
 1842
 1860
 1882
 1898
 1924
 1956
 1992
 2032
 2066
 2096
 2124
 2154
 2184
 2214
 2250
 2278
 2304
 2334
 2362
 2388
 2416
 2442
 2468
 2494
 2520
 2548
 2570
 2588
 2608
 2634
 2674
 2714
 2748
 2776
 2808
 2844
 2876
 2912
 2942
 2964
 2984
 3004
 3022
 3038
 3056
 3072
 3086
 3096
 3102
 3102
 3096
 3086
 3078
 3082
 3086
 3080
 3066
 3048
 3028
 3002
 2976
 2948
 2912
 2870
 2826
 2782
 2736
 2694
 2650
 2602
 2556
 2510
 2466
 2414
 2366
 2324
 2286
 2256
 2224
 2184
 2144
 2106
 2072
 2038
 2008
 1982
 1958
 1936
 1922
 1916
 1914
 1918
 1928
 1938
 1956
 1974
 1990
 2012
 2042
 2080
 2116
 2150
 2180
 2204
 2238
 2264
 2288
 2310
 2330
 2356
 2376
 2394
 2414
 2438
 2462
 2486
 2504
 2524
 2546
 2560
 2572
 2590
 2618
 2660
 2692
 2720
 2744
 2766
 2790
 2814
 2840
 2866
 2886
 2900
 2914
 2924
 2936
 2946
 2954
 2956
 2956
 2958
 2952
 2940
 2928
 2922
 2928
 2926
 2912
 2898
 2878
 2858
 2832
 2806
 2772
 2738
 2700
 2660
 2622
 2582
 2546
 2510
 2466
 2424
 2384
 2342
 2292
 2248
 2210
 2180
 2148
 2110
 2064
 2020
 1980
 1942
 1906
 1876
 1852
 1826
 1810
 1798
 1794
 1800
 1808
 1824
 1842
 1866
 1894
 1920
 1950
 1986
 2032
 2086
 2136
 2182
 2226
 2276
 2322
 2366
 2412
 2450
 2488
 2522
 2552
 2584
 2612
 2638
 2662
 2682
 2702
 2722
 2742
 2752
 2760
 2778
 2808
 2846
 2878
 2904
 2932
 2962
 2986
 3010
 3030
 3042
 3054
 3068
 3076
 3086
 3092
 3096
 3100
 3100
 3094
 3092
 3090
 3084
 3078
 3074
 3080
 3090
 3092
 3082
 3068
 3058
 3040
 3020
 2996
 2958
 2920
 2878
 2838
 2798
 2756
 2714
 2674
 2630
 2586
 2544
 2506
 2456
 2408
 2366
 2334
 2308
 2278
 2242
 2204
 2174
 2146
 2116
 2094
 2076
 2062
 2052
 2048
 2050
 2058
 2070
 2086
 2106
 2126
 2156
 2182
 2204
 2232
 2264
 2308
 2354
 2394
 2434
 2478
 2524
 2566
 2612
 2652
 2690
 2726
 2762
 2796
 2828
 2860
 2892
 2922
 2948
 2970
 2994
 3012
 3016
 3022
 3034
 3062
 3090
 3104
 3114
 3126
 3136
 3144
 3150
 3154
 3162
 3166
 3172
 3176
 3180
 3182
 3182
 3178
 3168
 3150
 3132
 3114
 3086
 3052
 3016
 2992
 2976
 2952
 2918
 2882
 2846
 2810
 2770
 2732
 2688
 2644
 2596
 2550
 2506
 2460
 2418
 2378
 2334
 2292
 2250
 2208
 2160
 2120
 2088
 2066
 2052
 2038
 2032
 2030
 2038
 2050
 2068
 2092
 2120
 2148
 2176
 2210
 2246
 2286
 2326
 2364
 2400
 2436
 2474
 2502
 2534
 2564
 2610
 2666
 2712
 2754
 2792
 2832
 2868
 2902
 2934
 2964
 2986
 3000
 3018
 3034
 3052
 3068
 3084
 3096
 3106
 3116
 3124
 3126
 3124
 3126
 3144
 3172
 3188
 3196
 3200
 3202
 3198
 3186
 3174
 3156
 3128
 3098
 3066
 3028
 2990
 2952
 2908
 2862
 2812
 2764
 2712
 2654
 2606
 2560
 2526
 2490
 2448
 2406
 2360
 2318
 2274
 2230
 2184
 2138
 2090
 2040
 1988
 1936
 1888
 1836
 1782
 1732
 1686
 1628
 1572
 1528
 1482
 1442
 1402
 1358
 1310
 1270
 1234
 1198
 1170
 1150
 1134
 1124
 1124
 1128
 1142
 1162
 1188
 1218
 1254
 1288
 1322
 1366
 1412
 1466
 1520
 1570
 1618
 1666
 1718
 1764
 1812
 1864
 1916
 1962
 2010
 2054
 2094
 2138
 2186
 2230
 2276
 2328
 2374
 2408
 2444
 2482
 2532
 2588
 2634
 2668
 2706
 2744
 2780
 2816
 2848
 2874
 2900
 2922
 2940
 2962
 2976
 2990
 3002
 3014
 3026
 3038
 3040
 3038
 3040
 3048
 3074
 3096
 3110
 3120
 3136
 3148
 3156
 3168
 3174
 3182
 3184
 3182
 3182
 3184
 3184
 3184
 3182
 3180
 3180
 3176
 3172
 3164
 3164
 3180
 3198
 3208
 3212
 3220
 3226
 3232
 3240
 3242
 3238
 3228
 3218
 3202
 3178
 3152
 3122
 3086
 3048
 3008
 2964
 2912
 2862
 2818
 2784
 2748
 2706
 2658
 2612
 2568
 2524
 2480
 2434
 2384
 2334
 2284
 2236
 2186
 2140
 2100
 2060
 2028
 2002
 1980
 1970
 1970
 1980
 2000
 2020
 2042
 2068
 2098
 2126
 2156
 2192
 2228
 2260
 2294
 2326
 2356
 2388
 2422
 2454
 2488
 2522
 2548
 2570
 2594
 2626
 2672
 2708
 2738
 2764
 2794
 2822
 2850
 2878
 2902
 2918
 2930
 2942
 2952
 2964
 2974
 2984
 2990
 3000
 3008
 3008
 3004
 3006
 3018
 3046
 3064
 3078
 3088
 3098
 3104
 3102
 3094
 3082
 3064
 3044
 3018
 2990
 2960
 2928
 2892
 2852
 2810
 2772
 2722
 2674
 2630
 2600
 2574
 2538
 2496
 2454
 2414
 2372
 2332
 2290
 2246
 2198
 2148
 2098
 2050
 2002
 1956
 1908
 1868
 1830
 1790
 1764
 1750
 1746
 1756
 1770
 1788
 1812
 1840
 1868
 1898
 1934
 1972
 2006
 2038
 2074
 2110
 2148
 2186
 2222
 2260
 2302
 2336
 2364
 2394
 2426
 2476
 2522
 2558
 2590
 2624
 2654
 2684
 2714
 2740
 2764
 2784
 2806
 2822
 2840
 2856
 2872
 2886
 2896
 2908
 2910
 2904
 2900
 2902
 2924
 2942
 2954
 2964
 2978
 2994
 3006
 3022
 3036
 3048
 3054
 3064
 3068
 3070
 3070
 3068
 3056
 3038
 3020
 3002
 2974
 2946
 2922
 2908
 2896
 2872
 2838
 2806
 2774
 2736
 2700
 2664
 2622
 2580
 2540
 2496
 2452
 2414
 2376
 2338
 2300
 2268
 2236
 2204
 2182
 2170
 2172
 2182
 2192
 2204
 2218
 2240
 2264
 2288
 2316
 2342
 2370
 2392
 2418
 2444
 2470
 2498
 2526
 2552
 2580
 2606
 2624
 2642
 2660
 2688
 2732
 2764
 2792
 2820
 2846
 2874
 2896
 2916
 2934
 2950
 2962
 2974
 2980
 2986
 2994
 3004
 3006
 3010
 3012
 3012
 3008
 3004
 2998
 3010
 3030
 3042
 3048
 3048
 3048
 3046
 3040
 3030
 3012
 2988
 2964
 2938
 2910
 2882
 2850
 2820
 2786
 2748
 2718
 2684
 2644
 2604
 2568
 2540
 2518
 2488
 2456
 2422
 2392
 2364
 2332
 2308
 2280
 2252
 2226
 2202
 2180
 2162
 2154
 2152
 2154
 2164
 2176
 2188
 2204
 2222
 2248
 2284
 2314
 2342
 2368
 2402
 2436
 2466
 2498
 2526
 2552
 2578
 2600
 2624
 2648
 2672
 2696
 2714
 2732
 2750
 2766
 2776
 2786
 2798
 2822
 2856
 2882
 2900
 2918
 2936
 2958
 2972
 2988
 2998
 3006
 3016
 3022
 3028
 3034
 3038
 3044
 3046
 3042
 3040
 3038
 3024
 3006
 2990
 2980
 2980
 2972
 2956
 2936
 2916
 2888
 2858
 2822
 2780
 2734
 2686
 2638
 2586
 2542
 2496
 2450
 2400
 2344
 2294
 2244
 2182
 2130
 2092
 2052
 2022
 1990
 1956
 1922
 1894
 1870
 1844
 1824
 1806
 1792
 1782
 1776
 1778
 1782
 1796
 1812
 1830
 1858
 1886
 1908
 1936
 1968
 2008
 2056
 2104
 2150
 2192
 2238
 2280
 2320
 2360
 2398
 2434
 2462
 2494
 2526
 2552
 2578
 2606
 2630
 2656
 2684
 2706
 2724
 2742
 2764
 2806
 2844
 2876
 2902
 2930
 2956
 2984
 3006
 3024
 3042
 3056
 3070
 3080
 3090
 3100
 3110
 3110
 3102
 3092
 3080
 3058
 3030
 3002
 2982
 2968
 2942
 2910
 2874
 2838
 2804
 2768
 2732
 2690
 2646
 2600
 2550
 2500
 2452
 2404
 2358
 2310
 2268
 2226
 2178
 2134
 2102
 2080
 2068
 2060
 2054
 2056
 2062
 2072
 2080
 2096
 2116
 2138
 2158
 2182
 2204
 2228
 2252
 2274
 2296
 2320
 2344
 2366
 2382
 2402
 2430
 2468
 2506
 2542
 2572
 2598
 2628
 2654
 2686
 2718
 2742
 2764
 2782
 2800
 2816
 2832
 2848
 2860
 2870
 2884
 2896
 2900
 2898
 2894
 2900
 2922
 2940
 2952
 2964
 2976
 2990
 3004
 3020
 3028
 3024
 3016
 3002
 2990
 2974
 2954
 2930
 2902
 2872
 2840
 2810
 2768
 2726
 2688
 2658
 2638
 2610
 2578
 2542
 2510
 2478
 2442
 2408
 2372
 2336
 2296
 2260
 2222
 2188
 2160
 2134
 2112
 2096
 2088
 2084
 2080
 2086
 2098
 2124
 2154
 2188
 2218
 2248
 2286
 2312
 2338
 2368
 2392
 2418
 2444
 2466
 2486
 2506
 2528
 2550
 2568
 2588
 2610
 2632
 2646
 2660
 2684
 2726
 2768
 2804
 2836
 2866
 2898
 2926
 2954
 2972
 2992
 3008
 3024
 3036
 3046
 3058
 3070
 3076
 3080
 3076
 3078
 3076
 3068
 3058
 3050
 3054
 3052
 3040
 3020
 3002
 2978
 2946
 2918
 2884
 2846
 2804
 2764
 2718
 2674
 2632
 2584
 2538
 2490
 2446
 2402
 2354
 2302
 2262
 2224
 2196
 2164
 2128
 2090
 2056
 2030
 2002
 1982
 1968
 1958
 1954
 1952
 1958
 1970
 1986
 2006
 2026
 2052
 2084
 2108
 2128
 2152
 2184
 2228
 2272
 2312
 2348
 2384
 2424
 2462
 2504
 2546
 2586
 2626
 2662
 2704
 2742
 2780
 2816
 2850
 2878
 2904
 2932
 2948
 2958
 2964
 2982
 3016
 3048
 3068
 3084
 3102
 3118
 3132
 3148
 3158
 3166
 3172
 3174
 3170
 3158
 3142
 3124
 3102
 3074
 3048
 3014
 2968
 2924
 2882
 2854
 2822
 2782
 2738
 2694
 2654
 2612
 2568
 2522
 2472
 2420
 2368
 2316
 2266
 2222
 2174
 2130
 2092
 2054
 2014
 1984
 1966
 1960
 1964
 1970
 1976
 1986
 2000
 2018
 2038
 2064
 2088
 2114
 2136
 2158
 2184
 2210
 2234
 2254
 2276
 2304
 2328
 2346
 2358
 2366
 2378
 2388
 2396
 2400
 2412
 2428
 2442
 2456
 2464
 2472
 2476
 2478
 2476
 2474
 2470
 2468
 2464
 2462
 2460
 2458
 2460
 2470
 2494
 2520
 2538
 2552
 2572
 2592
 2616
 2642
 2672
 2696
 2720
 2742
 2768
 2794
 2818
 2840
 2866
 2888
 2904
 2916
 2928
 2956
 2996
 3022
 3040
 3056
 3074
 3084
 3100
 3114
 3128
 3136
 3142
 3146
 3150
 3156
 3160
 3162
 3164
 3166
 3160
 3150
 3144
 3148
 3168
 3184
 3192
 3198
 3200
 3196
 3188
 3178
 3166
 3146
 3120
 3094
 3062
 3028
 2990
 2944
 2896
 2848
 2786
 2716
 2652
 2596
 2554
 2506
 2450
 2388
 2328
 2270
 2210
 2154
 2094
 2034
 1974
 1912
 1848
 1788
 1726
 1664
 1602
 1546
 1486
 1422
 1370
 1324
 1282
 1242
 1200
 1156
 1116
 1084
 1048
 1020
 992
 966
 936
 908
 890
 876
 870
 872
 874
 884
 892
 904
 928
 954
 988
 1018
 1050
 1082
 1118
 1158
 1192
 1234
 1276
 1322
 1364
 1412
 1464
 1520
 1574
 1626
 1678
 1736
 1796
 1844
 1892
 1944
 2006
 2076
 2134
 2184
 2232
 2280
 2326
 2368
 2412
 2448
 2480
 2512
 2544
 2574
 2608
 2640
 2670
 2698
 2728
 2758
 2774
 2790
 2808
 2836
 2876
 2902
 2918
 2932
 2950
 2964
 2976
 2992
 3002
 3010
 3016
 3022
 3028
 3036
 3042
 3050
 3054
 3054
 3058
 3054
 3048
 3044
 3050
 3072
 3086
 3096
 3102
 3106
 3110
 3112
 3112
 3102
 3082
 3060
 3038
 3012
 2984
 2954
 2920
 2878
 2838
 2798
 2744
 2686
 2634
 2588
 2554
 2514
 2468
 2418
 2368
 2320
 2270
 2220
 2170
 2118
 2060
 2004
 1950
 1894
 1842
 1790
 1740
 1694
 1650
 1600
 1560
 1532
 1510
 1492
 1478
 1468
 1468
 1472
 1478
 1488
 1504
 1522
 1544
 1564
 1592
 1620
 1656
 1688
 1720
 1756
 1794
 1824
 1854
 1890
 1932
 1988
 2038
 2084
 2124
 2168
 2216
 2260
 2306
 2346
 2386
 2420
 2454
 2488
 2518
 2548
 2578
 2606
 2632
 2660
 2676
 2692
 2708
 2732
 2772
 2804
 2826
 2844
 2864
 2884
 2900
 2916
 2926
 2932
 2940
 2946
 2952
 2956
 2958
 2964
 2968
 2972
 2978
 2978
 2976
 2974
 2978
 2998
 3018
 3028
 3036
 3040
 3040
 3032
 3022
 3006
 2984
 2952
 2918
 2878
 2842
 2802
 2758
 2708
 2660
 2616
 2570
 2516
 2460
 2412
 2372
 2336
 2294
 2244
 2194
 2150
 2106
 2060
 2018
 1974
 1930
 1880
 1836
 1790
 1750
 1712
 1678
 1652
 1634
 1618
 1610
 1614
 1626
 1650
 1678
 1704
 1734
 1762
 1794
 1822
 1854
 1888
 1924
 1954
 1984
 2010
 2038
 2066
 2092
 2124
 2150
 2188
 2224
 2250
 2278
 2310
 2358
 2408
 2452
 2488
 2522
 2564
 2600
 2636
 2674
 2706
 2734
 2766
 2794
 2820
 2846
 2868
 2890
 2904
 2920
 2934
 2940
 2938
 2936
 2942
 2962
 2966
 2960
 2950
 2938
 2922
 2900
 2874
 2842
 2810
 2772
 2734
 2690
 2646
 2600
 2550
 2500
 2448
 2398
 2346
 2288
 2236
 2190
 2148
 2102
 2052
 1998
 1946
 1898
 1846
 1796
 1746
 1694
 1644
 1592
 1546
 1506
 1478
 1460
 1452
 1452
 1466
 1480
 1506
 1538
 1574
 1622
 1666
 1712
 1752
 1796
 1838
 1882
 1928
 1972
 2016
 2058
 2098
 2136
 2170
 2204
 2242
 2280
 2314
 2350
 2376
 2398
 2420
 2452
 2494
 2532
 2566
 2598
 2632
 2666
 2698
 2734
 2766
 2796
 2822
 2848
 2868
 2886
 2906
 2920
 2930
 2934
 2932
 2932
 2930
 2924
 2924
 2934
 2950
 2950
 2944
 2934
 2920
 2900
 2876
 2852
 2818
 2776
 2734
 2692
 2646
 2604
 2562
 2518
 2472
 2428
 2384
 2334
 2282
 2236
 2198
 2168
 2130
 2092
 2050
 2010
 1978
 1946
 1926
 1912
 1906
 1906
 1912
 1922
 1936
 1956
 1982
 2010
 2040
 2074
 2104
 2130
 2162
 2200
 2250
 2298
 2340
 2384
 2426
 2468
 2504
 2544
 2582
 2616
 2652
 2682
 2712
 2742
 2770
 2796
 2818
 2838
 2860
 2880
 2890
 2898
 2904
 2918
 2950
 2976
 2990
 3004
 3018
 3030
 3038
 3050
 3050
 3042
 3028
 3008
 2980
 2946
 2910
 2874
 2836
 2794
 2752
 2710
 2656
 2604
 2558
 2518
 2490
 2452
 2408
 2356
 2310
 2268
 2220
 2178
 2136
 2088
 2042
 1996
 1950
 1910
 1870
 1828
 1790
 1760
 1736
 1716
 1708
 1710
 1720
 1742
 1760
 1784
 1806
 1836
 1866
 1896
 1928
 1960
 1988
 2012
 2042
 2066
 2096
 2126
 2156
 2188
 2218
 2252
 2276
 2300
 2328
 2362
 2410
 2452
 2486
 2520
 2554
 2588
 2622
 2658
 2690
 2720
 2742
 2768
 2794
 2816
 2840
 2866
 2884
 2902
 2918
 2926
 2926
 2918
 2910
 2908
 2910
 2898
 2880
 2856
 2834
 2804
 2776
 2744
 2704
 2662
 2616
 2566
 2518
 2466
 2422
 2370
 2318
 2270
 2226
 2178
 2126
 2080
 2034
 1998
 1960
 1916
 1868
 1822
 1778
 1730
 1698
 1666
 1642
 1624
 1616
 1616
 1624
 1638
 1656
 1678
 1710
 1744
 1772
 1802
 1840
 1882
 1936
 1980
 2026
 2070
 2116
 2166
 2210
 2254
 2296
 2334
 2370
 2404
 2434
 2464
 2494
 2518
 2544
 2564
 2584
 2600
 2608
 2614
 2628
 2658
 2686
 2710
 2732
 2754
 2780
 2806
 2832
 2858
 2880
 2888
 2896
 2900
 2892
 2880
 2862
 2836
 2802
 2772
 2738
 2696
 2652
 2610
 2576
 2548
 2512
 2470
 2424
 2378
 2338
 2294
 2254
 2208
 2162
 2110
 2058
 2006
 1956
 1908
 1860
 1814
 1778
 1750
 1724
 1712
 1710
 1718
 1734
 1752
 1772
 1800
 1834
 1868
 1904
 1944
 1986
 2028
 2068
 2106
 2146
 2186
 2222
 2258
 2292
 2328
 2362
 2392
 2418
 2448
 2494
 2548
 2596
 2632
 2670
 2708
 2746
 2782
 2820
 2848
 2876
 2904
 2926
 2946
 2962
 2976
 2982
 2986
 2986
 2982
 2966
 2940
 2910
 2888
 2874
 2850
 2816
 2780
 2744
 2704
 2662
 2620
 2572
 2522
 2466
 2410
 2356
 2302
 2248
 2194
 2136
 2084
 2032
 1970
 1916
 1868
 1826
 1786
 1742
 1694
 1644
 1602
 1556
 1512
 1474
 1434
 1394
 1354
 1318
 1292
 1278
 1268
 1272
 1286
 1302
 1320
 1346
 1384
 1426
 1482
 1532
 1586
 1646
 1708
 1768
 1826
 1890
 1954
 2014
 2070
 2124
 2178
 2224
 2268
 2308
 2350
 2392
 2424
 2454
 2484
 2526
 2574
 2606
 2622
 2624
 2628
 2628
 2630
 2634
 2636
 2638
 2640
 2642
 2646
 2648
 2650
 2650
 2650
 2644
 2634
 2628
 2632
 2642
 2644
 2646
 2652
 2664
 2672
 2684
 2698
 2712
 2722
 2734
 2746
 2754
 2764
 2782
 2794
 2800
 2808
 2822
 2848
 2880
 2898
 2908
 2924
 2934
 2936
 2946
 2954
 2960
 2966
 2970
 2972
 2976
 2984
 2992
 2994
 2990
 2988
 2992
 3000
 2996
 2982
 2964
 2946
 2922
 2896
 2868
 2836
 2798
 2756
 2710
 2662
 2610
 2558
 2508
 2456
 2394
 2330
 2278
 2234
 2196
 2152
 2100
 2044
 1998
 1950
 1904
 1864
 1824
 1784
 1750
 1724
 1710
 1704
 1704
 1714
 1728
 1742
 1764
 1794
 1838
 1882
 1922
 1958
 1994
 2038
 2074
 2110
 2148
 2182
 2218
 2250
 2282
 2312
 2340
 2368
 2400
 2432
 2456
 2478
 2502
 2532
 2578
 2618
 2648
 2674
 2698
 2722
 2742
 2768
 2792
 2812
 2830
 2848
 2864
 2880
 2896
 2910
 2924
 2936
 2942
 2944
 2942
 2942
 2958
 2980
 2986
 2992
 3000
 3006
 3010
 3016
 3024
 3028
 3030
 3024
 3022
 3020
 3018
 3016
 3006
 2992
 2976
 2958
 2930
 2898
 2866
 2842
 2820
 2786
 2746
 2700
 2654
 2604
 2554
 2508
 2454
 2396
 2342
 2286
 2230
 2176
 2120
 2062
 2010
 1962
 1912
 1860
 1820
 1784
 1762
 1742
 1722
 1708
 1702
 1706
 1710
 1726
 1746
 1770
 1796
 1824
 1854
 1884
 1918
 1952
 1986
 2026
 2066
 2098
 2136
 2174
 2222
 2278
 2334
 2384
 2426
 2472
 2514
 2552
 2594
 2630
 2660
 2688
 2716
 2744
 2772
 2800
 2824
 2848
 2872
 2896
 2914
 2926
 2936
 2952
 2984
 3012
 3032
 3046
 3062
 3080
 3094
 3112
 3126
 3134
 3142
 3150
 3158
 3166
 3176
 3182
 3188
 3190
 3194
 3196
 3194
 3186
 3186
 3196
 3220
 3238
 3248
 3254
 3256
 3252
 3242
 3232
 3216
 3192
 3160
 3126
 3092
 3054
 3014
 2966
 2916
 2868
 2818
 2764
 2702
 2646
 2594
 2554
 2512
 2462
 2410
 2360
 2314
 2264
 2216
 2168
 2118
 2066
 2016
 1972
 1934
 1904
 1886
 1874
 1872
 1878
 1882
 1900
 1926
 1966
 2010
 2052
 2092
 2134
 2176
 2216
 2252
 2294
 2332
 2368
 2406
 2438
 2470
 2500
 2528
 2556
 2586
 2610
 2632
 2656
 2680
 2722
 2764
 2794
 2822
 2846
 2870
 2892
 2914
 2930
 2942
 2956
 2966
 2976
 2980
 2984
 2982
 2986
 2984
 2980
 2974
 2968
 2980
 3000
 3010
 3012
 3006
 3000
 2988
 2970
 2950
 2920
 2884
 2846
 2802
 2756
 2710
 2658
 2606
 2556
 2500
 2438
 2382
 2334
 2294
 2248
 2196
 2142
 2086
 2036
 1986
 1940
 1896
 1852
 1810
 1766
 1730
 1702
 1684
 1680
 1686
 1690
 1706
 1730
 1756
 1796
 1832
 1864
 1904
 1946
 1986
 2026
 2070
 2108
 2150
 2186
 2220
 2254
 2284
 2312
 2344
 2376
 2402
 2426
 2448
 2474
 2500
 2514
 2516
 2518
 2520
 2524
 2528
 2538
 2546
 2548
 2552
 2552
 2552
 2552
 2548
 2548
 2546
 2544
 2540
 2542
 2556
 2576
 2588
 2600
 2608
 2620
 2628
 2642
 2656
 2664
 2678
 2684
 2692
 2698
 2704
 2716
 2728
 2730
 2732
 2738
 2752
 2768
 2772
 2768
 2760
 2748
 2726
 2700
 2668
 2632
 2590
 2544
 2494
 2442
 2390
 2338
 2286
 2222
 2160
 2106
 2062
 2022
 1972
 1920
 1870
 1830
 1792
 1760
 1744
 1736
 1732
 1734
 1740
 1750
 1764
 1778
 1798
 1818
 1836
 1854
 1874
 1896
 1918
 1932
 1938
 1944
 1948
 1954
 1958
 1964
 1966
 1968
 1968
 1974
 1980
 1984
 1986
 1984
 1982
 1980
 1974
 1968
 1968
 1976
 1990
 2000
 2006
 2010
 2016
 2022
 2022
 2024
 2026
 2026
 2022
 2018
 2022
 2032
 2042
 2052
 2072
 2090
 2108
 2134
 2168
 2208
 2244
 2272
 2296
 2324
 2352
 2376
 2404
 2432
 2458
 2486
 2508
 2536
 2558
 2580
 2606
 2632
 2652
 2666
 2684
 2706
 2744
 2774
 2794
 2812
 2830
 2846
 2856
 2872
 2882
 2888
 2894
 2892
 2888
 2878
 2862
 2844
 2820
 2790
 2754
 2714
 2678
 2648
 2630
 2600
 2562
 2522
 2482
 2438
 2394
 2350
 2304
 2254
 2198
 2146
 2096
 2050
 2006
 1964
 1926
 1896
 1874
 1850
 1840
 1840
 1850
 1868
 1886
 1902
 1924
 1948
 1970
 1998
 2030
 2060
 2088
 2112
 2140
 2172
 2202
 2230
 2258
 2282
 2306
 2334
 2360
 2380
 2402
 2430
 2472
 2518
 2556
 2586
 2614
 2644
 2672
 2702
 2732
 2770
 2800
 2826
 2850
 2870
 2886
 2906
 2926
 2942
 2956
 2968
 2980
 2986
 2990
 2988
 2984
 2998
 3022
 3036
 3042
 3040
 3038
 3028
 3012
 2992
 2964
 2926
 2884
 2840
 2794
 2748
 2700
 2650
 2600
 2544
 2490
 2436
 2378
 2314
 2258
 2208
 2168
 2128
 2082
 2032
 1982
 1936
 1886
 1840
 1800
 1758
 1724
 1698
 1684
 1678
 1684
 1694
 1710
 1728
 1746
 1774
 1796
 1814
 1842
 1878
 1928
 1982
 2028
 2072
 2116
 2164
 2210
 2250
 2290
 2330
 2370
 2410
 2446
 2486
 2526
 2566
 2604
 2642
 2672
 2706
 2742
 2768
 2790
 2814
 2850
 2902
 2950
 2986
 3014
 3040
 3064
 3084
 3108
 3130
 3146
 3160
 3172
 3186
 3200
 3216
 3226
 3236
 3238
 3224
 3208
 3188
 3154
 3114
 3078
 3042
 3012
 2978
 2932
 2882
 2832
 2788
 2738
 2688
 2634
 2578
 2520
 2456
 2390
 2326
 2264
 2204
 2144
 2086
 2032
 1980
 1924
 1872
 1830
 1794
 1770
 1746
 1724
 1706
 1696
 1698
 1710
 1732
 1760
 1790
 1822
 1854
 1886
 1924
 1960
 2004
 2046
 2090
 2138
 2180
 2214
 2256
 2300
 2358
 2414
 2466
 2516
 2566
 2620
 2668
 2714
 2760
 2800
 2838
 2876
 2912
 2944
 2978
 3006
 3034
 3054
 3072
 3090
 3102
 3112
 3120
 3140
 3178
 3212
 3234
 3254
 3274
 3290
 3304
 3316
 3328
 3326
 3316
 3302
 3282
 3256
 3226
 3192
 3152
 3108
 3062
 3016
 2962
 2906
 2856
 2814
 2774
 2728
 2674
 2618
 2568
 2522
 2470
 2420
 2366
 2312
 2256
 2200
 2144
 2088
 2030
 1972
 1914
 1858
 1804
 1744
 1686
 1634
 1584
 1542
 1500
 1456
 1418
 1388
 1364
 1350
 1348
 1356
 1366
 1378
 1396
 1424
 1452
 1484
 1520
 1556
 1598
 1640
 1676
 1712
 1758
 1806
 1862
 1914
 1960
 2004
 2056
 2104
 2148
 2198
 2242
 2286
 2328
 2368
 2404
 2444
 2482
 2514
 2544
 2570
 2596
 2624
 2642
 2660
 2682
 2720
 2764
 2802
 2830
 2854
 2884
 2908
 2934
 2960
 2980
 2996
 3006
 3018
 3030
 3044
 3056
 3068
 3076
 3078
 3082
 3084
 3082
 3076
 3080
 3098
 3126
 3142
 3154
 3166
 3180
 3190
 3196
 3208
 3214
 3220
 3220
 3218
 3218
 3222
 3226
 3228
 3232
 3234
 3234
 3240
 3236
 3224
 3212
 3198
 3194
 3186
 3166
 3144
 3120
 3092
 3058
 3024
 2988
 2946
 2900
 2852
 2800
 2748
 2698
 2650
 2598
 2544
 2492
 2442
 2394
 2336
 2286
 2238
 2196
 2156
 2112
 2058
 2002
 1948
 1894
 1832
 1778
 1724
 1666
 1602
 1544
 1488
 1434
 1384
 1338
 1290
 1250
 1214
 1174
 1136
 1110
 1088
 1076
 1070
 1062
 1062
 1070
 1082
 1092
 1112
 1136
 1164
 1192
 1218
 1248
 1288
 1332
 1378
 1428
 1476
 1532
 1588
 1636
 1692
 1748
 1810
 1878
 1938
 1992
 2042
 2098
 2148
 2196
 2246
 2290
 2334
 2374
 2416
 2458
 2500
 2540
 2576
 2616
 2648
 2680
 2714
 2740
 2760
 2782
 2812
 2862
 2908
 2940
 2968
 2994
 3018
 3036
 3056
 3072
 3084
 3094
 3102
 3108
 3118
 3126
 3134
 3140
 3142
 3142
 3148
 3146
 3140
 3134
 3130
 3142
 3156
 3160
 3164
 3166
 3168
 3168
 3162
 3162
 3158
 3158
 3154
 3154
 3152
 3150
 3150
 3150
 3148
 3146
 3142
 3142
 3138
 3130
 3122
 3120
 3136
 3154
 3162
 3170
 3176
 3186
 3188
 3188
 3188
 3180
 3168
 3154
 3140
 3124
 3106
 3086
 3064
 3038
 3004
 2968
 2934
 2892
 2844
 2800
 2762
 2732
 2698
 2658
 2612
 2570
 2532
 2490
 2450
 2410
 2368
 2322
 2274
 2228
 2182
 2140
 2098
 2058
 2020
 1984
 1954
 1920
 1896
 1884
 1878
 1882
 1886
 1894
 1906
 1926
 1948
 1970
 1998
 2024
 2052
 2078
 2102
 2120
 2142
 2164
 2186
 2208
 2230
 2256
 2282
 2300
 2320
 2346
 2386
 2426
 2460
 2488
 2516
 2548
 2574
 2602
 2630
 2658
 2682
 2704
 2728
 2748
 2768
 2786
 2802
 2820
 2832
 2844
 2860
 2866
 2874
 2880
 2898
 2926
 2944
 2960
 2972
 2984
 2998
 3008
 3022
 3032
 3040
 3044
 3050
 3054
 3060
 3064
 3062
 3062
 3062
 3058
 3058
 3052
 3044
 3036
 3036
 3046
 3054
 3056
 3054
 3048
 3042
 3032
 3020
 3004
 2982
 2956
 2928
 2896
 2862
 2828
 2790
 2746
 2700
 2654
 2612
 2568
 2518
 2472
 2432
 2402
 2374
 2342
 2304
 2268
 2236
 2206
 2178
 2156
 2138
 2120
 2110
 2102
 2102
 2106
 2112
 2122
 2132
 2146
 2166
 2178
 2192
 2214
 2240
 2276
 2308
 2338
 2368
 2396
 2428
 2454
 2478
 2502
 2522
 2542
 2558
 2568
 2584
 2598
 2606
 2616
 2624
 2632
 2640
 2648
 2650
 2656
 2672
 2702
 2732
 2756
 2780
 2802
 2828
 2846
 2870
 2890
 2906
 2918
 2932
 2944
 2952
 2958
 2966
 2968
 2972
 2974
 2980
 2986
 2982
 2982
 2984
 2994
 3010
 3014
 3006
 2998
 2982
 2966
 2948
 2926
 2898
 2868
 2836
 2802
 2762
 2730
 2696
 2662
 2626
 2594
 2556
 2522
 2486
 2440
 2398
 2364
 2340
 2316
 2286
 2254
 2222
 2192
 2160
 2132
 2104
 2072
 2040
 2010
 1984
 1966
 1954
 1954
 1956
 1960
 1972
 1988
 2000
 2014
 2040
 2070
 2112
 2152
 2190
 2224
 2260
 2296
 2326
 2364
 2396
 2428
 2462
 2490
 2518
 2544
 2570
 2594
 2618
 2638
 2658
 2678
 2692
 2700
 2712
 2736
 2772
 2804
 2832
 2854
 2880
 2906
 2926
 2946
 2962
 2978
 2988
 2992
 2994
 2988
 2978
 2964
 2944
 2920
 2890
 2864
 2830
 2788
 2748
 2714
 2690
 2662
 2628
 2590
 2550
 2514
 2474
 2438
 2400
 2358
 2312
 2266
 2222
 2178
 2138
 2096
 2054
 2016
 1984
 1956
 1926
 1912
 1908
 1916
 1932
 1950
 1968
 1990
 2014
 2042
 2072
 2104
 2138
 2172
 2206
 2238
 2268
 2300
 2332
 2362
 2390
 2422
 2456
 2480
 2506
 2534
 2576
 2628
 2672
 2710
 2742
 2774
 2808
 2840
 2872
 2904
 2930
 2950
 2968
 2986
 3006
 3026
 3042
 3056
 3068
 3082
 3092
 3092
 3086
 3088
 3108
 3128
 3130
 3122
 3108
 3092
 3068
 3042
 3010
 2974
 2932
 2888
 2846
 2800
 2756
 2710
 2662
 2610
 2562
 2514
 2460
 2408
 2358
 2314
 2282
 2246
 2204
 2160
 2116
 2076
 2032
 1996
 1960
 1922
 1882
 1846
 1816
 1794
 1784
 1780
 1782
 1788
 1800
 1808
 1824
 1846
 1876
 1918
 1956
 1992
 2028
 2066
 2102
 2136
 2174
 2208
 2242
 2278
 2312
 2346
 2380
 2412
 2444
 2474
 2502
 2532
 2562
 2582
 2604
 2630
 2672
 2716
 2756
 2788
 2820
 2856
 2888
 2918
 2948
 2974
 2996
 3018
 3038
 3056
 3070
 3082
 3094
 3104
 3108
 3116
 3114
 3100
 3080
 3058
 3048
 3038
 3016
 2982
 2948
 2914
 2878
 2844
 2806
 2764
 2718
 2674
 2624
 2576
 2532
 2484
 2436
 2382
 2332
 2286
 2234
 2176
 2130
 2088
 2056
 2020
 1982
 1940
 1904
 1874
 1840
 1814
 1794
 1780
 1764
 1762
 1764
 1774
 1790
 1804
 1822
 1846
 1872
 1896
 1930
 1966
 2008
 2056
 2100
 2142
 2184
 2226
 2266
 2306
 2346
 2382
 2418
 2452
 2484
 2516
 2546
 2572
 2602
 2626
 2654
 2682
 2700
 2716
 2732
 2756
 2796
 2834
 2862
 2882
 2902
 2920
 2936
 2950
 2964
 2972
 2974
 2972
 2960
 2946
 2926
 2904
 2878
 2850
 2822
 2786
 2742
 2700
 2664
 2640
 2612
 2576
 2536
 2496
 2460
 2418
 2382
 2338
 2294
 2250
 2204
 2160
 2112
 2064
 2018
 1972
 1934
 1896
 1848
 1814
 1782
 1762
 1746
 1732
 1724
 1716
 1718
 1724
 1736
 1758
 1782
 1812
 1838
 1866
 1898
 1930
 1962
 1998
 2034
 2068
 2100
 2130
 2166
 2212
 2256
 2300
 2338
 2374
 2414
 2446
 2482
 2516
 2546
 2572
 2596
 2618
 2642
 2664
 2686
 2706
 2734
 2752
 2768
 2784
 2802
 2834
 2874
 2904
 2930
 2948
 2962
 2976
 2988
 3004
 3016
 3022
 3030
 3040
 3048
 3056
 3060
 3056
 3046
 3034
 3014
 2982
 2952
 2926
 2910
 2892
 2864
 2828
 2792
 2754
 2716
 2678
 2642
 2600
 2554
 2508
 2460
 2414
 2368
 2322
 2278
 2238
 2194
 2146
 2108
 2074
 2046
 2016
 1990
 1960
 1938
 1922
 1912
 1916
 1924
 1938
 1954
 1976
 2000
 2028
 2060
 2094
 2128
 2166
 2194
 2222
 2252
 2286
 2332
 2376
 2414
 2448
 2486
 2520
 2552
 2588
 2624
 2654
 2682
 2708
 2734
 2762
 2788
 2814
 2838
 2864
 2886
 2900
 2912
 2926
 2948
 2976
 3000
 3020
 3036
 3052
 3068
 3082
 3100
 3116
 3126
 3134
 3144
 3152
 3162
 3170
 3172
 3174
 3172
 3162
 3144
 3124
 3108
 3106
 3102
 3086
 3060
 3032
 3002
 2966
 2932
 2890
 2846
 2798
 2748
 2696
 2646
 2594
 2544
 2496
 2448
 2396
 2340
 2288
 2248
 2214
 2182
 2146
 2110
 2074
 2052
 2022
 2004
 1996
 1992
 1992
 1996
 2004
 2018
 2034
 2050
 2072
 2100
 2128
 2152
 2180
 2212
 2256
 2300
 2334
 2366
 2396
 2434
 2464
 2494
 2526
 2558
 2586
 2612
 2638
 2662
 2688
 2712
 2732
 2756
 2776
 2794
 2804
 2812
 2826
 2854
 2880
 2898
 2912
 2928
 2942
 2952
 2968
 2984
 2996
 3006
 3018
 3028
 3038
 3048
 3054
 3052
 3048
 3046
 3042
 3036
 3026
 3020
 3028
 3046
 3050
 3042
 3030
 3018
 3004
 2988
 2968
 2946
 2918
 2886
 2852
 2816
 2780
 2744
 2706
 2666
 2628
 2592
 2546
 2496
 2456
 2420
 2396
 2370
 2334
 2292
 2258
 2226
 2188
 2160
 2130
 2102
 2070
 2040
 2016
 1996
 1984
 1980
 1980
 1988
 2000
 2012
 2032
 2060
 2098
 2146
 2186
 2226
 2264
 2300
 2340
 2378
 2416
 2452
 2484
 2510
 2542
 2570
 2600
 2628
 2656
 2682
 2708
 2734
 2756
 2770
 2784
 2802
 2834
 2870
 2892
 2908
 2924
 2944
 2962
 2982
 2996
 3012
 3022
 3032
 3044
 3050
 3058
 3070
 3080
 3086
 3092
 3098
 3102
 3102
 3098
 3098
 3118
 3138
 3150
 3150
 3148
 3142
 3130
 3118
 3102
 3082
 3056
 3030
 3002
 2972
 2942
 2912
 2878
 2840
 2804
 2768
 2730
 2686
 2646
 2616
 2596
 2574
 2546
 2516
 2486
 2458
 2428
 2400
 2372
 2348
 2324
 2304
 2292
 2288
 2288
 2296
 2304
 2316
 2332
 2352
 2364
 2378
 2396
 2428
 2464
 2496
 2524
 2552
 2582
 2612
 2640
 2670
 2698
 2722
 2744
 2766
 2786
 2808
 2830
 2852
 2872
 2890
 2908
 2928
 2936
 2938
 2944
 2964
 3000
 3024
 3038
 3050
 3064
 3078
 3092
 3104
 3118
 3128
 3130
 3130
 3124
 3112
 3096
 3078
 3050
 3020
 2988
 2952
 2908
 2864
 2820
 2788
 2762
 2726
 2684
 2640
 2598
 2558
 2514
 2470
 2426
 2378
 2328
 2280
 2234
 2186
 2140
 2094
 2046
 2000
 1950
 1898
 1860
 1826
 1804
 1788
 1778
 1770
 1772
 1782
 1798
 1820
 1850
 1882
 1916
 1954
 1992
 2034
 2074
 2110
 2148
 2188
 2224
 2254
 2286
 2326
 2376
 2428
 2468
 2504
 2536
 2572
 2602
 2632
 2660
 2684
 2702
 2720
 2736
 2750
 2764
 2782
 2796
 2812
 2830
 2846
 2856
 2866
 2882
 2914
 2948
 2976
 3000
 3018
 3038
 3048
 3058
 3060
 3052
 3032
 3008
 2984
 2952
 2918
 2878
 2834
 2788
 2742
 2696
 2644
 2592
 2546
 2508
 2476
 2438
 2394
 2344
 2298
 2252
 2206
 2164
 2116
 2064
 2014
 1962
 1908
 1858
 1806
 1752
 1698
 1648
 1598
 1542
 1498
 1462
 1438
 1418
 1400
 1382
 1374
 1376
 1380
 1394
 1416
 1444
 1478
 1510
 1552
 1592
 1632
 1668
 1706
 1746
 1786
 1820
 1858
 1898
 1950
 2006
 2058
 2106
 2146
 2192
 2238
 2282
 2332
 2372
 2410
 2448
 2484
 2520
 2548
 2574
 2596
 2614
 2634
 2648
 2656
 2660
 2668
 2692
 2722
 2740
 2750
 2762
 2776
 2792
 2802
 2812
 2812
 2804
 2786
 2764
 2736
 2706
 2670
 2628
 2582
 2532
 2486
 2434
 2372
 2320
 2274
 2238
 2206
 2170
 2124
 2084
 2046
 2002
 1964
 1926
 1886
 1842
 1794
 1748
 1706
 1668
 1632
 1604
 1584
 1574
 1566
 1568
 1580
 1600
 1632
 1664
 1696
 1736
 1774
 1816
 1854
 1896
 1938
 1980
 2020
 2054
 2098
 2140
 2178
 2216
 2248
 2282
 2314
 2342
 2362
 2382
 2408
 2448
 2496
 2536
 2570
 2600
 2636
 2672
 2708
 2744
 2778
 2810
 2838
 2864
 2886
 2904
 2918
 2924
 2930
 2940
 2942
 2934
 2922
 2912
 2908
 2904
 2890
 2864
 2836
 2806
 2770
 2730
 2694
 2648
 2596
 2546
 2494
 2444
 2392
 2340
 2286
 2234
 2184
 2132
 2072
 2022
 1980
 1946
 1916
 1882
 1844
 1808
 1778
 1746
 1720
 1700
 1690
 1680
 1678
 1684
 1694
 1714
 1736
 1762
 1792
 1816
 1844
 1876
 1912
 1954
 1986
 2012
 2032
 2052
 2064
 2068
 2072
 2074
 2076
 2076
 2080
 2082
 2086
 2090
 2094
 2102
 2104
 2102
 2098
 2098
 2104
 2112
 2118
 2122
 2132
 2146
 2162
 2182
 2204
 2228
 2252
 2276
 2302
 2326
 2352
 2382
 2410
 2430
 2450
 2478
 2520
 2562
 2598
 2628
 2656
 2688
 2718
 2748
 2776
 2802
 2824
 2842
 2858
 2872
 2886
 2900
 2906
 2904
 2906
 2910
 2926
 2948
 2960
 2964
 2960
 2950
 2930
 2910
 2882
 2850
 2810
 2766
 2722
 2672
 2620
 2566
 2516
 2462
 2398
 2336
 2284
 2236
 2194
 2146
 2090
 2034
 1984
 1936
 1890
 1848
 1808
 1768
 1726
 1692
 1658
 1632
 1614
 1604
 1598
 1600
 1610
 1630
 1662
 1694
 1724
 1752
 1786
 1822
 1846
 1878
 1920
 1954
 1986
 2022
 2058
 2094
 2136
 2172
 2206
 2244
 2278
 2304
 2328
 2354
 2390
 2436
 2476
 2510
 2542
 2574
 2606
 2638
 2670
 2698
 2728
 2754
 2780
 2806
 2832
 2858
 2880
 2900
 2918
 2934
 2944
 2946
 2944
 2952
 2976
 2994
 3004
 3008
 3012
 3014
 3018
 3022
 3022
 3016
 3002
 2984
 2962
 2938
 2916
 2886
 2846
 2804
 2758
 2712
 2662
 2602
 2548
 2500
 2458
 2418
 2368
 2314
 2258
 2210
 2158
 2100
 2044
 1986
 1922
 1858
 1792
 1728
 1672
 1614
 1560
 1512
 1478
 1454
 1436
 1430
 1434
 1452
 1482
 1508
 1540
 1570
 1608
 1650
 1690
 1734
 1780
 1822
 1860
 1896
 1932
 1970
 2008
 2044
 2080
 2122
 2164
 2200
 2232
 2262
 2298
 2348
 2400
 2446
 2488
 2526
 2562
 2598
 2636
 2676
 2708
 2736
 2766
 2796
 2822
 2850
 2874
 2888
 2900
 2912
 2924
 2932
 2938
 2942
 2954
 2982
 3004
 3018
 3028
 3034
 3040
 3040
 3038
 3026
 3010
 2988
 2964
 2934
 2900
 2864
 2828
 2786
 2744
 2704
 2662
 2612
 2564
 2526
 2494
 2466
 2426
 2380
 2332
 2284
 2232
 2182
 2128
 2074
 2016
 1950
 1884
 1820
 1756
 1694
 1630
 1564
 1504
 1438
 1366
 1302
 1236
 1174
 1110
 1050
 984
 924
 866
 802
 750
 704
 664
 622
 592
 586
 586
 594
 606
 626
 660
 696
 736
 792
 850
 916
 982
 1044
 1108
 1176
 1250
 1318
 1390
 1460
 1528
 1590
 1650
 1712
 1774
 1836
 1900
 1960
 2022
 2078
 2126
 2172
 2214
 2268
 2334
 2394
 2446
 2492
 2538
 2584
 2624
 2668
 2706
 2738
 2766
 2794
 2818
 2844
 2864
 2882
 2896
 2904
 2914
 2920
 2922
 2924
 2938
 2968
 2992
 3006
 3016
 3028
 3038
 3046
 3060
 3070
 3076
 3078
 3080
 3084
 3082
 3074
 3064
 3048
 3032
 3014
 2990
 2960
 2932
 2904
 2886
 2866
 2832
 2796
 2760
 2724
 2688
 2650
 2610
 2566
 2522
 2476
 2428
 2386
 2346
 2308
 2274
 2242
 2220
 2200
 2182
 2180
 2188
 2212
 2240
 2268
 2300
 2332
 2370
 2404
 2440
 2480
 2520
 2558
 2592
 2622
 2652
 2682
 2710
 2740
 2768
 2794
 2824
 2846
 2860
 2878
 2902
 2942
 2984
 3014
 3034
 3052
 3074
 3090
 3110
 3128
 3138
 3148
 3158
 3166
 3174
 3180
 3186
 3192
 3196
 3198
 3200
 3200
 3198
 3194
 3188
 3188
 3208
 3228
 3240
 3248
 3254
 3260
 3264
 3272
 3276
 3276
 3274
 3272
 3270
 3266
 3264
 3258
 3256
 3252
 3244
 3238
 3232
 3224
 3214
 3198
 3186
 3190
 3196
 3196
 3190
 3184
 3174
 3160
 3146
 3128
 3106
 3080
 3052
 3024
 2994
 2962
 2932
 2902
 2868
 2832
 2800
 2768
 2728
 2690
 2660
 2638
 2626
 2608
 2590
 2566
 2552
 2536
 2522
 2512
 2508
 2506
 2506
 2508
 2514
 2524
 2540
 2556
 2574
 2592
 2612
 2628
 2638
 2652
 2672
 2708
 2746
 2776
 2804
 2830
 2858
 2882
 2908
 2930
 2950
 2962
 2968
 2974
 2980
 2988
 2996
 3002
 3006
 3010
 3016
 3020
 3020
 3018
 3022
 3042
 3068
 3086
 3098
 3106
 3120
 3120
 3120
 3122
 3126
 3124
 3120
 3120
 3118
 3118
 3116
 3114
 3110
 3104
 3098
 3096
 3088
 3078
 3070
 3072
 3090
 3104
 3108
 3108
 3106
 3106
 3098
 3090
 3078
 3064
 3046
 3022
 2996
 2968
 2940
 2910
 2874
 2832
 2784
 2740
 2692
 2640
 2592
 2552
 2520
 2488
 2450
 2410
 2366
 2330
 2290
 2250
 2210
 2168
 2120
 2072
 2024
 1974
 1930
 1884
 1840
 1802
 1768
 1734
 1696
 1674
 1660
 1660
 1666
 1674
 1686
 1702
 1722
 1748
 1776
 1808
 1850
 1890
 1928
 1966
 2004
 2046
 2086
 2124
 2162
 2202
 2244
 2284
 2318
 2352
 2392
 2444
 2492
 2532
 2566
 2600
 2636
 2666
 2700
 2730
 2756
 2778
 2798
 2818
 2834
 2852
 2870
 2888
 2900
 2912
 2922
 2928
 2924
 2918
 2922
 2940
 2958
 2964
 2970
 2978
 2982
 2984
 2986
 2988
 2990
 2990
 2986
 2982
 2980
 2974
 2964
 2948
 2924
 2894
 2866
 2832
 2792
 2748
 2708
 2670
 2642
 2608
 2570
 2532
 2494
 2460
 2424
 2388
 2352
 2314
 2272
 2230
 2186
 2146
 2110
 2072
 2034
 1996
 1960
 1924
 1884
 1848
 1822
 1798
 1788
 1784
 1784
 1792
 1804
 1820
 1838
 1862
 1890
 1918
 1948
 1980
 2012
 2046
 2082
 2116
 2148
 2176
 2212
 2242
 2268
 2298
 2332
 2382
 2430
 2472
 2510
 2550
 2592
 2628
 2668
 2704
 2736
 2764
 2794
 2820
 2846
 2870
 2896
 2918
 2938
 2954
 2970
 2976
 2980
 2980
 2988
 3010
 3032
 3042
 3046
 3044
 3036
 3018
 3002
 2976
 2948
 2908
 2858
 2812
 2768
 2720
 2670
 2626
 2580
 2530
 2484
 2434
 2374
 2322
 2278
 2242
 2204
 2162
 2116
 2072
 2032
 1990
 1954
 1916
 1878
 1836
 1796
 1758
 1726
 1704
 1688
 1682
 1686
 1698
 1708
 1722
 1750
 1780
 1818
 1856
 1892
 1930
 1970
 2012
 2048
 2090
 2130
 2166
 2200
 2234
 2264
 2294
 2322
 2348
 2374
 2402
 2432
 2458
 2478
 2496
 2520
 2558
 2602
 2638
 2666
 2690
 2720
 2748
 2776
 2804
 2826
 2846
 2866
 2884
 2900
 2918
 2932
 2940
 2948
 2950
 2958
 2960
 2954
 2944
 2938
 2942
 2950
 2946
 2938
 2924
 2912
 2892
 2868
 2844
 2810
 2772
 2734
 2694
 2654
 2614
 2574
 2530
 2484
 2436
 2392
 2342
 2288
 2242
 2200
 2168
 2130
 2088
 2040
 1992
 1952
 1908
 1870
 1832
 1792
 1752
 1714
 1684
 1666
 1658
 1654
 1656
 1666
 1682
 1698
 1718
 1746
 1784
 1834
 1878
 1920
 1958
 1996
 2036
 2074
 2114
 2156
 2196
 2234
 2272
 2308
 2340
 2374
 2404
 2430
 2460
 2492
 2518
 2540
 2568
 2600
 2650
 2698
 2736
 2768
 2798
 2832
 2860
 2890
 2916
 2938
 2958
 2972
 2984
 2996
 3008
 3020
 3030
 3032
 3036
 3042
 3042
 3038
 3030
 3028
 3034
 3036
 3032
 3024
 3014
 3000
 2980
 2958
 2932
 2900
 2864
 2824
 2784
 2740
 2696
 2652
 2608
 2560
 2520
 2474
 2420
 2370
 2328
 2292
 2260
 2226
 2180
 2142
 2106
 2070
 2040
 2024
 2010
 2004
 2002
 2006
 2014
 2030
 2044
 2064
 2080
 2106
 2134
 2156
 2186
 2220
 2262
 2312
 2352
 2394
 2434
 2478
 2520
 2562
 2602
 2640
 2676
 2712
 2746
 2776
 2806
 2834
 2858
 2882
 2904
 2926
 2942
 2952
 2958
 2972
 3006
 3034
 3056
 3072
 3092
 3106
 3118
 3132
 3138
 3138
 3130
 3118
 3104
 3084
 3060
 3034
 3002
 2966
 2926
 2884
 2834
 2782
 2734
 2694
 2660
 2620
 2574
 2528
 2484
 2442
 2398
 2354
 2310
 2266
 2218
 2170
 2122
 2076
 2034
 1988
 1948
 1912
 1872
 1834
 1810
 1794
 1792
 1796
 1804
 1816
 1834
 1856
 1882
 1914
 1948
 1980
 2014
 2046
 2078
 2110
 2142
 2172
 2204
 2242
 2278
 2308
 2336
 2364
 2402
 2448
 2490
 2524
 2556
 2592
 2628
 2658
 2690
 2720
 2748
 2772
 2796
 2820
 2844
 2866
 2888
 2906
 2926
 2938
 2940
 2942
 2950
 2970
 2998
 3012
 3022
 3032
 3046
 3056
 3068
 3082
 3092
 3094
 3096
 3088
 3074
 3054
 3028
 2998
 2964
 2928
 2886
 2838
 2790
 2744
 2710
 2670
 2626
 2580
 2534
 2490
 2444
 2402
 2358
 2314
 2266
 2218
 2168
 2122
 2076
 2030
 1986
 1948
 1910
 1874
 1854
 1842
 1842
 1850
 1860
 1876
 1898
 1926
 1952
 1986
 2022
 2058
 2090
 2126
 2162
 2196
 2232
 2262
 2294
 2332
 2362
 2386
 2414
 2442
 2486
 2528
 2562
 2592
 2624
 2658
 2688
 2720
 2750
 2776
 2800
 2822
 2844
 2868
 2890
 2912
 2934
 2950
 2968
 2978
 2974
 2974
 2980
 3004
 3030
 3046
 3058
 3066
 3076
 3078
 3080
 3074
 3060
 3042
 3018
 2992
 2964
 2934
 2898
 2858
 2814
 2770
 2724
 2668
 2612
 2562
 2520
 2482
 2438
 2388
 2336
 2286
 2236
 2184
 2134
 2084
 2034
 1978
 1922
 1866
 1812
 1756
 1696
 1632
 1572
 1514
 1448
 1382
 1322
 1266
 1216
 1162
 1106
 1052
 1006
 964
 918
 874
 824
 770
 710
 652
 594
 542
 496
 460
 432
 414
 410
 416
 436
 462
 498
 540
 586
 638
 692
 752
 810
 870
 940
 1008
 1070
 1132
 1194
 1256
 1318
 1378
 1440
 1500
 1560
 1620
 1668
 1716
 1766
 1826
 1890
 1948
 1998
 2048
 2100
 2146
 2190
 2236
 2280
 2322
 2362
 2398
 2432
 2466
 2498
 2530
 2556
 2580
 2608
 2636
 2658
 2674
 2690
 2718
 2758
 2794
 2820
 2842
 2866
 2890
 2908
 2930
 2946
 2956
 2960
 2966
 2972
 2976
 2982
 2980
 2984
 2984
 2984
 2988
 2986
 2982
 2980
 2982
 3000
 3018
 3030
 3036
 3042
 3050
 3050
 3058
 3064
 3068
 3068
 3068
 3070
 3070
 3072
 3074
 3070
 3068
 3064
 3062
 3060
 3052
 3044
 3036
 3038
 3046
 3044
 3036
 3026
 3016
 3000
 2978
 2956
 2932
 2902
 2868
 2828
 2788
 2748
 2704
 2662
 2622
 2576
 2534
 2494
 2446
 2398
 2358
 2324
 2298
 2270
 2238
 2202
 2174
 2150
 2128
 2116
 2106
 2100
 2100
 2104
 2108
 2118
 2134
 2148
 2166
 2182
 2204
 2224
 2238
 2256
 2278
 2306
 2342
 2374
 2400
 2424
 2450
 2476
 2500
 2528
 2554
 2580
 2604
 2624
 2646
 2666
 2688
 2708
 2724
 2738
 2752
 2768
 2778
 2782
 2790
 2804
 2834
 2862
 2882
 2894
 2902
 2912
 2920
 2934
 2942
 2950
 2954
 2958
 2964
 2966
 2968
 2972
 2974
 2976
 2974
 2974
 2972
 2968
 2964
 2958
 2960
 2978
 2994
 3004
 3010
 3012
 3016
 3018
 3024
 3024
 3022
 3016
 3010
 3004
 3000
 2992
 2988
 2982
 2976
 2968
 2960
 2954
 2944
 2932
 2926
 2924
 2936
 2944
 2946
 2950
 2956
 2960
 2964
 2970
 2974
 2974
 2972
 2974
 2974
 2974
 2972
 2972
 2970
 2968
 2964
 2960
 2952
 2944
 2938
 2940
 2950
 2960
 2964
 2966
 2964
 2964
 2960
 2956
 2950
 2942
 2926
 2910
 2894
 2874
 2852
 2826
 2802
 2772
 2742
 2714
 2684
 2644
 2606
 2574
 2550
 2528
 2500
 2470
 2434
 2406
 2378
 2348
 2318
 2288
 2256
 2224
 2192
 2162
 2136
 2110
 2086
 2062
 2040
 2022
 2004
 1986
 1976
 1974
 1980
 1990
 1998
 2008
 2018
 2032
 2048
 2068
 2092
 2112
 2136
 2158
 2180
 2204
 2228
 2250
 2276
 2298
 2322
 2346
 2364
 2378
 2396
 2418
 2450
 2478
 2502
 2520
 2540
 2564
 2582
 2604
 2624
 2642
 2660
 2676
 2690
 2708
 2722
 2736
 2748
 2760
 2770
 2782
 2788
 2790
 2790
 2792
 2810
 2832
 2844
 2854
 2864
 2876
 2888
 2898
 2908
 2910
 2910
 2912
 2914
 2914
 2914
 2912
 2914
 2914
 2912
 2908
 2908
 2904
 2898
 2892
 2896
 2914
 2932
 2942
 2946
 2950
 2958
 2962
 2970
 2980
 2982
 2982
 2984
 2986
 2988
 2986
 2986
 2986
 2984
 2980
 2976
 2972
 2968
 2958
 2950
 2944
 2952
 2956
 2954
 2952
 2946
 2940
 2932
 2924
 2912
 2900
 2880
 2860
 2840
 2818
 2796
 2774
 2750
 2726
 2702
 2676
 2650
 2620
 2582
 2552
 2524
 2504
 2484
 2458
 2426
 2394
 2366
 2334
 2304
 2274
 2242
 2210
 2176
 2144
 2114
 2084
 2058
 2036
 2018
 2000
 1988
 1984
 1976
 1974
 1982
 1996
 2018
 2042
 2064
 2088
 2118
 2150
 2180
 2212
 2244
 2276
 2306
 2330
 2356
 2380
 2404
 2428
 2452
 2472
 2490
 2514
 2532
 2544
 2556
 2570
 2596
 2630
 2658
 2678
 2698
 2722
 2742
 2762
 2784
 2804
 2818
 2830
 2840
 2850
 2858
 2866
 2874
