294
437
590
736
892
1171
1297
1424
1797
1914
1998
2077
2152
2232
2310
2382
2455
2530
2603
2669
2740
2810
2888
2960
3028
3103
3178
3248
3314
3388
3461
3531
3596
3663
3742
3819
3884
3960
4031
4098
4164
4230
4298
4368
4433
4507
4600
4679
4748
4820
4892
4963
5032
5111
5189
5264
5299
5348
5405
5441
5535
5626
5914
5958
6038
6116
6188
6261
6328
6396
6469
6546
6616
6689
6768
6840
6908
6978
7049
7127
7194
7267
7346
7416
7486
7556
7628
7697
7761
7828
7899
7978
8045
8114
8188
8257
8322
8390
8462
8540
8609
8678
8742
8810
8876
8942
9025
9111
9184
9254
9324
9391
9449
9513
9590
9679
9756
9837
9915
9985
10056
10126
10199
10266
10332
10408
10486
10553
10630
10700
10770
10836
10901
10968
11037
11105
11170
11238
11318
11393
11460
11528
11593
11656
11717
11784
11866
11945
12018
12093
12166
12235
12300
12366
12432
12495
12566
12652
12737
12811
12860
12954
13024
13089
13154
13241
13326
13399
13477
13555
13626
13695
13767
13836
13901
13966
14033
14113
14191
14263
14331
14401
14466
14529
14598
14677
14755
14831
14899
14969
15035
15100
15168
15242
15312
15377
15453
15536
15610
15675
15746
15817
15887
15954
16022
16107
16184
16255
16328
16399
16472
16538
16608
16680
16755
16823
16894
16965
17037
17108
17171
17238
17309
17381
17446
17514
17589
17676
17746
17816
17886
17951
18014
18082
18164
18237
18311
18385
18461
18528
18599
18668
18739
18802
18866
18933
19001
19067
19128
19193
19262
19332
19396
19462
19528
19597
19666
19726
19784
19845
19910
19984
20061
20132
20196
20256
20297
20374
20442
20522
20605
20687
20759
20801
20897
20969
21042
21115
21184
21263
21343
21420
21466
21548
21629
21689
21748
21816
21900
21981
22039
22122
22178
22269
22329
22402
22470
22543
22610
22671
22743
22818
22889
22955
23020
23091
23164
23230
23291
23359
23430
23499
23543
23624
23696
23770
23849
23893
23978
24090
24165
24210
24253
24315
24399
24443
24534
24611
24680
24720
24807
24889
24961
25002
25053
25098
25168
25238
25279
25364
25431
25507
25569
25599
25690
25766
25829
25875
25960
26031
26108
26154
26240
26299
26370
26433
26497
26562
26634
26712
26778
26843
26909
26975
27040
27102
27168
27250
27333
27406
27480
27549
27614
27679
27746
27823
27897
27963
28038
28112
28181
28248
28315
28385
28453
28516
28583
28668
28741
28809
28885
28951
29018
29084
29155
29226
29292
29360
29430
29502
29570
29633
29700
29767
29834
29897
29964
30031
30118
30192
30260
30329
30399
30465
30531
30603
30680
30759
30831
30900
30974
31042
31114
31178
31245
31313
31381
31444
31510
31579
31665
31741
31809
31881
31947
32014
32083
32151
32227
32297
32363
32437
32512
32577
32645
32711
32779
32846
32908
32973
33048
33127
33191
33260
33330
33393
33454
33514
33632
33690
33837
33904
33959
34033
34098
34152
34223
34282
34345
34411
34476
34538
34601
34667
34735
34798
34862
34922
34994
35060
35122
35184
35252
35324
35400
35465
35530
35599
