71
150
227
300
376
454
530
584
679
759
837
894
990
1072
1146
1218
1297
1377
1448
1503
1598
1675
1747
1817
1895
1974
2044
2119
2195
2271
2340
2411
2490
2568
2642
2718
2797
2876
2951
3025
3097
3173
3244
3311
3394
3475
3550
3624
3702
3785
3859
3931
4010
4090
4169
4249
4332
4404
4477
4552
4633
4709
4763
4866
4951
5028
5102
5182
5261
5329
5402
5480
5559
5630
5702
5780
5861
5934
5985
6084
6160
6234
6303
6339
6442
6527
6606
6682
6760
6842
6923
6994
7069
7143
7218
7287
7356
7430
7503
7579
7647
7717
7793
7874
7942
8015
8089
8164
8233
8300
8371
8453
8529
8598
8676
8753
8827
8898
8975
9058
9132
9202
9283
9362
9436
9509
9588
9666
9736
9811
9889
9966
10039
10105
10180
10258
10330
10397
10468
10545
10616
10682
10746
10819
10900
10969
11036
11107
11177
11243
11308
11400
11483
11557
11632
11710
11789
11864
11940
12018
12097
12173
12250
12331
12410
12487
12563
12639
12718
12794
12866
12941
13018
13094
13166
13242
13320
13395
13466
13542
13619
13693
13764
13839
13914
13988
14059
14135
14210
14286
14358
14431
14507
14581
14653
14729
14808
14882
14957
15032
15108
15178
15253
15329
15404
15476
15552
15630
15706
15777
15852
15928
16003
16074
16151
16226
16300
16370
16448
16523
16596
16668
16745
16821
16895
16966
17042
17116
17189
17262
17339
17414
17485
17557
17625
17691
17755
17826
17894
17964
18043
18119
18191
18264
18341
18419
18494
18564
18648
18733
18814
18892
18973
19056
19136
19213
19293
19373
19448
19521
19601
19681
19757
19830
19909
19986
20059
20129
20206
20280
20349
20421
20499
20576
20648
20719
20796
20873
20948
21020
21097
21173
21246
21312
21388
21467
21545
21617
21692
21769
21843
21912
21988
22063
22137
22205
22282
22359
22432
22500
22570
22645
22716
22782
22849
22932
23013
23086
23157
23229
23293
23361
23433
23518
23593
23663
23741
23822
23895
23967
24044
24120
24193
24262
24340
24418
24495
24567
24647
24725
24799
24867
24942
25015
25087
25156
25227
25302
25374
25445
25529
25609
25680
25754
25830
25906
25973
26046
26121
26195
26266
26338
26413
26486
26554
26623
26695
26766
26832
26900
26990
27067
27137
27208
27282
27355
27425
27497
27575
27651
27722
27801
27881
27956
28024
28099
28175
28249
28322
28400
28481
28553
28626
28703
28778
28850
28920
28994
29066
29133
29206
29288
29364
29433
29514
29584
29653
29718
29788
29860
29934
30005
30079
30157
30228
30296
30368
30441
30510
30575
30617
30695
30789
30871
30952
31031
31102
31177
31249
31326
31398
31470
31545
31622
31696
31772
31851
31929
32004
32082
32152
32232
32302
32376
32451
32523
32595
32664
32746
32815
32889
32960
33039
33110
33162
33253
33333
33403
33469
33545
33620
33696
33769
33838
33919
33989
34061
34133
34211
34281
34351
34427
34500
34573
34639
34715
34791
34858
34925
34995
35065
35129
35202
35270
35339
35404
35475
35557
35629
35698
35769
35843
35910
35985
36054
36135
36216
36287
36363
36442
36516
36586
36661
36737
36810
36878
36952
37027
37104
37176
37249
37327
37404
37474
37542
37610
37691
37767
37838
37903
37972
38046
38121
38193
38264
38343
38420
38497
38569
38644
38721
38792
38860
38934
39011
39090
39165
39237
39300
39368
39444
39529
39614
39699
39780
39862
39934
40008
40064
40157
40236
40313
40386
40463
40536
40616
40691
40764
40837
40915
40988
41035
41133
41209
41285
41358
41432
41509
41582
41652
41727
41803
41876
41946
42020
42095
42168
42239
42313
42386
42459
42529
42604
42680
42754
42826
42901
42976
43053
43125
43196
43271
43346
43421
43493
43570
43648
43726
43799
43874
43950
44024
44096
44170
44245
44320
44391
44466
44533
44617
44696
44752
44822
44885
44948
45009
45074
45158
45236
45305
45382
45453
45499
45587
45629
45726
45793
45856
45930
46011
46085
46150
46224
46298
46368
46433
46501
46576
46645
46712
46788
46871
46941
47007
47074
47149
47199
47272
47341
47431
47507
47577
47650
47729
47796
47859
47933
48004
48073
48140
48214
48292
48365
48433
48506
48582
48651
48698
48786
48863
48936
48987
49075
49147
49216
49282
49348
49422
49501
49566
49634
49702
49774
49844
49907
49978
50063
50135
50200
50269
50340
50410
50458
50554
50630
50704
50767
50848
50921
50989
51056
51127
51208
51282
51353
51429
51507
51579
51650
51725
51802
51876
51951
52029
52108
52182
52223
52327
52399
52461
52532
52594
52683
52755
52830
52905
52979
53046
53115
53191
53264
53341
53410
53482
53558
53638
53711
53778
53847
53920
53994
54065
54133
54212
54291
54366
54434
54510
54591
54687
54783
54839
54876
55021
55094
55176
55249
55308
55404
55450
55516
55579
55642
55730
55808
55885
55955
56027
56103
56177
56250
56317
56391
56467
56542
56613
56691
56769
56846
56921
56992
57068
57143
57219
57293
57370
57447
57522
57595
57671
57747
57822
57892
57962
58042
58113
58184
58256
58329
58403
58476
58553
58630
58709
58782
58860
58938
59011
59085
59161
59239
59314
59387
59462
59542
59617
59673
59767
59842
59918
59993
60027
60061
60115
60204
60286
60355
60430
60505
60578
60646
60717
60795
60872
60947
61022
61084
61167
61246
61322
61396
61468
61542
61616
61686
61750
61826
61904
61975
62039
62107
62179
62251
62320
62385
62454
62528
62601
62668
62732
62800
62865
62929
62992
63057
63141
63218
63286
63356
63429
63499
63564
63628
63695
63762
63828
63892
63959
64025
64092
64155
