37
124
209
292
367
444
522
608
698
792
886
979
1070
1159
1252
1344
1430
1511
1590
1676
1764
1857
1949
2033
2117
2207
2296
2388
2485
2581
2670
2763
2855
2944
3029
3120
3213
3305
3394
3484
3578
3674
3764
3854
3947
4043
4138
4230
4325
4422
4519
4611
4700
4793
4889
4985
5082
5175
5270
5365
5461
5554
5646
5742
5838
5933
6024
6118
6214
6308
6399
6493
6590
6686
6777
6872
6967
7064
7156
7251
7348
7445
7538
7635
7730
7823
7918
8013
8103
8192
8287
8384
8477
8566
8657
8750
8844
8934
9025
9120
9216
9309
9402
9498
9596
9689
9782
9878
9973
10065
10158
10253
10346
10436
10528
10622
10716
10808
10904
11001
11098
11191
11287
11386
11480
11572
11667
11763
11854
11943
12034
12128
12221
12314
12403
12492
12583
12676
12765
12853
12945
13039
13132
13224
13319
13417
13509
13604
13701
13797
13888
13982
14077
14170
14263
14358
14454
14547
14642
14739
14835
14926
15020
15114
15204
15294
15382
15468
15556
15646
15735
15822
15911
16003
16096
16189
16280
16369
16461
16554
16649
16740
16831
16925
17019
17109
17200
17296
17390
17482
17576
17674
17765
17857
17952
18047
18137
18229
18324
18416
18507
18600
18692
18780
18867
18951
19030
19108
19192
19275
19360
19451
19543
19634
19724
19818
19912
20007
20096
20183
20269
20355
20436
20521
20604
20683
20764
20847
20937
21022
21105
21191
21283
21378
21479
21578
21675
21773
21874
21970
22062
22156
22252
22345
22436
22531
22627
22726
22825
22918
23011
23108
23206
23307
23407
23502
23595
23692
23790
23888
23981
24078
24176
24276
24370
24465
24562
24655
24747
24842
24937
25029
25121
25217
25313
25403
25496
25589
25678
25765
25854
25945
26034
26120
26211
26301
26391
26478
26569
26663
26758
26848
26942
27038
27135
27228
27324
27420
27511
27598
27689
27784
27875
27963
28054
28150
28241
28334
28427
28519
28605
28690
28770
28850
28935
29018
29107
29200
29299
29393
29486
29581
29675
29767
29854
29944
30036
30131
30223
30318
30418
30520
30618
30712
30807
30906
31003
31096
31189
31286
31386
31481
31573
31670
31766
31857
31950
32046
32142
32232
32325
32420
32516
32607
32700
32796
32886
32976
33066
33158
33246
33333
33425
33521
33614
33703
33796
33891
33989
34088
34186
34281
34378
34477
34577
34674
34771
34866
34960
35057
35156
35257
35358
35456
35555
