6
27
51
70
99
124
168
199
274
323
387
414
438
483
536
602
654
749
811
857
882
937
1023
1115
1169
1261
1331
1408
1464
1556
1616
1661
1779
1923
1999
2075
2148
2223
2299
2370
2503
2592
2643
2676
2757
2837
2912
2979
3058
3136
3211
3264
3354
3426
3505
3577
3653
3729
3804
3870
3946
4018
4090
4156
4221
4260
4337
4405
4499
4581
4656
4737
4808
4878
4954
5024
5088
5152
5213
5284
5358
5435
5514
5584
5658
5731
5805
5877
5944
6008
6076
6153
6227
6298
6372
6449
6513
6586
6664
6737
6803
6874
6944
7017
7081
7147
7217
7300
7372
7443
7513
7584
7650
7715
7784
7857
7928
7992
8059
8137
8222
8295
8361
8433
8502
8578
8654
8721
8800
8878
8953
9018
9092
9167
9239
9307
9375
9454
9526
9592
9658
9733
9819
9891
9969
10043
10107
10181
10248
10320
10386
10461
10539
10615
10682
10755
10825
10893
10958
11024
11093
11177
11245
11314
11383
11449
11508
11573
11640
11721
11795
11866
11938
12005
12071
12132
12198
12267
12352
12411
12501
12577
12645
12708
12776
12850
12927
12993
13065
13142
13210
13276
13341
13408
13491
13565
13636
13707
13782
13846
13913
13983
14053
14121
14187
14261
14351
14425
14493
14568
14638
14702
14774
14848
14928
15005
15082
15164
15243
15312
15398
15454
15536
15586
15680
15756
15831
15899
15969
16043
16113
16176
16241
16310
16401
16476
16545
16620
16694
16758
16832
16902
16970
17037
17108
17184
17258
17322
17394
17470
17537
17597
17667
17736
17806
17871
17938
18008
18087
18155
18221
18291
18352
18417
18501
18585
18628
18659
18733
18810
18888
18953
19019
19094
19166
19234
19300
19378
19453
19523
19589
19658
19727
19799
19864
19925
19991
20069
20152
20198
20292
20358
20423
20487
20549
20620
20663
20701
20777
20839
20905
20967
21028
21092
21159
21233
21298
21364
21434
21499
21558
21624
21688
21755
21819
21884
21952
22024
22094
22153
22218
22288
22353
22414
22478
22549
22610
22678
22740
22805
22878
22949
23011
23076
23141
23206
23270
23333
23400
23485
23566
23636
23707
23774
23842
23902
23975
24058
24133
24205
24280
24359
24432
24499
24575
24644
24709
24776
24844
24922
24995
25064
25139
25210
25275
25343
25412
25484
25550
25613
25681
25753
25842
26008
26085
26143
26208
26278
26356
26416
26500
26567
26635
26700
26759
26827
26914
27004
27080
27152
27225
27332
27412
27545
27637
27726
27802
27880
27953
28023
28096
28168
28235
28302
28371
28446
28527
28589
28660
28725
28794
28860
28923
28990
29073
29146
29216
29290
29357
29424
29494
29562
29637
29706
29768
29835
29906
29976
30039
30106
30163
30243
30439
30506
30583
30654
30726
30794
30860
30925
30989
31055
31134
31216
31289
31366
31440
31510
31570
31635
31704
31771
31835
31909
31993
32073
32142
32216
32290
32360
32422
32487
32552
32623
32695
32762
32841
32916
32979
33047
33113
33178
33243
33303
33369
33444
33519
33580
33644
33710
33776
33839
33897
33960
34027
34093
34157
34222
34288
34355
34420
34479
34547
34614
34680
34740
34805
34871
34937
34999
35059
35097
35175
35236
35300
35370
35441
35510
35575
