 2432
 2388
 2342
 2298
 2254
 2212
 2168
 2122
 2072
 2020
 1968
 1920
 1884
 1858
 1844
 1844
 1852
 1872
 1906
 1942
 1978
 2016
 2056
 2098
 2140
 2186
 2230
 2276
 2318
 2360
 2406
 2452
 2494
 2538
 2576
 2614
 2650
 2688
 2734
 2776
 2814
 2850
 2882
 2910
 2932
 2950
 2966
 2978
 2990
 2998
 3008
 3014
 3022
 3028
 3032
 3032
 3030
 3024
 3024
 3020
 3010
 2990
 2970
 2942
 2920
 2888
 2852
 2816
 2776
 2738
 2702
 2664
 2624
 2582
 2538
 2490
 2442
 2400
 2362
 2322
 2282
 2238
 2192
 2144
 2100
 2054
 2006
 1958
 1910
 1862
 1824
 1796
 1784
 1786
 1794
 1812
 1836
 1870
 1912
 1954
 1994
 2036
 2080
 2126
 2168
 2214
 2262
 2308
 2350
 2390
 2432
 2478
 2520
 2560
 2594
 2626
 2662
 2702
 2748
 2788
 2824
 2858
 2890
 2916
 2940
 2956
 2966
 2974
 2982
 2992
 3000
 3008
 3016
 3022
 3024
 3024
 3022
 3026
 3030
 3030
 3016
 3002
 2984
 2962
 2938
 2914
 2884
 2854
 2820
 2784
 2748
 2712
 2672
 2630
 2586
 2546
 2510
 2480
 2448
 2414
 2376
 2332
 2286
 2240
 2194
 2144
 2090
 2032
 1970
 1908
 1856
 1818
 1796
 1788
 1798
 1824
 1864
 1916
 1970
 2026
 2080
 2136
 2190
 2246
 2298
 2350
 2402
 2448
 2490
 2534
 2574
 2614
 2650
 2682
 2710
 2738
 2768
 2806
 2842
 2874
 2898
 2920
 2938
 2954
 2964
 2972
 2978
 2984
 2986
 2992
 2996
 2994
 2996
 2994
 2994
 2994
 3000
 3014
 3028
 3036
 3034
 3026
 3016
 3004
 2990
 2972
 2952
 2928
 2902
 2874
 2848
 2818
 2788
 2760
 2732
 2706
 2686
 2666
 2640
 2608
 2572
 2536
 2496
 2458
 2422
 2380
 2340
 2298
 2254
 2210
 2168
 2124
 2080
 2034
 1992
 1956
 1930
 1910
 1900
 1900
 1912
 1932
 1960
 1992
 2028
 2062
 2096
 2130
 2166
 2202
 2240
 2278
 2312
 2344
 2378
 2418
 2464
 2508
 2548
 2588
 2628
 2666
 2698
 2728
 2756
 2784
 2806
 2830
 2852
 2874
 2892
 2910
 2920
 2930
 2942
 2956
 2970
 2988
 2998
 3008
 3018
 3024
 3024
 3026
 3022
 3014
 3004
 2990
 2974
 2958
 2938
 2912
 2880
 2848
 2816
 2788
 2760
 2734
 2702
 2668
 2634
 2598
 2562
 2526
 2490
 2452
 2412
 2372
 2330
 2288
 2246
 2202
 2154
 2106
 2062
 2024
 1990
 1954
 1918
 1892
 1876
 1878
 1894
 1918
 1954
 1992
 2032
 2076
 2124
 2174
 2226
 2278
 2326
 2372
 2422
 2478
 2534
 2584
 2628
 2670
 2708
 2744
 2774
 2802
 2826
 2848
 2868
 2886
 2904
 2920
 2930
 2936
 2942
 2946
 2958
 2974
 2984
 2992
 2998
 3006
 3012
 3016
 3018
 3020
 3020
 3018
 3018
 3018
 3016
 3010
 2998
 2982
 2962
 2944
 2928
 2910
 2888
 2858
 2828
 2792
 2758
 2722
 2682
 2640
 2594
 2550
 2504
 2456
 2408
 2356
 2300
 2248
 2196
 2152
 2106
 2056
 2002
 1946
 1888
 1830
 1770
 1710
 1646
 1586
 1534
 1496
 1480
 1482
 1496
 1518
 1546
 1582
 1626
 1676
 1726
 1776
 1830
 1886
 1940
 1998
 2058
 2120
 2176
 2230
 2284
 2338
 2390
 2438
 2480
 2522
 2568
 2618
 2668
 2710
 2748
 2782
 2816
 2844
 2868
 2888
 2904
 2916
 2932
 2942
 2952
 2958
 2960
 2962
 2964
 2968
 2978
 2992
 3008
 3014
 3018
 3014
 3000
 2982
 2956
 2930
 2898
 2864
 2828
 2792
 2752
 2708
 2664
 2614
 2566
 2518
 2478
 2438
 2392
 2344
 2292
 2240
 2188
 2136
 2080
 2022
 1964
 1906
 1850
 1798
 1748
 1708
 1678
 1664
 1668
 1698
 1744
 1798
 1854
 1912
 1972
 2030
 2090
 2146
 2198
 2248
 2298
 2350
 2400
 2452
 2498
 2540
 2576
 2604
 2634
 2670
 2710
 2744
 2772
 2796
 2818
 2830
 2838
 2848
 2858
 2864
 2876
 2888
 2900
 2908
 2916
 2920
 2924
 2926
 2930
 2940
 2948
 2944
 2934
 2924
 2908
 2890
 2864
 2836
 2804
 2770
 2734
 2696
 2656
 2612
 2566
 2522
 2474
 2428
 2386
 2348
 2312
 2268
 2222
 2172
 2122
 2078
 2038
 1996
 1954
 1906
 1858
 1810
 1760
 1712
 1664
 1618
 1586
 1572
 1578
 1602
 1636
 1682
 1732
 1788
 1842
 1902
 1962
 2024
 2082
 2142
 2202
 2262
 2322
 2376
 2424
 2468
 2512
 2562
 2614
 2662
 2702
 2740
 2774
 2804
 2828
 2850
 2870
 2888
 2904
 2918
 2928
 2940
 2948
 2954
 2958
 2962
 2970
 2988
 3006
 3018
 3026
 3028
 3024
 3014
 3000
 2980
 2956
 2930
 2900
 2872
 2840
 2804
 2768
 2728
 2688
 2650
 2618
 2590
 2556
 2518
 2480
 2442
 2402
 2362
 2320
 2278
 2234
 2188
 2142
 2096
 2050
 2006
 1958
 1910
 1866
 1834
 1806
 1784
 1772
 1772
 1784
 1804
 1836
 1870
 1906
 1940
 1974
 2010
 2050
 2090
 2132
 2168
 2206
 2242
 2288
 2342
 2398
 2448
 2496
 2540
 2584
 2622
 2656
 2690
 2720
 2746
 2774
 2800
 2822
 2846
 2866
 2882
 2898
 2912
 2932
 2954
 2972
 2984
 2994
 3004
 3008
 3004
 2998
 2988
 2972
 2952
 2928
 2906
 2878
 2848
 2812
 2774
 2736
 2698
 2666
 2638
 2606
 2568
 2532
 2490
 2448
 2406
 2366
 2322
 2278
 2230
 2182
 2132
 2082
 2034
 1982
 1930
 1882
 1840
 1806
 1774
 1748
 1738
 1742
 1760
 1790
 1826
 1868
 1910
 1950
 1992
 2042
 2096
 2146
 2198
 2246
 2300
 2354
 2412
 2472
 2526
 2576
 2624
 2666
 2706
 2738
 2770
 2798
 2824
 2844
 2864
 2886
 2906
 2920
 2934
 2942
 2948
 2960
 2980
 3002
 3016
 3022
 3030
 3032
 3032
 3026
 3012
 2996
 2974
 2948
 2922
 2890
 2856
 2820
 2778
 2734
 2690
 2644
 2600
 2554
 2504
 2452
 2396
 2342
 2290
 2234
 2178
 2118
 2058
 2000
 1940
 1884
 1830
 1776
 1730
 1690
 1666
 1658
 1666
 1688
 1722
 1764
 1812
 1868
 1924
 1984
 2044
 2102
 2160
 2220
 2274
 2324
 2372
 2420
 2468
 2522
 2578
 2628
 2674
 2714
 2750
 2786
 2814
 2840
 2864
 2884
 2902
 2918
 2934
 2946
 2956
 2962
 2966
 2976
 2994
 3012
 3026
 3030
 3028
 3016
 2996
 2966
 2936
 2902
 2866
 2830
 2790
 2748
 2702
 2654
 2602
 2554
 2512
 2476
 2434
 2390
 2344
 2298
 2252
 2206
 2164
 2120
 2078
 2034
 1992
 1950
 1920
 1902
 1894
 1898
 1910
 1940
 1974
 2012
 2050
 2094
 2136
 2182
 2230
 2274
 2326
 2374
 2422
 2468
 2512
 2556
 2594
 2632
 2664
 2696
 2730
 2772
 2814
 2850
 2880
 2908
 2924
 2940
 2952
 2964
 2972
 2980
 2984
 2992
 3000
 3004
 3006
 3002
 2990
 2972
 2956
 2936
 2914
 2882
 2848
 2810
 2766
 2718
 2670
 2622
 2574
 2522
 2470
 2418
 2368
 2316
 2266
 2218
 2174
 2134
 2104
 2070
 2040
 2004
 1968
 1932
 1906
 1884
 1872
 1872
 1882
 1902
 1930
 1962
 1996
 2032
 2064
 2102
 2142
 2192
 2248
 2306
 2362
 2416
 2470
 2520
 2568
 2612
 2656
 2692
 2730
 2764
 2796
 2828
 2858
 2882
 2900
 2914
 2930
 2950
 2974
 2994
 3012
 3026
 3036
 3040
 3034
 3022
 3006
 2984
 2956
 2924
 2888
 2854
 2812
 2766
 2716
 2666
 2618
 2576
 2536
 2492
 2444
 2392
 2344
 2294
 2242
 2192
 2142
 2088
 2036
 1982
 1930
 1882
 1844
 1812
 1796
 1798
 1818
 1850
 1890
 1934
 1980
 2034
 2086
 2136
 2190
 2244
 2296
 2344
 2394
 2444
 2494
 2540
 2582
 2622
 2660
 2696
 2740
 2784
 2820
 2854
 2886
 2912
 2932
 2948
 2962
 2974
 2984
 2996
 3002
 3008
 3010
 3004
 2992
 2972
 2948
 2928
 2908
 2884
 2852
 2814
 2776
 2732
 2686
 2638
 2588
 2538
 2488
 2436
 2380
 2326
 2268
 2208
 2150
 2096
 2050
 2008
 1960
 1914
 1866
 1828
 1796
 1774
 1766
 1770
 1782
 1804
 1834
 1872
 1916
 1960
 2002
 2048
 2098
 2158
 2218
 2276
 2332
 2388
 2444
 2500
 2550
 2598
 2642
 2682
 2720
 2754
 2786
 2814
 2836
 2858
 2876
 2890
 2914
 2938
 2954
 2966
 2978
 2990
 2996
 3002
 3008
 3010
 3010
 3004
 2990
 2974
 2954
 2930
 2898
 2864
 2828
 2792
 2760
 2722
 2676
 2618
 2560
 2500
 2440
 2382
 2320
 2260
 2198
 2134
 2070
 2008
 1946
 1884
 1824
 1766
 1712
 1668
 1628
 1588
 1544
 1504
 1474
 1454
 1446
 1450
 1464
 1484
 1508
 1544
 1596
 1650
 1708
 1764
 1822
 1874
 1936
 2000
 2064
 2120
 2178
 2234
 2286
 2334
 2384
 2436
 2484
 2530
 2572
 2612
 2650
 2682
 2710
 2736
 2758
 2784
 2816
 2848
 2876
 2898
 2918
 2934
 2952
 2964
 2976
 2978
 2982
 2984
 2986
 2988
 2988
 2982
 2976
 2964
 2950
 2934
 2926
 2914
 2894
 2870
 2842
 2810
 2776
 2738
 2700
 2660
 2616
 2570
 2520
 2470
 2418
 2366
 2310
 2256
 2204
 2162
 2118
 2074
 2028
 1978
 1926
 1878
 1828
 1782
 1738
 1694
 1660
 1638
 1634
 1644
 1666
 1694
 1728
 1762
 1810
 1870
 1930
 1990
 2048
 2110
 2168
 2224
 2276
 2326
 2378
 2424
 2468
 2508
 2548
 2586
 2618
 2646
 2672
 2702
 2740
 2780
 2816
 2848
 2876
 2898
 2918
 2932
 2942
 2954
 2964
 2972
 2978
 2986
 2994
 2998
 2998
 2998
 2994
 2996
 2996
 2988
 2972
 2956
 2936
 2912
 2882
 2854
 2820
 2782
 2742
 2702
 2662
 2622
 2576
 2528
 2476
 2428
 2380
 2338
 2294
 2246
 2192
 2136
 2080
 2026
 1974
 1922
 1870
 1822
 1782
 1760
 1754
 1766
 1786
 1814
 1850
 1896
 1952
 2012
 2068
 2126
 2186
 2246
 2300
 2356
 2416
 2472
 2524
 2570
 2616
 2660
 2698
 2730
 2758
 2784
 2812
 2848
 2882
 2910
 2934
 2952
 2968
 2980
 2992
 2996
 3000
 2998
 2996
 2992
 2982
 2966
 2948
 2924
 2896
 2870
 2846
 2820
 2790
 2756
 2718
 2682
 2642
 2602
 2558
 2514
 2468
 2422
 2374
 2326
 2278
 2232
 2178
 2128
 2078
 2036
 1996
 1954
 1916
 1888
 1872
 1872
 1890
 1916
 1948
 1984
 2024
 2070
 2120
 2172
 2226
 2284
 2336
 2384
 2438
 2490
 2540
 2584
 2624
 2662
 2690
 2718
 2750
 2772
 2792
 2816
 2846
 2864
 2882
 2900
 2912
 2914
 2920
 2936
 2958
 2974
 2986
 2992
 2990
 2978
 2958
 2934
 2906
 2876
 2844
 2806
 2768
 2724
 2680
 2628
 2578
 2528
 2486
 2444
 2400
 2354
 2304
 2244
 2194
 2146
 2100
 2054
 2012
 1962
 1914
 1874
 1842
 1822
 1822
 1834
 1862
 1906
 1958
 2012
 2068
 2124
 2176
 2232
 2280
 2330
 2382
 2432
 2476
 2524
 2570
 2610
 2646
 2678
 2704
 2734
 2768
 2808
 2844
 2870
 2894
 2916
 2932
 2944
 2956
 2962
 2968
 2970
 2966
 2964
 2950
 2932
 2908
 2886
 2856
 2828
 2794
 2752
 2708
 2662
 2610
 2556
 2508
 2454
 2390
 2332
 2280
 2224
 2170
 2120
 2072
 2020
 1970
 1922
 1882
 1842
 1802
 1770
 1752
 1752
 1770
 1798
 1836
 1878
 1920
 1964
 2012
 2066
 2120
 2172
 2222
 2272
 2324
 2382
 2438
 2490
 2540
 2588
 2630
 2670
 2704
 2734
 2762
 2786
 2810
 2830
 2848
 2862
 2866
 2872
 2878
 2888
 2898
 2916
 2930
 2938
 2944
 2946
 2940
 2916
 2898
 2868
 2838
 2802
 2758
 2718
 2670
 2620
 2568
 2516
 2468
 2426
 2382
 2336
 2290
 2242
 2196
 2148
 2100
 2054
 2004
 1954
 1906
 1858
 1814
 1772
 1736
 1710
 1696
 1704
 1726
 1758
 1798
 1844
 1892
 1944
 1998
 2058
 2112
 2162
 2208
 2258
 2302
 2348
 2394
 2436
 2472
 2510
 2566
 2618
 2664
 2708
 2748
 2786
 2818
 2840
 2864
 2884
 2904
 2918
 2936
 2946
 2958
 2964
 2970
 2972
 2974
 2974
 2972
 2962
 2944
 2922
 2892
 2860
 2826
 2788
 2746
 2706
 2662
 2616
 2572
 2524
 2476
 2424
 2374
 2328
 2286
 2234
 2174
 2116
 2048
 1984
 1938
 1888
 1832
 1784
 1744
 1716
 1708
 1716
 1742
 1774
 1812
 1854
 1906
 1962
 2020
 2080
 2138
 2196
 2252
 2308
 2364
 2420
 2470
 2516
 2562
 2604
 2644
 2678
 2706
 2732
 2764
 2800
 2836
 2868
 2892
 2916
 2936
 2950
 2962
 2972
 2974
 2972
 2962
 2946
 2928
 2902
 2870
 2838
 2802
 2768
 2740
 2706
 2664
 2620
 2570
 2518
 2458
 2394
 2338
 2280
 2222
 2160
 2104
 2048
 1994
 1936
 1884
 1834
 1792
 1756
 1730
 1716
 1716
 1732
 1758
 1796
 1842
 1890
 1940
 1988
 2044
 2100
 2156
 2210
 2268
 2324
 2388
 2452
 2510
 2564
 2614
 2660
 2704
 2740
 2774
 2808
 2838
 2864
 2890
 2914
 2934
 2950
 2962
 2970
 2980
 2990
 3004
 3014
 3010
 2996
 2968
 2938
 2898
 2858
 2820
 2774
 2728
 2676
 2624
 2576
 2524
 2468
 2412
 2360
 2314
 2270
 2222
 2174
 2126
 2076
 2032
 1990
 1948
 1912
 1882
 1870
 1874
 1898
 1932
 1974
 2020
 2076
 2134
 2188
 2242
 2290
 2334
 2374
 2418
 2464
 2508
 2548
 2586
 2626
 2664
 2696
 2730
 2766
 2792
 2832
 2876
 2914
 2944
 2970
 2992
 3006
 3020
 3028
 3028
 3014
 2998
 2978
 2950
 2916
 2880
 2840
 2800
 2766
 2728
 2686
 2642
 2598
 2552
 2508
 2464
 2418
 2366
 2312
 2256
 2204
 2150
 2096
 2042
 1986
 1938
 1896
 1856
 1830
 1814
 1814
 1830
 1858
 1890
 1936
 1996
 2050
 2098
 2158
 2214
 2266
 2318
 2378
 2440
 2498
 2548
 2602
 2650
 2692
 2730
 2766
 2800
 2828
 2854
 2878
 2900
 2918
 2930
 2940
 2954
 2972
 2992
 3006
 3012
 3014
 3008
 2990
 2968
 2946
 2920
 2886
 2854
 2820
 2784
 2746
 2704
 2660
 2620
 2588
 2552
 2510
 2474
 2432
 2382
 2338
 2296
 2248
 2198
 2148
 2102
 2054
 2010
 1978
 1950
 1934
 1946
 1972
 2002
 2042
 2094
 2148
 2200
 2244
 2298
 2350
 2398
 2448
 2496
 2542
 2584
 2622
 2658
 2696
 2742
 2784
 2820
 2856
 2886
 2914
 2934
 2950
 2964
 2974
 2986
 2992
 2998
 3000
 2998
 2990
 2980
 2972
 2958
 2936
 2912
 2882
 2844
 2804
 2760
 2714
 2662
 2608
 2550
 2496
 2442
 2384
 2328
 2278
 2230
 2180
 2128
 2074
 2018
 1968
 1922
 1878
 1838
 1806
 1786
 1784
 1794
 1814
 1848
 1898
 1956
 2016
 2074
 2132
 2190
 2248
 2304
 2362
 2424
 2482
 2536
 2584
 2626
 2668
 2700
 2738
 2782
 2826
 2862
 2892
 2918
 2940
 2958
 2970
 2982
 2992
 3002
 3008
 3014
 3018
 3018
 3020
 3024
 3032
 3034
 3028
 3012
 2994
 2968
 2940
 2910
 2876
 2838
 2796
 2748
 2702
 2656
 2610
 2562
 2510
 2452
 2396
 2340
 2290
 2240
 2186
 2130
 2072
 2018
 1968
 1924
 1880
 1838
 1800
 1778
 1768
 1770
 1786
 1808
 1836
 1868
 1906
 1952
 2006
 2062
 2114
 2166
 2218
 2268
 2316
 2364
 2410
 2452
 2496
 2538
 2578
 2614
 2648
 2678
 2714
 2752
 2790
 2824
 2852
 2880
 2904
 2924
 2942
 2958
 2970
 2978
 2986
 2994
 2996
 2994
 2984
 2972
 2960
 2950
 2932
 2906
 2876
 2842
 2804
 2760
 2716
 2674
 2624
 2572
 2518
 2462
 2404
 2350
 2292
 2240
 2190
 2140
 2086
 2026
 1974
 1922
 1876
 1828
 1798
 1780
 1764
 1766
 1784
 1814
 1842
 1882
 1932
 1988
 2040
 2092
 2152
 2210
 2262
 2316
 2368
 2412
 2452
 2486
 2522
 2556
 2586
 2612
 2638
 2666
 2704
 2740
 2772
 2800
 2828
 2850
 2870
 2888
 2902
 2912
 2920
 2930
 2940
 2950
 2954
 2956
 2956
 2954
 2956
 2956
 2950
 2938
 2920
 2898
 2870
 2844
 2814
 2780
 2740
 2696
 2652
 2606
 2556
 2506
 2450
 2394
 2340
 2296
 2248
 2198
 2146
 2096
 2040
 1988
 1938
 1888
 1842
 1798
 1770
 1758
 1764
 1784
 1812
 1856
 1908
 1960
 2012
 2058
 2118
 2174
 2228
 2286
 2344
 2396
 2448
 2506
 2552
 2594
 2638
 2678
 2716
 2762
 2800
 2834
 2864
 2894
 2920
 2942
 2964
 2984
 2998
 3010
 3024
 3034
 3040
 3040
 3032
 3018
 2998
 2982
 2968
 2948
 2920
 2882
 2840
 2798
 2752
 2702
 2654
 2602
 2550
 2496
 2440
 2386
 2330
 2270
 2208
 2148
 2096
 2050
 1998
 1946
 1892
 1846
 1808
 1784
 1774
 1778
 1798
 1826
 1866
 1912
 1960
 2012
 2070
 2132
 2192
 2252
 2312
 2370
 2420
 2464
 2508
 2552
 2594
 2628
 2658
 2680
 2696
 2722
 2740
 2758
 2772
 2802
 2842
 2872
 2894
 2916
 2940
 2954
 2964
 2974
 2974
 2970
 2960
 2942
 2918
 2888
 2852
 2812
 2776
 2744
 2712
 2672
 2628
 2582
 2536
 2488
 2438
 2388
 2334
 2276
 2208
 2148
 2094
 2030
 1970
 1922
 1874
 1818
 1762
 1710
 1672
 1652
 1650
 1670
 1702
 1740
 1782
 1830
 1878
 1928
 1982
 2044
 2116
 2184
 2246
 2304
 2360
 2418
 2470
 2520
 2568
 2610
 2648
 2686
 2714
 2742
 2764
 2784
 2810
 2840
 2866
 2890
 2910
 2930
 2946
 2960
 2972
 2982
 2990
 2994
 2996
 3000
 3000
 2998
 2994
 2986
 2968
 2940
 2906
 2876
 2850
 2822
 2786
 2744
 2700
 2654
 2608
 2562
 2512
 2460
 2404
 2346
 2288
 2228
 2174
 2118
 2058
 2000
 1944
 1896
 1850
 1804
 1754
 1710
 1676
 1658
 1658
 1676
 1704
 1740
 1782
 1828
 1878
 1926
 1976
 2024
 2080
 2138
 2196
 2244
 2296
 2348
 2388
 2430
 2476
 2522
 2562
 2596
 2628
 2662
 2696
 2722
 2748
 2768
 2788
 2812
 2844
 2876
 2900
 2920
 2938
 2954
 2964
 2974
 2982
 2990
 2994
 3000
 3004
 3006
 3000
 2984
 2964
 2950
 2934
 2912
 2882
 2850
 2814
 2772
 2732
 2692
 2650
 2604
 2558
 2510
 2462
 2418
 2368
 2312
 2252
 2194
 2140
 2096
 2036
 1982
 1932
 1890
 1854
 1832
 1822
 1826
 1842
 1870
 1906
 1948
 1994
 2046
 2104
 2162
 2222
 2282
 2344
 2402
 2456
 2508
 2558
 2606
 2648
 2686
 2720
 2752
 2780
 2798
 2814
 2826
 2844
 2872
 2902
 2926
 2946
 2960
 2970
 2980
 2990
 2996
 2998
 2998
 2990
 2976
 2962
 2940
 2908
 2872
 2842
 2806
 2776
 2746
 2704
 2640
 2592
 2538
 2480
 2430
 2382
 2328
 2272
 2210
 2152
 2098
 2042
 1984
 1926
 1872
 1822
 1780
 1744
 1716
 1696
 1690
 1704
 1734
 1776
 1822
 1866
 1910
 1958
 2014
 2066
 2116
 2164
 2218
 2280
 2344
 2404
 2458
 2512
 2562
 2606
 2646
 2680
 2712
 2736
 2756
 2776
 2794
 2810
 2826
 2846
 2860
 2872
 2892
 2918
 2944
 2964
 2980
 2992
 2998
 2996
 2986
 2974
 2952
 2922
 2892
 2858
 2826
 2790
 2746
 2700
 2658
 2624
 2586
 2546
 2504
 2460
 2418
 2374
 2332
 2288
 2240
 2186
 2134
 2082
 2034
 1984
 1934
 1888
 1850
 1830
 1824
 1830
 1850
 1880
 1916
 1950
 1988
 2034
 2078
 2122
 2170
 2214
 2256
 2308
 2356
 2394
 2444
 2512
 2570
 2618
 2664
 2708
 2746
 2778
 2810
 2838
 2860
 2878
 2902
 2918
 2932
 2942
 2944
 2948
 2954
 2968
 2980
 2980
 2972
 2960
 2940
 2918
 2890
 2860
 2824
 2784
 2742
 2694
 2648
 2594
 2540
 2488
 2442
 2396
 2350
 2302
 2252
 2200
 2150
 2104
 2046
 1990
 1930
 1866
 1806
 1760
 1728
 1708
 1712
 1738
 1780
 1826
 1876
 1934
 1992
 2048
 2106
 2164
 2220
 2270
 2320
 2368
 2416
 2462
 2506
 2548
 2598
 2648
 2692
 2728
 2764
 2796
 2828
 2856
 2884
 2906
 2924
 2940
 2952
 2964
 2972
 2976
 2976
 2980
 2984
 2980
 2970
 2948
 2918
 2888
 2858
 2816
 2766
 2718
 2652
 2594
 2546
 2504
 2450
 2402
 2358
 2306
 2250
 2196
 2154
 2110
 2062
 2010
 1960
 1910
 1862
 1824
 1788
 1758
 1744
 1740
 1750
 1774
 1804
 1838
 1880
 1924
 1978
 2034
 2088
 2146
 2200
 2250
 2298
 2346
 2394
 2440
 2484
 2524
 2568
 2606
 2642
 2672
 2698
 2728
 2764
 2800
 2830
 2856
 2882
 2902
 2920
 2934
 2946
 2954
 2960
 2966
 2974
 2978
 2978
 2974
 2970
 2968
 2962
 2954
 2934
 2914
 2886
 2854
 2818
 2782
 2740
 2696
 2652
 2606
 2558
 2510
 2460
 2410
 2362
 2310
 2250
 2186
 2118
 2050
 1986
 1926
 1868
 1810
 1754
 1700
 1654
 1620
 1598
 1586
 1590
 1610
 1640
 1680
 1726
 1782
 1838
 1900
 1968
 2032
 2096
 2158
 2214
 2268
 2318
 2364
 2414
 2470
 2528
 2574
 2616
 2656
 2696
 2730
 2762
 2794
 2820
 2844
 2868
 2890
 2912
 2932
 2942
 2946
 2950
 2958
 2976
 2994
 3006
 3014
 3018
 3014
 3004
 2990
 2968
 2942
 2914
 2882
 2850
 2816
 2784
 2746
 2706
 2660
 2612
 2566
 2522
 2486
 2448
 2406
 2358
 2308
 2256
 2206
 2160
 2110
 2060
 2006
 1950
 1894
 1844
 1796
 1746
 1706
 1676
 1662
 1666
 1680
 1706
 1740
 1778
 1822
 1868
 1920
 1972
 2022
 2070
 2126
 2182
 2236
 2288
 2336
 2384
 2436
 2494
 2548
 2594
 2638
 2682
 2718
 2752
 2782
 2808
 2834
 2854
 2872
 2890
 2902
 2914
 2918
 2926
 2936
 2956
 2974
 2988
 2998
 3008
 3016
 3020
 3024
 3024
 3020
 3006
 2988
 2970
 2950
 2926
 2896
 2864
 2834
 2808
 2784
 2750
 2714
 2676
 2632
 2590
 2550
 2504
 2458
 2412
 2362
 2314
 2264
 2214
 2168
 2122
 2086
 2048
 2010
 1970
 1938
 1914
 1908
 1914
 1934
 1960
 1992
 2032
 2076
 2122
 2164
 2212
 2260
 2314
 2372
 2428
 2478
 2528
 2576
 2620
 2660
 2700
 2738
 2770
 2798
 2822
 2848
 2872
 2890
 2904
 2916
 2928
 2944
 2964
 2980
 2992
 3004
 3014
 3022
 3030
 3036
 3038
 3038
 3036
 3038
 3038
 3036
 3034
 3026
 3012
 2996
 2978
 2960
 2948
 2934
 2912
 2884
 2854
 2824
 2792
 2760
 2724
 2684
 2644
 2602
 2562
 2520
 2478
 2432
 2384
 2336
 2296
 2258
 2222
 2180
 2140
 2098
 2060
 2030
 2006
 1988
 1982
 1984
 1998
 2024
 2058
 2094
 2132
 2172
 2220
 2272
 2326
 2378
 2426
 2476
 2522
 2568
 2612
 2654
 2692
 2722
 2750
 2782
 2810
 2832
 2852
 2866
 2880
 2896
 2922
 2946
 2964
 2970
 2980
 2988
 2994
 3000
 3004
 3004
 3006
 3006
 3006
 3000
 2990
 2974
 2954
 2932
 2914
 2900
 2880
 2854
 2826
 2792
 2754
 2716
 2674
 2632
 2588
 2540
 2494
 2448
 2404
 2354
 2308
 2260
 2218
 2176
 2134
 2090
 2046
 2002
 1966
 1936
 1918
 1910
 1914
 1930
 1954
 1990
 2028
 2070
 2114
 2164
 2218
 2274
 2326
 2380
 2432
 2480
 2526
 2570
 2614
 2654
 2688
 2718
 2748
 2778
 2804
 2826
 2842
 2854
 2872
 2900
 2926
 2946
 2964
 2980
 2992
 3004
 3012
 3020
 3022
 3022
 3018
 3014
 3004
 2994
 2976
 2952
 2926
 2896
 2870
 2844
 2814
 2774
 2734
 2692
 2650
 2606
 2556
 2502
 2444
 2384
 2326
 2258
 2190
 2132
 2062
 1986
 1924
 1884
 1838
 1794
 1768
 1752
 1756
 1774
 1808
 1846
 1890
 1936
 1980
 2024
 2072
 2120
 2166
 2214
 2268
 2324
 2380
 2432
 2482
 2532
 2580
 2624
 2666
 2706
 2738
 2768
 2794
 2818
 2844
 2868
 2882
 2894
 2906
 2924
 2950
 2970
 2986
 3000
 3014
 3020
 3022
 3022
 3014
 3000
 2980
 2962
 2942
 2918
 2884
 2836
 2784
 2732
 2684
 2628
 2576
 2530
 2480
 2424
 2370
 2322
 2270
 2212
 2152
 2086
 2020
 1956
 1890
 1828
 1770
 1722
 1676
 1632
 1592
 1562
 1548
 1552
 1574
 1612
 1656
 1704
 1758
 1810
 1862
 1916
 1980
 2040
 2104
 2170
 2228
 2292
 2352
 2410
 2456
 2502
 2546
 2596
 2634
 2672
 2716
 2760
 2788
 2812
 2834
 2862
 2894
 2926
 2952
 2976
 2994
 3008
 3022
 3032
 3040
 3044
 3036
 3024
 3010
 2990
 2966
 2938
 2902
 2864
 2824
 2790
 2756
 2716
 2672
 2626
 2580
 2532
 2486
 2440
 2390
 2338
 2282
 2226
 2168
 2110
 2054
 1996
 1938
 1888
 1854
 1832
 1832
 1852
 1872
 1910
 1964
 2032
 2086
 2146
 2214
 2276
 2334
 2394
 2450
 2500
 2548
 2590
 2636
 2686
 2736
 2778
 2814
 2848
 2880
 2906
 2926
 2942
 2954
 2962
 2970
 2976
 2976
 2976
 2974
 2972
 2970
 2978
 2990
 2996
 2992
 2982
 2964
 2942
 2920
 2894
 2856
 2812
 2766
 2724
 2676
 2610
 2564
 2508
 2444
 2382
 2338
 2298
 2244
 2194
 2146
 2100
 2058
 2018
 1982
 1950
 1928
 1922
 1934
 1958
 1994
 2038
 2086
 2142
 2196
 2248
 2298
 2352
 2400
 2452
 2496
 2546
 2590
 2630
 2666
 2702
 2736
 2764
 2788
 2808
 2830
 2862
 2894
 2920
 2942
 2962
 2974
 2986
 2994
 3002
 3006
 3002
 3004
 3002
 2994
 2988
 2976
 2952
 2922
 2902
 2880
 2852
 2814
 2778
 2736
 2692
 2648
 2604
 2556
 2506
 2454
 2404
 2354
 2300
 2248
 2194
 2150
 2106
 2058
 2008
 1958
 1908
 1860
 1818
 1778
 1744
 1714
 1698
 1698
 1716
 1746
 1786
 1832
 1888
 1946
 2000
 2054
 2116
 2178
 2234
 2280
 2330
 2392
 2436
 2480
 2532
 2586
 2628
 2664
 2702
 2728
 2758
 2798
 2836
 2864
 2890
 2914
 2932
 2948
 2962
 2974
 2982
 2986
 2986
 2986
 2978
 2968
 2950
 2924
 2896
 2866
 2842
 2814
 2786
 2750
 2712
 2670
 2630
 2584
 2540
 2492
 2440
 2386
 2330
 2276
 2220
 2160
 2102
 2044
 1984
 1924
 1874
 1812
 1740
 1680
 1636
 1602
 1582
 1582
 1602
 1636
 1676
 1722
 1774
 1824
 1876
 1936
 2010
 2082
 2150
 2214
 2278
 2338
 2396
 2450
 2502
 2554
 2598
 2636
 2674
 2708
 2742
 2770
 2792
 2808
 2828
 2858
 2888
 2914
 2932
 2948
 2962
 2970
 2976
 2984
 2986
 2984
 2986
 2986
 2980
 2966
 2952
 2928
 2890
 2862
 2846
 2822
 2782
 2746
 2708
 2664
 2616
 2570
 2520
 2468
 2414
 2360
 2306
 2252
 2196
 2142
 2090
 2042
 1998
 1954
 1906
 1858
 1818
 1786
 1772
 1776
 1794
 1822
 1862
 1908
 1962
 2020
 2078
 2136
 2198
 2264
 2332
 2396
 2454
 2510
 2560
 2600
 2636
 2668
 2704
 2732
 2752
 2770
 2806
 2822
 2834
 2852
 2880
 2886
 2902
 2932
 2956
 2968
 2982
 2996
 3006
 3010
 3008
 2998
 2982
 2960
 2934
 2904
 2872
 2836
 2796
 2750
 2706
 2670
 2634
 2594
 2548
 2500
 2452
 2406
 2358
 2312
 2266
 2214
 2162
 2108
 2054
 2000
 1946
 1896
 1850
 1814
 1784
 1768
 1764
 1776
 1794
 1820
 1854
 1890
 1932
 1970
 2014
 2062
 2112
 2160
 2206
 2248
 2298
 2354
 2408
 2460
 2510
 2560
 2604
 2646
 2684
 2722
 2754
 2782
 2808
 2834
 2860
 2880
 2896
 2906
 2916
 2936
 2958
 2978
 2994
 3006
 3016
 3024
 3026
 3028
 3022
 3008
 2988
 2970
 2946
 2920
 2882
 2840
 2796
 2754
 2724
 2698
 2672
 2640
 2604
 2570
 2542
 2520
 2502
 2488
 2480
 2482
 2486
 2496
 2512
 2526
 2536
 2548
 2562
 2588
 2618
 2644
 2666
 2686
 2700
 2710
 2722
 2730
 2734
 2738
 2740
 2742
 2742
 2738
 2732
 2732
 2742
 2758
 2772
 2782
 2790
 2794
 2800
 2802
 2800
 2796
 2792
 2790
 2798
 2808
 2814
 2816
 2828
 2852
 2874
 2892
 2910
 2930
 2946
 2960
 2976
 2988
 3000
 3008
 3018
 3020
 3016
 3014
 3020
 3036
 3050
 3058
 3066
 3072
 3072
 3066
 3050
 3030
 3002
 2968
 2932
 2890
 2842
 2792
 2740
 2694
 2648
 2594
 2536
 2478
 2416
 2356
 2294
 2232
 2168
 2100
 2030
 1960
 1896
 1838
 1788
 1752
 1732
 1738
 1764
 1804
 1848
 1902
 1962
 2022
 2082
 2146
 2206
 2266
 2320
 2372
 2426
 2476
 2520
 2558
 2594
 2642
 2692
 2738
 2774
 2810
 2840
 2868
 2892
 2912
 2928
 2938
 2944
 2950
 2958
 2964
 2968
 2974
 2978
 2980
 2978
 2978
 2982
 2998
 3018
 3030
 3036
 3042
 3048
 3052
 3054
 3056
 3052
 3046
 3038
 3032
 3020
 3006
 2988
 2962
 2932
 2894
 2854
 2814
 2776
 2728
 2666
 2602
 2534
 2468
 2404
 2342
 2276
 2212
 2140
 2066
 1992
 1914
 1838
 1758
 1670
 1584
 1496
 1414
 1338
 1260
 1184
 1108
 1048
 1008
 996
 1012
 1042
 1088
 1148
 1218
 1298
 1380
 1464
 1548
 1640
 1738
 1834
 1930
 2018
 2106
 2186
 2258
 2332
 2402
 2464
 2520
 2572
 2618
 2662
 2698
 2726
 2752
 2784
 2820
 2854
 2884
 2908
 2926
 2938
 2950
 2956
 2960
 2962
 2962
 2962
 2958
 2950
 2936
 2916
 2892
 2872
 2850
 2820
 2780
 2740
 2692
 2646
 2594
 2540
 2488
 2434
 2376
 2322
 2262
 2200
 2138
 2078
 2024
 1974
 1920
 1870
 1822
 1776
 1732
 1688
 1642
 1592
 1534
 1474
 1416
 1364
 1314
 1272
 1236
 1208
 1178
 1134
 1072
 990
 894
 794
 684
 564
 436
 304
 178
 56
 0
 0
 0
 0
 0
 0
 0
 0
 0
 0
 0
 0
 0
 0
 0
 0
 0
 0
 0
 0
 0
 0
 0
 22
 98
 174
 248
 332
 438
 560
 688
 814
 928
 1040
 1152
 1260
 1358
 1452
 1544
 1626
 1720
 1818
 1916
 2006
 2088
 2166
 2234
 2302
 2366
 2422
 2472
 2518
 2560
 2598
 2636
 2672
 2706
 2738
 2768
 2792
 2812
 2832
 2856
 2890
 2924
 2950
 2970
 2988
 2998
 3006
 3014
 3020
 3024
 3026
 3030
 3034
 3036
 3038
 3040
 3040
 3040
 3040
 3042
 3050
 3066
 3080
 3088
 3092
 3096
 3098
 3096
 3094
 3088
 3076
 3062
 3038
 3018
 2996
 2960
 2926
 2888
 2846
 2804
 2760
 2722
 2682
 2642
 2598
 2552
 2506
 2458
 2410
 2362
 2310
 2258
 2204
 2152
 2100
 2052
 2012
 1978
 1958
 1952
 1964
 1994
 2036
 2082
 2128
 2174
 2220
 2266
 2312
 2352
 2392
 2424
 2460
 2494
 2530
 2560
 2598
 2634
 2660
 2688
 2722
 2768
 2804
 2838
 2870
 2900
 2922
 2940
 2958
 2970
 2978
 2988
 2994
 3000
 3006
 3010
 3014
 3014
 3010
 3008
 3010
 3020
 3032
 3042
 3046
 3046
 3046
 3044
 3042
 3036
 3026
 3010
 2994
 2974
 2950
 2924
 2896
 2862
 2822
 2782
 2744
 2698
 2666
 2618
 2564
 2524
 2482
 2438
 2394
 2350
 2302
 2252
 2204
 2164
 2140
 2130
 2136
 2148
 2168
 2196
 2236
 2286
 2336
 2386
 2434
 2484
 2530
 2570
 2606
 2646
 2680
 2712
 2740
 2770
 2796
 2822
 2844
 2860
 2872
 2882
 2898
 2916
 2932
 2944
 2954
 2964
 2970
 2974
 2980
 2982
 2972
 2962
 2960
 2960
 2954
 2958
 2966
 2964
 2960
 2962
 2970
 2980
 2994
 3004
 3010
 3014
 3016
 3014
 3010
 3004
 2990
 2976
 2960
 2944
 2926
 2906
 2882
 2854
 2822
 2790
 2758
 2732
 2706
 2674
 2642
 2604
 2566
 2528
 2486
 2446
 2402
 2354
 2306
 2256
 2212
 2176
 2144
 2124
 2112
 2110
 2122
 2146
 2178
 2208
 2242
 2284
 2316
 2352
 2396
 2442
 2476
 2508
 2546
 2582
 2614
 2646
 2678
 2704
 2724
 2742
 2762
 2786
 2816
 2842
 2864
 2882
 2900
 2914
 2924
 2930
 2930
 2928
 2928
 2930
 2930
 2932
 2932
 2932
 2930
 2926
 2924
 2930
 2944
 2952
 2954
 2954
 2950
 2944
 2934
 2922
 2900
 2876
 2848
 2818
 2790
 2754
 2720
 2678
 2626
 2582
 2542
 2494
 2454
 2410
 2362
 2310
 2262
 2216
 2176
 2132
 2090
 2056
 2028
 2012
 2014
 2028
 2052
 2082
 2112
 2144
 2186
 2238
 2288
 2336
 2384
 2432
 2476
 2518
 2560
 2598
 2630
 2660
 2688
 2716
 2742
 2762
 2778
 2792
 2798
 2806
 2824
 2846
 2864
 2870
 2876
 2892
 2894
 2898
 2916
 2924
 2924
 2930
 2938
 2940
 2944
 2944
 2936
 2924
 2910
 2900
 2890
 2876
 2854
 2830
 2800
 2764
 2728
 2686
 2644
 2596
 2546
 2496
 2444
 2390
 2338
 2284
 2226
 2172
 2124
 2082
 2036
 1986
 1938
 1890
 1852
 1824
 1812
 1812
 1820
 1842
 1870
 1912
 1958
 2010
 2056
 2106
 2150
 2204
 2268
 2330
 2386
 2436
 2482
 2530
 2566
 2600
 2632
 2662
 2684
 2704
 2734
 2760
 2778
 2796
 2810
 2822
 2840
 2862
 2884
 2902
 2912
 2924
 2934
 2942
 2948
 2948
 2946
 2938
 2928
 2916
 2898
 2878
 2854
 2820
 2790
 2754
 2724
 2692
 2656
 2616
 2570
 2520
 2474
 2422
 2370
 2316
 2250
 2182
 2128
 2060
 1992
 1930
 1870
 1810
 1754
 1716
 1686
 1670
 1672
 1694
 1730
 1776
 1826
 1880
 1928
 1976
 2026
 2078
 2132
 2184
 2228
 2272
 2316
 2370
 2426
 2482
 2530
 2574
 2616
 2652
 2688
 2720
 2750
 2772
 2792
 2816
 2838
 2858
 2872
 2884
 2896
 2912
 2932
 2946
 2948
 2936
 2922
 2902
 2876
 2842
 2804
 2760
 2702
 2652
 2610
 2558
 2506
 2454
 2402
 2346
 2296
 2250
 2198
 2140
 2086
 2030
 1974
 1918
 1864
 1810
 1752
 1694
 1640
 1590
 1554
 1532
 1528
 1540
 1574
 1618
 1670
 1726
 1786
 1850
 1916
 1988
 2058
 2126
 2188
 2250
 2310
 2368
 2424
 2472
 2514
 2556
 2604
 2652
 2698
 2738
 2774
 2804
 2830
 2854
 2876
 2894
 2908
 2920
 2934
 2944
 2952
 2962
 2966
 2970
 2972
 2982
 2998
 3008
 3008
 3004
 2992
 2978
 2956
 2930
 2896
 2852
 2806
 2756
 2708
 2658
 2608
 2552
 2494
 2436
 2378
 2326
 2274
 2214
 2150
 2084
 2022
 1960
 1902
 1840
 1780
 1720
 1662
 1614
 1578
 1568
 1574
 1590
 1624
 1670
 1730
 1798
 1870
 1936
 2004
 2072
 2140
 2206
 2270
 2330
 2386
 2440
 2490
 2538
 2584
 2626
 2662
 2694
 2718
 2750
 2788
 2824
 2854
 2880
 2904
 2924
 2940
 2952
 2960
 2968
 2972
 2976
 2980
 2986
 2990
 2992
 2992
 2986
 2978
 2972
 2968
 2954
 2936
 2912
 2884
 2850
 2812
 2774
 2730
 2682
 2632
 2582
 2530
 2478
 2426
 2372
 2312
 2252
 2198
 2146
 2096
 2042
 1986
 1928
 1870
 1822
 1780
 1748
 1730
 1724
 1734
 1758
 1792
 1842
 1892
 1940
 1986
 2036
 2092
 2152
 2214
 2274
 2332
 2386
 2436
 2484
 2532
 2572
 2610
 2646
 2682
 2716
 2750
 2772
 2790
 2806
 2824
 2850
 2878
 2900
 2918
 2926
 2936
 2944
 2954
 2960
 2962
 2964
 2964
 2966
 2966
 2964
 2956
 2942
 2924
 2904
 2888
 2872
 2850
 2820
 2786
 2748
 2704
 2658
 2614
 2562
 2510
 2456
 2402
 2352
 2300
 2244
 2190
 2140
 2094
 2050
 2008
 1962
 1916
 1872
 1836
 1814
 1804
 1808
 1820
 1842
 1872
 1912
 1960
 2010
 2056
 2104
 2158
 2218
 2280
 2338
 2394
 2448
 2496
 2542
 2582
 2622
 2654
 2686
 2712
 2738
 2764
 2786
 2804
 2816
 2826
 2840
 2862
 2884
 2896
 2906
 2918
 2926
 2936
 2944
 2950
 2952
 2950
 2948
 2944
 2938
 2928
 2916
 2894
 2872
 2844
 2824
 2806
 2784
 2754
 2720
 2686
 2646
 2606
 2562
 2516
 2464
 2408
 2356
 2302
 2248
 2194
 2138
 2082
 2032
 1982
 1940
 1896
 1850
 1804
 1764
 1734
 1720
 1718
 1730
 1750
 1780
 1820
 1866
 1916
 1970
 2022
 2072
 2118
 2174
 2236
 2300
 2356
 2410
 2462
 2512
 2558
 2602
 2638
 2672
 2702
 2730
 2754
 2780
 2800
 2814
 2826
 2840
 2864
 2890
 2912
 2922
 2936
 2948
 2958
 2966
 2974
 2976
 2976
 2970
 2960
 2946
 2926
 2900
 2866
 2832
 2798
 2768
 2744
 2714
 2680
 2640
 2602
 2560
 2518
 2472
 2426
 2376
 2324
 2266
 2210
 2156
 2098
 2038
 1978
 1922
 1872
 1820
 1770
 1732
 1708
 1702
 1716
 1744
 1780
 1824
 1872
 1924
 1980
 2038
 2092
 2142
 2192
 2242
 2300
 2362
 2424
 2476
 2528
 2576
 2618
 2660
 2694
 2724
 2750
 2772
 2798
 2820
 2840
 2854
 2862
 2874
 2894
 2918
 2936
 2952
 2960
 2970
 2978
 2984
 2986
 2978
 2970
 2956
 2952
 2934
 2916
 2906
 2882
 2846
 2814
 2788
 2756
 2716
 2672
 2626
 2576
 2526
 2478
 2430
 2380
 2324
 2268
 2208
 2150
 2096
 2036
 1978
 1920
 1868
 1820
 1770
 1722
 1678
 1646
 1634
 1640
 1666
 1698
 1734
 1778
 1824
 1870
 1930
 1986
 2034
 2100
 2172
 2240
 2304
 2366
 2428
 2482
 2532
 2578
 2624
 2662
 2694
 2724
 2754
 2778
 2804
 2820
 2832
 2842
 2860
 2886
 2912
 2934
 2950
 2964
 2974
 2982
 2986
 2982
 2970
 2950
 2926
 2900
 2870
 2832
 2784
 2734
 2682
 2636
 2592
 2544
 2490
 2438
 2384
 2334
 2286
 2236
 2176
 2118
 2054
 1986
 1922
 1856
 1784
 1728
 1674
 1632
 1610
 1606
 1622
 1658
 1706
 1764
 1826
 1892
 1956
 2016
 2074
 2132
 2192
 2254
 2312
 2366
 2412
 2458
 2516
 2572
 2624
 2666
 2708
 2744
 2778
 2808
 2834
 2856
 2876
 2888
 2902
 2916
 2924
 2932
 2934
 2932
 2938
 2950
 2958
 2954
 2934
 2918
 2890
 2852
 2820
 2796
 2754
 2710
 2668
 2624
 2578
 2532
 2486
 2434
 2380
 2332
 2284
 2232
 2176
 2116
 2052
 1990
 1932
 1874
 1818
 1762
 1708
 1662
 1634
 1622
 1630
 1654
 1696
 1752
 1812
 1870
 1932
 1996
 2060
 2124
 2184
 2246
 2306
 2362
 2412
 2460
 2502
 2538
 2572
 2608
 2648
 2686
 2724
 2756
 2782
 2800
 2822
 2838
 2848
 2856
 2868
 2882
 2892
 2896
 2902
 2906
 2908
 2912
 2918
 2924
 2922
 2904
 2876
 2840
 2800
 2760
 2718
 2674
 2624
 2566
 2510
 2446
 2384
 2316
 2248
 2184
 2120
 2054
 1984
 1914
 1846
 1778
 1712
 1648
 1584
 1520
 1460
 1408
 1376
 1354
 1358
 1378
 1422
 1480
 1538
 1602
 1662
 1722
 1790
 1864
 1938
 2016
 2094
 2170
 2240
 2302
 2358
 2410
 2462
 2518
 2572
 2624
 2666
 2706
 2740
 2770
 2798
 2822
 2846
 2866
 2884
 2898
 2908
 2912
 2916
 2926
 2946
 2966
 2978
 2982
 2982
 2974
 2954
 2930
 2900
 2864
 2826
 2786
 2742
 2696
 2644
 2592
 2536
 2486
 2442
 2394
 2342
 2286
 2226
 2168
 2112
 2058
 2002
 1948
 1890
 1830
 1776
 1724
 1690
 1672
 1684
 1712
 1750
 1804
 1852
 1910
 1970
 2040
 2098
 2160
 2226
 2290
 2346
 2404
 2458
 2502
 2542
 2588
 2638
 2686
 2724
 2756
 2788
 2816
 2844
 2866
 2886
 2902
 2914
 2926
 2936
 2944
 2946
 2944
 2946
 2956
 2968
 2974
 2966
 2948
 2928
 2910
 2884
 2850
 2814
 2774
 2738
 2692
 2648
 2600
 2552
 2496
 2438
 2384
 2332
 2288
 2240
 2188
 2138
 2084
 2032
 1986
 1938
 1892
 1846
 1796
 1754
 1726
 1708
 1708
 1728
 1762
 1814
 1868
 1924
 1976
 2026
 2082
 2136
 2194
 2252
 2306
 2356
 2400
 2452
 2494
 2530
 2578
 2618
 2664
 2714
 2760
 2796
 2832
 2864
 2892
 2916
 2934
 2952
 2962
 2972
 2980
 2982
 2984
 2984
 2988
 2994
 2994
 2982
 2962
 2942
 2914
 2882
 2842
 2804
 2756
 2706
 2654
 2602
 2548
 2494
 2442
 2394
 2350
 2302
 2248
 2194
 2142
 2086
 2038
 1990
 1938
 1884
 1832
 1778
 1730
 1706
 1704
 1726
 1770
 1820
 1868
 1924
 1978
 2028
 2082
 2138
 2196
 2254
 2310
 2360
 2406
 2448
 2488
 2534
 2582
 2628
 2668
 2706
 2742
 2774
 2800
 2826
 2846
 2864
 2876
 2886
 2896
 2896
 2896
 2898
 2908
 2928
 2946
 2954
 2956
 2954
 2942
 2924
 2902
 2878
 2848
 2812
 2774
 2734
 2686
 2638
 2588
 2534
 2480
 2422
 2362
 2306
 2250
 2200
 2152
 2094
 2034
 1970
 1910
 1850
 1792
 1730
 1664
 1598
 1536
 1482
 1440
 1426
 1424
 1440
 1470
 1514
 1572
 1634
 1698
 1762
 1826
 1894
 1960
 2026
 2090
 2158
 2226
 2288
 2346
 2400
 2448
 2490
 2526
 2566
 2612
 2658
 2698
 2734
 2768
 2798
 2820
 2846
 2868
 2884
 2902
 2916
 2928
 2944
 2952
 2958
 2962
 2968
 2976
 2982
 2978
 2968
 2950
 2928
 2902
 2874
 2838
 2798
 2750
 2700
 2650
 2598
 2546
 2494
 2448
 2404
 2354
 2300
 2242
 2182
 2124
 2066
 2008
 1952
 1894
 1834
 1776
 1718
 1668
 1626
 1604
 1606
 1624
 1652
 1690
 1738
 1790
 1846
 1902
 1962
 2024
 2086
 2146
 2202
 2256
 2306
 2356
 2418
 2480
 2536
 2586
 2632
 2676
 2714
 2748
 2778
 2808
 2834
 2856
 2878
 2896
 2910
 2918
 2928
 2942
 2964
 2982
 2990
 2994
 2998
 2996
 2990
 2976
 2958
 2936
 2906
 2876
 2844
 2808
 2770
 2730
 2690
 2656
 2624
 2584
 2538
 2490
 2442
 2394
 2344
 2296
 2244
 2186
 2128
 2070
 2010
 1950
 1894
 1842
 1798
 1758
 1732
 1720
 1726
 1746
 1780
 1824
 1878
 1928
 1978
 2030
 2086
 2144
 2200
 2254
 2308
 2370
 2432
 2488
 2540
 2590
 2638
 2678
 2716
 2752
 2782
 2808
 2834
 2858
 2878
 2892
 2902
 2910
 2930
 2952
 2972
 2984
 2996
 3008
 3016
 3024
 3026
 3018
 3004
 2986
 2966
 2944
 2914
 2884
 2852
 2818
 2780
 2740
 2698
 2658
 2626
 2592
 2554
 2510
 2466
 2420
 2374
 2330
 2282
 2232
 2180
 2126
 2070
 2016
 1962
 1908
 1860
 1820
 1796
 1790
 1798
 1820
 1856
 1898
 1948
 2002
 2060
 2114
 2164
 2212
 2262
 2312
 2364
 2412
 2458
 2500
 2552
 2602
 2650
 2686
 2724
 2758
 2788
 2814
 2840
 2860
 2872
 2874
 2872
 2874
 2874
 2874
 2876
 2886
 2902
 2918
 2926
 2924
 2922
 2916
 2910
 2898
 2876
 2846
 2810
 2772
 2732
 2686
 2640
 2592
 2546
 2502
 2456
 2402
 2348
 2294
 2242
 2190
 2138
 2084
 2026
 1966
 1908
 1850
 1792
 1742
 1696
 1664
 1638
 1624
 1626
 1640
 1668
 1704
 1750
 1804
 1860
 1916
 1974
 2030
 2086
 2142
 2202
 2264
 2328
 2390
 2448
 2504
 2556
 2602
 2646
 2686
 2724
 2756
 2788
 2814
 2836
 2860
 2876
 2888
 2902
 2924
 2944
 2960
 2972
 2986
 2998
 3008
 3018
 3028
 3032
 3032
 3024
 3016
 3002
 2982
 2956
 2926
 2904
 2884
 2854
 2818
 2776
 2730
 2682
 2634
 2588
 2540
 2484
 2422
 2364
 2296
 2218
 2152
 2098
 2046
 1990
 1936
 1886
 1838
 1798
 1774
 1774
 1790
 1820
 1862
 1912
 1964
 2016
 2068
 2124
 2180
 2242
 2302
 2358
 2408
 2464
 2516
 2566
 2612
 2656
 2696
 2732
 2766
 2794
 2816
 2832
 2846
 2868
 2898
 2920
 2940
 2958
 2974
 2988
 3002
 3006
 3004
 3006
 3002
 3000
 2998
 2982
 2962
 2926
 2902
 2872
 2838
 2808
 2776
 2734
 2686
 2642
 2596
 2546
 2494
 2436
 2380
 2328
 2274
 2220
 2166
 2114
 2064
 2018
 1966
 1908
 1852
 1804
 1760
 1728
 1714
 1718
 1738
 1772
 1816
 1864
 1916
 1972
 2032
 2098
 2160
 2220
 2274
 2326
 2378
 2428
 2470
 2520
 2570
 2616
 2656
 2690
 2720
 2746
 2766
 2794
 2828
 2860
 2884
 2906
 2926
 2942
 2956
 2970
 2978
 2984
 2986
 2990
 2992
 2990
 2980
 2962
 2940
 2920
 2904
 2882
 2850
 2816
 2780
 2740
 2696
 2652
 2606
 2554
 2500
 2444
 2390
 2336
 2284
 2228
 2176
 2128
 2080
 2024
 1968
 1910
 1850
 1802
 1764
 1744
 1742
 1758
 1786
 1824
 1868
 1916
 1964
 2014
 2068
 2124
 2182
 2238
 2294
 2348
 2400
 2450
 2498
 2546
 2590
 2630
 2668
 2700
 2730
 2752
 2776
 2804
 2836
 2862
 2878
 2894
 2906
 2916
 2928
 2938
 2946
 2952
 2956
 2958
 2960
 2960
 2960
 2964
 2968
 2972
 2968
 2954
 2930
 2912
 2888
 2860
 2830
 2794
 2752
 2708
 2664
 2620
 2576
 2526
 2476
 2428
 2386
 2338
 2282
 2222
 2160
 2100
 2044
 1992
 1946
 1900
 1858
 1822
 1800
 1794
 1808
 1830
 1866
 1908
 1958
 2014
 2070
 2122
 2176
 2228
 2284
 2336
 2394
 2444
 2492
 2536
 2576
 2612
 2644
 2668
 2690
 2720
 2752
 2782
 2804
 2822
 2836
 2858
 2880
 2890
 2902
 2924
 2934
 2940
 2954
 2962
 2962
 2950
 2938
 2930
 2920
 2902
 2880
 2854
 2826
 2798
 2764
 2728
 2688
 2642
 2594
 2548
 2500
 2456
 2406
 2358
 2308
 2264
 2218
 2170
 2118
 2064
 2008
 1954
 1908
 1864
 1826
 1802
 1792
 1798
 1822
 1856
 1902
 1952
 2006
 2068
 2128
 2180
 2228
 2282
 2330
 2374
 2416
 2470
 2518
 2556
 2596
 2638
 2676
 2708
 2732
 2754
 2782
 2814
 2846
 2874
 2894
 2914
 2932
 2948
 2960
 2968
 2968
 2962
 2952
 2938
 2916
 2888
 2854
 2818
 2786
 2756
 2722
 2678
 2632
 2582
 2534
 2486
 2436
 2386
 2328
 2272
 2214
 2156
 2094
 2036
 1980
 1930
 1886
 1838
 1792
 1752
 1728
 1724
 1734
 1762
 1796
 1832
 1874
 1926
 1974
 2024
 2076
 2136
 2200
 2266
 2326
 2390
 2448
 2504
 2556
 2602
 2650
 2694
 2732
 2768
 2798
 2824
 2844
 2862
 2886
 2910
 2930
 2944
 2956
 2970
 2982
 2990
 2998
 3000
 2992
 2978
 2958
 2934
 2904
 2870
 2826
 2766
 2710
 2664
 2622
 2572
 2514
 2456
 2400
 2342
 2288
 2232
 2178
 2118
 2058
 1996
 1938
 1880
 1824
 1768
 1716
 1672
 1646
 1636
 1644
 1668
 1706
 1750
 1798
 1848
 1904
 1964
 2024
 2080
 2142
 2200
 2256
 2310
 2362
 2420
 2480
 2538
 2588
 2636
 2676
 2712
 2744
 2776
 2798
 2818
 2836
 2856
 2880
 2898
 2912
 2918
 2920
 2924
 2936
 2954
 2972
 2978
 2984
 2982
 2972
 2960
 2942
 2920
 2890
 2858
 2824
 2788
 2748
 2702
 2654
 2608
 2566
 2524
 2476
 2426
 2372
 2318
 2270
 2218
 2164
 2106
 2044
 1982
 1924
 1870
 1818
 1778
 1746
 1736
 1742
 1762
 1794
 1838
 1886
 1940
 1998
 2060
 2120
 2182
 2238
 2296
 2354
 2406
 2454
 2498
 2546
 2598
 2648
 2688
 2726
 2762
 2792
 2820
 2846
 2868
 2890
 2908
 2922
 2936
 2946
 2950
 2948
 2950
 2964
 2982
 2998
 3002
 3006
 3006
 3000
 2990
 2974
 2954
 2930
 2904
 2874
 2840
 2802
 2760
 2716
 2682
 2646
 2610
 2566
 2520
 2476
 2428
 2382
 2334
 2286
 2230
 2174
 2118
 2062
 2008
 1956
 1908
 1866
 1836
 1818
 1814
 1822
 1842
 1872
 1910
 1954
 2004
 2052
 2098
 2142
 2188
 2234
 2280
 2326
 2368
 2412
 2462
 2510
 2558
 2600
 2640
 2680
 2716
 2750
 2782
 2812
 2836
 2858
 2878
 2896
 2916
 2928
 2936
 2942
 2948
 2960
 2978
 2994
 3004
 3014
 3022
 3026
 3034
 3040
 3042
 3040
 3038
 3034
 3028
 3022
 3006
 2982
 2956
 2928
 2906
 2888
 2868
 2840
 2810
 2778
 2744
 2712
 2676
 2640
 2598
 2554
 2510
 2468
 2428
 2388
 2342
 2296
 2246
 2202
 2154
 2106
 2060
 2018
 1982
 1962
 1954
 1956
 1966
 1982
 2002
 2028
 2056
 2086
 2122
 2160
 2208
 2256
 2304
 2350
 2396
 2442
 2486
 2532
 2576
 2616
 2654
 2690
 2722
 2756
 2784
 2808
 2828
 2846
 2872
 2900
 2926
 2940
 2958
 2974
 2984
 2998
 3006
 3010
 3012
 3014
 3016
 3018
 3020
 3018
 3014
 3010
 3008
 3008
 3004
 2994
 2982
 2964
 2946
 2928
 2906
 2878
 2844
 2808
 2772
 2734
 2694
 2650
 2604
 2558
 2518
 2474
 2432
 2384
 2342
 2302
 2260
 2218
 2174
 2126
 2076
 2026
 1986
 1958
 1942
 1938
 1946
 1964
 1996
 2032
 2070
 2108
 2152
 2194
 2238
 2284
 2336
 2390
 2436
 2480
 2522
 2562
 2598
 2630
 2656
 2686
 2722
 2758
 2790
 2816
 2842
 2864
 2886
 2904
 2920
 2932
 2936
 2936
 2940
 2944
 2948
 2952
 2954
 2952
 2950
 2948
 2954
 2966
 2974
 2974
 2968
 2960
 2948
 2932
 2916
 2896
 2870
 2840
 2806
 2776
 2744
 2710
 2674
 2634
 2594
 2556
 2528
 2498
 2462
 2420
 2378
 2332
 2292
 2252
 2212
 2166
 2122
 2076
 2036
 2006
 1990
 1988
 1996
 2016
 2048
 2090
 2138
 2188
 2238
 2288
 2338
 2390
 2438
 2488
 2528
 2566
 2606
 2642
 2676
 2708
 2730
 2750
 2772
 2800
 2832
 2860
 2880
 2902
 2920
 2934
 2948
 2958
 2960
 2960
 2964
 2968
 2972
 2974
 2974
 2968
 2962
 2960
 2962
 2960
 2948
 2932
 2908
 2882
 2854
 2826
 2792
 2756
 2716
 2670
 2624
 2576
 2522
 2466
 2410
 2358
 2310
 2258
 2204
 2146
 2090
 2032
 1976
 1922
 1868
 1814
 1760
 1712
 1678
 1652
 1636
 1636
 1652
 1682
 1720
 1764
 1814
 1864
 1916
 1970
 2028
 2086
 2144
 2202
 2258
 2312
 2366
 2414
 2458
 2498
 2538
 2586
 2632
 2676
 2712
 2748
 2780
 2808
 2832
 2858
 2878
 2888
 2894
 2898
 2898
 2900
 2902
 2914
 2916
 2916
 2914
 2924
 2940
 2956
 2968
 2974
 2976
 2968
 2958
 2942
 2922
 2896
 2866
 2832
 2800
 2764
 2728
 2686
 2642
 2594
 2544
 2500
 2460
 2416
 2366
 2314
 2262
 2212
 2162
 2112
 2058
 2004
 1946
 1888
 1838
 1794
 1750
 1722
 1710
 1712
 1734
 1766
 1806
 1848
 1900
 1954
 2000
 2056
 2106
 2160
 2194
 2240
 2292
 2346
 2402
 2452
 2492
 2528
 2570
 2620
 2668
 2712
 2746
 2780
 2810
 2836
 2856
 2878
 2896
 2910
 2922
 2934
 2944
 2946
 2946
 2940
 2938
 2934
 2930
 2918
 2898
 2876
 2848
 2812
 2780
 2740
 2694
 2644
 2588
 2534
 2474
 2416
 2358
 2286
 2214
 2156
 2114
 2050
 1990
 1928
 1870
 1810
 1760
 1712
 1670
 1632
 1612
 1612
 1632
 1664
 1706
 1754
 1814
 1874
 1934
 1996
 2058
 2120
 2182
 2242
 2302
 2358
 2414
 2464
 2512
 2560
 2606
 2644
 2676
 2706
 2740
 2778
 2814
 2844
 2872
 2894
 2914
 2930
 2942
 2946
 2950
 2952
 2952
 2958
 2974
 2980
 2978
 2980
 2982
 2986
 2984
 2978
 2964
 2946
 2922
 2898
 2872
 2842
 2808
 2770
 2732
 2692
 2650
 2606
 2556
 2508
 2466
 2422
 2376
 2326
 2272
 2220
 2166
 2112
 2056
 2002
 1942
 1882
 1830
 1784
 1752
 1734
 1734
 1750
 1786
 1824
 1864
 1914
 1960
 2002
 2040
 2090
 2144
 2190
 2242
 2306
 2360
 2412
 2462
 2510
 2550
 2590
 2638
 2688
 2728
 2764
 2796
 2824
 2850
 2872
 2890
 2906
 2918
 2926
 2936
 2946
 2954
 2958
 2958
 2958
 2968
 2980
 2990
 2988
 2980
 2972
 2960
 2942
 2916
 2888
 2854
 2820
 2782
 2742
 2700
 2656
 2612
 2564
 2518
 2476
 2430
 2374
 2322
 2256
 2192
 2142
 2100
 2044
 1994
 1940
 1888
 1842
 1810
 1798
 1798
 1812
 1838
 1876
 1920
 1966
 2010
 2058
 2104
 2154
 2202
 2254
 2304
 2352
 2402
 2450
 2494
 2534
 2570
 2604
 2644
 2686
 2726
 2762
 2792
 2822
 2848
 2870
 2884
 2892
 2898
 2900
 2906
 2912
 2914
 2908
 2906
 2906
 2908
 2920
 2934
 2932
 2920
 2910
 2898
 2874
 2850
 2824
 2790
 2750
 2712
 2672
 2630
 2588
 2544
 2502
 2464
 2426
 2384
 2344
 2298
 2250
 2206
 2160
 2114
 2064
 2014
 1962
 1914
 1870
 1834
 1810
 1808
 1820
 1842
 1872
 1910
 1954
 2000
 2050
 2104
 2154
 2204
 2254
 2302
 2348
 2390
 2430
 2472
 2522
 2564
 2600
 2634
 2664
 2688
 2722
 2754
 2776
 2796
 2814
 2834
 2852
 2866
 2878
 2884
 2886
 2900
 2920
 2938
 2946
 2958
 2968
 2972
 2970
 2964
 2952
 2934
 2910
 2886
 2860
 2832
 2802
 2766
 2728
 2688
 2656
 2622
 2588
 2544
 2498
 2452
 2408
 2362
 2314
 2266
 2210
 2154
 2094
 2040
 1982
 1932
 1888
 1858
 1846
 1852
 1854
 1866
 1892
 1920
 1942
 1986
 2040
 2092
 2138
 2180
 2224
 2262
 2300
 2346
 2398
 2450
 2496
 2538
 2578
 2616
 2652
 2686
 2718
 2750
 2776
 2802
 2824
 2842
 2856
 2870
 2890
 2916
 2938
 2954
 2968
 2980
 2990
 2998
 2998
 2992
 2980
 2962
 2942
 2916
 2884
 2848
 2796
 2754
 2706
 2648
 2598
 2554
 2516
 2458
 2414
 2372
 2328
 2276
 2228
 2172
 2118
 2062
 2006
 1954
 1904
 1864
 1826
 1796
 1778
 1776
 1794
 1824
 1866
 1916
 1968
 2020
 2070
 2122
 2172
 2224
 2276
 2334
 2394
 2450
 2506
 2558
 2608
 2650
 2690
 2730
 2766
 2796
 2824
 2848
 2868
 2884
 2898
 2912
 2932
 2950
 2964
 2976
 2986
 2996
 3004
 3012
 3014
 3012
 3000
 2988
 2972
 2954
 2928
 2894
 2860
 2830
 2800
 2766
 2726
 2686
 2644
 2602
 2560
 2518
 2474
 2426
 2376
 2322
 2270
 2218
 2162
 2106
 2054
 2002
 1952
 1906
 1872
 1850
 1850
 1860
 1892
 1932
 1972
 2010
 2054
 2098
 2138
 2184
 2236
 2296
 2356
 2408
 2456
 2514
 2560
 2602
 2650
 2698
 2736
 2770
 2800
 2826
 2840
 2856
 2882
 2914
 2946
 2972
 2996
 3024
 3032
 3036
 3042
 3050
 3048
 3052
 3052
 3052
 3044
 3036
 3024
 3016
 3010
 3000
 2986
 2966
 2944
 2918
 2888
 2858
 2822
 2780
 2732
 2686
 2636
 2586
 2542
 2490
 2434
 2380
 2322
 2276
 2230
 2178
 2124
 2072
 2020
 1968
 1920
 1872
 1824
 1782
 1748
 1732
 1736
 1752
 1776
 1812
 1856
 1910
 1964
 2024
 2078
 2134
 2190
 2244
 2298
 2354
 2410
 2468
 2516
 2564
 2606
 2642
 2674
 2704
 2740
 2778
 2808
 2836
 2860
 2882
 2898
 2916
 2928
 2938
 2946
 2952
 2954
 2952
 2948
 2946
 2952
 2962
 2968
 2964
 2954
 2942
 2924
 2904
 2882
 2856
 2826
 2790
 2750
 2708
 2662
 2614
 2566
 2524
 2482
 2434
 2382
 2330
 2278
 2226
 2176
 2124
 2074
 2018
 1960
 1906
 1850
 1798
 1754
 1722
 1704
 1698
 1708
 1732
 1764
 1800
 1840
 1884
 1932
 1986
 2040
 2094
 2148
 2202
 2250
 2302
 2354
 2404
 2450
 2492
 2532
 2566
 2600
 2634
 2668
 2696
 2724
 2748
 2770
 2788
 2802
 2814
 2834
 2860
 2882
 2898
 2912
 2926
 2936
 2946
 2956
 2964
 2964
 2956
 2950
 2942
 2930
 2916
 2894
 2866
 2838
 2810
 2786
 2762
 2728
 2692
 2654
 2616
 2578
 2540
 2504
 2460
 2412
 2364
 2314
 2260
 2210
 2156
 2102
 2040
 1982
 1924
 1876
 1830
 1794
 1770
 1760
 1764
 1786
 1814
 1848
 1886
 1926
 1968
 2012
 2058
 2106
 2158
 2206
 2254
 2300
 2354
 2406
 2456
 2498
 2540
 2580
 2616
 2650
 2682
 2710
 2732
 2752
 2776
 2796
 2816
 2828
 2840
 2848
 2862
 2878
 2898
 2910
 2918
 2928
 2936
 2938
 2938
 2928
 2912
 2894
 2876
 2854
 2824
 2792
 2752
 2716
 2682
 2652
 2620
 2578
 2534
 2488
 2442
 2396
 2348
 2300
 2248
 2192
 2134
 2078
 2024
 1966
 1918
 1870
 1832
 1806
 1792
 1790
 1802
 1826
 1858
 1898
 1946
 1996
 2044
 2094
 2146
 2200
 2250
 2298
 2346
 2400
 2452
 2500
 2542
 2584
 2620
 2654
 2686
 2718
 2744
 2764
 2788
 2808
 2828
 2840
 2852
 2860
 2870
 2890
 2912
 2926
 2938
 2948
 2956
 2966
 2970
 2976
 2978
 2974
 2972
 2966
 2956
 2946
 2930
 2906
 2878
 2854
 2832
 2808
 2776
 2744
 2710
 2674
 2636
 2598
 2558
 2514
 2464
 2414
 2364
 2312
 2258
 2204
 2148
 2096
 2050
 2002
 1958
 1920
 1892
 1880
 1886
 1900
 1922
 1956
 1984
 2010
 2046
 2102
 2150
 2198
 2248
 2298
 2354
 2410
 2462
 2510
 2556
 2596
 2634
 2668
 2702
 2730
 2754
 2772
 2792
 2814
 2830
 2838
 2846
 2854
 2874
 2896
 2912
 2928
 2942
 2956
 2966
 2972
 2974
 2966
 2946
 2926
 2904
 2880
 2848
 2806
 2756
 2708
 2642
 2594
 2562
 2524
 2470
 2424
 2380
 2332
 2288
 2246
 2200
 2152
 2098
 2048
 2000
 1948
 1902
 1858
 1820
 1786
 1752
 1728
 1718
 1728
 1752
 1784
 1824
 1868
 1910
 1952
 1998
 2048
 2100
 2150
 2198
 2250
 2302
 2356
 2406
 2454
 2500
 2544
 2582
 2620
 2658
 2688
 2716
 2746
 2770
 2788
 2796
 2804
 2820
 2846
 2866
 2884
 2904
 2918
 2928
 2940
 2954
 2962
 2966
 2968
 2966
 2960
 2946
 2924
 2898
 2870
 2848
 2826
 2800
 2764
 2728
 2688
 2648
 2606
 2566
 2524
 2476
 2426
 2376
 2330
 2278
 2228
 2178
 2138
 2098
 2056
 2006
 1962
 1918
 1886
 1860
 1850
 1852
 1864
 1876
 1902
 1942
 1974
 2006
 2054
 2110
 2160
 2204
 2252
 2304
 2352
 2402
 2454
 2502
 2552
 2594
 2632
 2670
 2706
 2736
 2762
 2790
 2824
 2862
 2890
 2914
 2938
 2954
 2970
 2982
 2994
 3000
 3002
 3000
 2992
 2984
 2974
 2956
 2926
 2896
 2862
 2836
 2810
 2776
 2734
 2690
 2644
 2592
 2534
 2476
 2418
 2358
 2294
 2230
 2164
 2104
 2046
 1990
 1928
 1876
 1822
 1782
 1748
 1718
 1700
 1700
 1716
 1744
 1786
 1826
 1870
 1916
 1962
 2010
 2056
 2104
 2154
 2210
 2274
 2334
 2390
 2446
 2498
 2546
 2594
 2634
 2676
 2710
 2738
 2766
 2790
 2812
 2830
 2844
 2854
 2862
 2878
 2900
 2920
 2930
 2940
 2948
 2950
 2944
 2934
 2916
 2894
 2866
 2832
 2796
 2756
 2712
 2668
 2630
 2592
 2548
 2500
 2450
 2396
 2338
 2282
 2224
 2168
 2108
 2048
 1992
 1936
 1882
 1834
 1788
 1746
 1700
 1656
 1614
 1582
 1562
 1560
 1576
 1604
 1638
 1676
 1722
 1770
 1816
 1868
 1922
 1984
 2044
 2104
 2164
 2220
 2272
 2322
 2374
 2432
 2482
 2530
 2572
 2616
 2654
 2684
 2712
 2738
 2770
 2808
 2840
 2866
 2890
 2908
 2926
 2940
 2952
 2962
 2966
 2970
 2974
 2978
 2980
 2978
 2970
 2954
 2932
 2910
 2890
 2876
 2854
 2826
 2792
 2754
 2714
 2672
 2628
 2582
 2532
 2474
 2418
 2362
 2306
 2244
 2182
 2130
 2068
 2014
 1970
 1938
 1908
 1892
 1900
 1926
 1962
 2006
 2058
 2114
 2170
 2222
 2278
 2332
 2380
 2426
 2468
 2514
 2562
 2608
 2648
 2684
 2718
 2748
 2776
 2802
 2826
 2842
 2858
 2872
 2884
 2894
 2898
 2902
 2902
 2914
 2928
 2944
 2952
 2960
 2962
 2962
 2956
 2952
 2938
 2918
 2894
 2866
 2830
 2784
 2736
 2698
 2662
 2626
 2590
 2552
 2510
 2466
 2416
 2368
 2328
 2284
 2240
 2192
 2140
 2092
 2042
 1994
 1950
 1912
 1888
 1872
 1870
 1886
 1916
 1952
 2000
 2050
 2102
 2152
 2202
 2250
 2298
 2344
 2388
 2430
 2476
 2524
 2568
 2610
 2646
 2682
 2712
 2744
 2770
 2798
 2818
 2834
 2850
 2864
 2878
 2872
 2876
 2886
 2902
 2918
 2932
 2942
 2954
 2964
 2970
 2978
 2986
 2986
 2984
 2978
 2968
 2958
 2940
 2916
 2890
 2864
 2842
 2818
 2784
 2746
 2706
 2662
 2614
 2564
 2516
 2464
 2410
 2356
 2302
 2252
 2196
 2142
 2090
 2044
 1996
 1944
 1894
 1844
 1798
 1756
 1724
 1706
 1698
 1706
 1726
 1752
 1788
 1828
 1876
 1932
 1994
 2052
 2108
 2166
 2226
 2280
 2334
 2386
 2438
 2490
 2536
 2578
 2620
 2654
 2686
 2712
 2744
 2780
 2812
 2838
 2860
 2882
 2900
 2914
 2928
 2938
 2946
 2950
 2956
 2960
 2962
 2968
 2968
 2968
 2954
 2930
 2900
 2874
 2854
 2828
 2794
 2760
 2726
 2690
 2654
 2612
 2570
 2524
 2474
 2424
 2372
 2322
 2276
 2224
 2172
 2122
 2072
 2026
 1982
 1934
 1884
 1834
 1788
 1746
 1706
 1668
 1626
 1580
 1538
 1506
 1486
 1480
 1488
 1510
 1552
 1602
 1652
 1706
 1762
 1818
 1872
 1928
 1986
 2044
 2102
 2160
 2216
 2272
 2324
 2372
 2418
 2460
 2508
 2558
 2600
 2638
 2672
 2706
 2736
 2764
 2786
 2804
 2822
 2838
 2856
 2872
 2884
 2892
 2898
 2906
 2922
 2938
 2952
 2958
 2960
 2956
 2950
 2938
 2922
 2900
 2872
 2844
 2814
 2784
 2746
 2704
 2662
 2622
 2588
 2552
 2512
 2468
 2422
 2376
 2330
 2284
 2236
 2184
 2128
 2072
 2016
 1960
 1904
 1850
 1800
 1754
 1704
 1662
 1630
 1612
 1610
 1624
 1654
 1692
 1734
 1784
 1834
 1886
 1940
 1996
 2050
 2104
 2164
 2222
 2280
 2334
 2386
 2436
 2480
 2524
 2566
 2606
 2642
 2674
 2704
 2734
 2760
 2780
 2794
 2808
 2826
 2850
 2872
 2890
 2904
 2918
 2928
 2938
 2946
 2954
 2956
 2958
 2960
 2962
 2966
 2966
 2958
 2948
 2934
 2924
 2918
 2912
 2898
 2876
 2850
 2820
 2790
 2762
 2732
 2694
 2654
 2610
 2566
 2522
 2478
 2428
 2374
 2318
 2268
 2222
 2174
 2124
 2072
 2018
 1968
 1918
 1872
 1826
 1782
 1740
 1706
 1688
 1686
 1696
 1720
 1752
 1794
 1840
 1888
 1938
 1986
 2036
 2080
 2126
 2168
 2214
 2256
 2296
 2338
 2384
 2426
 2464
 2498
 2528
 2562
 2602
 2642
 2680
 2712
 2744
 2770
 2794
 2814
 2834
 2850
 2862
 2872
 2886
 2894
 2894
 2892
 2890
 2892
 2902
 2912
 2918
 2924
 2930
 2936
 2942
 2948
 2950
 2944
 2932
 2920
 2904
 2884
 2862
 2834
 2800
 2770
 2746
 2722
 2692
 2664
 2632
 2596
 2564
 2534
 2502
 2468
 2428
 2384
 2340
 2290
 2242
 2194
 2146
 2100
 2054
 2002
 1954
 1904
 1856
 1810
 1770
 1738
 1712
 1702
 1706
 1726
 1750
 1784
 1826
 1876
 1928
 1978
 2028
 2078
 2126
 2176
 2226
 2274
 2330
 2384
 2436
 2484
 2526
 2564
 2600
 2630
 2670
 2710
 2748
 2778
 2808
 2832
 2856
 2878
 2898
 2916
 2930
 2942
 2948
 2954
 2958
 2964
 2968
 2966
 2962
 2966
 2976
 2984
 2986
 2978
 2968
 2954
 2942
 2924
 2902
 2874
 2844
 2810
 2776
 2742
 2710
 2674
 2634
 2598
 2564
 2536
 2504
 2468
 2424
 2374
 2324
 2278
 2236
 2198
 2158
 2114
 2064
 2010
 1958
 1902
 1844
 1782
 1722
 1662
 1592
 1510
 1418
 1322
 1224
 1126
 1024
 914
 796
 676
 546
 412
 276
 148
 28
 0
 0
 0
 0
 0
 0
 0
 0
 0
 0
 0
 0
 0
 0
 0
 0
 0
 0
 0
 0
 0
 0
 4
 94
 186
 282
 382
 494
 616
 736
 842
 936
 1032
 1128
 1218
 1304
 1388
 1458
 1528
 1598
 1666
 1732
 1800
 1866
 1936
 2008
 2076
 2140
 2210
 2280
 2346
 2408
 2462
 2512
 2558
 2598
 2638
 2674
 2710
 2740
 2772
 2798
 2824
 2848
 2870
 2894
 2914
 2930
 2942
 2952
 2954
 2966
 2986
 3006
 3016
 3026
 3034
 3044
 3052
 3058
 3058
 3056
 3052
 3052
 3054
 3056
 3058
 3062
 3060
 3056
 3052
 3056
 3066
 3078
 3084
 3086
 3092
 3096
 3098
 3102
 3098
 3092
 3082
 3070
 3060
 3046
 3028
 3012
 2988
 2958
 2928
 2904
 2882
 2858
 2826
 2792
 2756
 2720
 2686
 2650
 2616
 2578
 2538
 2500
 2466
 2436
 2418
 2400
 2390
 2392
 2400
 2422
 2446
 2474
 2504
 2538
 2570
 2604
 2640
 2674
 2704
 2730
 2752
 2776
 2800
 2824
 2844
 2860
 2868
 2878
 2896
 2920
 2940
 2956
 2968
 2974
 2982
 2990
 2996
 3000
 3000
 3000
 3002
 3002
 3004
 3006
 3002
 2998
 2994
 2992
 2996
 3008
 3016
 3020
 3024
 3026
 3026
 3028
 3032
 3028
 3018
 3010
 3006
 3004
 3002
 3000
 2996
 2988
 2982
 2980
 2986
 2996
 2998
 3002
 3006
 3008
 3010
 3012
 3012
 3008
 3004
 2998
 2992
 2986
 2980
 2966
 2950
 2936
 2920
 2908
 2892
 2874
 2852
 2832
 2812
 2790
 2768
 2744
 2712
 2682
 2646
 2612
 2576
 2538
 2498
 2452
 2408
 2368
 2336
 2308
 2284
 2270
 2264
 2268
 2280
 2300
 2324
 2350
 2378
 2406
 2438
 2470
 2504
 2534
 2558
 2584
 2614
 2648
 2682
 2710
 2738
 2762
 2786
 2804
 2820
 2832
 2842
 2850
 2858
 2868
 2878
 2886
 2892
 2894
 2894
 2896
 2906
 2918
 2924
 2932
 2938
