16
86
160
176
235
298
369
432
506
592
668
752
825
895
971
1097
1501
1577
1586
1643
1705
1775
1847
1918
2001
2087
2185
2258
2328
2398
2464
2529
2594
2668
2743
2814
2886
2960
3029
3110
3177
3247
3326
3394
3472
3539
3614
3691
3755
3828
3903
3982
4056
4128
4197
4262
4331
4401
4465
4538
4672
4747
4821
4895
4976
5054
5125
5254
5328
5396
5461
5537
5610
5679
5755
5830
5902
5977
6043
6115
6185
6254
6323
6396
6472
6544
6621
6697
6781
6861
6928
7001
7072
7154
7227
7294
7361
7442
7515
7594
7665
7738
7814
7889
7963
8038
8111
8178
8247
8320
8396
8474
8544
8612
8688
8810
8811
