 2752
 2658
 2568
 2474
 2384
 2300
 2220
 2138
 2062
 1998
 1962
 1950
 1950
 1960
 1974
 2004
 2028
 2056
 2108
 2148
 2184
 2210
 2230
 2264
 2288
 2298
 2314
 2316
 2294
 2238
 2182
 2144
 2120
 2130
 2166
 2224
 2306
 2384
 2434
 2506
 2556
 2600
 2644
 2688
 2736
 2776
 2806
 2838
 2858
 2876
 2896
 2908
 2918
 2928
 2916
 2914
 2912
 2888
 2884
 2858
 2820
 2780
 2752
 2720
 2676
 2630
 2584
 2530
 2486
 2452
 2414
 2388
 2354
 2306
 2250
 2182
 2106
 2030
 1962
 1890
 1822
 1764
 1710
 1664
 1624
 1580
 1550
 1536
 1532
 1540
 1554
 1572
 1588
 1614
 1644
 1674
 1708
 1744
 1784
 1824
 1856
 1878
 1902
 1936
 1978
 2012
 2048
 2076
 2112
 2148
 2178
 2210
 2240
 2264
 2284
 2302
 2312
 2318
 2322
 2314
 2306
 2298
 2286
 2274
 2266
 2264
 2266
 2272
 2274
 2278
 2290
 2302
 2308
 2312
 2300
 2280
 2252
 2226
 2200
 2180
 2162
 2150
 2138
 2136
 2136
 2140
 2140
 2144
 2152
 2170
 2182
 2186
 2186
 2188
 2196
 2202
 2212
 2224
 2234
 2238
 2246
 2246
 2246
 2238
 2224
 2200
 2172
 2142
 2106
 2062
 2022
 1986
 1962
 1938
 1908
 1868
 1828
 1788
 1748
 1710
 1672
 1632
 1592
 1556
 1522
 1492
 1464
 1432
 1398
 1368
 1346
 1318
 1294
 1280
 1274
 1280
 1284
 1290
 1300
 1318
 1340
 1354
 1376
 1396
 1418
 1440
 1464
 1490
 1516
 1540
 1562
 1578
 1590
 1606
 1622
 1634
 1648
 1666
 1696
 1726
 1750
 1772
 1792
 1818
 1840
 1866
 1890
 1912
 1932
 1950
 1972
 1992
 2012
 2032
 2052
 2066
 2076
 2088
 2092
 2094
 2100
 2110
 2132
 2154
 2166
 2164
 2154
 2138
 2110
 2078
 2042
 2002
 1946
 1892
 1832
 1768
 1696
 1622
 1540
 1458
 1376
 1302
 1232
 1172
 1120
 1074
 1044
 1034
 1054
 1110
 1220
 1336
 1404
 1470
 1550
 1632
 1674
 1686
 1688
 1682
 1682
 1686
 1710
 1760
 1826
 1890
 1946
 1980
 1994
 2012
 2026
 2036
 2040
 2048
 2056
 2070
 2090
 2118
 2150
 2184
 2220
 2258
 2296
 2336
 2374
 2412
 2442
 2476
 2506
 2532
 2562
 2590
 2638
 2690
 2726
 2752
 2770
 2794
 2812
 2830
 2848
 2866
 2880
 2884
 2888
 2892
 2888
 2882
 2870
 2848
 2824
 2792
 2752
 2710
 2674
 2648
 2620
 2582
 2538
 2496
 2454
 2408
 2366
 2322
 2278
 2228
 2172
 2118
 2068
 2020
 1972
 1924
 1876
 1830
 1780
 1738
 1706
 1684
 1670
 1666
 1664
 1670
 1680
 1694
 1708
 1730
 1752
 1772
 1794
 1814
 1834
 1856
 1886
 1914
 1942
 1972
 1996
 2020
 2054
 2094
 2152
 2206
 2250
 2298
 2348
 2386
 2426
 2468
 2502
 2536
 2562
 2584
 2606
 2624
 2646
 2666
 2684
 2702
 2730
 2750
 2766
 2782
 2804
 2840
 2874
 2896
 2914
 2932
 2948
 2958
 2970
 2982
 2996
 3006
 3018
 3034
 3048
 3058
 3064
 3058
 3048
 3034
 3010
 2986
 2968
 2964
 2964
 2958
 2948
 2934
 2932
 2930
 2934
 2940
 2940
 2940
 2938
 2938
 2934
 2934
 2932
 2930
 2930
 2928
 2922
 2918
 2922
 2940
 2964
 2978
 2992
 3006
 3022
 3034
 3042
 3054
 3062
 3066
 3072
 3076
 3078
 3078
 3080
 3082
 3086
 3086
 3086
 3088
 3100
 3122
 3138
 3152
 3162
 3174
 3182
 3194
 3208
 3216
 3214
 3198
 3176
 3148
 3114
 3076
 3032
 2982
 2936
 2888
 2822
 2768
 2722
 2688
 2652
 2610
 2564
 2520
 2482
 2444
 2414
 2380
 2342
 2306
 2276
 2252
 2238
 2234
 2238
 2242
 2254
 2262
 2268
 2282
 2304
 2340
 2374
 2408
 2438
 2474
 2506
 2532
 2568
 2602
 2634
 2662
 2690
 2718
 2746
 2776
 2806
 2834
 2864
 2894
 2918
 2938
 2960
 2994
 3044
 3086
 3122
 3150
 3180
 3204
 3226
 3244
 3256
 3260
 3254
 3240
 3214
 3176
 3140
 3098
 3052
 3002
 2950
 2898
 2836
 2778
 2726
 2682
 2632
 2574
 2506
 2436
 2374
 2308
 2246
 2184
 2118
 2050
 1980
 1916
 1856
 1798
 1742
 1690
 1640
 1594
 1538
 1488
 1450
 1420
 1400
 1388
 1382
 1382
 1394
 1410
 1430
 1458
 1484
 1516
 1546
 1584
 1624
 1666
 1706
 1746
 1788
 1834
 1874
 1912
 1954
 2004
 2074
 2144
 2208
 2264
 2320
 2378
 2432
 2486
 2536
 2588
 2638
 2686
 2732
 2776
 2818
 2860
 2894
 2930
 2964
 2986
 3002
 3018
 3052
 3100
 3144
 3172
 3196
 3224
 3246
 3266
 3286
 3304
 3322
 3338
 3354
 3366
 3378
 3390
 3400
 3406
 3412
 3418
 3422
 3424
 3426
 3436
 3460
 3480
 3492
 3496
 3496
 3498
 3496
 3498
 3498
 3494
 3490
 3486
 3484
 3480
 3478
 3476
 3470
 3468
 3464
 3454
 3448
 3444
 3454
 3462
 3450
 3428
 3400
 3372
 3338
 3306
 3268
 3224
 3172
 3116
 3060
 3002
 2946
 2890
 2830
 2774
 2722
 2664
 2608
 2560
 2518
 2484
 2444
 2394
 2336
 2286
 2238
 2192
 2152
 2108
 2062
 2016
 1966
 1922
 1882
 1850
 1820
 1798
 1784
 1772
 1768
 1774
 1788
 1810
 1832
 1856
 1880
 1904
 1930
 1960
 1998
 2032
 2066
 2098
 2130
 2168
 2208
 2246
 2280
 2314
 2346
 2374
 2400
 2432
 2474
 2526
 2574
 2612
 2646
 2678
 2706
 2732
 2762
 2786
 2814
 2842
 2870
 2900
 2922
 2942
 2952
 2962
 2976
 2988
 2996
 3006
 3020
 3050
 3082
 3106
 3118
 3128
 3136
 3136
 3126
 3100
 3068
 3034
 3002
 2964
 2922
 2878
 2836
 2790
 2746
 2700
 2650
 2596
 2548
 2504
 2470
 2430
 2386
 2334
 2284
 2236
 2188
 2144
 2096
 2050
 2000
 1952
 1904
 1858
 1816
 1772
 1732
 1692
 1648
 1602
 1566
 1530
 1500
 1462
 1428
 1404
 1386
 1376
 1370
 1374
 1384
 1394
 1406
 1420
 1440
 1462
 1490
 1516
 1544
 1576
 1608
 1642
 1680
 1726
 1778
 1830
 1876
 1920
 1964
 2004
 2044
 2088
 2128
 2168
 2210
 2252
 2296
 2336
 2376
 2412
 2448
 2482
 2516
 2540
 2562
 2588
 2624
 2668
 2704
 2736
 2764
 2792
 2820
 2846
 2874
 2900
 2920
 2938
 2956
 2968
 2976
 2988
 2996
 3002
 3010
 3016
 3016
 3024
 3032
 3056
 3086
 3106
 3118
 3132
 3144
 3154
 3166
 3176
 3182
 3186
 3186
 3188
 3190
 3196
 3200
 3204
 3204
 3210
 3212
 3210
 3210
 3214
 3230
 3244
 3252
 3256
 3260
 3270
 3272
 3276
 3280
 3282
 3284
 3288
 3290
 3292
 3294
 3300
 3304
 3304
 3298
 3290
 3276
 3258
 3244
 3236
 3228
 3210
 3182
 3146
 3108
 3066
 3024
 2980
 2934
 2884
 2834
 2786
 2738
 2692
 2646
 2602
 2560
 2520
 2472
 2428
 2390
 2362
 2340
 2320
 2302
 2284
 2270
 2262
 2260
 2268
 2278
 2290
 2304
 2318
 2334
 2354
 2376
 2398
 2418
 2440
 2456
 2470
 2488
 2516
 2556
 2594
 2624
 2650
 2676
 2706
 2732
 2762
 2788
 2814
 2834
 2854
 2874
 2892
 2906
 2914
 2922
 2928
 2940
 2950
 2952
 2956
 2968
 2996
 3026
 3048
 3062
 3076
 3088
 3098
 3106
 3116
 3126
 3132
 3134
 3138
 3142
 3146
 3150
 3154
 3152
 3154
 3154
 3152
 3148
 3150
 3158
 3182
 3198
 3204
 3206
 3210
 3216
 3218
 3224
 3226
 3228
 3230
 3230
 3232
 3234
 3236
 3238
 3238
 3236
 3232
 3226
 3218
 3208
 3204
 3206
 3204
 3196
 3184
 3170
 3150
 3126
 3102
 3070
 3032
 2986
 2942
 2898
 2852
 2810
 2762
 2716
 2672
 2630
 2584
 2536
 2496
 2462
 2436
 2410
 2374
 2340
 2306
 2276
 2248
 2224
 2202
 2182
 2166
 2156
 2152
 2154
 2158
 2162
 2168
 2180
 2190
 2200
 2216
 2242
 2276
 2316
 2350
 2384
 2418
 2454
 2488
 2524
 2558
 2590
 2622
 2650
 2678
 2704
 2732
 2758
 2784
 2806
 2826
 2848
 2866
 2878
 2892
 2916
 2948
 2968
 2982
 2992
 3004
 3016
 3026
 3040
 3050
 3060
 3068
 3078
 3086
 3092
 3102
 3106
 3106
 3106
 3104
 3104
 3098
 3090
 3086
 3098
 3106
 3112
 3114
 3116
 3120
 3120
 3124
 3124
 3124
 3120
 3118
 3114
 3108
 3102
 3098
 3090
 3082
 3076
 3066
 3054
 3040
 3028
 3026
 3016
 3000
 2976
 2946
 2912
 2876
 2842
 2806
 2764
 2720
 2676
 2634
 2590
 2550
 2510
 2468
 2424
 2386
 2350
 2308
 2274
 2244
 2222
 2200
 2176
 2150
 2120
 2090
 2058
 2024
 1990
 1954
 1914
 1876
 1840
 1802
 1766
 1728
 1692
 1662
 1630
 1596
 1566
 1546
 1534
 1528
 1518
 1510
 1508
 1508
 1512
 1516
 1526
 1538
 1554
 1566
 1582
 1602
 1624
 1650
 1678
 1704
 1736
 1766
 1798
 1836
 1876
 1928
 1978
 2028
 2072
 2116
 2162
 2202
 2244
 2286
 2322
 2356
 2390
 2424
 2456
 2488
 2520
 2548
 2574
 2600
 2624
 2642
 2658
 2678
 2706
 2746
 2780
 2808
 2832
 2856
 2874
 2896
 2916
 2932
 2944
 2956
 2970
 2978
 2984
 2990
 2996
 3004
 3006
 3010
 3016
 3020
 3020
 3020
 3028
 3046
 3062
 3072
 3078
 3082
 3086
 3092
 3098
 3100
 3094
 3092
 3090
 3088
 3088
 3086
 3084
 3082
 3080
 3076
 3074
 3072
 3066
 3062
 3058
 3066
 3076
 3082
 3084
 3084
 3084
 3080
 3076
 3072
 3066
 3054
 3038
 3024
 3006
 2988
 2966
 2942
 2914
 2886
 2856
 2822
 2778
 2736
 2702
 2678
 2652
 2622
 2588
 2554
 2522
 2488
 2458
 2426
 2394
 2360
 2326
 2292
 2256
 2224
 2192
 2160
 2130
 2100
 2072
 2040
 2014
 1996
 1986
 1984
 1984
 1990
 1996
 2006
 2022
 2038
 2062
 2088
 2114
 2140
 2170
 2200
 2232
 2262
 2294
 2324
 2352
 2384
 2408
 2436
 2466
 2510
 2558
 2598
 2632
 2664
 2696
 2728
 2758
 2786
 2812
 2836
 2858
 2880
 2898
 2914
 2928
 2938
 2946
 2954
 2962
 2962
 2962
 2964
 2976
 3002
 3024
 3038
 3050
 3058
 3060
 3054
 3048
 3034
 3016
 2992
 2966
 2936
 2906
 2872
 2838
 2802
 2762
 2726
 2688
 2646
 2608
 2574
 2548
 2520
 2490
 2450
 2408
 2374
 2332
 2294
 2254
 2216
 2174
 2132
 2090
 2052
 2020
 1992
 1968
 1954
 1944
 1938
 1936
 1942
 1956
 1982
 2006
 2032
 2058
 2086
 2112
 2138
 2168
 2194
 2216
 2236
 2258
 2284
 2306
 2332
 2356
 2374
 2398
 2422
 2438
 2454
 2472
 2492
 2532
 2566
 2594
 2616
 2638
 2660
 2680
 2704
 2724
 2740
 2752
 2766
 2778
 2792
 2808
 2824
 2838
 2850
 2860
 2868
 2872
 2872
 2870
 2870
 2870
 2860
 2842
 2818
 2798
 2774
 2748
 2722
 2688
 2654
 2620
 2582
 2546
 2506
 2470
 2440
 2402
 2366
 2332
 2290
 2248
 2212
 2186
 2164
 2146
 2128
 2106
 2082
 2062
 2040
 2028
 2016
 2010
 2004
 2004
 2008
 2016
 2030
 2046
 2066
 2090
 2112
 2134
 2162
 2192
 2232
 2278
 2314
 2346
 2374
 2402
 2422
 2446
 2478
 2504
 2524
 2544
 2562
 2586
 2608
 2630
 2656
 2674
 2694
 2716
 2734
 2750
 2768
 2792
 2834
 2870
 2896
 2918
 2938
 2958
 2978
 3000
 3014
 3020
 3020
 3010
 2996
 2980
 2956
 2930
 2902
 2870
 2838
 2802
 2758
 2716
 2678
 2652
 2632
 2608
 2580
 2548
 2522
 2494
 2466
 2440
 2414
 2386
 2360
 2344
 2332
 2332
 2336
 2340
 2350
 2364
 2380
 2394
 2414
 2440
 2480
 2528
 2570
 2610
 2646
 2688
 2726
 2766
 2808
 2848
 2880
 2912
 2938
 2956
 2976
 2994
 3012
 3026
 3038
 3052
 3064
 3072
 3078
 3090
 3118
 3142
 3150
 3148
 3138
 3126
 3110
 3090
 3062
 3028
 2990
 2946
 2906
 2860
 2816
 2774
 2726
 2676
 2626
 2576
 2522
 2470
 2426
 2390
 2358
 2326
 2288
 2246
 2208
 2170
 2134
 2100
 2068
 2038
 2002
 1966
 1936
 1908
 1890
 1878
 1872
 1872
 1874
 1878
 1898
 1920
 1952
 1988
 2024
 2060
 2092
 2130
 2164
 2202
 2240
 2276
 2308
 2338
 2368
 2396
 2426
 2450
 2472
 2492
 2512
 2520
 2534
 2546
 2572
 2614
 2652
 2684
 2714
 2744
 2780
 2810
 2842
 2870
 2896
 2916
 2940
 2960
 2978
 2986
 2988
 2986
 2986
 2986
 2976
 2958
 2938
 2924
 2920
 2908
 2890
 2866
 2840
 2814
 2784
 2758
 2728
 2696
 2660
 2624
 2584
 2548
 2512
 2474
 2432
 2394
 2356
 2310
 2268
 2230
 2200
 2174
 2150
 2126
 2106
 2094
 2088
 2088
 2096
 2108
 2120
 2134
 2152
 2176
 2204
 2232
 2258
 2284
 2314
 2338
 2360
 2386
 2414
 2460
 2508
 2546
 2580
 2612
 2648
 2678
 2712
 2742
 2772
 2798
 2826
 2852
 2880
 2906
 2930
 2950
 2966
 2982
 2996
 3008
 3016
 3030
 3060
 3094
 3120
 3138
 3148
 3150
 3142
 3136
 3122
 3094
 3066
 3032
 2994
 2952
 2912
 2870
 2824
 2774
 2722
 2674
 2620
 2564
 2516
 2476
 2446
 2412
 2374
 2334
 2296
 2262
 2224
 2190
 2158
 2124
 2088
 2052
 2018
 1986
 1958
 1934
 1916
 1906
 1900
 1896
 1900
 1908
 1932
 1968
 2002
 2040
 2076
 2112
 2144
 2176
 2208
 2238
 2268
 2298
 2328
 2358
 2388
 2420
 2452
 2480
 2506
 2534
 2554
 2572
 2592
 2618
 2662
 2700
 2732
 2758
 2786
 2816
 2842
 2870
 2892
 2908
 2926
 2942
 2958
 2974
 2986
 2998
 3012
 3018
 3026
 3030
 3030
 3032
 3034
 3050
 3070
 3086
 3092
 3092
 3090
 3078
 3068
 3052
 3030
 3004
 2968
 2934
 2896
 2856
 2818
 2778
 2736
 2694
 2652
 2604
 2554
 2512
 2474
 2446
 2416
 2382
 2342
 2304
 2268
 2226
 2190
 2154
 2120
 2080
 2042
 2002
 1966
 1934
 1906
 1886
 1874
 1868
 1864
 1868
 1882
 1908
 1944
 1984
 2024
 2064
 2106
 2148
 2190
 2234
 2276
 2320
 2360
 2402
 2442
 2482
 2520
 2558
 2592
 2626
 2660
 2688
 2714
 2742
 2780
 2832
 2880
 2918
 2952
 2984
 3014
 3034
 3058
 3080
 3098
 3112
 3126
 3138
 3152
 3166
 3176
 3178
 3180
 3186
 3190
 3188
 3188
 3184
 3194
 3202
 3204
 3196
 3186
 3172
 3152
 3128
 3096
 3060
 3018
 2972
 2926
 2876
 2830
 2778
 2724
 2664
 2610
 2550
 2486
 2430
 2380
 2342
 2306
 2262
 2218
 2170
 2124
 2078
 2036
 1998
 1958
 1914
 1870
 1830
 1796
 1770
 1750
 1736
 1734
 1734
 1734
 1748
 1768
 1798
 1832
 1866
 1902
 1938
 1976
 2008
 2046
 2086
 2124
 2158
 2194
 2228
 2266
 2298
 2328
 2356
 2384
 2416
 2438
 2464
 2488
 2526
 2576
 2616
 2652
 2680
 2712
 2740
 2768
 2796
 2818
 2838
 2856
 2874
 2888
 2902
 2914
 2918
 2920
 2924
 2928
 2922
 2914
 2904
 2902
 2902
 2900
 2894
 2896
 2898
 2902
 2906
 2908
 2908
 2906
 2906
 2902
 2896
 2894
 2890
 2884
 2880
 2870
 2860
 2850
 2846
 2856
 2870
 2878
 2884
 2894
 2904
 2912
 2926
 2940
 2954
 2964
 2972
 2982
 2990
 2998
 3004
 3010
 3014
 3014
 3012
 3010
 3020
 3044
 3062
 3072
 3078
 3084
 3088
 3090
 3092
 3094
 3090
 3086
 3084
 3082
 3078
 3072
 3068
 3064
 3062
 3056
 3050
 3044
 3048
 3050
 3044
 3030
 3014
 2996
 2972
 2948
 2920
 2890
 2852
 2808
 2766
 2720
 2676
 2630
 2586
 2540
 2494
 2442
 2396
 2358
 2332
 2302
 2272
 2234
 2196
 2158
 2122
 2088
 2050
 2008
 1960
 1914
 1870
 1828
 1790
 1752
 1710
 1674
 1628
 1588
 1556
 1532
 1514
 1496
 1476
 1458
 1444
 1434
 1426
 1424
 1428
 1434
 1446
 1458
 1470
 1492
 1518
 1544
 1574
 1608
 1642
 1680
 1718
 1766
 1822
 1878
 1936
 1988
 2040
 2092
 2140
 2190
 2238
 2286
 2328
 2370
 2412
 2452
 2492
 2528
 2562
 2594
 2626
 2654
 2678
 2700
 2724
 2762
 2804
 2838
 2864
 2890
 2916
 2938
 2960
 2978
 2984
 2994
 3000
 3008
 3014
 3016
 3022
 3026
 3028
 3030
 3032
 3030
 3030
 3030
 3044
 3066
 3082
 3094
 3102
 3112
 3116
 3122
 3128
 3132
 3132
 3128
 3126
 3124
 3124
 3120
 3116
 3110
 3108
 3106
 3102
 3094
 3094
 3104
 3122
 3128
 3130
 3134
 3132
 3128
 3124
 3118
 3108
 3092
 3070
 3046
 3014
 2986
 2954
 2918
 2876
 2836
 2792
 2742
 2694
 2654
 2620
 2584
 2544
 2496
 2448
 2398
 2346
 2294
 2240
 2186
 2130
 2070
 2008
 1950
 1896
 1842
 1792
 1748
 1704
 1666
 1642
 1628
 1630
 1638
 1654
 1680
 1712
 1746
 1780
 1820
 1858
 1900
 1936
 1970
 2006
 2042
 2078
 2112
 2142
 2174
 2202
 2226
 2248
 2274
 2306
 2342
 2374
 2400
 2428
 2458
 2484
 2512
 2540
 2566
 2592
 2616
 2640
 2664
 2686
 2710
 2734
 2756
 2776
 2790
 2802
 2810
 2828
 2862
 2892
 2912
 2922
 2938
 2952
 2966
 2982
 2994
 3006
 3012
 3020
 3024
 3026
 3032
 3036
 3036
 3036
 3030
 3022
 3006
 2992
 2986
 2976
 2962
 2942
 2924
 2902
 2874
 2844
 2812
 2776
 2736
 2692
 2648
 2604
 2562
 2516
 2468
 2424
 2378
 2332
 2282
 2242
 2210
 2182
 2154
 2118
 2082
 2050
 2020
 1998
 1982
 1974
 1972
 1976
 1984
 1998
 2016
 2038
 2064
 2096
 2124
 2150
 2176
 2206
 2250
 2292
 2332
 2372
 2408
 2444
 2476
 2508
 2540
 2568
 2594
 2620
 2642
 2662
 2686
 2706
 2724
 2742
 2758
 2768
 2772
 2780
 2798
 2834
 2868
 2892
 2908
 2924
 2938
 2954
 2974
 2988
 3002
 3012
 3022
 3032
 3038
 3046
 3052
 3056
 3058
 3060
 3054
 3048
 3042
 3040
 3044
 3040
 3034
 3024
 3012
 3000
 2982
 2964
 2946
 2920
 2892
 2860
 2826
 2794
 2758
 2722
 2686
 2650
 2618
 2578
 2534
 2494
 2464
 2438
 2410
 2378
 2344
 2312
 2282
 2258
 2234
 2218
 2202
 2192
 2188
 2190
 2198
 2210
 2222
 2238
 2262
 2282
 2298
 2320
 2350
 2394
 2438
 2478
 2512
 2548
 2584
 2616
 2650
 2686
 2714
 2742
 2770
 2794
 2816
 2840
 2860
 2878
 2894
 2906
 2916
 2920
 2920
 2926
 2948
 2978
 2998
 3012
 3022
 3032
 3042
 3050
 3060
 3070
 3076
 3082
 3086
 3090
 3092
 3096
 3098
 3092
 3082
 3070
 3054
 3036
 3016
 3000
 2992
 2976
 2956
 2932
 2908
 2878
 2852
 2822
 2788
 2750
 2714
 2676
 2640
 2602
 2562
 2520
 2478
 2438
 2400
 2356
 2320
 2292
 2272
 2254
 2230
 2202
 2176
 2154
 2130
 2114
 2104
 2098
 2096
 2098
 2102
 2112
 2126
 2142
 2156
 2176
 2196
 2210
 2226
 2246
 2278
 2322
 2358
 2396
 2432
 2470
 2506
 2540
 2578
 2610
 2638
 2666
 2694
 2720
 2746
 2772
 2794
 2812
 2830
 2848
 2860
 2870
 2882
 2908
 2940
 2960
 2974
 2986
 3000
 3008
 3018
 3028
 3036
 3040
 3040
 3036
 3036
 3038
 3040
 3040
 3040
 3040
 3040
 3038
 3034
 3028
 3032
 3038
 3038
 3032
 3018
 3000
 2982
 2960
 2932
 2898
 2864
 2822
 2780
 2738
 2692
 2650
 2600
 2550
 2504
 2452
 2396
 2346
 2300
 2264
 2230
 2192
 2146
 2102
 2060
 2022
 1988
 1958
 1932
 1910
 1894
 1884
 1880
 1884
 1896
 1914
 1932
 1948
 1966
 1992
 2028
 2074
 2126
 2174
 2220
 2264
 2310
 2352
 2394
 2434
 2474
 2508
 2542
 2572
 2600
 2630
 2660
 2686
 2712
 2736
 2758
 2776
 2790
 2820
 2860
 2896
 2924
 2946
 2968
 2988
 3000
 3016
 3028
 3038
 3044
 3046
 3050
 3052
 3056
 3060
 3058
 3056
 3054
 3052
 3046
 3042
 3046
 3056
 3058
 3054
 3044
 3036
 3020
 3004
 2984
 2960
 2930
 2900
 2866
 2826
 2784
 2744
 2698
 2654
 2616
 2574
 2528
 2488
 2454
 2430
 2406
 2376
 2340
 2306
 2278
 2250
 2228
 2210
 2196
 2184
 2180
 2178
 2184
 2192
 2202
 2216
 2230
 2248
 2264
 2290
 2316
 2356
 2396
 2430
 2462
 2494
 2526
 2558
 2586
 2614
 2640
 2662
 2686
 2710
 2734
 2760
 2788
 2812
 2832
 2854
 2870
 2884
 2894
 2906
 2936
 2966
 2986
 3002
 3016
 3030
 3036
 3046
 3056
 3064
 3068
 3072
 3072
 3074
 3076
 3076
 3074
 3070
 3068
 3066
 3058
 3050
 3046
 3052
 3058
 3054
 3042
 3028
 3010
 2990
 2964
 2938
 2904
 2864
 2822
 2778
 2734
 2688
 2642
 2592
 2538
 2488
 2434
 2376
 2326
 2282
 2246
 2208
 2164
 2114
 2064
 2016
 1966
 1920
 1874
 1824
 1774
 1720
 1670
 1622
 1580
 1542
 1516
 1500
 1492
 1490
 1502
 1522
 1554
 1588
 1622
 1656
 1690
 1730
 1768
 1810
 1854
 1902
 1944
 1982
 2018
 2050
 2080
 2106
 2128
 2154
 2170
 2174
 2176
 2176
 2188
 2200
 2204
 2204
 2198
 2196
 2182
 2176
 2172
 2170
 2168
 2166
 2166
 2168
 2170
 2170
 2172
 2170
 2168
 2162
 2158
 2158
 2168
 2174
 2184
 2196
 2214
 2232
 2254
 2286
 2318
 2346
 2374
 2404
 2438
 2468
 2500
 2534
 2564
 2588
 2610
 2630
 2660
 2704
 2748
 2782
 2814
 2842
 2868
 2892
 2912
 2928
 2944
 2956
 2970
 2980
 2982
 2992
 3000
 3002
 3004
 3002
 3008
 3032
 3056
 3072
 3078
 3076
 3072
 3058
 3042
 3020
 2990
 2954
 2916
 2874
 2826
 2778
 2730
 2680
 2628
 2576
 2516
 2460
 2414
 2382
 2346
 2306
 2260
 2216
 2172
 2126
 2084
 2040
 1994
 1946
 1900
 1860
 1828
 1806
 1792
 1788
 1792
 1800
 1810
 1828
 1856
 1894
 1936
 1976
 2012
 2052
 2096
 2134
 2172
 2218
 2258
 2296
 2332
 2366
 2400
 2438
 2472
 2506
 2540
 2572
 2606
 2630
 2650
 2674
 2710
 2760
 2798
 2830
 2856
 2880
 2904
 2924
 2944
 2958
 2970
 2976
 2984
 2992
 2998
 3008
 3012
 3016
 3022
 3024
 3028
 3028
 3024
 3024
 3028
 3048
 3064
 3074
 3082
 3092
 3100
 3108
 3114
 3124
 3126
 3122
 3112
 3098
 3082
 3062
 3040
 3012
 2980
 2944
 2912
 2878
 2834
 2790
 2750
 2718
 2692
 2656
 2616
 2574
 2534
 2490
 2448
 2406
 2358
 2306
 2254
 2198
 2150
 2100
 2052
 2004
 1954
 1908
 1856
 1806
 1768
 1740
 1724
 1712
 1706
 1706
 1716
 1730
 1748
 1772
 1800
 1834
 1864
 1898
 1930
 1966
 2000
 2036
 2070
 2110
 2150
 2186
 2218
 2252
 2294
 2350
 2400
 2446
 2484
 2520
 2558
 2590
 2626
 2656
 2684
 2712
 2736
 2758
 2782
 2798
 2816
 2832
 2842
 2854
 2862
 2866
 2870
 2878
 2904
 2932
 2946
 2954
 2962
 2972
 2978
 2988
 2994
 2998
 3000
 3002
 3004
 3006
 3008
 3010
 3010
 3008
 3004
 3000
 2998
 2992
 2988
 2994
 3012
 3028
 3036
 3042
 3048
 3050
 3050
 3046
 3034
 3014
 2990
 2966
 2936
 2902
 2864
 2822
 2776
 2726
 2676
 2626
 2566
 2508
 2458
 2416
 2378
 2328
 2274
 2214
 2156
 2098
 2042
 1986
 1932
 1876
 1822
 1776
 1736
 1706
 1684
 1672
 1668
 1670
 1672
 1684
 1704
 1732
 1764
 1798
 1836
 1876
 1920
 1958
 1996
 2036
 2074
 2112
 2148
 2182
 2218
 2258
 2300
 2336
 2370
 2404
 2436
 2462
 2486
 2516
 2560
 2608
 2646
 2680
 2708
 2736
 2764
 2790
 2816
 2836
 2856
 2872
 2890
 2906
 2920
 2930
 2936
 2940
 2944
 2944
 2942
 2938
 2936
 2952
 2978
 2992
 3002
 3010
 3016
 3014
 3014
 3006
 2994
 2978
 2960
 2938
 2914
 2888
 2858
 2824
 2782
 2738
 2696
 2648
 2598
 2556
 2522
 2494
 2462
 2420
 2378
 2336
 2294
 2252
 2210
 2166
 2118
 2070
 2020
 1972
 1932
 1892
 1856
 1830
 1812
 1798
 1792
 1794
 1804
 1828
 1854
 1886
 1916
 1946
 1978
 2006
 2040
 2076
 2110
 2140
 2166
 2196
 2222
 2254
 2286
 2314
 2344
 2372
 2392
 2410
 2428
 2456
 2498
 2540
 2572
 2600
 2632
 2664
 2688
 2718
 2744
 2768
 2792
 2810
 2830
 2848
 2868
 2888
 2902
 2912
 2922
 2924
 2926
 2928
 2932
 2952
 2970
 2984
 2992
 2998
 3004
 3008
 3012
 3014
 3008
 2992
 2972
 2950
 2922
 2894
 2858
 2816
 2774
 2728
 2682
 2626
 2572
 2524
 2484
 2440
 2386
 2328
 2270
 2214
 2160
 2106
 2056
 2004
 1950
 1898
 1850
 1806
 1760
 1714
 1664
 1618
 1578
 1532
 1496
 1472
 1456
 1452
 1454
 1462
 1478
 1506
 1540
 1576
 1618
 1662
 1700
 1736
 1770
 1804
 1840
 1876
 1914
 1950
 1984
 2014
 2048
 2084
 2124
 2180
 2232
 2278
 2322
 2366
 2408
 2446
 2484
 2520
 2556
 2586
 2616
 2644
 2672
 2700
 2726
 2744
 2764
 2786
 2800
 2812
 2822
 2846
 2884
 2916
 2940
 2962
 2978
 2986
 2996
 3008
 3018
 3026
 3030
 3034
 3038
 3042
 3042
 3044
 3040
 3034
 3028
 3016
 2998
 2978
 2970
 2966
 2952
 2926
 2898
 2868
 2836
 2796
 2758
 2716
 2670
 2624
 2578
 2532
 2482
 2436
 2386
 2336
 2292
 2244
 2192
 2146
 2106
 2072
 2048
 2022
 1994
 1972
 1956
 1948
 1946
 1956
 1968
 1984
 2002
 2022
 2044
 2066
 2092
 2120
 2146
 2174
 2194
 2216
 2240
 2274
 2312
 2346
 2380
 2408
 2438
 2470
 2498
 2528
 2558
 2582
 2606
 2628
 2652
 2674
 2696
 2720
 2738
 2756
 2774
 2786
 2796
 2806
 2824
 2862
 2894
 2918
 2936
 2954
 2972
 2986
 3002
 3016
 3022
 3026
 3032
 3036
 3038
 3038
 3040
 3034
 3024
 3014
 2996
 2976
 2954
 2934
 2924
 2908
 2888
 2862
 2834
 2806
 2768
 2734
 2696
 2658
 2622
 2588
 2556
 2524
 2488
 2452
 2418
 2380
 2344
 2304
 2258
 2218
 2184
 2160
 2136
 2112
 2090
 2072
 2062
 2056
 2062
 2072
 2086
 2106
 2128
 2152
 2180
 2210
 2240
 2268
 2302
 2334
 2356
 2384
 2410
 2446
 2496
 2536
 2568
 2598
 2626
 2650
 2668
 2690
 2712
 2736
 2760
 2784
 2804
 2824
 2844
 2866
 2882
 2898
 2914
 2920
 2924
 2928
 2944
 2974
 2996
 3008
 3018
 3030
 3036
 3036
 3036
 3026
 3012
 2990
 2966
 2936
 2904
 2870
 2832
 2790
 2744
 2702
 2652
 2604
 2560
 2526
 2496
 2460
 2420
 2378
 2340
 2300
 2264
 2232
 2204
 2176
 2148
 2132
 2122
 2120
 2126
 2134
 2146
 2158
 2172
 2182
 2200
 2222
 2254
 2290
 2318
 2346
 2376
 2408
 2438
 2470
 2500
 2524
 2550
 2574
 2596
 2618
 2642
 2662
 2684
 2700
 2718
 2734
 2744
 2754
 2764
 2792
 2828
 2858
 2882
 2906
 2930
 2952
 2968
 2986
 2996
 3004
 3010
 3016
 3022
 3024
 3026
 3030
 3030
 3032
 3030
 3030
 3028
 3026
 3028
 3042
 3052
 3054
 3044
 3032
 3016
 2994
 2972
 2946
 2912
 2868
 2822
 2772
 2718
 2666
 2610
 2552
 2490
 2426
 2356
 2274
 2194
 2124
 2060
 1998
 1932
 1860
 1784
 1714
 1642
 1576
 1514
 1454
 1396
 1334
 1280
 1228
 1180
 1134
 1086
 1042
 998
 946
 896
 852
 816
 782
 746
 700
 648
 600
 548
 500
 462
 416
 368
 320
 276
 240
 204
 170
 132
 102
 64
 22
 0
 0
 0
 0
 0
 0
 0
 0
 0
 0
 0
 0
 0
 0
 0
 0
 0
 0
 0
 0
 0
 0
 0
 20
 102
 184
 260
 336
 414
 492
 574
 654
 732
 804
 876
 954
 1030
 1098
 1160
 1228
 1298
 1364
 1432
 1494
 1560
 1642
 1718
 1788
 1850
 1912
 1970
 2024
 2074
 2122
 2168
 2216
 2258
 2298
 2332
 2368
 2406
 2442
 2476
 2502
 2526
 2550
 2576
 2618
 2658
 2694
 2722
 2748
 2774
 2798
 2824
 2852
 2874
 2894
 2916
 2932
 2944
 2958
 2968
 2978
 2988
 2990
 2990
 2992
 2994
 3014
 3038
 3054
 3066
 3078
 3090
 3098
 3108
 3118
 3124
 3128
 3126
 3124
 3124
 3122
 3124
 3120
 3114
 3112
 3108
 3100
 3094
 3090
 3098
 3114
 3122
 3124
 3128
 3130
 3130
 3130
 3128
 3126
 3122
 3118
 3114
 3112
 3108
 3104
 3100
 3094
 3088
 3084
 3078
 3072
 3066
 3070
 3080
 3084
 3084
 3084
 3084
 3084
 3084
 3084
 3086
 3082
 3078
 3074
 3072
 3068
 3062
 3056
 3050
 3044
 3038
 3028
 3016
 3008
 3004
 3014
 3022
 3028
 3028
 3032
 3036
 3034
 3036
 3038
 3038
 3034
 3028
 3022
 3018
 3014
 3012
 3006
 3000
 2994
 2988
 2984
 2974
 2968
 2964
 2972
 2980
 2980
 2980
 2982
 2982
 2982
 2980
 2982
 2982
 2980
 2976
 2976
 2970
 2968
 2964
 2960
 2950
 2942
 2936
 2930
 2924
 2916
 2914
 2918
 2930
 2936
 2936
 2938
 2938
 2936
 2936
 2930
 2924
 2914
 2900
 2884
 2864
 2842
 2822
 2796
 2768
 2740
 2710
 2680
 2642
 2606
 2572
 2544
 2516
 2482
 2442
 2400
 2358
 2316
 2272
 2226
 2180
 2130
 2084
 2038
 1996
 1960
 1932
 1906
 1886
 1874
 1866
 1858
 1858
 1862
 1880
 1900
 1920
 1940
 1960
 1982
 2002
 2028
 2054
 2084
 2110
 2136
 2164
 2190
 2218
 2248
 2276
 2302
 2332
 2358
 2376
 2398
 2422
 2458
 2498
 2530
 2556
 2582
 2608
 2630
 2652
 2676
 2696
 2712
 2728
 2740
 2756
 2770
 2780
 2788
 2796
 2802
 2806
 2808
 2810
 2816
 2832
 2858
 2876
 2890
 2898
 2906
 2910
 2916
 2924
 2928
 2926
 2924
 2922
 2920
 2920
 2920
 2918
 2914
 2912
 2908
 2904
 2896
 2892
 2896
 2910
 2918
 2922
 2924
 2928
 2930
 2932
 2936
 2938
 2940
 2938
 2936
 2934
 2934
 2934
 2932
 2924
 2920
 2916
 2910
 2904
 2896
 2898
 2908
 2918
 2918
 2918
 2920
 2918
 2914
 2910
 2902
 2892
 2880
 2864
 2850
 2832
 2816
 2802
 2788
 2770
 2754
 2732
 2706
 2680
 2662
 2652
 2636
 2612
 2584
 2552
 2516
 2478
 2442
 2404
 2364
 2324
 2278
 2236
 2196
 2158
 2122
 2092
 2070
 2050
 2034
 2024
 2024
 2034
 2048
 2062
 2076
 2092
 2110
 2124
 2144
 2164
 2184
 2200
 2218
 2238
 2262
 2284
 2306
 2326
 2342
 2364
 2382
 2400
 2418
 2446
 2484
 2524
 2554
 2582
 2608
 2638
 2664
 2688
 2710
 2730
 2748
 2764
 2776
 2790
 2800
 2810
 2816
 2820
 2828
 2832
 2836
 2838
 2844
 2866
 2888
 2902
 2914
 2924
 2930
 2932
 2932
 2932
 2930
 2924
 2918
 2908
 2898
 2888
 2878
 2862
 2840
 2820
 2794
 2766
 2736
 2712
 2694
 2674
 2646
 2616
 2584
 2552
 2518
 2490
 2456
 2418
 2380
 2338
 2296
 2256
 2218
 2180
 2142
 2108
 2078
 2048
 2024
 2014
 2016
 2030
 2050
 2070
 2092
 2116
 2144
 2168
 2196
 2228
 2256
 2282
 2308
 2332
 2356
 2378
 2398
 2414
 2428
 2440
 2448
 2464
 2482
 2510
 2544
 2570
 2592
 2612
 2632
 2652
 2670
 2690
 2706
 2720
 2734
 2744
 2756
 2768
 2782
 2790
 2798
 2808
 2814
 2818
 2822
 2826
 2844
 2876
 2898
 2914
 2926
 2936
 2934
 2928
 2924
 2914
 2898
 2880
 2860
 2836
 2814
 2786
 2760
 2726
 2696
 2664
 2626
 2590
 2560
 2540
 2522
 2496
 2468
 2438
 2414
 2386
 2364
 2346
 2332
 2320
 2316
 2318
 2322
 2330
 2344
 2354
 2370
 2388
 2402
 2416
 2438
 2466
 2506
 2544
 2574
 2604
 2634
 2666
 2694
 2722
 2750
 2774
 2794
 2812
 2832
 2848
 2866
 2882
 2894
 2904
 2914
 2914
 2910
 2906
 2914
 2936
 2952
 2960
 2964
 2964
 2960
 2948
 2936
 2916
 2890
 2862
 2828
 2792
 2756
 2720
 2682
 2644
 2606
 2570
 2522
 2474
 2430
 2396
 2368
 2334
 2292
 2248
 2204
 2164
 2120
 2082
 2042
 2000
 1960
 1924
 1892
 1868
 1850
 1840
 1840
 1848
 1858
 1874
 1902
 1938
 1986
 2034
 2082
 2124
 2168
 2210
 2252
 2298
 2340
 2378
 2414
 2444
 2470
 2496
 2522
 2546
 2572
 2596
 2622
 2638
 2656
 2674
 2704
 2748
 2786
 2814
 2838
 2864
 2888
 2906
 2928
 2942
 2948
 2952
 2956
 2960
 2966
 2968
 2970
 2968
 2968
 2966
 2962
 2956
 2952
 2956
 2970
 2978
 2974
 2970
 2966
 2954
 2938
 2918
 2898
 2870
 2838
 2806
 2774
 2740
 2706
 2666
 2624
 2580
 2540
 2494
 2452
 2412
 2378
 2346
 2308
 2264
 2216
 2172
 2124
 2078
 2032
 1988
 1942
 1892
 1844
 1800
 1758
 1718
 1678
 1644
 1614
 1584
 1554
 1536
 1524
 1522
 1522
 1522
 1526
 1536
 1550
 1568
 1594
 1624
 1652
 1684
 1716
 1750
 1782
 1810
 1836
 1864
 1894
 1918
 1940
 1966
 1998
 2042
 2082
 2116
 2152
 2188
 2226
 2254
 2286
 2316
 2348
 2378
 2408
 2434
 2462
 2490
 2520
 2544
 2570
 2600
 2620
 2640
 2662
 2688
 2732
 2770
 2800
 2822
 2846
 2872
 2892
 2914
 2928
 2932
 2924
 2908
 2892
 2868
 2842
 2812
 2776
 2740
 2702
 2658
 2616
 2576
 2548
 2524
 2494
 2458
 2418
 2380
 2340
 2298
 2256
 2212
 2168
 2126
 2088
 2056
 2034
 2016
 2006
 2006
 2012
 2016
 2028
 2050
 2078
 2120
 2164
 2204
 2242
 2282
 2322
 2360
 2402
 2442
 2478
 2510
 2542
 2572
 2602
 2630
 2658
 2684
 2710
 2732
 2748
 2764
 2786
 2824
 2862
 2892
 2912
 2926
 2940
 2954
 2968
 2982
 2992
 3000
 3006
 3012
 3018
 3020
 3022
 3022
 3020
 3020
 3014
 3006
 2996
 2988
 2990
 2984
 2974
 2960
 2942
 2918
 2892
 2866
 2836
 2802
 2760
 2720
 2678
 2636
 2594
 2552
 2510
 2468
 2424
 2370
 2318
 2274
 2238
 2206
 2164
 2122
 2076
 2034
 1996
 1968
 1946
 1936
 1930
 1934
 1942
 1958
 1974
 1992
 2010
 2028
 2050
 2066
 2084
 2098
 2112
 2128
 2138
 2148
 2158
 2174
 2186
 2194
 2202
 2208
 2210
 2210
 2210
 2210
 2210
 2204
 2200
 2198
 2198
 2196
 2200
 2212
 2238
 2276
 2308
 2340
 2372
 2408
 2440
 2474
 2506
 2536
 2566
 2590
 2618
 2642
 2662
 2682
 2700
 2716
 2726
 2734
 2742
 2762
 2796
 2820
 2844
 2864
 2884
 2900
 2916
 2932
 2942
 2952
 2960
 2968
 2972
 2974
 2976
 2974
 2970
 2962
 2946
 2932
 2924
 2928
 2934
 2936
 2938
 2942
 2944
 2944
 2944
 2942
 2938
 2934
 2928
 2922
 2918
 2916
 2916
 2908
 2894
 2882
 2872
 2876
 2890
 2896
 2900
 2902
 2906
 2910
 2918
 2928
 2936
 2942
 2944
 2946
 2946
 2946
 2946
 2940
 2930
 2920
 2922
 2936
 2952
 2960
 2964
 2964
 2962
 2954
 2944
 2926
 2906
 2878
 2850
 2816
 2782
 2744
 2706
 2666
 2618
 2570
 2528
 2498
 2468
 2428
 2386
 2340
 2296
 2248
 2204
 2160
 2116
 2070
 2024
 1982
 1944
 1910
 1884
 1866
 1858
 1850
 1850
 1858
 1880
 1908
 1936
 1960
 1984
 2010
 2034
 2060
 2088
 2118
 2148
 2182
 2214
 2244
 2278
 2312
 2344
 2374
 2402
 2428
 2452
 2472
 2494
 2518
 2560
 2604
 2640
 2666
 2692
 2718
 2742
 2770
 2792
 2812
 2830
 2844
 2856
 2870
 2880
 2892
 2900
 2902
 2906
 2910
 2914
 2916
 2918
 2916
 2916
 2928
 2948
 2960
 2968
 2972
 2978
 2982
 2984
 2990
 2992
 2994
 2990
 2984
 2978
 2972
 2964
 2954
 2942
 2926
 2910
 2892
 2872
 2844
 2814
 2786
 2762
 2748
 2726
 2698
 2666
 2630
 2594
 2556
 2518
 2476
 2432
 2384
 2332
 2280
 2228
 2176
 2120
 2066
 2010
 1950
 1892
 1838
 1776
 1718
 1670
 1628
 1596
 1560
 1524
 1484
 1448
 1414
 1378
 1348
 1318
 1292
 1270
 1254
 1248
 1244
 1250
 1260
 1276
 1296
 1320
 1340
 1364
 1394
 1432
 1474
 1514
 1548
 1584
 1622
 1664
 1708
 1754
 1804
 1854
 1894
 1934
 1970
 2008
 2046
 2082
 2118
 2156
 2196
 2230
 2262
 2296
 2332
 2388
 2438
 2482
 2518
 2554
 2590
 2622
 2654
 2682
 2708
 2734
 2758
 2780
 2802
 2824
 2844
 2858
 2870
 2882
 2890
 2892
 2894
 2900
 2918
 2946
 2960
 2970
 2980
 2992
 3000
 3006
 3012
 3014
 3008
 2994
 2974
 2948
 2918
 2886
 2854
 2816
 2776
 2736
 2692
 2642
 2594
 2556
 2528
 2500
 2464
 2418
 2374
 2332
 2290
 2252
 2212
 2170
 2126
 2082
 2040
 1996
 1954
 1916
 1880
 1844
 1816
 1792
 1772
 1764
 1770
 1790
 1818
 1850
 1884
 1922
 1966
 2008
 2048
 2090
 2134
 2174
 2212
 2248
 2280
 2312
 2340
 2364
 2382
 2404
 2430
 2454
 2476
 2498
 2524
 2574
 2618
 2654
 2688
 2720
 2750
 2778
 2808
 2832
 2858
 2876
 2894
 2912
 2928
 2940
 2948
 2954
 2956
 2958
 2960
 2956
 2942
 2928
 2912
 2906
 2898
 2880
 2856
 2830
 2804
 2774
 2746
 2714
 2676
 2634
 2590
 2546
 2498
 2452
 2408
 2360
 2310
 2260
 2214
 2164
 2114
 2078
 2054
 2044
 2042
 2042
 2048
 2062
 2084
 2106
 2138
 2172
 2210
 2246
 2282
 2318
 2354
 2390
 2424
 2456
 2486
 2516
 2546
 2576
 2602
 2624
 2654
 2698
 2746
 2788
 2820
 2846
 2874
 2894
 2916
 2932
 2946
 2956
 2962
 2972
 2976
 2978
 2982
 2982
 2978
 2974
 2966
 2968
 2968
 2968
 2964
 2964
 2974
 2980
 2976
 2962
 2942
 2920
 2890
 2858
 2822
 2778
 2728
 2678
 2624
 2574
 2524
 2472
 2420
 2364
 2306
 2252
 2198
 2134
 2076
 2026
 1986
 1950
 1912
 1866
 1818
 1772
 1728
 1684
 1648
 1618
 1594
 1576
 1564
 1562
 1564
 1572
 1586
 1606
 1634
 1674
 1710
 1748
 1788
 1838
 1902
 1964
 2020
 2072
 2126
 2178
 2224
 2270
 2316
 2358
 2396
 2438
 2476
 2512
 2548
 2580
 2612
 2638
 2664
 2688
 2712
 2732
 2750
 2776
 2814
 2854
 2880
 2904
 2924
 2944
 2958
 2968
 2978
 2986
 2990
 2996
 2996
 2998
 2998
 2998
 2996
 2988
 2984
 2980
 2974
 2960
 2942
 2928
 2926
 2920
 2902
 2874
 2848
 2818
 2786
 2752
 2716
 2672
 2626
 2576
 2528
 2480
 2434
 2386
 2338
 2286
 2236
 2186
 2126
 2068
 2020
 1982
 1948
 1912
 1876
 1834
 1798
 1766
 1742
 1726
 1722
 1726
 1736
 1752
 1776
 1806
 1838
 1870
 1904
 1944
 1980
 2016
 2054
 2092
 2144
 2200
 2250
 2290
 2324
 2362
 2400
 2438
 2476
 2510
 2542
 2572
 2602
 2632
 2660
 2686
 2712
 2734
 2756
 2780
 2796
 2810
 2822
 2836
 2870
 2908
 2930
 2942
 2956
 2966
 2972
 2976
 2970
 2958
 2942
 2920
 2892
 2862
 2830
 2796
 2758
 2716
 2674
 2638
 2592
 2544
 2500
 2462
 2436
 2406
 2366
 2324
 2280
 2238
 2196
 2156
 2118
 2088
 2066
 2054
 2050
 2052
 2064
 2078
 2098
 2118
 2144
 2172
 2194
 2222
 2254
 2302
 2356
 2404
 2444
 2484
 2526
 2564
 2600
 2638
 2670
 2698
 2726
 2748
 2772
 2790
 2810
 2830
 2846
 2858
 2874
 2886
 2894
 2898
 2906
 2928
 2956
 2974
 2986
 2996
 3008
 3016
 3022
 3028
 3028
 3018
 3004
 2984
 2960
 2932
 2906
 2878
 2846
 2808
 2774
 2738
 2694
 2648
 2606
 2576
 2546
 2512
 2470
 2426
 2382
 2338
 2288
 2242
 2192
 2142
 2088
 2034
 1984
 1936
 1892
 1846
 1806
 1774
 1750
 1730
 1722
 1726
 1748
 1780
 1818
 1858
 1904
 1954
 2000
 2044
 2090
 2132
 2168
 2202
 2230
 2256
 2286
 2324
 2362
 2396
 2424
 2456
 2484
 2506
 2530
 2560
 2608
 2658
 2700
 2734
 2766
 2802
 2832
 2860
 2888
 2914
 2928
 2938
 2950
 2960
 2970
 2978
 2982
 2986
 2990
 2994
 2996
 2994
 2990
 2990
 3004
 3024
 3030
 3030
 3026
 3020
 3010
 2992
 2970
 2942
 2908
 2870
 2828
 2784
 2742
 2698
 2650
 2602
 2554
 2506
 2448
 2390
 2340
 2294
 2258
 2220
 2176
 2126
 2074
 2020
 1962
 1906
 1850
 1792
 1728
 1664
 1598
 1542
 1486
 1436
 1386
 1340
 1302
 1254
 1202
 1158
 1122
 1100
 1086
 1076
 1072
 1084
 1104
 1128
 1160
 1202
 1246
 1292
 1338
 1388
 1436
 1488
 1544
 1604
 1660
 1714
 1764
 1818
 1874
 1944
 2014
 2078
 2134
 2186
 2238
 2286
 2336
 2386
 2434
 2470
 2508
 2546
 2580
 2612
 2644
 2670
 2694
 2718
 2738
 2750
 2758
 2770
 2800
 2834
 2858
 2876
 2890
 2900
 2904
 2916
 2928
 2938
 2944
 2950
 2952
 2946
 2944
 2942
 2942
 2942
 2944
 2946
 2942
 2936
 2934
 2946
 2964
 2968
 2966
 2960
 2952
 2936
 2918
 2898
 2872
 2846
 2814
 2780
 2744
 2710
 2672
 2632
 2588
 2546
 2504
 2452
 2402
 2360
 2326
 2296
 2256
 2212
 2166
 2126
 2090
 2056
 2028
 2006
 1988
 1976
 1972
 1974
 1982
 1992
 2006
 2020
 2038
 2052
 2066
 2086
 2112
 2154
 2196
 2232
 2266
 2298
 2334
 2364
 2396
 2428
 2456
 2484
 2512
 2534
 2558
 2582
 2606
 2630
 2648
 2670
 2688
 2702
 2716
 2730
 2760
 2796
 2822
 2842
 2860
 2878
 2890
 2900
 2910
 2916
 2920
 2924
 2926
 2922
 2922
 2920
 2922
 2918
 2914
 2912
 2908
 2898
 2888
 2878
 2878
 2876
 2868
 2854
 2842
 2822
 2800
 2778
 2754
 2728
 2700
 2668
 2632
 2598
 2564
 2530
 2494
 2454
 2416
 2376
 2332
 2290
 2254
 2228
 2206
 2182
 2154
 2128
 2104
 2086
 2072
 2066
 2062
 2062
 2060
 2064
 2074
 2088
 2106
 2126
 2144
 2166
 2184
 2198
 2214
 2236
 2272
 2314
 2348
 2378
 2404
 2432
 2458
 2484
 2514
 2540
 2562
 2582
 2600
 2620
 2638
 2658
 2674
 2688
 2700
 2714
 2726
 2734
 2742
 2752
 2776
 2806
 2832
 2846
 2860
 2874
 2884
 2894
 2902
 2906
 2908
 2910
 2912
 2914
 2916
 2918
 2920
 2918
 2916
 2912
 2912
 2908
 2902
 2898
 2904
 2922
 2934
 2938
 2940
 2936
 2934
 2930
 2926
 2918
 2906
 2886
 2866
 2844
 2818
 2788
 2756
 2718
 2678
 2640
 2602
 2558
 2512
 2470
 2436
 2410
 2376
 2336
 2290
 2248
 2208
 2168
 2132
 2092
 2054
 2014
 1974
 1938
 1910
 1886
 1870
 1862
 1860
 1864
 1868
 1876
 1898
 1924
 1960
 1996
 2032
 2064
 2102
 2138
 2172
 2212
 2248
 2282
 2314
 2346
 2374
 2406
 2434
 2460
 2486
 2508
 2532
 2548
 2560
 2576
 2600
 2640
 2678
 2706
 2728
 2750
 2774
 2792
 2810
 2824
 2836
 2846
 2856
 2868
 2878
 2886
 2894
 2900
 2908
 2912
 2916
 2918
 2918
 2920
 2932
 2960
 2986
 3004
 3016
 3024
 3022
 3016
 3008
 2996
 2976
 2952
 2924
 2898
 2868
 2836
 2798
 2756
 2716
 2678
 2638
 2594
 2554
 2518
 2496
 2476
 2448
 2418
 2386
 2356
 2326
 2300
 2276
 2262
 2250
 2248
 2254
 2262
 2276
 2290
 2302
 2318
 2340
 2354
 2372
 2394
 2424
 2472
 2518
 2558
 2596
 2634
 2672
 2704
 2738
 2768
 2794
 2818
 2840
 2860
 2878
 2894
 2908
 2922
 2932
 2942
 2944
 2942
 2942
 2948
 2972
 2998
 3016
 3028
 3038
 3046
 3048
 3054
 3058
 3060
 3060
 3062
 3062
 3060
 3060
 3058
 3050
 3036
 3022
 3008
 2982
 2948
 2916
 2892
 2878
 2854
 2822
 2786
 2746
 2704
 2662
 2620
 2572
 2522
 2468
 2414
 2362
 2310
 2260
 2208
 2152
 2098
 2048
 1986
 1926
 1872
 1826
 1792
 1758
 1724
 1690
 1672
 1660
 1656
 1666
 1682
 1706
 1728
 1756
 1788
 1830
 1878
 1924
 1966
 2008
 2050
 2084
 2120
 2160
 2214
 2276
 2328
 2378
 2422
 2470
 2510
 2552
 2592
 2626
 2658
 2688
 2716
 2742
 2768
 2792
 2816
 2836
 2854
 2876
 2888
 2894
 2900
 2912
 2942
 2972
 2994
 3008
 3024
 3038
 3046
 3054
 3054
 3050
 3034
 3018
 2992
 2962
 2928
 2894
 2858
 2820
 2778
 2740
 2692
 2644
 2598
 2560
 2534
 2502
 2466
 2428
 2390
 2356
 2318
 2284
 2250
 2214
 2176
 2138
 2100
 2066
 2036
 2006
 1978
 1956
 1944
 1932
 1928
 1936
 1956
 1992
 2028
 2066
 2106
 2150
 2194
 2238
 2284
 2330
 2372
 2408
 2444
 2474
 2504
 2528
 2550
 2564
 2582
 2606
 2628
 2648
 2666
 2692
 2738
 2784
 2820
 2854
 2884
 2914
 2938
 2962
 2980
 2996
 3008
 3016
 3024
 3030
 3034
 3038
 3040
 3034
 3030
 3026
 3022
 3012
 3004
 3004
 3006
 3000
 2986
 2968
 2948
 2924
 2898
 2874
 2844
 2804
 2766
 2724
 2684
 2642
 2600
 2556
 2508
 2464
 2416
 2362
 2312
 2270
 2242
 2214
 2188
 2164
 2144
 2132
 2120
 2120
 2126
 2136
 2150
 2164
 2184
 2206
 2234
 2264
 2292
 2318
 2348
 2372
 2394
 2420
 2454
 2508
 2560
 2606
 2648
 2690
 2730
 2764
 2800
 2832
 2862
 2886
 2908
 2928
 2944
 2954
 2964
 2972
 2980
 2988
 2990
 2990
 2988
 2990
 3008
 3028
 3042
 3048
 3054
 3062
 3058
 3056
 3046
 3032
 3010
 2986
 2958
 2928
 2892
 2856
 2814
 2768
 2722
 2680
 2628
 2574
 2526
 2488
 2456
 2420
 2380
 2334
 2290
 2248
 2206
 2166
 2124
 2082
 2038
 1988
 1940
 1892
 1846
 1802
 1766
 1742
 1724
 1716
 1720
 1738
 1776
 1816
 1858
 1902
 1950
 2002
 2046
 2094
 2142
 2188
 2232
 2272
 2310
 2348
 2380
 2412
 2434
 2456
 2480
 2504
 2526
 2552
 2586
 2636
 2684
 2726
 2762
 2798
 2832
 2864
 2898
 2926
 2952
 2970
 2988
 3000
 3008
 3020
 3026
 3028
 3024
 3024
 3024
 3020
 3014
 3012
 3018
 3032
 3034
 3026
 3014
 3000
 2978
 2956
 2930
 2900
 2864
 2824
 2782
 2740
 2698
 2652
 2606
 2556
 2514
 2474
 2428
 2374
 2322
 2280
 2250
 2218
 2178
 2134
 2090
 2050
 2010
 1978
 1952
 1932
 1916
 1912
 1914
 1924
 1940
 1962
 1988
 2022
 2056
 2086
 2122
 2162
 2216
 2284
 2344
 2404
 2460
 2514
 2564
 2612
 2660
 2702
 2738
 2774
 2804
 2830
 2856
 2878
 2896
 2910
 2918
 2926
 2930
 2932
 2932
 2942
 2966
 2988
 3002
 3012
 3024
 3032
 3034
 3034
 3026
 3010
 2990
 2966
 2936
 2900
 2860
 2816
 2768
 2716
 2666
 2610
 2542
 2478
 2416
 2360
 2306
 2242
 2170
 2098
 2030
 1962
 1896
 1828
 1756
 1680
 1598
 1514
 1432
 1354
 1278
 1202
 1128
 1056
 980
 908
 850
 794
 748
 700
 650
 604
 566
 544
 530
 532
 550
 572
 600
 636
 678
 730
 784
 840
 900
 966
 1032
 1094
 1162
 1236
 1324
 1412
 1496
 1574
 1650
 1726
 1796
 1864
 1932
 2000
 2062
 2124
 2184
 2240
 2296
 2346
 2392
 2432
 2470
 2504
 2530
 2554
 2580
 2620
 2670
 2712
 2744
 2776
 2804
 2828
 2854
 2880
 2900
 2916
 2932
 2942
 2948
 2956
 2962
 2966
 2968
 2966
 2966
 2966
 2964
 2960
 2958
 2976
 3000
 3014
 3022
 3028
 3034
 3040
 3046
 3052
 3052
 3046
 3038
 3028
 3012
 2988
 2962
 2936
 2904
 2870
 2840
 2804
 2766
 2726
 2696
 2676
 2650
 2618
 2582
 2544
 2506
 2464
 2424
 2378
 2334
 2286
 2238
 2190
 2140
 2096
 2050
 2008
 1970
 1942
 1916
 1894
 1888
 1894
 1914
 1940
 1966
 1994
 2028
 2062
 2096
 2134
 2172
 2210
 2242
 2274
 2308
 2342
 2370
 2400
 2428
 2454
 2480
 2506
 2524
 2542
 2566
 2602
 2646
 2682
 2712
 2738
 2764
 2786
 2808
 2828
 2850
 2864
 2876
 2888
 2896
 2900
 2908
 2912
 2916
 2920
 2920
 2918
 2916
 2912
 2914
 2928
 2952
 2968
 2980
 2988
 2994
 2998
 3004
 3012
 3018
 3018
 3018
 3020
 3018
 3020
 3018
 3016
 3010
 3006
 2998
 2984
 2968
 2948
 2938
 2936
 2926
 2910
 2888
 2866
 2838
 2802
 2766
 2730
 2688
 2646
 2604
 2560
 2516
 2472
 2422
 2374
 2324
 2278
 2224
 2166
 2120
 2078
 2050
 2020
 1984
 1948
 1914
 1882
 1856
 1838
 1826
 1822
 1822
 1828
 1844
 1868
 1894
 1924
 1952
 1984
 2012
 2034
 2052
 2074
 2114
 2162
 2202
 2238
 2274
 2308
 2342
 2380
 2416
 2452
 2486
 2516
 2546
 2574
 2598
 2624
 2648
 2668
 2690
 2706
 2720
 2732
 2742
 2766
 2804
 2832
 2858
 2874
 2890
 2908
 2920
 2930
 2940
 2946
 2952
 2956
 2958
 2962
 2964
 2966
 2964
 2960
 2958
 2956
 2948
 2938
 2936
 2944
 2950
 2950
 2942
 2932
 2920
 2904
 2892
 2874
 2846
 2816
 2780
 2740
 2702
 2660
 2618
 2572
 2520
 2468
 2416
 2356
 2296
 2246
 2202
 2166
 2126
 2082
 2034
 1990
 1942
 1896
 1854
 1812
 1772
 1732
 1696
 1668
 1652
 1646
 1646
 1654
 1668
 1686
 1704
 1728
 1760
 1806
 1856
 1904
 1954
 1998
 2046
 2088
 2128
 2168
 2208
 2244
 2280
 2314
 2352
 2388
 2420
 2450
 2478
 2506
 2532
 2550
 2568
 2588
 2624
 2670
 2704
 2732
 2756
 2780
 2802
 2824
 2842
 2862
 2878
 2890
 2904
 2916
 2924
 2930
 2932
 2936
 2940
 2944
 2942
 2938
 2934
 2940
 2962
 2984
 2996
 3006
 3014
 3014
 3008
 3002
 2990
 2974
 2954
 2930
 2906
 2878
 2852
 2822
 2788
 2746
 2708
 2668
 2620
 2574
 2536
 2510
 2482
 2450
 2412
 2380
 2352
 2318
 2282
 2246
 2208
 2168
 2126
 2086
 2044
 2006
 1972
 1940
 1916
 1900
 1890
 1884
 1890
 1908
 1942
 1980
 2020
 2064
 2108
 2156
 2198
 2236
 2280
 2326
 2372
 2412
 2446
 2480
 2516
 2552
 2584
 2612
 2638
 2656
 2670
 2684
 2702
 2740
 2778
 2812
 2842
 2868
 2890
 2908
 2924
 2940
 2952
 2958
 2962
 2962
 2964
 2966
 2968
 2964
 2952
 2936
 2918
 2886
 2856
 2824
 2802
 2782
 2748
 2706
 2664
 2626
 2586
 2548
 2506
 2462
 2416
 2366
 2320
 2272
 2226
 2182
 2136
 2092
 2054
 2008
 1966
 1932
 1910
 1898
 1892
 1890
 1892
 1900
 1912
 1926
 1952
 1984
 2018
 2048
 2078
 2110
 2142
 2176
 2210
 2246
 2280
 2310
 2332
 2354
 2378
 2420
 2468
 2504
 2538
 2572
 2604
 2634
 2664
 2694
 2722
 2744
 2764
 2782
 2802
 2820
 2838
 2852
 2864
 2876
 2888
 2894
 2898
 2900
 2910
 2934
 2956
 2970
 2978
 2990
 2996
 2998
 2998
 2990
 2978
 2956
 2932
 2902
 2866
 2824
 2778
 2728
 2674
 2620
 2564
 2506
 2444
 2390
 2348
 2308
 2264
 2214
 2160
 2112
 2062
 2012
 1968
 1920
 1872
 1822
 1776
 1732
 1694
 1666
 1644
 1634
 1634
 1636
 1646
 1672
 1712
 1766
 1818
 1870
 1918
 1972
 2022
 2074
 2126
 2178
 2228
 2276
 2318
 2356
 2396
 2432
 2464
 2490
 2520
 2552
 2580
 2598
 2618
 2650
 2700
 2748
 2786
 2818
 2848
 2876
 2902
 2928
 2948
 2966
 2976
 2988
 2994
 3000
 3006
 3002
 2990
 2972
 2952
 2924
 2892
 2856
 2828
 2808
 2782
 2746
 2706
 2664
 2624
 2576
 2532
 2484
 2430
 2370
 2308
 2248
 2190
 2130
 2068
 2006
 1942
 1876
 1810
 1758
 1724
 1710
 1704
 1706
 1712
 1728
 1758
 1788
 1826
 1872
 1918
 1968
 2018
 2064
 2110
 2154
 2194
 2234
 2274
 2312
 2336
 2360
 2386
 2424
 2468
 2492
 2500
 2504
 2510
 2510
 2516
 2522
 2526
 2528
 2528
 2532
 2532
 2536
 2536
 2532
 2530
 2524
 2516
 2506
 2506
 2522
 2550
 2574
 2596
 2614
 2634
 2654
 2676
 2700
 2722
 2736
 2752
 2770
 2786
 2802
 2822
 2840
 2860
 2872
 2884
 2892
 2910
 2942
 2972
 2994
 3010
 3026
 3040
 3050
 3064
 3076
 3082
 3078
 3072
 3056
 3038
 3016
 2984
 2944
 2898
 2850
 2814
 2786
 2750
 2704
 2660
 2614
 2568
 2522
 2476
 2424
 2376
 2324
 2272
 2216
 2166
 2114
 2066
 2012
 1958
 1920
 1902
 1904
 1912
 1922
 1936
 1960
 1992
 2022
 2062
 2104
 2148
 2194
 2242
 2288
 2336
 2384
 2436
 2488
 2526
 2556
 2588
 2622
 2678
 2736
 2780
 2816
 2852
 2886
 2912
 2942
 2966
 2984
 3000
 3012
 3024
 3032
 3042
 3048
 3052
 3054
 3056
 3054
 3048
 3040
 3044
 3062
 3072
 3068
 3062
 3054
 3036
 3010
 2984
 2950
 2910
 2860
 2806
 2750
 2696
 2642
 2588
 2528
 2470
 2414
 2354
 2290
 2226
 2176
 2140
 2106
 2064
 2016
 1970
 1924
 1874
 1826
 1784
 1744
 1708
 1680
 1660
 1654
 1658
 1666
 1684
 1714
 1750
 1790
 1826
 1866
 1908
 1968
 2032
 2088
 2138
 2188
 2240
 2288
 2342
 2394
 2442
 2484
 2526
 2564
 2602
 2638
 2674
 2704
 2732
 2756
 2784
 2806
 2822
 2838
 2858
 2894
 2936
 2966
 2988
 3006
 3026
 3038
 3050
 3064
 3074
 3080
 3076
 3070
 3058
 3044
 3024
 2998
 2968
 2934
 2902
 2860
 2810
 2762
 2722
 2692
 2658
 2616
 2566
 2516
 2464
 2412
 2362
 2312
 2252
 2194
 2130
 2066
 2004
 1942
 1880
 1820
 1758
 1700
 1636
 1566
 1512
 1466
 1436
 1414
 1398
 1394
 1402
 1420
 1444
 1478
 1522
 1572
 1620
 1672
 1722
 1776
 1828
 1878
 1924
 1972
 2022
 2064
 2106
 2146
 2200
 2264
 2322
 2376
 2424
 2472
 2514
 2554
 2594
 2628
 2662
 2690
 2720
 2750
 2778
 2804
 2830
 2854
 2874
 2894
 2910
 2918
 2926
 2946
 2982
 3014
 3034
 3050
 3062
 3068
 3064
 3054
 3030
 3000
 2962
 2922
 2878
 2830
 2778
 2720
 2660
 2600
 2538
 2460
 2378
 2298
 2230
 2164
 2094
 2016
 1936
 1856
 1782
 1712
 1640
 1568
 1496
 1420
 1344
 1272
 1204
 1134
 1076
 1022
 962
 912
 876
 856
 848
 842
 842
 844
 852
 864
 876
 896
 922
 954
 988
 1030
 1074
 1124
 1178
 1234
 1292
 1348
 1404
 1464
 1530
 1610
 1684
 1754
 1824
 1890
 1956
 2012
 2070
 2124
 2176
 2224
 2274
 2320
 2370
 2416
 2460
 2504
 2544
 2576
 2604
 2632
 2674
 2728
 2770
 2802
 2828
 2854
 2878
 2902
 2928
 2950
 2962
 2974
 2980
 2988
 2996
 3004
 3006
 3012
 3012
 3010
 3006
 3000
 3004
 3020
 3030
 3030
 3026
 3026
 3020
 3020
 3018
 3016
 3006
 2996
 2992
 2982
 2976
 2968
 2962
 2954
 2946
 2934
 2926
 2924
 2936
 2948
 2952
 2950
 2952
 2956
 2954
 2956
 2958
 2962
 2966
 2966
 2968
 2962
 2960
 2958
 2958
 2950
 2944
 2940
 2946
 2964
 2978
 2986
 2992
 3000
 3004
 3008
 3014
 3018
 3018
 3018
 3014
 3010
 3006
 3000
 2990
 2980
 2958
 2936
 2916
 2900
 2894
 2880
 2858
 2828
 2798
 2764
 2724
 2686
 2644
 2602
 2554
 2510
 2462
 2414
 2364
 2312
 2262
 2212
 2162
 2106
 2056
 2014
 1982
 1960
 1938
 1916
 1900
 1892
 1886
 1888
 1898
 1912
 1926
 1942
 1958
 1978
 2002
 2022
 2044
 2066
 2092
 2118
 2136
 2156
 2180
 2220
 2268
 2308
 2348
 2382
 2416
 2450
 2480
 2512
 2542
 2568
 2594
 2618
 2640
 2662
 2682
 2704
 2720
 2736
 2750
 2766
 2776
 2782
 2790
 2806
 2838
 2866
 2888
 2904
 2920
 2934
 2940
 2952
 2962
 2968
 2972
 2976
 2978
 2980
 2984
 2986
 2984
 2984
 2982
 2980
 2976
 2966
 2950
 2934
 2924
 2920
 2910
 2888
 2860
 2832
 2796
 2754
 2716
 2672
 2624
 2574
 2528
 2478
 2432
 2384
 2334
 2286
 2230
 2172
 2116
 2058
 1992
 1936
 1884
 1846
 1810
 1772
 1736
 1704
 1680
 1664
 1658
 1660
 1668
 1682
 1698
 1724
 1752
 1782
 1814
 1846
 1882
 1920
 1956
 1990
 2022
 2060
 2102
 2156
 2208
 2254
 2300
 2344
 2384
 2420
 2458
 2496
 2530
 2558
 2584
 2608
 2632
 2654
 2672
 2686
 2696
 2702
 2712
 2724
 2732
 2742
 2750
 2770
 2802
 2834
 2860
 2878
 2898
 2914
 2932
 2946
 2956
 2962
 2966
 2972
 2974
 2976
 2978
 2978
 2978
 2976
 2972
 2966
 2962
 2950
 2934
 2918
 2910
 2906
 2896
 2880
 2854
 2826
 2796
 2760
 2724
 2684
 2638
 2590
 2544
 2496
 2446
 2396
 2342
 2286
 2230
 2174
 2118
 2058
 1994
 1938
 1894
 1860
 1824
 1786
 1746
 1710
 1686
 1662
 1652
 1652
 1658
 1668
 1684
 1702
 1726
 1754
 1786
 1816
 1854
 1894
 1934
 1966
 2000
 2038
 2090
 2148
 2200
 2248
 2292
 2336
 2378
 2416
 2456
 2492
 2522
 2552
 2576
 2598
 2616
 2640
 2664
 2686
 2706
 2724
 2738
 2750
 2762
 2782
 2822
 2858
 2888
 2914
 2936
 2958
 2970
 2980
 2990
 2998
 2998
 3000
 3002
 3002
 3002
 3004
 3002
 2996
 2994
 2988
 2978
 2968
 2958
 2960
 2958
 2948
 2928
 2902
 2876
 2842
 2810
 2774
 2734
 2692
 2646
 2602
 2558
 2514
 2468
 2414
 2358
 2304
 2254
 2200
 2156
 2122
 2098
 2078
 2058
 2040
 2032
 2032
 2034
 2046
 2064
 2084
 2108
 2132
 2156
 2184
 2216
 2246
 2274
 2302
 2336
 2364
 2386
 2410
 2442
 2490
 2538
 2578
 2614
 2648
 2682
 2710
 2742
 2772
 2796
 2816
 2836
 2852
 2872
 2886
 2900
 2910
 2916
 2918
 2920
 2918
 2918
 2918
 2930
 2952
 2966
 2972
 2980
 2988
 2996
 3008
 3018
 3024
 3024
 3026
 3024
 3022
 3014
 3006
 2990
 2970
 2948
 2922
 2888
 2848
 2812
 2784
 2762
 2736
 2700
 2658
 2618
 2580
 2538
 2498
 2456
 2412
 2366
 2318
 2272
 2226
 2182
 2136
 2090
 2048
 2008
 1966
 1930
 1906
 1896
 1902
 1918
 1940
 1962
 1994
 2024
 2056
 2096
 2140
 2178
 2214
 2250
 2284
 2318
 2354
 2382
 2410
 2438
 2466
 2486
 2504
 2524
 2560
 2606
 2642
 2670
 2698
 2726
 2752
 2776
 2802
 2822
 2840
 2858
 2872
 2886
 2896
 2906
 2912
 2914
 2916
 2924
 2924
 2920
 2920
 2924
 2948
 2970
 2982
 2992
 3000
 3008
 3010
 3014
 3024
 3028
 3030
 3028
 3028
 3026
 3026
 3024
 3020
 3006
 2994
 2984
 2962
 2940
 2918
 2902
 2888
 2866
 2836
 2802
 2766
 2728
 2686
 2644
 2600
 2552
 2502
 2450
 2396
 2344
 2292
 2238
 2182
 2128
 2072
 2008
 1948
 1896
 1852
 1814
 1768
 1726
 1690
 1662
 1642
 1632
 1636
 1644
 1660
 1684
 1714
 1746
 1782
 1822
 1864
 1910
 1954
 1990
 2022
 2062
 2106
 2164
 2218
 2262
 2304
 2350
 2390
 2430
 2472
 2512
 2546
 2578
 2606
 2632
 2658
 2682
 2706
 2726
 2744
 2764
 2778
 2788
 2796
 2812
 2848
 2880
 2906
 2926
 2944
 2956
 2968
 2980
 2994
 3004
 3008
 3014
 3016
 3018
 3018
 3014
 3002
 2986
 2972
 2948
 2922
 2890
 2864
 2844
 2816
 2776
 2730
 2686
 2642
 2596
 2552
 2500
 2448
 2394
 2336
 2280
 2228
 2174
 2118
 2062
 2004
 1950
 1888
 1828
 1776
 1730
 1692
 1652
 1606
 1564
 1524
 1490
 1462
 1448
 1442
 1444
 1454
 1472
 1496
 1528
 1564
 1604
 1646
 1692
 1730
 1770
 1808
 1856
 1916
 1974
 2032
 2084
 2136
 2188
 2232
 2282
 2326
 2370
 2408
 2446
 2482
 2518
 2550
 2576
 2600
 2622
 2644
 2660
 2676
 2690
 2710
 2750
 2790
 2816
 2840
 2862
 2884
 2902
 2922
 2938
 2946
 2952
 2960
 2966
 2970
 2972
 2972
 2972
 2970
 2966
 2964
 2954
 2940
 2924
 2916
 2910
 2896
 2876
 2850
 2822
 2786
 2748
 2706
 2662
 2614
 2562
 2510
 2456
 2400
 2344
 2286
 2226
 2168
 2110
 2046
 1978
 1920
 1870
 1832
 1786
 1736
 1682
 1624
 1574
 1516
 1468
 1414
 1362
 1310
 1262
 1222
 1190
 1166
 1146
 1130
 1122
 1118
 1118
 1126
 1150
 1186
 1228
 1272
 1318
 1368
 1422
 1472
 1524
 1578
 1636
 1692
 1746
 1798
 1850
 1898
 1950
 1996
 2040
 2086
 2130
 2164
 2196
 2230
 2274
 2332
 2386
 2430
 2470
 2510
 2548
 2584
 2620
 2652
 2678
 2702
 2726
 2748
 2770
 2790
 2808
 2824
 2838
 2852
 2862
 2870
 2876
 2882
 2900
 2932
 2954
 2964
 2974
 2986
 2992
 2998
 3004
 3004
 2996
 2988
 2972
 2954
 2932
 2910
 2884
 2856
 2824
 2796
 2762
 2720
 2680
 2644
 2622
 2600
 2570
 2534
 2498
 2462
 2418
 2380
 2340
 2298
 2258
 2216
 2176
 2142
 2112
 2086
 2066
 2056
 2050
 2050
 2048
 2052
 2064
 2088
 2116
 2144
 2174
 2204
 2236
 2268
 2300
 2332
 2366
 2398
 2426
 2454
 2482
 2508
 2536
 2562
 2586
 2608
 2628
 2642
 2656
 2668
 2692
 2730
 2760
 2784
 2802
 2822
 2840
 2856
 2876
 2892
 2904
 2914
 2920
 2922
 2924
 2928
 2932
 2932
 2930
 2930
 2930
 2928
 2924
 2922
 2932
 2952
 2964
 2972
 2976
 2980
 2980
 2976
 2970
 2958
 2938
 2918
 2894
 2868
 2840
 2814
 2788
 2754
 2718
 2688
 2650
 2608
 2568
 2534
 2516
 2496
 2468
 2436
 2402
 2370
 2334
 2300
 2266
 2236
 2204
 2170
 2140
 2116
 2096
 2086
 2080
 2078
 2084
 2090
 2096
 2106
 2126
 2156
 2188
 2212
 2234
 2256
 2284
 2308
 2334
 2362
 2386
 2408
 2430
 2450
 2472
 2498
 2518
 2540
 2562
 2582
 2604
 2624
 2636
 2652
 2670
 2704
 2740
 2766
 2786
 2806
 2830
 2846
 2864
 2880
 2894
 2902
 2910
 2914
 2912
 2914
 2914
 2912
 2908
 2906
 2902
 2900
 2892
 2884
 2882
 2894
 2914
 2926
 2932
 2938
 2944
 2946
 2952
 2956
 2956
 2954
 2952
 2950
 2944
 2938
 2930
 2924
 2920
 2912
 2906
 2902
 2894
 2886
 2884
 2892
 2912
 2922
 2930
 2936
 2940
 2944
 2948
 2956
 2958
 2956
 2952
 2946
 2940
 2930
 2914
 2898
 2880
 2860
 2836
 2810
 2776
 2740
 2712
 2694
 2678
 2652
 2620
 2586
 2550
 2512
 2474
 2436
 2392
 2346
 2296
 2248
 2198
 2152
 2104
 2052
 2002
 1954
 1902
 1842
 1782
 1732
 1690
 1660
 1628
 1602
 1572
 1548
 1524
 1502
 1484
 1466
 1442
 1420
 1400
 1384
 1374
 1366
 1360
 1356
 1360
 1366
 1372
 1384
 1406
 1444
 1488
 1532
 1576
 1620
 1672
 1722
 1770
 1822
 1870
 1918
 1960
 2002
 2042
 2080
 2120
 2156
 2190
 2224
 2258
 2292
 2318
 2344
 2370
 2414
 2464
 2502
 2536
 2564
 2596
 2622
 2648
 2674
 2692
 2710
 2726
 2742
 2756
 2768
 2782
 2794
 2802
 2806
 2812
 2816
 2814
 2812
 2818
 2838
 2860
 2878
 2892
 2904
 2916
 2920
 2926
 2932
 2934
 2936
 2938
 2936
 2936
 2936
 2938
 2938
 2934
 2932
 2930
 2928
 2920
 2910
 2908
 2922
 2938
 2946
 2952
 2956
 2960
 2958
 2960
 2956
 2946
 2934
 2916
 2898
 2876
 2852
 2824
 2798
 2766
 2734
 2702
 2666
 2624
 2584
 2554
 2534
 2512
 2484
 2452
 2418
 2386
 2348
 2316
 2278
 2240
 2200
 2156
 2112
 2070
 2026
 1986
 1942
 1896
 1852
 1806
 1754
 1704
 1666
 1638
 1618
 1598
 1576
 1556
 1546
 1542
 1544
 1552
 1562
 1574
 1590
 1606
 1628
 1654
 1682
 1712
 1742
 1770
 1804
 1830
 1858
 1892
 1930
 1984
 2036
 2086
 2132
 2180
 2232
 2276
 2328
 2374
 2416
 2452
 2484
 2516
 2544
 2572
 2600
 2622
 2644
 2662
 2680
 2696
 2704
 2716
 2738
 2774
 2808
 2830
 2852
 2872
 2890
 2906
 2918
 2926
 2932
 2936
 2940
 2940
 2938
 2940
 2938
 2936
 2936
 2934
 2932
 2930
 2924
 2918
 2924
 2934
 2932
 2926
 2916
 2900
 2884
 2860
 2836
 2804
 2766
 2724
 2682
 2640
 2594
 2550
 2500
 2450
 2402
 2354
 2296
 2242
 2194
 2154
 2114
 2062
 2004
 1944
 1892
 1840
 1792
 1744
 1696
 1650
 1598
 1548
 1496
 1450
 1404
 1358
 1318
 1278
 1230
 1186
 1154
 1130
 1114
 1096
 1078
 1060
 1048
 1038
 1030
 1036
 1044
 1058
 1074
 1090
 1110
 1134
 1160
 1188
 1220
 1256
 1292
 1336
 1382
 1436
 1502
 1564
 1628
 1688
 1750
 1810
 1864
 1922
 1978
 2028
 2078
 2128
 2180
 2226
 2270
 2308
 2342
 2374
 2406
 2428
 2450
 2474
 2510
 2552
 2588
 2616
 2640
 2666
 2688
 2710
 2734
 2752
 2766
 2782
 2796
 2808
 2820
 2830
 2838
 2844
 2852
 2856
 2858
 2860
 2860
 2876
 2894
 2900
 2900
 2896
 2890
 2874
 2858
 2836
 2810
