91
187
278
364
453
545
638
729
820
916
1017
1115
1209
1299
1396
1498
1605
1708
1816
1924
2026
2120
2221
2329
2433
2524
2609
2702
2811
2927
3042
3150
3251
3350
3446
3541
3636
3746
3863
3971
4078
4187
4289
4383
4479
4582
4681
4774
4871
4969
5063
5148
5233
5322
5416
5508
5602
5697
5789
5877
5962
6048
6145
6249
6353
6447
6543
6643
6747
6853
6968
7079
7185
7283
7388
7496
7600
7698
7800
7907
8012
8113
8210
8304
8395
8491
8593
8694
8796
8910
9021
9124
9221
9320
9421
9525
9625
9734
9846
9954
10067
10182
10290
10390
10497
10604
10707
10798
10885
10969
11056
11170
11279
11387
11492
11604
11710
11810
11907
12008
12114
12219
12325
12431
12539
12657
12773
12886
12994
13101
13210
13320
13426
13544
13659
13765
13873
13979
14083
14177
14270
14369
14472
14570
14663
14767
14881
14994
15095
15200
15298
15398
15497
15608
15721
15829
15940
16050
16162
16259
16357
16456
16558
16664
16777
16892
16998
17106
17215
17317
17417
17517
17618
17716
17808
17904
18007
18105
18201
18300
18411
18518
18618
18716
18819
18923
19020
19115
19213
19312
19409
19503
19601
19700
19796
19882
19964
20037
20114
20227
20337
20451
20563
20670
20771
20870
20972
21076
21189
21300
21411
21521
21621
21727
21837
22045
22150
22268
22314
22383
22494
22611
22725
22831
22936
23045
23154
23254
23361
23470
23574
23673
23774
23876
23974
24092
24211
24322
24428
24535
24640
24736
24828
24923
25019
25115
25216
25320
25419
25513
25610
25708
25811
25918
26026
26134
26234
26335
26433
26529
26631
26736
26834
26924
27015
27116
27226
27334
27448
27563
27677
27782
27884
27982
28082
28184
28302
28415
28522
28629
28743
28847
28944
29051
29171
29289
29404
29513
29619
29716
29807
29903
30015
30129
30236
30354
30474
30584
30693
30797
30898
30996
31102
31213
31320
31432
31544
31650
31747
31843
31944
32045
32143
32244
32354
32459
32555
32649
32744
32840
32938
33037
33148
33264
33375
33485
33598
33710
33812
33913
34016
34130
34246
34364
34476
34581
34680
34788
34897
35001
35105
35208
35307
35401
35498
35602
35704
