69
203
400
799
1175
1682
2133
2350
2769
3167
3556
3736
4024
4236
4441
4655
4819
5018
5150
5246
5371
5589
5701
5821
6035
6376
6562
6762
6912
7067
7267
7474
7692
7846
7998
8090
8230
8369
8458
8612
8691
8801
8967
9049
9212
9322
9523
9610
9781
9962
10145
10278
10427
10592
10721
10794
10876
11038
11154
11414
11552
11678
11782
11938
12005
12210
12316
12396
12543
12687
12827
12909
13129
13345
13470
14013
14337
14549
14947
15352
15628
15859
16026
16207
16390
16596
16809
17050
17294
17545
17662
17765
17894
18320
18478
18600
18718
18903
19042
19198
19402
19536
19693
19829
19935
20119
20257
20367
20536
20605
20683
20864
21002
21080
21268
21401
21493
21744
22255
22879
23258
23466
23805
24028
24248
24481
24692
24935
25117
25233
25359
25476
25787
25904
26119
26218
26422
26642
26789
26900
27217
27356
27587
27681
27831
27933
28097
28195
28444
28628
28816
28913
29042
29159
29427
29752
29882
30088
30316
30599
30777
30983
31210
31440
31615
31751
31857
31978
32112
32252
32329
32458
32534
32625
32725
32792
32849
33042
33100
33156
33311
33438
33513
33714
33840
