29
86
144
212
268
410
574
634
850
942
1024
1170
1275
1377
1491
1595
1697
1890
1978
2276
2385
2499
2672
2764
2842
3023
3170
3261
3427
3537
3635
3732
3879
3971
4077
4139
4263
4356
4415
4469
4619
4732
5024
5087
5242
5434
5526
5611
5727
5919
6014
6280
6370
6487
6644
6740
6831
7050
7163
7258
7332
7456
7560
7655
7816
7909
8039
8193
8294
8414
8574
8662
8811
8963
9123
9190
9305
9377
9502
9609
9674
9741
9859
9972
10044
10105
10217
10326
10373
10430
10610
10694
10825
10970
11071
11343
11465
11533
11612
11783
11885
11954
12026
12176
12294
12364
12444
12552
12660
12723
12777
12926
13051
13105
13157
13209
13284
13389
13460
13524
13570
13604
13700
13817
13861
13930
13962
14088
14111
14220
14273
14333
14460
14583
14641
14694
14752
14816
14941
14992
15043
15082
15199
15226
15253
15337
15381
15474
15627
15741
15848
16044
16116
16214
16378
16481
16596
16643
16691
16886
16976
17027
17099
17266
17407
17485
17552
17622
17757
17861
17940
17998
18163
18294
18348
18413
18472
18555
18689
18758
18815
18938
19066
19116
19188
19246
19296
19369
19422
19476
19567
19591
19707
19745
19768
19802
19832
19853
19874
19893
19964
19977
20131
20147
20156
20170
20181
20191
20204
20220
20230
20245
20262
20343
20377
20499
20513
20522
20529
20536
20556
20568
20591
20602
20612
20621
20632
20641
20648
20674
20760
20771
20912
20920
20929
20945
20955
20966
20974
20985
20993
20998
21005
21016
21025
21035
21042
21051
21068
21074
21082
21097
21109
21115
21138
21150
21242
21250
21260
21377
21391
21401
21425
21435
21448
21459
21483
21494
21504
21512
21519
21525
21530
21542
21641
21650
21668
21773
21783
21797
21807
21813
21822
21832
21847
21852
21859
21865
21874
21887
21899
21932
21940
21963
21974
21989
22001
22014
22026
22171
22265
22279
22287
22418
22434
22501
22519
22539
22576
22692
22804
22865
22920
22984
23030
23139
23224
23306
23361
23399
23437
23475
23520
23608
23643
23676
23756
23790
23829
23876
23912
24040
24078
24115
24173
24263
24320
24371
24419
24459
24488
24518
24542
24572
24594
24612
24629
24640
24657
24668
24687
24703
24723
24738
24748
24791
24811
24820
24830
24838
24848
24858
24869
24940
24948
24957
24963
24968
24974
24982
24993
25008
25019
25025
25035
25039
25049
25056
25061
25066
25077
25095
25107
25120
25128
25145
25160
25172
25183
25193
25199
25206
25220
25228
25247
25259
25289
25349
25371
25393
25478
25502
25517
25543
25555
25568
25579
25600
25611
25627
25639
25648
25659
25666
25681
25689
25699
25708
25714
25719
25726
25835
25846
25852
25859
25865
25941
25955
25974
25991
26005
26016
26030
26048
26055
26067
26083
26091
26107
26117
26132
26221
26261
26336
26342
26353
26359
26392
26426
26450
26482
26599
26647
26710
26725
26777
26818
26847
26891
26932
27032
27116
27163
27218
27258
27319
27430
27467
27526
27554
27614
27650
27685
27735
27763
27902
27932
27953
27987
28007
28024
28049
28086
28109
28136
28149
28187
28201
28231
28243
28267
28387
28400
28418
28427
28433
28443
28509
28540
28548
28585
28647
28689
28695
28700
28762
28819
28879
28906
28931
28953
28962
28978
28992
29004
29035
29051
29062
29071
29097
29111
29177
29188
29195
29202
29209
29218
29228
29289
29300
29313
29323
29330
29341
29348
29357
29367
29378
29383
29388
29408
29425
29435
29445
29452
29460
29475
29489
29536
29544
29551
29568
29579
29585
29659
29672
29696
29712
29719
29728
29735
29750
29763
29793
29803
29810
29817
29827
29840
29863
29878
29894
29930
29944
29954
29961
29980
29995
30088
30097
30107
30125
30149
30162
30170
30180
30189
30214
30231
30246
30256
30264
30272
30285
30334
30349
30360
30367
30375
30385
30394
30400
30473
30482
30489
30501
30507
30517
30538
30543
30553
30558
30568
30585
30613
30631
30642
30649
30660
30728
30747
30761
30839
30849
30856
30863
30875
30881
30889
30898
30908
30924
30941
30950
30959
30972
30983
30989
30995
31006
31012
31022
31030
31037
31051
31084
31092
31101
31110
31118
31127
31133
31155
31232
31245
31253
31265
31273
31290
31314
31325
31335
31342
31347
31357
31365
31375
31386
31393
31403
31424
31429
31438
31443
31486
31491
31509
31519
31529
31541
31561
31570
31644
31661
31669
31676
31684
31695
31710
31720
31735
31745
31751
31756
31766
31771
31781
31791
31797
31808
31850
31870
31880
31893
31899
31919
31936
31944
32014
32026
32035
32064
32087
32096
32111
32125
32137
32144
32164
32185
32249
32273
32292
32302
32381
32394
32403
32422
32431
32444
32459
32473
32480
32494
32526
32538
32545
32629
32651
32735
32745
32773
32805
32827
32844
32865
32884
32993
33018
33075
33103
33179
33193
33230
33263
33284
33350
33392
33468
33487
33512
33580
33602
33631
33767
33798
33869
33956
34005
34126
34165
34203
34275
34357
34401
34455
34503
34541
34579
34616
34689
34720
34737
34841
34875
34890
34914
34976
35008
35091
35126
35242
35272
35291
35313
35328
35345
35364
35385
35409
35425
35439
35447
35456
35466
35477
35495
35508
35523
35530
35543
35556
35565
35649
35659
35674
35685
35698
35705
35718
35807
35815
35822
35836
35845
35851
35873
35884
35892
35897
35903
35910
35923
35929
35949
35959
35975
35982
35990
36006
36076
36083
36093
36101
36109
36126
36139
36228
36246
36269
36282
36292
36301
36308
36324
36342
36357
36372
36382
36389
36400
36410
36418
36424
36436
36443
36516
36522
36528
36549
36560
36568
36678
36687
36702
36718
36736
36754
36772
36791
36808
36821
36832
36895
36904
36914
36924
36934
36942
36949
36957
37077
37089
37096
37105
37122
37130
37140
37150
37162
37170
37195
37210
37218
37226
37279
37312
37321
37338
37350
37363
37468
37478
37484
37490
37499
37509
37516
37550
37571
37582
37602
37653
37666
37677
37710
37728
37778
37812
37844
37906
37920
37936
37978
38038
38069
38098
38126
38186
38218
38271
38352
38391
38423
38506
38532
38630
38675
38693
38746
38800
38822
38902
38913
38933
38969
38992
39013
39042
39085
39100
39123
39143
39170
39190
39206
39228
39269
39292
39303
39365
39377
39400
39420
39437
39462
39491
39510
39521
39557
39584
39593
39613
39624
39641
39652
39671
39682
39689
39707
39714
39730
39748
39763
39774
39781
39791
39801
39808
39820
39836
39845
39850
39867
39874
39880
39897
39965
39989
40000
40008
40028
40043
40054
40070
40081
40095
40102
40120
40128
40139
40147
40154
40158
40176
40183
40200
40205
40214
40228
40248
40257
40280
40290
40296
40303
40314
40367
40380
40397
40406
40413
40420
40455
40473
40491
40498
40529
40546
40562
40609
40637
40649
40661
40679
40688
40770
40777
40807
40816
40839
40856
40881
40900
40918
40932
40948
40960
40969
40984
40993
41001
41010
41017
41027
41036
41051
41077
41095
41103
41120
41133
41143
41200
41214
41226
41246
41255
41264
41286
41295
41308
41315
41323
41331
41341
41349
41359
41372
41383
41398
41405
41421
41428
41449
41456
41472
41487
41496
41505
41512
41529
41544
41560
41577
41629
41652
41669
41686
41711
41728
41744
41761
41769
41777
41785
41793
41805
41819
41833
41840
41846
41855
41870
41878
41906
41914
41924
41950
41963
41976
41982
41988
41996
42016
42033
42084
42100
42113
42129
42140
42154
42161
42169
42191
42200
42223
42235
42245
42263
42285
42295
42306
42318
42342
42353
42374
42395
42407
42423
42437
42447
42461
42530
42543
42553
42572
42581
42588
42604
42613
42623
42630
42638
42655
42671
42680
42698
42709
42718
42732
42740
42748
42757
42767
42778
42821
42831
42840
42846
42868
42883
42895
42908
42970
42982
42993
43005
43015
43026
43041
43048
43063
43077
43085
43092
43099
43105
43111
43120
43137
43149
43168
43190
43212
43225
43254
43283
43300
43314
43325
43336
43405
43420
43429
43458
43469
43480
43494
43508
43518
43526
43536
43545
43551
43599
43610
43617
43634
43648
43655
43664
43678
43692
43767
43777
43788
43802
43830
43837
43855
43862
43874
43879
43890
43900
43910
43957
43972
43986
44004
44024
44032
44086
44101
44111
44126
44142
44151
44163
44173
44181
44192
44200
44209
44218
44252
44263
44269
44276
44282
44307
44330
44350
44359
44369
44382
44404
44427
44449
44469
44511
44575
44659
44780
44800
44811
44823
44833
44843
44854
44873
44881
44890
44908
44919
44926
44949
44964
44981
44990
45019
45028
45038
45100
45145
45210
45220
45237
45254
45274
45291
45313
45423
45451
45471
45505
45533
45700
45718
45737
45748
45761
45810
45822
45836
45850
45865
45885
45942
45962
45974
45995
46029
46040
46191
46217
46253
46266
46289
46307
46318
46340
46356
46368
46376
46384
46392
46401
46407
46415
46425
46444
46467
46523
46546
46563
46572
46581
46590
46609
46619
46713
46723
46786
46825
46852
46890
46908
46916
46925
46944
46961
46973
46986
46997
47007
47013
47069
47077
47156
47162
47170
47179
47217
47246
47266
47282
47341
47350
47393
47411
47420
47429
47448
47457
47514
47524
47540
47577
47591
47601
47632
47652
47705
47713
47728
47759
47792
47804
47823
47836
47890
47914
47926
47937
47968
47997
48015
48027
48039
48059
48074
48141
48150
48161
48171
48182
48195
48312
48328
48335
48353
48365
48386
48399
48411
48423
48446
48455
48475
48496
48506
48527
48538
48551
48558
48570
48585
48629
48651
48667
48687
48696
48708
48732
48746
48771
48793
48822
48846
48873
48895
48906
48986
49016
49041
49055
49074
49090
49102
49110
49125
49146
49156
49167
49183
49240
49247
49265
49346
49356
49371
49386
49413
49433
49442
49478
49509
49596
49612
49696
49712
49727
49745
49760
49768
49775
49823
49830
49844
49860
49887
49940
49948
49960
49969
49984
50043
50066
50077
50084
50092
50101
50113
50136
50170
50200
50216
50341
50439
50452
50478
50513
50530
50562
50588
50611
50640
50699
50832
50869
50890
50915
50935
50979
50996
51012
51026
51039
51051
51082
51146
51301
51352
51374
51398
51411
51431
51461
51670
51705
51724
51749
51768
51788
51805
51823
51851
51862
51873
51988
52002
52010
52034
52043
52073
52107
52131
52163
52216
52330
52342
52360
52384
52404
52421
52448
52460
52477
52561
52584
52597
52610
52629
52730
52751
52780
52790
52814
52827
52852
52882
52907
52928
52982
53006
53110
53121
53135
53152
53191
53240
53252
53276
53288
53312
53328
53344
53359
53374
53402
53438
53447
53459
53474
53510
53520
53611
53625
53640
53657
53675
53687
53710
53719
53730
53770
53788
53823
53851
53898
54012
54038
54065
54080
54095
54112
54135
54154
54164
54177
54192
54201
54211
54221
54315
54322
54339
54357
54435
54447
54461
54477
54488
54496
54507
54531
54548
54554
54565
54582
54592
54601
54608
54628
54653
54667
54676
54685
54694
54715
54779
54794
54860
54869
54877
54889
54913
54923
54955
54964
54986
55008
55025
55035
55044
55108
55122
55137
55148
55163
55254
55320
55341
55455
55462
55472
55478
55489
55494
55509
55519
55533
55615
55621
55629
55645
55655
55667
55679
55686
55736
55752
55886
55905
55947
55983
56003
56013
56031
56052
56062
56071
56091
56102
56112
56127
56185
56201
56217
56227
56242
56253
56324
56333
56342
56370
56384
56439
56461
56470
56509
56528
56541
56553
56562
56576
56592
56616
56625
56647
56653
56667
56675
56689
56728
56778
56852
56876
56892
56908
56956
56999
57019
57038
57057
57081
57096
57124
57149
57167
57183
57213
57240
57276
57309
57331
57355
57377
57393
57419
57444
57456
57486
57502
57518
57533
57550
57572
57581
57596
57616
57634
57644
57655
57689
57763
57818
57838
57847
57857
57870
57892
57907
57921
57930
57938
57945
57959
57975
57985
58109
58172
58188
58202
58225
58241
58278
58293
58309
58317
58333
58399
58454
58461
58502
58513
58526
58533
58547
58557
58586
58604
58620
58633
58650
58686
58695
58706
58714
58721
58811
58821
58885
58902
58922
58941
58972
58980
58992
59010
59019
59040
59058
59067
59086
59145
59192
59205
59242
59268
59420
59451
59466
59498
59513
59525
59554
59626
59641
59656
59671
59686
59708
59725
59746
59772
59787
59814
59832
59847
59865
59886
59947
59962
59974
59987
60005
60018
60039
60061
60069
60079
60109
60141
60155
60214
60234
60297
60308
60328
60341
60355
60378
60399
60424
60448
60466
60494
60506
60527
60554
60566
60580
60596
60696
60711
60729
60743
60766
60796
60831
60840
60857
60928
60949
60999
61012
61024
61037
61051
61064
61074
61085
61112
61122
61163
61228
61247
61280
61294
61336
61354
61368
61385
61395
61415
61437
61444
61454
61462
61471
61485
61508
61534
61545
61560
61569
61580
61609
61646
61663
61673
61687
61700
61709
61791
61806
61818
61826
61836
61845
61852
61866
61882
61890
61915
61921
61929
61939
61951
61956
61973
61991
62004
62017
62023
62029
62049
62060
62074
62117
62189
62277
62343
62393
62448
62503
62544
62602
62634
62735
62762
62787
62806
62882
62911
62937
63027
63103
63123
63137
63153
63171
63205
63224
63235
63245
63265
63314
63335
63358
63370
63426
63446
63501
63512
63522
63531
63642
63652
63709
63738
63752
63761
63771
63785
63795
63805
63842
63858
63907
63922
63941
63954
63970
63993
64006
64017
64034
64046
64053
64069
64080
64086
64097
64108
64121
64138
64156
64168
64179
64230
64294
64310
64325
64333
64342
64349
64357
64374
64382
64404
64412
64419
64431
64445
64471
64479
64491
64500
64506
64516
64535
64542
64553
64563
64583
64593
64610
64625
64681
64694
64716
64723
64742
64755
64765
64780
64794
64802
64819
64824
64833
64847
64856
64865
64874
64902
64910
64918
64943
64953
64960
64979
64992
65028
65067
65077
65083
65090
65097
65106
65122
65131
65136
65146
65158
65168
65185
65198
65210
65219
65226
65242
65253
65261
65270
65278
65291
65301
65314
65324
65334
65345
65350
65358
65369
65376
65383
65388
65408
65425
65451
65502
65527
65539
65558
65585
65597
65610
65619
65635
65654
65661
65675
65687
65694
65708
65721
65733
65740
65755
65763
65772
65784
65789
65804
65813
65844
65853
65860
65866
65880
65894
65902
65911
65928
65970
65981
66002
66013
66027
66038
66047
66067
66076
66097
66107
66122
66139
66150
66166
66173
66182
66190
66204
66228
66243
66254
66260
66269
66295
66310
66316
66328
66338
66344
66353
66369
66382
66390
66416
66422
66440
66463
66475
66509
66517
66528
66545
66559
66568
66577
66585
66593
66613
66629
66638
66647
66664
66675
66683
66702
66712
66746
66751
66759
66765
66769
66775
66796
66805
66829
66848
66883
66899
66918
66929
66943
66954
66964
66979
66989
67005
