65
146
227
310
396
480
561
645
729
812
894
977
1072
1173
1270
1352
1428
1501
1581
1694
1800
1903
1994
2088
2188
2291
2394
2489
2584
2675
2766
2854
2945
3046
3155
3265
3371
3469
3566
3665
3769
3870
3977
4086
4191
4291
4396
4504
4604
4695
4787
4881
4978
5072
5172
5286
5400
5508
5618
5726
5830
5926
6030
6140
6258
6368
6478
6583
6685
6782
6885
6993
7097
7207
7322
7430
7532
7631
7737
7846
7958
8068
8184
8298
8404
8507
8615
8727
8838
8943
9057
9173
9287
9397
9507
9617
9717
9822
9931
10038
10140
10239
10336
10428
10521
10626
10737
10846
10959
11069
11174
11271
11373
11476
11571
11666
11763
11861
11956
12057
12170
12281
12385
12492
12605
12714
12815
12914
13017
13121
13224
13339
13453
13559
13654
13747
13847
13955
14059
14170
14285
14394
14496
14604
14714
14823
14922
15015
15117
15236
15349
15456
15555
15654
15753
15849
15945
16057
16163
16265
16365
16468
16571
16673
16776
16883
16987
17091
17194
17302
17411
17520
17631
17734
17841
17940
18047
18165
18273
18385
18505
18619
18725
18837
18951
19060
19158
19252
19343
19429
19513
19608
19701
19790
19886
19991
20095
20193
20297
20406
20512
20609
20694
20781
20870
20964
21056
21143
21232
21327
21428
21530
21632
21733
21827
21921
22016
22118
22223
22326
22435
22544
22651
22746
22848
22951
23057
23161
23265
23379
23493
23601
23709
23813
23911
24012
24118
24223
24323
24428
24534
24634
24727
24823
24922
25023
25122
25224
25332
25443
25545
25652
25759
25866
25967
26065
26168
26282
26393
26496
26607
26719
26828
26932
27042
27150
27248
27336
27418
27506
27611
27737
27859
27973
28093
28208
28320
28425
28535
28649
28756
28869
28980
29092
29196
29300
29400
29501
29600
29702
29813
29920
30023
30120
30216
30314
30411
30504
30597
30682
30769
30866
30970
31069
31163
31260
31358
31456
31553
31655
31765
31869
31965
32064
32174
32279
32379
32490
32601
32712
32825
32939
33052
33157
33265
33379
33491
33590
33682
33774
33868
33962
34053
34155
34266
34372
34469
34563
34655
34746
34838
34934
35030
35123
35221
35320
35415
35506
35598
35692
