6
87
178
263
349
432
587
659
738
796
859
1139
1207
1308
1447
1513
1614
1719
1826
1923
2011
2099
2197
2295
2344
2403
2501
2607
2653
2709
2763
2835
2945
3056
3170
3285
3397
3503
3609
3716
3829
3941
4069
4188
4299
4393
4478
4565
4672
4786
4891
4986
5084
5187
5286
5380
5475
5573
5671
5765
5860
5961
6062
6161
6257
6356
6453
6547
6634
6720
6809
6901
6997
7092
7196
7302
7404
7501
7600
7700
7800
7896
7996
8107
8216
8320
8412
8505
8611
8724
8837
8943
9055
9166
9269
9372
9483
9596
9708
9824
9935
10040
10137
10236
10344
10452
10552
10658
10767
10873
10973
11080
11190
11295
11393
11497
11611
11723
11831
11940
12051
12161
12272
12381
12496
12611
12720
12840
12961
13080
13190
13292
13399
13513
13623
13749
13880
14001
14121
14244
14358
14469
14573
14689
14807
14921
15040
15156
15266
15378
15488
15594
15692
15796
15902
16002
16090
16174
16265
16367
16468
16569
16665
16760
16863
16967
17069
17167
17264
17362
17458
17563
17669
17770
17862
17949
18032
18120
18227
18345
18460
18569
18684
18800
18909
19014
19112
19220
19332
19439
19534
19628
19730
19829
19924
20017
20107
20198
20289
20381
20471
20557
20645
20738
20833
20929
21024
21130
21241
21346
21446
21551
21661
21772
21883
21990
22095
22199
22296
22387
22485
22592
22702
22802
22907
23019
23131
23239
23344
23452
23560
23665
23771
23884
23995
24097
24190
24290
24411
24529
24639
24750
24857
24961
25058
25163
25269
25380
25483
25586
25692
25793
25888
25975
26059
26140
26242
26354
26467
26577
26689
26801
26909
27009
27111
27218
27329
27439
27550
27662
27773
27883
27991
28096
28204
28320
28444
28566
28682
28796
28910
29025
29135
29234
29337
29441
29536
29624
29711
29796
29883
29978
30073
30169
30269
30369
30464
30560
30665
30771
30877
30978
31084
31190
31290
31382
31468
31561
31661
31769
31873
31973
32076
32182
32286
32391
32502
32613
32722
32829
