44
150
265
381
487
583
690
803
919
1029
1147
1263
1366
1454
1547
1656
1770
1880
1980
2085
2200
2317
2426
2528
2641
2761
2881
2995
3116
3234
3346
3452
3567
3688
3801
3912
4031
4144
4248
4350
4472
4586
4693
4786
4887
5003
5119
5232
5341
5439
5547
5662
5774
5876
5968
6069
6192
6314
6431
6539
6648
6765
6878
6987
7093
7206
7326
7435
7542
7655
7771
7885
7991
8088
8203
8320
8439
8546
8638
8727
8810
8909
9037
9162
9285
9400
9510
9612
9715
9821
9933
10043
10149
10252
10354
10459
10572
10686
10801
10908
11015
11126
11233
11341
11436
11552
11678
11789
11896
11989
12089
12195
12301
12402
12518
12635
12744
12847
12957
13070
13175
13276
13389
13504
13609
13719
13829
13940
14045
14161
14276
14382
14492
14601
14710
14806
14901
15016
15134
15251
15359
15471
15578
15683
15782
15887
15994
16102
16212
16321
16427
16529
16640
16750
16854
16957
17061
17164
17269
17381
17495
17608
17719
17832
17943
18050
18147
18236
18327
18445
18565
18681
18780
18872
18967
19070
19167
19266
19368
19472
19569
19673
19780
19887
19987
20086
20193
20298
20398
20501
20613
20726
20828
20932
21040
21152
21257
21368
21481
21590
21692
21800
21914
22021
22133
22242
22352
22461
22573
22684
22790
22901
23010
23116
23228
23344
23454
23555
23663
23773
23877
23984
24095
24205
24311
24423
24539
24651
24760
24865
24974
25082
25183
25287
25397
25503
25596
25687
25798
25919
26033
26136
26240
26344
26448
26568
26687
26795
26891
26992
27102
27215
27323
27431
27546
27660
27762
27850
27935
28022
28146
28271
28396
28519
28635
28751
28864
28974
29080
29192
29306
29420
29532
29644
29757
29866
29974
30075
30183
30293
30405
30513
30633
30747
30849
30939
31032
31138
31254
31366
31471
31584
31694
31799
31894
31999
32114
32229
32341
32456
32566
32671
32774
32884
32992
33098
33204
33318
33426
33524
33628
33745
33862
33970
34084
34199
34304
34395
34487
34589
34700
34811
34915
35022
35127
35229
35334
35437
35540
35640
35748
