74
168
266
365
461
552
639
726
820
917
1015
1112
1214
1320
1427
1527
1616
1700
1774
1856
1975
2092
2213
2329
2441
2549
2652
2753
2861
2972
3085
3195
3301
3405
3504
3612
3726
3835
3938
4050
4161
4264
4367
4477
4580
4677
4767
4860
4959
5064
5169
5270
5372
5471
5566
5658
5752
5847
5940
6034
6135
6236
6334
6429
6526
6621
6716
6807
6906
7009
7111
7211
7319
7427
7526
7631
7737
7843
7945
8059
8168
8273
8372
8476
8588
8702
8805
8915
9025
9130
9234
9349
9463
9568
9678
9793
9904
10001
10097
10193
10286
10380
10484
10590
10691
10795
10901
11003
11108
11217
11320
11419
11517
11621
11732
11836
11937
12046
12157
12258
12348
12442
12546
12652
12754
12851
12957
13063
13162
13257
13357
13461
13557
13655
13753
13848
13939
14034
14137
14240
14343
14448
14549
14641
14726
14812
14904
15020
15133
15239
15345
15454
15563
15672
15777
15879
15983
16086
16194
16307
16413
16519
16625
16735
16843
16959
17074
17187
17288
17396
17506
17611
17715
17829
17953
18066
18171
18278
18386
18492
18591
18694
18802
18909
19019
19126
19229
19324
19421
19521
19622
19725
19840
19946
20044
20136
20231
20333
20435
20552
20668
20778
20878
20975
21082
21193
21299
21397
21501
21613
21721
21822
21919
22014
22106
22197
22287
22378
22469
22556
22641
22725
22814
22904
22993
23081
23164
23251
23342
23437
23532
23630
23730
23828
23924
24017
24118
24228
24335
24444
24555
24657
24754
24847
24951
25062
25166
25273
25382
25487
25587
25699
25808
25911
26014
26121
26222
26312
26398
26479
26573
26699
26814
26924
27028
27131
27234
27337
27436
27536
27642
27752
27858
27967
28068
28164
28259
28353
28460
28574
28685
28793
28901
29009
29118
29234
29351
29463
29570
29673
29779
29893
30006
30113
30223
30340
30451
30552
30649
30751
30858
30963
31070
31181
31292
31391
31497
31602
31705
31803
31910
32020
32122
32227
32330
32429
32527
32634
32747
32854
32955
33061
33170
33275
33377
33482
33582
33677
33777
33884
33991
34099
34216
34330
34435
34550
34659
34761
34861
34961
35070
35176
35278
35382
35489
35589
35677
35759
