 2866
 2886
 2908
 2926
 2946
 2954
 2960
 2964
 2966
 2972
 2980
 2980
 2984
 2984
 2984
 2982
 2978
 2974
 2972
 2970
 2970
 2966
 2968
 2966
 2964
 2958
 2948
 2946
 2958
 2968
 2978
 2986
 2990
 2990
 2982
 2972
 2960
 2942
 2924
 2904
 2880
 2852
 2824
 2792
 2762
 2732
 2702
 2670
 2636
 2604
 2564
 2522
 2486
 2448
 2422
 2390
 2358
 2322
 2284
 2242
 2202
 2160
 2120
 2080
 2040
 1998
 1952
 1908
 1866
 1830
 1806
 1790
 1790
 1798
 1814
 1834
 1866
 1902
 1948
 1994
 2044
 2094
 2136
 2174
 2210
 2244
 2276
 2306
 2338
 2368
 2394
 2420
 2444
 2468
 2492
 2512
 2536
 2558
 2574
 2588
 2604
 2630
 2660
 2688
 2714
 2740
 2762
 2780
 2794
 2808
 2824
 2834
 2846
 2854
 2862
 2870
 2876
 2884
 2890
 2896
 2900
 2900
 2896
 2896
 2896
 2910
 2924
 2940
 2956
 2968
 2974
 2976
 2976
 2982
 2988
 2990
 2992
 2994
 2994
 2996
 2994
 2992
 2996
 2998
 3000
 3004
 3006
 3004
 3002
 3000
 3006
 3022
 3032
 3044
 3056
 3058
 3058
 3054
 3054
 3052
 3044
 3034
 3020
 3006
 2986
 2966
 2946
 2924
 2902
 2880
 2854
 2826
 2802
 2772
 2736
 2702
 2672
 2642
 2622
 2594
 2566
 2534
 2498
 2458
 2414
 2370
 2328
 2282
 2230
 2176
 2120
 2064
 2004
 1938
 1868
 1802
 1740
 1682
 1628
 1574
 1520
 1476
 1438
 1414
 1400
 1396
 1398
 1404
 1418
 1442
 1470
 1510
 1552
 1594
 1644
 1692
 1746
 1800
 1852
 1904
 1958
 2014
 2064
 2118
 2164
 2204
 2238
 2270
 2308
 2350
 2390
 2430
 2468
 2500
 2530
 2558
 2584
 2610
 2636
 2656
 2678
 2696
 2714
 2734
 2750
 2768
 2784
 2802
 2818
 2832
 2846
 2856
 2864
 2868
 2886
 2904
 2916
 2934
 2946
 2956
 2962
 2966
 2974
 2982
 2988
 2990
 2990
 2988
 2986
 2988
 2990
 2990
 2984
 2972
 2958
 2936
 2908
 2876
 2842
 2802
 2758
 2714
 2682
 2644
 2606
 2568
 2526
 2480
 2432
 2380
 2330
 2278
 2220
 2156
 2090
 2020
 1948
 1874
 1798
 1722
 1646
 1570
 1490
 1404
 1314
 1212
 1118
 1026
 934
 840
 736
 622
 496
 360
 222
 88
 0
 0
 0
 0
 0
 0
 0
 0
 0
 0
 0
 0
 0
 0
 0
 0
 0
 0
 0
 0
 0
 0
 0
 0
 0
 0
 0
 0
 0
 0
 0
 0
 0
 0
 0
 0
 0
 0
 0
 0
 0
 0
 0
 0
 0
 0
 0
 0
 0
 0
 0
 0
 0
 0
 0
 0
 0
 30
 92
 176
 258
 334
 412
 492
 570
 648
 720
 798
 870
 942
 1008
 1072
 1134
 1192
 1250
 1308
 1366
 1420
 1472
 1528
 1582
 1630
 1690
 1752
 1812
 1874
 1930
 1982
 2032
 2074
 2118
 2160
 2198
 2234
 2268
 2298
 2326
 2352
 2378
 2408
 2436
 2462
 2490
 2514
 2540
 2564
 2588
 2606
 2624
 2656
 2686
 2716
 2746
 2768
 2788
 2806
 2816
 2826
 2842
 2852
 2860
 2870
 2880
 2884
 2886
 2888
 2890
 2890
 2892
 2896
 2898
 2902
 2904
 2902
 2900
 2896
 2898
 2912
 2924
 2936
 2946
 2954
 2958
 2962
 2960
 2962
 2960
 2960
 2960
 2958
 2956
 2952
 2948
 2946
 2944
 2938
 2938
 2938
 2936
 2936
 2934
 2930
 2924
 2918
 2920
 2928
 2932
 2940
 2946
 2948
 2948
 2944
 2940
 2936
 2928
 2918
 2904
 2886
 2868
 2848
 2826
 2802
 2778
 2754
 2728
 2702
 2674
 2648
 2618
 2586
 2552
 2524
 2500
 2480
 2456
 2436
 2412
 2384
 2356
 2328
 2300
 2274
 2248
 2224
 2202
 2186
 2174
 2170
 2170
 2174
 2184
 2198
 2216
 2238
 2264
 2286
 2308
 2330
 2356
 2394
 2428
 2464
 2498
 2526
 2554
 2578
 2598
 2618
 2634
 2646
 2658
 2668
 2680
 2688
 2700
 2712
 2722
 2736
 2748
 2764
 2782
 2794
 2804
 2810
 2818
 2838
 2860
 2878
 2898
 2912
 2918
 2926
 2930
 2936
 2938
 2938
 2938
 2938
 2936
 2936
 2932
 2932
 2932
 2932
 2932
 2930
 2930
 2932
 2930
 2924
 2920
 2922
 2934
 2946
 2954
 2960
 2964
 2966
 2966
 2964
 2964
 2962
 2958
 2952
 2944
 2930
 2916
 2898
 2880
 2860
 2838
 2818
 2794
 2768
 2740
 2708
 2680
 2652
 2632
 2612
 2590
 2568
 2540
 2512
 2482
 2448
 2416
 2380
 2342
 2302
 2258
 2212
 2166
 2122
 2080
 2040
 2000
 1964
 1930
 1902
 1884
 1874
 1882
 1898
 1924
 1954
 1988
 2026
 2062
 2096
 2134
 2168
 2196
 2228
 2256
 2284
 2310
 2338
 2366
 2396
 2424
 2450
 2470
 2490
 2510
 2540
 2570
 2596
 2624
 2648
 2668
 2686
 2698
 2712
 2728
 2740
 2752
 2760
 2766
 2772
 2780
 2786
 2794
 2802
 2808
 2816
 2822
 2824
 2830
 2848
 2868
 2886
 2906
 2920
 2926
 2932
 2932
 2936
 2942
 2940
 2938
 2934
 2932
 2930
 2928
 2924
 2924
 2922
 2922
 2920
 2920
 2918
 2914
 2910
 2912
 2924
 2932
 2942
 2950
 2948
 2942
 2932
 2924
 2914
 2898
 2882
 2866
 2844
 2826
 2804
 2778
 2752
 2728
 2700
 2676
 2654
 2628
 2604
 2578
 2546
 2514
 2484
 2458
 2440
 2418
 2400
 2378
 2352
 2328
 2300
 2274
 2250
 2230
 2212
 2198
 2188
 2184
 2182
 2184
 2190
 2202
 2216
 2238
 2260
 2284
 2304
 2322
 2338
 2358
 2380
 2414
 2448
 2480
 2510
 2538
 2566
 2590
 2610
 2632
 2652
 2670
 2688
 2704
 2720
 2732
 2746
 2758
 2768
 2780
 2788
 2798
 2810
 2818
 2828
 2836
 2842
 2848
 2864
 2886
 2902
 2920
 2936
 2948
 2958
 2962
 2968
 2974
 2978
 2982
 2984
 2982
 2980
 2978
 2976
 2974
 2970
 2968
 2966
 2966
 2960
 2954
 2948
 2942
 2936
 2938
 2950
 2956
 2964
 2970
 2970
 2968
 2958
 2946
 2934
 2914
 2890
 2868
 2842
 2814
 2788
 2758
 2726
 2696
 2662
 2632
 2602
 2570
 2540
 2506
 2466
 2428
 2394
 2366
 2342
 2314
 2288
 2254
 2216
 2178
 2136
 2098
 2064
 2032
 2002
 1976
 1954
 1942
 1936
 1940
 1956
 1976
 2004
 2036
 2070
 2102
 2136
 2170
 2210
 2256
 2300
 2346
 2392
 2428
 2466
 2498
 2530
 2562
 2594
 2620
 2646
 2670
 2692
 2714
 2734
 2752
 2770
 2788
 2804
 2816
 2828
 2836
 2846
 2868
 2886
 2902
 2918
 2930
 2940
 2948
 2952
 2958
 2966
 2970
 2972
 2970
 2966
 2964
 2960
 2954
 2950
 2946
 2940
 2936
 2928
 2916
 2902
 2894
 2886
 2874
 2858
 2836
 2810
 2782
 2748
 2718
 2686
 2650
 2612
 2572
 2530
 2486
 2438
 2390
 2342
 2296
 2248
 2198
 2152
 2104
 2052
 2000
 1942
 1886
 1834
 1786
 1738
 1684
 1628
 1570
 1510
 1454
 1396
 1350
 1310
 1272
 1242
 1212
 1180
 1146
 1110
 1074
 1042
 1010
 986
 974
 972
 976
 990
 1014
 1056
 1112
 1184
 1266
 1354
 1450
 1544
 1638
 1726
 1808
 1888
 1962
 2032
 2094
 2152
 2208
 2262
 2310
 2356
 2396
 2436
 2478
 2514
 2548
 2582
 2612
 2638
 2662
 2678
 2702
 2734
 2764
 2796
 2822
 2844
 2862
 2878
 2890
 2904
 2914
 2918
 2918
 2916
 2916
 2914
 2916
 2914
 2912
 2910
 2910
 2904
 2898
 2894
 2892
 2890
 2888
 2886
 2884
 2882
 2880
 2874
 2882
 2892
 2898
 2902
 2896
 2884
 2866
 2844
 2816
 2784
 2746
 2704
 2660
 2612
 2564
 2518
 2470
 2420
 2372
 2322
 2270
 2224
 2176
 2128
 2080
 2028
 1972
 1926
 1880
 1848
 1816
 1782
 1752
 1714
 1674
 1636
 1598
 1566
 1536
 1512
 1492
 1478
 1476
 1480
 1494
 1518
 1552
 1592
 1640
 1690
 1744
 1794
 1842
 1886
 1938
 1992
 2052
 2108
 2162
 2214
 2264
 2310
 2352
 2394
 2440
 2482
 2524
 2560
 2592
 2624
 2656
 2686
 2714
 2740
 2768
 2792
 2816
 2840
 2862
 2880
 2896
 2908
 2928
 2952
 2968
 2986
 3000
 3008
 3018
 3020
 3022
 3028
 3030
 3032
 3028
 3022
 3014
 3006
 2998
 2982
 2962
 2940
 2914
 2886
 2854
 2816
 2776
 2736
 2702
 2676
 2642
 2610
 2574
 2534
 2492
 2446
 2404
 2360
 2316
 2268
 2218
 2162
 2108
 2054
 1998
 1946
 1898
 1846
 1798
 1754
 1708
 1660
 1624
 1592
 1580
 1582
 1596
 1622
 1660
 1704
 1756
 1806
 1862
 1918
 1974
 2028
 2076
 2122
 2166
 2212
 2258
 2302
 2342
 2382
 2418
 2450
 2482
 2506
 2536
 2576
 2612
 2650
 2686
 2714
 2744
 2766
 2786
 2808
 2828
 2844
 2858
 2870
 2878
 2888
 2894
 2898
 2900
 2908
 2912
 2918
 2922
 2922
 2922
 2926
 2938
 2952
 2966
 2978
 2986
 2990
 2990
 2986
 2988
 2986
 2978
 2966
 2952
 2932
 2910
 2884
 2858
 2830
 2800
 2770
 2738
 2706
 2674
 2638
 2600
 2564
 2534
 2508
 2476
 2448
 2414
 2374
 2334
 2292
 2250
 2210
 2168
 2126
 2078
 2028
 1976
 1926
 1876
 1832
 1796
 1770
 1758
 1760
 1772
 1794
 1830
 1872
 1926
 1988
 2050
 2114
 2174
 2230
 2280
 2324
 2370
 2414
 2452
 2486
 2516
 2542
 2566
 2588
 2606
 2624
 2642
 2660
 2674
 2688
 2700
 2712
 2722
 2734
 2760
 2780
 2802
 2824
 2842
 2858
 2872
 2882
 2896
 2906
 2918
 2928
 2934
 2936
 2938
 2942
 2944
 2946
 2948
 2952
 2954
 2960
 2962
 2962
 2960
 2956
 2958
 2966
 2970
 2976
 2980
 2974
 2964
 2944
 2924
 2902
 2876
 2848
 2820
 2788
 2754
 2718
 2682
 2648
 2612
 2576
 2540
 2504
 2470
 2428
 2388
 2350
 2314
 2286
 2254
 2224
 2188
 2148
 2108
 2066
 2022
 1984
 1944
 1906
 1862
 1822
 1786
 1756
 1744
 1742
 1758
 1786
 1824
 1864
 1912
 1960
 2014
 2078
 2138
 2198
 2252
 2300
 2348
 2390
 2426
 2462
 2496
 2524
 2548
 2570
 2590
 2608
 2626
 2646
 2664
 2682
 2696
 2710
 2722
 2730
 2754
 2774
 2798
 2822
 2840
 2856
 2870
 2878
 2888
 2898
 2904
 2910
 2906
 2902
 2900
 2898
 2898
 2898
 2896
 2898
 2898
 2898
 2894
 2886
 2878
 2878
 2874
 2866
 2856
 2840
 2822
 2804
 2782
 2760
 2734
 2704
 2672
 2638
 2602
 2564
 2524
 2488
 2452
 2414
 2376
 2340
 2300
 2262
 2220
 2174
 2132
 2090
 2058
 2022
 1986
 1950
 1902
 1852
 1798
 1746
 1700
 1656
 1610
 1568
 1526
 1492
 1466
 1454
 1450
 1458
 1474
 1498
 1532
 1574
 1614
 1662
 1710
 1768
 1834
 1898
 1960
 2018
 2072
 2122
 2164
 2210
 2252
 2292
 2332
 2368
 2400
 2428
 2454
 2476
 2502
 2524
 2546
 2568
 2588
 2604
 2620
 2630
 2646
 2674
 2696
 2722
 2744
 2764
 2782
 2800
 2812
 2828
 2842
 2854
 2864
 2872
 2878
 2886
 2892
 2896
 2900
 2902
 2902
 2900
 2902
 2902
 2902
 2898
 2890
 2886
 2888
 2900
 2908
 2918
 2930
 2928
 2926
 2918
 2906
 2892
 2872
 2848
 2822
 2788
 2754
 2720
 2684
 2652
 2618
 2582
 2546
 2510
 2474
 2436
 2400
 2360
 2318
 2276
 2238
 2200
 2170
 2134
 2096
 2056
 2012
 1966
 1918
 1870
 1822
 1770
 1716
 1660
 1606
 1558
 1516
 1488
 1478
 1478
 1494
 1520
 1554
 1592
 1634
 1682
 1734
 1788
 1854
 1916
 1980
 2042
 2102
 2158
 2214
 2264
 2310
 2354
 2394
 2430
 2464
 2496
 2524
 2552
 2578
 2604
 2630
 2652
 2674
 2696
 2712
 2724
 2736
 2760
 2786
 2814
 2840
 2862
 2878
 2894
 2904
 2916
 2926
 2936
 2940
 2938
 2938
 2936
 2936
 2936
 2936
 2936
 2934
 2932
 2930
 2918
 2902
 2880
 2860
 2842
 2820
 2794
 2766
 2734
 2700
 2664
 2626
 2590
 2552
 2510
 2466
 2418
 2370
 2322
 2272
 2224
 2176
 2130
 2084
 2034
 1990
 1950
 1914
 1886
 1858
 1830
 1802
 1772
 1750
 1734
 1734
 1742
 1758
 1780
 1806
 1840
 1876
 1918
 1966
 2018
 2070
 2122
 2172
 2214
 2258
 2300
 2350
 2394
 2442
 2488
 2528
 2566
 2594
 2624
 2656
 2682
 2706
 2728
 2746
 2762
 2780
 2798
 2814
 2832
 2848
 2864
 2876
 2888
 2896
 2896
 2898
 2914
 2928
 2944
 2960
 2970
 2978
 2982
 2986
 2992
 2992
 2992
 2990
 2988
 2980
 2974
 2968
 2966
 2964
 2960
 2952
 2950
 2946
 2944
 2938
 2930
 2928
 2932
 2928
 2922
 2906
 2886
 2862
 2832
 2804
 2774
 2738
 2702
 2664
 2618
 2574
 2530
 2484
 2442
 2398
 2358
 2316
 2276
 2236
 2192
 2148
 2110
 2074
 2050
 2022
 1998
 1972
 1942
 1912
 1886
 1866
 1860
 1860
 1870
 1886
 1906
 1932
 1960
 1996
 2038
 2084
 2132
 2178
 2226
 2272
 2314
 2352
 2388
 2424
 2474
 2520
 2566
 2612
 2650
 2684
 2714
 2740
 2764
 2788
 2808
 2828
 2844
 2856
 2868
 2878
 2886
 2894
 2902
 2908
 2912
 2914
 2918
 2918
 2920
 2916
 2912
 2918
 2932
 2944
 2958
 2968
 2972
 2978
 2978
 2980
 2984
 2984
 2982
 2982
 2980
 2972
 2968
 2962
 2958
 2948
 2932
 2916
 2900
 2880
 2860
 2834
 2804
 2772
 2742
 2720
 2700
 2676
 2654
 2626
 2594
 2562
 2528
 2492
 2458
 2422
 2382
 2338
 2290
 2244
 2194
 2146
 2096
 2052
 2006
 1966
 1926
 1888
 1844
 1810
 1784
 1768
 1762
 1762
 1772
 1790
 1814
 1846
 1884
 1926
 1976
 2028
 2078
 2128
 2176
 2224
 2272
 2318
 2364
 2406
 2448
 2486
 2518
 2546
 2572
 2610
 2648
 2686
 2722
 2754
 2782
 2806
 2822
 2842
 2860
 2876
 2890
 2902
 2910
 2916
 2916
 2918
 2920
 2922
 2924
 2922
 2916
 2910
 2904
 2912
 2922
 2932
 2944
 2956
 2962
 2968
 2968
 2970
 2974
 2976
 2972
 2962
 2948
 2930
 2910
 2884
 2858
 2832
 2804
 2772
 2744
 2710
 2674
 2638
 2604
 2576
 2546
 2516
 2484
 2448
 2408
 2368
 2322
 2278
 2238
 2192
 2148
 2102
 2052
 2004
 1954
 1904
 1860
 1820
 1788
 1764
 1750
 1744
 1744
 1754
 1780
 1818
 1866
 1916
 1972
 2028
 2080
 2130
 2174
 2212
 2252
 2286
 2318
 2346
 2370
 2388
 2404
 2420
 2436
 2454
 2474
 2494
 2516
 2540
 2562
 2584
 2606
 2624
 2656
 2686
 2718
 2752
 2780
 2804
 2824
 2842
 2860
 2876
 2886
 2896
 2900
 2902
 2906
 2910
 2916
 2918
 2918
 2920
 2926
 2932
 2936
 2942
 2942
 2944
 2942
 2946
 2960
 2970
 2980
 2990
 2994
 2996
 2994
 2992
 2990
 2980
 2964
 2942
 2918
 2890
 2858
 2822
 2788
 2750
 2714
 2678
 2642
 2602
 2562
 2520
 2474
 2428
 2384
 2348
 2312
 2272
 2232
 2184
 2136
 2090
 2040
 1992
 1944
 1894
 1844
 1788
 1730
 1670
 1610
 1552
 1498
 1450
 1414
 1390
 1376
 1376
 1390
 1418
 1454
 1504
 1562
 1626
 1692
 1756
 1820
 1884
 1946
 2008
 2068
 2122
 2174
 2222
 2266
 2308
 2346
 2388
 2430
 2472
 2510
 2542
 2570
 2596
 2618
 2646
 2682
 2714
 2750
 2780
 2806
 2826
 2844
 2860
 2878
 2890
 2902
 2908
 2910
 2912
 2916
 2918
 2918
 2920
 2922
 2922
 2926
 2928
 2926
 2924
 2922
 2932
 2946
 2954
 2966
 2972
 2978
 2976
 2968
 2960
 2948
 2930
 2908
 2882
 2854
 2822
 2790
 2760
 2726
 2692
 2654
 2620
 2582
 2546
 2506
 2462
 2418
 2376
 2338
 2308
 2272
 2236
 2196
 2150
 2106
 2062
 2020
 1982
 1942
 1904
 1862
 1820
 1782
 1752
 1734
 1730
 1742
 1768
 1806
 1852
 1908
 1960
 2014
 2072
 2124
 2184
 2244
 2302
 2360
 2408
 2452
 2492
 2526
 2558
 2588
 2614
 2634
 2654
 2670
 2684
 2700
 2714
 2730
 2744
 2760
 2774
 2790
 2808
 2822
 2832
 2840
 2844
 2846
 2862
 2876
 2890
 2908
 2914
 2920
 2926
 2930
 2936
 2944
 2946
 2948
 2950
 2950
 2950
 2948
 2948
 2948
 2942
 2930
 2916
 2894
 2872
 2846
 2812
 2774
 2736
 2700
 2670
 2636
 2604
 2574
 2542
 2508
 2476
 2444
 2414
 2384
 2348
 2310
 2266
 2222
 2176
 2126
 2080
 2040
 2002
 1962
 1928
 1890
 1844
 1804
 1776
 1754
 1752
 1754
 1770
 1792
 1822
 1862
 1908
 1954
 2002
 2052
 2098
 2142
 2184
 2226
 2264
 2302
 2342
 2378
 2414
 2448
 2480
 2508
 2530
 2554
 2584
 2618
 2650
 2684
 2712
 2736
 2762
 2780
 2798
 2818
 2832
 2846
 2860
 2870
 2878
 2888
 2892
 2896
 2902
 2906
 2912
 2916
 2916
 2914
 2912
 2926
 2934
 2942
 2954
 2964
 2970
 2972
 2974
 2978
 2980
 2978
 2972
 2960
 2944
 2924
 2904
 2876
 2848
 2818
 2782
 2746
 2710
 2666
 2622
 2580
 2542
 2512
 2478
 2444
 2404
 2360
 2314
 2268
 2222
 2178
 2132
 2084
 2030
 1974
 1914
 1854
 1796
 1740
 1686
 1636
 1590
 1550
 1516
 1492
 1486
 1496
 1528
 1570
 1620
 1672
 1724
 1782
 1838
 1896
 1958
 2016
 2072
 2124
 2174
 2220
 2264
 2310
 2358
 2406
 2454
 2498
 2540
 2574
 2602
 2624
 2640
 2672
 2706
 2742
 2778
 2810
 2836
 2856
 2870
 2882
 2896
 2900
 2900
 2904
 2906
 2908
 2908
 2908
 2908
 2906
 2906
 2904
 2904
 2904
 2904
 2900
 2894
 2890
 2896
 2904
 2914
 2920
 2916
 2908
 2894
 2876
 2856
 2832
 2806
 2776
 2744
 2708
 2672
 2632
 2592
 2548
 2504
 2462
 2418
 2374
 2332
 2290
 2244
 2196
 2152
 2108
 2076
 2040
 2004
 1970
 1930
 1896
 1856
 1820
 1792
 1764
 1744
 1732
 1728
 1732
 1746
 1770
 1800
 1838
 1880
 1928
 1978
 2032
 2088
 2136
 2180
 2224
 2264
 2312
 2364
 2410
 2460
 2508
 2552
 2592
 2624
 2654
 2686
 2712
 2736
 2756
 2774
 2792
 2806
 2818
 2830
 2840
 2852
 2862
 2872
 2882
 2888
 2892
 2892
 2892
 2890
 2904
 2916
 2928
 2942
 2948
 2952
 2948
 2938
 2926
 2906
 2880
 2852
 2818
 2780
 2742
 2702
 2662
 2620
 2580
 2536
 2494
 2450
 2408
 2364
 2314
 2268
 2224
 2186
 2148
 2108
 2068
 2026
 1980
 1934
 1888
 1846
 1802
 1754
 1706
 1654
 1604
 1562
 1526
 1508
 1506
 1516
 1542
 1580
 1626
 1676
 1732
 1794
 1860
 1932
 2000
 2070
 2134
 2194
 2250
 2300
 2346
 2394
 2436
 2478
 2514
 2548
 2578
 2606
 2634
 2656
 2680
 2704
 2728
 2750
 2766
 2784
 2796
 2812
 2836
 2860
 2886
 2910
 2928
 2944
 2954
 2960
 2962
 2968
 2970
 2972
 2970
 2968
 2964
 2964
 2962
 2956
 2950
 2944
 2942
 2940
 2934
 2928
 2914
 2898
 2888
 2876
 2858
 2838
 2814
 2782
 2752
 2714
 2676
 2636
 2592
 2548
 2498
 2446
 2390
 2334
 2276
 2222
 2168
 2114
 2056
 1998
 1936
 1864
 1798
 1732
 1672
 1614
 1550
 1486
 1414
 1336
 1258
 1178
 1100
 1026
 958
 894
 836
 790
 758
 752
 766
 794
 836
 888
 946
 1010
 1084
 1162
 1252
 1342
 1432
 1516
 1596
 1668
 1734
 1794
 1852
 1908
 1960
 2012
 2062
 2102
 2144
 2182
 2224
 2268
 2310
 2350
 2388
 2426
 2462
 2512
 2556
 2600
 2640
 2674
 2708
 2736
 2760
 2786
 2810
 2830
 2846
 2860
 2872
 2882
 2890
 2896
 2904
 2904
 2900
 2896
 2890
 2896
 2908
 2920
 2934
 2948
 2954
 2958
 2956
 2958
 2960
 2962
 2952
 2936
 2918
 2892
 2866
 2836
 2800
 2766
 2728
 2688
 2646
 2608
 2570
 2542
 2510
 2478
 2448
 2410
 2372
 2330
 2288
 2250
 2208
 2164
 2114
 2056
 1990
 1920
 1848
 1774
 1696
 1616
 1536
 1450
 1362
 1276
 1182
 1078
 964
 840
 710
 574
 434
 290
 148
 12
 0
 0
 0
 0
 0
 0
 0
 0
 0
 0
 0
 0
 0
 0
 0
 0
 0
 0
 0
 0
 0
 0
 0
 0
 0
 0
 0
 0
 0
 0
 0
 0
 0
 0
 0
 0
 0
 0
 0
 0
 0
 138
 306
 464
 610
 744
 864
 982
 1094
 1204
 1308
 1404
 1490
 1572
 1654
 1730
 1824
 1918
 2014
 2106
 2188
 2258
 2318
 2366
 2416
 2468
 2514
 2554
 2588
 2620
 2648
 2674
 2698
 2722
 2746
 2768
 2784
 2798
 2806
 2814
 2834
 2856
 2876
 2900
 2914
 2924
 2932
 2936
 2944
 2950
 2954
 2956
 2958
 2958
 2956
 2954
 2954
 2956
 2956
 2956
 2958
 2958
 2960
 2962
 2956
 2948
 2944
 2950
 2960
 2970
 2982
 2990
 2996
 3000
 3000
 3002
 3004
 3004
 3004
 3002
 2998
 2992
 2988
 2984
 2978
 2970
 2964
 2960
 2958
 2956
 2952
 2946
 2942
 2936
 2938
 2948
 2956
 2968
 2976
 2980
 2982
 2982
 2982
 2982
 2980
 2972
 2966
 2958
 2950
 2940
 2928
 2914
 2898
 2882
 2866
 2848
 2830
 2810
 2784
 2756
 2730
 2704
 2686
 2662
 2640
 2616
 2588
 2556
 2522
 2492
 2458
 2426
 2390
 2348
 2306
 2262
 2218
 2176
 2140
 2114
 2098
 2094
 2100
 2112
 2136
 2168
 2206
 2254
 2302
 2348
 2392
 2430
 2470
 2502
 2536
 2570
 2602
 2630
 2654
 2676
 2696
 2714
 2732
 2748
 2764
 2778
 2790
 2798
 2802
 2806
 2812
 2830
 2846
 2864
 2880
 2892
 2902
 2908
 2914
 2916
 2916
 2918
 2918
 2918
 2914
 2912
 2908
 2906
 2904
 2900
 2898
 2894
 2890
 2886
 2884
 2892
 2898
 2904
 2912
 2914
 2912
 2910
 2908
 2910
 2908
 2904
 2898
 2894
 2892
 2886
 2880
 2874
 2870
 2866
 2860
 2854
 2842
 2826
 2810
 2796
 2786
 2774
 2758
 2736
 2702
 2664
 2626
 2582
 2542
 2500
 2462
 2424
 2386
 2344
 2306
 2268
 2230
 2192
 2158
 2122
 2088
 2052
 2014
 1982
 1958
 1940
 1926
 1914
 1910
 1906
 1910
 1924
 1940
 1966
 1998
 2036
 2074
 2112
 2150
 2188
 2226
 2260
 2294
 2326
 2360
 2388
 2410
 2432
 2450
 2474
 2506
 2532
 2560
 2586
 2608
 2628
 2646
 2662
 2678
 2692
 2706
 2716
 2724
 2730
 2738
 2744
 2750
 2754
 2760
 2766
 2770
 2774
 2774
 2782
 2800
 2816
 2834
 2848
 2860
 2866
 2870
 2874
 2878
 2880
 2880
 2874
 2872
 2868
 2864
 2862
 2862
 2860
 2862
 2862
 2862
 2858
 2850
 2840
 2834
 2834
 2826
 2818
 2804
 2782
 2760
 2734
 2706
 2676
 2640
 2604
 2564
 2518
 2470
 2424
 2376
 2328
 2286
 2240
 2196
 2152
 2102
 2052
 2006
 1966
 1926
 1880
 1836
 1784
 1740
 1716
 1694
 1680
 1662
 1638
 1606
 1564
 1514
 1452
 1372
 1270
 1198
 1132
 1068
 1006
 950
 904
 852
 804
 748
 686
 622
 548
 470
 384
 296
 212
 122
 22
 0
 0
 0
 0
 0
 0
 0
 0
 0
 0
 0
 0
 0
 0
 0
 0
 0
 0
 0
 0
 0
 0
 0
 0
 0
 0
 0
 0
 0
 0
 0
 0
 0
 0
 0
 0
 0
 0
 0
 0
 112
 238
 360
 470
 574
 682
 784
 886
 984
 1076
 1160
 1244
 1328
 1402
 1476
 1566
 1650
 1732
 1812
 1886
 1956
 2014
 2070
 2126
 2178
 2226
 2270
 2312
 2350
 2388
 2422
 2456
 2492
 2526
 2558
 2590
 2620
 2646
 2670
 2692
 2710
 2724
 2754
 2784
 2812
 2838
 2864
 2886
 2902
 2916
 2930
 2940
 2944
 2952
 2958
 2962
 2966
 2970
 2974
 2978
 2984
 2986
 2990
 2996
 3000
 3006
 3010
 3012
 3012
 3008
 3012
 3024
 3030
 3042
 3052
 3058
 3062
 3064
 3064
 3070
 3072
 3072
 3070
 3066
 3062
 3058
 3054
 3052
 3048
 3046
 3044
 3040
 3038
 3036
 3034
 3032
 3022
 3012
 3016
 3026
 3032
 3042
 3050
 3052
 3056
 3054
 3054
 3054
 3048
 3044
 3036
 3024
 3008
 2994
 2978
 2962
 2942
 2918
 2894
 2872
 2850
 2828
 2806
 2778
 2746
 2720
 2694
 2678
 2656
 2636
 2616
 2590
 2562
 2534
 2504
 2478
 2448
 2420
 2394
 2366
 2344
 2326
 2320
 2320
 2332
 2348
 2372
 2400
 2432
 2462
 2490
 2518
 2548
 2580
 2622
 2658
 2696
 2728
 2756
 2780
 2800
 2818
 2836
 2850
 2862
 2872
 2880
 2886
 2890
 2894
 2896
 2894
 2890
 2888
 2882
 2878
 2868
 2854
 2848
 2838
 2840
 2834
 2828
 2822
 2814
 2806
 2800
 2796
 2796
 2792
 2792
 2794
 2794
 2798
 2800
 2806
 2814
 2822
 2832
 2840
 2846
 2850
 2852
 2858
 2876
 2890
 2902
 2914
 2920
 2928
 2932
 2936
 2940
 2944
 2948
 2950
 2946
 2944
 2942
 2938
 2938
 2934
 2932
 2928
 2926
 2920
 2916
 2922
 2928
 2934
 2944
 2948
 2950
 2950
 2950
 2952
 2952
 2950
 2948
 2944
 2940
 2934
 2932
 2926
 2922
 2918
 2910
 2904
 2898
 2900
 2910
 2914
 2920
 2924
 2926
 2926
 2918
 2916
 2912
 2906
 2902
 2898
 2892
 2886
 2884
 2880
 2878
 2874
 2868
 2864
 2858
 2854
 2856
 2860
 2862
 2868
 2870
 2872
 2874
 2874
 2876
 2876
 2872
 2870
 2870
 2868
 2864
 2858
 2858
 2852
 2850
 2846
 2846
 2856
 2866
 2874
 2880
 2882
 2884
 2888
 2888
 2892
 2892
 2892
 2892
 2890
 2886
 2882
 2880
 2878
 2876
 2870
 2862
 2854
 2850
 2850
 2860
 2868
 2882
 2888
 2894
 2896
 2896
 2898
 2896
 2894
 2890
 2880
 2870
 2860
 2844
 2826
 2804
 2780
 2758
 2732
 2702
 2672
 2642
 2618
 2594
 2570
 2544
 2514
 2478
 2444
 2408
 2372
 2336
 2298
 2260
 2216
 2170
 2126
 2080
 2038
 1998
 1960
 1930
 1906
 1884
 1878
 1884
 1908
 1942
 1986
 2038
 2092
 2144
 2192
 2238
 2284
 2328
 2366
 2404
 2436
 2468
 2496
 2524
 2550
 2576
 2600
 2620
 2640
 2656
 2666
 2676
 2698
 2722
 2744
 2766
 2784
 2798
 2810
 2818
 2828
 2838
 2842
 2850
 2850
 2852
 2854
 2858
 2858
 2860
 2862
 2862
 2862
 2862
 2860
 2858
 2854
 2854
 2870
 2880
 2892
 2902
 2904
 2908
 2910
 2910
 2912
 2912
 2910
 2908
 2904
 2900
 2896
 2890
 2888
 2886
 2880
 2872
 2868
 2864
 2858
 2852
 2846
 2842
 2848
 2860
 2868
 2878
 2884
 2888
 2886
 2882
 2876
 2864
 2850
 2830
 2810
 2788
 2766
 2740
 2712
 2686
 2656
 2626
 2594
 2560
 2526
 2486
 2444
 2402
 2362
 2328
 2288
 2250
 2200
 2142
 2080
 2012
 1948
 1886
 1814
 1742
 1666
 1588
 1510
 1434
 1362
 1298
 1234
 1178
 1124
 1078
 1038
 1010
 990
 984
 990
 998
 1010
 1032
 1078
 1164
 1284
 1414
 1548
 1672
 1788
 1884
 1968
 2044
 2120
 2190
 2256
 2312
 2358
 2398
 2434
 2480
 2528
 2570
 2614
 2650
 2684
 2712
 2732
 2752
 2770
 2786
 2798
 2812
 2820
 2828
 2838
 2848
 2858
 2868
 2874
 2878
 2880
 2878
 2880
 2892
 2894
 2904
 2910
 2916
 2916
 2912
 2912
 2912
 2912
 2912
 2910
 2908
 2902
 2898
 2894
 2890
 2886
 2886
 2882
 2880
 2874
 2868
 2860
 2860
 2872
 2880
 2892
 2900
 2904
 2906
 2902
 2900
 2900
 2900
 2898
 2894
 2890
 2886
 2882
 2876
 2872
 2868
 2866
 2864
 2860
 2852
 2848
 2840
 2838
 2844
 2852
 2856
 2856
 2852
 2844
 2832
 2818
 2802
 2782
 2760
 2732
 2702
 2668
 2630
 2594
 2556
 2516
 2476
 2436
 2394
 2352
 2302
 2250
 2200
 2154
 2118
 2080
 2040
 2006
 1966
 1932
 1908
 1894
 1896
 1914
 1950
 1998
 2054
 2114
 2176
 2238
 2298
 2358
 2410
 2464
 2512
 2550
 2580
 2606
 2638
 2678
 2710
 2744
 2770
 2792
 2810
 2818
 2826
 2838
 2846
 2856
 2862
 2870
 2872
 2876
 2880
 2884
 2886
 2888
 2886
 2884
 2884
 2880
 2876
 2872
 2874
 2884
 2894
 2906
 2912
 2910
 2914
 2912
 2912
 2914
 2914
 2912
 2910
 2906
 2902
 2898
 2892
 2888
 2886
 2882
 2880
 2878
 2878
 2876
 2868
 2860
 2852
 2854
 2858
 2858
 2858
 2852
 2842
 2828
 2810
 2792
 2772
 2746
 2718
 2688
 2656
 2620
 2582
 2542
 2502
 2464
 2424
 2386
 2350
 2310
 2268
 2228
 2192
 2162
 2138
 2110
 2082
 2052
 2022
 1994
 1966
 1944
 1926
 1910
 1904
 1902
 1908
 1924
 1946
 1978
 2016
 2056
 2102
 2150
 2200
 2248
 2290
 2332
 2374
 2424
 2468
 2512
 2552
 2588
 2618
 2644
 2666
 2688
 2706
 2724
 2740
 2752
 2764
 2774
 2784
 2794
 2802
 2812
 2820
 2830
 2836
 2840
 2840
 2840
 2848
 2862
 2872
 2886
 2894
 2900
 2902
 2904
 2906
 2910
 2910
 2910
 2908
 2906
 2906
 2904
 2902
 2900
 2900
 2900
 2898
 2898
 2898
 2896
 2890
 2882
 2876
 2884
 2888
 2894
 2896
 2892
 2882
 2870
 2854
 2836
 2814
 2790
 2760
 2730
 2696
 2660
 2622
 2584
 2544
 2504
 2462
 2420
 2378
 2332
 2282
 2236
 2188
 2152
 2112
 2068
 2018
 1962
 1900
 1834
 1764
 1692
 1616
 1534
 1444
 1344
 1240
 1134
 1018
 906
 794
 682
 570
 460
 350
 250
 158
 64
 0
 0
 0
 0
 0
 0
 0
 0
 0
 0
 0
 0
 0
 0
 0
 0
 0
 0
 0
 0
 0
 0
 0
 128
 290
 446
 594
 734
 860
 974
 1082
 1180
 1274
 1362
 1442
 1518
 1592
 1664
 1736
 1806
 1870
 1926
 1982
 2030
 2076
 2132
 2188
 2238
 2288
 2332
 2370
 2402
 2428
 2458
 2486
 2512
 2536
 2558
 2578
 2594
 2614
 2630
 2646
 2664
 2678
 2690
 2700
 2706
 2708
 2714
 2734
 2748
 2768
 2784
 2796
 2806
 2812
 2818
 2826
 2832
 2838
 2840
 2842
 2842
 2842
 2842
 2842
 2840
 2836
 2836
 2838
 2838
 2840
 2838
 2834
 2822
 2816
 2816
 2810
 2802
 2792
 2776
 2758
 2738
 2716
 2692
 2664
 2630
 2592
 2552
 2510
 2466
 2422
 2376
 2330
 2284
 2240
 2190
 2144
 2096
 2044
 1996
 1954
 1916
 1890
 1864
 1850
 1844
 1846
 1860
 1882
 1910
 1944
 1978
 2014
 2050
 2088
 2126
 2166
 2206
 2242
 2278
 2316
 2354
 2390
 2422
 2450
 2478
 2500
 2534
 2570
 2606
 2640
 2672
 2698
 2722
 2738
 2756
 2776
 2790
 2804
 2814
 2824
 2836
 2842
 2850
 2854
 2858
 2860
 2864
 2864
 2868
 2868
 2866
 2864
 2870
 2884
 2892
 2902
 2912
 2916
 2920
 2918
 2916
 2914
 2906
 2892
 2876
 2854
 2832
 2806
 2780
 2750
 2720
 2686
 2652
 2618
 2584
 2544
 2504
 2466
 2432
 2406
 2374
 2342
 2308
 2266
 2226
 2182
 2140
 2102
 2062
 2020
 1976
 1928
 1882
 1832
 1782
 1738
 1700
 1676
 1660
 1652
 1656
 1670
 1696
 1728
 1764
 1804
 1842
 1876
 1910
 1942
 1978
 2014
 2048
 2082
 2116
 2150
 2182
 2212
 2244
 2276
 2308
 2336
 2360
 2382
 2402
 2426
 2460
 2490
 2524
 2556
 2582
 2610
 2636
 2660
 2692
 2724
 2750
 2772
 2788
 2802
 2814
 2830
 2842
 2854
 2864
 2874
 2880
 2884
 2892
 2908
 2920
 2932
 2946
 2956
 2964
 2968
 2972
 2978
 2982
 2984
 2986
 2984
 2984
 2982
 2980
 2978
 2978
 2976
 2972
 2966
 2956
 2948
 2952
 2956
 2956
 2958
 2950
 2938
 2922
 2900
 2880
 2856
 2828
 2798
 2764
 2730
 2690
 2650
 2610
 2570
 2530
 2492
 2452
 2414
 2376
 2336
 2292
 2248
 2208
 2172
 2144
 2108
 2078
 2042
 2002
 1964
 1926
 1890
 1858
 1828
 1800
 1780
 1766
 1762
 1766
 1782
 1806
 1844
 1886
 1940
 1998
 2056
 2110
 2158
 2206
 2250
 2298
 2350
 2398
 2448
 2492
 2530
 2564
 2590
 2618
 2644
 2666
 2686
 2704
 2720
 2736
 2754
 2768
 2782
 2796
 2810
 2822
 2834
 2846
 2858
 2872
 2884
 2892
 2896
 2896
 2890
 2898
 2914
 2928
 2944
 2954
 2960
 2968
 2972
 2976
 2980
 2982
 2984
 2982
 2978
 2976
 2974
 2970
 2968
 2960
 2950
 2940
 2928
 2916
 2900
 2880
 2860
 2836
 2810
 2780
 2750
 2728
 2708
 2684
 2660
 2634
 2604
 2574
 2538
 2508
 2474
 2438
 2400
 2360
 2316
 2268
 2220
 2172
 2128
 2086
 2044
 2004
 1966
 1934
 1910
 1892
 1884
 1892
 1908
 1940
 1974
 2016
 2054
 2088
 2124
 2154
 2184
 2216
 2244
 2276
 2306
 2330
 2354
 2380
 2406
 2432
 2462
 2488
 2516
 2546
 2570
 2590
 2610
 2628
 2654
 2686
 2716
 2748
 2774
 2798
 2820
 2834
 2848
 2858
 2868
 2872
 2870
 2866
 2860
 2854
 2848
 2844
 2844
 2848
 2852
 2858
 2862
 2860
 2860
 2860
 2872
 2888
 2904
 2918
 2924
 2924
 2926
 2922
 2918
 2914
 2900
 2884
 2862
 2836
 2808
 2780
 2752
 2722
 2692
 2662
 2632
 2604
 2570
 2530
 2492
 2456
 2428
 2406
 2380
 2356
 2328
 2296
 2260
 2222
 2186
 2150
 2112
 2072
 2030
 1986
 1942
 1900
 1864
 1838
 1824
 1822
 1832
 1850
 1878
 1912
 1956
 2000
 2060
 2118
 2174
 2228
 2276
 2320
 2362
 2398
 2432
 2466
 2494
 2522
 2546
 2570
 2592
 2612
 2634
 2654
 2676
 2696
 2716
 2736
 2754
 2768
 2776
 2786
 2812
 2836
 2860
 2886
 2906
 2922
 2932
 2934
 2940
 2946
 2948
 2950
 2946
 2942
 2942
 2940
 2938
 2936
 2932
 2932
 2932
 2932
 2930
 2928
 2920
 2912
 2908
 2908
 2902
 2896
 2886
 2868
 2850
 2828
 2806
 2782
 2754
 2724
 2690
 2650
 2608
 2570
 2530
 2490
 2450
 2410
 2372
 2336
 2302
 2266
 2228
 2190
 2156
 2126
 2108
 2086
 2064
 2044
 2018
 1996
 1976
 1964
 1962
 1964
 1972
 1984
 2002
 2024
 2050
 2082
 2116
 2156
 2202
 2248
 2296
 2342
 2384
 2420
 2456
 2488
 2530
 2570
 2608
 2646
 2678
 2704
 2730
 2750
 2768
 2786
 2800
 2812
 2824
 2834
 2842
 2848
 2856
 2864
 2870
 2874
 2880
 2884
 2886
 2884
 2884
 2884
 2884
 2900
 2916
 2930
 2948
 2960
 2968
 2976
 2980
 2988
 2994
 2994
 2994
 2990
 2986
 2978
 2972
 2966
 2962
 2958
 2952
 2948
 2946
 2944
 2942
 2942
 2938
 2934
 2932
 2928
 2938
 2948
 2958
 2968
 2974
 2976
 2978
 2978
 2980
 2982
 2980
 2976
 2972
 2968
 2964
 2958
 2950
 2944
 2936
 2932
 2924
 2914
 2904
 2888
 2868
 2846
 2822
 2802
 2790
 2772
 2756
 2736
 2710
 2682
 2650
 2616
 2580
 2540
 2496
 2448
 2398
 2346
 2292
 2240
 2184
 2132
 2080
 2026
 1976
 1926
 1870
 1818
 1770
 1724
 1688
 1648
 1608
 1564
 1518
 1478
 1446
 1426
 1422
 1428
 1444
 1470
 1504
 1542
 1590
 1640
 1694
 1752
 1812
 1874
 1934
 1990
 2046
 2096
 2152
 2212
 2266
 2320
 2372
 2416
 2454
 2490
 2520
 2550
 2574
 2598
 2616
 2636
 2652
 2666
 2682
 2698
 2710
 2722
 2734
 2746
 2764
 2776
 2784
 2792
 2796
 2818
 2840
 2864
 2886
 2906
 2918
 2926
 2932
 2940
 2948
 2950
 2952
 2952
 2952
 2950
 2948
 2946
 2942
 2938
 2938
 2934
 2932
 2930
 2930
 2926
 2918
 2908
 2906
 2920
 2926
 2934
 2938
 2930
 2918
 2902
 2878
 2856
 2830
 2796
 2764
 2726
 2684
 2642
 2596
 2552
 2508
 2462
 2416
 2372
 2328
 2282
 2230
 2182
 2136
 2096
 2060
 2020
 1984
 1944
 1898
 1854
 1812
 1770
 1730
 1692
 1654
 1614
 1584
 1562
 1552
 1556
 1576
 1612
 1658
 1712
 1770
 1830
 1890
 1950
 2020
 2088
 2152
 2216
 2272
 2324
 2376
 2420
 2462
 2500
 2536
 2568
 2596
 2620
 2642
 2662
 2682
 2700
 2718
 2734
 2752
 2764
 2774
 2780
 2792
 2816
 2834
 2858
 2878
 2892
 2908
 2912
 2914
 2922
 2930
 2932
 2936
 2936
 2934
 2934
 2934
 2932
 2932
 2930
 2930
 2932
 2926
 2918
 2910
 2904
 2914
 2920
 2924
 2924
 2916
 2902
 2882
 2858
 2834
 2806
 2772
 2736
 2696
 2654
 2610
 2566
 2522
 2480
 2436
 2392
 2350
 2308
 2260
 2212
 2168
 2130
 2100
 2064
 2030
 1994
 1952
 1912
 1870
 1834
 1802
 1768
 1736
 1710
 1688
 1676
 1676
 1690
 1716
 1756
 1806
 1864
 1926
 1984
 2038
 2090
 2146
 2206
 2258
 2310
 2356
 2394
 2434
 2470
 2504
 2534
 2562
 2590
 2614
 2636
 2654
 2674
 2690
 2708
 2724
 2740
 2756
 2772
 2788
 2800
 2808
 2814
 2822
 2846
 2868
 2892
 2912
 2924
 2932
 2936
 2940
 2946
 2948
 2950
 2950
 2948
 2946
 2942
 2936
 2934
 2930
 2924
 2910
 2894
 2874
 2850
 2822
 2792
 2766
 2748
 2724
 2700
 2672
 2640
 2606
 2566
 2526
 2486
 2444
 2398
 2348
 2296
 2242
 2184
 2130
 2078
 2026
 1976
 1930
 1888
 1844
 1802
 1770
 1748
 1744
 1754
 1774
 1806
 1846
 1890
 1938
 1988
 2042
 2096
 2144
 2192
 2234
 2274
 2312
 2344
 2374
 2404
 2432
 2460
 2488
 2510
 2528
 2546
 2562
 2588
 2618
 2646
 2678
 2708
 2734
 2756
 2776
 2794
 2810
 2824
 2836
 2844
 2850
 2856
 2858
 2860
 2860
 2860
 2862
 2862
 2864
 2866
 2868
 2868
 2868
 2868
 2876
 2892
 2900
 2916
 2932
 2940
 2946
 2952
 2956
 2960
 2962
 2962
 2962
 2960
 2958
 2958
 2952
 2946
 2942
 2940
 2936
 2934
 2932
 2932
 2928
 2924
 2918
 2920
 2932
 2942
 2952
 2966
 2970
 2976
 2980
 2984
 2986
 2982
 2972
 2960
 2944
 2922
 2896
 2868
 2838
 2806
 2770
 2732
 2692
 2656
 2614
 2566
 2520
 2472
 2430
 2392
 2350
 2310
 2262
 2214
 2162
 2112
 2060
 2010
 1958
 1906
 1850
 1792
 1728
 1662
 1596
 1530
 1460
 1394
 1322
 1242
 1164
 1088
 1008
 930
 842
 748
 650
 544
 438
 332
 232
 146
 58
 0
 0
 0
 0
 0
 0
 0
 0
 0
 0
 0
 0
 0
 0
 0
 0
 92
 256
 422
 568
 706
 836
 956
 1068
 1170
 1264
 1356
 1442
 1528
 1610
 1690
 1762
 1832
 1896
 1952
 2018
 2084
 2144
 2202
 2254
 2298
 2338
 2376
 2416
 2454
 2488
 2518
 2546
 2570
 2590
 2616
 2640
 2666
 2688
 2710
 2732
 2756
 2778
 2794
 2806
 2812
 2828
 2850
 2870
 2892
 2910
 2924
 2930
 2932
 2936
 2942
 2948
 2952
 2952
 2954
 2952
 2952
 2952
 2946
 2942
 2942
 2938
 2938
 2938
 2936
 2936
 2928
 2916
 2900
 2882
 2872
 2864
 2846
 2830
 2808
 2784
 2754
 2720
 2690
 2656
 2616
 2574
 2532
 2486
 2438
 2388
 2340
 2294
 2244
 2196
 2150
 2102
 2056
 2012
 1968
 1918
 1868
 1828
 1790
 1764
 1734
 1710
 1698
 1690
 1696
 1712
 1740
 1778
 1818
 1864
 1912
 1960
 2012
 2062
 2108
 2154
 2196
 2238
 2280
 2322
 2360
 2392
 2424
 2452
 2490
 2528
 2562
 2600
 2634
 2662
 2686
 2708
 2730
 2752
 2770
 2788
 2802
 2816
 2828
 2840
 2852
 2862
 2874
 2886
 2896
 2906
 2910
 2910
 2904
 2904
 2916
 2930
 2942
 2956
 2964
 2972
 2978
 2978
 2984
 2988
 2988
 2986
 2980
 2972
 2962
 2950
 2938
 2922
 2904
 2882
 2862
 2838
 2810
 2778
 2746
 2714
 2690
 2666
 2638
 2610
 2578
 2540
 2500
 2458
 2418
 2374
 2332
 2286
 2234
 2182
 2128
 2072
 2016
 1966
 1916
 1874
 1832
 1796
 1764
 1746
 1742
 1756
 1790
 1832
 1884
 1938
 1992
 2048
 2100
 2150
 2202
 2250
 2300
 2348
 2392
 2432
 2468
 2502
 2536
 2566
 2592
 2616
 2642
 2662
 2678
 2690
 2704
 2730
 2754
 2778
 2802
 2818
 2834
 2848
 2858
 2870
 2880
 2884
 2886
 2888
 2890
 2890
 2892
 2894
 2894
 2894
 2896
 2896
 2896
 2898
 2896
 2896
 2892
 2892
 2906
 2918
 2932
 2946
 2954
 2962
 2968
 2972
 2976
 2978
 2978
 2978
 2980
 2976
 2974
 2970
 2968
 2964
 2958
 2952
 2946
 2944
 2942
 2938
 2930
 2918
 2906
 2892
 2888
 2874
 2862
 2848
 2826
 2806
 2782
 2756
 2730
 2696
 2662
 2626
 2584
 2542
 2498
 2452
 2406
 2360
 2316
 2272
 2226
 2182
 2138
 2088
 2040
 2000
 1962
 1934
 1904
 1880
 1858
 1840
 1832
 1834
 1848
 1878
 1914
 1956
 2004
 2054
 2106
 2158
 2208
 2254
 2300
 2342
 2382
 2424
 2458
 2486
 2512
 2534
 2566
 2598
 2628
 2662
 2690
 2714
 2736
 2754
 2774
 2792
 2804
 2818
 2828
 2840
 2850
 2858
 2866
 2876
 2878
 2880
 2884
 2888
 2892
 2894
 2892
 2888
 2892
 2906
 2916
 2930
 2940
 2948
 2954
 2954
 2952
 2952
 2950
 2944
 2938
 2926
 2914
 2900
 2882
 2858
 2828
 2798
 2766
 2736
 2708
 2680
 2650
 2616
 2586
 2554
 2532
 2508
 2482
 2456
 2426
 2392
 2358
 2320
 2284
 2246
 2202
 2158
 2110
 2058
 2010
 1958
 1910
 1866
 1824
 1786
 1752
 1716
 1678
 1642
 1614
 1594
 1592
 1596
 1610
 1636
 1668
 1710
 1756
 1806
 1862
 1920
 1974
 2028
 2078
 2126
 2172
 2218
 2264
 2308
 2356
 2400
 2438
 2470
 2500
 2526
 2564
 2600
 2634
 2668
 2696
 2720
 2744
 2758
 2776
 2792
 2804
 2816
 2824
 2828
 2832
 2838
 2842
 2846
 2848
 2852
 2860
 2866
 2872
 2874
 2874
 2874
 2886
 2900
 2914
 2926
 2932
 2938
 2944
 2946
 2952
 2954
 2956
 2958
 2958
 2956
 2954
 2950
 2948
 2946
 2944
 2940
 2940
 2938
 2940
 2938
 2938
 2938
 2934
 2928
 2920
 2908
 2908
 2910
 2906
 2904
 2894
 2880
 2864
 2844
 2824
 2802
 2776
 2746
 2714
 2680
 2644
 2610
 2574
 2540
 2504
 2468
 2432
 2394
 2356
 2318
 2282
 2244
 2200
 2160
 2124
 2094
 2072
 2048
 2030
 2006
 1978
 1952
 1926
 1902
 1888
 1876
 1874
 1876
 1888
 1906
 1932
 1966
 2008
 2052
 2102
 2156
 2208
 2260
 2310
 2356
 2394
 2430
 2464
 2498
 2542
 2582
 2624
 2662
 2696
 2728
 2756
 2778
 2802
 2824
 2842
 2858
 2874
 2884
 2894
 2900
 2902
 2906
 2910
 2914
 2916
 2920
 2924
 2924
 2924
 2918
 2920
 2934
 2944
 2954
 2958
 2950
 2938
 2920
 2894
 2866
 2830
 2790
 2744
 2696
 2646
 2596
 2544
 2490
 2440
 2388
 2334
 2282
 2230
 2174
 2110
 2044
 1980
 1914
 1856
 1794
 1726
 1656
 1578
 1500
 1420
 1336
 1252
 1164
 1062
 954
 842
 722
 592
 454
 322
 194
 72
 0
 0
 0
 0
 0
 0
 0
 0
 0
 0
 0
 0
 0
 0
 0
 0
 0
 0
 0
 0
 0
 0
 0
 0
 0
 0
 0
 0
 0
 0
 0
 0
 0
 0
 0
 178
 334
 480
 610
 734
 848
 960
 1070
 1176
 1280
 1378
 1466
 1556
 1634
 1710
 1796
 1876
 1956
 2034
 2102
 2160
 2212
 2260
 2310
 2358
 2400
 2440
 2478
 2512
 2544
 2576
 2608
 2638
 2668
 2692
 2714
 2734
 2746
 2774
 2800
 2822
 2846
 2866
 2884
 2898
 2908
 2918
 2926
 2928
 2930
 2934
 2936
 2936
 2936
 2938
 2938
 2938
 2936
 2932
 2930
 2930
 2930
 2928
 2926
 2922
 2916
 2926
 2938
 2948
 2962
 2970
 2974
 2978
 2976
 2978
 2984
 2984
 2986
 2982
 2976
 2970
 2962
 2946
 2926
 2908
 2888
 2864
 2844
 2820
 2792
 2764
 2734
 2706
 2690
 2666
 2642
 2616
 2582
 2548
 2512
 2474
 2440
 2404
 2368
 2330
 2286
 2242
 2196
 2150
 2106
 2064
 2026
 1992
 1960
 1932
 1916
 1912
 1928
 1958
 1994
 2040
 2088
 2138
 2190
 2238
 2286
 2334
 2382
 2428
 2470
 2508
 2544
 2576
 2610
 2638
 2666
 2692
 2710
 2728
 2742
 2758
 2784
 2806
 2826
 2850
 2864
 2878
 2886
 2890
 2898
 2906
 2910
 2912
 2914
 2912
 2912
 2912
 2910
 2910
 2912
 2912
 2914
 2910
 2904
 2896
 2900
 2912
 2920
 2932
 2942
 2948
 2952
 2952
 2952
 2956
 2956
 2956
 2954
 2950
 2946
 2944
 2938
 2936
 2932
 2930
 2930
 2930
 2926
 2920
 2914
 2908
 2906
 2916
 2924
 2930
 2938
 2936
 2932
 2924
 2914
 2902
 2886
 2864
 2840
 2810
 2782
 2750
 2718
 2684
 2652
 2616
 2580
 2544
 2506
 2464
 2422
 2386
 2352
 2324
 2294
 2266
 2234
 2198
 2162
 2128
 2092
 2060
 2026
 1996
 1962
 1926
 1898
 1874
 1860
 1860
 1866
 1882
 1908
 1940
 1976
 2016
 2058
 2116
 2170
 2226
 2276
 2322
 2366
 2406
 2442
 2478
 2508
 2536
 2562
 2584
 2604
 2624
 2642
 2662
 2676
 2694
 2710
 2722
 2730
 2738
 2748
 2770
 2790
 2810
 2830
 2844
 2856
 2868
 2878
 2888
 2898
 2904
 2904
 2902
 2900
 2898
 2898
 2894
 2892
 2890
 2890
 2890
 2890
 2888
 2884
 2880
 2880
 2890
 2894
 2904
 2912
 2918
 2922
 2924
 2924
 2928
 2930
 2928
 2926
 2922
 2920
 2918
 2912
 2910
 2906
 2902
 2900
 2894
 2886
 2878
 2866
 2850
 2834
 2820
 2814
 2804
 2794
 2784
 2770
 2756
 2736
 2714
 2692
 2666
 2638
 2606
 2570
 2534
 2496
 2456
 2414
 2374
 2332
 2288
 2248
 2204
 2162
 2116
 2074
 2040
 2014
 2004
 1998
 2004
 2018
 2042
 2072
 2106
 2144
 2182
 2218
 2256
 2294
 2328
 2360
 2390
 2418
 2446
 2476
 2500
 2526
 2550
 2572
 2588
 2602
 2616
 2640
 2664
 2688
 2712
 2732
 2746
 2760
 2772
 2786
 2796
 2804
 2814
 2822
 2828
 2834
 2836
 2840
 2844
 2846
 2850
 2852
 2852
 2852
 2848
 2844
 2848
 2862
 2874
 2888
 2902
 2912
 2918
 2916
 2918
 2922
 2922
 2922
 2924
 2920
 2918
 2916
 2912
 2908
 2904
 2902
 2900
 2896
 2896
 2894
 2888
 2882
 2870
 2870
 2868
 2864
 2858
 2850
 2834
 2820
 2798
 2778
 2756
 2730
 2702
 2670
 2636
 2598
 2560
 2516
 2476
 2434
 2392
 2352
 2308
 2266
 2218
 2166
 2120
 2078
 2042
 2008
 1974
 1940
 1900
 1854
 1808
 1760
 1716
 1676
 1636
 1600
 1568
 1540
 1516
 1496
 1486
 1486
 1496
 1514
 1542
 1576
 1614
 1658
 1710
 1768
 1834
 1900
 1966
 2026
 2084
 2138
 2188
 2236
 2282
 2322
 2360
 2398
 2432
 2464
 2492
 2520
 2544
 2570
 2592
 2612
 2632
 2648
 2662
 2674
 2690
 2716
 2740
 2764
 2788
 2808
 2826
 2840
 2850
 2862
 2872
 2880
 2884
 2884
 2884
 2882
 2882
 2880
 2880
 2880
 2880
 2880
 2878
 2876
 2872
 2868
 2862
 2868
 2878
 2886
 2898
 2908
 2910
 2910
 2910
 2910
 2908
 2904
 2892
 2878
 2860
 2838
 2814
 2788
 2762
 2734
 2702
 2670
 2638
 2602
 2568
 2526
 2484
 2446
 2410
 2386
 2354
 2324
 2292
 2252
 2212
 2170
 2130
 2090
 2048
 2006
 1964
 1920
 1874
 1830
 1786
 1746
 1718
 1702
 1696
 1702
 1716
 1736
 1770
 1810
 1858
 1916
 1972
 2036
 2090
 2144
 2192
 2236
 2282
 2322
 2360
 2398
 2430
 2462
 2490
 2518
 2546
 2576
 2602
 2628
 2652
 2672
 2688
 2704
 2718
 2742
 2764
 2790
 2816
 2836
 2854
 2870
 2880
 2888
 2898
 2906
 2912
 2912
 2912
 2910
 2910
 2910
 2912
 2910
 2910
 2912
 2910
 2906
 2900
 2898
 2908
 2916
 2924
 2926
 2922
 2914
 2902
 2882
 2858
 2834
 2806
 2774
 2742
 2704
 2666
 2630
 2592
 2554
 2512
 2470
 2424
 2374
 2326
 2280
 2236
 2200
 2160
 2118
 2074
 2026
 1980
 1930
 1886
 1844
 1800
 1756
 1710
 1664
 1620
 1578
 1546
 1528
 1526
 1542
 1566
 1596
 1636
 1684
 1742
 1806
 1872
 1938
 2004
 2066
 2126
 2174
 2224
 2272
 2314
 2354
 2394
 2426
 2456
 2486
 2516
 2544
 2570
 2596
 2620
 2640
 2658
 2672
 2686
 2712
 2736
 2762
 2790
 2812
 2832
 2850
 2862
 2876
 2886
 2892
 2898
 2904
 2908
 2912
 2916
 2920
 2926
 2930
 2932
 2934
 2938
 2940
 2938
 2932
 2922
 2922
 2926
 2926
 2922
 2912
 2896
 2876
 2852
 2826
 2798
 2768
 2734
 2700
 2662
 2624
 2584
 2542
 2498
 2454
 2406
 2356
 2310
 2262
 2214
 2160
 2098
 2044
 1994
 1952
 1908
 1864
 1822
 1776
 1736
 1702
 1682
 1676
 1682
 1704
 1734
 1774
 1820
 1868
 1918
 1966
 2018
 2072
 2126
 2182
 2236
 2282
 2324
 2360
 2394
 2432
 2480
 2520
 2564
 2606
 2640
 2672
 2696
 2718
 2742
 2762
 2784
 2800
 2814
 2828
 2844
 2858
 2872
 2890
 2906
 2924
 2938
 2954
 2964
 2968
 2966
 2966
 2980
 2992
 3000
 3012
 3016
 3016
 3010
 2998
 2980
 2960
 2936
 2906
 2872
 2834
 2796
 2756
 2714
 2672
 2630
 2586
 2544
 2502
 2454
 2406
 2362
 2320
 2286
 2248
 2212
 2174
 2130
 2084
 2034
 1984
 1936
 1884
 1834
 1778
 1724
 1670
 1616
 1566
 1528
 1500
 1490
 1494
 1510
 1544
 1594
 1652
 1726
 1804
 1884
 1960
 2030
 2092
 2142
 2188
 2232
 2270
 2306
 2338
 2370
 2400
 2428
 2454
 2478
 2502
 2528
 2548
 2564
 2578
 2596
 2624
 2650
 2678
 2704
 2726
 2748
 2764
 2774
 2790
 2802
 2812
 2822
 2832
 2838
 2844
 2852
 2860
 2868
 2874
 2880
 2882
 2882
 2880
 2878
 2886
 2896
 2906
 2922
 2930
 2938
 2942
 2944
 2948
 2950
 2950
 2948
 2944
 2938
 2932
 2924
 2920
 2912
 2904
 2896
 2884
 2868
 2848
 2830
 2806
 2778
 2750
 2720
 2698
 2676
 2652
 2628
 2596
 2560
 2522
 2478
 2438
 2398
 2354
 2308
 2260
 2210
 2158
 2106
 2056
 2006
 1960
 1916
 1874
 1836
 1802
 1766
 1726
 1696
 1670
 1656
 1646
 1638
 1634
 1634
 1644
 1660
 1684
 1718
 1756
 1798
 1848
 1898
 1948
 1996
 2046
 2096
 2146
 2194
 2240
 2284
 2322
 2358
 2386
 2414
 2452
 2490
 2526
 2564
 2594
 2622
 2648
 2662
 2678
 2696
 2712
 2726
 2740
 2750
 2760
 2772
 2784
 2794
 2804
 2814
 2824
 2834
 2844
 2850
 2856
 2860
 2872
 2892
 2910
 2930
 2944
 2952
 2960
 2964
 2968
 2970
 2972
 2970
 2970
 2968
 2962
 2960
 2954
 2952
 2948
 2940
 2932
 2920
 2904
 2886
 2860
 2830
 2798
 2766
 2746
 2722
 2698
 2674
 2642
 2608
 2572
 2530
 2494
 2452
 2408
 2364
 2314
 2260
 2206
 2148
 2094
 2040
 1990
 1942
 1892
 1846
 1800
 1752
 1712
 1680
 1662
 1656
 1662
 1680
 1706
 1742
 1784
 1826
 1874
 1922
 1974
 2026
 2076
 2122
 2166
 2206
 2244
 2282
 2316
 2350
 2384
 2422
 2458
 2488
 2516
 2540
 2564
 2600
 2636
 2670
 2706
 2738
 2766
 2788
 2806
 2824
 2842
 2858
 2870
 2882
 2888
 2892
 2896
 2900
 2902
 2904
 2906
 2908
 2912
 2912
 2914
 2916
 2918
 2922
 2920
 2916
 2912
 2916
 2926
 2934
 2940
 2940
 2932
 2922
 2902
 2878
 2852
 2822
 2788
 2750
 2712
 2670
 2628
 2586
 2544
 2502
 2460
 2418
 2376
 2334
 2296
 2256
 2218
 2178
 2134
 2090
 2046
 2006
 1976
 1946
 1916
 1886
 1846
 1810
 1772
 1736
 1706
 1680
 1660
 1644
 1638
 1638
 1646
 1660
 1684
 1716
 1754
 1796
 1842
 1890
 1938
 1990
 2038
 2082
 2126
 2172
 2222
 2276
 2326
 2380
 2436
 2488
 2532
 2570
 2606
 2642
 2676
 2706
 2732
 2756
 2780
 2802
 2826
 2846
 2866
 2888
 2910
 2932
 2954
 2974
 2990
 2998
 3008
 3012
 3020
 3036
 3046
 3056
 3068
 3076
 3076
 3072
 3066
 3050
 3032
 3004
 2970
 2930
 2886
 2838
 2794
 2748
 2702
 2656
 2610
 2566
 2520
 2476
 2432
 2386
 2332
 2282
 2232
 2190
 2152
 2108
 2064
 2016
 1964
 1912
 1854
 1796
 1734
 1666
 1590
 1510
 1424
 1334
 1240
 1140
 1038
 934
 826
 718
 606
 488
 364
 248
 122
 4
 0
 0
 0
 0
 0
 0
 0
 0
 0
 0
 0
 0
 0
 0
 0
 0
 0
 0
 0
 0
 0
 0
 0
 0
 0
 0
 0
 0
 96
 260
 406
 536
 652
 762
 866
 964
 1060
 1152
 1236
 1316
 1392
 1466
 1534
 1594
 1670
 1744
 1814
 1884
 1942
 1996
 2048
 2090
 2134
 2176
 2216
 2252
 2288
 2322
 2354
 2388
 2424
 2458
 2492
 2522
 2548
 2574
 2594
 2614
 2650
 2678
 2712
 2744
 2770
 2790
 2808
 2822
 2840
 2856
 2868
 2878
 2884
 2884
 2884
 2886
 2886
 2886
 2888
 2888
 2890
 2894
 2896
 2896
 2896
 2892
 2888
 2894
 2904
 2916
 2930
 2940
 2942
 2944
 2942
 2940
 2940
 2932
 2916
 2900
 2876
 2850
 2822
 2792
 2764
 2734
 2700
 2668
 2638
 2608
 2578
 2548
 2510
 2474
 2440
 2410
 2382
 2354
 2328
 2294
 2256
 2218
 2176
 2134
 2096
 2058
 2020
 1982
 1944
 1908
 1880
 1864
 1858
 1864
 1880
 1908
 1944
 1986
 2026
 2070
 2116
 2164
 2224
 2278
 2336
 2386
 2428
 2468
 2498
 2522
 2546
 2566
 2582
 2594
 2600
 2598
 2598
 2598
 2606
 2618
 2630
 2644
 2662
 2678
 2688
 2700
 2714
 2732
 2756
 2776
 2798
 2824
 2842
 2856
 2870
 2880
 2892
 2898
 2898
 2900
 2904
 2902
 2902
 2902
 2902
 2902
 2904
 2904
 2902
 2904
 2902
 2900
 2894
 2892
 2904
 2910
 2914
 2914
 2900
 2884
 2866
 2844
 2820
 2794
 2766
 2738
 2704
 2674
 2640
 2604
 2570
 2538
 2502
 2468
 2430
 2388
 2348
 2310
 2280
 2252
 2222
 2190
 2154
 2116
 2078
 2038
 2002
 1966
 1932
 1896
 1860
 1832
 1810
 1800
 1804
 1822
 1850
 1890
 1934
 1980
 2028
 2076
 2136
 2190
 2246
 2298
 2346
 2390
 2432
 2466
 2500
 2532
 2562
 2588
 2610
 2630
 2650
 2668
 2688
 2704
 2718
 2734
 2744
 2754
 2762
 2780
 2802
 2824
 2848
 2866
 2880
 2890
 2894
 2898
 2902
 2904
 2908
 2906
 2900
 2896
 2890
 2888
 2886
 2882
 2880
 2878
 2878
 2874
 2868
 2862
 2872
 2884
 2892
 2904
 2910
 2916
 2918
 2920
 2920
 2920
 2914
 2904
 2888
 2866
 2842
 2816
 2792
 2768
 2742
 2716
 2690
 2660
 2634
 2604
 2568
 2534
 2502
 2478
 2456
 2434
 2410
 2380
 2346
 2310
 2268
 2228
 2190
 2150
 2110
 2068
 2028
 1992
 1964
 1948
 1940
 1942
 1954
 1970
 1996
 2028
 2062
 2096
 2136
 2174
 2228
 2282
 2334
 2386
 2432
 2472
 2506
 2534
 2558
 2584
 2604
 2620
 2636
 2650
 2662
 2672
 2684
 2692
 2700
 2710
 2720
 2728
 2738
 2748
 2754
 2758
 2762
 2772
 2792
 2810
 2830
 2846
 2858
 2864
 2868
 2870
 2876
 2880
 2880
 2878
 2876
 2872
 2872
 2872
 2872
 2872
 2870
 2868
 2862
 2852
 2842
 2830
 2806
 2778
 2752
 2728
 2714
 2696
 2684
 2666
 2642
 2616
 2586
 2554
 2526
 2494
 2462
 2428
 2392
 2354
 2320
 2284
 2252
 2220
 2190
 2162
 2136
 2108
 2082
 2054
 2022
 2000
 1982
 1974
 1976
 1984
 2002
 2020
 2048
 2082
 2114
 2152
 2192
 2232
 2274
 2314
 2350
 2388
 2422
 2456
 2488
 2518
 2550
 2578
 2608
 2634
 2656
 2676
 2694
 2724
 2758
 2788
 2822
 2850
 2876
 2896
 2912
 2926
 2936
 2942
 2946
 2950
 2954
 2954
 2948
 2948
 2948
 2948
 2950
 2948
 2950
 2950
 2944
 2940
 2940
 2954
 2964
 2974
 2980
 2978
 2970
 2958
 2942
 2922
 2896
 2868
 2842
 2810
 2778
 2744
 2706
 2670
 2634
 2598
 2562
 2526
 2490
 2450
 2406
 2366
 2326
 2300
 2272
 2242
 2212
 2172
 2132
 2088
 2042
 2000
 1956
 1908
 1860
 1802
 1744
 1688
 1636
 1592
 1566
 1554
 1554
 1568
 1586
 1616
 1652
 1696
 1746
 1810
 1868
 1932
 1992
 2044
 2098
 2144
 2190
 2234
 2274
 2310
 2344
 2374
 2402
 2428
 2452
 2478
 2500
 2522
 2542
 2564
 2586
 2602
 2618
 2632
 2648
 2680
 2706
 2738
 2764
 2788
 2812
 2830
 2846
 2864
 2876
 2886
 2890
 2894
 2896
 2900
 2904
 2906
 2910
 2912
 2916
 2918
 2922
 2924
 2924
 2924
 2922
 2916
 2920
 2934
 2944
 2958
 2970
 2976
 2980
 2980
 2978
 2976
 2972
 2970
 2966
 2960
 2954
 2948
 2944
 2938
 2930
 2920
 2908
 2894
 2878
 2858
 2834
 2806
 2778
 2750
 2724
 2706
 2682
 2662
 2638
 2606
 2576
 2542
 2504
 2468
 2430
 2388
 2344
 2292
 2236
 2182
 2122
 2068
 2014
 1960
 1910
 1862
 1816
 1774
 1730
 1696
 1678
 1674
 1694
 1724
 1772
 1828
 1892
 1960
 2024
 2090
 2156
 2214
 2268
 2318
 2362
 2402
 2438
 2470
 2496
 2522
 2546
 2568
 2592
 2610
 2628
 2642
 2652
 2662
 2690
 2716
 2740
 2768
 2786
 2804
 2820
 2830
 2842
 2854
 2864
 2874
 2880
 2884
 2890
 2894
 2894
 2892
 2894
 2894
 2896
 2898
 2898
 2896
 2894
 2890
 2896
 2910
 2922
 2936
 2946
 2952
 2954
 2956
 2958
 2958
 2950
 2934
 2916
 2898
 2874
 2848
 2822
 2794
 2764
 2734
 2704
 2676
 2648
 2616
 2580
 2544
 2510
 2480
 2456
 2428
 2402
 2372
 2338
 2304
 2268
 2230
 2194
 2156
 2116
 2074
 2028
 1984
 1938
 1896
 1860
 1834
 1820
 1818
 1828
 1848
 1874
 1914
 1960
 2022
 2088
 2152
 2216
 2270
 2320
 2364
 2406
 2448
 2488
 2520
 2548
 2572
 2592
 2614
 2630
 2648
 2666
 2684
 2700
 2718
 2734
 2746
 2758
 2766
 2776
 2800
 2822
 2848
 2872
 2888
 2904
 2912
 2914
 2920
 2926
 2930
 2932
 2930
 2930
 2928
 2928
 2922
 2916
 2912
 2910
 2906
 2904
 2902
 2900
 2898
 2892
 2884
 2890
 2896
 2896
 2898
 2890
 2878
 2862
 2842
 2824
 2800
 2774
 2746
 2712
 2676
 2640
 2602
 2564
 2524
 2490
 2454
 2416
 2378
 2340
 2296
 2250
 2202
 2158
 2116
 2086
 2054
 2020
 1986
 1950
 1912
 1874
 1836
 1802
 1774
 1752
 1740
 1736
 1740
 1756
 1774
 1806
 1846
 1890
 1938
 1990
 2040
 2090
 2136
 2178
 2222
 2272
 2330
 2382
 2436
 2484
 2528
 2570
 2604
 2636
 2666
 2692
 2716
 2736
 2756
 2772
 2790
 2806
 2822
 2836
 2848
 2860
 2874
 2884
 2890
 2894
 2888
 2892
 2908
 2920
 2936
 2950
 2958
 2964
 2968
 2972
 2976
 2976
 2978
 2974
 2970
 2956
 2940
 2924
 2906
 2888
 2868
 2844
 2818
 2792
 2758
 2728
 2696
 2670
 2650
 2624
 2602
 2572
 2536
 2502
 2462
 2426
 2388
 2346
 2300
 2254
 2200
 2150
 2098
 2046
 2000
 1958
 1918
 1882
 1848
 1818
 1786
 1756
 1734
 1718
 1720
 1730
 1748
 1780
 1816
 1860
 1912
 1966
 2020
 2072
 2120
 2168
 2214
 2256
 2296
 2332
 2372
 2412
 2448
 2480
 2512
 2544
 2572
 2594
 2614
 2632
 2662
 2696
 2724
 2756
 2780
 2802
 2826
 2842
 2860
 2876
 2886
 2892
 2900
 2906
 2910
 2916
 2920
 2924
 2926
 2932
 2936
 2938
 2942
 2942
 2942
 2938
 2934
 2946
 2960
 2972
 2984
 2988
 2990
 2996
 2998
 3002
 3008
 3008
 3008
 3000
 2986
 2968
 2948
 2926
 2898
 2868
 2836
 2804
 2772
 2742
 2708
 2674
 2632
 2592
 2556
 2528
 2500
 2468
 2436
 2396
 2354
 2310
 2264
 2220
 2174
 2126
 2076
 2024
 1968
 1912
 1856
 1806
 1758
 1716
 1680
 1658
 1646
 1644
 1650
 1666
 1698
 1736
 1788
 1844
 1902
 1970
 2030
 2090
 2146
 2194
 2242
 2288
 2330
 2368
 2404
 2436
 2468
 2498
 2526
 2552
 2578
 2602
 2622
 2646
 2664
 2680
 2694
 2706
 2732
 2758
 2784
 2812
 2834
 2854
 2872
 2886
 2900
 2916
 2928
 2936
 2942
 2940
 2942
 2942
 2944
 2944
 2944
 2944
 2946
 2950
 2950
 2952
 2952
 2950
 2948
 2942
 2944
 2960
 2970
 2980
 2980
 2970
 2956
 2934
 2906
 2878
 2844
 2808
 2766
 2720
 2674
 2628
 2582
 2538
 2492
 2446
 2400
 2356
 2310
 2266
 2218
 2166
 2116
 2070
 2028
 1996
 1960
 1926
 1890
 1852
 1816
 1780
 1750
 1724
 1700
 1682
 1672
 1672
 1678
 1696
 1722
 1758
 1800
 1848
 1900
 1954
 2012
 2066
 2112
 2156
 2200
 2244
 2300
 2346
 2390
 2436
 2474
 2510
 2542
 2566
 2596
 2624
 2648
 2670
 2690
 2706
 2722
 2736
 2752
 2768
 2782
 2798
 2814
 2830
 2844
 2856
 2866
 2874
 2884
 2906
 2920
 2934
 2950
 2958
 2966
 2972
 2972
 2976
 2978
 2978
 2976
 2972
 2970
 2966
 2964
 2958
 2954
 2950
 2950
 2952
 2954
 2956
 2960
 2966
 2972
 2974
 2974
 2974
 2974
 2986
 2986
 2988
 2986
 2976
 2962
 2944
 2922
 2898
 2872
 2842
 2806
 2770
 2730
 2690
 2650
 2608
 2568
 2528
 2488
 2450
 2412
 2372
 2336
 2292
 2246
 2206
 2168
 2142
 2112
 2084
 2056
 2022
 1990
 1960
 1926
 1894
 1864
 1830
 1796
 1760
 1722
 1684
 1654
 1632
 1624
 1630
 1648
 1672
 1706
 1748
 1788
 1828
 1874
 1920
 1974
 2032
 2088
 2144
 2192
 2236
 2278
 2314
 2350
 2384
 2414
 2442
 2468
 2492
 2512
 2530
 2550
 2570
 2588
 2608
 2626
 2646
 2668
 2686
 2698
 2710
 2724
 2752
 2778
 2800
 2826
 2850
 2874
 2896
 2914
 2932
 2944
 2950
 2960
 2970
 2978
 2984
 2990
 2996
 3000
 3006
 3010
 3016
 3022
 3024
 3024
 3020
 3010
 2994
 2974
 2956
 2940
 2912
 2888
 2858
 2822
 2786
 2746
 2710
 2672
 2632
 2590
 2544
 2496
 2444
 2392
 2340
 2290
 2240
 2190
 2142
 2092
 2046
 1996
 1942
 1894
 1852
 1812
 1784
 1750
 1718
 1684
 1644
 1608
 1572
 1538
 1512
 1492
 1482
 1480
 1486
 1508
 1536
 1578
 1626
 1682
 1744
 1810
 1872
 1930
 1984
 2034
 2090
 2150
 2204
 2256
 2310
 2356
 2398
 2436
 2468
 2502
 2530
 2556
 2580
 2602
 2622
 2644
 2662
 2680
 2700
 2718
 2738
 2762
 2780
 2796
 2812
 2826
 2852
 2880
 2906
 2932
 2950
 2966
 2980
 2990
 2998
 3004
 3008
 3014
 3016
 3014
 3016
 3014
 3016
 3014
 3014
 3014
 3016
 3016
 3018
 3016
 3010
 3006
 3006
 3016
 3022
 3026
 3024
 3012
 2998
 2976
 2948
 2920
 2890
 2854
 2818
 2778
 2738
 2698
 2656
 2616
 2576
 2536
 2494
 2452
 2414
 2370
 2318
 2268
 2222
 2180
 2140
 2096
 2052
 2000
 1946
 1890
 1832
 1776
 1724
 1668
 1612
 1548
 1482
 1410
 1336
 1264
 1190
 1114
 1044
 986
 930
 876
 832
 800
 786
 786
 796
 812
 842
 878
 924
 978
 1042
 1112
 1188
 1266
 1342
 1416
 1486
 1554
 1622
 1686
 1750
 1812
 1874
 1932
 1986
 2034
 2092
 2150
 2206
 2260
 2310
 2354
 2398
 2436
 2474
 2508
 2540
 2572
 2600
 2626
 2646
 2668
 2692
 2714
 2738
 2760
 2784
 2804
 2820
 2834
 2844
 2870
 2896
 2922
 2954
 2976
 2994
 3006
 3012
 3020
 3030
 3036
 3040
 3042
 3042
 3040
 3040
 3038
 3036
 3036
 3034
 3034
 3032
 3026
 3022
 3016
 3004
 2988
 2972
 2962
 2946
 2932
 2914
 2890
 2868
 2840
 2810
 2776
 2738
 2698
 2658
 2614
 2566
 2520
 2472
 2422
 2376
 2328
 2280
 2234
 2190
 2146
 2104
 2058
 2012
 1972
 1930
 1900
 1866
 1834
 1802
 1772
 1748
 1732
 1726
 1734
 1750
 1776
 1810
 1846
 1886
 1932
 1980
 2032
 2084
 2134
 2186
 2236
 2286
 2328
 2366
 2402
 2438
 2486
 2534
 2582
 2630
 2674
 2716
 2752
 2780
 2808
 2836
 2860
 2884
 2902
 2918
 2932
 2944
 2956
 2966
 2978
 2984
 2988
 2994
 2998
 3000
 3000
 3006
 3022
 3038
 3054
 3068
 3074
 3078
 3082
 3082
 3082
 3078
 3074
 3066
 3054
 3034
 3014
 2992
 2964
 2934
 2902
 2866
 2830
 2794
 2750
 2708
 2668
 2636
 2606
 2572
 2538
 2500
 2458
 2412
 2362
 2316
 2268
 2218
 2168
 2114
 2056
 1998
 1938
 1876
 1818
 1760
 1698
 1632
 1552
 1464
 1386
 1302
 1222
 1138
 1054
 968
 882
 802
 726
 658
 604
 560
 520
 484
 452
 430
 410
 396
 388
 382
 388
 404
 428
 470
 524
 596
 680
 772
 866
 962
 1062
 1154
 1242
 1328
 1410
 1492
 1566
 1638
 1708
 1774
 1838
 1900
 1962
 2020
 2072
 2122
 2168
 2214
 2270
 2324
 2376
 2430
 2474
