 2970
 2930
 2882
 2840
 2802
 2764
 2722
 2678
 2638
 2598
 2560
 2520
 2478
 2434
 2392
 2354
 2328
 2310
 2304
 2308
 2322
 2344
 2372
 2408
 2448
 2498
 2554
 2608
 2656
 2704
 2752
 2798
 2842
 2878
 2914
 2946
 2968
 2986
 3004
 3022
 3040
 3052
 3058
 3068
 3078
 3090
 3096
 3102
 3106
 3106
 3118
 3132
 3142
 3150
 3158
 3168
 3172
 3176
 3176
 3180
 3186
 3188
 3188
 3190
 3188
 3188
 3184
 3180
 3178
 3172
 3168
 3160
 3142
 3124
 3100
 3076
 3054
 3028
 2994
 2956
 2920
 2880
 2840
 2792
 2746
 2702
 2658
 2612
 2562
 2514
 2466
 2420
 2374
 2328
 2278
 2236
 2194
 2156
 2122
 2090
 2066
 2056
 2054
 2060
 2078
 2106
 2140
 2176
 2216
 2256
 2300
 2346
 2388
 2432
 2474
 2516
 2560
 2602
 2640
 2676
 2714
 2754
 2798
 2832
 2860
 2884
 2914
 2948
 2974
 2990
 3006
 3020
 3034
 3046
 3054
 3062
 3070
 3080
 3086
 3092
 3100
 3106
 3112
 3116
 3120
 3124
 3130
 3132
 3134
 3132
 3130
 3126
 3130
 3134
 3134
 3134
 3134
 3138
 3142
 3144
 3144
 3150
 3150
 3152
 3150
 3152
 3148
 3142
 3136
 3130
 3122
 3110
 3098
 3084
 3066
 3044
 3018
 2994
 2964
 2930
 2894
 2858
 2822
 2784
 2744
 2702
 2664
 2626
 2584
 2540
 2496
 2452
 2406
 2362
 2316
 2276
 2236
 2198
 2162
 2134
 2114
 2108
 2116
 2132
 2156
 2184
 2218
 2258
 2302
 2344
 2390
 2434
 2478
 2522
 2562
 2604
 2650
 2696
 2738
 2770
 2800
 2830
 2860
 2888
 2912
 2926
 2932
 2944
 2964
 2980
 2992
 3002
 3012
 3024
 3034
 3040
 3048
 3056
 3060
 3064
 3066
 3066
 3068
 3068
 3070
 3072
 3074
 3078
 3082
 3080
 3078
 3074
 3074
 3082
 3084
 3084
 3084
 3086
 3084
 3082
 3074
 3060
 3044
 3022
 2994
 2962
 2930
 2894
 2858
 2820
 2784
 2746
 2710
 2670
 2628
 2586
 2544
 2508
 2474
 2436
 2396
 2358
 2320
 2280
 2242
 2198
 2154
 2112
 2072
 2030
 1988
 1954
 1922
 1900
 1882
 1878
 1888
 1908
 1932
 1966
 2000
 2042
 2094
 2144
 2194
 2242
 2288
 2336
 2382
 2426
 2470
 2512
 2552
 2588
 2628
 2664
 2700
 2736
 2770
 2800
 2828
 2850
 2874
 2894
 2912
 2924
 2936
 2952
 2966
 2976
 2984
 2994
 3004
 3012
 3018
 3024
 3030
 3034
 3036
 3040
 3044
 3042
 3040
 3036
 3034
 3034
 3036
 3038
 3036
 3036
 3032
 3030
 3034
 3042
 3044
 3046
 3048
 3050
 3056
 3060
 3060
 3064
 3068
 3072
 3072
 3074
 3074
 3074
 3072
 3072
 3074
 3072
 3072
 3070
 3070
 3066
 3060
 3058
 3060
 3062
 3060
 3054
 3050
 3044
 3036
 3024
 3004
 2984
 2958
 2932
 2904
 2872
 2838
 2802
 2766
 2728
 2690
 2652
 2614
 2574
 2534
 2492
 2454
 2418
 2380
 2340
 2304
 2266
 2228
 2186
 2144
 2102
 2056
 2012
 1968
 1924
 1882
 1842
 1804
 1770
 1742
 1728
 1726
 1736
 1750
 1774
 1804
 1842
 1886
 1930
 1972
 2018
 2064
 2106
 2150
 2190
 2230
 2270
 2306
 2338
 2372
 2404
 2438
 2474
 2508
 2540
 2574
 2608
 2644
 2676
 2706
 2732
 2764
 2796
 2824
 2844
 2862
 2880
 2898
 2916
 2926
 2932
 2934
 2938
 2940
 2942
 2944
 2948
 2948
 2952
 2952
 2954
 2956
 2958
 2958
 2956
 2952
 2948
 2952
 2958
 2962
 2964
 2968
 2972
 2980
 2984
 2986
 2990
 2994
 2996
 2998
 2996
 2994
 2992
 2992
 2992
 2992
 2990
 2990
 2990
 2988
 2980
 2972
 2964
 2958
 2944
 2924
 2902
 2878
 2852
 2820
 2786
 2756
 2724
 2690
 2656
 2620
 2584
 2546
 2510
 2472
 2436
 2398
 2360
 2320
 2276
 2230
 2186
 2146
 2108
 2068
 2030
 2000
 1988
 1984
 1992
 2006
 2032
 2068
 2112
 2160
 2208
 2254
 2300
 2350
 2400
 2446
 2490
 2532
 2574
 2612
 2648
 2686
 2728
 2766
 2792
 2810
 2826
 2848
 2866
 2876
 2874
 2868
 2860
 2844
 2818
 2782
 2734
 2678
 2624
 2566
 2504
 2444
 2384
 2324
 2266
 2208
 2152
 2104
 2054
 2002
 1956
 1910
 1868
 1826
 1792
 1764
 1742
 1734
 1742
 1752
 1768
 1792
 1822
 1856
 1890
 1926
 1960
 2000
 2040
 2078
 2120
 2168
 2218
 2268
 2312
 2362
 2412
 2464
 2510
 2552
 2596
 2644
 2686
 2718
 2748
 2780
 2812
 2842
 2868
 2892
 2910
 2926
 2944
 2950
 2956
 2962
 2976
 2992
 3004
 3010
 3012
 3016
 3024
 3028
 3030
 3034
 3038
 3044
 3046
 3046
 3050
 3050
 3052
 3052
 3052
 3054
 3056
 3054
 3052
 3046
 3036
 3036
 3040
 3038
 3036
 3036
 3038
 3042
 3044
 3044
 3042
 3038
 3030
 3016
 3000
 2974
 2946
 2914
 2880
 2848
 2814
 2780
 2744
 2704
 2664
 2622
 2588
 2554
 2516
 2478
 2440
 2402
 2364
 2322
 2280
 2238
 2196
 2152
 2112
 2076
 2042
 2020
 2004
 2000
 2006
 2022
 2044
 2076
 2110
 2148
 2190
 2238
 2284
 2328
 2372
 2418
 2462
 2510
 2552
 2588
 2630
 2670
 2708
 2744
 2772
 2802
 2830
 2854
 2874
 2890
 2902
 2912
 2920
 2926
 2928
 2934
 2950
 2964
 2976
 2984
 2992
 2998
 3006
 3010
 3016
 3018
 3018
 3018
 3018
 3020
 3022
 3024
 3024
 3026
 3026
 3032
 3030
 3028
 3026
 3022
 3022
 3024
 3028
 3026
 3026
 3026
 3026
 3024
 3014
 3004
 2992
 2970
 2944
 2914
 2880
 2840
 2794
 2748
 2704
 2664
 2624
 2586
 2548
 2506
 2466
 2430
 2394
 2358
 2318
 2278
 2242
 2204
 2164
 2120
 2080
 2038
 1994
 1950
 1906
 1864
 1824
 1796
 1776
 1772
 1778
 1792
 1808
 1834
 1866
 1904
 1950
 1998
 2044
 2090
 2138
 2188
 2240
 2286
 2328
 2370
 2414
 2458
 2498
 2536
 2576
 2614
 2644
 2670
 2698
 2728
 2760
 2788
 2804
 2816
 2832
 2856
 2878
 2890
 2900
 2912
 2922
 2932
 2938
 2944
 2950
 2954
 2958
 2962
 2966
 2972
 2974
 2974
 2972
 2976
 2978
 2978
 2976
 2974
 2970
 2972
 2978
 2984
 2984
 2986
 2992
 2996
 2994
 2988
 2986
 2982
 2972
 2958
 2940
 2920
 2896
 2866
 2830
 2794
 2758
 2722
 2684
 2644
 2600
 2556
 2516
 2478
 2436
 2394
 2352
 2312
 2274
 2232
 2188
 2146
 2102
 2062
 2030
 2002
 1984
 1980
 1980
 1992
 2012
 2042
 2072
 2112
 2152
 2196
 2244
 2298
 2350
 2398
 2442
 2486
 2534
 2580
 2620
 2658
 2692
 2716
 2738
 2758
 2774
 2778
 2770
 2750
 2720
 2678
 2634
 2584
 2530
 2464
 2396
 2334
 2286
 2244
 2210
 2190
 2176
 2166
 2148
 2116
 2080
 2064
 2062
 2072
 2090
 2112
 2138
 2162
 2188
 2220
 2256
 2290
 2312
 2326
 2334
 2332
 2326
 2350
 2378
 2406
 2430
 2462
 2496
 2538
 2576
 2612
 2624
 2594
 2534
 2456
 2360
 2244
 2118
 1992
 1888
 1820
 1788
 1780
 1748
 1702
 1660
 1612
 1570
 1584
 1606
 1634
 1708
 1812
 1898
 1964
 2026
 2090
 2152
 2200
 2236
 2276
 2316
 2346
 2376
 2406
 2432
 2448
 2440
 2398
 2350
 2294
 2222
 2122
 2002
 1882
 1770
 1672
 1602
 1560
 1538
 1532
 1546
 1578
 1618
 1668
 1734
 1834
 1938
 2010
 2068
 2132
 2198
 2260
 2320
 2378
 2424
 2462
 2494
 2528
 2558
 2574
 2592
 2610
 2626
 2644
 2668
 2692
 2710
 2724
 2744
 2762
 2780
 2790
 2790
 2784
 2770
 2746
 2718
 2676
 2618
 2552
 2478
 2384
 2284
 2200
 2128
 2060
 1992
 1940
 1900
 1880
 1878
 1896
 1930
 1976
 2028
 2082
 2134
 2184
 2236
 2294
 2352
 2402
 2442
 2474
 2510
 2544
 2570
 2584
 2594
 2608
 2622
 2632
 2648
 2666
 2678
 2686
 2700
 2726
 2754
 2780
 2796
 2804
 2804
 2812
 2822
 2816
 2790
 2734
 2656
 2558
 2442
 2322
 2202
 2074
 1950
 1836
 1726
 1628
 1540
 1470
 1410
 1364
 1330
 1302
 1294
 1296
 1300
 1326
 1370
 1432
 1494
 1556
 1620
 1708
 1808
 1888
 1948
 2010
 2078
 2148
 2204
 2254
 2304
 2354
 2396
 2432
 2460
 2488
 2514
 2534
 2556
 2582
 2608
 2616
 2634
 2658
 2672
 2682
 2694
 2706
 2712
 2710
 2726
 2740
 2752
 2764
 2778
 2792
 2804
 2814
 2832
 2844
 2844
 2838
 2840
 2842
 2844
 2838
 2838
 2844
 2856
 2858
 2864
 2872
 2882
 2886
 2890
 2892
 2886
 2872
 2862
 2860
 2858
 2854
 2846
 2830
 2820
 2826
 2842
 2860
 2868
 2874
 2870
 2868
 2862
 2862
 2874
 2892
 2900
 2902
 2914
 2930
 2940
 2940
 2946
 2958
 2974
 2984
 2990
 2988
 2990
 3004
 3016
 3020
 3024
 3026
 3030
 3028
 3010
 2982
 2958
 2928
 2892
 2848
 2800
 2746
 2692
 2640
 2592
 2548
 2510
 2472
 2438
 2422
 2418
 2420
 2430
 2444
 2466
 2486
 2512
 2526
 2538
 2558
 2576
 2598
 2608
 2632
 2662
 2688
 2706
 2724
 2744
 2760
 2776
 2786
 2792
 2804
 2826
 2846
 2862
 2874
 2884
 2896
 2908
 2914
 2924
 2934
 2946
 2964
 2980
 2986
 2996
 3006
 3004
 3002
 2988
 2954
 2906
 2862
 2808
 2742
 2698
 2652
 2614
 2582
 2550
 2540
 2542
 2546
 2558
 2578
 2598
 2616
 2640
 2664
 2690
 2708
 2736
 2768
 2794
 2812
 2834
 2852
 2872
 2900
 2924
 2932
 2940
 2950
 2962
 2974
 2980
 2986
 2992
 3000
 3002
 3002
 3000
 3002
 3002
 2996
 2988
 2978
 2958
 2924
 2882
 2824
 2762
 2702
 2632
 2546
 2460
 2378
 2298
 2214
 2124
 2038
 1954
 1874
 1796
 1714
 1638
 1568
 1510
 1460
 1438
 1434
 1448
 1474
 1522
 1580
 1648
 1714
 1778
 1848
 1928
 2006
 2074
 2140
 2198
 2258
 2326
 2394
 2448
 2492
 2532
 2564
 2594
 2622
 2652
 2682
 2712
 2736
 2750
 2764
 2790
 2820
 2848
 2868
 2884
 2900
 2914
 2926
 2930
 2940
 2952
 2956
 2958
 2960
 2966
 2972
 2970
 2962
 2960
 2958
 2958
 2958
 2958
 2948
 2950
 2956
 2954
 2950
 2944
 2940
 2922
 2892
 2844
 2792
 2740
 2678
 2604
 2528
 2450
 2372
 2296
 2218
 2144
 2076
 2002
 1928
 1854
 1780
 1710
 1640
 1572
 1506
 1450
 1408
 1386
 1390
 1410
 1444
 1488
 1536
 1584
 1638
 1696
 1754
 1814
 1870
 1928
 1992
 2060
 2122
 2186
 2250
 2320
 2394
 2454
 2504
 2548
 2592
 2634
 2670
 2698
 2724
 2750
 2770
 2786
 2798
 2812
 2824
 2840
 2854
 2866
 2880
 2892
 2900
 2906
 2906
 2906
 2916
 2924
 2928
 2934
 2942
 2952
 2962
 2964
 2968
 2976
 2982
 2984
 2984
 2982
 2978
 2970
 2958
 2942
 2918
 2880
 2834
 2782
 2722
 2656
 2592
 2524
 2450
 2380
 2310
 2240
 2168
 2098
 2030
 1962
 1886
 1814
 1750
 1692
 1644
 1608
 1590
 1592
 1608
 1638
 1674
 1724
 1776
 1832
 1900
 1976
 2046
 2116
 2178
 2236
 2296
 2352
 2398
 2446
 2496
 2544
 2584
 2620
 2654
 2690
 2722
 2746
 2774
 2800
 2824
 2842
 2854
 2866
 2884
 2908
 2922
 2924
 2930
 2940
 2952
 2964
 2968
 2974
 2984
 2990
 2996
 3002
 3008
 3012
 3014
 3014
 3014
 3014
 3018
 3020
 3010
 3000
 2992
 2984
 2974
 2954
 2922
 2890
 2850
 2802
 2744
 2682
 2620
 2556
 2488
 2424
 2360
 2298
 2234
 2170
 2104
 2040
 1982
 1924
 1866
 1806
 1754
 1704
 1660
 1620
 1586
 1566
 1564
 1574
 1594
 1626
 1674
 1722
 1774
 1824
 1876
 1932
 1990
 2048
 2104
 2162
 2220
 2278
 2334
 2384
 2438
 2498
 2552
 2600
 2634
 2664
 2702
 2734
 2762
 2780
 2800
 2814
 2828
 2842
 2854
 2868
 2878
 2888
 2896
 2908
 2914
 2920
 2922
 2924
 2926
 2932
 2944
 2950
 2952
 2956
 2964
 2974
 2980
 2984
 2992
 2998
 3000
 3002
 3002
 3006
 3010
 3008
 3010
 3012
 3016
 3014
 3010
 3006
 2998
 2992
 2988
 2974
 2948
 2914
 2876
 2830
 2774
 2708
 2644
 2582
 2524
 2462
 2398
 2334
 2274
 2212
 2154
 2094
 2032
 1974
 1920
 1864
 1806
 1756
 1714
 1680
 1658
 1652
 1662
 1680
 1710
 1748
 1792
 1844
 1900
 1952
 2002
 2054
 2104
 2158
 2214
 2272
 2326
 2378
 2424
 2466
 2508
 2554
 2608
 2654
 2690
 2716
 2742
 2770
 2798
 2818
 2830
 2844
 2856
 2866
 2876
 2888
 2898
 2906
 2912
 2916
 2922
 2926
 2930
 2930
 2928
 2918
 2922
 2930
 2936
 2938
 2940
 2946
 2952
 2958
 2958
 2962
 2970
 2972
 2974
 2976
 2978
 2978
 2982
 2982
 2980
 2982
 2982
 2980
 2976
 2970
 2970
 2976
 2978
 2974
 2970
 2960
 2946
 2926
 2902
 2878
 2852
 2814
 2770
 2728
 2684
 2630
 2574
 2522
 2472
 2424
 2380
 2340
 2304
 2278
 2266
 2270
 2282
 2296
 2320
 2348
 2384
 2418
 2456
 2492
 2528
 2562
 2594
 2624
 2656
 2688
 2722
 2750
 2772
 2794
 2814
 2830
 2844
 2854
 2862
 2876
 2892
 2904
 2910
 2916
 2920
 2928
 2936
 2942
 2950
 2960
 2962
 2968
 2972
 2976
 2976
 2974
 2974
 2974
 2976
 2978
 2976
 2972
 2964
 2962
 2968
 2972
 2974
 2976
 2978
 2984
 2986
 2984
 2974
 2964
 2944
 2918
 2886
 2848
 2806
 2756
 2706
 2652
 2602
 2552
 2500
 2446
 2390
 2334
 2282
 2232
 2184
 2134
 2086
 2038
 1988
 1936
 1886
 1842
 1804
 1768
 1740
 1722
 1724
 1738
 1762
 1792
 1830
 1868
 1912
 1962
 2016
 2074
 2138
 2206
 2268
 2326
 2380
 2434
 2488
 2538
 2580
 2614
 2646
 2674
 2700
 2722
 2740
 2756
 2772
 2782
 2792
 2800
 2804
 2806
 2814
 2818
 2808
 2808
 2802
 2770
 2720
 2670
 2618
 2564
 2504
 2440
 2388
 2344
 2298
 2250
 2226
 2200
 2178
 2176
 2186
 2196
 2204
 2212
 2224
 2226
 2232
 2256
 2282
 2304
 2338
 2360
 2360
 2362
 2358
 2348
 2370
 2418
 2458
 2484
 2510
 2544
 2564
 2568
 2552
 2522
 2482
 2422
 2354
 2280
 2202
 2124
 2050
 1980
 1920
 1874
 1838
 1816
 1804
 1806
 1820
 1846
 1874
 1910
 1964
 2018
 2074
 2128
 2188
 2250
 2314
 2368
 2416
 2462
 2506
 2556
 2608
 2648
 2678
 2710
 2728
 2712
 2656
 2586
 2512
 2424
 2320
 2212
 2108
 2014
 1924
 1844
 1774
 1718
 1676
 1652
 1638
 1632
 1632
 1636
 1636
 1656
 1692
 1750
 1828
 1906
 1970
 2022
 2072
 2120
 2162
 2192
 2214
 2238
 2254
 2266
 2278
 2292
 2310
 2338
 2376
 2408
 2430
 2450
 2472
 2496
 2516
 2534
 2552
 2578
 2600
 2618
 2634
 2652
 2676
 2706
 2730
 2742
 2744
 2746
 2724
 2656
 2560
 2454
 2342
 2218
 2088
 1956
 1822
 1696
 1578
 1472
 1380
 1300
 1250
 1234
 1214
 1180
 1160
 1182
 1218
 1246
 1282
 1326
 1370
 1412
 1460
 1510
 1568
 1634
 1702
 1766
 1826
 1888
 1950
 2012
 2074
 2128
 2176
 2224
 2268
 2310
 2344
 2366
 2388
 2418
 2444
 2470
 2488
 2500
 2512
 2518
 2524
 2536
 2558
 2568
 2568
 2570
 2570
 2568
 2562
 2566
 2574
 2586
 2584
 2572
 2562
 2568
 2570
 2564
 2570
 2586
 2602
 2610
 2616
 2624
 2642
 2656
 2662
 2664
 2666
 2676
 2680
 2684
 2700
 2714
 2728
 2748
 2762
 2776
 2794
 2812
 2822
 2840
 2856
 2866
 2880
 2890
 2892
 2898
 2906
 2914
 2908
 2900
 2918
 2938
 2948
 2960
 2978
 3000
 3014
 3020
 3022
 3014
 2988
 2950
 2908
 2860
 2802
 2734
 2656
 2578
 2510
 2448
 2388
 2336
 2294
 2264
 2246
 2238
 2240
 2254
 2280
 2312
 2336
 2368
 2398
 2436
 2464
 2488
 2518
 2548
 2576
 2598
 2622
 2648
 2676
 2698
 2710
 2728
 2748
 2786
 2836
 2870
 2888
 2912
 2940
 2962
 2980
 2998
 3014
 3030
 3040
 3052
 3066
 3078
 3080
 3080
 3078
 3078
 3076
 3060
 3056
 3078
 3086
 3088
 3082
 3070
 3052
 3022
 2976
 2926
 2866
 2796
 2728
 2658
 2584
 2514
 2442
 2362
 2296
 2238
 2174
 2120
 2088
 2052
 2036
 2042
 2064
 2084
 2108
 2144
 2180
 2212
 2244
 2278
 2312
 2348
 2382
 2414
 2446
 2480
 2516
 2550
 2584
 2624
 2660
 2704
 2742
 2772
 2800
 2836
 2870
 2896
 2918
 2934
 2948
 2956
 2964
 2976
 2982
 2984
 2982
 2980
 2990
 2994
 2994
 2990
 2964
 2950
 2946
 2936
 2930
 2928
 2930
 2938
 2942
 2948
 2958
 2970
 2978
 2984
 2990
 2996
 3002
 3004
 3006
 3008
 3014
 3018
 3018
 3014
 3010
 3006
 2990
 2948
 2892
 2832
 2776
 2724
 2672
 2610
 2540
 2450
 2356
 2266
 2174
 2074
 1974
 1872
 1778
 1690
 1600
 1502
 1426
 1370
 1354
 1386
 1434
 1482
 1554
 1640
 1726
 1804
 1874
 1946
 2022
 2098
 2156
 2206
 2248
 2284
 2314
 2344
 2372
 2398
 2426
 2446
 2456
 2464
 2486
 2510
 2526
 2538
 2550
 2562
 2568
 2568
 2566
 2572
 2572
 2568
 2566
 2562
 2558
 2554
 2542
 2534
 2532
 2528
 2520
 2510
 2502
 2496
 2502
 2508
 2506
 2508
 2520
 2520
 2510
 2498
 2498
 2500
 2502
 2506
 2518
 2530
 2536
 2542
 2548
 2550
 2544
 2534
 2522
 2502
 2492
 2502
 2520
 2540
 2556
 2580
 2608
 2634
 2658
 2678
 2696
 2712
 2726
 2742
 2756
 2770
 2782
 2790
 2804
 2816
 2830
 2832
 2830
 2828
 2830
 2830
 2816
 2798
 2770
 2728
 2672
 2602
 2530
 2456
 2376
 2296
 2210
 2122
 2034
 1950
 1870
 1798
 1736
 1686
 1654
 1636
 1638
 1664
 1706
 1760
 1816
 1886
 1960
 2038
 2120
 2194
 2264
 2332
 2400
 2464
 2524
 2576
 2618
 2660
 2696
 2730
 2760
 2784
 2802
 2820
 2838
 2868
 2900
 2916
 2926
 2938
 2954
 2970
 2982
 2988
 2996
 3006
 3016
 3024
 3028
 3028
 3030
 3032
 3034
 3040
 3048
 3054
 3056
 3056
 3052
 3062
 3072
 3080
 3084
 3088
 3096
 3104
 3114
 3118
 3126
 3130
 3128
 3126
 3118
 3098
 3066
 3030
 2984
 2930
 2872
 2808
 2742
 2676
 2602
 2532
 2468
 2398
 2328
 2256
 2186
 2116
 2048
 1978
 1912
 1848
 1780
 1710
 1646
 1590
 1548
 1520
 1512
 1524
 1554
 1594
 1642
 1704
 1770
 1850
 1930
 2008
 2080
 2154
 2224
 2298
 2370
 2436
 2498
 2556
 2608
 2650
 2692
 2730
 2764
 2794
 2822
 2844
 2866
 2886
 2902
 2912
 2920
 2930
 2950
 2966
 2976
 2986
 2998
 3016
 3026
 3032
 3036
 3044
 3050
 3052
 3056
 3062
 3064
 3068
 3068
 3064
 3068
 3074
 3078
 3080
 3078
 3078
 3088
 3098
 3100
 3102
 3106
 3114
 3124
 3130
 3130
 3136
 3140
 3140
 3138
 3134
 3132
 3132
 3130
 3128
 3128
 3130
 3128
 3124
 3118
 3110
 3106
 3102
 3092
 3076
 3058
 3036
 3004
 2964
 2910
 2858
 2804
 2744
 2678
 2614
 2550
 2488
 2424
 2364
 2304
 2244
 2186
 2126
 2068
 2010
 1956
 1902
 1842
 1784
 1730
 1684
 1638
 1606
 1590
 1594
 1612
 1642
 1680
 1724
 1776
 1840
 1904
 1968
 2034
 2098
 2164
 2230
 2292
 2348
 2404
 2468
 2530
 2582
 2622
 2658
 2694
 2728
 2756
 2776
 2800
 2818
 2832
 2842
 2852
 2868
 2880
 2890
 2902
 2912
 2916
 2918
 2920
 2920
 2920
 2930
 2940
 2950
 2952
 2960
 2968
 2976
 2984
 2986
 2992
 2996
 2998
 2998
 3000
 3004
 3002
 2998
 2998
 2998
 3000
 3002
 3002
 3000
 2996
 2994
 3000
 3008
 3012
 3014
 3020
 3024
 3030
 3034
 3036
 3042
 3044
 3040
 3040
 3038
 3036
 3030
 3022
 3010
 2996
 2978
 2956
 2928
 2892
 2852
 2808
 2770
 2730
 2686
 2638
 2590
 2542
 2492
 2442
 2392
 2344
 2294
 2242
 2190
 2138
 2088
 2036
 1984
 1936
 1896
 1862
 1838
 1826
 1820
 1828
 1848
 1878
 1914
 1958
 2004
 2054
 2106
 2160
 2210
 2260
 2312
 2364
 2412
 2458
 2502
 2548
 2590
 2624
 2654
 2684
 2716
 2744
 2764
 2776
 2788
 2804
 2828
 2852
 2866
 2874
 2886
 2896
 2902
 2908
 2912
 2920
 2924
 2928
 2932
 2936
 2940
 2944
 2946
 2950
 2954
 2958
 2962
 2958
 2958
 2954
 2956
 2964
 2970
 2972
 2974
 2980
 2984
 2986
 2982
 2972
 2962
 2944
 2922
 2896
 2866
 2836
 2798
 2756
 2712
 2672
 2634
 2598
 2558
 2512
 2466
 2426
 2386
 2338
 2288
 2236
 2182
 2130
 2072
 2012
 1958
 1908
 1856
 1806
 1760
 1718
 1688
 1672
 1668
 1678
 1698
 1728
 1764
 1806
 1852
 1908
 1972
 2032
 2096
 2158
 2220
 2280
 2336
 2388
 2436
 2482
 2526
 2566
 2606
 2642
 2670
 2696
 2720
 2742
 2760
 2778
 2796
 2810
 2820
 2828
 2846
 2866
 2886
 2892
 2904
 2910
 2910
 2920
 2920
 2920
 2916
 2912
 2908
 2892
 2864
 2836
 2804
 2776
 2740
 2698
 2654
 2608
 2560
 2514
 2476
 2444
 2392
 2344
 2306
 2266
 2232
 2216
 2218
 2230
 2248
 2274
 2298
 2326
 2360
 2394
 2430
 2460
 2490
 2522
 2566
 2606
 2640
 2654
 2668
 2700
 2726
 2740
 2764
 2790
 2818
 2838
 2852
 2868
 2884
 2896
 2906
 2916
 2916
 2912
 2908
 2906
 2900
 2898
 2908
 2912
 2904
 2896
 2898
 2904
 2906
 2898
 2886
 2868
 2844
 2812
 2778
 2736
 2696
 2646
 2592
 2542
 2502
 2470
 2432
 2386
 2338
 2306
 2272
 2234
 2206
 2184
 2170
 2172
 2180
 2190
 2208
 2234
 2266
 2298
 2328
 2354
 2386
 2414
 2446
 2480
 2516
 2548
 2574
 2612
 2640
 2670
 2698
 2718
 2740
 2758
 2778
 2800
 2822
 2840
 2856
 2876
 2890
 2896
 2892
 2902
 2910
 2924
 2926
 2936
 2942
 2946
 2952
 2958
 2964
 2970
 2968
 2956
 2936
 2904
 2878
 2852
 2812
 2758
 2696
 2636
 2576
 2514
 2450
 2384
 2316
 2238
 2166
 2102
 2044
 1992
 1938
 1880
 1834
 1808
 1802
 1804
 1812
 1824
 1844
 1872
 1900
 1928
 1956
 1982
 2006
 2036
 2068
 2104
 2140
 2176
 2214
 2256
 2296
 2338
 2378
 2416
 2456
 2494
 2530
 2560
 2578
 2596
 2612
 2606
 2572
 2528
 2490
 2456
 2422
 2386
 2358
 2348
 2340
 2324
 2298
 2274
 2262
 2258
 2292
 2330
 2342
 2342
 2352
 2308
 2212
 2094
 1968
 1854
 1766
 1694
 1640
 1618
 1606
 1606
 1628
 1656
 1680
 1708
 1744
 1780
 1816
 1850
 1880
 1912
 1942
 1970
 1996
 2036
 2090
 2142
 2176
 2200
 2232
 2296
 2370
 2416
 2428
 2458
 2496
 2526
 2544
 2566
 2590
 2610
 2628
 2640
 2656
 2676
 2694
 2708
 2714
 2714
 2732
 2740
 2728
 2722
 2716
 2706
 2676
 2628
 2590
 2544
 2484
 2408
 2332
 2254
 2176
 2096
 2018
 1952
 1884
 1830
 1782
 1746
 1724
 1724
 1750
 1778
 1794
 1824
 1866
 1914
 1968
 2020
 2070
 2130
 2184
 2226
 2268
 2316
 2364
 2410
 2450
 2482
 2508
 2520
 2520
 2530
 2564
 2606
 2648
 2692
 2718
 2736
 2758
 2784
 2808
 2822
 2832
 2846
 2856
 2864
 2872
 2874
 2860
 2844
 2824
 2790
 2732
 2684
 2642
 2584
 2510
 2456
 2404
 2352
 2296
 2254
 2220
 2194
 2186
 2190
 2198
 2206
 2216
 2232
 2258
 2298
 2354
 2408
 2448
 2486
 2538
 2588
 2628
 2658
 2696
 2740
 2772
 2796
 2816
 2840
 2862
 2878
 2888
 2900
 2916
 2922
 2926
 2928
 2930
 2936
 2944
 2952
 2954
 2946
 2936
 2912
 2880
 2838
 2800
 2756
 2696
 2628
 2564
 2492
 2420
 2342
 2258
 2180
 2106
 2036
 1972
 1916
 1872
 1858
 1848
 1838
 1852
 1862
 1872
 1916
 1962
 2006
 2066
 2134
 2204
 2262
 2310
 2358
 2406
 2446
 2476
 2508
 2542
 2570
 2594
 2620
 2648
 2676
 2704
 2726
 2754
 2784
 2808
 2822
 2828
 2846
 2866
 2866
 2846
 2816
 2780
 2724
 2652
 2566
 2478
 2392
 2300
 2202
 2102
 2002
 1900
 1790
 1688
 1586
 1496
 1406
 1314
 1212
 1060
 930
 892
 898
 930
 972
 1026
 1104
 1194
 1278
 1374
 1478
 1584
 1692
 1802
 1914
 2012
 2096
 2170
 2232
 2290
 2342
 2400
 2444
 2496
 2572
 2648
 2702
 2742
 2774
 2790
 2792
 2802
 2814
 2820
 2826
 2822
 2816
 2816
 2814
 2806
 2804
 2808
 2814
 2822
 2826
 2826
 2822
 2826
 2842
 2858
 2858
 2848
 2838
 2826
 2796
 2742
 2676
 2608
 2538
 2458
 2368
 2268
 2170
 2070
 1972
 1872
 1776
 1678
 1574
 1468
 1370
 1276
 1182
 1086
 990
 916
 850
 794
 752
 734
 736
 760
 800
 850
 900
 958
 1026
 1098
 1176
 1254
 1330
 1412
 1496
 1578
 1664
 1766
 1866
 1966
 2056
 2140
 2216
 2292
 2366
 2430
 2488
 2538
 2582
 2620
 2656
 2682
 2708
 2732
 2750
 2772
 2796
 2814
 2824
 2830
 2840
 2862
 2888
 2898
 2904
 2918
 2934
 2952
 2964
 2970
 2982
 2992
 3000
 3006
 3012
 3018
 3020
 3020
 3024
 3024
 3026
 3030
 3032
 3026
 3016
 3014
 3024
 3032
 3036
 3038
 3040
 3040
 3036
 3026
 3012
 2992
 2962
 2922
 2874
 2820
 2758
 2690
 2618
 2546
 2474
 2404
 2330
 2256
 2180
 2102
 2028
 1956
 1876
 1796
 1722
 1648
 1576
 1504
 1434
 1368
 1306
 1240
 1176
 1112
 1062
 1028
 1020
 1032
 1062
 1108
 1162
 1218
 1284
 1356
 1434
 1518
 1598
 1668
 1742
 1818
 1892
 1964
 2030
 2100
 2172
 2234
 2294
 2352
 2414
 2476
 2534
 2578
 2618
 2658
 2692
 2724
 2750
 2770
 2792
 2822
 2848
 2870
 2888
 2908
 2926
 2942
 2954
 2964
 2976
 2982
 2986
 2990
 2994
 2998
 3004
 3010
 3010
 3016
 3020
 3022
 3020
 3018
 3014
 3020
 3030
 3034
 3038
 3042
 3050
 3056
 3062
 3062
 3068
 3070
 3064
 3064
 3062
 3064
 3066
 3064
 3062
 3064
 3064
 3068
 3068
 3062
 3050
 3038
 3030
 3018
 2996
 2966
 2932
 2892
 2842
 2784
 2724
 2664
 2602
 2534
 2462
 2388
 2318
 2246
 2174
 2102
 2030
 1960
 1896
 1828
 1760
 1690
 1630
 1570
 1508
 1446
 1388
 1334
 1286
 1242
 1206
 1192
 1200
 1220
 1256
 1298
 1350
 1406
 1468
 1538
 1610
 1680
 1752
 1822
 1892
 1964
 2036
 2118
 2200
 2276
 2340
 2400
 2460
 2516
 2566
 2604
 2640
 2670
 2700
 2728
 2756
 2778
 2794
 2806
 2820
 2832
 2850
 2866
 2876
 2884
 2884
 2894
 2912
 2924
 2928
 2930
 2942
 2952
 2962
 2966
 2970
 2980
 2986
 2988
 2994
 2998
 3000
 3004
 3004
 3004
 3006
 3010
 3014
 3010
 3004
 2996
 2998
 3006
 3006
 2998
 2992
 2988
 2976
 2948
 2908
 2864
 2824
 2780
 2730
 2674
 2616
 2560
 2502
 2444
 2382
 2322
 2266
 2206
 2140
 2072
 2006
 1948
 1888
 1826
 1760
 1702
 1646
 1594
 1552
 1522
 1512
 1520
 1536
 1566
 1608
 1658
 1714
 1774
 1830
 1888
 1958
 2022
 2082
 2140
 2202
 2278
 2356
 2426
 2478
 2520
 2564
 2608
 2644
 2676
 2704
 2724
 2744
 2760
 2778
 2796
 2812
 2824
 2838
 2852
 2872
 2888
 2900
 2906
 2904
 2908
 2924
 2938
 2948
 2954
 2962
 2972
 2982
 2990
 2994
 3002
 3008
 3010
 3014
 3018
 3020
 3022
 3024
 3026
 3026
 3030
 3034
 3032
 3030
 3022
 3018
 3024
 3028
 3028
 3028
 3028
 3026
 3022
 3010
 2992
 2972
 2942
 2906
 2868
 2826
 2778
 2728
 2676
 2622
 2570
 2522
 2470
 2412
 2354
 2294
 2240
 2188
 2130
 2072
 2012
 1950
 1888
 1826
 1766
 1716
 1674
 1642
 1622
 1618
 1630
 1654
 1682
 1722
 1764
 1814
 1868
 1922
 1978
 2034
 2102
 2178
 2248
 2310
 2370
 2430
 2488
 2540
 2582
 2618
 2652
 2684
 2708
 2734
 2756
 2778
 2796
 2810
 2824
 2840
 2858
 2872
 2880
 2886
 2896
 2910
 2924
 2930
 2938
 2948
 2960
 2970
 2974
 2980
 2990
 2996
 2998
 3002
 3006
 3008
 3008
 3002
 2984
 2964
 2934
 2904
 2878
 2838
 2788
 2734
 2692
 2642
 2580
 2522
 2464
 2408
 2356
 2292
 2236
 2188
 2138
 2076
 2024
 1980
 1938
 1896
 1888
 1904
 1920
 1938
 1972
 2014
 2062
 2118
 2174
 2224
 2272
 2322
 2368
 2418
 2460
 2496
 2528
 2560
 2580
 2606
 2640
 2658
 2674
 2706
 2736
 2748
 2764
 2778
 2786
 2792
 2802
 2810
 2814
 2802
 2782
 2756
 2728
 2688
 2630
 2580
 2528
 2466
 2422
 2372
 2310
 2250
 2206
 2170
 2152
 2146
 2150
 2164
 2184
 2214
 2248
 2288
 2330
 2364
 2398
 2436
 2476
 2512
 2546
 2586
 2622
 2646
 2674
 2706
 2728
 2746
 2770
 2794
 2816
 2828
 2840
 2850
 2848
 2832
 2804
 2774
 2726
 2666
 2590
 2516
 2474
 2420
 2340
 2274
 2236
 2196
 2168
 2158
 2156
 2166
 2182
 2200
 2232
 2272
 2308
 2342
 2374
 2404
 2448
 2488
 2528
 2564
 2600
 2628
 2656
 2700
 2744
 2772
 2802
 2822
 2852
 2868
 2868
 2862
 2850
 2826
 2786
 2728
 2656
 2586
 2504
 2414
 2358
 2294
 2204
 2138
 2072
 2016
 1966
 1926
 1896
 1886
 1890
 1906
 1928
 1962
 1994
 2030
 2064
 2102
 2132
 2168
 2204
 2244
 2282
 2320
 2364
 2398
 2422
 2430
 2460
 2534
 2596
 2630
 2646
 2694
 2734
 2752
 2754
 2742
 2722
 2690
 2644
 2602
 2562
 2518
 2458
 2396
 2320
 2236
 2160
 2114
 2064
 2016
 1988
 1944
 1912
 1912
 1926
 1946
 1964
 1986
 2018
 2050
 2102
 2140
 2176
 2210
 2244
 2280
 2312
 2340
 2360
 2380
 2382
 2368
 2392
 2430
 2470
 2516
 2554
 2586
 2630
 2672
 2706
 2736
 2764
 2782
 2796
 2796
 2782
 2756
 2724
 2676
 2614
 2544
 2480
 2418
 2350
 2272
 2192
 2112
 2026
 1940
 1854
 1776
 1700
 1630
 1570
 1524
 1498
 1488
 1488
 1506
 1534
 1560
 1588
 1614
 1640
 1670
 1712
 1750
 1780
 1810
 1848
 1890
 1922
 1962
 2014
 2032
 2052
 2112
 2156
 2182
 2210
 2250
 2296
 2338
 2380
 2424
 2470
 2508
 2544
 2584
 2622
 2638
 2640
 2630
 2596
 2504
 2434
 2376
 2280
 2174
 2088
 2004
 1918
 1840
 1760
 1686
 1612
 1554
 1514
 1484
 1468
 1468
 1480
 1508
 1542
 1586
 1638
 1692
 1756
 1812
 1864
 1902
 1960
 2020
 2070
 2110
 2162
 2224
 2278
 2320
 2362
 2418
 2468
 2504
 2542
 2580
 2622
 2664
 2694
 2720
 2742
 2776
 2786
 2780
 2808
 2852
 2878
 2884
 2874
 2872
 2860
 2832
 2786
 2726
 2660
 2586
 2502
 2416
 2330
 2244
 2162
 2088
 1996
 1906
 1818
 1742
 1668
 1592
 1516
 1460
 1424
 1410
 1414
 1434
 1458
 1492
 1538
 1586
 1636
 1692
 1740
 1796
 1846
 1902
 1978
 2036
 2072
 2126
 2190
 2232
 2278
 2336
 2398
 2454
 2498
 2534
 2568
 2604
 2634
 2664
 2688
 2714
 2738
 2762
 2756
 2736
 2730
 2772
 2796
 2798
 2800
 2778
 2746
 2712
 2674
 2620
 2558
 2480
 2390
 2308
 2224
 2142
 2054
 1960
 1868
 1782
 1690
 1594
 1500
 1408
 1324
 1236
 1150
 1072
 1002
 946
 912
 904
 914
 946
 986
 1040
 1108
 1180
 1252
 1322
 1394
 1470
 1552
 1632
 1708
 1782
 1850
 1920
 2000
 2084
 2160
 2230
 2298
 2368
 2440
 2498
 2542
 2584
 2618
 2644
 2674
 2704
 2728
 2740
 2748
 2758
 2770
 2774
 2766
 2752
 2734
 2710
 2668
 2604
 2526
 2442
 2350
 2246
 2134
 2024
 1922
 1814
 1712
 1612
 1508
 1400
 1300
 1186
 1036
 892
 768
 642
 524
 408
 298
 188
 70
 0
 0
 0
 0
 0
 0
 0
 0
 0
 0
 0
 0
 0
 0
 0
 0
 0
 0
 0
 0
 0
 0
 0
 0
 0
 0
 0
 0
 0
 0
 0
 0
 0
 0
 0
 0
 0
 140
 300
 452
 582
 682
 750
 800
 880
 1016
 1142
 1248
 1354
 1466
 1576
 1690
 1804
 1914
 2006
 2086
 2164
 2240
 2306
 2360
 2398
 2420
 2438
 2460
 2468
 2468
 2470
 2464
 2456
 2448
 2452
 2460
 2464
 2482
 2516
 2514
 2500
 2496
 2490
 2450
 2404
 2374
 2374
 2370
 2362
 2360
 2362
 2364
 2370
 2374
 2368
 2368
 2376
 2366
 2340
 2330
 2330
 2330
 2338
 2364
 2402
 2446
 2488
 2532
 2576
 2626
 2676
 2712
 2744
 2776
 2816
 2844
 2862
 2878
 2908
 2948
 2982
 3000
 3012
 3028
 3046
 3060
 3070
 3078
 3096
 3106
 3112
 3120
 3128
 3134
 3140
 3148
 3156
 3166
 3172
 3172
 3170
 3172
 3186
 3202
 3214
 3220
 3226
 3236
 3248
 3256
 3260
 3268
 3270
 3266
 3262
 3264
 3266
 3264
 3250
 3232
 3214
 3196
 3170
 3126
 3070
 3004
 2938
 2864
 2776
 2682
 2584
 2478
 2374
 2266
 2158
 2052
 1940
 1828
 1716
 1612
 1512
 1410
 1314
 1224
 1142
 1070
 1008
 964
 942
 954
 994
 1048
 1116
 1198
 1290
 1394
 1500
 1602
 1706
 1810
 1908
 2002
 2098
 2188
 2268
 2338
 2402
 2460
 2510
 2554
 2590
 2618
 2648
 2690
 2744
 2782
 2808
 2830
 2858
 2886
 2914
 2930
 2944
 2956
 2964
 2974
 2984
 2992
 2998
 3002
 3006
 3012
 3018
 3026
 3032
 3034
 3032
 3034
 3048
 3060
 3068
 3078
 3088
 3100
 3110
 3112
 3122
 3130
 3134
 3136
 3140
 3144
 3146
 3148
 3150
 3152
 3158
 3162
 3162
 3160
 3154
 3152
 3164
 3178
 3184
 3188
 3196
 3202
 3210
 3214
 3212
 3220
 3224
 3224
 3224
 3224
 3226
 3228
 3226
 3226
 3232
 3234
 3238
 3236
 3234
 3228
 3234
 3244
 3252
 3254
 3258
 3268
 3276
 3282
 3284
 3288
 3296
 3296
 3290
 3288
 3278
 3262
 3240
 3214
 3186
 3158
 3124
 3074
 3018
 2952
 2884
 2824
 2760
 2686
 2608
 2532
 2452
 2368
 2282
 2198
 2116
 2034
 1950
 1866
 1784
 1702
 1624
 1546
 1468
 1388
 1318
 1258
 1216
 1194
 1194
 1218
 1254
 1304
 1366
 1438
 1516
 1598
 1684
 1768
 1852
 1934
 2008
 2082
 2150
 2216
 2274
 2324
 2370
 2416
 2462
 2502
 2532
 2556
 2578
 2612
 2652
 2686
 2712
 2730
 2752
 2776
 2798
 2812
 2830
 2846
 2856
 2864
 2876
 2888
 2902
 2912
 2922
 2928
 2934
 2942
 2948
 2950
 2948
 2956
 2972
 2988
 2998
 3006
 3014
 3026
 3038
 3044
 3046
 3050
 3054
 3056
 3058
 3060
 3062
 3064
 3066
 3068
 3072
 3074
 3078
 3078
 3072
 3070
 3076
 3088
 3094
 3100
 3106
 3112
 3122
 3128
 3132
 3130
 3134
 3134
 3134
 3134
 3132
 3132
 3130
 3126
 3120
 3106
 3086
 3066
 3036
 2998
 2956
 2908
 2850
 2784
 2716
 2650
 2582
 2506
 2430
 2356
 2284
 2210
 2132
 2054
 1978
 1904
 1824
 1748
 1670
 1596
 1526
 1456
 1386
 1322
 1272
 1238
 1224
 1226
 1242
 1274
 1320
 1370
 1422
 1486
 1558
 1634
 1706
 1776
 1846
 1918
 1992
 2060
 2124
 2186
 2244
 2302
 2354
 2400
 2452
 2508
 2552
 2584
 2612
 2640
 2668
 2694
 2710
 2728
 2746
 2760
 2772
 2784
 2794
 2806
 2816
 2826
 2838
 2846
 2852
 2858
 2870
 2870
 2868
 2878
 2898
 2902
 2894
 2896
 2888
 2874
 2846
 2814
 2778
 2734
 2686
 2634
 2584
 2518
 2464
 2382
 2298
 2242
 2164
 2080
 2012
 1958
 1908
 1866
 1838
 1826
 1826
 1834
 1854
 1884
 1916
 1958
 2004
 2044
 2104
 2154
 2188
 2212
 2254
 2302
 2344
 2392
 2428
 2468
 2508
 2548
 2590
 2626
 2652
 2670
 2694
 2720
 2744
 2770
 2774
 2792
 2816
 2820
 2826
 2842
 2856
 2864
 2874
 2888
 2888
 2886
 2876
 2854
 2818
 2792
 2774
 2750
 2718
 2674
 2632
 2582
 2548
 2498
 2416
 2328
 2246
 2156
 2088
 2056
 2004
 1976
 1986
 2008
 2036
 2084
 2128
 2166
 2200
 2240
 2300
 2352
 2392
 2444
 2512
 2554
 2590
 2618
 2640
 2656
 2682
 2710
 2730
 2750
 2766
 2780
 2790
 2796
 2812
 2826
 2828
 2828
 2822
 2824
 2836
 2834
 2824
 2816
 2790
 2758
 2702
 2630
 2552
 2450
 2374
 2314
 2246
 2170
 2108
 2086
 2090
 2098
 2112
 2136
 2158
 2208
 2262
 2322
 2370
 2406
 2452
 2480
 2514
 2556
 2600
 2632
 2664
 2694
 2714
 2728
 2740
 2752
 2766
 2780
 2786
 2790
 2782
 2786
 2806
 2804
 2806
 2850
 2878
 2882
 2880
 2906
 2936
 2950
 2944
 2940
 2936
 2920
 2884
 2852
 2818
 2776
 2720
 2652
 2586
 2524
 2452
 2382
 2324
 2254
 2166
 2102
 2058
 1998
 1944
 1914
 1898
 1894
 1904
 1932
 1966
 2004
 2048
 2094
 2142
 2188
 2248
 2304
 2370
 2424
 2458
 2496
 2526
 2566
 2606
 2644
 2682
 2710
 2734
 2754
 2770
 2782
 2800
 2816
 2832
 2842
 2850
 2856
 2868
 2880
 2884
 2914
 2944
 2948
 2948
 2930
 2922
 2910
 2888
 2864
 2840
 2802
 2736
 2652
 2560
 2460
 2366
 2262
 2138
 2020
 1906
 1790
 1700
 1660
 1616
 1576
 1552
 1562
 1592
 1632
 1692
 1746
 1790
 1834
 1888
 1948
 2010
 2068
 2118
 2170
 2228
 2280
 2344
 2396
 2430
 2454
 2480
 2510
 2544
 2576
 2606
 2622
 2634
 2658
 2690
 2724
 2754
 2780
 2802
 2812
 2820
 2818
 2790
 2796
 2828
 2820
 2800
 2780
 2748
 2714
 2674
 2622
 2564
 2496
 2420
 2332
 2240
 2162
 2094
 2018
 1922
 1822
 1730
 1638
 1556
 1480
 1392
 1316
 1260
 1212
 1188
 1182
 1194
 1220
 1272
 1338
 1404
 1472
 1552
 1630
 1712
 1796
 1880
 1954
 2026
 2106
 2182
 2266
 2316
 2354
 2400
 2434
 2466
 2498
 2528
 2556
 2578
 2592
 2612
 2632
 2652
 2670
 2684
 2682
 2710
 2730
 2748
 2764
 2774
 2792
 2790
 2782
 2748
 2718
 2672
 2602
 2526
 2460
 2394
 2312
 2218
 2116
 2014
 1914
 1798
 1690
 1570
 1452
 1360
 1270
 1192
 1140
 1094
 1054
 1046
 1072
 1122
 1180
 1250
 1320
 1390
 1468
 1546
 1632
 1720
 1800
 1870
 1936
 1996
 2056
 2102
 2160
 2230
 2280
 2314
 2380
 2452
 2486
 2520
 2552
 2586
 2616
 2634
 2648
 2668
 2690
 2712
 2738
 2760
 2774
 2780
 2776
 2776
 2770
 2760
 2750
 2728
 2688
 2646
 2600
 2546
 2488
 2422
 2350
 2284
 2210
 2126
 2034
 1938
 1846
 1750
 1652
 1556
 1456
 1344
 1234
 1130
 1026
 934
 846
 746
 646
 556
 484
 430
 404
 412
 442
 488
 546
 612
 684
 772
 864
 956
 1052
 1148
 1250
 1352
 1446
 1530
 1618
 1710
 1790
 1858
 1918
 1980
 2040
 2104
 2160
 2204
 2240
 2276
 2308
 2336
 2362
 2392
 2410
 2422
 2436
 2456
 2476
 2488
 2496
 2494
 2500
 2524
 2554
 2574
 2586
 2600
 2624
 2646
 2660
 2674
 2690
 2700
 2706
 2718
 2722
 2730
 2736
 2742
 2748
 2758
 2770
 2772
 2774
 2772
 2776
 2796
 2814
 2818
 2816
 2810
 2802
 2788
 2760
 2712
 2658
 2586
 2506
 2418
 2316
 2206
 2094
 1980
 1864
 1752
 1640
 1528
 1416
 1304
 1200
 1108
 1012
 914
 810
 704
 602
 504
 406
 308
 218
 130
 44
 0
 0
 0
 0
 0
 0
 0
 46
 136
 230
 328
 440
 574
 706
 832
 950
 1072
 1198
 1322
 1436
 1538
 1632
 1724
 1814
 1900
 1982
 2056
 2122
 2174
 2218
 2262
 2308
 2352
 2392
 2422
 2448
 2492
 2544
 2592
 2622
 2638
 2654
 2676
 2696
 2704
 2714
 2726
 2734
 2736
 2740
 2748
 2758
 2766
 2770
 2774
 2784
 2796
 2802
 2808
 2808
 2814
 2840
 2864
 2880
 2896
 2916
 2936
 2948
 2950
 2954
 2966
 2974
 2978
 2978
 2982
 2986
 2992
 2992
 2994
 3000
 3006
 3008
 3006
 3000
 2998
 3012
 3032
 3032
 3032
 3036
 3044
 3048
 3040
 3026
 3018
 3002
 2970
 2932
 2890
 2838
 2780
 2710
 2638
 2562
 2484
 2394
 2296
 2198
 2100
 2012
 1926
 1832
 1740
 1648
 1560
 1470
 1382
 1292
 1208
 1124
 1036
 946
 856
 770
 686
 604
 528
 466
 424
 398
 390
 404
 438
 492
 564
 636
 718
 814
 912
 1010
 1102
 1188
 1282
 1386
 1480
 1568
 1656
 1744
 1832
 1914
 1990
 2062
 2134
 2198
 2248
 2294
 2334
 2386
 2448
 2492
 2516
 2536
 2562
 2594
 2626
 2646
 2660
 2678
 2692
 2706
 2720
 2734
 2750
 2764
 2772
 2782
 2794
 2810
 2824
 2834
 2838
 2836
 2852
 2880
 2904
 2918
 2930
 2944
 2960
 2976
 2984
 2994
 3002
 3002
 3004
 3006
 3010
 3012
 3014
 3016
 3018
 3022
 3030
 3034
 3034
 3032
 3028
 3038
 3054
 3064
 3070
 3076
 3086
 3098
 3108
 3112
 3118
 3124
 3128
 3130
 3130
 3134
 3130
 3126
 3124
 3124
 3128
 3130
 3130
 3124
 3114
 3106
 3108
 3106
 3088
 3066
 3042
 3010
 2972
 2924
 2860
 2800
 2732
 2656
 2576
 2492
 2410
 2326
 2244
 2154
 2066
 1982
 1898
 1812
 1730
 1644
 1562
 1482
 1400
 1316
 1238
 1162
 1084
 1006
 930
 864
 810
 776
 760
 770
 794
 832
 882
 944
 1020
 1106
 1194
 1286
 1380
 1472
 1566
 1674
 1780
 1876
 1960
 2038
 2114
 2184
 2248
 2304
 2358
 2406
 2440
 2468
 2494
 2522
 2550
 2572
 2594
 2610
 2630
 2650
 2668
 2686
 2700
 2730
 2760
 2782
 2798
 2818
 2842
 2864
 2882
 2894
 2906
 2922
 2932
 2942
 2948
 2954
 2962
 2970
 2972
 2972
 2978
 2984
 2988
 2986
 2980
 2980
 2994
 3012
 3020
 3024
 3032
 3038
 3038
 3026
 3006
 2984
 2956
 2920
 2876
 2822
 2764
 2702
 2634
 2560
 2482
 2404
 2328
 2246
 2156
 2062
 1972
 1890
 1806
 1720
 1634
 1552
 1468
 1388
 1306
 1228
 1150
 1076
 998
 920
 850
 784
 728
 690
 678
 692
 724
 766
 820
 886
 964
 1054
 1150
 1240
 1328
 1406
 1476
 1550
 1628
 1706
 1792
 1882
 1974
 2068
 2168
 2274
 2372
 2440
 2490
 2536
 2580
 2616
 2646
 2666
 2680
 2696
 2728
 2766
 2794
 2812
 2830
 2850
 2870
 2886
 2894
 2908
 2924
 2936
 2946
 2954
 2964
 2974
 2982
 2988
 2998
 3002
 3010
 3014
 3016
 3012
 3012
 3028
 3042
 3052
 3050
 3044
 3044
 3032
 2998
 2960
 2924
 2876
 2818
 2740
 2656
 2578
 2486
 2396
 2320
 2252
 2184
 2112
 2038
 1966
 1894
 1838
 1786
 1726
 1660
 1596
 1550
 1530
 1514
 1524
 1544
 1562
 1600
 1652
 1708
 1772
 1836
 1902
 1966
 2026
 2086
 2156
 2224
 2284
 2336
 2386
 2444
 2490
 2526
 2564
 2632
 2676
 2698
 2724
 2750
 2772
 2792
 2808
 2820
 2836
 2852
 2860
 2860
 2860
 2852
 2838
 2818
 2784
 2748
 2704
 2660
 2614
 2550
 2476
 2408
 2346
 2282
 2230
 2162
 2128
 2104
 2060
 2068
 2070
 2050
 2030
 2036
 2054
 2062
 2072
 2080
 2082
 2082
 2078
 2084
 2104
 2110
 2120
 2166
 2194
 2220
 2252
 2246
 2208
 2206
 2208
 2160
 2152
 2178
 2180
 2164
 2148
 2174
 2230
 2266
 2256
 2238
 2228
 2216
 2194
 2190
 2166
 2166
 2186
 2206
 2228
 2240
 2282
 2340
 2384
 2414
 2430
 2426
 2390
 2322
 2212
 2084
 1954
 1826
 1694
 1566
 1488
 1444
 1406
 1364
 1336
 1316
 1310
 1318
 1350
 1382
 1420
 1462
 1508
 1558
 1618
 1690
 1756
 1826
 1904
 1980
 2044
 2108
 2166
 2222
 2286
 2346
 2422
 2486
 2536
 2570
 2590
 2612
 2642
 2676
 2694
 2698
 2706
 2708
 2700
 2666
 2628
 2612
 2594
 2556
 2478
 2436
 2400
 2350
 2310
 2278
 2258
 2238
 2230
 2232
 2250
 2280
 2308
 2348
 2402
 2434
 2460
 2478
 2482
 2498
 2534
 2572
 2608
 2632
 2650
 2668
 2686
 2722
 2760
 2792
 2812
 2836
 2860
 2880
 2896
 2912
 2930
 2942
 2936
 2916
 2904
 2864
 2800
 2726
 2644
 2552
 2476
 2356
 2190
 2046
 1966
 1916
 1864
 1824
 1808
 1822
 1884
 1918
 1956
 1992
 2030
 2078
 2114
 2150
 2200
 2272
 2338
 2380
 2426
 2470
 2506
 2538
 2570
 2602
 2642
 2678
 2702
 2726
 2748
 2758
 2798
 2810
 2814
 2864
 2898
 2888
 2876
 2898
 2922
 2940
 2944
 2944
 2944
 2934
 2912
 2874
 2828
 2784
 2726
 2658
 2564
 2468
 2410
 2340
 2244
 2152
 2070
 1976
 1878
 1778
 1682
 1594
 1496
 1404
 1328
 1264
 1214
 1180
 1162
 1164
 1188
 1228
 1272
 1330
 1398
 1472
 1562
 1662
 1736
 1788
 1852
 1934
 2014
 2086
 2152
 2218
 2278
 2330
 2386
 2446
 2500
 2548
 2586
 2618
 2664
 2714
 2752
 2778
 2802
 2826
 2866
 2916
 2936
 2942
 2950
 2960
 2976
 2992
 2996
 3006
 3012
 3010
 2998
 2982
 2964
 2934
 2874
 2806
 2742
 2656
 2546
 2416
 2300
 2204
 2110
 2036
 1958
 1896
 1856
 1830
 1824
 1840
 1874
 1910
 1944
 1978
 2040
 2108
 2186
 2252
 2288
 2336
 2392
 2438
 2480
 2542
 2600
 2644
 2676
 2702
 2728
 2764
 2792
 2814
 2836
 2844
 2854
 2852
 2842
 2860
 2912
 2938
 2946
 2948
 2954
 2984
 3016
 3032
 3036
 3032
 3028
 3022
 3004
 2962
 2922
 2852
 2770
 2712
 2646
 2578
 2516
 2414
 2296
 2190
 2084
 1950
 1836
 1730
 1638
 1564
 1500
 1428
 1366
 1330
 1316
 1326
 1350
 1388
 1444
 1508
 1580
 1658
 1744
 1832
 1918
 2004
 2082
 2164
 2234
 2290
 2348
 2408
 2472
 2532
 2580
 2614
 2640
 2664
 2684
 2704
 2724
 2748
 2764
 2774
 2780
 2790
 2800
 2808
 2812
 2820
 2824
 2834
 2844
 2842
 2826
 2810
 2806
 2794
 2750
 2684
 2604
 2516
 2418
 2316
 2198
 2070
 1940
 1808
 1676
 1550
 1434
 1322
 1202
 1090
 982
 870
 766
 662
 556
 460
 374
 286
 202
 130
 82
 70
 90
 126
 174
 238
 312
 400
 498
 594
 688
 788
 890
 994
 1102
 1208
 1310
 1406
 1504
 1608
 1716
 1818
 1916
 2008
 2100
 2184
 2262
 2334
 2400
 2464
 2514
 2558
 2600
 2644
 2682
 2710
 2734
 2760
 2792
 2822
 2844
 2860
 2872
 2894
 2932
 2968
 2990
 3008
 3030
 3054
 3076
 3088
 3098
 3112
 3126
 3134
 3138
 3144
 3150
 3156
 3158
 3160
 3166
 3174
 3180
 3180
 3178
 3174
 3180
 3200
 3218
 3220
 3222
 3230
 3242
 3256
 3260
 3262
 3266
 3260
 3246
 3222
 3188
 3138
 3082
 3018
 2944
 2866
 2786
 2698
 2608
 2514
 2420
 2330
 2246
 2156
 2066
 1978
 1890
 1798
 1706
 1614
 1528
 1438
 1348
 1252
 1158
 1066
 974
 880
 784
 696
 618
 540
 468
 410
 378
 392
 432
 478
 528
 600
 688
 780
 876
 968
 1062
 1162
 1256
 1350
 1442
 1536
 1628
 1716
 1800
 1882
 1970
 2060
 2140
 2216
 2288
 2366
 2460
 2538
 2594
 2642
 2692
 2740
 2780
 2806
 2828
 2856
 2878
 2896
 2914
 2930
 2948
 2966
 2980
 2992
 3008
 3022
 3034
 3044
 3048
 3054
 3072
 3098
 3118
 3130
 3142
 3152
 3164
 3174
 3180
 3188
 3198
 3202
 3206
 3210
 3218
 3218
 3222
 3222
 3226
 3232
 3236
 3236
 3232
 3228
 3226
 3234
 3248
 3254
 3256
 3262
 3274
 3282
 3286
 3290
 3298
 3300
 3294
 3286
 3278
 3266
 3248
 3222
 3194
 3162
 3124
 3082
 3026
 2964
 2894
 2828
 2766
 2696
 2616
 2536
 2454
 2374
 2292
 2210
 2126
 2046
 1964
 1880
 1800
 1718
 1638
 1560
 1484
 1408
 1332
 1262
 1192
 1124
 1060
 1004
 968
 956
 960
 978
 1006
 1042
 1086
 1142
 1202
 1264
 1328
 1388
 1450
 1516
 1586
 1654
 1724
 1792
 1858
 1928
 1994
 2060
 2122
 2180
 2248
 2324
 2394
 2458
 2516
 2576
 2634
 2684
 2722
 2756
 2792
 2822
 2848
 2876
 2898
 2920
 2938
 2948
 2954
 2966
 2982
 2992
 2998
 2996
 3000
 3020
 3044
 3058
 3066
 3074
 3086
 3100
 3106
 3110
 3118
 3126
 3128
 3130
 3130
 3134
 3138
 3140
 3146
 3150
 3158
 3164
 3168
 3164
 3156
 3158
 3174
 3186
 3184
 3176
 3170
 3158
 3142
 3114
 3086
 3056
 3012
 2956
 2884
 2810
 2738
 2662
 2582
 2498
 2412
 2328
 2242
 2158
 2072
 1986
 1906
 1826
 1746
 1666
 1586
 1504
 1418
 1330
 1244
 1158
 1072
 990
 904
 824
 744
 666
 594
 532
 498
 492
 500
 524
 556
 604
 670
 744
 820
 894
 976
 1062
 1144
 1224
 1302
 1378
 1452
 1524
 1594
 1662
 1738
 1810
 1878
 1940
 2000
 2060
 2116
 2170
 2228
 2284
 2338
 2396
 2456
 2510
 2558
 2600
 2632
 2662
 2690
 2712
 2736
 2758
 2770
 2780
 2788
 2802
 2816
 2826
 2834
 2844
 2856
 2866
 2878
 2886
 2890
 2890
 2900
 2918
 2930
 2940
 2950
 2962
 2974
 2984
 2990
 2998
 3006
 3010
 3016
 3020
 3022
 3022
 3024
 3024
 3028
 3030
 3036
 3038
 3038
 3036
 3034
 3046
 3062
 3064
 3064
 3062
 3060
 3054
 3042
 3018
 2990
 2954
 2908
 2854
 2794
 2724
 2654
 2580
 2508
 2436
 2366
 2298
 2226
 2154
 2084
 2012
 1950
 1884
 1818
 1750
 1684
 1614
 1544
 1472
 1402
 1334
 1264
 1192
 1122
 1054
 992
 938
 896
 872
 872
 894
 928
 968
 1016
 1072
 1142
 1216
 1286
 1356
 1426
 1498
 1570
 1644
 1712
 1776
 1844
 1908
 1974
 2040
 2102
 2162
 2216
 2262
 2306
 2354
 2402
 2444
 2484
 2522
 2560
 2586
 2604
 2632
 2658
 2678
 2700
 2722
 2732
 2726
 2718
 2710
 2688
 2654
 2618
 2574
 2530
 2484
 2420
 2346
 2276
 2204
 2124
 2052
 1986
 1934
 1896
 1870
 1856
 1856
 1866
 1886
 1914
 1944
 1978
 2016
 2054
 2092
 2118
 2170
 2206
 2228
 2260
 2304
 2342
 2384
 2434
 2472
 2504
 2542
 2592
 2642
 2674
 2694
 2716
 2742
 2768
 2786
 2812
 2838
 2864
 2878
 2880
 2890
 2898
 2906
 2924
 2934
 2938
 2940
 2934
 2924
 2902
 2868
 2846
 2822
 2784
 2732
 2678
 2626
 2574
 2544
 2524
 2476
 2402
 2314
 2232
 2154
 2082
 2014
 1950
 1900
 1866
 1846
 1836
 1838
 1852
 1872
 1908
 1946
 1982
 2018
 2056
 2112
 2176
 2236
 2276
 2304
 2346
 2390
 2424
 2460
 2506
 2552
 2588
 2618
 2646
 2680
 2706
 2732
 2750
 2768
 2792
 2814
 2842
 2876
 2898
 2910
 2926
 2932
 2930
 2932
 2942
 2960
 2972
 2976
 2978
 2974
 2966
 2962
 2956
 2934
 2904
 2872
 2826
 2780
 2734
 2694
 2638
 2582
 2514
 2432
 2356
 2290
 2214
 2134
 2044
 1964
 1906
 1878
 1860
 1856
 1862
 1876
 1902
 1932
 1968
 2006
 2044
 2076
 2116
 2158
 2190
 2224
 2272
 2342
 2404
 2436
 2460
 2492
 2538
 2582
 2620
 2648
 2676
 2702
 2724
 2740
 2762
 2786
 2806
 2820
 2826
 2826
 2826
 2836
 2844
 2862
 2892
 2918
 2944
 2946
 2944
 2952
 2958
 2956
 2938
 2916
 2888
 2846
 2800
 2746
 2692
 2628
 2564
 2486
 2400
 2292
 2176
 2078
 2014
 1980
 1968
 1956
 1958
 1974
 1998
 2026
 2066
 2106
 2134
 2172
 2210
 2228
 2266
 2330
 2378
 2422
 2452
 2482
 2520
 2554
 2594
 2632
 2668
 2692
 2720
 2752
 2784
 2808
 2820
 2834
 2846
 2854
 2854
 2840
 2840
 2858
 2856
 2868
 2898
 2922
 2922
 2914
 2916
 2928
 2938
 2940
 2928
 2914
 2892
 2860
 2816
 2762
 2698
 2628
 2540
 2452
 2362
 2260
 2174
 2098
 2004
 1914
 1838
 1750
 1666
 1602
 1556
 1530
 1532
 1548
 1568
 1602
 1644
 1694
 1754
 1808
 1862
 1920
 1970
 2018
 2066
 2120
 2168
 2218
 2260
 2330
 2394
 2420
 2460
 2508
 2546
 2580
 2624
 2668
 2704
 2728
 2744
 2758
 2780
 2804
 2814
 2830
 2826
 2814
 2782
 2732
 2678
 2622
 2566
 2506
 2438
 2360
 2270
 2184
 2096
 2016
 1950
 1878
 1800
 1730
 1672
 1612
 1546
 1490
 1474
 1500
 1556
 1592
 1634
 1698
 1754
 1812
 1886
 1960
 2022
 2080
 2132
 2182
 2232
 2292
 2376
 2444
 2498
 2534
 2550
 2564
 2594
 2628
 2660
 2676
 2686
 2694
 2700
 2710
 2728
 2744
 2756
 2760
 2754
 2752
 2734
 2696
 2668
 2644
 2594
 2562
 2528
 2456
 2360
 2278
 2218
 2150
 2066
 1970
 1872
 1782
 1694
 1606
 1518
 1444
 1382
 1342
 1332
 1350
 1366
 1380
 1406
 1450
 1498
 1568
 1652
 1722
 1788
 1846
 1900
 1958
 2026
 2090
 2150
 2210
 2266
 2316
 2362
 2404
 2440
 2476
 2510
 2534
 2554
 2572
 2606
 2646
 2672
 2688
 2706
 2726
 2754
 2776
 2784
 2800
 2812
 2820
 2826
 2832
 2836
 2838
 2830
 2814
 2796
 2766
 2720
 2660
 2590
 2508
 2426
 2336
 2232
 2116
 1996
 1882
 1772
 1658
 1544
 1440
 1352
 1288
 1240
 1216
 1208
 1204
 1202
 1202
 1214
 1232
 1242
 1252
 1262
 1280
 1298
 1322
 1344
 1366
 1386
 1404
 1416
 1408
 1404
 1416
 1422
 1426
 1432
 1444
 1458
 1472
 1488
 1502
 1514
 1518
 1514
 1506
 1496
 1488
 1478
 1468
 1460
 1458
 1470
 1498
 1538
 1584
 1644
 1716
 1790
 1870
 1958
 2042
 2118
 2192
 2262
 2324
 2376
 2416
 2448
 2478
 2528
 2580
 2620
 2646
 2670
 2702
 2738
 2766
 2784
 2802
 2822
 2836
 2850
 2864
 2880
 2892
 2904
 2912
 2922
 2934
 2944
 2944
 2946
 2942
 2950
 2970
 2988
 2998
 3004
 3016
 3030
 3044
 3048
 3054
 3058
 3060
 3058
 3052
 3032
 3008
 2984
 2958
 2924
 2882
 2834
 2780
 2716
 2644
 2564
 2494
 2426
 2352
 2274
 2194
 2120
 2044
 1964
 1886
 1814
 1742
 1662
 1582
 1502
 1424
 1350
 1280
 1214
 1156
 1112
 1082
 1072
 1084
 1116
 1174
 1244
 1318
 1394
 1478
 1572
 1664
 1752
 1832
 1908
 1984
 2062
 2142
 2218
 2288
 2356
 2420
 2478
 2532
 2578
 2622
 2660
 2694
 2726
 2754
 2792
 2828
 2850
 2868
 2888
 2910
 2932
 2950
 2958
 2966
 2978
 2984
 2990
 2996
 3002
 3010
 3016
 3018
 3020
 3026
 3032
 3036
 3030
 3020
 3016
 3028
 3042
 3044
 3046
 3052
 3064
 3076
 3078
 3082
 3088
 3092
 3092
 3092
 3092
 3092
 3092
 3092
 3094
 3096
 3098
 3102
 3098
 3086
 3062
 3048
 3040
 3026
 2998
 2968
 2930
 2892
 2842
 2784
 2722
 2658
 2586
 2508
 2432
 2358
 2284
 2202
 2120
 2044
 1972
 1902
 1832
 1760
 1688
 1618
 1552
 1490
 1428
 1358
 1288
 1222
 1162
 1104
 1056
 1024
 1014
 1026
 1048
 1086
 1136
 1194
 1258
 1326
 1400
 1478
 1560
 1638
 1720
 1798
 1882
 1974
 2062
 2144
 2218
 2292
 2362
 2420
 2470
 2518
 2566
 2608
 2640
 2670
 2698
 2724
 2752
 2772
 2788
 2802
 2822
 2838
 2848
 2856
 2864
 2884
 2904
 2916
 2922
 2930
 2938
 2946
 2956
 2956
 2960
 2968
 2972
 2976
 2978
 2980
 2984
 2990
 2990
 2992
 2996
 3002
 3006
 3004
 3002
 2996
 3002
 3014
 3022
 3024
 3026
 3030
 3040
 3046
 3048
 3050
 3054
 3050
 3046
 3040
 3028
 3012
 2990
 2966
 2936
 2904
 2868
 2824
 2772
 2714
 2654
 2600
 2544
 2486
 2422
 2358
 2298
 2236
 2170
 2102
 2038
 1972
 1906
 1838
 1764
 1692
 1618
 1540
 1466
 1390
 1320
 1254
 1190
 1126
 1072
 1034
 1022
 1034
 1058
 1090
 1144
 1206
 1274
 1344
 1410
 1484
 1558
 1630
 1702
 1772
 1840
 1906
 1970
 2034
 2098
 2166
 2226
 2278
 2328
 2374
 2428
 2488
 2534
 2568
 2598
 2628
 2660
 2692
 2716
 2730
 2750
 2766
 2780
 2794
 2808
 2824
 2834
 2842
 2848
 2860
 2872
 2884
 2890
 2890
 2892
 2904
 2922
 2934
 2944
 2952
 2964
 2976
 2986
 2992
 3000
 3006
 3008
 3012
 3014
 3018
 3024
 3026
 3028
 3034
 3038
 3040
 3032
 3018
 2998
 2980
 2964
 2946
 2916
 2876
 2832
 2786
 2732
 2676
 2612
 2548
 2482
 2412
 2342
 2272
 2204
 2138
 2068
 1998
 1928
 1864
 1806
 1742
 1682
 1620
 1562
 1508
 1452
 1396
 1340
 1286
 1240
 1202
 1172
 1158
 1168
 1188
 1214
 1252
 1296
 1348
 1406
 1466
 1528
 1588
 1652
 1718
 1784
 1852
 1916
 1982
 2052
 2118
 2184
 2250
 2312
 2372
 2430
 2482
 2528
 2574
 2612
 2644
 2676
 2706
 2732
 2754
 2774
 2790
 2808
 2824
 2838
 2852
 2860
 2866
 2888
 2910
 2920
 2924
 2928
 2938
 2950
 2958
 2962
 2966
 2974
 2976
 2976
 2980
 2982
 2988
 2992
 2992
 2998
 3002
 3008
 3010
 3008
 3004
 3000
 3000
 2996
 2980
 2958
 2932
 2900
 2852
 2790
 2730
 2666
 2600
 2536
 2476
 2422
 2364
 2302
 2238
 2180
 2128
 2082
 2036
 1984
 1924
 1872
 1836
 1812
 1814
 1826
 1844
 1878
 1920
 1972
 2016
 2062
 2110
 2154
 2194
 2240
 2286
 2330
 2376
 2416
 2450
 2482
 2514
 2532
 2554
 2596
 2644
 2684
 2714
 2742
 2776
 2806
 2828
 2848
 2866
 2878
 2892
 2900
 2904
 2896
 2882
 2866
 2844
 2814
 2768
 2740
 2710
 2656
 2598
 2538
 2456
 2380
 2318
 2258
 2194
 2128
 2062
 2000
 1944
 1898
 1862
 1844
 1830
 1822
 1830
 1844
 1862
 1886
 1918
 1964
 2010
 2052
 2084
 2114
 2166
 2224
 2272
 2320
 2384
 2440
 2488
 2524
 2560
 2592
 2620
 2644
 2656
 2666
 2672
 2678
 2716
 2760
 2774
 2776
 2796
 2826
 2846
 2852
 2854
 2870
 2892
 2894
 2884
 2880
 2870
 2854
 2822
 2782
 2752
 2706
 2648
 2596
 2552
 2500
 2440
 2374
 2300
 2228
 2168
 2116
 2072
 2032
 1998
 1984
 1982
 1986
 2002
 2030
 2054
 2084
 2134
 2190
 2240
 2288
 2340
 2394
 2460
 2514
 2556
 2592
 2628
 2668
 2706
 2730
 2748
 2768
 2794
 2828
 2852
 2866
 2884
 2908
 2926
 2932
 2934
 2962
 2980
 3000
 3016
 3020
 3026
 3028
 3024
 3012
 2992
 2964
 2934
 2892
 2842
 2784
 2734
 2682
 2622
 2560
 2494
 2432
 2392
 2340
 2278
 2226
 2178
 2136
 2100
 2068
 2050
 2044
 2048
 2064
 2090
 2122
 2158
 2196
 2230
 2266
 2314
 2366
 2412
 2450
 2500
 2540
 2574
 2630
 2676
 2708
 2744
 2776
 2804
 2828
 2854
 2878
 2898
 2920
 2940
 2962
 2988
 2996
 2998
 3000
 3022
 3058
 3074
 3072
 3076
 3086
 3096
 3102
 3096
 3084
 3060
 3026
 2986
 2938
 2882
 2822
 2758
 2692
 2620
 2550
 2480
 2418
 2372
 2318
 2268
 2220
 2154
 2088
 2018
 1966
 1942
 1942
 1952
 1970
 1994
 2026
 2066
 2110
 2162
 2216
 2266
 2310
 2342
 2378
 2412
 2458
 2508
 2556
 2610
 2668
 2710
 2740
 2782
 2824
 2858
 2878
 2894
 2910
 2926
 2938
 2952
 2968
 2974
 2980
 2988
 2996
 3020
 3038
 3044
 3030
 3026
 3042
 3064
 3068
 3054
 3040
 3030
 3018
 2996
 2952
 2910
 2868
 2816
 2760
 2700
 2644
 2600
 2550
 2498
 2438
 2370
 2290
 2220
 2164
 2110
 2058
 1994
 1920
 1848
 1784
 1722
 1668
 1620
 1582
 1558
 1542
 1548
 1578
 1606
 1636
 1690
 1756
 1820
 1882
 1958
 2032
 2108
 2176
 2252
 2342
 2420
 2480
 2534
 2586
 2636
 2680
 2708
 2732
 2766
 2794
 2816
 2834
 2848
 2870
 2890
 2898
 2906
 2914
 2920
 2924
 2926
 2928
 2944
 2968
 2982
 2988
 2984
 2986
 2986
 2990
 2978
 2952
 2910
 2868
 2822
 2776
 2728
 2682
 2638
 2580
 2514
 2452
 2390
 2326
 2260
 2196
 2136
 2074
 2008
 1942
 1872
 1810
 1744
 1678
 1622
 1586
 1556
 1542
 1558
 1598
 1640
 1692
 1752
 1814
 1880
 1944
 2012
 2082
 2150
 2218
 2292
 2368
 2434
 2488
 2540
 2592
 2640
 2674
 2686
 2704
 2732
 2750
 2766
 2780
 2794
 2802
 2812
 2826
 2842
 2854
 2860
 2860
 2858
 2864
 2884
 2902
 2902
 2894
 2888
 2880
 2868
 2838
 2798
 2754
 2696
 2634
 2570
 2496
 2422
 2344
 2262
 2184
 2110
 2034
 1956
 1880
 1802
 1728
 1662
 1598
 1530
 1466
 1402
 1334
 1268
 1204
 1138
 1076
 1018
 958
 896
 846
 806
 780
 776
 792
 820
 858
 908
 968
 1034
 1110
 1200
 1288
 1372
 1452
 1534
 1624
 1716
 1802
 1876
 1952
 2024
 2090
 2156
 2222
 2288
 2352
 2406
 2458
 2510
 2558
 2602
 2640
 2674
 2710
 2754
 2788
 2810
 2826
 2844
 2870
 2902
 2924
 2934
 2946
 2958
 2960
 2964
 2972
 2982
 2992
 2996
 3000
 3008
 3016
 3022
 3022
 3020
 3014
 3022
 3038
 3048
 3056
 3062
 3070
 3076
 3076
 3068
 3056
 3042
 3018
 2986
 2950
 2908
 2860
 2800
 2730
 2662
 2594
 2526
 2452
 2372
 2292
 2216
 2146
 2074
 1996
 1922
 1848
 1778
 1710
 1646
 1580
 1520
 1456
 1394
 1332
 1274
 1228
 1192
 1178
 1184
 1208
 1238
 1278
 1330
 1394
 1464
 1540
 1618
 1696
 1778
 1860
 1940
 2020
 2106
 2184
 2258
 2324
 2384
 2444
 2500
