 1998
 2008
 2030
 2058
 2094
 2134
 2174
 2210
 2246
 2284
 2324
 2370
 2412
 2450
 2488
 2520
 2552
 2578
 2604
 2632
 2656
 2680
 2700
 2720
 2738
 2754
 2772
 2786
 2802
 2818
 2830
 2844
 2858
 2868
 2876
 2882
 2888
 2906
 2916
 2926
 2938
 2948
 2956
 2960
 2964
 2970
 2978
 2982
 2984
 2986
 2984
 2984
 2980
 2980
 2976
 2974
 2972
 2970
 2968
 2962
 2958
 2956
 2956
 2950
 2948
 2950
 2962
 2972
 2984
 2996
 3004
 3012
 3018
 3020
 3026
 3030
 3032
 3032
 3026
 3014
 3002
 2986
 2970
 2948
 2922
 2894
 2866
 2836
 2804
 2772
 2738
 2704
 2668
 2632
 2596
 2570
 2544
 2516
 2492
 2466
 2436
 2406
 2374
 2344
 2314
 2282
 2250
 2216
 2180
 2140
 2100
 2058
 2016
 1976
 1936
 1898
 1862
 1822
 1786
 1760
 1740
 1738
 1746
 1766
 1796
 1832
 1874
 1918
 1962
 2008
 2052
 2094
 2134
 2176
 2218
 2254
 2286
 2320
 2350
 2382
 2416
 2448
 2478
 2506
 2534
 2564
 2600
 2634
 2668
 2704
 2734
 2760
 2782
 2804
 2826
 2846
 2862
 2880
 2890
 2896
 2904
 2912
 2922
 2930
 2940
 2950
 2960
 2970
 2978
 2980
 2984
 2986
 2996
 3008
 3018
 3028
 3036
 3042
 3040
 3032
 3026
 3016
 3002
 2982
 2954
 2926
 2894
 2860
 2826
 2792
 2758
 2724
 2688
 2654
 2622
 2592
 2560
 2522
 2484
 2450
 2418
 2394
 2366
 2340
 2312
 2280
 2248
 2212
 2178
 2148
 2114
 2082
 2048
 2010
 1972
 1932
 1896
 1866
 1846
 1840
 1844
 1858
 1882
 1914
 1950
 1988
 2026
 2066
 2110
 2162
 2210
 2258
 2304
 2346
 2388
 2424
 2456
 2486
 2516
 2542
 2566
 2586
 2606
 2624
 2642
 2660
 2678
 2696
 2716
 2732
 2750
 2768
 2786
 2802
 2816
 2830
 2844
 2864
 2886
 2908
 2928
 2946
 2962
 2970
 2976
 2984
 2992
 2998
 3004
 3008
 3010
 3012
 3012
 3012
 3010
 3012
 3012
 3012
 3010
 3008
 3006
 3004
 3002
 2994
 2984
 2970
 2958
 2948
 2930
 2910
 2890
 2860
 2828
 2790
 2754
 2720
 2684
 2646
 2608
 2568
 2526
 2480
 2436
 2392
 2346
 2302
 2258
 2212
 2162
 2108
 2054
 1998
 1932
 1864
 1802
 1738
 1676
 1604
 1530
 1450
 1360
 1268
 1172
 1082
 992
 898
 804
 700
 602
 508
 406
 302
 200
 110
 24
 0
 0
 0
 0
 0
 0
 0
 0
 0
 0
 0
 0
 0
 0
 0
 0
 0
 0
 0
 0
 0
 44
 240
 418
 566
 680
 768
 842
 922
 994
 1060
 1124
 1186
 1248
 1304
 1358
 1416
 1474
 1532
 1590
 1646
 1702
 1756
 1806
 1858
 1908
 1960
 2010
 2064
 2112
 2156
 2198
 2252
 2300
 2350
 2394
 2434
 2470
 2500
 2526
 2552
 2578
 2598
 2618
 2636
 2650
 2664
 2678
 2692
 2706
 2720
 2732
 2744
 2754
 2766
 2772
 2778
 2780
 2786
 2806
 2820
 2838
 2854
 2864
 2874
 2880
 2886
 2894
 2894
 2890
 2888
 2884
 2882
 2880
 2876
 2874
 2872
 2870
 2870
 2868
 2864
 2864
 2862
 2856
 2848
 2838
 2822
 2810
 2802
 2790
 2776
 2758
 2736
 2714
 2686
 2662
 2634
 2606
 2578
 2548
 2516
 2478
 2442
 2406
 2370
 2334
 2298
 2262
 2224
 2186
 2148
 2108
 2068
 2034
 2002
 1978
 1950
 1924
 1896
 1868
 1840
 1818
 1802
 1798
 1802
 1810
 1824
 1838
 1858
 1882
 1908
 1934
 1960
 1990
 2020
 2054
 2082
 2108
 2138
 2172
 2214
 2252
 2288
 2326
 2360
 2390
 2414
 2438
 2464
 2488
 2510
 2532
 2548
 2566
 2584
 2602
 2620
 2638
 2656
 2674
 2694
 2710
 2726
 2740
 2752
 2764
 2790
 2810
 2832
 2854
 2870
 2886
 2898
 2904
 2912
 2918
 2926
 2930
 2934
 2936
 2936
 2938
 2934
 2934
 2934
 2934
 2932
 2932
 2930
 2924
 2922
 2916
 2914
 2910
 2914
 2924
 2934
 2946
 2954
 2960
 2962
 2964
 2966
 2966
 2962
 2954
 2942
 2926
 2900
 2870
 2838
 2806
 2772
 2742
 2712
 2678
 2646
 2614
 2582
 2548
 2514
 2474
 2440
 2408
 2386
 2358
 2330
 2302
 2266
 2232
 2194
 2156
 2122
 2086
 2048
 2006
 1962
 1914
 1866
 1816
 1766
 1712
 1662
 1612
 1564
 1520
 1476
 1434
 1398
 1374
 1360
 1358
 1364
 1382
 1410
 1442
 1480
 1520
 1566
 1616
 1666
 1716
 1766
 1818
 1870
 1918
 1964
 2006
 2050
 2090
 2130
 2172
 2212
 2248
 2284
 2316
 2348
 2386
 2422
 2458
 2494
 2520
 2548
 2574
 2594
 2616
 2638
 2658
 2676
 2692
 2706
 2720
 2732
 2742
 2752
 2764
 2774
 2784
 2796
 2810
 2824
 2836
 2844
 2850
 2856
 2874
 2890
 2908
 2924
 2932
 2942
 2950
 2956
 2964
 2970
 2974
 2978
 2982
 2980
 2980
 2978
 2976
 2976
 2972
 2966
 2964
 2960
 2958
 2956
 2954
 2952
 2948
 2942
 2936
 2928
 2930
 2928
 2926
 2922
 2910
 2894
 2878
 2858
 2838
 2814
 2788
 2764
 2736
 2708
 2680
 2652
 2626
 2598
 2572
 2544
 2516
 2488
 2456
 2424
 2390
 2360
 2328
 2292
 2260
 2232
 2210
 2190
 2170
 2150
 2128
 2104
 2082
 2062
 2048
 2038
 2032
 2034
 2038
 2044
 2054
 2066
 2084
 2104
 2128
 2156
 2186
 2216
 2244
 2274
 2302
 2324
 2346
 2370
 2400
 2432
 2462
 2492
 2520
 2544
 2564
 2582
 2602
 2620
 2636
 2648
 2660
 2670
 2678
 2686
 2696
 2708
 2718
 2730
 2742
 2754
 2768
 2782
 2796
 2812
 2828
 2840
 2854
 2866
 2884
 2908
 2930
 2954
 2974
 2984
 2990
 2996
 3002
 3010
 3016
 3020
 3022
 3022
 3022
 3020
 3020
 3022
 3024
 3026
 3026
 3026
 3026
 3024
 3022
 3018
 3008
 2994
 2980
 2962
 2946
 2926
 2906
 2886
 2862
 2834
 2808
 2778
 2752
 2724
 2694
 2666
 2634
 2600
 2562
 2524
 2488
 2450
 2410
 2372
 2332
 2294
 2252
 2214
 2172
 2128
 2090
 2056
 2028
 2002
 1976
 1950
 1918
 1888
 1862
 1838
 1826
 1826
 1830
 1842
 1864
 1890
 1924
 1962
 2004
 2052
 2100
 2148
 2194
 2240
 2288
 2330
 2368
 2406
 2444
 2490
 2532
 2576
 2616
 2652
 2688
 2722
 2752
 2784
 2812
 2838
 2864
 2884
 2906
 2924
 2938
 2948
 2960
 2972
 2982
 2990
 2998
 3004
 3014
 3022
 3028
 3032
 3034
 3042
 3058
 3068
 3078
 3088
 3094
 3096
 3094
 3090
 3088
 3080
 3068
 3044
 3012
 2984
 2950
 2916
 2882
 2846
 2808
 2772
 2736
 2698
 2664
 2626
 2592
 2556
 2516
 2474
 2436
 2402
 2372
 2344
 2312
 2280
 2240
 2202
 2164
 2122
 2086
 2050
 2016
 1978
 1934
 1892
 1846
 1804
 1768
 1740
 1720
 1708
 1702
 1706
 1720
 1740
 1762
 1794
 1830
 1874
 1928
 1982
 2036
 2092
 2144
 2192
 2238
 2276
 2316
 2352
 2384
 2412
 2438
 2462
 2484
 2502
 2522
 2542
 2566
 2592
 2618
 2642
 2666
 2690
 2712
 2730
 2748
 2770
 2802
 2830
 2862
 2890
 2910
 2926
 2938
 2948
 2960
 2972
 2980
 2988
 2992
 2998
 3002
 3002
 3004
 3006
 3010
 3012
 3014
 3016
 3016
 3018
 3020
 3016
 3008
 3000
 2988
 2982
 2974
 2958
 2944
 2920
 2892
 2864
 2832
 2800
 2768
 2734
 2702
 2668
 2632
 2596
 2558
 2520
 2482
 2444
 2402
 2364
 2326
 2284
 2246
 2204
 2158
 2110
 2072
 2032
 1996
 1958
 1916
 1872
 1822
 1774
 1726
 1682
 1646
 1610
 1580
 1550
 1526
 1514
 1508
 1510
 1522
 1548
 1582
 1622
 1668
 1714
 1760
 1806
 1854
 1906
 1962
 2020
 2076
 2130
 2178
 2226
 2268
 2312
 2354
 2388
 2424
 2456
 2486
 2512
 2540
 2564
 2588
 2614
 2638
 2662
 2686
 2712
 2732
 2752
 2772
 2796
 2826
 2856
 2888
 2914
 2936
 2954
 2966
 2980
 2996
 3008
 3012
 3016
 3020
 3026
 3032
 3036
 3042
 3046
 3048
 3052
 3054
 3056
 3058
 3060
 3060
 3058
 3056
 3052
 3048
 3044
 3048
 3046
 3042
 3030
 3012
 2986
 2954
 2920
 2886
 2852
 2812
 2776
 2738
 2702
 2664
 2624
 2586
 2546
 2504
 2462
 2420
 2380
 2338
 2296
 2254
 2204
 2158
 2116
 2078
 2040
 2002
 1962
 1920
 1872
 1822
 1770
 1720
 1670
 1618
 1560
 1500
 1438
 1368
 1288
 1208
 1128
 1056
 982
 912
 846
 784
 724
 662
 610
 560
 526
 496
 468
 442
 418
 402
 396
 406
 434
 472
 524
 590
 674
 774
 884
 1000
 1118
 1224
 1316
 1400
 1476
 1546
 1610
 1680
 1750
 1816
 1884
 1946
 2004
 2058
 2104
 2150
 2194
 2234
 2270
 2304
 2336
 2366
 2398
 2426
 2456
 2486
 2514
 2540
 2566
 2588
 2610
 2626
 2644
 2672
 2698
 2724
 2750
 2768
 2786
 2802
 2814
 2826
 2840
 2850
 2860
 2870
 2876
 2882
 2886
 2888
 2886
 2888
 2888
 2892
 2892
 2894
 2896
 2900
 2900
 2900
 2900
 2910
 2926
 2936
 2950
 2960
 2966
 2972
 2976
 2980
 2984
 2984
 2986
 2988
 2984
 2978
 2972
 2970
 2966
 2964
 2962
 2960
 2960
 2960
 2958
 2958
 2956
 2952
 2952
 2950
 2958
 2966
 2976
 2984
 2984
 2980
 2974
 2964
 2954
 2940
 2922
 2900
 2874
 2848
 2820
 2790
 2762
 2732
 2706
 2678
 2650
 2622
 2592
 2564
 2534
 2502
 2466
 2436
 2404
 2380
 2350
 2318
 2284
 2242
 2200
 2156
 2110
 2070
 2026
 1980
 1934
 1886
 1836
 1786
 1736
 1688
 1644
 1602
 1566
 1536
 1514
 1500
 1494
 1502
 1520
 1556
 1594
 1638
 1684
 1732
 1780
 1828
 1868
 1910
 1952
 1992
 2030
 2066
 2100
 2136
 2172
 2206
 2238
 2274
 2308
 2342
 2376
 2402
 2426
 2450
 2478
 2510
 2542
 2576
 2608
 2638
 2662
 2684
 2706
 2730
 2752
 2772
 2790
 2802
 2818
 2834
 2846
 2860
 2872
 2880
 2890
 2898
 2904
 2910
 2912
 2912
 2916
 2928
 2944
 2958
 2976
 2988
 3000
 3010
 3016
 3020
 3026
 3030
 3032
 3030
 3024
 3020
 3014
 3008
 3002
 2992
 2978
 2964
 2946
 2926
 2904
 2878
 2852
 2822
 2790
 2762
 2740
 2720
 2698
 2680
 2656
 2628
 2600
 2568
 2538
 2508
 2478
 2446
 2412
 2372
 2332
 2290
 2248
 2206
 2166
 2122
 2084
 2040
 1996
 1952
 1902
 1848
 1796
 1748
 1702
 1658
 1612
 1562
 1504
 1446
 1384
 1324
 1266
 1206
 1140
 1072
 996
 916
 838
 760
 688
 622
 560
 498
 444
 388
 330
 276
 230
 192
 170
 150
 136
 126
 126
 136
 166
 218
 292
 390
 502
 614
 722
 820
 902
 974
 1032
 1080
 1128
 1174
 1224
 1272
 1326
 1392
 1460
 1530
 1600
 1666
 1726
 1784
 1836
 1886
 1934
 1978
 2018
 2056
 2092
 2126
 2160
 2196
 2230
 2266
 2298
 2332
 2362
 2388
 2412
 2432
 2460
 2492
 2520
 2552
 2576
 2598
 2620
 2636
 2652
 2668
 2684
 2698
 2712
 2724
 2736
 2748
 2758
 2768
 2778
 2790
 2800
 2814
 2824
 2836
 2850
 2860
 2874
 2884
 2892
 2898
 2910
 2924
 2936
 2952
 2966
 2974
 2978
 2978
 2976
 2982
 2984
 2984
 2984
 2982
 2982
 2980
 2976
 2974
 2972
 2970
 2968
 2964
 2958
 2954
 2950
 2946
 2942
 2932
 2916
 2900
 2882
 2868
 2854
 2836
 2822
 2802
 2784
 2762
 2740
 2718
 2692
 2666
 2638
 2610
 2580
 2548
 2516
 2482
 2450
 2416
 2384
 2350
 2316
 2282
 2246
 2214
 2176
 2140
 2106
 2076
 2050
 2028
 2004
 1990
 1978
 1974
 1980
 1990
 2008
 2030
 2054
 2082
 2112
 2140
 2168
 2200
 2234
 2266
 2298
 2330
 2360
 2390
 2422
 2450
 2474
 2496
 2518
 2546
 2576
 2602
 2632
 2658
 2680
 2700
 2714
 2730
 2746
 2762
 2774
 2786
 2794
 2800
 2806
 2812
 2818
 2824
 2832
 2840
 2848
 2856
 2862
 2868
 2870
 2872
 2882
 2898
 2908
 2918
 2928
 2934
 2940
 2938
 2938
 2940
 2940
 2940
 2940
 2938
 2938
 2934
 2934
 2928
 2926
 2924
 2922
 2922
 2920
 2918
 2918
 2918
 2914
 2910
 2904
 2902
 2912
 2918
 2926
 2932
 2936
 2936
 2932
 2928
 2922
 2912
 2900
 2886
 2866
 2844
 2820
 2796
 2774
 2750
 2728
 2704
 2682
 2658
 2634
 2610
 2584
 2554
 2526
 2502
 2482
 2462
 2440
 2418
 2394
 2364
 2334
 2304
 2274
 2242
 2210
 2180
 2146
 2110
 2076
 2042
 2014
 1996
 1984
 1982
 1988
 2000
 2020
 2042
 2064
 2090
 2116
 2152
 2190
 2228
 2270
 2308
 2342
 2374
 2402
 2432
 2458
 2484
 2510
 2532
 2552
 2572
 2592
 2608
 2626
 2644
 2662
 2678
 2692
 2706
 2716
 2724
 2732
 2742
 2762
 2782
 2802
 2822
 2838
 2852
 2862
 2870
 2882
 2890
 2894
 2896
 2896
 2898
 2900
 2900
 2900
 2902
 2904
 2904
 2906
 2904
 2904
 2906
 2906
 2906
 2904
 2904
 2912
 2922
 2930
 2936
 2940
 2942
 2942
 2938
 2936
 2930
 2922
 2908
 2888
 2864
 2838
 2812
 2784
 2758
 2732
 2706
 2678
 2650
 2622
 2592
 2562
 2534
 2502
 2470
 2438
 2410
 2388
 2366
 2342
 2320
 2292
 2260
 2234
 2204
 2178
 2152
 2130
 2108
 2088
 2072
 2060
 2056
 2056
 2066
 2078
 2100
 2124
 2150
 2182
 2210
 2236
 2264
 2292
 2330
 2370
 2408
 2448
 2484
 2516
 2548
 2572
 2596
 2620
 2640
 2662
 2680
 2696
 2710
 2724
 2738
 2748
 2760
 2770
 2778
 2788
 2796
 2802
 2806
 2812
 2820
 2836
 2854
 2870
 2890
 2904
 2916
 2924
 2930
 2934
 2936
 2938
 2938
 2940
 2936
 2932
 2926
 2924
 2922
 2920
 2920
 2918
 2920
 2920
 2920
 2918
 2916
 2912
 2912
 2918
 2926
 2934
 2944
 2950
 2952
 2956
 2954
 2958
 2960
 2956
 2952
 2948
 2942
 2938
 2932
 2928
 2924
 2920
 2918
 2912
 2910
 2906
 2902
 2896
 2888
 2876
 2860
 2844
 2830
 2822
 2808
 2794
 2778
 2756
 2736
 2712
 2688
 2662
 2630
 2600
 2568
 2532
 2492
 2454
 2412
 2372
 2330
 2292
 2252
 2212
 2170
 2130
 2086
 2036
 1982
 1934
 1884
 1834
 1778
 1712
 1640
 1556
 1470
 1382
 1294
 1216
 1136
 1056
 980
 902
 826
 750
 676
 604
 542
 488
 440
 398
 366
 352
 356
 380
 422
 484
 558
 644
 734
 822
 912
 1002
 1086
 1170
 1250
 1324
 1402
 1476
 1542
 1608
 1668
 1726
 1780
 1836
 1890
 1942
 1992
 2038
 2078
 2116
 2162
 2208
 2254
 2298
 2334
 2368
 2398
 2424
 2448
 2472
 2494
 2516
 2534
 2550
 2566
 2582
 2600
 2616
 2634
 2650
 2664
 2678
 2694
 2710
 2724
 2736
 2744
 2752
 2764
 2788
 2806
 2826
 2844
 2860
 2874
 2884
 2888
 2896
 2900
 2902
 2906
 2908
 2906
 2908
 2908
 2906
 2904
 2902
 2900
 2900
 2900
 2896
 2892
 2890
 2886
 2882
 2878
 2878
 2886
 2892
 2898
 2898
 2894
 2890
 2876
 2862
 2844
 2824
 2800
 2778
 2754
 2732
 2706
 2680
 2652
 2622
 2594
 2564
 2536
 2506
 2478
 2444
 2412
 2376
 2336
 2294
 2258
 2220
 2184
 2144
 2104
 2052
 1996
 1938
 1876
 1810
 1742
 1670
 1592
 1504
 1412
 1318
 1220
 1116
 1012
 906
 808
 718
 624
 530
 432
 330
 240
 154
 70
 0
 0
 0
 0
 0
 0
 0
 0
 0
 0
 0
 0
 0
 0
 0
 0
 0
 0
 0
 0
 0
 0
 0
 0
 0
 0
 0
 0
 0
 0
 0
 0
 0
 0
 0
 0
 0
 0
 0
 0
 0
 0
 0
 0
 0
 0
 0
 0
 0
 0
 0
 0
 0
 0
 0
 0
 0
 0
 0
 0
 0
 0
 0
 0
 30
 116
 218
 318
 416
 516
 610
 702
 788
 868
 950
 1034
 1118
 1204
 1286
 1360
 1434
 1500
 1564
 1624
 1684
 1742
 1796
 1850
 1902
 1944
 1992
 2056
 2114
 2174
 2226
 2270
 2310
 2342
 2372
 2402
 2428
 2452
 2472
 2492
 2504
 2518
 2532
 2542
 2554
 2566
 2576
 2586
 2598
 2608
 2618
 2628
 2638
 2646
 2656
 2662
 2666
 2668
 2678
 2696
 2708
 2724
 2734
 2742
 2748
 2752
 2754
 2756
 2756
 2754
 2754
 2752
 2750
 2750
 2746
 2744
 2742
 2742
 2742
 2744
 2746
 2746
 2748
 2750
 2756
 2758
 2760
 2762
 2762
 2770
 2782
 2794
 2808
 2822
 2830
 2834
 2838
 2846
 2854
 2858
 2860
 2862
 2862
 2864
 2862
 2862
 2860
 2858
 2856
 2854
 2854
 2854
 2856
 2860
 2862
 2866
 2866
 2866
 2866
 2868
 2884
 2898
 2906
 2914
 2920
 2924
 2928
 2928
 2930
 2932
 2932
 2932
 2926
 2920
 2914
 2908
 2906
 2902
 2902
 2900
 2900
 2900
 2898
 2898
 2896
 2892
 2888
 2882
 2880
 2882
 2882
 2882
 2874
 2858
 2840
 2820
 2798
 2776
 2752
 2724
 2692
 2656
 2622
 2586
 2546
 2508
 2470
 2430
 2390
 2352
 2314
 2276
 2232
 2188
 2148
 2110
 2074
 2042
 2004
 1966
 1926
 1886
 1850
 1822
 1800
 1788
 1784
 1784
 1790
 1802
 1818
 1836
 1864
 1894
 1930
 1966
 2006
 2044
 2080
 2114
 2148
 2188
 2238
 2282
 2328
 2368
 2404
 2436
 2464
 2490
 2516
 2540
 2562
 2582
 2598
 2612
 2626
 2640
 2652
 2664
 2676
 2688
 2700
 2712
 2720
 2724
 2732
 2744
 2766
 2784
 2802
 2816
 2826
 2834
 2840
 2844
 2852
 2860
 2866
 2868
 2870
 2872
 2874
 2874
 2874
 2876
 2876
 2878
 2882
 2884
 2884
 2880
 2874
 2868
 2878
 2884
 2894
 2904
 2908
 2912
 2914
 2912
 2914
 2914
 2910
 2908
 2904
 2900
 2892
 2886
 2882
 2878
 2872
 2868
 2866
 2864
 2862
 2860
 2858
 2854
 2850
 2850
 2864
 2876
 2886
 2898
 2902
 2904
 2902
 2898
 2898
 2898
 2894
 2890
 2888
 2882
 2878
 2872
 2866
 2864
 2860
 2858
 2858
 2858
 2860
 2860
 2858
 2858
 2858
 2872
 2884
 2896
 2904
 2906
 2906
 2904
 2900
 2898
 2894
 2886
 2880
 2872
 2860
 2848
 2836
 2820
 2806
 2792
 2776
 2760
 2742
 2724
 2702
 2676
 2650
 2628
 2612
 2594
 2572
 2554
 2528
 2500
 2474
 2448
 2422
 2398
 2374
 2358
 2344
 2336
 2330
 2334
 2338
 2352
 2370
 2390
 2416
 2442
 2464
 2488
 2510
 2544
 2580
 2614
 2646
 2674
 2698
 2720
 2736
 2752
 2766
 2778
 2786
 2790
 2796
 2798
 2800
 2804
 2808
 2812
 2814
 2818
 2824
 2826
 2828
 2828
 2832
 2852
 2868
 2884
 2902
 2914
 2918
 2920
 2922
 2926
 2930
 2926
 2924
 2920
 2916
 2912
 2908
 2904
 2902
 2902
 2902
 2900
 2900
 2898
 2896
 2892
 2890
 2898
 2910
 2920
 2934
 2944
 2946
 2952
 2954
 2956
 2956
 2952
 2948
 2946
 2942
 2936
 2932
 2928
 2924
 2922
 2920
 2916
 2916
 2914
 2912
 2910
 2904
 2900
 2898
 2904
 2914
 2918
 2928
 2934
 2940
 2942
 2942
 2944
 2946
 2944
 2942
 2942
 2938
 2934
 2930
 2924
 2918
 2916
 2912
 2908
 2908
 2902
 2900
 2898
 2894
 2884
 2876
 2868
 2872
 2878
 2880
 2884
 2886
 2884
 2880
 2874
 2868
 2858
 2846
 2832
 2814
 2794
 2772
 2748
 2724
 2696
 2670
 2638
 2604
 2570
 2536
 2500
 2462
 2424
 2382
 2342
 2310
 2284
 2262
 2242
 2228
 2216
 2212
 2214
 2224
 2238
 2258
 2278
 2306
 2332
 2362
 2392
 2420
 2450
 2478
 2506
 2532
 2558
 2582
 2606
 2622
 2640
 2654
 2674
 2702
 2726
 2752
 2776
 2790
 2806
 2816
 2824
 2834
 2840
 2844
 2850
 2854
 2854
 2858
 2858
 2860
 2862
 2866
 2868
 2870
 2874
 2876
 2876
 2874
 2876
 2888
 2904
 2918
 2936
 2946
 2948
 2948
 2944
 2944
 2946
 2944
 2942
 2940
 2934
 2932
 2926
 2922
 2918
 2916
 2914
 2910
 2908
 2906
 2904
 2902
 2896
 2890
 2888
 2898
 2906
 2908
 2910
 2906
 2904
 2898
 2888
 2880
 2866
 2848
 2828
 2802
 2770
 2740
 2704
 2666
 2626
 2586
 2544
 2500
 2454
 2410
 2362
 2310
 2256
 2212
 2168
 2128
 2084
 2038
 1988
 1934
 1876
 1818
 1760
 1700
 1642
 1580
 1514
 1448
 1382
 1322
 1268
 1216
 1168
 1128
 1098
 1076
 1060
 1052
 1060
 1082
 1124
 1178
 1244
 1320
 1396
 1470
 1550
 1626
 1702
 1778
 1850
 1920
 1990
 2050
 2108
 2160
 2212
 2260
 2304
 2346
 2386
 2422
 2452
 2476
 2500
 2534
 2568
 2602
 2632
 2658
 2680
 2700
 2714
 2730
 2744
 2756
 2768
 2776
 2782
 2788
 2792
 2796
 2800
 2804
 2806
 2812
 2814
 2818
 2822
 2826
 2828
 2828
 2826
 2832
 2846
 2858
 2870
 2884
 2890
 2894
 2892
 2892
 2894
 2896
 2894
 2894
 2892
 2888
 2884
 2880
 2878
 2876
 2874
 2874
 2874
 2872
 2874
 2876
 2880
 2882
 2886
 2886
 2884
 2884
 2882
 2890
 2898
 2908
 2918
 2922
 2922
 2920
 2916
 2914
 2906
 2894
 2882
 2866
 2846
 2824
 2796
 2768
 2740
 2708
 2676
 2642
 2608
 2570
 2532
 2490
 2440
 2396
 2352
 2314
 2278
 2238
 2198
 2154
 2106
 2060
 2012
 1972
 1934
 1894
 1852
 1802
 1750
 1696
 1640
 1588
 1542
 1504
 1478
 1464
 1464
 1476
 1502
 1540
 1586
 1648
 1712
 1774
 1836
 1894
 1950
 2000
 2048
 2098
 2146
 2194
 2242
 2286
 2326
 2362
 2394
 2428
 2460
 2488
 2516
 2542
 2562
 2578
 2596
 2626
 2652
 2682
 2712
 2732
 2752
 2770
 2784
 2800
 2816
 2828
 2842
 2854
 2860
 2870
 2878
 2884
 2892
 2896
 2900
 2906
 2906
 2904
 2902
 2904
 2916
 2928
 2940
 2954
 2964
 2970
 2972
 2970
 2972
 2972
 2970
 2966
 2958
 2946
 2932
 2916
 2894
 2868
 2840
 2810
 2778
 2744
 2710
 2668
 2622
 2578
 2534
 2502
 2462
 2422
 2382
 2338
 2294
 2250
 2208
 2166
 2126
 2086
 2044
 2000
 1954
 1906
 1854
 1802
 1750
 1700
 1652
 1606
 1560
 1512
 1474
 1452
 1442
 1450
 1470
 1502
 1542
 1586
 1634
 1680
 1730
 1788
 1842
 1898
 1952
 2006
 2058
 2110
 2158
 2206
 2250
 2296
 2340
 2384
 2420
 2452
 2482
 2508
 2548
 2588
 2626
 2666
 2698
 2722
 2744
 2760
 2778
 2796
 2810
 2824
 2834
 2848
 2856
 2866
 2876
 2884
 2890
 2894
 2900
 2906
 2918
 2926
 2934
 2940
 2944
 2946
 2948
 2960
 2968
 2980
 2992
 2994
 2990
 2986
 2978
 2968
 2954
 2932
 2908
 2882
 2854
 2820
 2786
 2750
 2716
 2678
 2640
 2602
 2562
 2524
 2484
 2442
 2404
 2362
 2316
 2278
 2242
 2216
 2182
 2148
 2114
 2072
 2032
 1988
 1944
 1906
 1866
 1826
 1784
 1742
 1710
 1684
 1668
 1664
 1670
 1686
 1714
 1752
 1800
 1846
 1894
 1946
 2002
 2068
 2134
 2194
 2260
 2322
 2374
 2420
 2458
 2494
 2532
 2564
 2596
 2624
 2650
 2676
 2698
 2718
 2738
 2758
 2778
 2796
 2812
 2824
 2836
 2846
 2856
 2872
 2894
 2910
 2922
 2934
 2942
 2950
 2956
 2962
 2970
 2974
 2978
 2980
 2982
 2980
 2980
 2980
 2976
 2972
 2972
 2970
 2970
 2970
 2968
 2966
 2962
 2958
 2958
 2964
 2970
 2978
 2986
 2988
 2986
 2982
 2974
 2964
 2948
 2926
 2902
 2872
 2842
 2808
 2772
 2738
 2704
 2668
 2632
 2596
 2562
 2526
 2490
 2450
 2406
 2362
 2324
 2290
 2258
 2222
 2188
 2152
 2110
 2074
 2032
 1992
 1954
 1916
 1880
 1844
 1816
 1794
 1780
 1782
 1794
 1818
 1848
 1888
 1932
 1976
 2018
 2062
 2106
 2162
 2218
 2270
 2324
 2370
 2412
 2452
 2488
 2522
 2556
 2586
 2614
 2640
 2662
 2686
 2708
 2728
 2748
 2768
 2784
 2802
 2818
 2830
 2838
 2848
 2862
 2884
 2906
 2928
 2948
 2958
 2968
 2974
 2982
 2990
 2992
 2996
 3000
 3000
 3002
 2998
 2994
 2990
 2986
 2982
 2978
 2972
 2962
 2956
 2942
 2922
 2894
 2864
 2834
 2818
 2796
 2774
 2756
 2730
 2704
 2676
 2644
 2614
 2582
 2548
 2512
 2474
 2434
 2394
 2350
 2306
 2262
 2220
 2176
 2134
 2094
 2050
 2008
 1964
 1914
 1870
 1834
 1800
 1778
 1760
 1754
 1752
 1762
 1784
 1808
 1842
 1878
 1916
 1958
 2002
 2048
 2094
 2138
 2180
 2216
 2250
 2284
 2316
 2348
 2380
 2410
 2440
 2468
 2498
 2540
 2580
 2622
 2662
 2696
 2726
 2754
 2778
 2804
 2824
 2842
 2860
 2878
 2890
 2902
 2912
 2920
 2924
 2928
 2932
 2940
 2942
 2944
 2946
 2946
 2944
 2944
 2950
 2964
 2978
 2992
 3002
 3008
 3012
 3012
 3014
 3014
 3010
 3004
 2996
 2984
 2968
 2948
 2928
 2904
 2880
 2848
 2818
 2788
 2756
 2726
 2696
 2660
 2628
 2596
 2570
 2548
 2522
 2494
 2464
 2428
 2392
 2354
 2318
 2280
 2242
 2204
 2162
 2118
 2074
 2032
 1994
 1962
 1940
 1928
 1924
 1932
 1950
 1972
 2000
 2034
 2074
 2124
 2178
 2228
 2278
 2324
 2366
 2402
 2434
 2464
 2496
 2524
 2552
 2576
 2598
 2622
 2644
 2664
 2686
 2704
 2726
 2744
 2762
 2778
 2792
 2802
 2814
 2826
 2848
 2868
 2890
 2912
 2926
 2940
 2948
 2954
 2960
 2964
 2968
 2970
 2970
 2968
 2966
 2964
 2964
 2962
 2960
 2958
 2956
 2956
 2950
 2944
 2940
 2934
 2924
 2912
 2902
 2900
 2892
 2886
 2874
 2858
 2840
 2820
 2798
 2776
 2754
 2726
 2698
 2666
 2632
 2598
 2562
 2528
 2490
 2452
 2410
 2374
 2338
 2302
 2268
 2230
 2188
 2148
 2112
 2082
 2056
 2032
 2008
 1982
 1960
 1942
 1928
 1924
 1930
 1940
 1956
 1976
 2002
 2030
 2058
 2092
 2126
 2160
 2196
 2238
 2280
 2324
 2360
 2392
 2422
 2454
 2494
 2532
 2572
 2610
 2646
 2680
 2710
 2738
 2764
 2790
 2810
 2830
 2846
 2862
 2874
 2886
 2898
 2906
 2910
 2914
 2920
 2924
 2932
 2934
 2934
 2932
 2932
 2936
 2952
 2962
 2976
 2990
 3000
 3006
 3008
 3008
 3010
 3010
 3004
 2996
 2986
 2972
 2954
 2930
 2904
 2876
 2848
 2818
 2784
 2748
 2716
 2678
 2640
 2606
 2572
 2548
 2518
 2488
 2460
 2422
 2380
 2338
 2290
 2246
 2198
 2150
 2096
 2036
 1978
 1916
 1848
 1778
 1702
 1624
 1544
 1456
 1366
 1270
 1174
 1074
 980
 888
 798
 710
 622
 536
 450
 368
 302
 240
 194
 164
 150
 156
 174
 194
 222
 262
 314
 380
 466
 568
 684
 808
 932
 1052
 1180
 1300
 1416
 1524
 1618
 1706
 1784
 1854
 1922
 1984
 2040
 2092
 2142
 2190
 2234
 2276
 2316
 2354
 2390
 2426
 2456
 2484
 2508
 2528
 2558
 2592
 2622
 2654
 2684
 2710
 2730
 2748
 2766
 2784
 2798
 2808
 2820
 2828
 2838
 2844
 2850
 2856
 2862
 2866
 2872
 2878
 2884
 2886
 2888
 2886
 2886
 2882
 2884
 2896
 2908
 2920
 2934
 2938
 2936
 2936
 2936
 2938
 2938
 2936
 2934
 2930
 2926
 2922
 2916
 2912
 2908
 2904
 2898
 2890
 2882
 2870
 2856
 2838
 2818
 2788
 2762
 2738
 2722
 2704
 2684
 2666
 2642
 2618
 2590
 2560
 2530
 2496
 2460
 2422
 2380
 2332
 2286
 2238
 2188
 2142
 2096
 2052
 2010
 1970
 1936
 1912
 1898
 1888
 1894
 1908
 1932
 1972
 2018
 2066
 2118
 2166
 2212
 2254
 2294
 2332
 2372
 2406
 2438
 2468
 2494
 2516
 2538
 2558
 2578
 2594
 2612
 2628
 2646
 2662
 2674
 2682
 2690
 2698
 2720
 2742
 2764
 2788
 2808
 2824
 2838
 2850
 2860
 2874
 2884
 2896
 2904
 2910
 2912
 2912
 2914
 2914
 2918
 2918
 2918
 2922
 2922
 2924
 2920
 2914
 2906
 2900
 2904
 2910
 2910
 2912
 2906
 2900
 2886
 2868
 2848
 2826
 2798
 2770
 2742
 2712
 2680
 2648
 2612
 2580
 2546
 2512
 2476
 2442
 2408
 2370
 2330
 2292
 2256
 2230
 2206
 2176
 2152
 2120
 2090
 2060
 2028
 2004
 1978
 1954
 1936
 1920
 1914
 1912
 1918
 1932
 1954
 1980
 2014
 2052
 2094
 2134
 2170
 2208
 2248
 2296
 2342
 2384
 2430
 2468
 2504
 2536
 2566
 2592
 2620
 2644
 2668
 2688
 2710
 2728
 2746
 2764
 2782
 2800
 2818
 2834
 2850
 2860
 2868
 2872
 2890
 2910
 2926
 2944
 2952
 2960
 2968
 2974
 2980
 2984
 2988
 2988
 2988
 2984
 2980
 2976
 2970
 2968
 2962
 2956
 2952
 2946
 2940
 2924
 2904
 2882
 2866
 2856
 2836
 2818
 2796
 2770
 2746
 2720
 2694
 2668
 2638
 2606
 2574
 2538
 2502
 2464
 2424
 2386
 2348
 2310
 2272
 2232
 2192
 2146
 2098
 2056
 2018
 1990
 1966
 1946
 1938
 1934
 1936
 1950
 1968
 1994
 2024
 2054
 2088
 2122
 2154
 2188
 2222
 2258
 2292
 2324
 2354
 2386
 2418
 2448
 2474
 2498
 2522
 2546
 2580
 2618
 2650
 2690
 2724
 2752
 2782
 2802
 2824
 2848
 2866
 2882
 2896
 2904
 2910
 2916
 2918
 2924
 2930
 2930
 2936
 2940
 2944
 2946
 2946
 2944
 2942
 2944
 2954
 2956
 2964
 2970
 2970
 2966
 2952
 2934
 2916
 2894
 2866
 2834
 2802
 2766
 2730
 2692
 2656
 2620
 2586
 2550
 2516
 2480
 2440
 2398
 2348
 2302
 2258
 2220
 2180
 2138
 2096
 2048
 1996
 1946
 1890
 1844
 1794
 1746
 1696
 1644
 1594
 1550
 1514
 1488
 1474
 1472
 1482
 1506
 1538
 1578
 1624
 1678
 1734
 1800
 1866
 1934
 1998
 2058
 2114
 2166
 2216
 2264
 2308
 2346
 2382
 2414
 2446
 2472
 2500
 2526
 2552
 2582
 2608
 2636
 2664
 2686
 2708
 2728
 2748
 2778
 2812
 2842
 2870
 2892
 2910
 2920
 2926
 2934
 2942
 2948
 2950
 2950
 2948
 2948
 2946
 2944
 2940
 2940
 2938
 2936
 2932
 2926
 2922
 2918
 2910
 2906
 2910
 2922
 2928
 2940
 2946
 2948
 2950
 2944
 2940
 2932
 2918
 2898
 2874
 2848
 2818
 2786
 2756
 2726
 2694
 2662
 2630
 2598
 2566
 2532
 2496
 2456
 2420
 2386
 2362
 2336
 2308
 2282
 2250
 2216
 2180
 2144
 2110
 2080
 2046
 2014
 1984
 1958
 1940
 1930
 1930
 1938
 1954
 1978
 2006
 2038
 2070
 2102
 2140
 2176
 2224
 2272
 2316
 2360
 2396
 2432
 2464
 2492
 2520
 2546
 2570
 2592
 2614
 2632
 2648
 2666
 2684
 2698
 2716
 2732
 2748
 2762
 2776
 2784
 2794
 2804
 2826
 2846
 2868
 2888
 2898
 2904
 2910
 2916
 2924
 2928
 2930
 2932
 2934
 2934
 2932
 2928
 2924
 2924
 2924
 2920
 2916
 2916
 2912
 2904
 2890
 2880
 2878
 2872
 2864
 2852
 2830
 2808
 2784
 2760
 2736
 2710
 2682
 2650
 2616
 2578
 2540
 2502
 2462
 2422
 2382
 2342
 2302
 2264
 2218
 2174
 2136
 2102
 2076
 2046
 2018
 1992
 1966
 1946
 1934
 1932
 1940
 1956
 1978
 2004
 2036
 2070
 2102
 2136
 2170
 2200
 2232
 2260
 2298
 2330
 2358
 2384
 2410
 2450
 2490
 2530
 2570
 2604
 2630
 2654
 2674
 2692
 2710
 2726
 2738
 2750
 2760
 2772
 2780
 2790
 2798
 2810
 2818
 2826
 2838
 2846
 2856
 2864
 2870
 2872
 2872
 2874
 2890
 2904
 2920
 2932
 2940
 2946
 2950
 2952
 2956
 2958
 2958
 2956
 2954
 2950
 2946
 2940
 2936
 2932
 2926
 2924
 2920
 2918
 2916
 2912
 2908
 2904
 2898
 2896
 2896
 2902
 2908
 2914
 2918
 2918
 2914
 2902
 2892
 2874
 2852
 2828
 2802
 2774
 2746
 2718
 2688
 2658
 2626
 2594
 2562
 2530
 2496
 2460
 2426
 2386
 2346
 2308
 2274
 2248
 2220
 2188
 2156
 2120
 2082
 2044
 2010
 1982
 1962
 1950
 1948
 1954
 1972
 1994
 2026
 2064
 2104
 2148
 2192
 2238
 2282
 2324
 2364
 2396
 2428
 2456
 2496
 2534
 2570
 2606
 2636
 2662
 2688
 2706
 2726
 2744
 2762
 2776
 2788
 2798
 2808
 2818
 2828
 2838
 2846
 2856
 2866
 2874
 2884
 2892
 2896
 2896
 2894
 2894
 2904
 2920
 2934
 2950
 2964
 2972
 2980
 2984
 2986
 2992
 2994
 2992
 2986
 2978
 2972
 2968
 2962
 2956
 2950
 2944
 2940
 2934
 2926
 2918
 2906
 2888
 2866
 2844
 2828
 2816
 2800
 2788
 2770
 2750
 2726
 2696
 2668
 2638
 2604
 2568
 2528
 2484
 2438
 2390
 2338
 2290
 2238
 2188
 2138
 2086
 2036
 1980
 1920
 1870
 1820
 1776
 1728
 1674
 1610
 1532
 1444
 1352
 1258
 1158
 1066
 968
 868
 768
 668
 560
 448
 330
 214
 96
 0
 0
 0
 0
 0
 0
 0
 0
 0
 0
 0
 0
 0
 0
 0
 0
 0
 0
 0
 0
 0
 0
 0
 126
 312
 474
 614
 750
 888
 1014
 1136
 1254
 1364
 1460
 1542
 1622
 1698
 1772
 1840
 1904
 1958
 2014
 2062
 2112
 2158
 2200
 2238
 2276
 2312
 2342
 2370
 2410
 2452
 2490
 2526
 2560
 2588
 2612
 2632
 2654
 2670
 2686
 2700
 2716
 2726
 2736
 2746
 2758
 2768
 2776
 2786
 2792
 2798
 2802
 2808
 2814
 2818
 2822
 2824
 2826
 2838
 2858
 2874
 2896
 2912
 2924
 2932
 2934
 2938
 2942
 2946
 2948
 2948
 2944
 2940
 2938
 2936
 2934
 2932
 2930
 2928
 2928
 2928
 2928
 2926
 2928
 2928
 2920
 2912
 2904
 2906
 2912
 2914
 2912
 2902
 2890
 2872
 2848
 2826
 2802
 2770
 2736
 2702
 2660
 2620
 2578
 2534
 2494
 2454
 2414
 2376
 2340
 2308
 2282
 2260
 2244
 2232
 2232
 2238
 2260
 2284
 2312
 2342
 2372
 2402
 2428
 2442
 2448
 2442
 2434
 2428
 2420
 2412
 2406
 2402
 2400
 2400
 2400
 2404
 2408
 2410
 2408
 2406
 2408
 2418
 2424
 2434
 2442
 2446
 2452
 2460
 2472
 2492
 2518
 2546
 2578
 2608
 2640
 2670
 2702
 2730
 2758
 2780
 2796
 2816
 2834
 2860
 2896
 2928
 2960
 2994
 3018
 3040
 3054
 3066
 3082
 3096
 3104
 3110
 3112
 3112
 3106
 3098
 3084
 3068
 3046
 3020
 2990
 2952
 2912
 2876
 2854
 2822
 2790
 2760
 2724
 2688
 2650
 2610
 2570
 2526
 2480
 2432
 2382
 2328
 2270
 2214
 2154
 2096
 2040
 1982
 1926
 1868
 1804
 1746
 1692
 1644
 1602
 1558
 1516
 1470
 1428
 1398
 1378
 1376
 1384
 1400
 1424
 1452
 1490
 1528
 1570
 1620
 1676
 1730
 1788
 1846
 1898
 1948
 1994
 2044
 2104
 2160
 2222
 2276
 2326
 2370
 2410
 2446
 2482
 2512
 2542
 2568
 2592
 2614
 2634
 2654
 2672
 2692
 2710
 2728
 2744
 2756
 2768
 2774
 2794
 2820
 2842
 2870
 2892
 2908
 2924
 2930
 2936
 2942
 2948
 2952
 2954
 2954
 2952
 2948
 2948
 2944
 2942
 2938
 2934
 2930
 2922
 2906
 2886
 2866
 2858
 2844
 2830
 2814
 2792
 2764
 2732
 2696
 2660
 2624
 2584
 2542
 2498
 2452
 2404
 2354
 2302
 2248
 2196
 2142
 2090
 2036
 1980
 1920
 1868
 1818
 1780
 1740
 1698
 1654
 1608
 1568
 1534
 1512
 1504
 1504
 1518
 1540
 1568
 1604
 1644
 1690
 1740
 1794
 1848
 1902
 1956
 2008
 2056
 2104
 2164
 2222
 2280
 2336
 2380
 2420
 2454
 2482
 2512
 2540
 2564
 2586
 2608
 2628
 2644
 2662
 2678
 2696
 2714
 2732
 2750
 2766
 2782
 2794
 2804
 2812
 2836
 2858
 2880
 2904
 2924
 2934
 2938
 2944
 2948
 2954
 2958
 2960
 2960
 2958
 2956
 2952
 2950
 2946
 2942
 2942
 2940
 2938
 2934
 2932
 2926
 2918
 2914
 2918
 2920
 2920
 2912
 2892
 2870
 2844
 2812
 2778
 2742
 2704
 2664
 2620
 2578
 2532
 2486
 2438
 2392
 2344
 2300
 2252
 2206
 2158
 2104
 2050
 1998
 1954
 1918
 1878
 1838
 1794
 1746
 1698
 1648
 1608
 1576
 1550
 1538
 1538
 1548
 1568
 1592
 1622
 1662
 1710
 1762
 1818
 1872
 1926
 1980
 2030
 2088
 2152
 2208
 2266
 2318
 2362
 2406
 2444
 2480
 2514
 2542
 2570
 2592
 2614
 2632
 2652
 2666
 2682
 2700
 2716
 2732
 2744
 2758
 2766
 2770
 2788
 2810
 2830
 2856
 2876
 2890
 2906
 2910
 2914
 2918
 2922
 2924
 2926
 2924
 2922
 2920
 2916
 2906
 2896
 2886
 2876
 2862
 2846
 2822
 2794
 2764
 2734
 2716
 2692
 2670
 2646
 2618
 2588
 2556
 2518
 2482
 2440
 2398
 2352
 2302
 2250
 2194
 2136
 2072
 2010
 1948
 1882
 1816
 1750
 1682
 1606
 1534
 1464
 1400
 1340
 1274
 1210
 1146
 1082
 1024
 968
 920
 884
 852
 826
 806
 792
 792
 800
 822
 862
 916
 988
 1078
 1168
 1262
 1354
 1446
 1548
 1646
 1740
 1830
 1910
 1986
 2050
 2104
 2156
 2206
 2254
 2296
 2334
 2368
 2402
 2434
 2464
 2492
 2518
 2544
 2566
 2588
 2608
 2626
 2642
 2658
 2686
 2716
 2744
 2774
 2798
 2818
 2836
 2850
 2866
 2882
 2894
 2906
 2914
 2916
 2918
 2916
 2920
 2920
 2922
 2924
 2926
 2930
 2936
 2940
 2940
 2936
 2930
 2924
 2928
 2930
 2926
 2920
 2906
 2884
 2854
 2816
 2782
 2746
 2704
 2658
 2610
 2556
 2502
 2450
 2394
 2338
 2280
 2224
 2168
 2110
 2054
 2000
 1944
 1882
 1828
 1776
 1734
 1694
 1652
 1610
 1562
 1514
 1468
 1426
 1396
 1372
 1356
 1356
 1364
 1384
 1418
 1462
 1514
 1576
 1642
 1712
 1782
 1850
 1912
 1972
 2024
 2080
 2142
 2202
 2260
 2316
 2362
 2406
 2444
 2478
 2512
 2542
 2568
 2594
 2618
 2638
 2656
 2674
 2690
 2708
 2724
 2736
 2750
 2764
 2774
 2780
 2788
 2800
 2824
 2846
 2870
 2890
 2904
 2914
 2918
 2922
 2928
 2934
 2938
 2938
 2938
 2936
 2936
 2932
 2930
 2928
 2928
 2926
 2922
 2920
 2920
 2910
 2902
 2886
 2870
 2862
 2850
 2836
 2822
 2802
 2778
 2750
 2722
 2690
 2658
 2620
 2582
 2538
 2494
 2448
 2400
 2354
 2308
 2262
 2220
 2178
 2136
 2096
 2056
 2010
 1968
 1932
 1900
 1874
 1846
 1820
 1792
 1766
 1748
 1734
 1736
 1750
 1774
 1814
 1856
 1906
 1956
 2006
 2060
 2112
 2162
 2214
 2262
 2314
 2366
 2412
 2452
 2490
 2528
 2578
 2622
 2670
 2714
 2752
 2790
 2820
 2844
 2870
 2892
 2910
 2928
 2940
 2952
 2958
 2962
 2964
 2968
 2974
 2978
 2984
 2986
 2992
 2998
 3000
 3000
 2998
 3002
 3018
 3026
 3032
 3042
 3044
 3048
 3046
 3040
 3034
 3022
 3006
 2984
 2956
 2924
 2890
 2852
 2814
 2774
 2732
 2694
 2656
 2620
 2582
 2544
 2502
 2458
 2416
 2374
 2344
 2312
 2278
 2244
 2204
 2162
 2120
 2074
 2034
 1994
 1952
 1908
 1862
 1814
 1762
 1710
 1662
 1624
 1600
 1592
 1598
 1620
 1654
 1696
 1746
 1802
 1862
 1938
 2012
 2086
 2154
 2218
 2276
 2330
 2378
 2426
 2470
 2510
 2552
 2586
 2618
 2650
 2680
 2706
 2736
 2762
 2788
 2812
 2836
 2854
 2870
 2882
 2898
 2920
 2938
 2960
 2980
 2992
 3004
 3012
 3018
 3026
 3036
 3038
 3040
 3042
 3040
 3040
 3036
 3030
 3028
 3024
 3022
 3016
 3010
 3004
 2988
 2964
 2936
 2904
 2882
 2856
 2832
 2802
 2770
 2736
 2698
 2660
 2626
 2590
 2550
 2508
 2462
 2412
 2360
 2310
 2260
 2212
 2170
 2126
 2084
 2042
 2002
 1962
 1922
 1880
 1848
 1822
 1810
 1806
 1812
 1830
 1858
 1898
 1944
 1990
 2044
 2096
 2148
 2202
 2250
 2296
 2342
 2386
 2428
 2468
 2502
 2536
 2572
 2604
 2634
 2662
 2688
 2710
 2734
 2768
 2798
 2828
 2858
 2884
 2906
 2926
 2940
 2952
 2962
 2968
 2974
 2978
 2980
 2982
 2982
 2984
 2986
 2984
 2982
 2982
 2984
 2988
 2992
 2990
 2990
 2988
 2986
 2996
 3000
 3006
 3014
 3014
 3010
 3000
 2986
 2970
 2948
 2922
 2892
 2860
 2828
 2794
 2760
 2730
 2696
 2664
 2630
 2598
 2564
 2532
 2498
 2456
 2418
 2384
 2354
 2326
 2296
 2266
 2232
 2196
 2158
 2120
 2086
 2054
 2020
 1986
 1950
 1914
 1880
 1854
 1844
 1846
 1864
 1894
 1934
 1978
 2030
 2084
 2136
 2186
 2238
 2288
 2348
 2402
 2456
 2506
 2552
 2594
 2630
 2666
 2698
 2726
 2754
 2780
 2802
 2822
 2840
 2858
 2874
 2890
 2904
 2918
 2928
 2936
 2944
 2952
 2956
 2958
 2962
 2976
 2992
 3004
 3020
 3030
 3040
 3046
 3048
 3056
 3058
 3058
 3058
 3054
 3046
 3032
 3016
 2994
 2972
 2940
 2906
 2874
 2842
 2810
 2776
 2742
 2702
 2668
 2632
 2608
 2582
 2554
 2526
 2494
 2458
 2422
 2380
 2342
 2304
 2264
 2224
 2180
 2132
 2084
 2034
 1986
 1944
 1906
 1876
 1854
 1840
 1840
 1850
 1870
 1904
 1944
 1998
 2060
 2122
 2186
 2246
 2298
 2348
 2390
 2434
 2478
 2516
 2548
 2576
 2602
 2626
 2646
 2668
 2688
 2706
 2726
 2744
 2760
 2774
 2788
 2800
 2810
 2820
 2840
 2864
 2886
 2912
 2930
 2946
 2954
 2958
 2964
 2974
 2978
 2984
 2984
 2984
 2982
 2982
 2980
 2980
 2978
 2980
 2980
 2984
 2986
 2988
 2988
 2986
 2980
 2976
 2984
 2986
 2992
 2994
 2992
 2982
 2968
 2948
 2924
 2896
 2862
 2826
 2790
 2748
 2708
 2666
 2626
 2586
 2548
 2512
 2472
 2434
 2396
 2356
 2310
 2268
 2230
 2198
 2166
 2132
 2100
 2062
 2022
 1986
 1946
 1914
 1882
 1850
 1820
 1786
 1760
 1742
 1736
 1742
 1762
 1792
 1832
 1882
 1938
 1994
 2046
 2098
 2152
 2206
 2264
 2316
 2372
 2418
 2466
 2512
 2550
 2586
 2618
 2650
 2678
 2704
 2726
 2744
 2762
 2782
 2798
 2814
 2828
 2844
 2860
 2874
 2888
 2900
 2906
 2908
 2910
 2920
 2934
 2948
 2962
 2978
 2988
 2994
 3000
 3000
 3004
 3006
 3006
 3004
 2998
 2990
 2982
 2972
 2956
 2936
 2914
 2890
 2864
 2836
 2804
 2774
 2740
 2702
 2666
 2630
 2596
 2572
 2542
 2512
 2484
 2446
 2408
 2368
 2328
 2290
 2248
 2206
 2158
 2106
 2048
 1992
 1934
 1880
 1830
 1782
 1738
 1698
 1664
 1638
 1624
 1624
 1642
 1674
 1724
 1780
 1846
 1914
 1978
 2046
 2110
 2168
 2226
 2278
 2328
 2374
 2414
 2454
 2488
 2522
 2554
 2584
 2612
 2638
 2666
 2690
 2708
 2726
 2740
 2766
 2794
 2820
 2850
 2874
 2894
 2910
 2922
 2932
 2946
 2950
 2952
 2956
 2958
 2960
 2964
 2964
 2966
 2968
 2972
 2974
 2978
 2982
 2984
 2986
 2982
 2980
 2990
 3002
 3010
 3020
 3026
 3024
 3022
 3014
 3002
 2982
 2958
 2930
 2896
 2862
 2824
 2786
 2748
 2708
 2670
 2632
 2592
 2554
 2514
 2472
 2428
 2380
 2336
 2294
 2262
 2224
 2190
 2152
 2108
 2062
 2016
 1972
 1932
 1892
 1854
 1818
 1786
 1764
 1756
 1758
 1774
 1802
 1842
 1886
 1936
 1990
 2040
 2092
 2142
 2198
 2262
 2318
 2374
 2428
 2476
 2524
 2564
 2598
 2634
 2664
 2690
 2714
 2736
 2758
 2778
 2796
 2812
 2826
 2840
 2856
 2872
 2886
 2900
 2910
 2914
 2916
 2924
 2944
 2958
 2974
 2992
 3002
 3012
 3018
 3020
 3022
 3022
 3024
 3022
 3020
 3018
 3012
 3010
 3006
 3002
 2998
 2994
 2992
 2988
 2984
 2976
 2964
 2944
 2924
 2908
 2890
 2866
 2844
 2816
 2782
 2744
 2704
 2666
 2628
 2590
 2550
 2508
 2464
 2420
 2374
 2330
 2286
 2244
 2198
 2152
 2106
 2060
 2014
 1966
 1918
 1878
 1840
 1814
 1786
 1764
 1742
 1720
 1712
 1710
 1722
 1744
 1770
 1800
 1830
 1858
 1886
 1916
 1942
 1970
 2002
 2034
 2068
 2102
 2136
 2168
 2198
 2226
 2256
 2290
 2330
 2366
 2404
 2436
 2466
 2496
 2522
 2548
 2572
 2594
 2618
 2638
 2658
 2674
 2690
 2704
 2718
 2732
 2744
 2756
 2772
 2786
 2798
 2812
 2820
 2830
 2838
 2858
 2878
 2898
 2918
 2930
 2944
 2954
 2962
 2970
 2976
 2982
 2988
 2992
 2992
 2992
 2992
 2992
 2992
 2990
 2990
 2990
 2990
 2992
 2990
 2988
 2984
 2982
 2978
 2978
 2986
 2996
 3008
 3020
 3026
 3028
 3028
 3022
 3012
 2996
 2974
 2948
 2918
 2884
 2848
 2812
 2772
 2734
 2696
 2658
 2622
 2588
 2550
 2512
 2474
 2430
 2386
 2348
 2314
 2286
 2252
 2222
 2186
 2148
 2108
 2070
 2032
 1998
 1966
 1932
 1894
 1856
 1820
 1794
 1776
 1776
 1786
 1810
 1844
 1890
 1944
 1998
 2046
 2098
 2148
 2202
 2260
 2314
 2370
 2424
 2474
 2520
 2560
 2596
 2630
 2660
 2688
 2712
 2730
 2750
 2770
 2788
 2806
 2824
 2840
 2858
 2876
 2892
 2908
 2916
 2920
 2932
 2952
 2972
 2992
 3012
 3024
 3036
 3046
 3054
 3062
 3070
 3074
 3078
 3078
 3076
 3074
 3072
 3070
 3064
 3056
 3050
 3048
 3044
 3040
 3034
 3022
 3004
 2984
 2968
 2948
 2926
 2902
 2872
 2838
 2802
 2764
 2728
 2690
 2650
 2610
 2568
 2522
 2476
 2430
 2382
 2338
 2290
 2244
 2196
 2150
 2106
 2060
 2010
 1968
 1930
 1900
 1868
 1840
 1810
 1782
 1758
 1746
 1742
 1754
 1776
 1808
 1846
 1890
 1944
 2000
 2052
 2104
 2158
 2210
 2260
 2310
 2358
 2404
 2446
 2486
 2538
 2588
 2636
 2686
 2732
 2774
 2810
 2840
 2872
 2898
 2924
 2944
 2964
 2980
 2994
 3006
 3020
 3032
 3040
 3048
 3058
 3066
 3076
 3080
 3084
 3088
 3098
 3112
 3120
 3130
 3134
 3134
 3132
 3124
 3116
 3106
 3086
 3062
 3032
 2998
 2962
 2924
 2884
 2840
 2792
 2744
 2698
 2650
 2602
 2556
 2506
 2452
 2402
 2352
 2310
 2268
 2222
 2174
 2120
 2062
 2012
 1964
 1920
 1876
 1826
 1770
 1706
 1638
 1568
 1492
 1412
 1326
 1234
 1144
 1052
 956
 838
 710
 588
 476
 370
 274
 182
 94
 10
 0
 0
 0
 0
 0
 0
 0
 0
 0
 0
 0
 0
 0
 0
 0
 0
 0
 0
 0
 0
 0
 0
 0
 210
 428
 614
 780
 930
 1062
 1180
 1286
 1384
 1476
 1562
 1646
 1728
 1808
 1884
 1954
 2022
 2076
 2128
 2192
 2250
 2304
 2358
 2406
 2448
 2488
 2520
 2554
 2588
 2618
 2648
 2676
 2700
 2726
 2752
 2778
 2804
 2828
 2850
 2872
 2890
 2904
 2918
 2928
 2938
 2946
 2962
 2982
 3000
 3022
 3040
 3052
 3064
 3074
 3084
 3092
 3096
 3100
 3102
 3102
 3100
 3098
 3094
 3094
 3092
 3086
 3080
 3076
 3070
 3066
 3062
 3056
 3046
 3030
 3008
 2984
 2966
 2948
 2926
 2904
 2880
 2848
 2818
 2784
 2750
 2718
 2682
 2644
 2606
 2564
 2522
 2478
 2434
 2394
 2350
 2308
 2266
 2224
 2186
 2146
 2108
 2062
 2018
 1982
 1948
 1922
 1896
 1876
 1862
 1856
 1862
 1878
 1906
 1944
 1984
 2030
 2078
 2126
 2174
 2224
 2276
 2326
 2374
 2418
 2464
 2508
 2548
 2586
 2620
 2648
 2684
 2724
 2760
 2796
 2830
 2858
 2886
 2908
 2930
 2950
 2962
 2972
 2984
 2992
 3000
 3006
 3012
 3016
 3022
 3028
 3030
 3030
 3032
 3032
 3030
 3026
 3030
 3044
 3050
 3060
 3064
 3062
 3058
 3052
 3042
 3026
 3004
 2978
 2948
 2918
 2882
 2844
 2806
 2768
 2730
 2694
 2658
 2622
 2586
 2546
 2504
 2468
 2432
 2404
 2374
 2346
 2316
 2278
 2244
 2208
 2174
 2144
 2116
 2092
 2074
 2066
 2070
 2080
 2100
 2126
 2160
 2198
 2240
 2284
 2326
 2364
 2400
 2434
 2472
 2520
 2562
 2602
 2640
 2674
 2706
 2734
 2760
 2786
 2808
 2824
 2844
 2860
 2874
 2886
 2898
 2906
 2910
 2914
 2918
 2922
 2926
 2930
 2934
 2938
 2942
 2944
 2942
 2944
 2950
 2964
 2972
 2980
 2992
 2996
 3002
 3006
 3006
 3010
 3010
 3006
 3000
 2988
 2970
 2946
 2918
 2886
 2852
 2816
 2780
 2742
 2708
 2672
 2634
 2596
 2554
 2510
 2466
 2426
 2388
 2356
 2318
 2278
 2234
 2184
 2136
 2088
 2042
 2002
 1956
 1908
 1852
 1790
 1722
 1650
 1574
 1504
 1440
 1378
 1318
 1258
 1200
 1148
 1090
 1042
 1004
 976
 954
 930
 906
 880
 860
 850
 848
 862
 886
 932
 988
 1058
 1132
 1212
 1292
 1376
 1452
 1530
 1604
 1674
 1742
 1806
 1866
 1932
 1998
 2062
 2128
 2186
 2236
 2286
 2330
 2372
 2410
 2442
 2474
 2500
 2524
 2544
 2564
 2580
 2596
 2612
 2628
 2642
 2656
 2668
 2678
 2680
 2684
 2690
 2696
 2704
 2714
 2720
 2730
 2742
 2752
 2768
 2786
 2806
 2824
 2842
 2858
 2872
 2888
 2904
 2916
 2928
 2942
 2950
 2954
 2960
 2964
 2968
 2964
 2958
 2964
 2974
 2982
 2992
 2998
 2998
 2998
 2992
 2984
 2972
 2954
 2930
 2902
 2870
 2834
 2800
 2764
 2728
 2694
 2658
 2624
 2588
 2552
 2518
 2480
 2440
 2398
 2362
 2328
 2300
 2270
 2238
 2204
 2166
 2128
 2088
 2048
 2010
 1970
 1932
 1890
 1848
 1808
 1772
 1740
 1720
 1712
 1712
 1724
 1746
 1774
 1808
 1842
 1886
 1934
 1988
 2044
 2096
 2148
 2198
 2244
 2288
 2328
 2368
 2406
 2438
 2470
 2498
 2522
 2546
 2570
 2592
 2610
 2632
 2652
 2674
 2696
 2718
 2740
 2758
 2774
 2786
 2808
 2834
 2858
 2882
 2902
 2920
 2934
 2940
 2950
 2958
 2968
 2972
 2974
 2974
 2976
 2976
 2976
 2978
 2978
 2978
 2980
 2980
 2982
 2982
 2982
 2980
 2974
 2966
 2962
 2964
 2966
 2962
 2960
 2950
 2940
 2926
 2906
 2884
 2862
 2836
 2810
 2784
 2754
 2726
 2694
 2664
 2634
 2604
 2572
 2538
 2506
 2472
 2438
 2406
 2368
 2332
 2300
 2272
 2246
 2212
 2172
 2118
 2058
 1994
 1926
 1854
 1782
 1704
 1618
 1526
 1428
 1332
 1234
 1132
 1030
 926
 822
 722
 628
 534
 436
 350
 260
 168
 86
 2
 0
 0
 0
 0
 0
 0
 0
 0
 0
 0
 0
 0
 0
 0
 0
 0
 0
 0
 0
 0
 0
 0
 0
 0
 0
 0
 0
 0
 0
 0
 0
 0
 0
 0
 0
 0
 0
 0
 0
 0
 0
 0
 0
 0
 34
 156
 260
 352
 442
 534
 624
 720
 818
 916
 1016
 1118
 1218
 1312
 1400
 1482
 1564
 1638
 1710
 1792
 1872
 1946
 2016
 2078
 2132
 2176
 2218
 2260
 2298
 2334
 2368
 2396
 2422
 2446
 2470
 2492
 2512
 2532
 2554
 2570
 2588
 2604
 2622
 2638
 2654
 2670
 2682
 2694
 2700
 2710
 2732
 2752
 2772
 2792
 2804
 2814
 2820
 2826
 2832
 2840
 2844
 2848
 2852
 2854
 2856
 2858
 2864
 2866
 2870
 2872
 2876
 2880
 2882
 2886
 2890
 2894
 2892
 2888
 2884
 2880
 2880
 2892
 2902
 2912
 2924
 2930
 2934
 2934
 2934
 2938
 2940
 2940
 2936
 2930
 2926
 2920
 2912
 2904
 2898
 2892
 2886
 2884
 2880
 2876
 2876
 2874
 2872
 2870
 2866
 2862
 2858
 2854
 2866
 2870
 2876
 2880
 2876
 2868
 2856
 2846
 2834
 2820
 2804
 2786
 2766
 2744
 2724
 2700
 2680
 2656
 2632
 2608
 2582
 2556
 2530
 2506
 2480
 2460
 2434
 2404
 2378
 2358
 2342
 2334
 2320
 2312
 2306
 2300
 2300
 2304
 2310
 2326
 2340
 2356
 2370
 2388
 2402
 2420
 2438
 2456
 2476
 2496
 2514
 2536
 2554
 2572
 2592
 2608
 2622
 2634
 2646
 2668
 2690
 2712
 2732
 2748
 2764
 2776
 2784
 2796
 2804
 2810
 2814
 2816
 2818
 2820
 2822
 2826
 2830
 2834
 2836
 2840
 2844
 2850
 2854
 2858
 2864
 2866
 2866
 2868
 2884
 2894
 2904
 2916
 2926
 2932
 2936
 2934
 2936
 2938
 2940
 2936
 2936
 2932
 2930
 2928
 2924
 2922
 2918
 2914
 2910
 2906
 2898
 2892
 2884
 2874
 2862
 2850
 2844
 2842
 2836
 2834
 2826
 2818
 2806
 2790
 2776
 2762
 2744
 2722
 2700
 2674
 2650
 2622
 2594
 2564
 2538
 2512
 2486
 2464
 2440
 2422
 2398
 2380
 2370
 2366
 2376
 2384
 2398
 2416
 2432
 2452
 2472
 2496
 2520
 2542
 2562
 2582
 2600
 2616
 2630
 2646
 2660
 2674
 2688
 2700
 2708
 2718
 2726
 2732
 2736
 2744
 2758
 2780
 2794
 2812
 2830
 2842
 2854
 2860
 2868
 2876
 2882
 2886
 2886
 2884
 2878
 2870
 2864
 2860
 2854
 2852
 2852
 2850
 2848
 2848
 2848
 2846
 2842
 2840
 2846
 2864
 2876
 2890
 2904
 2912
 2916
 2916
 2918
 2920
 2922
 2922
 2922
 2920
 2916
 2916
 2910
 2908
 2906
 2906
 2906
 2906
 2904
 2904
 2906
 2906
 2898
 2892
 2890
 2900
 2912
 2920
 2934
 2942
 2946
 2952
 2952
 2956
 2958
 2956
 2956
 2952
 2944
 2940
 2932
 2926
 2920
 2914
 2906
 2898
 2892
 2880
 2868
 2854
 2838
 2824
 2810
 2804
 2802
 2792
 2788
 2778
 2766
 2754
 2736
 2720
 2704
 2684
 2662
 2638
 2612
 2584
 2554
 2526
 2494
 2466
 2436
 2408
 2382
 2356
 2334
 2308
 2280
 2258
 2242
 2238
 2242
 2248
 2262
 2276
 2294
 2318
 2340
 2366
 2394
 2420
 2442
 2462
 2482
 2500
 2520
 2540
 2558
 2576
 2594
 2608
 2628
 2644
 2662
 2676
 2686
 2696
 2710
 2728
 2754
 2778
 2804
 2828
 2844
 2860
 2870
 2880
 2890
 2894
 2900
 2904
 2902
 2900
 2898
 2898
 2896
 2896
 2894
 2894
 2896
 2896
 2898
 2898
 2896
 2892
 2890
 2894
 2908
 2918
 2930
 2942
 2946
 2948
 2950
 2946
 2946
 2940
 2926
 2914
 2900
 2886
 2872
 2856
 2838
 2822
 2806
 2792
 2778
 2762
 2746
 2726
 2700
 2676
 2654
 2638
 2622
 2604
 2582
 2556
 2528
 2500
 2470
 2440
 2406
 2368
 2330
 2290
 2246
 2204
 2164
 2126
 2092
 2066
 2048
 2038
 2038
 2042
 2052
 2070
 2098
 2134
 2180
 2224
 2272
 2318
 2358
 2402
 2438
 2472
 2504
 2530
 2556
 2578
 2598
 2618
 2634
 2650
 2666
 2682
 2696
 2708
 2722
 2734
 2742
 2748
 2756
 2772
 2792
 2808
 2828
 2844
 2858
 2872
 2884
 2894
 2906
 2908
 2908
 2906
 2906
 2904
 2900
 2896
 2896
 2894
 2894
 2892
 2890
 2890
 2888
 2884
 2880
 2876
 2888
 2902
 2914
 2928
 2938
 2944
 2950
 2956
 2956
 2956
 2950
 2944
 2936
 2926
 2912
 2900
 2886
 2872
 2856
 2838
 2820
 2800
 2778
 2756
 2730
 2700
 2670
 2644
 2622
 2598
 2568
 2538
 2498
 2454
 2414
 2370
 2328
 2288
 2246
 2206
 2164
 2122
 2078
 2034
 1992
 1954
 1916
 1882
 1854
 1828
 1808
 1796
 1790
 1796
 1816
 1848
 1894
 1942
 1998
 2052
 2104
 2158
 2206
 2252
 2294
 2334
 2370
 2402
 2434
 2462
 2488
 2512
 2534
 2556
 2574
 2592
 2608
 2624
 2642
 2652
 2662
 2672
 2686
 2716
 2742
 2768
 2798
 2818
 2840
 2862
 2878
 2900
 2918
 2928
 2934
 2944
 2950
 2956
 2964
 2970
 2974
 2982
 2988
 2992
 2996
 3002
 3006
 3012
 3014
 3014
 3012
 3006
 3004
 3014
 3016
 3016
 3012
 3002
 2986
 2964
 2940
 2914
 2886
 2848
 2808
 2764
 2718
 2674
 2626
 2578
 2530
 2476
 2420
 2360
 2298
 2234
 2166
 2092
 2012
 1934
 1860
 1786
 1718
 1646
 1568
 1484
 1392
 1298
 1202
 1106
 1012
 912
 804
 694
 584
 470
 348
 222
 96
 0
 0
 0
 0
 0
 0
 0
 0
 0
 0
 0
 0
 0
 0
 0
 0
 0
 0
 0
 0
 0
 0
 0
 0
 0
 0
 0
 0
 130
 284
 438
 580
 716
 846
 976
 1094
 1198
 1284
 1366
 1446
 1526
 1602
 1674
 1744
 1814
 1882
 1948
 2010
 2070
 2130
 2182
 2232
 2274
 2312
 2368
 2424
 2476
 2526
 2568
 2608
 2642
 2668
 2694
 2718
 2740
 2762
 2778
 2794
 2806
 2818
 2830
 2840
 2848
 2858
 2868
 2880
 2890
 2896
 2898
 2894
 2904
 2918
 2928
 2948
 2958
 2964
 2970
 2970
 2972
 2976
 2974
 2972
 2968
 2964
 2954
 2940
 2926
 2906
 2888
 2864
 2840
 2812
 2782
 2752
 2722
 2690
 2650
 2608
 2568
 2532
 2502
 2464
 2426
 2388
 2344
 2296
 2250
 2202
 2158
 2110
 2064
 2012
 1960
 1908
 1854
 1802
 1752
 1706
 1660
 1618
 1578
 1546
 1520
 1498
 1492
 1502
 1524
 1564
 1610
 1670
 1734
 1800
 1864
 1922
 1974
 2030
 2082
 2130
 2174
 2220
 2264
 2304
 2344
 2380
 2416
 2448
 2478
 2506
 2532
 2554
 2574
 2592
 2606
 2632
 2664
 2694
 2724
 2752
 2776
 2798
 2818
 2838
 2860
 2878
 2892
 2902
 2912
 2922
 2934
 2944
 2954
 2962
 2970
 2978
 2986
 2992
 2998
 3004
 3006
 3004
 3002
 3008
 3020
 3030
 3036
 3040
 3038
 3036
 3030
 3022
 3014
 3000
 2980
 2956
 2926
 2894
 2858
 2822
 2786
 2748
 2710
 2670
 2628
 2586
 2546
 2500
 2450
 2400
 2354
 2312
 2276
 2234
 2194
 2146
 2094
 2040
 1982
 1928
 1874
 1814
 1752
 1684
 1612
 1538
 1462
 1388
 1312
 1238
 1166
 1100
 1038
 978
 922
 882
 860
 858
 868
 896
 938
 990
 1052
 1118
 1186
 1260
 1334
 1410
 1484
 1554
 1620
 1684
 1748
 1812
 1876
 1938
 2000
 2058
 2110
 2156
 2198
 2252
 2304
 2354
 2404
 2446
 2486
 2522
 2552
 2580
 2610
 2634
 2656
 2678
 2694
 2708
 2726
 2742
 2758
 2774
 2790
 2808
 2826
 2842
 2856
 2868
 2878
 2898
 2928
 2954
 2980
 3000
 3010
 3024
 3032
 3040
 3050
 3058
 3060
 3064
 3064
 3062
 3060
 3058
 3054
 3052
 3050
 3044
 3040
 3036
 3030
 3022
 3008
 2990
 2970
 2952
 2940
 2924
 2906
 2890
 2864
 2836
 2806
 2770
 2734
 2694
 2652
 2610
 2566
 2518
 2470
 2420
 2372
 2322
 2274
 2228
 2182
 2134
 2092
 2046
 2002
 1956
 1910
 1870
 1834
 1810
 1784
 1760
 1744
 1732
 1732
 1740
 1758
 1788
 1818
 1854
 1896
 1938
 1976
 2014
 2054
 2090
 2124
 2154
 2184
 2216
 2248
 2284
 2320
 2354
 2382
 2416
 2450
 2496
 2542
 2586
 2632
 2674
 2712
 2748
 2776
 2810
 2838
 2864
 2888
 2908
 2920
 2932
 2946
 2956
 2966
 2976
 2982
 2990
 2998
 3004
 3010
 3014
 3016
 3018
 3014
 3016
 3026
 3030
 3038
 3040
 3032
 3020
 3000
 2976
 2950
 2916
 2878
 2838
 2796
 2754
 2712
 2672
 2634
 2590
 2550
 2508
 2466
 2426
 2386
 2342
 2296
 2250
 2208
 2170
 2136
 2100
 2062
 2024
 1982
 1940
 1898
 1860
 1826
 1792
 1764
 1742
 1730
 1728
 1736
 1756
 1788
 1830
 1878
 1934
 1988
 2044
 2096
 2144
 2186
 2238
 2292
 2340
 2388
 2430
 2470
 2508
 2538
 2566
 2592
 2616
 2638
 2658
 2676
 2692
 2706
 2724
 2738
 2752
 2770
 2784
 2800
 2814
 2822
 2830
 2836
 2856
 2880
 2904
 2926
 2944
 2958
 2972
 2982
 2994
 3004
 3010
 3014
 3018
 3018
 3020
 3018
 3014
 3012
 3012
 3012
 3010
 3008
 3008
 3010
 3006
 3002
 2998
 3000
 3012
 3020
 3026
 3028
 3024
 3014
 3000
 2982
 2958
 2932
 2902
 2870
 2836
 2798
 2760
 2722
 2684
 2646
 2610
 2574
 2536
 2498
 2462
 2416
 2372
 2334
 2296
 2266
 2232
 2198
 2164
 2120
 2082
 2042
 2002
 1970
 1936
 1910
 1888
 1878
 1878
 1888
 1910
 1942
 1982
 2030
 2080
 2132
 2186
 2232
 2272
 2312
 2354
 2406
 2452
 2494
 2536
 2570
 2606
 2634
 2658
 2682
 2704
 2722
 2742
 2754
 2766
 2780
 2792
 2804
 2814
 2824
 2834
 2844
 2854
 2862
 2866
 2870
 2872
 2882
 2902
 2918
 2932
 2946
 2952
 2960
 2964
 2964
 2964
 2964
 2964
 2960
 2954
 2948
 2940
 2932
 2920
 2904
 2886
 2862
 2836
 2810
 2776
 2744
 2706
 2662
 2618
 2576
 2538
 2506
 2466
 2426
 2382
 2336
 2288
 2240
 2192
 2146
 2098
 2046
 1994
 1940
 1884
 1828
 1778
 1730
 1690
 1664
 1646
 1642
 1648
 1660
 1688
 1726
 1778
 1842
 1912
 1986
 2054
 2116
 2178
 2228
 2276
 2324
 2366
 2404
 2440
 2470
 2498
 2524
 2550
 2574
 2598
 2620
 2644
 2662
 2674
 2686
 2698
 2716
 2744
 2764
 2790
 2814
 2832
 2850
 2862
 2874
 2890
 2900
 2906
 2912
 2914
 2912
 2912
 2912
 2916
 2918
 2920
 2922
 2926
 2930
 2930
 2928
 2926
 2932
 2946
 2956
 2970
 2980
 2988
 2994
 2994
 2992
 2994
 2994
 2994
 2990
 2982
 2972
 2956
 2942
 2924
 2902
 2880
 2854
 2826
 2796
 2766
 2732
 2694
 2652
 2606
 2560
 2520
 2488
 2454
 2420
 2386
 2342
 2296
 2246
 2194
 2148
 2100
 2054
 2010
 1962
 1916
 1870
 1824
 1782
 1746
 1712
 1682
 1660
 1642
 1630
 1634
 1644
 1660
 1688
 1732
 1784
 1848
 1914
 1984
 2050
 2112
 2170
 2222
 2270
 2322
 2370
 2412
 2450
 2486
 2516
 2546
 2574
 2602
 2626
 2650
 2674
 2698
 2720
 2744
 2764
 2782
 2796
 2808
 2832
 2860
 2886
 2916
 2938
 2958
 2972
 2980
 2992
 3006
 3016
 3024
 3030
 3036
 3038
 3044
 3044
 3044
 3046
 3046
 3048
 3046
 3042
 3040
 3036
 3030
 3022
 3012
 3006
 3006
 3000
 2992
 2978
 2960
 2940
 2914
 2888
 2858
 2824
 2790
 2754
 2712
 2670
 2626
 2576
 2528
 2482
 2436
 2392
 2346
 2300
 2252
 2204
 2154
 2098
 2046
 1996
 1952
 1908
 1858
 1806
 1748
 1684
 1616
 1544
 1468
 1392
 1306
 1208
 1100
 988
 874
 762
 644
 528
 412
 304
 200
 100
 2
 0
 0
 0
 0
 0
 0
 0
 0
 0
 0
 0
 0
 0
 0
 0
 0
 0
 0
 0
 0
 0
 60
 236
 400
 550
 686
 826
 960
 1084
 1202
 1312
 1412
 1502
 1580
 1654
 1732
 1802
 1872
 1934
 1994
 2048
 2106
 2160
 2212
 2258
 2302
 2340
 2376
 2404
 2436
 2476
 2516
 2556
 2596
 2628
 2658
 2682
 2704
 2726
 2746
 2764
 2782
 2798
 2812
 2824
 2834
 2846
 2858
 2870
 2880
 2890
 2892
 2890
 2888
 2886
 2898
 2912
 2922
 2938
 2948
 2956
 2960
 2962
 2966
 2972
 2974
 2972
 2970
 2968
 2964
 2962
 2956
 2950
 2944
 2940
 2938
 2936
 2932
 2928
 2918
 2904
 2882
 2864
 2856
 2840
 2826
 2812
 2792
 2768
 2740
 2710
 2680
 2650
 2614
 2578
 2538
 2494
 2448
 2404
 2358
 2314
 2270
 2224
 2180
 2132
 2088
 2042
 1996
 1956
 1920
 1898
 1884
 1872
 1874
 1880
 1896
 1922
 1952
 1990
 2030
 2072
 2114
 2154
 2190
 2226
 2258
 2294
 2324
 2358
 2388
 2418
 2452
 2480
 2502
 2524
 2544
 2574
 2606
 2634
 2666
 2694
 2718
 2742
 2758
 2776
 2790
 2804
 2816
 2826
 2838
 2844
 2850
 2852
 2854
 2856
 2856
 2856
 2856
 2854
 2848
 2836
 2820
 2800
 2784
 2766
 2742
 2718
 2688
 2658
 2622
 2582
 2540
 2496
 2452
 2404
 2358
 2306
 2252
 2200
 2152
 2108
 2066
 2030
 1994
 1962
 1930
 1894
 1862
 1836
 1820
 1810
 1806
 1808
 1814
 1828
 1854
 1884
 1922
 1962
 2004
 2048
 2098
 2144
 2190
 2234
 2278
 2322
 2364
 2404
 2446
 2482
 2516
 2544
 2570
 2598
 2636
 2672
 2708
 2746
 2776
 2804
 2830
 2850
 2872
 2892
 2906
 2920
 2930
 2938
 2946
 2956
 2960
 2966
 2972
 2974
 2980
 2982
 2978
 2976
 2972
 2970
 2980
 2992
 3004
 3018
 3030
 3034
 3038
 3038
 3042
 3040
 3036
 3026
 3012
 2994
 2974
 2952
 2926
 2898
 2870
 2840
 2806
 2766
 2726
 2684
 2642
 2604
 2576
 2548
 2516
 2488
 2454
 2420
 2384
 2344
 2306
 2268
 2226
 2184
 2138
 2090
 2038
 1984
 1932
 1882
 1834
 1798
 1774
 1758
 1752
 1756
 1772
 1798
 1840
 1886
 1936
 1992
 2044
 2096
 2144
 2188
 2234
 2276
 2314
 2346
 2374
 2400
 2424
 2448
 2472
 2496
 2518
 2542
 2564
 2582
 2598
 2612
 2630
 2660
 2686
 2716
 2744
 2768
 2790
 2810
 2824
 2842
 2856
 2868
 2880
 2888
 2890
 2890
 2892
 2896
 2898
 2902
 2904
 2908
 2914
 2918
 2920
 2918
 2916
 2922
 2938
 2946
 2958
 2968
 2974
