28
115
211
430
533
623
724
809
897
948
1012
1068
1110
1148
1260
1346
1429
1537
1650
1771
1872
1927
1982
2044
2102
2183
2256
2331
2416
2528
2646
2730
2827
2917
2974
3030
3109
3196
3250
3315
3412
3423
3522
3634
3741
3837
3924
3982
4088
4159
4227
4297
4410
4489
4595
4691
4806
4898
4965
5014
5081
5144
5220
5292
5401
5440
5446
5492
5506
5578
5780
5852
5905
5943
5992
6080
6137
6207
6289
6364
6440
6592
6669
6744
6828
6909
6983
7056
7144
7231
7314
7392
7483
7582
7684
7782
7890
7965
8037
8107
8189
8272
8365
8376
8462
8553
8661
8775
8880
8956
9027
9095
9152
9227
9312
9428
9440
9526
9690
9813
9922
10078
10157
10234
10318
10429
10438
10539
10650
10756
10856
10937
11093
11177
11271
11336
11419
11514
11623
11749
11855
11935
12005
12081
12162
12247
12330
12432
12441
12557
12705
12947
13010
13082
13160
13234
13309
13397
13500
13593
13693
13791
13900
13964
14037
14109
14166
14225
14338
14417
14516
14633
14747
14849
14932
15072
15157
15238
15319
15399
15504
15611
15715
15837
15958
16249
16352
16439
