 2898
 2912
 2924
 2932
 2936
 2936
 2932
 2932
 2932
 2930
 2928
 2922
 2918
 2912
 2908
 2904
 2900
 2898
 2896
 2892
 2884
 2876
 2870
 2874
 2874
 2868
 2858
 2844
 2826
 2804
 2782
 2758
 2726
 2694
 2658
 2618
 2578
 2536
 2490
 2446
 2400
 2354
 2310
 2262
 2210
 2168
 2128
 2100
 2068
 2032
 1994
 1950
 1900
 1852
 1800
 1754
 1702
 1650
 1588
 1526
 1464
 1398
 1340
 1286
 1240
 1204
 1178
 1164
 1162
 1176
 1202
 1240
 1286
 1338
 1396
 1460
 1526
 1590
 1656
 1718
 1778
 1834
 1882
 1930
 1978
 2022
 2066
 2106
 2140
 2172
 2206
 2254
 2304
 2350
 2398
 2438
 2478
 2512
 2542
 2570
 2598
 2624
 2646
 2668
 2686
 2702
 2720
 2738
 2758
 2774
 2786
 2798
 2804
 2820
 2844
 2866
 2886
 2904
 2918
 2932
 2936
 2940
 2946
 2950
 2954
 2956
 2958
 2956
 2956
 2958
 2956
 2954
 2952
 2950
 2944
 2938
 2944
 2956
 2962
 2968
 2964
 2950
 2936
 2914
 2894
 2868
 2840
 2810
 2780
 2746
 2712
 2674
 2638
 2602
 2564
 2528
 2486
 2442
 2406
 2372
 2346
 2314
 2284
 2246
 2204
 2164
 2122
 2080
 2042
 2002
 1958
 1912
 1864
 1812
 1760
 1712
 1672
 1644
 1622
 1608
 1616
 1634
 1666
 1706
 1750
 1800
 1850
 1898
 1944
 1986
 2030
 2076
 2116
 2154
 2190
 2222
 2256
 2288
 2322
 2356
 2392
 2424
 2456
 2484
 2510
 2552
 2594
 2636
 2678
 2712
 2740
 2766
 2786
 2808
 2826
 2842
 2856
 2868
 2878
 2886
 2888
 2890
 2896
 2900
 2906
 2910
 2908
 2908
 2912
 2932
 2948
 2962
 2974
 2982
 2988
 2988
 2986
 2990
 2990
 2988
 2984
 2974
 2966
 2958
 2952
 2946
 2940
 2934
 2926
 2914
 2898
 2876
 2852
 2828
 2812
 2800
 2784
 2768
 2746
 2720
 2690
 2660
 2628
 2594
 2558
 2522
 2482
 2442
 2402
 2358
 2314
 2270
 2226
 2184
 2142
 2096
 2046
 2004
 1964
 1932
 1890
 1844
 1796
 1740
 1684
 1630
 1578
 1534
 1490
 1444
 1398
 1354
 1310
 1266
 1224
 1190
 1162
 1138
 1118
 1106
 1110
 1126
 1160
 1202
 1250
 1310
 1374
 1442
 1510
 1580
 1658
 1740
 1822
 1900
 1970
 2032
 2090
 2146
 2200
 2250
 2300
 2346
 2386
 2418
 2452
 2498
 2542
 2582
 2622
 2654
 2682
 2706
 2724
 2744
 2762
 2776
 2792
 2804
 2816
 2824
 2836
 2846
 2860
 2872
 2882
 2886
 2888
 2886
 2886
 2904
 2916
 2926
 2940
 2948
 2956
 2958
 2960
 2964
 2968
 2968
 2968
 2966
 2964
 2960
 2956
 2950
 2946
 2938
 2932
 2922
 2906
 2882
 2858
 2832
 2810
 2798
 2780
 2760
 2740
 2716
 2690
 2664
 2634
 2604
 2572
 2538
 2502
 2462
 2424
 2384
 2344
 2304
 2264
 2226
 2190
 2152
 2116
 2076
 2034
 1994
 1962
 1936
 1914
 1890
 1868
 1844
 1824
 1812
 1810
 1818
 1838
 1862
 1892
 1922
 1956
 1992
 2030
 2068
 2106
 2144
 2186
 2230
 2270
 2306
 2338
 2366
 2396
 2438
 2478
 2516
 2556
 2588
 2620
 2644
 2666
 2688
 2708
 2726
 2742
 2758
 2772
 2788
 2800
 2812
 2824
 2834
 2846
 2858
 2870
 2880
 2884
 2884
 2880
 2882
 2898
 2912
 2928
 2942
 2952
 2962
 2964
 2964
 2966
 2966
 2956
 2944
 2924
 2900
 2874
 2844
 2812
 2774
 2734
 2694
 2652
 2610
 2568
 2524
 2474
 2430
 2388
 2356
 2322
 2286
 2248
 2206
 2162
 2118
 2074
 2032
 1992
 1950
 1906
 1858
 1806
 1754
 1696
 1638
 1578
 1518
 1460
 1412
 1370
 1334
 1318
 1320
 1340
 1370
 1402
 1442
 1480
 1518
 1556
 1594
 1634
 1674
 1716
 1758
 1800
 1844
 1894
 1944
 1996
 2044
 2092
 2140
 2182
 2220
 2254
 2286
 2334
 2382
 2428
 2472
 2514
 2550
 2584
 2612
 2640
 2664
 2688
 2710
 2730
 2746
 2762
 2778
 2792
 2808
 2822
 2836
 2852
 2866
 2874
 2882
 2884
 2894
 2908
 2922
 2940
 2954
 2958
 2962
 2964
 2966
 2970
 2970
 2970
 2968
 2964
 2960
 2952
 2940
 2926
 2910
 2892
 2874
 2852
 2828
 2800
 2766
 2732
 2694
 2662
 2636
 2604
 2572
 2538
 2498
 2456
 2412
 2366
 2320
 2272
 2214
 2156
 2090
 2024
 1952
 1880
 1806
 1728
 1648
 1566
 1482
 1388
 1286
 1184
 1078
 966
 846
 722
 586
 448
 312
 186
 70
 0
 0
 0
 0
 0
 0
 0
 0
 0
 0
 0
 0
 0
 0
 0
 0
 0
 0
 0
 0
 0
 0
 0
 0
 0
 0
 0
 0
 0
 0
 0
 0
 0
 104
 236
 360
 482
 608
 726
 840
 950
 1052
 1142
 1228
 1308
 1386
 1464
 1534
 1600
 1668
 1732
 1796
 1860
 1922
 1986
 2048
 2104
 2154
 2198
 2238
 2290
 2342
 2396
 2450
 2498
 2542
 2582
 2616
 2648
 2680
 2710
 2738
 2760
 2780
 2800
 2816
 2830
 2844
 2856
 2868
 2882
 2894
 2904
 2912
 2912
 2908
 2904
 2916
 2930
 2940
 2954
 2962
 2970
 2978
 2978
 2982
 2986
 2988
 2990
 2988
 2984
 2978
 2974
 2970
 2966
 2962
 2960
 2958
 2958
 2956
 2956
 2954
 2952
 2948
 2942
 2936
 2946
 2954
 2960
 2968
 2968
 2966
 2966
 2962
 2960
 2954
 2942
 2930
 2914
 2894
 2872
 2848
 2822
 2798
 2772
 2748
 2724
 2698
 2672
 2648
 2624
 2594
 2566
 2542
 2522
 2510
 2490
 2472
 2448
 2422
 2396
 2366
 2338
 2314
 2284
 2258
 2232
 2208
 2188
 2172
 2164
 2164
 2174
 2188
 2210
 2238
 2268
 2300
 2326
 2356
 2386
 2422
 2464
 2500
 2538
 2570
 2600
 2630
 2654
 2676
 2698
 2716
 2732
 2748
 2758
 2768
 2778
 2786
 2792
 2802
 2812
 2822
 2832
 2838
 2842
 2844
 2850
 2870
 2886
 2898
 2912
 2918
 2928
 2934
 2934
 2936
 2940
 2940
 2942
 2942
 2940
 2936
 2936
 2932
 2930
 2926
 2926
 2922
 2918
 2906
 2896
 2890
 2890
 2882
 2876
 2864
 2846
 2830
 2808
 2786
 2764
 2738
 2708
 2680
 2648
 2618
 2586
 2550
 2512
 2476
 2442
 2410
 2374
 2336
 2304
 2274
 2252
 2222
 2192
 2158
 2118
 2084
 2048
 2014
 1986
 1958
 1938
 1926
 1922
 1928
 1944
 1966
 1994
 2028
 2072
 2118
 2160
 2202
 2244
 2292
 2344
 2390
 2438
 2482
 2522
 2560
 2592
 2620
 2648
 2674
 2696
 2714
 2730
 2744
 2760
 2774
 2788
 2802
 2816
 2830
 2840
 2848
 2852
 2864
 2886
 2904
 2926
 2944
 2956
 2966
 2966
 2970
 2978
 2982
 2984
 2984
 2982
 2980
 2976
 2972
 2968
 2968
 2966
 2966
 2962
 2958
 2954
 2952
 2946
 2942
 2940
 2952
 2962
 2972
 2982
 2982
 2982
 2974
 2960
 2948
 2928
 2908
 2884
 2858
 2832
 2800
 2766
 2730
 2694
 2656
 2620
 2582
 2546
 2508
 2468
 2428
 2382
 2334
 2292
 2252
 2222
 2188
 2154
 2124
 2086
 2048
 2014
 1982
 1952
 1930
 1910
 1902
 1898
 1900
 1914
 1932
 1960
 1994
 2036
 2084
 2134
 2188
 2238
 2284
 2326
 2368
 2410
 2460
 2506
 2548
 2592
 2624
 2654
 2680
 2700
 2724
 2744
 2760
 2778
 2796
 2810
 2822
 2832
 2840
 2850
 2858
 2866
 2872
 2878
 2882
 2880
 2878
 2876
 2880
 2894
 2904
 2916
 2930
 2938
 2942
 2944
 2946
 2948
 2952
 2950
 2950
 2948
 2946
 2944
 2936
 2928
 2920
 2916
 2910
 2904
 2898
 2890
 2878
 2864
 2844
 2830
 2822
 2810
 2796
 2782
 2762
 2742
 2714
 2682
 2648
 2612
 2574
 2536
 2492
 2450
 2404
 2358
 2306
 2258
 2212
 2170
 2126
 2080
 2032
 1988
 1954
 1926
 1904
 1882
 1860
 1840
 1822
 1814
 1814
 1828
 1848
 1878
 1914
 1952
 1996
 2044
 2092
 2140
 2190
 2240
 2290
 2332
 2372
 2408
 2442
 2488
 2528
 2568
 2606
 2638
 2670
 2694
 2718
 2738
 2762
 2778
 2796
 2810
 2820
 2832
 2844
 2856
 2866
 2878
 2884
 2890
 2894
 2894
 2896
 2906
 2920
 2930
 2946
 2956
 2964
 2970
 2972
 2978
 2984
 2988
 2990
 2988
 2986
 2984
 2980
 2976
 2972
 2966
 2956
 2942
 2922
 2898
 2868
 2840
 2810
 2790
 2768
 2742
 2718
 2690
 2658
 2626
 2590
 2556
 2518
 2478
 2436
 2390
 2342
 2288
 2236
 2182
 2130
 2080
 2034
 1986
 1936
 1888
 1848
 1814
 1786
 1760
 1736
 1718
 1710
 1712
 1726
 1750
 1786
 1824
 1870
 1920
 1968
 2018
 2072
 2124
 2174
 2226
 2274
 2316
 2358
 2396
 2432
 2476
 2518
 2554
 2592
 2626
 2660
 2686
 2702
 2720
 2736
 2750
 2764
 2776
 2780
 2784
 2790
 2794
 2798
 2804
 2810
 2816
 2812
 2812
 2814
 2832
 2852
 2870
 2892
 2910
 2924
 2936
 2940
 2944
 2948
 2952
 2952
 2952
 2948
 2944
 2942
 2940
 2936
 2930
 2926
 2922
 2916
 2910
 2900
 2900
 2912
 2918
 2926
 2930
 2932
 2930
 2920
 2906
 2886
 2860
 2830
 2796
 2752
 2706
 2660
 2614
 2568
 2524
 2482
 2438
 2390
 2348
 2314
 2292
 2262
 2232
 2204
 2178
 2162
 2156
 2156
 2166
 2180
 2196
 2216
 2236
 2256
 2276
 2294
 2310
 2318
 2324
 2326
 2330
 2340
 2358
 2370
 2386
 2404
 2422
 2444
 2464
 2492
 2524
 2558
 2590
 2620
 2648
 2678
 2708
 2736
 2760
 2780
 2794
 2808
 2822
 2852
 2878
 2904
 2926
 2942
 2958
 2964
 2964
 2968
 2970
 2974
 2976
 2974
 2970
 2972
 2970
 2970
 2970
 2966
 2962
 2954
 2948
 2952
 2950
 2946
 2938
 2920
 2894
 2866
 2832
 2798
 2756
 2714
 2666
 2616
 2566
 2518
 2468
 2418
 2366
 2314
 2260
 2202
 2148
 2098
 2054
 2020
 1978
 1940
 1898
 1854
 1814
 1772
 1738
 1712
 1694
 1690
 1696
 1716
 1744
 1782
 1832
 1892
 1952
 2012
 2066
 2118
 2168
 2228
 2290
 2346
 2408
 2464
 2512
 2556
 2590
 2626
 2664
 2696
 2724
 2752
 2774
 2796
 2816
 2834
 2848
 2864
 2876
 2886
 2892
 2894
 2896
 2910
 2924
 2940
 2958
 2962
 2968
 2972
 2974
 2980
 2980
 2982
 2980
 2978
 2978
 2974
 2970
 2968
 2968
 2966
 2960
 2950
 2940
 2932
 2934
 2942
 2946
 2952
 2952
 2944
 2930
 2908
 2880
 2850
 2814
 2774
 2730
 2682
 2632
 2580
 2528
 2472
 2418
 2362
 2304
 2242
 2186
 2138
 2096
 2052
 2008
 1960
 1904
 1848
 1782
 1708
 1624
 1534
 1432
 1328
 1224
 1120
 1006
 890
 780
 672
 568
 476
 396
 326
 274
 226
 184
 148
 122
 110
 110
 130
 158
 200
 248
 304
 370
 446
 542
 656
 776
 896
 1014
 1126
 1238
 1356
 1462
 1566
 1666
 1754
 1838
 1912
 1980
 2046
 2106
 2162
 2214
 2262
 2306
 2350
 2390
 2428
 2464
 2492
 2522
 2544
 2576
 2614
 2646
 2684
 2714
 2740
 2764
 2780
 2796
 2812
 2824
 2834
 2842
 2850
 2858
 2864
 2864
 2870
 2872
 2878
 2880
 2880
 2878
 2874
 2876
 2890
 2904
 2920
 2926
 2928
 2930
 2928
 2928
 2932
 2932
 2930
 2932
 2928
 2926
 2922
 2918
 2916
 2912
 2906
 2896
 2888
 2872
 2850
 2824
 2798
 2774
 2760
 2740
 2724
 2702
 2674
 2644
 2612
 2576
 2544
 2504
 2462
 2416
 2368
 2318
 2266
 2214
 2158
 2108
 2058
 2012
 1968
 1924
 1878
 1836
 1804
 1788
 1780
 1788
 1810
 1842
 1888
 1940
 1996
 2054
 2114
 2168
 2222
 2276
 2330
 2380
 2424
 2466
 2506
 2540
 2572
 2600
 2622
 2642
 2664
 2698
 2732
 2760
 2790
 2812
 2834
 2850
 2862
 2876
 2884
 2892
 2900
 2906
 2906
 2904
 2904
 2906
 2908
 2906
 2908
 2908
 2904
 2898
 2894
 2904
 2914
 2924
 2936
 2940
 2946
 2948
 2946
 2948
 2950
 2950
 2948
 2946
 2942
 2936
 2926
 2918
 2914
 2910
 2906
 2904
 2900
 2894
 2886
 2872
 2870
 2866
 2856
 2848
 2832
 2814
 2792
 2766
 2742
 2714
 2684
 2648
 2610
 2570
 2528
 2484
 2438
 2394
 2350
 2306
 2262
 2218
 2172
 2120
 2072
 2030
 1994
 1964
 1928
 1892
 1848
 1806
 1766
 1732
 1712
 1702
 1704
 1718
 1740
 1770
 1806
 1848
 1894
 1946
 2002
 2066
 2126
 2184
 2234
 2276
 2312
 2344
 2378
 2420
 2456
 2494
 2530
 2556
 2584
 2608
 2628
 2650
 2668
 2682
 2696
 2708
 2720
 2732
 2744
 2756
 2768
 2780
 2792
 2806
 2820
 2834
 2848
 2860
 2868
 2878
 2884
 2902
 2928
 2950
 2970
 2986
 2994
 3002
 3010
 3014
 3020
 3024
 3026
 3026
 3020
 3010
 2998
 2988
 2978
 2970
 2960
 2950
 2936
 2922
 2902
 2878
 2850
 2818
 2786
 2766
 2744
 2716
 2686
 2652
 2614
 2576
 2534
 2492
 2450
 2402
 2354
 2302
 2244
 2188
 2128
 2074
 2020
 1972
 1922
 1876
 1834
 1790
 1744
 1704
 1674
 1660
 1656
 1664
 1686
 1720
 1762
 1814
 1868
 1922
 1982
 2042
 2098
 2150
 2200
 2248
 2292
 2334
 2376
 2414
 2452
 2488
 2518
 2544
 2568
 2586
 2622
 2656
 2688
 2724
 2754
 2784
 2808
 2826
 2844
 2862
 2880
 2894
 2906
 2912
 2916
 2918
 2920
 2920
 2924
 2928
 2930
 2934
 2938
 2940
 2936
 2932
 2940
 2954
 2964
 2976
 2984
 2986
 2988
 2986
 2986
 2984
 2978
 2970
 2956
 2936
 2908
 2880
 2852
 2822
 2794
 2762
 2730
 2698
 2670
 2638
 2596
 2558
 2522
 2492
 2468
 2438
 2408
 2368
 2324
 2278
 2228
 2176
 2126
 2076
 2020
 1962
 1902
 1846
 1790
 1742
 1710
 1694
 1696
 1716
 1752
 1800
 1850
 1908
 1966
 2038
 2110
 2178
 2244
 2302
 2358
 2410
 2456
 2496
 2532
 2564
 2594
 2618
 2642
 2660
 2680
 2700
 2718
 2732
 2746
 2762
 2770
 2776
 2780
 2786
 2806
 2824
 2844
 2864
 2876
 2888
 2900
 2908
 2918
 2926
 2928
 2928
 2928
 2926
 2926
 2918
 2912
 2906
 2906
 2904
 2902
 2902
 2898
 2894
 2888
 2898
 2912
 2920
 2934
 2942
 2946
 2948
 2948
 2946
 2942
 2932
 2916
 2896
 2874
 2846
 2816
 2780
 2748
 2714
 2680
 2646
 2614
 2578
 2540
 2496
 2458
 2420
 2390
 2360
 2326
 2294
 2256
 2214
 2176
 2138
 2106
 2072
 2034
 1998
 1960
 1924
 1890
 1866
 1850
 1846
 1858
 1880
 1914
 1956
 2002
 2048
 2096
 2146
 2204
 2266
 2326
 2388
 2444
 2490
 2534
 2572
 2608
 2644
 2674
 2704
 2734
 2760
 2780
 2800
 2816
 2830
 2846
 2860
 2872
 2880
 2882
 2878
 2876
 2882
 2898
 2910
 2924
 2938
 2946
 2954
 2956
 2958
 2962
 2964
 2964
 2958
 2942
 2924
 2898
 2872
 2838
 2802
 2766
 2728
 2686
 2638
 2592
 2548
 2510
 2472
 2434
 2394
 2350
 2304
 2258
 2208
 2162
 2114
 2062
 2014
 1964
 1910
 1856
 1802
 1752
 1704
 1658
 1610
 1562
 1526
 1500
 1492
 1492
 1506
 1536
 1576
 1626
 1682
 1736
 1798
 1864
 1926
 1984
 2038
 2090
 2138
 2186
 2234
 2280
 2324
 2366
 2402
 2438
 2466
 2504
 2544
 2582
 2620
 2652
 2678
 2700
 2718
 2736
 2754
 2766
 2780
 2794
 2804
 2812
 2822
 2832
 2842
 2852
 2860
 2864
 2868
 2868
 2866
 2880
 2898
 2910
 2924
 2932
 2936
 2938
 2938
 2938
 2942
 2940
 2940
 2930
 2920
 2910
 2898
 2884
 2868
 2848
 2826
 2802
 2774
 2746
 2712
 2676
 2640
 2620
 2592
 2564
 2536
 2500
 2466
 2428
 2390
 2354
 2318
 2276
 2236
 2192
 2146
 2098
 2048
 2000
 1956
 1908
 1864
 1822
 1774
 1728
 1694
 1674
 1672
 1680
 1700
 1728
 1768
 1812
 1864
 1920
 1978
 2032
 2086
 2138
 2188
 2234
 2278
 2318
 2360
 2396
 2432
 2466
 2500
 2532
 2558
 2580
 2598
 2628
 2664
 2696
 2728
 2754
 2776
 2798
 2812
 2826
 2844
 2854
 2866
 2878
 2886
 2890
 2898
 2898
 2900
 2902
 2906
 2908
 2912
 2914
 2918
 2924
 2924
 2920
 2918
 2918
 2932
 2946
 2958
 2968
 2974
 2978
 2980
 2978
 2976
 2970
 2964
 2956
 2940
 2920
 2898
 2874
 2848
 2822
 2794
 2764
 2734
 2704
 2676
 2644
 2606
 2570
 2536
 2506
 2482
 2452
 2424
 2392
 2354
 2316
 2276
 2236
 2196
 2154
 2106
 2056
 2004
 1950
 1896
 1848
 1800
 1760
 1730
 1716
 1716
 1728
 1752
 1792
 1844
 1910
 1982
 2054
 2126
 2192
 2256
 2312
 2360
 2408
 2450
 2488
 2522
 2552
 2578
 2604
 2626
 2648
 2672
 2692
 2712
 2730
 2742
 2752
 2760
 2778
 2804
 2824
 2848
 2866
 2884
 2896
 2908
 2914
 2924
 2926
 2924
 2924
 2922
 2920
 2916
 2914
 2912
 2910
 2908
 2908
 2906
 2900
 2896
 2894
 2902
 2914
 2924
 2938
 2944
 2942
 2938
 2926
 2914
 2896
 2872
 2842
 2812
 2780
 2746
 2714
 2680
 2648
 2612
 2574
 2536
 2498
 2452
 2408
 2368
 2332
 2304
 2270
 2238
 2204
 2160
 2120
 2074
 2028
 1982
 1930
 1878
 1816
 1752
 1690
 1626
 1566
 1516
 1482
 1464
 1462
 1480
 1502
 1532
 1578
 1630
 1694
 1768
 1844
 1924
 1998
 2066
 2130
 2182
 2234
 2282
 2326
 2368
 2406
 2438
 2468
 2498
 2524
 2550
 2578
 2604
 2630
 2654
 2672
 2688
 2700
 2714
 2742
 2766
 2792
 2820
 2838
 2856
 2870
 2880
 2888
 2892
 2896
 2900
 2900
 2900
 2898
 2898
 2898
 2898
 2898
 2898
 2900
 2900
 2902
 2902
 2898
 2892
 2890
 2902
 2910
 2914
 2926
 2930
 2930
 2924
 2912
 2900
 2882
 2862
 2840
 2812
 2782
 2752
 2722
 2690
 2658
 2624
 2588
 2552
 2514
 2476
 2436
 2390
 2342
 2298
 2256
 2226
 2190
 2154
 2116
 2074
 2032
 1990
 1952
 1918
 1888
 1862
 1842
 1834
 1836
 1848
 1870
 1904
 1948
 1998
 2052
 2112
 2172
 2224
 2268
 2312
 2348
 2384
 2428
 2466
 2506
 2542
 2570
 2596
 2618
 2638
 2658
 2674
 2686
 2700
 2712
 2720
 2728
 2736
 2744
 2752
 2762
 2770
 2780
 2790
 2802
 2812
 2818
 2820
 2820
 2820
 2838
 2854
 2870
 2882
 2888
 2892
 2898
 2900
 2906
 2910
 2912
 2914
 2914
 2910
 2906
 2902
 2896
 2890
 2880
 2862
 2842
 2820
 2796
 2772
 2748
 2716
 2684
 2654
 2626
 2608
 2586
 2564
 2538
 2508
 2476
 2440
 2404
 2368
 2332
 2292
 2246
 2198
 2148
 2096
 2042
 1988
 1938
 1888
 1840
 1794
 1752
 1710
 1666
 1630
 1606
 1596
 1598
 1612
 1646
 1686
 1736
 1796
 1854
 1916
 1978
 2038
 2096
 2150
 2202
 2254
 2302
 2342
 2382
 2420
 2456
 2490
 2522
 2546
 2568
 2588
 2608
 2642
 2670
 2700
 2732
 2754
 2776
 2792
 2804
 2818
 2834
 2846
 2856
 2864
 2874
 2880
 2888
 2896
 2900
 2902
 2904
 2908
 2916
 2918
 2920
 2922
 2922
 2928
 2948
 2962
 2980
 2996
 3006
 3012
 3016
 3014
 3016
 3014
 3010
 3000
 2990
 2974
 2954
 2930
 2902
 2874
 2844
 2814
 2782
 2754
 2720
 2680
 2640
 2602
 2570
 2542
 2508
 2472
 2434
 2388
 2342
 2292
 2238
 2186
 2130
 2070
 2006
 1936
 1864
 1788
 1710
 1630
 1550
 1468
 1380
 1294
 1194
 1086
 980
 870
 758
 636
 504
 374
 232
 88
 0
 0
 0
 0
 0
 0
 0
 0
 0
 0
 0
 0
 0
 0
 0
 0
 0
 0
 0
 0
 0
 0
 0
 0
 0
 0
 0
 0
 0
 0
 0
 0
 0
 0
 0
 0
 0
 0
 0
 0
 0
 0
 0
 0
 0
 0
 0
 0
 0
 0
 48
 166
 284
 412
 532
 652
 766
 878
 986
 1076
 1186
 1294
 1402
 1506
 1602
 1690
 1768
 1838
 1908
 1974
 2036
 2094
 2150
 2200
 2246
 2290
 2334
 2378
 2418
 2456
 2486
 2514
 2556
 2598
 2638
 2674
 2708
 2736
 2760
 2780
 2800
 2818
 2836
 2850
 2862
 2870
 2874
 2878
 2878
 2880
 2882
 2884
 2886
 2890
 2890
 2894
 2894
 2892
 2886
 2880
 2892
 2906
 2918
 2932
 2938
 2942
 2946
 2942
 2942
 2942
 2942
 2940
 2938
 2932
 2924
 2918
 2908
 2894
 2878
 2860
 2840
 2818
 2798
 2774
 2744
 2714
 2682
 2658
 2636
 2608
 2582
 2550
 2516
 2482
 2444
 2406
 2370
 2332
 2288
 2244
 2196
 2146
 2094
 2046
 2004
 1976
 1954
 1948
 1952
 1966
 1982
 2010
 2046
 2088
 2144
 2202
 2256
 2314
 2360
 2404
 2446
 2478
 2514
 2542
 2568
 2590
 2612
 2632
 2650
 2668
 2684
 2698
 2714
 2730
 2742
 2756
 2766
 2770
 2776
 2778
 2790
 2808
 2826
 2846
 2862
 2872
 2882
 2886
 2888
 2892
 2894
 2896
 2894
 2890
 2888
 2886
 2886
 2880
 2876
 2872
 2870
 2870
 2870
 2872
 2872
 2868
 2866
 2862
 2870
 2886
 2898
 2914
 2924
 2930
 2936
 2936
 2940
 2944
 2944
 2942
 2940
 2936
 2930
 2920
 2914
 2906
 2902
 2898
 2894
 2894
 2892
 2886
 2876
 2868
 2860
 2862
 2856
 2850
 2842
 2828
 2812
 2794
 2776
 2758
 2734
 2710
 2682
 2650
 2614
 2576
 2534
 2490
 2450
 2408
 2366
 2324
 2278
 2230
 2188
 2148
 2120
 2090
 2060
 2032
 2000
 1974
 1954
 1944
 1944
 1954
 1974
 2002
 2034
 2072
 2114
 2154
 2198
 2246
 2294
 2340
 2380
 2412
 2446
 2478
 2518
 2556
 2590
 2624
 2648
 2666
 2682
 2690
 2702
 2714
 2722
 2732
 2738
 2744
 2752
 2758
 2766
 2772
 2778
 2784
 2790
 2792
 2792
 2790
 2788
 2798
 2814
 2824
 2838
 2850
 2858
 2864
 2868
 2874
 2882
 2886
 2888
 2890
 2884
 2878
 2872
 2868
 2866
 2862
 2860
 2858
 2858
 2860
 2858
 2856
 2852
 2854
 2870
 2880
 2890
 2900
 2908
 2912
 2914
 2914
 2918
 2918
 2916
 2912
 2906
 2900
 2894
 2886
 2878
 2868
 2860
 2852
 2842
 2834
 2820
 2800
 2778
 2758
 2750
 2742
 2730
 2718
 2700
 2678
 2654
 2628
 2600
 2572
 2540
 2506
 2472
 2432
 2392
 2352
 2312
 2274
 2236
 2198
 2158
 2120
 2078
 2034
 1996
 1966
 1952
 1950
 1954
 1970
 1990
 2016
 2052
 2084
 2122
 2160
 2200
 2238
 2274
 2308
 2342
 2372
 2400
 2428
 2454
 2480
 2506
 2532
 2556
 2574
 2588
 2602
 2614
 2644
 2672
 2702
 2730
 2752
 2772
 2788
 2796
 2806
 2812
 2818
 2822
 2826
 2830
 2832
 2830
 2830
 2830
 2832
 2834
 2834
 2834
 2836
 2836
 2832
 2828
 2828
 2846
 2862
 2878
 2894
 2904
 2908
 2910
 2906
 2910
 2912
 2910
 2906
 2902
 2898
 2892
 2884
 2874
 2866
 2860
 2856
 2852
 2850
 2848
 2846
 2844
 2844
 2844
 2838
 2836
 2846
 2864
 2880
 2896
 2910
 2918
 2922
 2926
 2930
 2932
 2932
 2928
 2920
 2914
 2908
 2900
 2892
 2884
 2876
 2868
 2862
 2856
 2850
 2842
 2834
 2824
 2808
 2792
 2778
 2770
 2766
 2758
 2754
 2744
 2728
 2712
 2692
 2672
 2652
 2624
 2596
 2564
 2532
 2498
 2462
 2426
 2390
 2352
 2314
 2280
 2244
 2208
 2174
 2136
 2094
 2054
 2020
 1994
 1982
 1978
 1974
 1984
 2000
 2028
 2060
 2094
 2134
 2170
 2206
 2242
 2276
 2310
 2342
 2372
 2400
 2424
 2448
 2472
 2494
 2518
 2538
 2554
 2570
 2582
 2600
 2628
 2654
 2680
 2704
 2720
 2736
 2752
 2764
 2774
 2786
 2792
 2798
 2802
 2804
 2806
 2806
 2810
 2812
 2816
 2818
 2822
 2828
 2832
 2834
 2832
 2834
 2844
 2866
 2884
 2904
 2920
 2926
 2928
 2930
 2932
 2934
 2932
 2924
 2916
 2904
 2888
 2872
 2852
 2836
 2818
 2798
 2778
 2758
 2738
 2714
 2688
 2660
 2634
 2610
 2592
 2572
 2548
 2524
 2490
 2454
 2416
 2374
 2334
 2294
 2250
 2204
 2150
 2094
 2034
 1978
 1918
 1860
 1804
 1750
 1700
 1656
 1618
 1584
 1564
 1562
 1578
 1620
 1672
 1732
 1802
 1872
 1944
 2018
 2082
 2146
 2206
 2258
 2308
 2352
 2390
 2422
 2454
 2486
 2512
 2542
 2568
 2592
 2612
 2632
 2650
 2662
 2674
 2686
 2712
 2740
 2764
 2794
 2816
 2838
 2856
 2868
 2882
 2894
 2906
 2914
 2920
 2922
 2924
 2926
 2928
 2932
 2930
 2926
 2924
 2926
 2926
 2926
 2930
 2930
 2928
 2924
 2918
 2924
 2940
 2950
 2966
 2976
 2976
 2972
 2962
 2952
 2936
 2916
 2890
 2860
 2828
 2792
 2754
 2718
 2682
 2644
 2604
 2562
 2520
 2476
 2432
 2386
 2334
 2276
 2222
 2168
 2122
 2076
 2026
 1976
 1920
 1860
 1804
 1748
 1700
 1658
 1620
 1598
 1584
 1584
 1604
 1642
 1692
 1754
 1818
 1884
 1946
 2010
 2066
 2114
 2158
 2204
 2258
 2320
 2374
 2428
 2478
 2518
 2556
 2586
 2610
 2638
 2660
 2678
 2694
 2704
 2714
 2726
 2738
 2750
 2764
 2776
 2790
 2804
 2818
 2830
 2836
 2844
 2848
 2862
 2886
 2902
 2922
 2938
 2950
 2960
 2966
 2970
 2978
 2982
 2984
 2984
 2980
 2976
 2974
 2970
 2964
 2962
 2958
 2956
 2952
 2946
 2930
 2908
 2880
 2852
 2832
 2808
 2780
 2756
 2724
 2690
 2654
 2614
 2574
 2532
 2482
 2430
 2372
 2308
 2240
 2172
 2102
 2034
 1966
 1898
 1830
 1766
 1696
 1626
 1566
 1512
 1468
 1418
 1370
 1322
 1268
 1216
 1168
 1128
 1108
 1106
 1124
 1154
 1196
 1252
 1316
 1388
 1466
 1546
 1624
 1702
 1774
 1840
 1902
 1970
 2046
 2112
 2178
 2240
 2294
 2350
 2400
 2446
 2490
 2528
 2564
 2600
 2632
 2658
 2684
 2712
 2736
 2756
 2774
 2788
 2798
 2802
 2812
 2836
 2858
 2880
 2904
 2918
 2932
 2938
 2940
 2942
 2944
 2942
 2942
 2938
 2930
 2924
 2920
 2918
 2914
 2908
 2906
 2906
 2900
 2890
 2876
 2864
 2852
 2836
 2816
 2794
 2764
 2730
 2690
 2652
 2612
 2568
 2518
 2466
 2408
 2350
 2288
 2226
 2162
 2098
 2032
 1968
 1906
 1838
 1766
 1698
 1632
 1576
 1524
 1466
 1410
 1342
 1260
 1170
 1070
 972
 876
 776
 682
 590
 496
 404
 312
 234
 170
 122
 90
 70
 64
 80
 120
 176
 254
 350
 472
 604
 738
 878
 1012
 1144
 1270
 1386
 1488
 1582
 1670
 1752
 1830
 1906
 1976
 2044
 2106
 2162
 2210
 2254
 2296
 2350
 2408
 2460
 2514
 2560
 2600
 2636
 2662
 2688
 2714
 2734
 2754
 2770
 2782
 2794
 2806
 2814
 2824
 2832
 2842
 2850
 2860
 2866
 2866
 2868
 2866
 2882
 2902
 2920
 2936
 2944
 2954
 2958
 2962
 2966
 2970
 2970
 2970
 2970
 2962
 2952
 2946
 2936
 2928
 2918
 2902
 2884
 2864
 2838
 2812
 2782
 2742
 2700
 2660
 2626
 2598
 2564
 2532
 2494
 2448
 2402
 2352
 2300
 2248
 2194
 2138
 2078
 2014
 1950
 1884
 1818
 1752
 1694
 1638
 1586
 1536
 1488
 1442
 1396
 1346
 1298
 1270
 1248
 1246
 1262
 1290
 1332
 1380
 1440
 1506
 1576
 1652
 1726
 1800
 1874
 1942
 2010
 2068
 2124
 2178
 2226
 2274
 2318
 2362
 2402
 2438
 2470
 2498
 2536
 2578
 2618
 2656
 2688
 2712
 2732
 2752
 2772
 2792
 2808
 2824
 2840
 2848
 2856
 2866
 2874
 2886
 2896
 2904
 2912
 2916
 2918
 2916
 2912
 2910
 2918
 2936
 2950
 2970
 2984
 2992
 2996
 2998
 2998
 2996
 2986
 2968
 2946
 2920
 2888
 2854
 2814
 2778
 2740
 2700
 2660
 2612
 2560
 2508
 2458
 2422
 2388
 2352
 2316
 2272
 2224
 2174
 2118
 2068
 2016
 1962
 1910
 1856
 1798
 1744
 1692
 1640
 1592
 1548
 1510
 1480
 1460
 1456
 1468
 1496
 1554
 1618
 1690
 1766
 1838
 1916
 1988
 2056
 2122
 2180
 2232
 2282
 2326
 2364
 2400
 2438
 2476
 2512
 2546
 2578
 2612
 2638
 2658
 2676
 2694
 2726
 2758
 2790
 2820
 2844
 2864
 2882
 2896
 2910
 2922
 2928
 2930
 2934
 2936
 2938
 2940
 2944
 2946
 2950
 2956
 2960
 2962
 2968
 2972
 2972
 2970
 2960
 2958
 2966
 2964
 2956
 2942
 2920
 2896
 2866
 2832
 2800
 2758
 2716
 2670
 2618
 2566
 2512
 2460
 2406
 2356
 2302
 2248
 2196
 2142
 2086
 2024
 1958
 1892
 1832
 1782
 1744
 1702
 1666
 1628
 1584
 1546
 1506
 1466
 1434
 1402
 1380
 1366
 1358
 1364
 1382
 1410
 1448
 1494
 1546
 1606
 1668
 1734
 1798
 1858
 1914
 1974
 2032
 2098
 2162
 2224
 2284
 2340
 2390
 2434
 2478
 2522
 2562
 2592
 2622
 2648
 2670
 2692
 2712
 2732
 2754
 2772
 2790
 2810
 2830
 2852
 2870
 2882
 2890
 2898
 2906
 2924
 2942
 2964
 2980
 2992
 3000
 3006
 3010
 3016
 3020
 3020
 3018
 3018
 3014
 3010
 3004
 3000
 2994
 2984
 2968
 2950
 2930
 2906
 2878
 2842
 2802
 2764
 2736
 2710
 2682
 2654
 2620
 2580
 2536
 2488
 2442
 2392
 2344
 2290
 2232
 2170
 2106
 2042
 1980
 1920
 1860
 1802
 1746
 1690
 1640
 1586
 1534
 1490
 1462
 1452
 1468
 1494
 1536
 1588
 1650
 1718
 1786
 1856
 1926
 1996
 2060
 2120
 2176
 2226
 2274
 2320
 2364
 2406
 2446
 2486
 2520
 2552
 2578
 2604
 2642
 2684
 2722
 2764
 2798
 2828
 2858
 2880
 2898
 2920
 2932
 2940
 2944
 2948
 2950
 2952
 2952
 2954
 2956
 2958
 2958
 2956
 2952
 2946
 2950
 2964
 2972
 2984
 2990
 2986
 2976
 2958
 2938
 2918
 2890
 2858
 2820
 2778
 2736
 2692
 2650
 2606
 2566
 2524
 2482
 2440
 2388
 2334
 2288
 2244
 2208
 2168
 2128
 2080
 2030
 1980
 1930
 1882
 1838
 1792
 1744
 1694
 1652
 1622
 1602
 1598
 1612
 1640
 1680
 1732
 1788
 1844
 1898
 1954
 2008
 2076
 2140
 2200
 2258
 2306
 2352
 2394
 2430
 2464
 2494
 2522
 2546
 2570
 2588
 2604
 2620
 2636
 2652
 2666
 2684
 2700
 2720
 2736
 2748
 2758
 2766
 2782
 2808
 2828
 2852
 2874
 2888
 2902
 2914
 2924
 2932
 2936
 2938
 2942
 2942
 2942
 2940
 2940
 2940
 2940
 2942
 2942
 2944
 2942
 2942
 2938
 2932
 2922
 2912
 2904
 2900
 2890
 2878
 2862
 2838
 2810
 2776
 2742
 2710
 2676
 2640
 2604
 2562
 2518
 2474
 2428
 2382
 2338
 2294
 2250
 2206
 2162
 2120
 2078
 2034
 1990
 1948
 1912
 1882
 1860
 1834
 1810
 1782
 1754
 1726
 1700
 1680
 1662
 1650
 1646
 1646
 1658
 1670
 1692
 1722
 1762
 1808
 1860
 1912
 1966
 2016
 2062
 2104
 2150
 2194
 2250
 2304
 2356
 2404
 2442
 2480
 2516
 2546
 2578
 2606
 2630
 2656
 2676
 2696
 2712
 2726
 2738
 2750
 2764
 2776
 2792
 2806
 2820
 2830
 2838
 2844
 2854
 2876
 2898
 2918
 2936
 2946
 2954
 2962
 2968
 2972
 2974
 2978
 2980
 2980
 2976
 2968
 2962
 2958
 2954
 2948
 2944
 2944
 2942
 2942
 2938
 2932
 2926
 2918
 2920
 2918
 2908
 2898
 2882
 2862
 2840
 2812
 2784
 2754
 2720
 2686
 2648
 2608
 2564
 2520
 2476
 2430
 2388
 2344
 2302
 2258
 2210
 2162
 2118
 2078
 2048
 2012
 1980
 1944
 1904
 1868
 1830
 1794
 1762
 1728
 1696
 1666
 1644
 1630
 1628
 1636
 1656
 1688
 1726
 1776
 1830
 1882
 1936
 1988
 2044
 2110
 2172
 2234
 2290
 2338
 2390
 2434
 2476
 2514
 2546
 2576
 2604
 2630
 2654
 2676
 2698
 2722
 2744
 2766
 2788
 2808
 2824
 2836
 2844
 2860
 2886
 2910
 2936
 2958
 2976
 2986
 2992
 2998
 3008
 3016
 3020
 3022
 3022
 3020
 3020
 3014
 3008
 3004
 3000
 2996
 2990
 2976
 2956
 2932
 2902
 2884
 2864
 2840
 2818
 2788
 2758
 2726
 2688
 2652
 2614
 2574
 2532
 2484
 2432
 2382
 2328
 2270
 2218
 2164
 2108
 2050
 1986
 1928
 1874
 1826
 1786
 1738
 1694
 1642
 1590
 1540
 1490
 1452
 1422
 1406
 1404
 1412
 1434
 1466
 1508
 1566
 1632
 1702
 1772
 1840
 1908
 1970
 2038
 2110
 2174
 2240
 2298
 2350
 2396
 2434
 2472
 2510
 2542
 2574
 2602
 2626
 2646
 2666
 2686
 2702
 2718
 2738
 2756
 2770
 2782
 2794
 2820
 2848
 2876
 2908
 2930
 2950
 2966
 2978
 2990
 2998
 3002
 3006
 3008
 3010
 3006
 3004
 3002
 3000
 3000
 3000
 3000
 3000
 2998
 2994
 2984
 2970
 2968
 2964
 2954
 2942
 2920
 2898
 2872
 2846
 2814
 2776
 2736
 2694
 2648
 2604
 2556
 2508
 2460
 2414
 2366
 2324
 2278
 2230
 2180
 2134
 2096
 2066
 2030
 1998
 1960
 1920
 1880
 1838
 1804
 1780
 1762
 1756
 1760
 1776
 1804
 1840
 1882
 1932
 1986
 2042
 2096
 2146
 2200
 2246
 2304
 2364
 2416
 2470
 2516
 2556
 2592
 2622
 2650
 2676
 2700
 2720
 2738
 2754
 2766
 2780
 2794
 2806
 2820
 2834
 2848
 2862
 2870
 2876
 2880
 2894
 2912
 2926
 2944
 2954
 2958
 2962
 2960
 2960
 2960
 2958
 2954
 2952
 2948
 2944
 2940
 2934
 2930
 2932
 2934
 2940
 2946
 2952
 2958
 2964
 2964
 2964
 2972
 2992
 3010
 3030
 3046
 3054
 3062
 3072
 3088
 3118
 3146
 3172
 3198
 3218
 3232
 3230
 3212
 3176
 3120
 3048
 2972
 2894
 2820
 2748
 2676
 2604
 2542
 2488
 2450
 2408
 2370
 2332
 2290
 2252
 2214
 2178
 2142
 2104
 2064
 2026
 1982
 1938
 1894
 1850
 1810
 1774
 1738
 1708
 1682
 1652
 1630
 1620
 1622
 1640
 1666
 1702
 1742
 1786
 1838
 1890
 1946
 2002
 2054
 2106
 2154
 2200
 2244
 2286
 2326
 2366
 2402
 2436
 2470
 2498
 2522
 2548
 2574
 2608
 2646
 2682
 2718
 2750
 2776
 2802
 2826
 2848
 2870
 2888
 2902
 2910
 2920
 2928
 2938
 2948
 2956
 2966
 2978
 2990
 2998
 3004
 3008
 3006
 3010
 3024
 3036
 3046
 3052
 3052
 3044
 3028
 3008
 2984
 2956
 2922
 2884
 2846
 2808
 2768
 2730
 2690
 2648
 2608
 2566
 2526
 2486
 2438
 2390
 2346
 2304
 2274
 2238
 2202
 2164
 2118
 2076
 2032
 1988
 1948
 1908
 1868
 1824
 1778
 1732
 1690
 1650
 1620
 1604
 1604
 1618
 1640
 1678
 1728
 1786
 1860
 1932
 2006
 2074
 2136
 2196
 2250
 2298
 2348
 2392
 2436
 2478
 2518
 2554
 2588
 2620
 2650
 2680
 2710
 2734
 2756
 2778
 2792
 2814
 2846
 2874
 2906
 2936
 2954
 2974
 2984
 2988
 2996
 3002
 3004
 3008
 3010
 3008
 3008
 3006
 3006
 3002
 3002
 3000
 3000
 2994
 2982
 2970
 2964
 2960
 2950
 2938
 2918
 2898
 2874
 2842
 2806
 2770
 2730
 2688
 2646
 2600
 2552
 2502
 2450
 2398
 2348
 2296
 2248
 2198
 2142
 2096
 2050
 2014
 1976
 1938
 1902
 1860
 1818
 1780
 1744
 1720
 1700
 1694
 1700
 1718
 1750
 1786
 1830
 1884
 1938
 1996
 2054
 2108
 2158
 2208
 2256
 2314
 2368
 2422
 2478
 2524
 2568
 2608
 2640
 2672
 2704
 2732
 2756
 2778
 2802
 2824
 2842
 2860
 2878
 2888
 2896
 2902
 2906
 2906
 2910
 2928
 2944
 2960
 2978
 2990
 2998
 3004
 3008
 3014
 3018
 3018
 3016
 3016
 3018
 3014
 3006
 3002
 3002
 3002
 3002
 3002
 2998
 2992
 2988
 2992
 2998
 3000
 2998
 2990
 2976
 2958
 2934
 2914
 2890
 2862
 2832
 2802
 2768
 2732
 2694
 2654
 2614
 2572
 2530
 2490
 2442
 2390
 2336
 2284
 2238
 2192
 2140
 2080
 2004
 1914
 1816
 1708
 1600
 1484
 1366
 1246
 1118
 982
 828
 668
 508
 344
 184
 28
 0
 0
 0
 0
 0
 0
 0
 0
 0
 0
 0
 0
 0
 0
 0
 0
 0
 0
 0
 0
 0
 0
 0
 0
 0
 0
 0
 0
 0
 0
 0
 0
 0
 0
 0
 0
 0
 0
 0
 0
 0
 0
 0
 0
 0
 0
 0
 0
 0
 0
 0
 0
 0
 0
 0
 0
 0
 0
 0
 0
 0
 0
 56
 174
 282
 412
 544
 668
 790
 906
 1012
 1108
 1192
 1272
 1352
 1430
 1506
 1580
 1648
 1716
 1780
 1838
 1892
 1936
 1996
 2062
 2122
 2178
 2228
 2272
 2312
 2348
 2382
 2414
 2444
 2472
 2498
 2520
 2540
 2560
 2580
 2598
 2618
 2634
 2652
 2672
 2690
 2708
 2722
 2734
 2744
 2748
 2768
 2794
 2814
 2836
 2856
 2868
 2878
 2884
 2888
 2888
 2890
 2890
 2890
 2892
 2888
 2886
 2886
 2882
 2882
 2880
 2880
 2880
 2880
 2878
 2876
 2872
 2866
 2868
 2880
 2890
 2902
 2914
 2918
 2918
 2916
 2914
 2916
 2916
 2914
 2914
 2912
 2906
 2902
 2896
 2890
 2886
 2882
 2878
 2876
 2874
 2870
 2870
 2870
 2860
 2850
 2842
 2850
 2858
 2868
 2882
 2888
 2892
 2896
 2892
 2894
 2894
 2892
 2892
 2890
 2884
 2880
 2874
 2870
 2866
 2860
 2856
 2854
 2852
 2850
 2850
 2848
 2844
 2840
 2840
 2850
 2862
 2872
 2880
 2882
 2878
 2874
 2870
 2864
 2852
 2834
 2814
 2794
 2772
 2748
 2724
 2700
 2674
 2648
 2620
 2594
 2564
 2536
 2500
 2466
 2436
 2408
 2392
 2372
 2352
 2328
 2304
 2284
 2268
 2260
 2262
 2268
 2278
 2292
 2306
 2324
 2342
 2366
 2390
 2416
 2444
 2472
 2498
 2522
 2542
 2562
 2584
 2616
 2646
 2674
 2702
 2726
 2744
 2760
 2770
 2780
 2790
 2794
 2800
 2806
 2810
 2810
 2812
 2814
 2816
 2820
 2822
 2824
 2822
 2820
 2820
 2822
 2838
 2852
 2862
 2874
 2878
 2884
 2886
 2884
 2884
 2882
 2880
 2878
 2874
 2868
 2866
 2860
 2856
 2854
 2852
 2850
 2848
 2846
 2842
 2838
 2834
 2842
 2854
 2864
 2878
 2884
 2888
 2892
 2888
 2886
 2884
 2880
 2876
 2870
 2866
 2858
 2852
 2846
 2840
 2836
 2836
 2834
 2832
 2832
 2826
 2822
 2820
 2826
 2840
 2852
 2866
 2874
 2880
 2882
 2880
 2880
 2880
 2876
 2872
 2868
 2862
 2856
 2852
 2846
 2844
 2840
 2836
 2836
 2836
 2834
 2836
 2834
 2828
 2826
 2824
 2832
 2846
 2858
 2872
 2884
 2892
 2900
 2904
 2904
 2902
 2902
 2898
 2896
 2892
 2888
 2882
 2878
 2874
 2868
 2864
 2860
 2858
 2856
 2856
 2854
 2850
 2846
 2842
 2854
 2866
 2878
 2890
 2898
 2900
 2900
 2898
 2898
 2898
 2894
 2890
 2886
 2880
 2874
 2866
 2858
 2850
 2844
 2836
 2830
 2824
 2814
 2806
 2794
 2778
 2760
 2744
 2736
 2724
 2714
 2704
 2686
 2664
 2642
 2616
 2590
 2558
 2526
 2490
 2452
 2410
 2370
 2326
 2282
 2238
 2192
 2154
 2122
 2096
 2080
 2072
 2072
 2086
 2110
 2150
 2200
 2254
 2308
 2360
 2408
 2454
 2494
 2532
 2566
 2596
 2624
 2650
 2670
 2688
 2702
 2710
 2722
 2732
 2742
 2752
 2760
 2764
 2766
 2766
 2776
 2798
 2814
 2830
 2844
 2854
 2864
 2868
 2874
 2880
 2884
 2886
 2888
 2888
 2884
 2876
 2868
 2862
 2858
 2854
 2852
 2850
 2850
 2848
 2842
 2840
 2838
 2852
 2868
 2880
 2890
 2892
 2894
 2896
 2896
 2898
 2898
 2894
 2890
 2884
 2876
 2868
 2860
 2852
 2846
 2840
 2836
 2832
 2828
 2822
 2814
 2802
 2784
 2768
 2750
 2742
 2726
 2712
 2696
 2672
 2648
 2620
 2588
 2554
 2518
 2474
 2432
 2384
 2338
 2290
 2240
 2186
 2134
 2082
 2024
 1968
 1910
 1850
 1790
 1742
 1704
 1686
 1672
 1668
 1672
 1684
 1714
 1746
 1784
 1830
 1874
 1920
 1966
 2010
 2058
 2108
 2160
 2214
 2264
 2316
 2366
 2414
 2454
 2488
 2518
 2546
 2586
 2618
 2650
 2682
 2706
 2730
 2750
 2768
 2784
 2800
 2814
 2824
 2834
 2842
 2850
 2860
 2866
 2872
 2878
 2878
 2878
 2880
 2880
 2878
 2874
 2866
 2864
 2880
 2894
 2904
 2916
 2924
 2930
 2934
 2936
 2940
 2944
 2944
 2944
 2942
 2936
 2932
 2926
 2922
 2914
 2904
 2896
 2888
 2878
 2866
 2852
 2836
 2820
 2798
 2770
 2742
 2716
 2702
 2684
 2662
 2640
 2610
 2576
 2540
 2500
 2462
 2420
 2374
 2326
 2270
 2214
 2154
 2096
 2036
 1980
 1924
 1868
 1818
 1770
 1724
 1680
 1638
 1596
 1568
 1556
 1562
 1582
 1614
 1660
 1712
 1774
 1836
 1894
 1956
 2014
 2068
 2120
 2166
 2210
 2254
 2298
 2336
 2372
 2402
 2432
 2462
 2490
 2516
 2542
 2564
 2580
 2598
 2614
 2646
 2676
 2708
 2738
 2764
 2784
 2804
 2820
 2836
 2852
 2866
 2874
 2882
 2884
 2888
 2894
 2894
 2894
 2892
 2894
 2894
 2896
 2894
 2898
 2898
 2898
 2892
 2886
 2884
 2892
 2902
 2908
 2912
 2908
 2900
 2888
 2872
 2854
 2832
 2804
 2774
 2740
 2706
 2668
 2630
 2592
 2550
 2506
 2462
 2416
 2370
 2322
 2276
 2226
 2170
 2114
 2062
 2012
 1972
 1928
 1884
 1838
 1788
 1736
 1688
 1642
 1604
 1578
 1558
 1556
 1566
 1592
 1632
 1682
 1742
 1804
 1872
 1940
 2008
 2072
 2128
 2180
 2226
 2272
 2328
 2380
 2436
 2490
 2534
 2570
 2604
 2632
 2660
 2684
 2706
 2724
 2742
 2758
 2772
 2784
 2798
 2806
 2818
 2826
 2834
 2842
 2848
 2850
 2848
 2848
 2862
 2882
 2900
 2922
 2938
 2952
 2960
 2962
 2968
 2972
 2972
 2968
 2962
 2954
 2944
 2936
 2922
 2906
 2888
 2866
 2844
 2816
 2786
 2754
 2718
 2676
 2636
 2598
 2570
 2534
 2498
 2458
 2410
 2358
 2308
 2254
 2202
 2146
 2086
 2024
 1954
 1886
 1816
 1746
 1680
 1612
 1548
 1486
 1428
 1376
 1334
 1302
 1292
 1300
 1330
 1380
 1440
 1512
 1586
 1662
 1736
 1808
 1880
 1948
 2010
 2068
 2120
 2168
 2214
 2256
 2300
 2344
 2388
 2430
 2468
 2502
 2530
 2554
 2574
 2596
 2636
 2674
 2710
 2744
 2766
 2790
 2808
 2826
 2844
 2858
 2870
 2880
 2888
 2892
 2894
 2898
 2896
 2892
 2890
 2890
 2888
 2890
 2890
 2888
 2884
 2880
 2884
 2898
 2912
 2926
 2936
 2936
 2932
 2924
 2910
 2898
 2878
 2854
 2824
 2790
 2756
 2718
 2682
 2644
 2604
 2562
 2518
 2472
 2428
 2384
 2332
 2278
 2230
 2182
 2146
 2108
 2064
 2022
 1970
 1918
 1866
 1818
 1782
 1758
 1744
 1746
 1756
 1782
 1814
 1856
 1904
 1952
 2002
 2048
 2096
 2136
 2170
 2206
 2238
 2278
 2330
 2380
 2432
 2480
 2524
 2562
 2600
 2632
 2666
 2692
 2718
 2744
 2762
 2780
 2792
 2806
 2820
 2832
 2840
 2850
 2858
 2862
 2864
 2864
 2876
 2896
 2908
 2920
 2930
 2936
 2942
 2942
 2942
 2942
 2938
 2928
 2912
 2886
 2860
 2830
 2802
 2770
 2736
 2704
 2668
 2632
 2590
 2542
 2496
 2454
 2420
 2384
 2346
 2302
 2248
 2192
 2134
 2074
 2022
 1964
 1906
 1846
 1778
 1708
 1636
 1558
 1482
 1414
 1356
 1310
 1280
 1262
 1260
 1278
 1310
 1370
 1448
 1536
 1630
 1722
 1810
 1894
 1972
 2048
 2118
 2182
 2246
 2306
 2358
 2408
 2452
 2494
 2532
 2568
 2598
 2628
 2654
 2674
 2690
 2702
 2732
 2762
 2788
 2820
 2842
 2860
 2876
 2886
 2898
 2906
 2906
 2900
 2892
 2882
 2870
 2862
 2854
 2846
 2840
 2838
 2836
 2838
 2842
 2848
 2852
 2860
 2862
 2866
 2868
 2882
 2902
 2916
 2928
 2938
 2946
 2954
 2958
 2962
 2966
 2968
 2964
 2954
 2944
 2932
 2914
 2898
 2876
 2854
 2828
 2798
 2766
 2728
 2686
 2640
 2594
 2540
 2480
 2422
 2370
 2326
 2288
 2242
 2198
 2148
 2096
 2044
 1990
 1942
 1898
 1852
 1806
 1760
 1714
 1664
 1618
 1572
 1528
 1490
 1456
 1430
 1416
 1424
 1442
 1468
 1506
 1558
 1618
 1694
 1772
 1852
 1926
 2002
 2074
 2138
 2194
 2252
 2302
 2348
 2390
 2428
 2462
 2494
 2526
 2556
 2582
 2610
 2634
 2662
 2686
 2704
 2720
 2732
 2742
 2764
 2796
 2818
 2846
 2870
 2888
 2904
 2914
 2920
 2926
 2930
 2934
 2934
 2934
 2928
 2928
 2924
 2922
 2918
 2916
 2916
 2914
 2914
 2906
 2892
 2874
 2854
 2840
 2824
 2804
 2786
 2760
 2730
 2700
 2662
 2622
 2578
 2530
 2478
 2426
 2366
 2300
 2230
 2160
 2094
 2028
 1964
 1900
 1840
 1780
 1714
 1656
 1602
 1556
 1516
 1476
 1440
 1408
 1382
 1370
 1372
 1398
 1440
 1498
 1570
 1646
 1728
 1808
 1888
 1968
 2048
 2122
 2192
 2256
 2314
 2368
 2414
 2474
 2528
 2578
 2628
 2670
 2704
 2734
 2756
 2778
 2798
 2816
 2834
 2850
 2862
 2872
 2880
 2886
 2894
 2900
 2904
 2904
 2900
 2892
 2894
 2904
 2914
 2930
 2936
 2944
 2952
 2952
 2954
 2960
 2964
 2962
 2960
 2956
 2948
 2942
 2938
 2936
 2932
 2930
 2926
 2916
 2900
 2878
 2862
 2846
 2824
 2806
 2780
 2752
 2720
 2686
 2650
 2612
 2568
 2522
 2472
 2418
 2362
 2304
 2248
 2196
 2142
 2084
 2028
 1968
 1914
 1866
 1830
 1792
 1748
 1708
 1666
 1632
 1614
 1604
 1616
 1642
 1678
 1726
 1782
 1842
 1900
 1964
 2032
 2098
 2164
 2226
 2286
 2340
 2388
 2432
 2482
 2532
 2580
 2628
 2664
 2696
 2724
 2748
 2770
 2796
 2814
 2832
 2848
 2858
 2866
 2876
 2882
 2892
 2900
 2904
 2912
 2912
 2908
 2904
 2896
 2902
 2914
 2926
 2942
 2952
 2962
 2960
 2958
 2960
 2962
 2960
 2948
 2934
 2912
 2888
 2860
 2830
 2796
 2762
 2730
 2696
 2660
 2622
 2580
 2536
 2496
 2466
 2436
 2400
 2370
 2330
 2286
 2242
 2194
 2152
 2108
 2062
 2014
 1962
 1906
 1850
 1790
 1732
 1680
 1638
 1606
 1592
 1588
 1598
 1626
 1666
 1726
 1790
 1864
 1938
 2006
 2076
 2136
 2194
 2252
 2302
 2350
 2394
 2434
 2470
 2504
 2536
 2566
 2594
 2622
 2646
 2666
 2684
 2700
 2724
 2754
 2782
 2814
 2840
 2860
 2878
 2886
 2896
 2906
 2914
 2922
 2926
 2928
 2928
 2928
 2928
 2928
 2928
 2928
 2928
 2926
 2920
 2914
 2916
 2930
 2942
 2956
 2966
 2972
 2980
 2980
 2976
 2966
 2950
 2930
 2908
 2880
 2850
 2818
 2782
 2746
 2712
 2674
 2636
 2596
 2550
 2504
 2464
 2428
 2396
 2360
 2322
 2278
 2232
 2184
 2136
 2094
 2054
 2012
 1972
 1932
 1902
 1884
 1874
 1882
 1900
 1932
 1978
 2034
 2094
 2152
 2206
 2260
 2308
 2366
 2422
 2476
 2530
 2572
 2612
 2646
 2674
 2704
 2730
 2748
 2766
 2780
 2794
 2804
 2812
 2818
 2824
 2830
 2836
 2842
 2850
 2856
 2858
 2860
 2860
 2866
 2886
 2900
 2918
 2934
 2946
 2952
 2954
 2958
 2960
 2960
 2950
 2942
 2928
 2912
 2894
 2872
 2850
 2828
 2804
 2780
 2752
 2726
 2700
 2668
 2630
 2594
 2560
 2540
 2514
 2488
 2462
 2430
 2396
 2366
 2332
 2304
 2272
 2238
 2204
 2168
 2126
 2082
 2040
 2004
 1976
 1960
 1958
 1966
 1986
 2016
 2050
 2090
 2134
 2186
 2248
 2306
 2364
 2420
 2468
 2514
 2552
 2590
 2626
 2656
 2684
 2710
 2734
 2756
 2776
 2798
 2816
 2834
 2852
 2868
 2882
 2892
 2896
 2898
 2902
 2922
 2940
 2956
 2976
 2984
 2996
 3002
 3006
 3010
 3014
 3016
 3010
 3002
 2994
 2986
 2976
 2962
 2946
 2926
 2902
 2880
 2848
 2810
 2776
 2738
 2712
 2684
 2656
 2626
 2590
 2548
 2508
 2466
 2426
 2384
 2340
 2292
 2242
 2190
 2134
 2076
 2018
 1960
 1906
 1856
 1804
 1754
 1708
 1674
 1652
 1650
 1656
 1680
 1718
 1764
 1822
 1882
 1946
 2012
 2074
 2132
 2190
 2246
 2296
 2344
 2386
 2426
 2466
 2504
 2536
 2564
 2590
 2612
 2640
 2678
 2714
 2748
 2782
 2808
 2832
 2852
 2870
 2888
 2906
 2916
 2926
 2928
 2928
 2928
 2930
 2930
 2932
 2934
 2936
 2938
 2936
 2930
 2926
 2922
 2936
 2950
 2962
 2974
 2982
 2990
 2996
 2998
 3000
 3002
 3000
 2998
 2992
 2982
 2968
 2950
 2932
 2906
 2880
 2850
 2818
 2784
 2744
 2700
 2652
 2604
 2564
 2530
 2486
 2444
 2394
 2338
 2282
 2222
 2162
 2104
 2038
 1970
 1898
 1818
 1738
 1654
 1572
 1490
 1408
 1330
 1254
 1176
 1098
 1034
 972
 920
 868
 822
 770
 716
 672
 638
 614
 602
 596
 604
 630
 672
 732
 812
 904
 1016
 1136
 1254
 1364
 1474
 1576
 1684
 1790
 1886
 1980
 2066
 2142
 2212
 2272
 2328
 2380
 2426
 2466
 2504
 2536
 2564
 2592
 2622
 2648
 2672
 2692
 2708
 2720
 2726
 2748
 2776
 2800
 2824
 2846
 2860
 2876
 2886
 2896
 2906
 2912
 2918
 2920
 2922
 2922
 2922
 2918
 2912
 2912
 2910
 2912
 2912
 2908
 2900
 2892
 2890
 2892
 2886
 2882
 2870
 2852
 2832
 2806
 2780
 2748
 2716
 2678
 2638
 2596
 2554
 2506
 2460
 2416
 2372
 2330
 2288
 2246
 2204
 2160
 2108
 2058
 2014
 1974
 1946
 1918
 1890
 1862
 1834
 1814
 1802
 1800
 1814
 1836
 1866
 1902
 1944
 1994
 2048
 2102
 2154
 2204
 2250
 2296
 2338
 2380
 2418
 2448
 2476
 2496
 2520
 2556
 2586
 2618
 2646
 2670
 2690
 2710
 2726
 2742
 2758
 2768
 2778
 2790
 2800
 2806
 2812
 2820
 2826
 2834
 2840
 2850
 2862
 2874
 2884
 2890
 2892
 2888
 2880
 2890
 2900
 2914
 2928
 2936
 2940
 2946
 2946
 2948
 2948
 2948
 2950
 2946
 2942
 2936
 2930
 2924
 2920
 2916
 2912
 2908
 2906
 2904
 2900
 2894
 2888
 2878
 2870
 2864
 2868
 2866
 2862
 2856
 2840
 2826
 2810
 2790
 2770
 2746
 2718
 2688
 2654
 2616
 2572
 2526
 2478
 2434
 2386
 2342
 2298
 2254
 2210
 2166
 2124
 2076
 2036
 2002
 1976
 1954
 1930
 1906
 1878
 1856
 1842
 1836
 1840
 1856
 1874
 1902
 1930
 1966
 2006
 2044
 2086
 2132
 2178
 2224
 2270
 2316
 2358
 2394
 2424
 2452
 2486
 2528
 2564
 2606
 2642
 2674
 2702
 2726
 2748
 2770
 2790
 2808
 2822
 2836
 2846
 2854
 2862
 2868
 2878
 2886
 2886
 2888
 2888
 2886
 2884
 2880
 2892
 2906
 2918
 2936
 2946
 2950
 2954
 2950
 2944
 2932
 2916
 2892
 2866
 2838
 2806
 2770
 2734
 2698
 2658
 2620
 2582
 2540
 2492
 2444
 2396
 2362
 2322
 2280
 2240
 2192
 2144
 2096
 2046
 2000
 1960
 1916
 1870
 1824
 1774
 1726
 1680
 1644
 1620
 1612
 1620
 1640
 1668
 1708
 1758
 1818
 1894
 1964
 2040
 2106
 2166
 2226
 2276
 2322
 2366
 2410
 2448
 2484
 2514
 2538
 2564
 2588
 2608
 2630
 2650
 2668
 2688
 2704
 2714
 2726
 2732
 2748
 2774
 2796
 2822
 2844
 2862
 2878
 2892
 2902
 2910
 2914
 2916
 2918
 2920
 2918
 2914
 2914
 2910
 2908
 2908
 2904
 2904
 2902
 2902
 2896
 2892
 2888
 2880
 2874
 2868
 2880
 2890
 2898
 2906
 2902
 2892
 2880
 2862
 2842
 2818
 2790
 2758
 2722
 2682
 2640
 2598
 2554
 2508
 2464
 2420
 2376
 2332
 2286
 2242
 2194
 2140
 2090
 2042
 2002
 1966
 1928
 1894
 1854
 1814
 1780
 1750
 1732
 1728
 1732
 1748
 1772
 1806
 1844
 1886
 1934
 1986
 2040
 2092
 2144
 2194
 2244
 2286
 2324
 2358
 2396
 2444
 2488
 2528
 2570
 2604
 2638
 2668
 2692
 2716
 2738
 2758
 2776
 2792
 2806
 2818
 2832
 2844
 2854
 2864
 2876
 2886
 2898
 2904
 2908
 2906
 2900
 2904
 2920
 2930
 2946
 2958
 2964
 2972
 2974
 2976
 2976
 2976
 2972
 2970
 2964
 2954
 2946
 2940
 2936
 2930
 2924
 2922
 2920
 2914
 2908
 2900
 2882
 2862
 2838
 2814
 2796
 2778
 2758
 2734
 2704
 2670
 2632
 2592
 2552
 2506
 2460
 2412
 2358
 2300
 2240
 2176
 2114
 2054
 1996
 1938
 1884
 1832
 1774
 1718
 1670
 1632
 1604
 1582
 1572
 1574
 1588
 1620
 1664
 1714
 1780
 1846
 1910
 1976
 2042
 2104
 2164
 2220
 2270
 2316
 2362
 2408
 2446
 2476
 2502
 2530
 2562
 2596
 2626
 2658
 2682
 2704
 2726
 2742
 2760
 2778
 2790
 2802
 2812
 2820
 2826
 2832
 2838
 2844
 2848
 2856
 2862
 2870
 2876
 2880
 2884
 2886
 2886
 2902
 2918
 2928
 2940
 2946
 2954
 2960
 2962
 2968
 2972
 2972
 2972
 2968
 2962
 2956
 2952
 2948
 2942
 2940
 2938
 2934
 2932
 2930
 2928
 2924
 2922
 2918
 2910
 2902
 2896
 2902
 2904
 2902
 2900
 2890
 2878
 2864
 2842
 2818
 2794
 2768
 2740
 2712
 2684
 2654
 2624
 2592
 2562
 2534
 2504
 2476
 2448
 2420
 2392
 2366
 2336
 2298
 2266
 2238
 2212
 2194
 2174
 2158
 2146
 2138
 2136
 2148
 2164
 2192
 2218
 2246
 2280
 2314
 2348
 2380
 2414
 2444
 2474
 2502
 2526
 2550
 2572
 2594
 2616
 2634
 2646
 2658
 2670
 2692
 2714
 2738
 2762
 2782
 2800
 2816
 2828
 2842
 2856
 2866
 2874
 2880
 2886
 2884
 2880
 2880
 2882
 2882
 2882
 2884
 2886
 2888
 2890
 2886
 2880
 2876
 2886
 2900
 2910
 2924
 2934
 2938
 2942
 2942
 2944
 2944
 2940
 2936
 2922
 2904
 2886
 2864
 2840
 2818
 2792
 2766
 2740
 2710
 2682
 2648
 2606
 2566
 2526
 2494
 2462
 2424
 2386
 2336
 2284
 2230
 2172
 2118
 2058
 1996
 1934
 1868
 1802
 1734
 1666
 1600
 1538
 1474
 1412
 1350
 1278
 1212
 1148
 1090
 1042
 998
 964
 936
 920
 920
 936
 964
 1006
 1054
 1116
 1188
 1266
 1348
 1434
 1524
 1614
 1704
 1784
 1856
 1922
 1980
 2050
 2116
 2178
 2240
 2294
 2344
 2388
 2422
 2458
 2492
 2520
 2546
 2570
 2590
 2610
 2630
 2650
 2670
 2692
 2714
 2730
 2744
 2752
 2758
 2780
 2804
 2826
 2848
 2866
 2882
 2892
 2902
 2912
 2918
 2918
 2918
 2916
 2916
 2912
 2910
 2906
 2906
 2902
 2900
 2896
 2894
 2892
 2890
 2882
 2868
 2850
 2830
 2820
 2812
 2798
 2784
 2764
 2742
 2718
 2690
 2666
 2636
 2602
 2566
 2526
 2482
 2436
 2388
 2340
 2292
 2242
 2190
 2140
 2090
 2040
 1990
 1938
 1882
 1828
 1778
 1736
 1706
 1672
 1648
 1630
 1620
 1624
 1638
 1670
 1714
 1760
 1814
 1870
 1926
 1984
 2040
 2096
 2150
 2202
 2254
 2302
 2344
 2384
 2418
 2448
 2476
 2498
 2528
 2564
 2598
 2632
 2660
 2684
 2706
 2724
 2742
 2760
 2774
 2786
 2798
 2806
 2812
 2818
 2824
 2832
 2840
 2846
 2852
 2860
 2870
 2878
 2888
 2896
 2898
 2896
 2892
 2892
 2906
 2918
 2926
 2930
 2930
 2922
 2912
 2896
 2880
 2860
 2834
 2806
 2772
 2732
 2692
 2652
 2612
 2572
 2532
 2488
 2444
 2400
 2352
 2304
 2252
 2200
 2142
 2082
 2030
 1980
 1940
 1898
 1858
 1818
 1776
 1742
 1718
 1710
 1714
 1730
 1756
 1788
 1826
 1870
 1920
 1970
 2028
 2084
 2138
 2192
 2242
 2292
 2340
 2382
 2416
 2450
 2482
 2522
 2564
 2600
 2638
 2668
 2690
 2712
 2730
 2750
 2770
 2788
 2804
 2816
 2830
 2844
 2858
 2874
 2888
 2902
 2910
 2918
 2928
 2938
 2946
 2952
 2954
 2956
 2966
 2988
 3002
 3016
 3032
 3040
 3046
 3048
 3048
 3048
 3044
 3034
 3018
 2998
 2972
 2944
 2916
 2882
 2846
 2814
 2780
 2746
 2712
 2672
 2630
 2590
 2556
 2528
 2496
 2464
 2426
 2384
 2344
 2298
 2256
 2214
 2172
 2126
 2074
 2020
 1964
 1904
 1848
 1794
 1742
 1690
 1644
 1600
 1558
 1528
 1514
 1518
 1542
 1578
 1626
 1682
 1740
 1806
 1872
 1938
 2002
 2062
 2118
 2170
 2220
 2264
 2306
 2350
 2392
 2430
 2466
 2498
 2526
 2550
 2570
 2588
 2620
 2656
 2688
 2724
 2752
 2776
 2800
 2820
 2840
 2858
 2874
 2888
 2900
 2908
 2914
 2920
 2920
 2920
 2920
 2922
 2924
 2926
 2928
 2928
 2924
 2918
 2914
 2922
 2922
 2920
 2912
 2894
 2876
 2854
 2826
 2798
 2764
 2726
 2686
 2640
 2590
 2536
 2480
 2424
 2370
 2316
 2262
 2212
 2158
 2104
 2048
 1986
 1928
 1878
 1834
 1800
 1762
 1732
 1700
 1670
 1656
 1650
 1662
 1690
 1728
 1778
 1840
 1906
 1974
 2044
 2106
 2166
 2224
 2280
 2332
 2382
 2430
 2476
 2512
 2542
 2566
 2608
 2662
 2708
 2746
 2774
 2790
 2802
 2810
 2818
 2826
 2830
 2834
 2836
 2836
 2838
 2844
 2846
 2852
 2854
 2860
 2866
 2876
 2886
 2896
 2904
 2902
 2900
 2902
 2920
 2936
 2944
 2954
 2964
 2972
 2980
 2980
 2988
 2994
 2998
 3002
 3002
 3002
 3004
 3002
 3004
 3002
 3002
 3000
 3000
 2998
 2994
 2992
 2986
 2972
 2954
 2932
 2916
 2902
 2886
 2866
 2840
 2810
 2778
 2746
 2714
 2680
 2642
 2600
 2554
 2508
 2458
 2408
 2356
 2302
 2250
 2202
 2150
 2102
 2052
 1994
 1938
 1892
 1848
 1814
 1774
 1734
 1696
 1652
 1608
 1568
 1538
 1520
 1516
 1526
 1548
 1586
 1636
 1692
 1752
 1820
 1890
 1962
 2028
 2086
 2142
 2194
 2240
 2300
 2354
 2408
 2464
 2512
 2556
 2594
 2628
 2662
 2694
 2718
 2744
 2764
 2786
 2804
 2820
 2838
 2854
 2868
 2882
 2890
 2896
 2900
 2898
 2914
 2926
 2940
 2956
 2968
 2974
 2980
 2982
 2990
 2994
 2994
 2992
 2992
 2986
 2980
 2972
 2958
 2942
 2924
 2898
 2872
 2844
 2808
 2770
 2736
 2710
 2686
 2658
 2632
 2602
 2566
 2530
 2490
 2450
 2410
 2364
 2316
 2262
 2208
 2148
 2088
 2024
 1966
 1910
 1854
 1804
 1756
 1700
 1648
 1602
 1560
 1516
 1468
 1416
 1356
 1290
 1228
 1172
 1134
 1116
 1116
 1138
 1170
 1218
 1280
 1354
 1434
 1524
 1608
 1696
 1780
 1854
 1922
 1984
 2054
 2134
 2208
 2278
 2342
 2396
 2446
 2488
 2526
 2562
 2600
 2634
 2666
 2694
 2718
 2740
 2758
 2778
 2794
 2810
 2826
 2842
 2856
 2864
 2868
 2872
 2890
 2918
 2938
 2962
 2976
 2984
 2992
 2998
 3004
 3014
 3018
 3022
 3026
 3026
 3026
 3022
 3020
 3016
 3014
 3012
 3010
 3008
 3006
 3006
 2998
 2984
 2974
 2970
 2980
 2982
 2984
 2980
 2966
 2952
 2928
 2904
 2878
 2850
 2816
 2778
 2738
 2694
 2650
 2604
 2558
 2512
 2468
 2422
 2376
 2332
 2280
 2224
 2174
 2126
 2090
 2050
 2010
 1970
 1924
 1880
 1838
 1796
 1758
 1720
 1682
 1650
 1628
 1614
 1612
 1622
 1646
 1684
 1732
 1786
 1846
 1910
 1974
 2040
 2110
 2174
 2236
 2292
 2340
 2386
 2430
 2468
 2508
 2540
 2570
 2600
 2628
 2650
 2672
 2694
 2714
 2736
 2756
 2774
 2788
 2800
 2810
 2826
 2854
 2878
 2900
 2920
 2932
 2944
 2954
 2964
 2974
 2982
 2988
 2994
 2996
 2994
 2996
 2996
 2996
 2996
 2994
 2992
 2988
 2980
 2970
 2964
 2964
 2960
 2954
 2942
 2924
 2904
 2878
 2852
 2822
 2790
 2754
 2716
 2674
 2634
 2588
 2544
 2500
 2454
 2408
 2358
 2304
 2250
 2196
 2148
 2108
 2060
 2016
 1966
 1910
 1854
 1796
 1740
 1690
 1638
 1592
 1544
 1502
 1468
 1446
 1438
 1442
 1462
 1496
 1542
 1596
 1654
 1718
 1784
 1862
 1940
 2014
 2084
 2148
 2208
 2260
 2308
 2352
 2392
 2432
 2470
 2502
 2530
 2554
 2578
 2602
 2624
 2646
 2666
 2686
 2704
 2718
 2732
 2742
 2770
 2796
 2822
 2846
 2868
 2888
 2906
 2918
 2936
 2948
 2954
 2956
 2958
 2960
 2960
 2960
 2960
 2960
 2960
 2960
 2958
 2954
 2954
 2950
 2948
 2942
 2936
 2936
 2946
 2956
 2968
 2976
 2982
 2982
 2978
 2970
 2960
 2944
 2924
 2898
 2870
 2838
 2804
 2772
 2740
 2704
 2670
 2634
 2598
 2562
 2524
 2488
 2448
 2404
 2362
 2322
 2292
 2266
 2234
 2204
 2170
 2130
 2092
 2052
 2016
 1982
 1950
 1916
 1888
 1868
 1860
 1860
 1874
 1900
 1934
 1978
 2028
 2082
 2134
 2186
 2236
 2284
 2328
 2370
 2422
 2470
 2518
 2562
 2600
 2634
 2666
 2694
 2722
 2748
 2768
 2790
 2810
 2824
 2842
 2856
 2874
 2886
 2898
 2910
 2920
 2926
 2930
 2932
 2932
 2932
 2928
 2930
 2942
 2954
 2966
 2972
 2976
 2978
 2980
 2982
 2984
 2984
 2982
 2982
 2978
 2972
 2966
 2960
 2954
 2952
 2948
 2944
 2942
 2938
 2940
 2930
 2920
 2906
 2896
 2886
 2888
 2882
 2874
 2866
 2852
 2838
 2820
 2800
 2782
 2760
 2734
 2710
 2680
 2646
 2614
 2580
 2544
 2510
 2474
 2440
 2404
 2372
 2336
 2300
 2258
 2218
 2184
 2154
 2132
 2104
 2078
 2050
 2016
 1984
 1952
 1924
 1900
 1882
 1868
 1866
 1868
 1878
 1896
 1920
 1956
 1996
 2038
 2086
 2136
 2178
 2220
 2260
 2296
 2344
 2386
 2428
 2470
 2504
 2534
 2564
 2588
 2614
 2636
 2656
 2672
 2688
 2704
 2716
 2728
 2738
 2748
 2760
 2772
 2786
 2796
 2804
 2810
 2814
 2830
 2852
 2872
 2894
 2912
 2926
 2938
 2944
 2948
 2956
 2960
 2962
 2964
 2962
 2956
 2950
 2942
 2932
 2922
 2908
 2894
 2878
 2858
 2832
 2802
 2774
 2752
 2734
 2710
 2688
 2658
 2626
 2594
 2560
 2530
 2496
 2462
 2426
 2386
 2342
 2298
 2248
 2198
 2148
 2098
 2052
 2004
 1958
 1912
 1870
 1830
 1788
 1756
 1740
 1738
 1752
 1774
 1808
 1844
 1884
 1930
 1974
 2022
 2074
 2120
 2166
 2208
 2246
 2284
 2318
 2348
 2376
 2404
 2428
 2454
 2480
 2504
 2530
 2554
 2574
 2590
 2600
 2614
 2630
 2658
 2678
 2700
 2720
 2734
 2748
 2760
 2770
 2784
 2796
 2804
 2812
 2818
 2822
 2832
 2840
 2848
 2858
 2868
 2878
 2886
 2898
 2910
 2918
 2928
 2936
 2940
 2944
 2942
 2952
 2970
 2986
 3004
 3016
 3026
 3036
 3040
 3048
 3052
 3054
 3054
 3050
 3042
 3030
 3014
 2994
 2972
 2948
 2920
 2892
 2864
 2836
 2808
 2778
 2744
 2708
 2676
 2650
 2624
 2596
 2568
 2534
 2494
 2456
 2414
 2376
 2336
 2292
 2246
 2196
 2144
 2092
 2036
 1984
 1932
 1882
 1836
 1788
 1744
 1698
 1648
 1610
 1584
 1574
 1582
 1600
 1630
 1670
 1718
 1776
 1832
 1894
 1954
 2014
 2074
 2128
 2180
 2228
 2276
 2322
 2364
 2406
 2444
 2484
 2518
 2546
 2572
 2596
 2628
 2668
 2706
 2746
 2782
 2814
 2844
 2870
 2890
 2912
 2928
 2940
 2950
 2958
 2964
 2970
 2974
 2976
 2982
 2986
 2988
 2990
 2994
 2996
 2996
 2992
 2986
 2990
 3004
 3012
 3022
 3026
 3022
 3012
 2994
 2974
 2950
 2922
 2890
 2856
 2816
 2776
 2734
 2688
 2644
 2602
 2556
 2514
 2468
 2422
 2376
 2322
 2264
 2214
 2166
 2128
 2086
 2046
 2006
 1960
 1916
 1872
 1834
 1800
 1766
 1734
 1708
 1682
 1666
 1666
 1678
 1708
 1746
 1792
 1842
 1904
 1966
 2024
 2078
 2130
 2184
 2246
 2300
 2356
 2404
 2452
 2500
 2540
 2578
 2612
 2644
 2672
 2700
 2724
 2748
 2772
 2796
 2818
 2840
 2860
 2880
 2900
 2918
 2930
 2938
 2940
 2946
 2964
 2980
 2998
 3016
 3028
 3036
 3044
 3048
 3052
 3054
 3056
 3054
 3050
 3044
 3036
 3026
 3010
 2994
 2972
 2944
 2918
 2890
 2858
 2822
 2790
 2760
 2736
 2708
 2680
 2648
 2612
 2574
 2532
 2492
 2454
 2412
 2368
 2322
 2268
 2210
 2154
 2096
 2040
 1990
 1938
 1892
 1844
 1796
 1756
 1726
 1712
 1706
 1716
 1734
 1764
 1802
 1848
 1896
 1952
 2008
 2060
 2114
 2162
 2208
 2252
 2294
 2334
 2372
 2410
 2444
 2472
 2496
 2518
 2552
 2590
 2624
 2660
 2690
 2716
 2742
 2764
 2784
 2806
 2824
 2840
 2854
 2866
 2876
 2884
 2894
 2902
 2908
 2916
 2920
 2920
 2918
 2914
 2914
 2930
 2942
 2956
 2970
 2978
 2986
 2988
 2992
 2998
 3002
 3002
 3002
 2996
 2992
 2986
 2976
 2966
 2952
 2938
 2922
 2898
 2872
 2840
 2808
 2776
 2746
 2728
 2704
 2682
 2656
 2624
 2594
 2560
 2526
 2492
 2452
 2410
 2364
 2310
 2252
 2192
 2130
 2070
 2012
 1962
 1910
 1866
 1816
 1766
 1726
 1692
 1672
 1660
 1658
 1666
 1684
 1716
 1752
 1794
 1842
 1890
 1940
 1992
 2044
 2094
 2152
 2208
