26
38
80
93
159
221
316
400
478
557
641
726
819
898
992
1068
1143
1247
1323
1395
1467
1539
1606
1683
1770
1847
1916
1995
2092
2164
2244
2325
2401
2481
2552
2630
2693
2802
2871
2939
3012
3077
3160
3234
3326
3417
3497
3582
3648
3728
3798
3868
3942
4023
4109
4191
4268
4335
4399
4474
4542
4617
4689
4768
4846
4967
5046
5117
5197
5308
5384
5461
5532
5604
5675
5760
5858
5942
6042
6144
6229
6313
6387
6459
6537
6615
6726
6807
6872
6956
7025
7112
7207
7284
7370
7443
7517
7595
7673
7764
7835
7914
7982
8045
8127
8201
8282
8356
8439
8516
8587
8658
8735
8819
8897
