 2628
 2680
 2724
 2760
 2796
 2824
 2854
 2880
 2904
 2926
 2948
 2972
 2998
 3020
 3030
 3040
 3048
 3076
 3102
 3122
 3134
 3148
 3160
 3170
 3184
 3196
 3204
 3212
 3212
 3210
 3216
 3220
 3226
 3222
 3210
 3188
 3168
 3148
 3110
 3062
 3010
 2960
 2906
 2852
 2796
 2738
 2680
 2618
 2558
 2500
 2444
 2388
 2326
 2264
 2208
 2156
 2110
 2062
 2014
 1966
 1918
 1876
 1840
 1814
 1804
 1804
 1818
 1842
 1878
 1922
 1962
 2000
 2040
 2084
 2142
 2200
 2252
 2300
 2350
 2396
 2438
 2482
 2526
 2566
 2608
 2650
 2692
 2734
 2770
 2800
 2830
 2868
 2918
 2960
 2992
 3020
 3042
 3062
 3080
 3102
 3120
 3134
 3150
 3160
 3170
 3180
 3184
 3170
 3144
 3108
 3080
 3046
 3004
 2950
 2894
 2838
 2784
 2732
 2680
 2628
 2572
 2516
 2462
 2410
 2364
 2310
 2258
 2208
 2156
 2112
 2064
 2014
 1970
 1940
 1924
 1920
 1928
 1942
 1960
 1982
 2010
 2040
 2078
 2116
 2150
 2190
 2226
 2276
 2328
 2374
 2420
 2466
 2510
 2554
 2598
 2638
 2680
 2718
 2756
 2792
 2828
 2860
 2886
 2908
 2928
 2958
 3000
 3036
 3064
 3088
 3110
 3128
 3148
 3164
 3178
 3190
 3198
 3208
 3214
 3212
 3202
 3178
 3140
 3092
 3044
 3004
 2964
 2914
 2858
 2800
 2742
 2688
 2638
 2590
 2538
 2488
 2442
 2396
 2358
 2334
 2322
 2316
 2314
 2318
 2320
 2336
 2356
 2378
 2414
 2466
 2516
 2560
 2602
 2642
 2682
 2716
 2754
 2794
 2834
 2874
 2912
 2942
 2968
 2990
 3014
 3050
 3080
 3100
 3114
 3126
 3134
 3144
 3158
 3166
 3172
 3178
 3182
 3188
 3194
 3198
 3194
 3180
 3158
 3126
 3098
 3070
 3030
 2986
 2936
 2886
 2836
 2792
 2746
 2702
 2650
 2598
 2548
 2496
 2448
 2402
 2354
 2302
 2254
 2204
 2164
 2122
 2076
 2028
 1982
 1934
 1888
 1860
 1840
 1832
 1830
 1838
 1854
 1882
 1920
 1962
 2002
 2046
 2090
 2140
 2200
 2258
 2314
 2368
 2426
 2484
 2536
 2588
 2638
 2684
 2726
 2764
 2804
 2840
 2880
 2912
 2938
 2966
 2998
 3038
 3072
 3096
 3114
 3130
 3144
 3156
 3170
 3180
 3188
 3194
 3196
 3198
 3200
 3204
 3206
 3200
 3194
 3188
 3190
 3204
 3212
 3200
 3176
 3142
 3100
 3058
 3016
 2974
 2928
 2878
 2824
 2768
 2716
 2666
 2618
 2570
 2524
 2472
 2426
 2382
 2346
 2306
 2262
 2216
 2170
 2124
 2078
 2034
 2000
 1972
 1950
 1942
 1942
 1952
 1968
 1992
 2020
 2050
 2084
 2118
 2162
 2210
 2252
 2292
 2334
 2378
 2420
 2460
 2502
 2546
 2588
 2626
 2666
 2706
 2746
 2784
 2822
 2854
 2880
 2900
 2920
 2956
 2990
 3016
 3034
 3052
 3064
 3076
 3090
 3104
 3112
 3118
 3126
 3134
 3138
 3140
 3144
 3148
 3152
 3152
 3148
 3142
 3134
 3132
 3114
 3084
 3042
 2994
 2948
 2896
 2848
 2798
 2744
 2686
 2628
 2570
 2514
 2460
 2404
 2350
 2300
 2246
 2190
 2142
 2088
 2038
 1988
 1936
 1886
 1846
 1822
 1806
 1802
 1804
 1814
 1832
 1854
 1886
 1924
 1968
 2020
 2070
 2118
 2172
 2226
 2296
 2368
 2432
 2490
 2548
 2604
 2650
 2696
 2742
 2786
 2826
 2864
 2896
 2932
 2958
 2982
 3004
 3020
 3028
 3036
 3054
 3084
 3108
 3124
 3132
 3138
 3140
 3146
 3152
 3150
 3138
 3114
 3080
 3040
 2992
 2940
 2884
 2826
 2764
 2704
 2646
 2598
 2546
 2488
 2426
 2364
 2300
 2238
 2182
 2124
 2064
 2004
 1944
 1886
 1830
 1776
 1724
 1676
 1632
 1608
 1592
 1594
 1604
 1618
 1640
 1666
 1696
 1728
 1764
 1800
 1842
 1880
 1922
 1964
 2016
 2068
 2120
 2170
 2212
 2260
 2308
 2370
 2430
 2482
 2528
 2572
 2614
 2650
 2690
 2726
 2762
 2794
 2824
 2852
 2880
 2906
 2930
 2948
 2962
 2964
 2966
 2980
 3006
 3028
 3040
 3048
 3054
 3060
 3068
 3076
 3080
 3084
 3088
 3088
 3088
 3090
 3094
 3096
 3098
 3092
 3080
 3070
 3064
 3054
 3028
 2990
 2944
 2898
 2848
 2798
 2750
 2700
 2646
 2592
 2538
 2484
 2432
 2382
 2332
 2282
 2232
 2184
 2136
 2092
 2050
 2006
 1962
 1920
 1890
 1872
 1868
 1876
 1892
 1916
 1946
 1982
 2024
 2072
 2124
 2180
 2236
 2284
 2336
 2390
 2456
 2522
 2582
 2632
 2676
 2718
 2754
 2788
 2818
 2852
 2878
 2904
 2926
 2948
 2968
 2984
 2994
 3000
 3006
 3008
 3020
 3044
 3064
 3076
 3084
 3088
 3088
 3086
 3076
 3054
 3026
 2994
 2960
 2922
 2878
 2832
 2784
 2730
 2672
 2616
 2562
 2518
 2470
 2416
 2358
 2300
 2244
 2184
 2130
 2076
 2022
 1968
 1922
 1884
 1858
 1846
 1846
 1854
 1866
 1888
 1914
 1950
 1994
 2036
 2080
 2124
 2172
 2216
 2260
 2308
 2358
 2408
 2458
 2504
 2548
 2588
 2626
 2660
 2686
 2712
 2744
 2788
 2830
 2862
 2888
 2908
 2924
 2940
 2956
 2972
 2982
 2990
 2996
 3004
 3010
 3018
 3024
 3026
 3024
 3022
 3030
 3048
 3062
 3068
 3072
 3072
 3070
 3072
 3078
 3080
 3074
 3070
 3066
 3062
 3062
 3052
 3032
 2998
 2956
 2912
 2874
 2844
 2810
 2770
 2720
 2664
 2612
 2558
 2504
 2450
 2392
 2336
 2278
 2222
 2172
 2126
 2078
 2032
 1978
 1930
 1876
 1834
 1788
 1744
 1700
 1662
 1638
 1624
 1618
 1620
 1634
 1650
 1672
 1698
 1734
 1778
 1824
 1868
 1916
 1964
 2024
 2092
 2158
 2216
 2270
 2324
 2376
 2424
 2472
 2520
 2564
 2606
 2646
 2684
 2722
 2756
 2784
 2808
 2826
 2848
 2888
 2924
 2950
 2972
 2990
 2998
 3004
 3014
 3022
 3030
 3034
 3038
 3042
 3046
 3050
 3054
 3052
 3048
 3046
 3050
 3068
 3080
 3084
 3086
 3084
 3076
 3062
 3040
 3012
 2978
 2940
 2898
 2854
 2810
 2766
 2724
 2678
 2626
 2576
 2528
 2490
 2448
 2398
 2348
 2298
 2248
 2200
 2152
 2106
 2058
 2008
 1960
 1914
 1880
 1860
 1852
 1850
 1862
 1876
 1896
 1934
 1972
 2012
 2056
 2102
 2150
 2198
 2250
 2304
 2358
 2410
 2460
 2508
 2558
 2602
 2644
 2680
 2714
 2748
 2794
 2840
 2880
 2914
 2940
 2966
 2984
 2998
 3016
 3028
 3038
 3048
 3052
 3058
 3066
 3072
 3064
 3060
 3054
 3064
 3084
 3094
 3098
 3098
 3094
 3080
 3056
 3024
 2988
 2948
 2902
 2856
 2808
 2762
 2718
 2670
 2616
 2564
 2514
 2474
 2432
 2386
 2332
 2282
 2238
 2192
 2148
 2108
 2062
 2016
 1972
 1930
 1890
 1864
 1850
 1842
 1846
 1858
 1874
 1902
 1930
 1960
 1994
 2028
 2064
 2102
 2142
 2188
 2236
 2286
 2334
 2384
 2434
 2482
 2528
 2566
 2600
 2636
 2670
 2722
 2764
 2802
 2834
 2862
 2886
 2906
 2928
 2944
 2960
 2972
 2984
 2994
 3002
 3010
 3016
 3022
 3026
 3022
 3020
 3020
 3034
 3050
 3054
 3054
 3044
 3026
 3000
 2970
 2936
 2898
 2856
 2812
 2764
 2720
 2674
 2628
 2582
 2538
 2494
 2442
 2388
 2338
 2286
 2242
 2194
 2142
 2092
 2042
 1996
 1952
 1912
 1882
 1858
 1844
 1840
 1844
 1856
 1876
 1898
 1928
 1964
 1998
 2032
 2070
 2108
 2154
 2202
 2246
 2288
 2328
 2368
 2404
 2440
 2480
 2516
 2552
 2586
 2614
 2642
 2670
 2700
 2730
 2758
 2782
 2800
 2818
 2836
 2868
 2902
 2928
 2948
 2960
 2968
 2976
 2988
 2998
 3002
 3006
 3008
 3012
 3014
 3018
 3020
 3022
 3022
 3022
 3014
 2998
 2976
 2954
 2938
 2908
 2870
 2830
 2786
 2742
 2698
 2654
 2610
 2562
 2514
 2462
 2410
 2358
 2304
 2250
 2202
 2150
 2096
 2048
 2000
 1960
 1924
 1886
 1852
 1830
 1822
 1826
 1840
 1858
 1878
 1904
 1932
 1962
 1998
 2034
 2076
 2122
 2162
 2204
 2246
 2296
 2356
 2410
 2458
 2502
 2544
 2584
 2622
 2660
 2694
 2728
 2762
 2792
 2822
 2850
 2878
 2902
 2920
 2934
 2946
 2966
 2992
 3012
 3026
 3036
 3040
 3042
 3046
 3050
 3052
 3048
 3036
 3020
 2996
 2968
 2936
 2898
 2854
 2808
 2762
 2724
 2688
 2648
 2604
 2556
 2510
 2462
 2418
 2372
 2324
 2276
 2224
 2176
 2126
 2082
 2040
 2010
 1986
 1974
 1974
 1980
 1994
 2016
 2040
 2064
 2094
 2124
 2156
 2190
 2226
 2264
 2302
 2340
 2378
 2416
 2454
 2492
 2528
 2556
 2582
 2610
 2644
 2684
 2722
 2752
 2778
 2804
 2826
 2846
 2868
 2890
 2908
 2926
 2942
 2956
 2968
 2974
 2984
 2992
 3000
 3002
 2998
 2994
 2992
 3004
 3018
 3020
 3008
 2988
 2962
 2930
 2896
 2862
 2822
 2778
 2736
 2688
 2642
 2598
 2552
 2506
 2462
 2416
 2372
 2326
 2278
 2228
 2182
 2136
 2094
 2052
 2010
 1968
 1936
 1916
 1906
 1906
 1912
 1922
 1938
 1958
 1984
 2012
 2048
 2086
 2126
 2170
 2210
 2246
 2286
 2328
 2378
 2434
 2480
 2524
 2564
 2602
 2636
 2666
 2696
 2726
 2756
 2784
 2804
 2824
 2846
 2868
 2888
 2906
 2920
 2926
 2926
 2930
 2944
 2968
 2986
 2996
 3004
 3006
 3012
 3012
 3014
 3012
 3008
 3004
 2994
 2978
 2954
 2924
 2890
 2852
 2808
 2760
 2706
 2658
 2614
 2574
 2532
 2484
 2432
 2384
 2340
 2292
 2248
 2202
 2154
 2108
 2062
 2018
 1980
 1944
 1916
 1896
 1886
 1884
 1890
 1902
 1920
 1946
 1972
 2004
 2038
 2078
 2116
 2152
 2194
 2234
 2276
 2320
 2362
 2406
 2448
 2490
 2532
 2568
 2598
 2626
 2656
 2688
 2734
 2772
 2806
 2834
 2858
 2880
 2894
 2910
 2922
 2936
 2946
 2954
 2964
 2972
 2980
 2986
 2994
 2996
 2992
 2988
 2984
 2982
 2972
 2952
 2926
 2892
 2858
 2820
 2784
 2746
 2706
 2662
 2612
 2562
 2516
 2474
 2436
 2394
 2352
 2306
 2260
 2216
 2172
 2132
 2094
 2052
 2014
 1980
 1958
 1946
 1944
 1952
 1964
 1984
 2006
 2032
 2062
 2098
 2134
 2176
 2214
 2250
 2292
 2332
 2384
 2434
 2476
 2514
 2550
 2586
 2616
 2650
 2682
 2716
 2748
 2776
 2804
 2828
 2852
 2872
 2890
 2898
 2896
 2898
 2906
 2926
 2948
 2966
 2978
 2988
 2998
 3002
 3010
 3020
 3022
 3020
 3006
 2980
 2952
 2920
 2882
 2844
 2802
 2752
 2702
 2650
 2610
 2572
 2528
 2478
 2428
 2380
 2330
 2280
 2234
 2186
 2136
 2086
 2036
 1994
 1958
 1936
 1928
 1930
 1938
 1954
 1978
 2006
 2050
 2090
 2128
 2166
 2206
 2248
 2288
 2330
 2372
 2412
 2452
 2490
 2528
 2564
 2600
 2632
 2666
 2694
 2720
 2740
 2760
 2788
 2824
 2858
 2882
 2904
 2920
 2934
 2942
 2950
 2956
 2962
 2968
 2972
 2978
 2984
 2988
 2990
 2992
 2994
 2992
 2984
 2976
 2966
 2956
 2938
 2912
 2878
 2838
 2794
 2746
 2704
 2660
 2614
 2562
 2512
 2466
 2420
 2372
 2324
 2278
 2234
 2184
 2134
 2088
 2042
 2002
 1964
 1924
 1888
 1864
 1852
 1850
 1860
 1876
 1900
 1926
 1956
 1992
 2036
 2078
 2126
 2174
 2226
 2272
 2316
 2360
 2404
 2462
 2514
 2560
 2600
 2636
 2672
 2704
 2734
 2762
 2788
 2810
 2832
 2852
 2876
 2896
 2908
 2914
 2922
 2924
 2928
 2930
 2940
 2960
 2980
 2992
 2998
 3000
 3004
 3006
 3012
 3014
 3012
 3010
 3010
 3010
 3006
 3002
 3000
 2998
 2996
 2988
 2976
 2960
 2946
 2930
 2904
 2866
 2824
 2780
 2736
 2692
 2648
 2602
 2552
 2502
 2454
 2406
 2358
 2310
 2262
 2212
 2154
 2092
 2036
 1986
 1944
 1902
 1866
 1840
 1828
 1826
 1834
 1852
 1880
 1910
 1948
 1988
 2030
 2076
 2124
 2172
 2224
 2270
 2312
 2356
 2404
 2466
 2520
 2566
 2606
 2642
 2678
 2706
 2734
 2760
 2784
 2806
 2828
 2844
 2862
 2880
 2896
 2910
 2918
 2922
 2924
 2934
 2956
 2976
 2986
 2988
 2992
 2994
 3000
 3006
 3006
 2998
 2986
 2964
 2940
 2912
 2878
 2840
 2804
 2762
 2714
 2670
 2624
 2588
 2552
 2508
 2460
 2412
 2366
 2316
 2268
 2222
 2170
 2120
 2070
 2022
 1980
 1948
 1930
 1926
 1934
 1948
 1970
 1998
 2032
 2078
 2126
 2174
 2220
 2266
 2314
 2360
 2404
 2448
 2490
 2530
 2568
 2602
 2636
 2666
 2694
 2722
 2748
 2768
 2784
 2800
 2822
 2862
 2896
 2916
 2926
 2932
 2942
 2950
 2962
 2970
 2974
 2980
 2984
 2986
 2984
 2980
 2970
 2952
 2926
 2898
 2862
 2820
 2774
 2730
 2696
 2664
 2624
 2580
 2536
 2490
 2448
 2404
 2362
 2316
 2268
 2220
 2172
 2128
 2088
 2052
 2026
 2012
 2010
 2016
 2024
 2038
 2060
 2090
 2136
 2176
 2210
 2246
 2282
 2320
 2360
 2398
 2436
 2474
 2508
 2544
 2578
 2612
 2642
 2672
 2698
 2724
 2750
 2768
 2782
 2796
 2812
 2842
 2876
 2902
 2918
 2928
 2940
 2950
 2962
 2972
 2978
 2984
 2986
 2990
 2992
 2994
 2996
 2998
 3000
 3000
 2996
 2986
 2980
 2976
 2978
 2982
 2978
 2964
 2936
 2904
 2862
 2822
 2784
 2744
 2706
 2662
 2614
 2568
 2522
 2478
 2432
 2386
 2340
 2294
 2242
 2192
 2146
 2104
 2070
 2038
 2016
 2002
 2000
 2010
 2026
 2050
 2078
 2108
 2140
 2174
 2210
 2248
 2288
 2330
 2374
 2416
 2454
 2486
 2522
 2558
 2608
 2652
 2690
 2720
 2750
 2774
 2796
 2818
 2840
 2860
 2878
 2892
 2904
 2916
 2920
 2922
 2924
 2928
 2928
 2924
 2922
 2928
 2948
 2964
 2974
 2980
 2982
 2984
 2986
 2986
 2986
 2984
 2982
 2980
 2974
 2970
 2968
 2964
 2962
 2962
 2960
 2952
 2948
 2948
 2958
 2972
 2982
 2984
 2984
 2984
 2982
 2984
 2988
 2986
 2980
 2972
 2968
 2964
 2962
 2960
 2958
 2956
 2950
 2944
 2938
 2936
 2938
 2936
 2920
 2896
 2868
 2838
 2802
 2770
 2732
 2688
 2642
 2588
 2528
 2470
 2416
 2362
 2314
 2264
 2212
 2158
 2106
 2054
 2010
 1958
 1902
 1840
 1778
 1724
 1676
 1636
 1606
 1586
 1570
 1568
 1572
 1582
 1598
 1620
 1648
 1680
 1712
 1750
 1788
 1840
 1898
 1952
 2006
 2056
 2106
 2154
 2198
 2244
 2290
 2336
 2382
 2424
 2464
 2500
 2536
 2570
 2600
 2626
 2644
 2664
 2684
 2720
 2754
 2780
 2798
 2816
 2828
 2838
 2850
 2860
 2870
 2878
 2884
 2888
 2890
 2890
 2890
 2890
 2888
 2874
 2848
 2816
 2784
 2758
 2730
 2694
 2654
 2608
 2564
 2518
 2474
 2426
 2376
 2324
 2272
 2220
 2166
 2114
 2062
 2012
 1964
 1916
 1868
 1820
 1780
 1748
 1732
 1722
 1718
 1728
 1746
 1772
 1798
 1832
 1870
 1912
 1954
 1998
 2044
 2092
 2140
 2190
 2238
 2286
 2328
 2368
 2406
 2442
 2490
 2540
 2580
 2614
 2644
 2670
 2694
 2720
 2742
 2764
 2782
 2802
 2818
 2834
 2848
 2858
 2872
 2884
 2890
 2886
 2878
 2858
 2838
 2818
 2786
 2748
 2702
 2658
 2610
 2560
 2512
 2460
 2406
 2352
 2298
 2246
 2194
 2146
 2098
 2052
 2006
 1954
 1910
 1864
 1828
 1792
 1764
 1744
 1732
 1738
 1748
 1772
 1800
 1836
 1872
 1916
 1964
 2016
 2072
 2128
 2186
 2244
 2292
 2336
 2380
 2430
 2490
 2542
 2586
 2624
 2660
 2688
 2716
 2746
 2770
 2792
 2814
 2834
 2854
 2870
 2886
 2898
 2908
 2912
 2912
 2912
 2916
 2936
 2958
 2972
 2980
 2986
 2986
 2988
 2990
 2990
 2976
 2952
 2918
 2884
 2844
 2798
 2752
 2706
 2654
 2598
 2542
 2490
 2444
 2396
 2344
 2286
 2228
 2174
 2120
 2068
 2018
 1968
 1916
 1864
 1816
 1772
 1740
 1720
 1712
 1710
 1722
 1742
 1770
 1816
 1868
 1922
 1980
 2040
 2098
 2152
 2208
 2264
 2320
 2372
 2422
 2472
 2520
 2562
 2604
 2638
 2666
 2692
 2718
 2758
 2798
 2828
 2852
 2870
 2886
 2898
 2910
 2920
 2926
 2934
 2940
 2944
 2948
 2954
 2958
 2962
 2960
 2952
 2948
 2954
 2970
 2978
 2976
 2968
 2948
 2920
 2886
 2850
 2808
 2762
 2712
 2660
 2604
 2550
 2498
 2444
 2394
 2344
 2286
 2234
 2180
 2134
 2086
 2030
 1976
 1922
 1876
 1828
 1786
 1750
 1718
 1694
 1686
 1686
 1698
 1718
 1748
 1786
 1830
 1872
 1922
 1972
 2034
 2102
 2166
 2222
 2278
 2334
 2382
 2426
 2468
 2510
 2552
 2588
 2620
 2652
 2682
 2710
 2736
 2760
 2776
 2788
 2802
 2826
 2860
 2888
 2906
 2918
 2930
 2938
 2946
 2956
 2962
 2962
 2964
 2966
 2964
 2962
 2956
 2940
 2914
 2876
 2826
 2774
 2722
 2680
 2640
 2594
 2542
 2486
 2434
 2384
 2334
 2286
 2236
 2182
 2124
 2068
 2010
 1958
 1908
 1866
 1826
 1790
 1758
 1742
 1736
 1746
 1760
 1780
 1806
 1838
 1876
 1912
 1954
 1998
 2044
 2090
 2136
 2182
 2228
 2276
 2326
 2372
 2412
 2446
 2480
 2514
 2558
 2612
 2658
 2698
 2732
 2760
 2784
 2808
 2834
 2856
 2874
 2888
 2902
 2908
 2914
 2920
 2928
 2936
 2940
 2936
 2932
 2934
 2948
 2966
 2980
 2986
 2990
 2992
 2990
 2986
 2980
 2962
 2932
 2896
 2858
 2816
 2772
 2728
 2678
 2630
 2580
 2520
 2466
 2416
 2372
 2332
 2282
 2230
 2180
 2130
 2078
 2032
 1984
 1936
 1890
 1844
 1802
 1772
 1754
 1748
 1756
 1770
 1786
 1818
 1850
 1894
 1948
 2000
 2052
 2102
 2154
 2204
 2252
 2304
 2358
 2406
 2450
 2490
 2532
 2568
 2604
 2636
 2664
 2686
 2710
 2738
 2774
 2814
 2842
 2864
 2884
 2898
 2912
 2924
 2932
 2938
 2944
 2948
 2950
 2952
 2954
 2956
 2958
 2954
 2948
 2940
 2934
 2930
 2912
 2882
 2842
 2800
 2750
 2704
 2658
 2606
 2554
 2498
 2442
 2388
 2336
 2284
 2234
 2184
 2130
 2080
 2028
 1982
 1940
 1898
 1854
 1814
 1784
 1764
 1750
 1754
 1766
 1782
 1806
 1836
 1872
 1916
 1960
 2006
 2048
 2088
 2128
 2174
 2234
 2294
 2344
 2390
 2436
 2478
 2514
 2550
 2586
 2618
 2648
 2678
 2704
 2732
 2756
 2780
 2804
 2818
 2828
 2838
 2854
 2884
 2912
 2932
 2946
 2952
 2956
 2960
 2964
 2964
 2952
 2930
 2900
 2866
 2826
 2780
 2734
 2684
 2632
 2570
 2516
 2464
 2418
 2374
 2322
 2268
 2212
 2158
 2104
 2054
 2006
 1958
 1910
 1862
 1820
 1786
 1768
 1762
 1768
 1784
 1802
 1830
 1862
 1898
 1952
 2010
 2064
 2118
 2170
 2220
 2270
 2320
 2370
 2416
 2462
 2502
 2542
 2578
 2612
 2644
 2674
 2698
 2716
 2736
 2758
 2796
 2836
 2868
 2888
 2902
 2910
 2916
 2928
 2938
 2944
 2948
 2950
 2950
 2948
 2934
 2910
 2878
 2838
 2790
 2738
 2686
 2644
 2604
 2558
 2506
 2452
 2398
 2348
 2298
 2248
 2196
 2142
 2086
 2032
 1980
 1930
 1888
 1846
 1810
 1782
 1766
 1760
 1766
 1786
 1812
 1844
 1880
 1920
 1966
 2010
 2058
 2106
 2158
 2206
 2254
 2310
 2362
 2410
 2454
 2494
 2528
 2560
 2590
 2624
 2670
 2714
 2750
 2778
 2804
 2824
 2846
 2870
 2888
 2906
 2922
 2932
 2940
 2946
 2954
 2962
 2966
 2962
 2960
 2960
 2968
 2984
 2988
 2976
 2952
 2922
 2882
 2840
 2796
 2752
 2704
 2652
 2600
 2550
 2500
 2452
 2408
 2362
 2310
 2260
 2212
 2166
 2124
 2080
 2032
 1986
 1940
 1898
 1864
 1838
 1822
 1816
 1818
 1828
 1846
 1872
 1908
 1948
 1990
 2032
 2076
 2118
 2172
 2232
 2284
 2332
 2382
 2430
 2472
 2512
 2554
 2590
 2626
 2660
 2692
 2724
 2752
 2780
 2806
 2824
 2836
 2850
 2870
 2904
 2934
 2954
 2968
 2974
 2982
 2988
 2996
 3002
 3006
 3010
 3012
 3016
 3020
 3022
 3024
 3024
 3020
 3010
 3000
 2992
 2984
 2964
 2932
 2892
 2850
 2806
 2766
 2724
 2682
 2634
 2588
 2534
 2486
 2436
 2388
 2340
 2294
 2242
 2192
 2142
 2094
 2054
 2008
 1962
 1916
 1876
 1844
 1822
 1816
 1816
 1822
 1840
 1866
 1900
 1942
 1988
 2040
 2088
 2134
 2180
 2228
 2290
 2356
 2414
 2464
 2508
 2552
 2586
 2624
 2662
 2692
 2720
 2748
 2770
 2794
 2816
 2836
 2854
 2866
 2874
 2882
 2900
 2926
 2946
 2958
 2968
 2974
 2978
 2984
 2992
 2996
 2998
 3000
 2998
 2998
 3000
 3000
 3000
 2994
 2982
 2966
 2950
 2938
 2918
 2884
 2844
 2802
 2758
 2712
 2666
 2620
 2572
 2518
 2464
 2410
 2354
 2302
 2250
 2200
 2148
 2092
 2040
 1992
 1950
 1906
 1860
 1820
 1784
 1760
 1746
 1744
 1750
 1764
 1784
 1808
 1840
 1878
 1922
 1972
 2018
 2062
 2112
 2164
 2228
 2294
 2350
 2400
 2452
 2500
 2542
 2582
 2622
 2658
 2690
 2720
 2748
 2774
 2800
 2824
 2840
 2852
 2862
 2874
 2904
 2932
 2954
 2968
 2976
 2978
 2982
 2990
 2996
 2996
 2992
 2992
 2992
 2994
 2996
 2996
 2996
 2994
 2986
 2980
 2982
 2994
 2992
 2978
 2950
 2914
 2874
 2832
 2788
 2738
 2682
 2626
 2570
 2512
 2458
 2406
 2356
 2308
 2258
 2208
 2162
 2116
 2076
 2032
 1984
 1940
 1898
 1862
 1828
 1808
 1800
 1794
 1798
 1810
 1828
 1850
 1880
 1916
 1954
 1998
 2046
 2094
 2156
 2212
 2268
 2318
 2368
 2412
 2454
 2494
 2534
 2574
 2608
 2640
 2672
 2702
 2728
 2752
 2772
 2784
 2798
 2808
 2832
 2862
 2884
 2900
 2912
 2922
 2930
 2938
 2942
 2946
 2948
 2950
 2952
 2954
 2956
 2958
 2958
 2950
 2936
 2918
 2902
 2884
 2854
 2810
 2764
 2720
 2672
 2626
 2582
 2534
 2484
 2432
 2380
 2332
 2284
 2240
 2194
 2144
 2094
 2046
 2002
 1964
 1924
 1882
 1846
 1816
 1800
 1790
 1796
 1806
 1820
 1842
 1870
 1908
 1948
 1994
 2042
 2086
 2132
 2174
 2218
 2276
 2328
 2374
 2418
 2460
 2496
 2534
 2574
 2610
 2642
 2672
 2700
 2728
 2752
 2776
 2798
 2810
 2822
 2832
 2854
 2884
 2906
 2918
 2926
 2932
 2938
 2944
 2952
 2956
 2958
 2958
 2960
 2960
 2958
 2960
 2962
 2954
 2940
 2920
 2896
 2880
 2856
 2820
 2776
 2730
 2684
 2636
 2588
 2540
 2488
 2434
 2380
 2324
 2268
 2216
 2162
 2106
 2046
 1990
 1934
 1882
 1836
 1786
 1738
 1700
 1674
 1658
 1656
 1660
 1670
 1686
 1710
 1740
 1774
 1812
 1856
 1904
 1948
 1996
 2044
 2100
 2166
 2226
 2280
 2332
 2382
 2430
 2476
 2522
 2566
 2604
 2640
 2672
 2702
 2730
 2754
 2776
 2794
 2806
 2814
 2832
 2864
 2890
 2908
 2920
 2930
 2934
 2938
 2944
 2948
 2950
 2948
 2944
 2942
 2942
 2942
 2942
 2940
 2932
 2918
 2904
 2890
 2870
 2836
 2796
 2748
 2704
 2654
 2606
 2558
 2504
 2450
 2396
 2338
 2282
 2224
 2168
 2112
 2056
 1996
 1944
 1892
 1848
 1804
 1764
 1732
 1712
 1704
 1706
 1718
 1734
 1758
 1788
 1820
 1856
 1894
 1940
 1990
 2034
 2078
 2124
 2172
 2234
 2294
 2350
 2396
 2446
 2492
 2532
 2570
 2606
 2642
 2674
 2700
 2728
 2752
 2776
 2798
 2816
 2826
 2836
 2846
 2872
 2902
 2924
 2938
 2946
 2950
 2952
 2956
 2954
 2938
 2910
 2874
 2834
 2794
 2752
 2710
 2666
 2616
 2564
 2516
 2470
 2432
 2388
 2340
 2288
 2242
 2196
 2150
 2106
 2062
 2016
 1972
 1930
 1894
 1872
 1864
 1864
 1874
 1890
 1914
 1944
 1990
 2036
 2082
 2130
 2180
 2228
 2274
 2320
 2368
 2414
 2454
 2492
 2528
 2564
 2598
 2630
 2662
 2684
 2704
 2722
 2746
 2782
 2816
 2840
 2862
 2880
 2896
 2912
 2922
 2930
 2932
 2934
 2936
 2940
 2942
 2946
 2948
 2952
 2954
 2952
 2946
 2942
 2944
 2960
 2976
 2984
 2986
 2990
 2988
 2984
 2986
 2986
 2984
 2980
 2976
 2974
 2972
 2970
 2968
 2968
 2964
 2958
 2940
 2916
 2888
 2862
 2834
 2800
 2760
 2714
 2670
 2624
 2584
 2542
 2494
 2440
 2384
 2330
 2276
 2218
 2160
 2104
 2054
 2004
 1950
 1906
 1864
 1834
 1812
 1796
 1788
 1792
 1806
 1822
 1846
 1874
 1904
 1938
 1978
 2022
 2070
 2120
 2170
 2222
 2270
 2316
 2360
 2408
 2468
 2522
 2568
 2610
 2646
 2678
 2710
 2740
 2766
 2790
 2810
 2832
 2854
 2872
 2892
 2906
 2914
 2918
 2918
 2922
 2938
 2954
 2964
 2970
 2972
 2974
 2974
 2978
 2984
 2984
 2982
 2980
 2978
 2976
 2976
 2974
 2974
 2968
 2962
 2956
 2958
 2968
 2978
 2980
 2980
 2978
 2976
 2974
 2978
 2978
 2974
 2970
 2966
 2964
 2962
 2960
 2956
 2952
 2944
 2938
 2936
 2942
 2952
 2950
 2938
 2916
 2890
 2858
 2820
 2784
 2742
 2700
 2656
 2610
 2564
 2518
 2474
 2428
 2378
 2328
 2284
 2240
 2200
 2152
 2102
 2052
 2004
 1964
 1932
 1910
 1894
 1884
 1882
 1886
 1892
 1906
 1926
 1952
 1976
 2000
 2030
 2062
 2104
 2144
 2178
 2212
 2248
 2284
 2314
 2346
 2382
 2414
 2446
 2478
 2508
 2540
 2572
 2602
 2630
 2650
 2670
 2686
 2714
 2750
 2782
 2808
 2830
 2846
 2860
 2874
 2888
 2900
 2906
 2912
 2916
 2914
 2910
 2908
 2906
 2906
 2904
 2896
 2890
 2890
 2904
 2918
 2926
 2928
 2930
 2930
 2928
 2930
 2930
 2926
 2912
 2888
 2858
 2826
 2790
 2754
 2716
 2678
 2642
 2600
 2554
 2512
 2470
 2438
 2400
 2358
 2310
 2262
 2216
 2170
 2126
 2082
 2036
 1990
 1942
 1898
 1858
 1826
 1804
 1792
 1788
 1792
 1802
 1816
 1840
 1878
 1916
 1958
 1996
 2036
 2074
 2110
 2148
 2190
 2230
 2270
 2312
 2356
 2398
 2440
 2480
 2516
 2548
 2576
 2602
 2636
 2680
 2716
 2748
 2774
 2796
 2816
 2834
 2852
 2868
 2878
 2884
 2888
 2892
 2896
 2902
 2906
 2908
 2906
 2902
 2900
 2906
 2920
 2930
 2934
 2936
 2934
 2936
 2938
 2940
 2940
 2936
 2932
 2930
 2928
 2926
 2924
 2924
 2920
 2914
 2906
 2898
 2898
 2902
 2896
 2878
 2848
 2812
 2770
 2730
 2688
 2646
 2602
 2556
 2506
 2458
 2412
 2368
 2326
 2284
 2240
 2194
 2152
 2110
 2072
 2032
 1990
 1946
 1906
 1878
 1852
 1838
 1832
 1830
 1836
 1846
 1864
 1892
 1924
 1958
 1992
 2026
 2060
 2098
 2150
 2196
 2244
 2288
 2330
 2370
 2408
 2448
 2488
 2524
 2562
 2594
 2626
 2656
 2684
 2708
 2726
 2738
 2754
 2772
 2802
 2832
 2854
 2870
 2884
 2896
 2906
 2912
 2920
 2930
 2940
 2946
 2946
 2944
 2944
 2946
 2944
 2936
 2928
 2926
 2940
 2950
 2946
 2934
 2908
 2878
 2842
 2804
 2766
 2730
 2690
 2652
 2610
 2566
 2522
 2480
 2438
 2392
 2346
 2298
 2258
 2218
 2174
 2126
 2078
 2032
 1986
 1946
 1910
 1886
 1864
 1854
 1854
 1864
 1880
 1904
 1930
 1956
 1988
 2018
 2056
 2104
 2154
 2200
 2244
 2286
 2324
 2362
 2402
 2440
 2476
 2508
 2540
 2570
 2600
 2626
 2650
 2668
 2684
 2700
 2724
 2762
 2794
 2820
 2840
 2856
 2868
 2882
 2896
 2906
 2914
 2920
 2920
 2914
 2914
 2912
 2912
 2910
 2904
 2898
 2898
 2914
 2928
 2934
 2936
 2936
 2936
 2930
 2920
 2902
 2876
 2846
 2810
 2768
 2728
 2688
 2644
 2602
 2556
 2506
 2458
 2412
 2372
 2332
 2284
 2234
 2180
 2130
 2078
 2024
 1972
 1916
 1866
 1816
 1780
 1754
 1744
 1744
 1752
 1764
 1788
 1810
 1850
 1894
 1938
 1980
 2022
 2066
 2108
 2148
 2190
 2232
 2272
 2312
 2352
 2390
 2428
 2464
 2500
 2528
 2556
 2580
 2612
 2654
 2694
 2724
 2748
 2770
 2790
 2808
 2824
 2840
 2852
 2864
 2872
 2880
 2886
 2888
 2890
 2890
 2888
 2884
 2880
 2884
 2900
 2912
 2914
 2896
 2870
 2836
 2800
 2762
 2724
 2684
 2638
 2592
 2546
 2498
 2448
 2404
 2356
 2304
 2254
 2208
 2164
 2124
 2078
 2030
 1984
 1938
 1894
 1854
 1820
 1792
 1766
 1752
 1746
 1750
 1762
 1782
 1806
 1832
 1860
 1898
 1936
 1984
 2036
 2084
 2130
 2174
 2218
 2258
 2302
 2346
 2388
 2428
 2466
 2504
 2538
 2574
 2606
 2636
 2660
 2682
 2700
 2728
 2764
 2798
 2822
 2844
 2862
 2878
 2888
 2900
 2908
 2912
 2916
 2920
 2922
 2926
 2930
 2932
 2934
 2928
 2914
 2894
 2874
 2856
 2830
 2794
 2754
 2710
 2666
 2620
 2576
 2532
 2484
 2438
 2388
 2340
 2292
 2246
 2202
 2158
 2110
 2062
 2018
 1972
 1934
 1894
 1854
 1818
 1788
 1774
 1768
 1774
 1786
 1802
 1824
 1848
 1876
 1908
 1944
 1984
 2026
 2062
 2104
 2148
 2202
 2258
 2306
 2348
 2392
 2434
 2472
 2510
 2548
 2584
 2620
 2654
 2686
 2716
 2746
 2774
 2800
 2818
 2832
 2848
 2864
 2896
 2926
 2946
 2958
 2964
 2970
 2976
 2982
 2990
 2990
 2988
 2982
 2968
 2946
 2918
 2886
 2852
 2810
 2762
 2718
 2676
 2640
 2598
 2552
 2504
 2458
 2410
 2366
 2322
 2278
 2230
 2180
 2134
 2088
 2042
 2000
 1962
 1920
 1882
 1852
 1830
 1824
 1830
 1840
 1858
 1884
 1916
 1950
 1986
 2030
 2074
 2114
 2158
 2200
 2240
 2284
 2324
 2366
 2400
 2432
 2466
 2498
 2546
 2590
 2628
 2660
 2692
 2720
 2746
 2772
 2796
 2816
 2834
 2852
 2870
 2884
 2900
 2912
 2918
 2920
 2918
 2918
 2928
 2948
 2964
 2974
 2980
 2984
 2984
 2988
 2992
 2996
 2996
 2990
 2984
 2972
 2954
 2928
 2898
 2862
 2820
 2772
 2728
 2686
 2654
 2618
 2572
 2528
 2484
 2434
 2376
 2318
 2262
 2206
 2146
 2084
 2026
 1974
 1926
 1882
 1840
 1796
 1758
 1734
 1720
 1722
 1728
 1740
 1762
 1786
 1816
 1850
 1886
 1926
 1966
 2006
 2048
 2094
 2144
 2196
 2248
 2294
 2334
 2378
 2422
 2478
 2530
 2572
 2612
 2650
 2684
 2716
 2748
 2776
 2800
 2824
 2842
 2858
 2876
 2892
 2908
 2918
 2922
 2922
 2926
 2944
 2960
 2978
 2986
 2990
 2994
 2998
 3004
 3002
 2990
 2970
 2942
 2906
 2866
 2824
 2782
 2732
 2678
 2624
 2574
 2532
 2492
 2444
 2392
 2340
 2290
 2240
 2190
 2140
 2088
 2036
 1984
 1932
 1888
 1850
 1826
 1810
 1804
 1808
 1818
 1840
 1872
 1904
 1942
 1988
 2036
 2082
 2128
 2170
 2208
 2244
 2282
 2320
 2360
 2402
 2440
 2476
 2508
 2538
 2568
 2606
 2650
 2692
 2724
 2752
 2778
 2800
 2822
 2844
 2864
 2880
 2894
 2906
 2912
 2920
 2926
 2934
 2942
 2944
 2944
 2942
 2942
 2958
 2974
 2976
 2966
 2948
 2920
 2888
 2854
 2820
 2780
 2738
 2692
 2642
 2592
 2542
 2494
 2448
 2406
 2362
 2314
 2270
 2224
 2182
 2144
 2098
 2054
 2008
 1966
 1934
 1908
 1892
 1886
 1886
 1894
 1908
 1926
 1952
 1984
 2018
 2052
 2088
 2120
 2158
 2196
 2246
 2292
 2340
 2384
 2426
 2468
 2502
 2540
 2578
 2612
 2644
 2676
 2706
 2736
 2764
 2790
 2814
 2832
 2850
 2864
 2888
 2920
 2944
 2956
 2966
 2976
 2982
 2994
 3006
 3012
 3018
 3020
 3018
 3016
 3012
 3014
 3014
 3012
 3008
 2998
 2994
 2998
 3010
 3022
 3026
 3030
 3030
 3026
 3018
 3002
 2982
 2952
 2912
 2868
 2824
 2782
 2740
 2696
 2656
 2612
 2564
 2520
 2476
 2442
 2402
 2354
 2302
 2252
 2204
 2160
 2116
 2072
 2030
 1986
 1944
 1912
 1888
 1874
 1872
 1878
 1886
 1904
 1922
 1948
 1982
 2016
 2052
 2088
 2130
 2172
 2208
 2248
 2288
 2326
 2362
 2398
 2434
 2470
 2508
 2544
 2572
 2600
 2626
 2660
 2702
 2738
 2768
 2792
 2816
 2834
 2854
 2872
 2888
 2898
 2906
 2918
 2928
 2936
 2942
 2948
 2956
 2960
 2960
 2958
 2960
 2978
 2998
 3006
 3008
 3010
 3008
 3008
 3012
 3012
 3010
 3008
 3004
 3000
 2998
 2992
 2980
 2960
 2932
 2890
 2842
 2796
 2760
 2724
 2680
 2632
 2582
 2530
 2480
 2430
 2382
 2334
 2284
 2232
 2186
 2138
 2094
 2052
 2016
 1980
 1940
 1902
 1870
 1846
 1834
 1826
 1824
 1832
 1848
 1870
 1890
 1916
 1940
 1964
 1988
 2016
 2044
 2074
 2110
 2148
 2184
 2216
 2254
 2288
 2336
 2380
 2418
 2452
 2484
 2516
 2546
 2574
 2602
 2630
 2658
 2684
 2706
 2730
 2754
 2778
 2798
 2812
 2820
 2832
 2854
 2886
 2910
 2926
 2936
 2940
 2944
 2950
 2956
 2960
 2962
 2964
 2968
 2968
 2970
 2970
 2970
 2966
 2960
 2954
 2952
 2954
 2946
 2924
 2894
 2858
 2820
 2782
 2748
 2710
 2668
 2624
 2578
 2532
 2486
 2442
 2398
 2350
 2298
 2248
 2202
 2158
 2116
 2070
 2026
 1978
 1938
 1898
 1866
 1846
 1832
 1832
 1838
 1850
 1872
 1902
 1936
 1976
 2014
 2050
 2092
 2132
 2182
 2230
 2274
 2316
 2356
 2396
 2430
 2464
 2498
 2528
 2558
 2586
 2614
 2640
 2668
 2692
 2716
 2734
 2746
 2762
 2778
 2808
 2842
 2868
 2886
 2904
 2920
 2930
 2938
 2950
 2956
 2962
 2964
 2966
 2968
 2970
 2970
 2970
 2964
 2956
 2946
 2942
 2946
 2960
 2972
 2972
 2962
 2944
 2918
 2892
 2862
 2828
 2792
 2750
 2704
 2658
 2614
 2570
 2524
 2480
 2432
 2378
 2328
 2276
 2234
 2190
 2144
 2096
 2048
 2002
 1958
 1918
 1880
 1850
 1826
 1816
 1816
 1826
 1842
 1866
 1898
 1928
 1958
 1994
 2030
 2072
 2124
 2170
 2212
 2252
 2292
 2328
 2366
 2404
 2442
 2478
 2512
 2544
 2576
 2608
 2638
 2668
 2694
 2716
 2732
 2750
 2776
 2812
 2844
 2866
 2886
 2900
 2910
 2918
 2928
 2934
 2942
 2946
 2948
 2952
 2956
 2958
 2958
 2956
 2950
 2944
 2940
 2942
 2946
 2940
 2922
 2896
 2862
 2824
 2788
 2750
 2710
 2668
 2622
 2576
 2530
 2482
 2436
 2392
 2344
 2294
 2244
 2196
 2148
 2108
 2066
 2022
 1978
 1936
 1898
 1864
 1834
 1818
 1810
 1812
 1824
 1838
 1864
 1896
 1932
 1970
 2004
 2042
 2082
 2124
 2172
 2216
 2258
 2300
 2342
 2380
 2414
 2452
 2488
 2524
 2556
 2590
 2624
 2656
 2684
 2714
 2738
 2756
 2776
 2792
 2820
 2854
 2884
 2904
 2920
 2934
 2946
 2956
 2960
 2966
 2968
 2972
 2970
 2968
 2966
 2966
 2966
 2962
 2956
 2948
 2942
 2942
 2936
 2920
 2892
 2862
 2824
 2786
 2748
 2710
 2668
 2624
 2576
 2530
 2482
 2438
 2392
 2350
 2306
 2262
 2216
 2172
 2130
 2094
 2052
 2008
 1966
 1926
 1892
 1862
 1844
 1834
 1834
 1842
 1856
 1878
 1908
 1942
 1984
 2024
 2060
 2100
 2140
 2190
 2240
 2286
 2326
 2372
 2414
 2452
 2490
 2528
 2564
 2598
 2630
 2658
 2688
 2716
 2744
 2768
 2786
 2800
 2812
 2828
 2860
 2888
 2908
 2918
 2926
 2934
 2940
 2950
 2954
 2952
 2952
 2952
 2952
 2952
 2950
 2946
 2936
 2912
 2880
 2844
 2812
 2786
 2752
 2710
 2666
 2618
 2574
 2526
 2484
 2438
 2390
 2340
 2288
 2236
 2184
 2134
 2088
 2038
 1988
 1942
 1902
 1874
 1862
 1856
 1860
 1872
 1892
 1918
 1954
 1994
 2036
 2076
 2112
 2152
 2190
 2228
 2268
 2306
 2342
 2378
 2414
 2456
 2504
 2546
 2580
 2614
 2642
 2668
 2694
 2720
 2746
 2768
 2790
 2812
 2832
 2848
 2864
 2878
 2884
 2888
 2894
 2910
 2934
 2944
 2948
 2952
 2956
 2958
 2962
 2966
 2968
 2968
 2966
 2964
 2962
 2962
 2960
 2960
 2950
 2932
 2912
 2896
 2880
 2852
 2812
 2772
 2728
 2684
 2640
 2600
 2556
 2508
 2456
 2406
 2358
 2312
 2268
 2218
 2166
 2118
 2068
 2028
 1986
 1940
 1900
 1864
 1836
 1820
 1818
 1826
 1838
 1856
 1880
 1910
 1948
 1992
 2034
 2070
 2112
 2150
 2198
 2250
 2294
 2338
 2380
 2420
 2452
 2484
 2520
 2552
 2582
 2614
 2642
 2672
 2700
 2722
 2738
 2754
 2768
 2796
 2830
 2856
 2874
 2886
 2894
 2902
 2912
 2922
 2928
 2932
 2934
 2938
 2942
 2946
 2950
 2950
 2948
 2944
 2942
 2950
 2952
 2942
 2920
 2894
 2862
 2826
 2794
 2758
 2718
 2676
 2630
 2584
 2540
 2498
 2458
 2416
 2368
 2320
 2274
 2232
 2194
 2150
 2104
 2060
 2020
 1980
 1946
 1920
 1904
 1898
 1902
 1912
 1932
 1962
 1998
 2030
 2060
 2098
 2136
 2188
 2240
 2286
 2326
 2368
 2408
 2442
 2478
 2514
 2548
 2580
 2612
 2644
 2672
 2700
 2726
 2746
 2760
 2772
 2792
 2824
 2856
 2878
 2896
 2906
 2912
 2920
 2932
 2942
 2946
 2950
 2954
 2956
 2958
 2962
 2962
 2960
 2954
 2950
 2950
 2954
 2948
 2930
 2902
 2862
 2828
 2790
 2750
 2706
 2664
 2618
 2574
 2528
 2482
 2436
 2392
 2340
 2286
 2236
 2190
 2146
 2102
 2052
 2004
 1962
 1922
 1890
 1872
 1862
 1860
 1868
 1882
 1904
 1934
 1972
 2010
 2046
 2086
 2124
 2176
 2228
 2274
 2320
 2364
 2410
 2454
 2496
 2538
 2580
 2618
 2654
 2688
 2720
 2752
 2778
 2792
 2804
 2820
 2848
 2882
 2908
 2926
 2940
 2952
 2960
 2968
 2978
 2984
 2988
 2988
 2988
 2986
 2990
 2992
 2988
 2980
 2970
 2962
 2958
 2940
 2912
 2876
 2836
 2796
 2750
 2708
 2666
 2620
 2574
 2528
 2482
 2438
 2398
 2352
 2302
 2254
 2204
 2158
 2116
 2074
 2026
 1978
 1932
 1896
 1872
 1860
 1856
 1864
 1880
 1902
 1930
 1964
 2000
 2032
 2074
 2112
 2158
 2212
 2256
 2296
 2336
 2374
 2408
 2442
 2478
 2512
 2544
 2574
 2604
 2632
 2662
 2688
 2710
 2726
 2742
 2766
 2806
 2836
 2860
 2878
 2894
 2908
 2924
 2936
 2946
 2948
 2952
 2958
 2966
 2972
 2978
 2980
 2974
 2966
 2960
 2960
 2956
 2936
 2906
 2870
 2826
 2782
 2742
 2702
 2658
 2612
 2564
 2516
 2470
 2426
 2382
 2334
 2280
 2230
 2180
 2136
 2090
 2044
 1996
 1952
 1912
 1876
 1848
 1832
 1824
 1826
 1836
 1856
 1882
 1916
 1954
 1990
 2028
 2066
 2114
 2170
 2220
 2268
 2312
 2358
 2404
 2446
 2492
 2536
 2572
 2604
 2632
 2662
 2690
 2720
 2744
 2764
 2780
 2802
 2836
 2872
 2898
 2918
 2934
 2944
 2952
 2964
 2976
 2984
 2988
 2990
 2992
 2996
 2998
 3000
 2998
 2994
 2982
 2972
 2962
 2942
 2912
 2878
 2840
 2798
 2756
 2714
 2672
 2624
 2576
 2528
 2482
 2436
 2390
 2346
 2298
 2250
 2204
 2158
 2120
 2072
 2018
 1968
 1930
 1900
 1880
 1870
 1866
 1872
 1884
 1900
 1924
 1954
 1990
 2028
 2064
 2104
 2140
 2188
 2238
 2284
 2322
 2360
 2400
 2434
 2470
 2506
 2540
 2570
 2602
 2632
 2662
 2692
 2722
 2746
 2764
 2784
 2806
 2842
 2876
 2902
 2924
 2944
 2960
 2972
 2986
 2996
 3006
 3014
 3018
 3020
 3022
 3022
 3024
 3020
 3012
 3006
 3010
 3030
 3040
 3038
 3026
 3008
 2982
 2954
 2922
 2890
 2850
 2806
 2758
 2710
 2662
 2616
 2570
 2522
 2468
 2420
 2372
 2332
 2286
 2236
 2186
 2134
 2088
 2040
 1996
 1954
 1916
 1884
 1862
 1852
 1856
 1868
 1890
 1912
 1944
 1980
 2026
 2074
 2118
 2160
 2198
 2240
 2278
 2316
 2360
 2402
 2440
 2478
 2516
 2552
 2586
 2618
 2642
 2666
 2688
 2722
 2762
 2796
 2824
 2846
 2866
 2882
 2900
 2914
 2924
 2934
 2940
 2948
 2956
 2960
 2966
 2968
 2966
 2962
 2958
 2970
 2986
 2996
 2998
 3000
 3000
 3002
 3004
 3004
 2998
 2994
 2990
 2986
 2984
 2986
 2988
 2986
 2986
 2982
 2990
 2996
 2988
 2966
 2934
 2894
 2852
 2812
 2772
 2730
 2684
 2634
 2584
 2534
 2488
 2442
 2394
 2342
 2290
 2238
 2192
 2148
 2098
 2048
 1996
 1948
 1898
 1850
 1808
 1764
 1724
 1694
 1674
 1666
 1672
 1684
 1698
 1722
 1746
 1784
 1832
 1878
 1926
 1972
 2020
 2068
 2110
 2160
 2206
 2254
 2300
 2346
 2390
 2436
 2480
 2520
 2550
 2578
 2608
 2652
 2694
 2728
 2756
 2782
 2802
 2820
 2838
 2856
 2870
 2880
 2892
 2902
 2908
 2916
 2916
 2912
 2908
 2902
 2902
 2920
 2930
 2936
 2938
 2942
 2942
 2944
 2946
 2942
 2924
 2896
 2862
 2824
 2784
 2740
 2698
 2652
 2598
 2544
 2494
 2450
 2410
 2362
 2308
 2252
 2200
 2146
 2092
 2038
 1986
 1932
 1878
 1824
 1772
 1722
 1676
 1632
 1588
 1552
 1526
 1516
 1520
 1528
 1542
 1564
 1590
 1622
 1654
 1692
 1734
 1778
 1822
 1868
 1916
 1964
 2018
 2072
 2120
 2170
 2214
 2270
 2330
 2384
 2432
 2478
 2524
 2564
 2602
 2638
 2674
 2704
 2734
 2764
 2786
 2808
 2828
 2846
 2854
 2862
 2868
 2886
 2916
 2936
 2950
 2960
 2964
 2962
 2966
 2970
 2972
 2970
 2968
 2966
 2966
 2960
 2946
 2922
 2886
 2842
 2796
 2754
 2714
 2668
 2614
 2556
 2502
 2446
 2392
 2338
 2282
 2224
 2164
 2102
 2042
 1984
 1930
 1878
 1824
 1774
 1720
 1672
 1626
 1580
 1538
 1510
 1496
 1498
 1510
 1530
 1556
 1588
 1624
 1666
 1712
 1762
 1820
 1872
 1926
 1980
 2034
 2098
 2162
 2218
 2270
 2322
 2374
 2420
 2466
 2510
 2550
 2586
 2624
 2658
 2690
 2718
 2742
 2762
 2778
 2800
 2834
 2868
 2894
 2912
 2926
 2936
 2942
 2948
 2952
 2954
 2956
 2952
 2950
 2950
 2948
 2946
 2934
 2912
 2884
 2862
 2834
 2794
 2748
 2698
 2648
 2594
 2544
 2494
 2440
 2384
 2326
 2268
 2212
 2160
 2108
 2048
 1994
 1938
 1888
 1844
 1796
 1746
 1704
 1672
 1648
 1640
 1642
 1652
 1670
 1690
 1718
 1754
 1796
 1840
 1882
 1926
 1970
 2024
 2084
 2138
 2188
 2234
 2280
 2324
 2364
 2406
 2446
 2482
 2514
 2548
 2580
 2610
 2642
 2666
 2686
 2708
 2734
 2776
 2814
 2842
 2860
 2878
 2892
 2904
 2918
 2930
 2936
 2940
 2942
 2944
 2948
 2952
 2954
 2950
 2946
 2944
 2950
 2966
 2980
 2990
 2992
 2990
 2984
 2986
 2988
 2988
 2984
 2982
 2976
 2964
 2942
 2914
 2878
 2838
 2792
 2738
 2690
 2646
 2608
 2566
 2518
 2470
 2422
 2374
 2328
 2286
 2240
 2196
 2150
 2104
 2058
 2014
 1972
 1934
 1900
 1864
 1832
 1806
 1788
 1782
 1780
 1788
 1804
 1828
 1852
 1880
 1914
 1950
 1986
 2020
 2054
 2088
 2124
 2158
 2196
 2230
 2262
 2298
 2332
 2370
 2414
 2456
 2490
 2520
 2548
 2574
 2602
 2628
 2656
 2682
 2704
 2730
 2754
 2776
 2796
 2818
 2836
 2852
 2858
 2868
 2878
 2898
 2918
 2934
 2946
 2954
 2962
 2966
 2976
 2980
 2986
 2986
 2986
 2988
 2988
 2990
 2990
 2990
 2990
 2990
 2986
 2976
 2968
 2968
 2980
 2982
 2966
 2940
 2904
 2864
 2824
 2782
 2736
 2690
 2640
 2588
 2538
 2488
 2438
 2390
 2344
 2300
 2256
 2212
 2170
 2132
 2096
 2062
 2024
 1986
 1952
 1920
 1890
 1864
 1844
 1828
 1818
 1820
 1826
 1840
 1860
 1882
 1908
 1940
 1972
 2000
 2034
 2068
 2106
 2152
 2192
 2234
 2274
 2310
 2348
 2382
 2418
 2454
 2488
 2522
 2552
 2584
 2612
 2638
 2664
 2688
 2710
 2726
 2740
 2754
 2776
 2810
 2838
 2860
 2876
 2888
 2900
 2908
 2920
 2928
 2936
 2942
 2946
 2948
 2954
 2958
 2958
 2956
 2954
 2950
 2946
 2940
 2942
 2960
 2978
 2994
 3002
 3008
 3002
 2986
 2960
 2928
 2886
 2840
 2792
 2744
 2698
 2650
 2600
 2556
 2508
 2458
 2408
 2362
 2314
 2274
 2226
 2176
 2128
 2080
 2036
 1992
 1954
 1918
 1880
 1842
 1808
 1782
 1762
 1752
 1758
 1772
 1790
 1812
 1842
 1872
 1916
 1964
 2010
 2054
 2098
 2142
 2188
 2232
 2276
 2318
 2362
 2406
 2446
 2482
 2518
 2556
 2592
 2622
 2646
 2670
 2692
 2732
 2770
 2802
 2828
 2852
 2872
 2888
 2906
 2922
 2930
 2936
 2940
 2946
 2952
 2956
 2960
 2962
 2962
 2960
 2956
 2960
 2974
 2988
 2996
 3000
 3000
 2996
 2984
 2964
 2930
 2890
 2848
 2802
 2756
 2708
 2664
 2618
 2568
 2514
 2462
 2418
 2374
 2332
 2286
 2238
 2190
 2146
 2106
 2066
 2032
 1996
 1964
 1934
 1912
 1904
 1906
 1924
 1946
 1970
 1990
 2010
 2014
 2014
 2004
 1986
 1978
 1974
 1976
 1980
 1988
 1998
 2004
 2014
 2022
 2036
 2050
 2062
 2070
 2072
 2078
 2088
 2104
 2136
 2172
 2208
 2250
 2294
 2338
 2372
 2406
 2440
 2476
 2514
 2552
 2588
 2628
 2662
 2692
 2720
 2750
 2790
 2832
 2862
 2882
 2884
 2868
 2838
 2808
 2786
 2770
 2760
 2756
 2754
 2754
 2756
 2760
 2768
 2778
 2794
 2806
 2814
 2820
 2826
 2836
 2846
 2858
 2868
 2878
 2894
 2904
 2918
 2934
 2944
 2950
 2956
 2970
 2986
 3000
 3008
 3012
 3012
 3014
 3018
 3024
 3024
 3012
 2990
 2958
 2910
 2852
 2788
 2728
 2678
 2620
 2556
 2490
 2428
 2362
 2300
 2236
 2176
 2114
 2052
 1992
 1936
 1882
 1824
 1770
 1720
 1680
 1644
 1620
 1610
 1610
 1630
 1654
 1690
 1730
 1778
 1830
 1888
 1946
 2006
 2060
 2104
 2150
 2196
 2256
 2322
 2384
 2442
 2494
 2540
 2580
 2620
 2660
 2694
 2730
 2762
 2790
 2818
 2842
 2864
 2884
 2894
 2896
 2900
 2904
 2926
 2950
 2964
 2974
 2978
 2984
 2986
 2988
 2990
 2990
 2988
 2984
 2978
 2974
 2972
 2970
 2968
 2966
 2962
 2958
 2958
 2974
 2994
 2996
 2982
 2950
 2908
 2854
 2800
 2750
 2698
 2642
 2584
 2524
 2464
 2408
 2352
 2292
 2238
 2180
 2118
 2062
 2004
 1954
 1902
 1848
 1792
 1740
 1690
 1640
 1596
 1558
 1532
 1516
 1514
 1524
 1546
 1582
 1622
 1662
 1702
 1750
 1794
 1854
 1916
 1972
 2028
 2086
 2142
 2198
 2250
 2304
 2358
 2416
 2478
 2532
 2578
 2616
 2646
 2672
 2696
 2716
 2746
 2782
 2812
 2834
 2852
 2870
 2880
 2894
 2906
 2914
 2918
 2922
 2926
 2930
 2934
 2936
 2932
 2930
 2926
 2932
 2946
 2958
 2962
 2968
 2964
 2962
 2964
 2968
 2964
 2944
 2914
 2878
 2836
 2794
 2750
 2702
 2648
 2600
 2552
 2512
 2466
 2414
 2358
 2304
 2250
 2194
 2140
 2086
 2026
 1964
 1902
 1838
 1780
 1724
 1670
 1624
 1590
 1570
 1566
 1574
 1592
 1616
 1650
 1684
 1724
 1770
 1820
 1872
 1920
 1970
 2022
 2074
 2124
 2168
 2216
 2260
 2314
 2370
 2422
 2466
 2506
 2540
 2572
 2600
 2630
 2656
 2680
 2704
 2726
 2746
 2766
 2784
 2796
 2802
 2808
 2820
 2844
 2868
 2884
 2886
 2886
 2888
 2890
 2896
 2898
 2898
 2900
 2900
 2898
 2900
 2900
 2902
 2898
 2892
 2886
 2886
 2898
 2912
 2918
 2918
 2912
 2910
 2908
 2910
 2900
 2880
 2852
 2818
 2778
 2736
 2692
 2646
 2598
 2546
 2488
 2428
 2368
 2312
 2256
 2196
 2136
 2076
 2016
 1956
 1896
 1836
 1776
 1710
 1644
 1584
 1530
 1486
 1456
 1436
 1428
 1432
 1440
 1454
 1478
 1506
 1538
 1574
 1614
 1656
 1700
 1750
 1800
 1852
 1902
 1954
 2012
 2070
 2132
 2190
 2240
 2290
 2336
 2390
 2450
 2504
 2548
 2588
 2622
 2648
 2674
 2698
 2722
 2742
 2758
 2774
 2790
 2802
 2812
 2822
 2824
 2826
 2828
 2840
 2862
 2880
 2890
 2898
 2900
 2904
 2904
 2904
 2902
 2896
 2882
 2856
 2824
 2790
 2752
 2712
 2666
 2616
 2566
 2520
 2482
 2438
 2390
 2340
 2288
 2240
 2190
 2140
 2090
 2036
 1984
 1930
 1878
 1830
 1788
 1746
 1710
 1682
 1668
 1666
 1680
 1704
 1732
 1764
 1800
 1840
 1882
 1926
 1974
 2020
 2066
 2110
 2156
 2202
 2250
 2296
 2338
 2380
 2418
 2464
 2516
 2558
 2596
 2626
 2654
 2676
 2700
 2724
 2742
 2760
 2776
 2792
 2808
 2824
 2836
 2848
 2860
 2862
 2864
 2868
 2884
 2904
 2916
 2922
 2926
 2930
 2930
 2928
 2932
 2930
 2926
 2912
 2896
 2872
 2846
 2816
 2780
 2744
 2700
 2652
 2606
 2558
 2520
 2482
 2436
 2386
 2336
 2286
 2234
 2186
 2138
 2088
 2036
 1986
 1934
 1888
 1846
 1814
 1798
 1792
 1792
 1806
 1822
 1850
 1888
 1926
 1970
 2014
 2064
 2108
 2152
 2198
 2244
 2288
 2330
 2370
 2408
 2444
 2480
 2516
 2544
 2570
 2598
 2626
 2668
 2706
 2736
 2760
 2784
 2802
 2818
 2836
 2850
 2862
 2872
 2882
 2886
 2888
 2892
 2894
 2900
 2898
 2894
 2890
 2894
 2912
 2926
 2930
 2932
 2930
 2930
 2928
 2928
 2920
 2904
 2882
 2854
 2820
 2790
 2754
 2718
 2682
 2636
 2590
 2548
 2508
 2474
 2436
 2392
 2348
 2306
 2262
 2220
 2178
 2134
 2088
 2044
 1996
 1954
 1918
 1894
 1882
 1878
 1884
 1900
 1920
 1954
 1988
 2024
 2060
 2100
 2140
 2178
 2218
 2262
 2304
 2348
 2392
 2432
 2468
 2504
 2538
 2564
 2588
 2612
 2640
 2680
 2714
 2740
 2764
 2786
 2804
 2822
 2840
 2858
 2870
 2884
 2896
 2904
 2914
 2924
 2928
 2924
 2920
 2918
 2924
 2940
 2950
 2954
 2950
 2942
 2924
 2900
 2876
 2842
 2804
 2760
 2714
 2664
 2618
 2566
 2522
 2474
 2420
 2366
 2316
 2268
 2224
 2178
 2126
 2074
 2022
 1974
 1924
 1878
 1830
 1788
 1756
 1734
 1728
 1736
 1754
 1782
 1810
 1842
 1882
 1926
 1988
 2048
 2104
 2156
 2206
 2254
 2298
 2342
 2386
 2432
 2474
 2512
 2548
 2578
 2610
 2638
 2668
 2690
 2708
 2726
 2746
 2778
 2812
 2836
 2854
 2870
 2888
 2904
 2922
 2936
 2944
 2954
 2964
 2970
 2976
 2978
 2980
 2982
 2984
 2980
 2970
 2954
 2930
 2912
 2894
 2868
 2832
 2792
 2748
 2706
 2664
 2622
 2578
 2530
 2482
 2432
 2382
 2332
 2282
 2232
 2182
 2138
 2090
 2042
 1996
 1954
 1920
 1884
 1850
 1826
 1814
 1818
 1828
 1848
 1882
 1918
 1958
 2000
 2046
 2094
 2140
 2184
 2226
 2266
 2306
 2348
 2392
 2444
 2494
 2534
 2574
 2608
 2642
 2670
 2700
 2730
 2756
 2778
 2802
 2822
 2844
 2860
 2878
 2890
 2902
 2906
 2906
 2910
 2922
 2942
 2960
 2974
 2980
 2988
 2988
 2988
 2992
 2994
 2992
 2980
 2964
 2942
 2918
 2890
 2860
 2826
 2788
 2742
 2698
 2652
 2612
 2570
 2524
 2476
 2428
 2378
 2330
 2282
 2236
 2188
 2138
 2088
 2040
 1992
 1946
 1908
 1876
 1854
 1840
 1838
 1846
 1864
 1890
 1920
 1956
 1996
 2038
 2078
 2122
 2166
 2210
 2258
 2304
 2350
 2398
 2444
 2492
 2534
 2568
 2604
 2638
 2680
 2726
 2764
 2800
 2834
 2866
 2890
 2916
 2934
 2946
 2956
 2966
 2974
 2980
 2988
 2994
 3000
 3004
 3000
 2998
 3002
 3018
 3032
 3032
 3022
 3004
 2984
 2958
 2932
 2900
 2862
 2824
 2782
 2734
 2690
 2646
 2602
 2558
 2510
 2460
 2414
 2368
 2326
 2288
 2244
 2198
 2154
 2114
 2076
 2042
 2018
 1998
 1990
 1990
 1998
 2014
 2040
 2072
 2112
 2150
 2188
 2224
 2260
 2306
 2350
 2392
 2430
 2466
 2498
 2530
 2564
 2598
 2628
 2660
 2688
 2712
 2738
 2760
 2784
 2806
 2828
 2842
 2850
 2862
 2874
 2900
 2928
 2948
 2960
 2970
 2976
 2982
 2992
 2998
 3002
 3004
 3006
 3008
 3008
 3008
 3006
 3006
 2998
 2984
 2960
 2930
 2900
 2870
 2844
 2814
 2776
 2736
 2690
 2644
 2594
 2546
 2504
 2458
 2410
 2360
 2308
 2258
 2210
 2164
 2120
 2080
 2042
 2008
 1978
 1960
 1956
 1966
 1984
 2006
 2036
 2068
 2104
 2144
 2190
 2240
 2292
 2338
 2384
 2428
 2468
 2508
 2546
 2584
 2622
 2652
 2674
 2698
 2722
 2760
 2800
 2832
 2856
 2876
 2892
 2902
 2916
 2932
 2946
 2954
 2964
 2968
 2974
 2978
 2980
 2982
 2986
 2988
 2982
 2962
 2938
 2914
 2900
 2880
 2850
 2816
 2778
 2736
 2692
 2652
 2610
 2566
 2518
 2470
 2420
 2372
 2324
 2276
 2232
 2188
 2144
 2098
 2058
 2020
 1990
 1964
 1944
 1930
 1932
 1944
 1962
 1988
 2020
 2056
 2096
 2138
 2178
 2224
 2266
 2306
 2346
 2384
 2418
 2454
 2488
 2532
 2578
 2620
 2654
 2686
 2716
 2742
 2766
 2790
 2812
 2832
 2852
 2868
 2884
 2898
 2906
 2914
 2924
 2928
 2926
 2926
 2932
 2950
 2966
 2976
 2980
 2982
 2986
 2990
 2994
 2996
 2994
 2992
 2992
 2986
 2980
 2976
 2976
 2978
 2980
 2978
 2970
 2966
 2972
 2986
 2988
 2976
 2960
 2936
 2908
 2878
 2846
 2812
 2776
 2734
 2690
 2648
 2604
 2560
 2518
 2474
 2428
 2376
 2326
 2276
 2232
 2188
 2142
 2094
 2044
 2000
 1962
 1926
 1904
 1892
 1888
 1890
 1902
 1918
 1942
 1972
 2008
 2048
 2084
 2126
 2168
 2220
 2276
 2326
 2374
 2416
 2452
 2484
 2514
 2548
 2580
 2608
 2638
 2666
 2692
 2720
 2744
 2768
 2790
 2806
 2818
 2830
 2846
 2876
 2900
 2916
 2926
 2936
 2944
 2948
 2952
 2958
 2960
 2956
 2944
 2926
 2904
 2878
 2852
 2820
 2786
 2746
 2704
 2662
 2628
 2598
 2564
 2522
 2480
 2436
 2394
 2348
 2304
 2258
 2214
 2170
 2126
 2088
 2058
 2040
 2034
 2040
 2050
 2066
 2092
 2120
 2160
 2202
 2242
 2286
 2328
 2370
 2408
 2446
 2484
 2524
 2562
 2596
 2630
 2664
 2694
 2726
 2756
 2782
 2800
 2816
 2830
 2850
 2882
 2910
 2926
 2940
 2950
 2960
 2964
 2968
 2974
 2978
 2982
 2984
 2986
 2986
 2986
 2988
 2988
 2986
 2980
 2972
 2966
 2968
 2982
 2992
 2994
 2986
 2968
 2946
 2918
 2890
 2858
 2818
 2772
 2726
 2678
 2632
 2586
 2540
 2494
 2448
 2394
 2340
 2290
 2240
 2194
 2146
 2096
 2042
 1992
 1942
 1894
 1852
 1816
 1786
 1766
 1758
 1760
 1770
 1792
 1820
 1854
 1890
 1934
 1980
 2028
 2088
 2142
 2192
 2236
 2280
 2320
 2362
 2404
 2444
 2484
 2522
 2558
 2594
 2632
 2664
 2696
 2724
 2746
 2764
 2784
 2816
 2852
 2880
 2902
 2918
 2932
 2940
 2948
 2956
 2960
 2962
 2962
 2962
 2962
 2962
 2964
 2960
 2954
 2946
 2942
 2950
 2962
 2968
 2966
 2956
 2936
 2908
 2876
 2844
 2806
 2762
 2716
 2668
 2618
 2570
 2524
 2474
 2422
 2370
 2318
 2272
 2228
 2180
 2130
 2080
 2028
 1980
 1934
 1888
 1846
 1804
 1768
 1744
 1730
 1730
 1744
 1766
 1794
 1828
 1862
 1906
 1958
 2008
 2056
 2104
 2154
 2202
 2250
 2298
 2346
 2392
 2438
 2480
 2522
 2560
 2594
 2626
 2654
 2674
 2694
 2720
 2758
 2790
 2816
 2836
 2852
 2868
 2882
 2898
 2908
 2916
 2918
 2916
 2918
 2922
 2924
 2922
 2918
 2910
 2902
 2900
 2912
 2926
 2934
 2940
 2942
 2932
 2916
 2896
 2870
 2836
 2796
 2752
 2710
 2662
 2616
 2570
 2520
 2472
 2420
 2362
 2306
 2254
 2208
 2158
 2108
 2054
 2002
 1952
 1904
 1860
 1818
 1780
 1746
 1724
 1714
 1714
 1728
 1750
 1780
 1814
 1848
 1888
 1934
 1982
 2040
 2098
 2152
 2204
 2254
 2308
 2360
 2414
 2466
 2514
 2554
 2592
 2628
 2660
 2690
 2720
 2750
 2772
 2788
 2800
 2812
 2840
 2872
 2898
 2914
 2930
 2936
 2940
 2948
 2954
 2956
 2954
 2950
 2946
 2944
 2942
 2942
 2940
 2938
 2936
 2930
 2922
 2916
 2920
 2932
 2930
 2916
 2890
 2858
 2820
 2782
 2744
 2704
 2658
 2610
 2560
 2510
 2462
 2412
 2362
 2312
 2260
 2202
 2146
 2094
 2040
 1996
 1946
 1890
 1838
 1790
 1748
 1708
 1678
 1656
 1644
 1644
 1652
 1670
 1696
 1728
 1768
 1816
 1860
 1906
 1962
 2018
 2090
 2162
 2226
 2284
 2340
 2392
 2436
 2482
 2528
 2568
 2608
 2644
 2676
 2706
 2734
 2760
 2784
 2800
 2810
 2820
 2836
 2862
 2886
 2902
 2908
 2914
 2918
 2924
 2932
 2936
 2936
 2938
 2938
 2938
 2936
 2934
 2934
 2932
 2924
 2918
 2918
 2918
 2910
 2892
 2856
 2812
 2766
 2718
 2672
 2628
 2580
 2532
 2482
 2432
 2384
 2334
 2286
 2236
 2182
 2130
 2078
 2030
 1984
 1928
 1870
 1812
 1762
 1716
 1682
 1658
 1648
 1648
 1656
 1676
 1706
 1744
 1788
 1834
 1880
 1926
 1974
 2028
 2094
 2158
 2220
 2278
 2334
 2386
 2432
 2482
 2532
 2578
 2618
 2656
 2688
 2718
 2748
 2774
 2796
 2810
 2822
 2834
 2854
 2884
 2902
 2912
 2918
 2924
 2928
 2932
 2938
 2942
 2944
 2944
 2940
 2936
 2932
 2932
 2930
 2916
 2892
 2862
 2824
 2796
 2762
 2720
 2672
 2614
 2560
 2504
 2452
 2400
 2344
 2290
 2232
 2178
 2126
 2074
 2026
 1980
 1934
 1888
 1844
 1802
 1764
 1736
 1712
 1696
 1692
 1702
 1726
 1756
 1792
 1834
 1876
 1918
 1964
 2012
 2062
 2118
 2174
 2224
 2268
 2308
 2348
 2390
 2442
 2490
 2532
 2568
 2604
 2634
 2662
 2688
 2714
 2740
 2760
 2780
 2798
 2814
 2832
 2846
 2858
 2866
 2872
 2874
 2874
 2884
 2904
 2918
 2924
 2928
 2928
 2928
 2922
 2908
 2886
 2852
 2816
 2772
 2728
 2682
 2638
 2590
 2548
 2504
 2456
 2408
 2366
 2324
 2288
 2248
 2202
 2154
 2108
 2064
 2014
 1972
 1928
 1886
 1844
 1814
 1794
 1790
 1796
 1812
 1840
 1872
 1902
 1940
 1978
 2026
 2084
 2136
 2190
 2244
 2296
 2344
 2388
 2434
 2480
 2524
 2564
 2600
 2634
 2666
 2698
 2728
 2754
 2778
 2794
 2810
 2824
 2854
 2888
 2914
 2934
 2950
 2962
 2968
 2976
 2984
 2988
 2988
 2986
 2980
 2978
 2976
 2974
 2970
 2966
 2960
 2950
 2938
 2924
 2912
 2886
 2852
 2812
 2768
 2722
 2678
 2632
 2586
 2536
 2486
 2434
 2384
 2330
 2280
 2230
 2178
 2122
 2068
 2014
 1964
 1918
 1872
 1824
 1784
 1756
 1740
 1732
 1740
 1762
 1790
 1822
 1858
 1898
 1942
 1990
 2040
 2086
 2132
 2180
 2228
 2288
 2346
 2396
 2440
 2480
 2518
 2552
 2584
 2616
 2648
 2676
 2702
 2726
 2750
 2774
 2796
 2810
 2818
 2826
 2834
 2856
 2882
 2898
 2908
 2912
 2914
 2914
 2920
 2924
 2924
 2924
 2918
 2906
 2886
 2858
 2826
 2790
 2744
 2698
 2654
 2618
 2580
 2530
 2478
 2424
 2374
 2326
 2278
 2232
 2180
 2128
 2076
 2022
 1970
 1924
 1882
 1846
 1818
 1800
 1796
 1804
 1826
 1852
 1880
 1914
 1950
 1988
 2028
 2072
 2118
 2162
 2202
 2244
 2286
 2330
 2374
 2414
 2454
 2488
 2514
 2540
 2568
 2612
 2652
 2688
 2714
 2736
 2756
 2776
 2800
 2820
 2838
 2856
 2874
 2886
 2894
 2902
 2910
 2914
 2916
 2912
 2904
 2888
 2864
 2844
 2822
 2788
 2748
 2704
 2660
 2614
 2570
 2526
 2476
 2428
 2374
 2322
 2272
 2220
 2170
 2120
 2070
 2022
 1972
 1924
 1876
 1834
 1800
 1764
 1740
 1724
 1722
 1732
 1752
 1780
 1814
 1850
 1888
 1932
 1982
 2032
 2086
 2140
 2194
 2250
 2298
 2340
 2378
 2416
 2470
 2518
 2560
 2594
 2628
 2660
 2686
 2716
 2740
 2762
 2784
 2804
 2822
 2836
 2852
 2866
 2878
 2888
 2892
 2892
 2888
 2892
 2912
 2930
 2938
 2938
 2936
 2930
 2914
 2892
 2864
 2828
 2786
 2742
 2694
 2646
 2598
 2548
 2498
 2452
 2400
 2344
 2294
 2242
 2198
 2148
 2094
 2038
 1984
 1936
 1890
 1846
 1808
 1776
 1756
 1748
 1754
 1770
 1796
 1834
 1882
 1932
 1978
 2030
 2084
 2146
 2218
 2282
 2338
 2396
 2452
 2500
 2540
 2582
 2622
 2656
 2688
 2716
 2740
 2766
 2790
 2812
 2828
 2836
 2842
 2848
 2862
 2888
 2906
 2914
 2916
 2916
 2916
 2918
 2920
 2916
 2900
 2876
 2844
 2804
 2762
 2716
 2672
 2622
 2566
 2506
 2448
 2396
 2348
 2296
 2236
 2172
 2112
 2054
 1996
 1944
 1888
 1832
 1776
 1724
 1686
 1660
 1652
 1658
 1674
 1700
 1730
 1766
 1810
 1870
 1930
 1990
 2046
 2102
 2158
 2212
 2268
 2320
 2370
 2418
 2462
 2506
 2548
 2588
 2622
 2652
 2672
 2688
 2708
 2744
 2780
 2806
 2826
 2840
 2854
 2866
 2876
 2888
 2896
 2896
 2896
 2896
 2898
 2900
 2902
 2902
 2898
 2890
 2888
 2898
 2918
 2932
 2936
 2930
 2912
 2882
 2848
 2812
 2768
 2722
 2674
 2622
 2570
 2520
 2470
 2422
 2370
 2314
 2260
 2206
 2158
 2110
 2058
 2004
 1952
 1902
 1854
 1810
 1766
 1726
 1690
 1662
 1646
 1642
 1648
 1666
 1690
 1718
 1748
 1790
 1834
 1890
 1956
 2018
 2078
 2138
 2192
 2246
 2292
 2342
 2390
 2432
 2474
 2512
 2548
 2584
 2616
 2644
 2672
 2696
 2712
 2728
 2744
 2776
 2808
 2834
 2850
 2862
 2874
 2880
 2888
 2896
 2898
 2898
 2900
 2900
 2900
 2900
 2900
 2898
 2886
 2860
 2826
 2788
 2754
 2726
 2690
 2646
 2598
 2548
 2498
 2448
 2400
 2350
 2300
 2246
 2190
 2136
 2084
 2032
 1982
 1934
 1884
 1832
 1786
 1740
 1700
 1666
 1634
 1614
 1606
 1614
 1626
 1650
 1680
 1714
 1752
 1790
 1834
 1884
 1938
 1992
 2046
 2096
 2144
 2192
 2242
 2306
 2366
 2424
 2478
 2526
 2568
 2604
 2640
 2674
 2704
 2732
 2754
 2778
 2798
 2816
 2832
 2844
 2852
 2858
 2862
 2880
 2906
 2922
 2930
 2934
 2938
 2938
 2942
 2946
 2948
 2946
 2946
 2942
 2938
 2938
 2938
 2934
 2912
 2878
 2836
 2790
 2752
 2712
 2664
 2612
 2560
 2510
 2456
 2406
 2360
 2310
 2256
 2204
 2150
 2098
 2048
 2002
 1952
 1902
 1854
 1810
 1770
 1736
 1704
 1680
 1668
 1666
 1678
 1696
 1722
 1754
 1786
 1822
 1862
 1904
 1950
 1998
 2048
 2094
 2138
 2184
 2234
 2300
 2360
 2412
 2458
 2502
 2540
 2576
 2614
 2648
 2682
 2712
 2738
 2764
 2790
 2810
 2832
 2846
 2854
 2860
 2870
 2898
 2928
 2948
 2962
 2974
 2976
 2978
 2982
 2984
 2984
 2982
 2980
 2976
 2978
 2978
 2976
 2974
 2964
 2958
 2956
 2964
 2974
 2978
 2978
 2976
 2972
 2966
 2956
 2936
 2906
 2868
 2824
 2778
 2734
 2690
 2646
 2598
 2544
 2488
 2438
 2394
 2352
 2306
 2250
 2194
 2136
 2082
 2028
 1976
 1924
 1872
 1826
 1786
 1762
 1748
 1748
 1756
 1766
 1786
 1808
 1844
 1896
 1946
 1998
 2046
 2094
 2142
 2188
 2238
 2288
 2340
 2392
 2438
 2484
 2526
 2568
 2606
 2634
 2660
 2684
 2712
 2756
 2796
 2824
 2846
 2866
 2882
 2896
 2914
 2926
 2930
 2932
 2934
 2938
 2940
 2942
 2942
 2942
 2936
 2930
 2926
 2934
 2950
 2958
 2962
 2962
 2958
 2950
 2936
 2916
 2888
 2856
 2820
 2784
 2744
 2702
 2660
 2618
 2572
 2520
 2474
 2428
 2386
 2346
 2296
 2242
 2188
 2138
 2088
 2042
 2000
 1964
 1934
 1916
 1906
 1910
 1924
 1946
 1970
 1996
 2028
 2066
 2106
 2160
 2212
 2258
 2302
 2344
 2388
 2428
 2470
 2516
 2558
 2594
 2630
 2662
 2694
 2724
 2754
 2778
 2798
 2812
 2826
 2848
 2882
 2908
 2922
 2934
 2942
 2950
 2956
 2964
 2970
 2972
 2974
 2974
 2974
 2972
 2974
 2974
 2972
 2964
 2958
 2954
 2964
 2976
 2982
 2980
 2972
 2952
 2928
 2900
 2868
 2834
 2794
 2748
 2702
 2656
 2612
 2568
 2524
 2474
 2426
 2380
 2340
 2302
 2260
 2212
 2164
 2116
 2068
 2024
 1982
 1940
 1900
 1860
 1830
 1812
 1808
 1816
 1828
 1842
 1864
 1888
 1922
 1968
 2014
 2058
 2104
 2150
 2194
 2238
 2286
 2332
 2378
 2422
 2462
 2502
 2542
 2576
 2604
 2634
 2662
 2704
 2748
 2786
 2816
 2842
 2862
 2880
 2896
 2908
 2920
 2928
 2936
 2942
 2946
 2952
 2952
 2948
