 2512
 2460
 2408
 2360
 2314
 2268
 2224
 2180
 2130
 2078
 2028
 1976
 1922
 1874
 1828
 1782
 1738
 1700
 1668
 1652
 1650
 1656
 1678
 1700
 1724
 1746
 1764
 1786
 1808
 1832
 1856
 1880
 1906
 1928
 1948
 1970
 1994
 2030
 2068
 2114
 2158
 2194
 2230
 2268
 2300
 2324
 2348
 2370
 2398
 2438
 2486
 2536
 2586
 2634
 2684
 2728
 2764
 2798
 2830
 2870
 2916
 2956
 2982
 3002
 3018
 3030
 3044
 3056
 3068
 3076
 3082
 3086
 3090
 3092
 3094
 3096
 3092
 3086
 3078
 3082
 3094
 3098
 3086
 3062
 3028
 2988
 2946
 2904
 2860
 2812
 2760
 2708
 2662
 2618
 2576
 2534
 2490
 2444
 2404
 2366
 2334
 2296
 2252
 2204
 2158
 2112
 2072
 2038
 2010
 1998
 1994
 2004
 2030
 2066
 2104
 2144
 2180
 2216
 2252
 2288
 2318
 2328
 2324
 2308
 2294
 2282
 2278
 2278
 2282
 2282
 2284
 2286
 2294
 2304
 2310
 2314
 2324
 2342
 2366
 2402
 2442
 2476
 2510
 2542
 2572
 2602
 2634
 2664
 2690
 2716
 2742
 2770
 2800
 2826
 2844
 2860
 2876
 2902
 2930
 2952
 2964
 2974
 2980
 2984
 2992
 3000
 3006
 3008
 3006
 3008
 3010
 3014
 3014
 3008
 3002
 3000
 3006
 3020
 3030
 3026
 3010
 2988
 2960
 2928
 2898
 2866
 2826
 2784
 2740
 2696
 2654
 2610
 2568
 2524
 2478
 2432
 2388
 2340
 2292
 2242
 2194
 2152
 2106
 2054
 2002
 1954
 1910
 1868
 1834
 1810
 1792
 1786
 1790
 1804
 1822
 1848
 1878
 1916
 1958
 2004
 2044
 2086
 2132
 2184
 2248
 2308
 2362
 2414
 2462
 2510
 2552
 2592
 2636
 2670
 2702
 2728
 2754
 2776
 2800
 2822
 2840
 2856
 2874
 2888
 2896
 2902
 2908
 2924
 2946
 2964
 2972
 2976
 2978
 2978
 2980
 2984
 2990
 2988
 2986
 2986
 2986
 2988
 2988
 2986
 2986
 2986
 2986
 2980
 2972
 2962
 2954
 2950
 2938
 2914
 2884
 2848
 2814
 2780
 2742
 2706
 2666
 2620
 2574
 2530
 2486
 2446
 2404
 2360
 2318
 2276
 2228
 2182
 2138
 2092
 2054
 2016
 1972
 1930
 1894
 1868
 1852
 1846
 1850
 1858
 1872
 1888
 1910
 1940
 1970
 2006
 2046
 2084
 2120
 2160
 2198
 2246
 2296
 2342
 2382
 2422
 2458
 2494
 2530
 2564
 2600
 2630
 2660
 2688
 2712
 2736
 2760
 2784
 2804
 2818
 2832
 2842
 2862
 2892
 2918
 2936
 2948
 2956
 2962
 2966
 2972
 2978
 2980
 2980
 2978
 2980
 2980
 2982
 2982
 2980
 2978
 2972
 2966
 2962
 2964
 2962
 2944
 2916
 2878
 2840
 2800
 2764
 2728
 2692
 2650
 2604
 2562
 2516
 2474
 2434
 2390
 2342
 2296
 2252
 2210
 2172
 2126
 2078
 2026
 1974
 1922
 1876
 1834
 1800
 1774
 1754
 1744
 1746
 1758
 1780
 1806
 1834
 1866
 1900
 1940
 1994
 2044
 2090
 2134
 2184
 2230
 2272
 2318
 2370
 2422
 2470
 2518
 2560
 2600
 2638
 2670
 2698
 2722
 2744
 2772
 2808
 2842
 2866
 2886
 2902
 2920
 2934
 2950
 2960
 2964
 2966
 2972
 2976
 2978
 2982
 2986
 2984
 2978
 2970
 2968
 2978
 2980
 2966
 2934
 2896
 2852
 2806
 2760
 2712
 2662
 2608
 2550
 2496
 2442
 2390
 2342
 2292
 2238
 2182
 2126
 2072
 2024
 1980
 1930
 1882
 1834
 1792
 1754
 1726
 1710
 1704
 1706
 1716
 1734
 1760
 1792
 1830
 1872
 1914
 1960
 2006
 2052
 2112
 2174
 2234
 2288
 2338
 2390
 2436
 2482
 2530
 2576
 2614
 2652
 2688
 2722
 2754
 2786
 2814
 2836
 2854
 2870
 2884
 2910
 2942
 2964
 2978
 2988
 2990
 2992
 2996
 2996
 2992
 2978
 2954
 2926
 2892
 2856
 2818
 2778
 2734
 2690
 2640
 2588
 2538
 2490
 2452
 2408
 2358
 2306
 2254
 2206
 2158
 2114
 2068
 2020
 1970
 1920
 1874
 1832
 1794
 1770
 1756
 1756
 1758
 1770
 1786
 1806
 1838
 1872
 1906
 1940
 1978
 2020
 2062
 2106
 2152
 2196
 2242
 2288
 2334
 2378
 2420
 2462
 2506
 2544
 2574
 2604
 2632
 2676
 2720
 2760
 2790
 2818
 2844
 2868
 2890
 2912
 2930
 2936
 2944
 2952
 2958
 2962
 2964
 2964
 2966
 2964
 2958
 2954
 2958
 2964
 2958
 2932
 2892
 2846
 2802
 2756
 2712
 2666
 2614
 2560
 2508
 2454
 2402
 2352
 2300
 2250
 2196
 2140
 2088
 2036
 1992
 1946
 1898
 1852
 1808
 1774
 1748
 1734
 1732
 1736
 1744
 1760
 1782
 1810
 1844
 1880
 1920
 1958
 1996
 2038
 2090
 2144
 2196
 2244
 2292
 2338
 2384
 2430
 2480
 2524
 2566
 2606
 2646
 2682
 2720
 2750
 2776
 2798
 2816
 2844
 2880
 2908
 2926
 2940
 2950
 2960
 2966
 2972
 2976
 2976
 2978
 2978
 2980
 2980
 2982
 2980
 2976
 2970
 2968
 2984
 3000
 3008
 3008
 3000
 2984
 2958
 2928
 2892
 2852
 2808
 2758
 2706
 2654
 2602
 2548
 2494
 2436
 2386
 2334
 2296
 2256
 2208
 2160
 2112
 2064
 2016
 1972
 1928
 1886
 1846
 1810
 1788
 1780
 1786
 1796
 1812
 1836
 1862
 1902
 1948
 1992
 2036
 2082
 2128
 2172
 2216
 2260
 2308
 2354
 2396
 2438
 2480
 2522
 2560
 2592
 2622
 2652
 2690
 2736
 2776
 2806
 2832
 2856
 2874
 2896
 2916
 2926
 2932
 2938
 2948
 2952
 2956
 2964
 2964
 2960
 2958
 2958
 2972
 2990
 3002
 3004
 3004
 3000
 2990
 2976
 2954
 2922
 2878
 2832
 2784
 2734
 2678
 2626
 2570
 2510
 2448
 2390
 2336
 2292
 2238
 2182
 2126
 2070
 2018
 1966
 1914
 1862
 1808
 1750
 1694
 1646
 1608
 1590
 1584
 1586
 1598
 1618
 1646
 1688
 1736
 1780
 1832
 1886
 1940
 1992
 2046
 2104
 2160
 2214
 2268
 2322
 2378
 2436
 2488
 2536
 2574
 2612
 2648
 2696
 2742
 2780
 2808
 2834
 2854
 2874
 2892
 2906
 2914
 2920
 2926
 2930
 2934
 2938
 2942
 2942
 2940
 2934
 2930
 2934
 2952
 2966
 2970
 2968
 2960
 2940
 2912
 2878
 2836
 2788
 2736
 2682
 2628
 2574
 2524
 2474
 2422
 2368
 2314
 2258
 2210
 2156
 2096
 2030
 1966
 1906
 1846
 1792
 1742
 1690
 1640
 1594
 1560
 1540
 1536
 1546
 1562
 1584
 1616
 1646
 1688
 1742
 1792
 1844
 1900
 1958
 2010
 2070
 2128
 2188
 2244
 2298
 2354
 2410
 2464
 2516
 2560
 2594
 2628
 2662
 2704
 2748
 2784
 2812
 2832
 2852
 2868
 2884
 2904
 2916
 2924
 2932
 2932
 2932
 2936
 2938
 2936
 2928
 2922
 2924
 2938
 2954
 2954
 2936
 2904
 2866
 2824
 2778
 2730
 2678
 2622
 2566
 2508
 2452
 2394
 2342
 2286
 2228
 2174
 2120
 2074
 2030
 1982
 1930
 1882
 1834
 1790
 1750
 1714
 1682
 1654
 1638
 1638
 1648
 1666
 1692
 1718
 1746
 1780
 1814
 1860
 1916
 1970
 2020
 2070
 2122
 2172
 2222
 2272
 2324
 2374
 2422
 2468
 2512
 2554
 2594
 2628
 2658
 2684
 2706
 2736
 2776
 2812
 2840
 2858
 2872
 2886
 2898
 2910
 2924
 2928
 2932
 2932
 2932
 2930
 2932
 2934
 2928
 2916
 2894
 2870
 2852
 2826
 2788
 2740
 2694
 2644
 2598
 2552
 2504
 2456
 2404
 2352
 2302
 2254
 2206
 2164
 2116
 2068
 2020
 1972
 1932
 1894
 1854
 1816
 1786
 1768
 1764
 1770
 1786
 1808
 1836
 1868
 1910
 1954
 2002
 2054
 2106
 2152
 2196
 2242
 2290
 2352
 2412
 2462
 2508
 2546
 2584
 2618
 2650
 2684
 2712
 2736
 2758
 2780
 2800
 2820
 2840
 2856
 2862
 2868
 2874
 2892
 2920
 2942
 2950
 2956
 2958
 2956
 2954
 2952
 2934
 2902
 2860
 2816
 2770
 2722
 2670
 2618
 2560
 2496
 2438
 2380
 2334
 2292
 2246
 2194
 2142
 2094
 2046
 2000
 1948
 1896
 1826
 1750
 1694
 1652
 1636
 1650
 1682
 1720
 1762
 1816
 1876
 1942
 2002
 2052
 2098
 2142
 2176
 2198
 2244
 2282
 2326
 2370
 2418
 2462
 2502
 2548
 2610
 2678
 2734
 2794
 2872
 2962
 3038
 3094
 3120
 3134
 3140
 3144
 3150
 3152
 3148
 3134
 3120
 3100
 3068
 3036
 3010
 2990
 2982
 2980
 2990
 3010
 3024
 3032
 3028
 3024
 3018
 3018
 3022
 3026
 3032
 3040
 3044
 3050
 3056
 3062
 3064
 3062
 3060
 3070
 3096
 3122
 3138
 3142
 3144
 3144
 3150
 3158
 3158
 3136
 3094
 3042
 2988
 2934
 2868
 2790
 2708
 2626
 2564
 2504
 2436
 2372
 2304
 2238
 2180
 2114
 2058
 1994
 1934
 1874
 1816
 1776
 1750
 1740
 1746
 1758
 1798
 1846
 1894
 1944
 1992
 2048
 2102
 2162
 2214
 2274
 2332
 2390
 2444
 2496
 2552
 2594
 2634
 2664
 2710
 2762
 2814
 2844
 2872
 2888
 2904
 2916
 2928
 2942
 2950
 2962
 2964
 2974
 2980
 2984
 2976
 2974
 2976
 2998
 3018
 3028
 3028
 3018
 2996
 2958
 2920
 2878
 2832
 2772
 2712
 2650
 2596
 2540
 2484
 2426
 2372
 2314
 2270
 2228
 2182
 2128
 2078
 2044
 2006
 1976
 1938
 1914
 1902
 1904
 1914
 1948
 1994
 2046
 2094
 2142
 2206
 2276
 2342
 2390
 2450
 2514
 2578
 2632
 2682
 2730
 2770
 2806
 2832
 2860
 2888
 2916
 2932
 2940
 2952
 2966
 2994
 3016
 3028
 3036
 3040
 3044
 3046
 3056
 3062
 3060
 3048
 3034
 3008
 2980
 2940
 2888
 2836
 2786
 2742
 2702
 2656
 2610
 2558
 2510
 2452
 2402
 2356
 2308
 2252
 2188
 2138
 2090
 2050
 2002
 1956
 1926
 1904
 1900
 1908
 1930
 1960
 1994
 2026
 2066
 2118
 2174
 2230
 2276
 2332
 2384
 2438
 2484
 2522
 2564
 2604
 2650
 2700
 2752
 2794
 2830
 2856
 2876
 2904
 2926
 2944
 2950
 2956
 2964
 2972
 2978
 2970
 2970
 2968
 2974
 2990
 3006
 3020
 3022
 3022
 3010
 2994
 2974
 2942
 2896
 2840
 2792
 2742
 2692
 2636
 2576
 2528
 2480
 2444
 2402
 2358
 2314
 2270
 2216
 2168
 2126
 2084
 2042
 1990
 1946
 1908
 1882
 1858
 1842
 1850
 1862
 1888
 1924
 1964
 2008
 2050
 2098
 2138
 2190
 2248
 2306
 2364
 2416
 2468
 2520
 2568
 2600
 2638
 2672
 2718
 2772
 2810
 2846
 2874
 2900
 2918
 2926
 2948
 2964
 2974
 2978
 2980
 2990
 2996
 2998
 2986
 2984
 2994
 3012
 3024
 3006
 2980
 2948
 2906
 2860
 2802
 2754
 2702
 2646
 2586
 2524
 2474
 2426
 2372
 2312
 2252
 2210
 2172
 2130
 2076
 2024
 1988
 1946
 1910
 1880
 1858
 1848
 1846
 1852
 1862
 1884
 1906
 1926
 1950
 1970
 2016
 2072
 2126
 2170
 2216
 2268
 2316
 2366
 2408
 2456
 2504
 2546
 2584
 2622
 2662
 2698
 2724
 2744
 2768
 2804
 2850
 2884
 2906
 2928
 2946
 2960
 2970
 2982
 2994
 3000
 3006
 3006
 3010
 3014
 3020
 3018
 3010
 3004
 2994
 2990
 2976
 2946
 2906
 2856
 2810
 2756
 2708
 2662
 2616
 2566
 2512
 2458
 2408
 2362
 2314
 2264
 2218
 2168
 2122
 2072
 2030
 1994
 1956
 1922
 1894
 1884
 1890
 1902
 1918
 1934
 1958
 1990
 2026
 2064
 2102
 2150
 2198
 2246
 2290
 2336
 2398
 2462
 2518
 2562
 2604
 2646
 2686
 2724
 2754
 2782
 2812
 2836
 2858
 2872
 2892
 2906
 2914
 2914
 2914
 2926
 2952
 2978
 2994
 2996
 3002
 3004
 3010
 3016
 3016
 3016
 3004
 2986
 2960
 2922
 2888
 2848
 2800
 2744
 2688
 2642
 2606
 2568
 2522
 2468
 2420
 2376
 2330
 2282
 2230
 2182
 2132
 2078
 2026
 1978
 1944
 1916
 1896
 1890
 1888
 1910
 1940
 1968
 1992
 2026
 2070
 2112
 2158
 2202
 2258
 2310
 2360
 2410
 2458
 2504
 2548
 2580
 2614
 2646
 2690
 2736
 2782
 2820
 2850
 2876
 2896
 2914
 2932
 2946
 2960
 2968
 2974
 2980
 2986
 2990
 2992
 2986
 2982
 2982
 2994
 2996
 2982
 2952
 2914
 2874
 2830
 2784
 2738
 2688
 2630
 2574
 2528
 2482
 2436
 2388
 2338
 2298
 2252
 2216
 2184
 2146
 2112
 2076
 2044
 2022
 2010
 2014
 2024
 2036
 2054
 2080
 2122
 2168
 2216
 2260
 2308
 2360
 2412
 2474
 2536
 2592
 2638
 2682
 2716
 2742
 2778
 2810
 2838
 2862
 2880
 2902
 2918
 2930
 2944
 2948
 2956
 2958
 2962
 2992
 3032
 3060
 3082
 3100
 3108
 3108
 3104
 3082
 3040
 2998
 2964
 2924
 2880
 2842
 2810
 2780
 2742
 2712
 2688
 2676
 2674
 2672
 2674
 2676
 2668
 2678
 2702
 2730
 2762
 2802
 2854
 2912
 2966
 3022
 3074
 3138
 3210
 3264
 3314
 3364
 3430
 3486
 3516
 3540
 3552
 3570
 3590
 3598
 3604
 3606
 3608
 3606
 3600
 3600
 3600
 3602
 3588
 3574
 3558
 3556
 3566
 3582
 3582
 3572
 3570
 3566
 3566
 3552
 3528
 3496
 3452
 3410
 3370
 3338
 3318
 3292
 3262
 3238
 3206
 3188
 3174
 3144
 3108
 3074
 3044
 3008
 2964
 2924
 2878
 2836
 2792
 2758
 2744
 2752
 2766
 2786
 2804
 2830
 2866
 2914
 2964
 3006
 3044
 3082
 3112
 3150
 3188
 3220
 3248
 3270
 3298
 3322
 3336
 3352
 3360
 3378
 3392
 3408
 3434
 3462
 3488
 3508
 3518
 3520
 3520
 3530
 3536
 3524
 3494
 3452
 3416
 3376
 3324
 3264
 3194
 3138
 3082
 3036
 2992
 2940
 2894
 2844
 2794
 2738
 2684
 2636
 2592
 2540
 2494
 2440
 2396
 2374
 2364
 2366
 2372
 2384
 2410
 2450
 2496
 2540
 2578
 2628
 2682
 2732
 2782
 2822
 2870
 2916
 2956
 2996
 3028
 3068
 3102
 3126
 3150
 3168
 3200
 3246
 3284
 3310
 3324
 3332
 3342
 3352
 3362
 3372
 3372
 3372
 3374
 3376
 3376
 3380
 3380
 3372
 3366
 3358
 3346
 3338
 3316
 3276
 3222
 3166
 3110
 3056
 3002
 2946
 2882
 2818
 2754
 2696
 2640
 2588
 2532
 2476
 2418
 2364
 2314
 2268
 2224
 2180
 2136
 2104
 2086
 2078
 2088
 2106
 2126
 2144
 2176
 2214
 2260
 2314
 2362
 2412
 2466
 2514
 2564
 2620
 2680
 2730
 2774
 2814
 2850
 2890
 2932
 2968
 3002
 3024
 3046
 3072
 3094
 3118
 3132
 3144
 3154
 3164
 3182
 3204
 3230
 3244
 3254
 3256
 3254
 3260
 3268
 3270
 3256
 3222
 3176
 3132
 3084
 3034
 2978
 2922
 2862
 2802
 2742
 2678
 2628
 2586
 2536
 2480
 2418
 2358
 2306
 2258
 2210
 2156
 2104
 2056
 2016
 1988
 1968
 1964
 1974
 1990
 2012
 2036
 2058
 2104
 2154
 2202
 2250
 2296
 2344
 2396
 2450
 2504
 2552
 2600
 2652
 2700
 2746
 2782
 2816
 2856
 2888
 2912
 2932
 2960
 3006
 3048
 3074
 3090
 3106
 3122
 3140
 3156
 3170
 3176
 3178
 3182
 3186
 3192
 3196
 3204
 3206
 3200
 3188
 3184
 3194
 3210
 3222
 3222
 3216
 3214
 3200
 3178
 3150
 3108
 3062
 3004
 2946
 2890
 2830
 2768
 2706
 2648
 2592
 2540
 2490
 2446
 2408
 2370
 2326
 2278
 2234
 2186
 2148
 2108
 2072
 2036
 2002
 1988
 1986
 2000
 2024
 2050
 2082
 2118
 2156
 2198
 2252
 2312
 2368
 2420
 2470
 2520
 2568
 2618
 2666
 2716
 2762
 2800
 2840
 2882
 2920
 2946
 2962
 2972
 2986
 3006
 3038
 3070
 3088
 3102
 3116
 3126
 3134
 3136
 3140
 3140
 3122
 3090
 3050
 3000
 2954
 2906
 2850
 2790
 2728
 2682
 2648
 2606
 2556
 2504
 2452
 2410
 2366
 2320
 2266
 2212
 2168
 2126
 2086
 2056
 2032
 2014
 2014
 2026
 2048
 2080
 2108
 2144
 2188
 2234
 2280
 2324
 2376
 2434
 2486
 2534
 2578
 2620
 2666
 2714
 2758
 2792
 2822
 2844
 2880
 2930
 2972
 2996
 3016
 3028
 3046
 3062
 3078
 3094
 3104
 3112
 3122
 3130
 3136
 3142
 3138
 3134
 3128
 3126
 3134
 3136
 3120
 3088
 3046
 3000
 2954
 2902
 2856
 2804
 2748
 2690
 2634
 2582
 2538
 2494
 2446
 2392
 2336
 2290
 2254
 2222
 2180
 2130
 2080
 2038
 2004
 1980
 1962
 1952
 1950
 1962
 1984
 2016
 2050
 2088
 2136
 2184
 2234
 2282
 2342
 2406
 2470
 2524
 2572
 2612
 2652
 2692
 2730
 2766
 2798
 2828
 2858
 2886
 2914
 2946
 2970
 2990
 3004
 3016
 3026
 3048
 3080
 3110
 3126
 3132
 3128
 3112
 3092
 3068
 3040
 3002
 2964
 2922
 2880
 2842
 2800
 2756
 2710
 2662
 2610
 2558
 2508
 2466
 2424
 2374
 2328
 2284
 2250
 2232
 2228
 2234
 2250
 2272
 2302
 2342
 2378
 2434
 2504
 2568
 2622
 2682
 2746
 2820
 2902
 2976
 3036
 3078
 3112
 3138
 3164
 3184
 3202
 3210
 3220
 3226
 3228
 3228
 3226
 3226
 3220
 3216
 3208
 3210
 3226
 3246
 3256
 3258
 3256
 3254
 3256
 3256
 3252
 3240
 3220
 3192
 3154
 3102
 3062
 3012
 2962
 2908
 2830
 2764
 2722
 2678
 2634
 2584
 2534
 2494
 2446
 2394
 2350
 2314
 2276
 2236
 2192
 2158
 2142
 2144
 2156
 2182
 2214
 2258
 2306
 2360
 2422
 2480
 2530
 2590
 2646
 2708
 2774
 2834
 2896
 2960
 3004
 3038
 3050
 3046
 3046
 3048
 3046
 3050
 3076
 3110
 3144
 3162
 3170
 3184
 3194
 3202
 3212
 3214
 3212
 3214
 3210
 3200
 3188
 3162
 3126
 3086
 3036
 2986
 2936
 2886
 2836
 2780
 2724
 2664
 2610
 2564
 2518
 2468
 2410
 2350
 2300
 2248
 2200
 2148
 2090
 2054
 2038
 2038
 2048
 2062
 2082
 2116
 2148
 2186
 2218
 2254
 2310
 2364
 2416
 2464
 2504
 2556
 2610
 2660
 2700
 2734
 2770
 2830
 2890
 2940
 2974
 2996
 3024
 3052
 3074
 3096
 3112
 3130
 3156
 3174
 3192
 3198
 3200
 3208
 3212
 3210
 3202
 3200
 3220
 3244
 3258
 3262
 3258
 3264
 3288
 3308
 3314
 3308
 3286
 3264
 3230
 3178
 3116
 3052
 2998
 2942
 2876
 2804
 2734
 2686
 2658
 2620
 2574
 2514
 2448
 2400
 2362
 2316
 2260
 2192
 2128
 2082
 2036
 1992
 1950
 1916
 1908
 1918
 1928
 1944
 1972
 2012
 2060
 2102
 2146
 2194
 2242
 2302
 2358
 2408
 2454
 2500
 2552
 2606
 2650
 2688
 2720
 2756
 2796
 2838
 2884
 2928
 2962
 2998
 3026
 3044
 3062
 3076
 3094
 3114
 3126
 3130
 3136
 3142
 3152
 3156
 3152
 3146
 3136
 3138
 3156
 3168
 3170
 3168
 3168
 3172
 3172
 3166
 3166
 3160
 3160
 3160
 3154
 3148
 3142
 3136
 3132
 3130
 3120
 3108
 3094
 3078
 3066
 3042
 2994
 2932
 2870
 2814
 2758
 2696
 2634
 2568
 2510
 2452
 2390
 2330
 2272
 2218
 2168
 2116
 2064
 2014
 1968
 1938
 1922
 1900
 1888
 1886
 1900
 1922
 1948
 1982
 2012
 2046
 2086
 2130
 2170
 2208
 2242
 2280
 2314
 2344
 2374
 2402
 2446
 2498
 2542
 2572
 2598
 2622
 2646
 2678
 2690
 2684
 2662
 2640
 2628
 2626
 2624
 2628
 2630
 2636
 2646
 2654
 2664
 2688
 2710
 2718
 2722
 2720
 2714
 2698
 2702
 2720
 2736
 2748
 2760
 2780
 2806
 2838
 2866
 2886
 2898
 2916
 2942
 2978
 3008
 3028
 3042
 3064
 3092
 3100
 3104
 3110
 3116
 3124
 3124
 3118
 3112
 3110
 3116
 3118
 3106
 3094
 3092
 3110
 3136
 3146
 3138
 3104
 3066
 3026
 2986
 2934
 2874
 2810
 2750
 2696
 2638
 2574
 2510
 2442
 2378
 2322
 2268
 2214
 2168
 2110
 2058
 2016
 1970
 1928
 1892
 1872
 1872
 1886
 1902
 1924
 1952
 1990
 2044
 2100
 2146
 2188
 2226
 2274
 2332
 2392
 2436
 2464
 2492
 2528
 2564
 2588
 2612
 2632
 2662
 2702
 2734
 2760
 2778
 2796
 2824
 2846
 2846
 2826
 2786
 2756
 2744
 2730
 2712
 2706
 2702
 2704
 2722
 2736
 2748
 2760
 2766
 2772
 2786
 2792
 2796
 2798
 2802
 2816
 2830
 2846
 2878
 2910
 2946
 2982
 3004
 3014
 3020
 3036
 3058
 3074
 3080
 3084
 3090
 3096
 3102
 3092
 3082
 3066
 3062
 3078
 3098
 3108
 3108
 3106
 3112
 3118
 3120
 3120
 3112
 3106
 3110
 3110
 3108
 3102
 3090
 3080
 3078
 3074
 3074
 3080
 3092
 3098
 3092
 3064
 3026
 2980
 2942
 2904
 2852
 2792
 2722
 2660
 2606
 2554
 2498
 2440
 2382
 2336
 2300
 2262
 2212
 2154
 2088
 2030
 1984
 1932
 1880
 1836
 1800
 1784
 1784
 1788
 1808
 1834
 1870
 1916
 1970
 2018
 2072
 2142
 2218
 2280
 2328
 2376
 2430
 2488
 2540
 2586
 2628
 2670
 2718
 2762
 2796
 2824
 2848
 2868
 2876
 2878
 2886
 2898
 2898
 2894
 2898
 2898
 2892
 2890
 2884
 2878
 2872
 2860
 2850
 2844
 2846
 2844
 2838
 2824
 2802
 2790
 2772
 2736
 2682
 2620
 2560
 2500
 2446
 2396
 2340
 2284
 2226
 2170
 2114
 2060
 2008
 1958
 1900
 1846
 1792
 1750
 1706
 1662
 1620
 1580
 1550
 1530
 1520
 1520
 1524
 1532
 1546
 1566
 1596
 1630
 1668
 1708
 1748
 1790
 1832
 1890
 1952
 2008
 2058
 2104
 2148
 2190
 2238
 2284
 2330
 2374
 2414
 2452
 2488
 2524
 2556
 2580
 2598
 2616
 2634
 2666
 2700
 2730
 2748
 2764
 2774
 2774
 2780
 2794
 2794
 2788
 2768
 2738
 2702
 2652
 2592
 2528
 2468
 2406
 2342
 2286
 2236
 2184
 2122
 2056
 1994
 1938
 1890
 1836
 1780
 1718
 1664
 1614
 1564
 1518
 1478
 1462
 1458
 1462
 1474
 1496
 1540
 1588
 1634
 1674
 1722
 1778
 1830
 1884
 1936
 1992
 2054
 2108
 2162
 2212
 2270
 2330
 2378
 2420
 2454
 2498
 2558
 2610
 2648
 2674
 2700
 2726
 2748
 2768
 2782
 2796
 2812
 2822
 2828
 2830
 2840
 2850
 2848
 2844
 2834
 2832
 2834
 2820
 2786
 2726
 2672
 2616
 2556
 2496
 2430
 2366
 2306
 2238
 2170
 2104
 2050
 1998
 1936
 1870
 1806
 1754
 1708
 1656
 1604
 1550
 1514
 1496
 1486
 1490
 1502
 1530
 1566
 1604
 1648
 1698
 1760
 1822
 1872
 1916
 1954
 2006
 2082
 2156
 2218
 2270
 2322
 2378
 2428
 2470
 2510
 2548
 2590
 2628
 2654
 2678
 2706
 2734
 2750
 2756
 2762
 2784
 2818
 2848
 2864
 2874
 2888
 2892
 2896
 2896
 2894
 2890
 2868
 2824
 2772
 2712
 2660
 2608
 2546
 2480
 2402
 2346
 2302
 2250
 2188
 2118
 2060
 2012
 1956
 1898
 1838
 1778
 1726
 1676
 1626
 1588
 1566
 1568
 1576
 1592
 1612
 1642
 1698
 1754
 1798
 1840
 1888
 1940
 1994
 2042
 2090
 2142
 2198
 2258
 2312
 2360
 2408
 2462
 2508
 2548
 2578
 2620
 2676
 2728
 2760
 2784
 2802
 2822
 2846
 2864
 2874
 2880
 2888
 2896
 2898
 2900
 2902
 2906
 2902
 2894
 2884
 2878
 2874
 2858
 2820
 2770
 2714
 2660
 2608
 2550
 2488
 2422
 2360
 2302
 2242
 2178
 2120
 2070
 2022
 1966
 1906
 1842
 1796
 1756
 1710
 1660
 1620
 1598
 1596
 1600
 1614
 1630
 1658
 1698
 1742
 1784
 1830
 1880
 1938
 1990
 2036
 2082
 2130
 2196
 2258
 2312
 2356
 2394
 2436
 2480
 2524
 2566
 2604
 2636
 2666
 2702
 2736
 2764
 2790
 2810
 2828
 2846
 2858
 2878
 2910
 2942
 2960
 2968
 2968
 2968
 2978
 2984
 2982
 2966
 2938
 2906
 2868
 2820
 2762
 2706
 2652
 2594
 2536
 2478
 2432
 2392
 2348
 2296
 2236
 2182
 2134
 2098
 2056
 2010
 1964
 1926
 1898
 1886
 1884
 1894
 1920
 1950
 1986
 2024
 2070
 2126
 2194
 2256
 2314
 2366
 2414
 2466
 2520
 2568
 2614
 2652
 2686
 2726
 2764
 2794
 2818
 2834
 2850
 2868
 2888
 2916
 2946
 2968
 2982
 2988
 2996
 3002
 3012
 3020
 3020
 3018
 3012
 3008
 3008
 3002
 2982
 2946
 2906
 2868
 2830
 2798
 2758
 2714
 2670
 2624
 2574
 2516
 2466
 2422
 2378
 2324
 2264
 2200
 2146
 2108
 2064
 2014
 1964
 1924
 1906
 1910
 1922
 1932
 1944
 1970
 2012
 2052
 2092
 2132
 2174
 2222
 2270
 2318
 2360
 2402
 2444
 2488
 2528
 2564
 2600
 2650
 2708
 2756
 2788
 2812
 2834
 2860
 2888
 2912
 2930
 2938
 2950
 2962
 2970
 2978
 2976
 2972
 2972
 2972
 2982
 3004
 3014
 3008
 2996
 2974
 2938
 2896
 2846
 2800
 2750
 2696
 2638
 2574
 2514
 2466
 2418
 2364
 2304
 2244
 2186
 2150
 2110
 2062
 2008
 1952
 1910
 1880
 1862
 1850
 1844
 1850
 1864
 1888
 1916
 1948
 1984
 2026
 2070
 2112
 2154
 2204
 2274
 2338
 2394
 2440
 2480
 2522
 2568
 2612
 2648
 2676
 2708
 2742
 2774
 2800
 2822
 2844
 2868
 2882
 2894
 2904
 2930
 2960
 2980
 2990
 2992
 2994
 3000
 3010
 3018
 3020
 3010
 3008
 3006
 3004
 2998
 2978
 2954
 2930
 2892
 2846
 2796
 2748
 2712
 2672
 2618
 2556
 2500
 2450
 2402
 2356
 2304
 2252
 2204
 2162
 2124
 2084
 2050
 2026
 1998
 1968
 1938
 1930
 1942
 1982
 2048
 2132
 2222
 2320
 2426
 2524
 2626
 2738
 2856
 2966
 3070
 3160
 3236
 3300
 3364
 3410
 3440
 3458
 3476
 3508
 3542
 3574
 3588
 3596
 3606
 3612
 3614
 3622
 3622
 3622
 3628
 3628
 3624
 3620
 3616
 3620
 3612
 3600
 3590
 3584
 3596
 3606
 3602
 3590
 3564
 3534
 3496
 3452
 3408
 3358
 3306
 3250
 3192
 3134
 3076
 3024
 2970
 2914
 2864
 2814
 2774
 2738
 2698
 2654
 2612
 2574
 2538
 2508
 2488
 2474
 2464
 2462
 2476
 2492
 2522
 2572
 2628
 2696
 2752
 2804
 2870
 2942
 3012
 3064
 3108
 3150
 3182
 3218
 3244
 3270
 3300
 3322
 3340
 3360
 3378
 3398
 3406
 3410
 3416
 3416
 3436
 3454
 3468
 3476
 3474
 3478
 3478
 3472
 3476
 3470
 3464
 3460
 3446
 3434
 3424
 3414
 3398
 3362
 3324
 3282
 3252
 3218
 3164
 3114
 3056
 3000
 2948
 2892
 2842
 2792
 2746
 2698
 2652
 2614
 2576
 2542
 2504
 2462
 2424
 2388
 2362
 2338
 2318
 2308
 2320
 2338
 2374
 2414
 2456
 2508
 2558
 2614
 2672
 2730
 2784
 2828
 2868
 2910
 2954
 3010
 3062
 3098
 3132
 3158
 3180
 3206
 3220
 3242
 3256
 3268
 3282
 3292
 3298
 3306
 3302
 3302
 3298
 3292
 3306
 3326
 3334
 3344
 3340
 3346
 3348
 3346
 3350
 3342
 3328
 3310
 3278
 3234
 3182
 3124
 3072
 3008
 2938
 2874
 2818
 2776
 2730
 2674
 2614
 2566
 2520
 2478
 2440
 2394
 2346
 2298
 2248
 2202
 2162
 2132
 2122
 2142
 2158
 2192
 2240
 2296
 2364
 2432
 2494
 2560
 2616
 2668
 2718
 2764
 2812
 2858
 2906
 2942
 2974
 3006
 3034
 3068
 3092
 3110
 3126
 3134
 3144
 3168
 3194
 3216
 3238
 3250
 3262
 3264
 3260
 3266
 3268
 3264
 3266
 3262
 3256
 3256
 3258
 3256
 3260
 3256
 3242
 3234
 3224
 3210
 3202
 3184
 3150
 3114
 3078
 3044
 3020
 3000
 2968
 2926
 2882
 2824
 2768
 2716
 2666
 2620
 2578
 2536
 2496
 2460
 2422
 2384
 2352
 2322
 2300
 2288
 2288
 2300
 2320
 2340
 2372
 2410
 2448
 2492
 2542
 2588
 2642
 2698
 2746
 2792
 2826
 2864
 2912
 2960
 3008
 3046
 3074
 3104
 3126
 3148
 3168
 3184
 3202
 3214
 3222
 3234
 3238
 3246
 3252
 3246
 3234
 3224
 3212
 3218
 3238
 3252
 3254
 3260
 3254
 3254
 3254
 3240
 3218
 3182
 3140
 3100
 3056
 3008
 2960
 2902
 2850
 2794
 2740
 2690
 2652
 2610
 2570
 2528
 2480
 2434
 2394
 2346
 2304
 2274
 2232
 2196
 2178
 2178
 2186
 2216
 2256
 2290
 2332
 2384
 2460
 2556
 2644
 2704
 2752
 2794
 2822
 2850
 2886
 2914
 2938
 2966
 2986
 3008
 3028
 3042
 3058
 3072
 3076
 3086
 3098
 3120
 3156
 3182
 3192
 3200
 3202
 3200
 3200
 3196
 3188
 3182
 3178
 3172
 3170
 3162
 3158
 3162
 3162
 3152
 3142
 3130
 3126
 3140
 3150
 3154
 3154
 3148
 3146
 3150
 3140
 3120
 3096
 3058
 3020
 2980
 2938
 2890
 2844
 2796
 2744
 2696
 2648
 2590
 2536
 2490
 2444
 2404
 2366
 2320
 2268
 2220
 2170
 2122
 2086
 2044
 2008
 1984
 1968
 1970
 1988
 2016
 2044
 2086
 2124
 2162
 2208
 2252
 2300
 2362
 2416
 2466
 2516
 2560
 2600
 2642
 2680
 2720
 2764
 2800
 2834
 2866
 2890
 2914
 2938
 2956
 2970
 2982
 2986
 2994
 2998
 3008
 3028
 3046
 3052
 3058
 3060
 3058
 3062
 3058
 3054
 3044
 3022
 2992
 2956
 2914
 2876
 2838
 2794
 2750
 2704
 2652
 2604
 2558
 2520
 2488
 2452
 2410
 2370
 2328
 2286
 2246
 2202
 2160
 2122
 2082
 2044
 2014
 1992
 1982
 1992
 2008
 2028
 2052
 2074
 2106
 2146
 2196
 2246
 2296
 2346
 2392
 2442
 2490
 2530
 2570
 2606
 2646
 2684
 2712
 2738
 2760
 2782
 2810
 2832
 2846
 2858
 2860
 2870
 2888
 2914
 2940
 2956
 2962
 2970
 2974
 2976
 2982
 2986
 2986
 2992
 2998
 2998
 3000
 3004
 2998
 3002
 3002
 2990
 2978
 2966
 2958
 2978
 2998
 3000
 2980
 2948
 2916
 2886
 2842
 2794
 2748
 2704
 2660
 2608
 2554
 2514
 2468
 2424
 2374
 2314
 2232
 2130
 2046
 1964
 1878
 1794
 1718
 1648
 1588
 1544
 1510
 1482
 1460
 1454
 1466
 1488
 1518
 1556
 1596
 1636
 1670
 1702
 1740
 1786
 1846
 1906
 1964
 2016
 2060
 2100
 2132
 2162
 2194
 2228
 2264
 2298
 2326
 2352
 2376
 2394
 2406
 2418
 2426
 2440
 2466
 2488
 2498
 2498
 2484
 2458
 2426
 2400
 2380
 2372
 2368
 2366
 2364
 2370
 2378
 2388
 2390
 2394
 2396
 2398
 2408
 2422
 2434
 2444
 2454
 2464
 2472
 2480
 2490
 2498
 2506
 2510
 2516
 2522
 2524
 2520
 2520
 2520
 2530
 2548
 2562
 2574
 2578
 2578
 2574
 2576
 2586
 2588
 2586
 2570
 2546
 2518
 2484
 2432
 2368
 2306
 2246
 2188
 2134
 2088
 2042
 1990
 1936
 1876
 1822
 1776
 1726
 1670
 1610
 1560
 1506
 1446
 1388
 1342
 1316
 1300
 1288
 1292
 1312
 1342
 1382
 1426
 1472
 1518
 1570
 1626
 1680
 1742
 1804
 1866
 1918
 1972
 2028
 2084
 2132
 2178
 2230
 2274
 2304
 2326
 2354
 2400
 2446
 2482
 2500
 2526
 2544
 2558
 2568
 2576
 2592
 2600
 2600
 2594
 2582
 2564
 2532
 2490
 2436
 2384
 2328
 2268
 2200
 2144
 2102
 2056
 2002
 1940
 1884
 1836
 1790
 1736
 1678
 1618
 1566
 1516
 1464
 1416
 1384
 1372
 1376
 1386
 1402
 1434
 1476
 1520
 1570
 1620
 1678
 1730
 1782
 1830
 1880
 1938
 1992
 2044
 2090
 2142
 2194
 2246
 2290
 2328
 2372
 2412
 2442
 2458
 2476
 2498
 2532
 2566
 2594
 2620
 2638
 2650
 2658
 2662
 2670
 2668
 2648
 2612
 2570
 2530
 2486
 2440
 2386
 2330
 2286
 2230
 2174
 2116
 2060
 2018
 1976
 1920
 1852
 1790
 1740
 1688
 1630
 1576
 1530
 1492
 1462
 1438
 1434
 1454
 1486
 1520
 1550
 1588
 1642
 1694
 1746
 1802
 1870
 1940
 2006
 2062
 2110
 2158
 2216
 2272
 2314
 2346
 2386
 2434
 2474
 2504
 2528
 2556
 2586
 2604
 2614
 2616
 2644
 2682
 2712
 2724
 2724
 2730
 2742
 2748
 2744
 2720
 2686
 2646
 2602
 2548
 2488
 2428
 2376
 2322
 2254
 2184
 2118
 2068
 2024
 1970
 1904
 1838
 1786
 1734
 1678
 1616
 1562
 1514
 1470
 1430
 1402
 1398
 1418
 1446
 1476
 1508
 1552
 1604
 1662
 1726
 1788
 1852
 1922
 1988
 2052
 2104
 2156
 2216
 2272
 2320
 2354
 2394
 2444
 2488
 2524
 2548
 2566
 2592
 2614
 2644
 2676
 2704
 2730
 2748
 2756
 2762
 2772
 2786
 2796
 2798
 2796
 2792
 2796
 2800
 2800
 2800
 2788
 2768
 2744
 2710
 2682
 2638
 2584
 2530
 2470
 2414
 2350
 2284
 2228
 2176
 2114
 2050
 1982
 1918
 1864
 1810
 1754
 1690
 1626
 1566
 1520
 1474
 1426
 1380
 1356
 1352
 1360
 1376
 1400
 1438
 1486
 1538
 1590
 1644
 1706
 1776
 1848
 1908
 1962
 2012
 2080
 2158
 2226
 2276
 2326
 2374
 2424
 2466
 2498
 2534
 2574
 2610
 2636
 2656
 2678
 2704
 2726
 2738
 2740
 2740
 2758
 2790
 2818
 2828
 2830
 2838
 2850
 2854
 2850
 2832
 2806
 2772
 2726
 2672
 2608
 2552
 2496
 2428
 2354
 2278
 2208
 2152
 2102
 2044
 1972
 1902
 1846
 1792
 1734
 1674
 1620
 1578
 1542
 1514
 1502
 1504
 1526
 1558
 1590
 1620
 1660
 1716
 1784
 1860
 1930
 1988
 2054
 2122
 2180
 2230
 2278
 2336
 2392
 2438
 2480
 2518
 2560
 2602
 2632
 2654
 2670
 2692
 2712
 2742
 2776
 2800
 2822
 2840
 2852
 2862
 2874
 2884
 2892
 2886
 2868
 2840
 2810
 2770
 2718
 2656
 2590
 2526
 2464
 2400
 2344
 2288
 2236
 2176
 2110
 2046
 1984
 1930
 1882
 1828
 1766
 1706
 1656
 1618
 1582
 1552
 1534
 1528
 1542
 1560
 1584
 1620
 1664
 1720
 1778
 1834
 1888
 1946
 2014
 2082
 2152
 2206
 2256
 2312
 2372
 2428
 2474
 2500
 2530
 2568
 2606
 2656
 2700
 2736
 2766
 2796
 2812
 2818
 2830
 2852
 2868
 2878
 2878
 2882
 2892
 2902
 2908
 2902
 2888
 2880
 2868
 2850
 2830
 2796
 2752
 2698
 2640
 2576
 2512
 2454
 2396
 2336
 2270
 2198
 2128
 2072
 2024
 1976
 1922
 1858
 1804
 1758
 1714
 1664
 1616
 1578
 1552
 1546
 1556
 1578
 1612
 1654
 1700
 1752
 1808
 1874
 1942
 2016
 2090
 2156
 2222
 2290
 2378
 2474
 2562
 2642
 2718
 2790
 2854
 2930
 3010
 3074
 3118
 3156
 3186
 3210
 3230
 3252
 3266
 3274
 3276
 3278
 3286
 3308
 3326
 3332
 3316
 3282
 3238
 3188
 3134
 3078
 3014
 2950
 2890
 2830
 2774
 2720
 2666
 2606
 2548
 2496
 2444
 2404
 2364
 2314
 2266
 2216
 2176
 2142
 2118
 2100
 2094
 2096
 2102
 2120
 2148
 2190
 2234
 2286
 2328
 2368
 2414
 2470
 2534
 2596
 2658
 2716
 2776
 2826
 2866
 2906
 2942
 2970
 2998
 3024
 3052
 3076
 3094
 3108
 3116
 3130
 3150
 3178
 3208
 3228
 3240
 3266
 3288
 3314
 3340
 3362
 3384
 3398
 3404
 3402
 3384
 3364
 3324
 3262
 3188
 3110
 3052
 3000
 2942
 2864
 2792
 2734
 2670
 2602
 2526
 2456
 2388
 2312
 2234
 2160
 2102
 2050
 2002
 1962
 1938
 1934
 1956
 1996
 2040
 2084
 2134
 2188
 2248
 2310
 2370
 2442
 2512
 2582
 2646
 2702
 2764
 2818
 2870
 2906
 2936
 2978
 3024
 3070
 3108
 3126
 3148
 3164
 3176
 3194
 3202
 3206
 3214
 3214
 3216
 3212
 3210
 3210
 3200
 3188
 3172
 3152
 3142
 3118
 3078
 3026
 2958
 2890
 2822
 2754
 2688
 2612
 2536
 2468
 2404
 2348
 2292
 2234
 2166
 2098
 2040
 1982
 1932
 1876
 1822
 1778
 1740
 1716
 1708
 1714
 1738
 1768
 1802
 1846
 1888
 1946
 2010
 2068
 2126
 2172
 2232
 2298
 2374
 2454
 2526
 2590
 2656
 2712
 2760
 2808
 2856
 2904
 2946
 2970
 2994
 3020
 3040
 3058
 3068
 3066
 3072
 3072
 3088
 3112
 3122
 3122
 3124
 3120
 3122
 3126
 3130
 3132
 3122
 3100
 3074
 3032
 2980
 2922
 2854
 2790
 2720
 2646
 2580
 2522
 2470
 2424
 2362
 2300
 2246
 2182
 2132
 2078
 2018
 1960
 1906
 1856
 1822
 1794
 1784
 1794
 1816
 1846
 1884
 1926
 1984
 2058
 2124
 2194
 2256
 2316
 2374
 2426
 2488
 2546
 2596
 2648
 2694
 2746
 2792
 2828
 2860
 2890
 2914
 2938
 2970
 3004
 3034
 3048
 3058
 3062
 3064
 3072
 3074
 3074
 3074
 3068
 3064
 3066
 3068
 3072
 3064
 3044
 3016
 2978
 2950
 2926
 2880
 2824
 2772
 2716
 2660
 2602
 2532
 2462
 2408
 2346
 2284
 2226
 2174
 2128
 2074
 2024
 1978
 1930
 1900
 1876
 1858
 1854
 1858
 1880
 1910
 1946
 1988
 2030
 2074
 2122
 2172
 2230
 2292
 2348
 2396
 2452
 2508
 2572
 2638
 2694
 2734
 2776
 2812
 2844
 2876
 2908
 2934
 2956
 2974
 2994
 3014
 3026
 3034
 3040
 3042
 3046
 3054
 3072
 3094
 3110
 3122
 3126
 3124
 3126
 3126
 3124
 3114
 3090
 3056
 3014
 2966
 2914
 2858
 2792
 2726
 2656
 2594
 2544
 2490
 2430
 2374
 2310
 2256
 2208
 2160
 2104
 2040
 1984
 1940
 1910
 1898
 1900
 1910
 1934
 1974
 2016
 2074
 2136
 2190
 2244
 2300
 2356
 2414
 2468
 2520
 2572
 2620
 2666
 2710
 2750
 2786
 2824
 2850
 2874
 2894
 2918
 2952
 2986
 3010
 3022
 3034
 3044
 3052
 3060
 3064
 3064
 3056
 3034
 3006
 2966
 2910
 2842
 2766
 2688
 2616
 2548
 2490
 2436
 2378
 2312
 2252
 2192
 2134
 2084
 2042
 2000
 1958
 1912
 1870
 1836
 1802
 1776
 1764
 1764
 1774
 1804
 1842
 1880
 1918
 1954
 1992
 2034
 2074
 2120
 2170
 2218
 2264
 2322
 2386
 2446
 2506
 2554
 2596
 2638
 2678
 2732
 2784
 2820
 2850
 2878
 2898
 2914
 2932
 2942
 2952
 2962
 2968
 2978
 2986
 2992
 2998
 2992
 2984
 2980
 2988
 3008
 3026
 3028
 3016
 2996
 2966
 2934
 2900
 2860
 2810
 2752
 2696
 2644
 2592
 2546
 2498
 2442
 2384
 2326
 2268
 2212
 2160
 2106
 2056
 2012
 1974
 1942
 1916
 1898
 1886
 1884
 1896
 1916
 1948
 1982
 2014
 2050
 2096
 2150
 2212
 2272
 2328
 2384
 2434
 2480
 2522
 2572
 2618
 2664
 2700
 2726
 2756
 2788
 2820
 2846
 2858
 2862
 2870
 2894
 2928
 2958
 2972
 2982
 3000
 3020
 3040
 3050
 3048
 3034
 2998
 2958
 2924
 2890
 2856
 2812
 2756
 2696
 2640
 2596
 2560
 2524
 2482
 2432
 2392
 2354
 2310
 2270
 2228
 2182
 2134
 2094
 2078
 2076
 2086
 2102
 2126
 2156
 2186
 2232
 2286
 2340
 2384
 2428
 2466
 2504
 2546
 2580
 2602
 2610
 2616
 2628
 2636
 2634
 2626
 2614
 2602
 2614
 2630
 2648
 2664
 2676
 2684
 2682
 2684
 2694
 2710
 2718
 2726
 2724
 2718
 2706
 2688
 2658
 2618
 2580
 2550
 2532
 2538
 2546
 2550
 2556
 2560
 2562
 2570
 2578
 2584
 2590
 2596
 2602
 2608
 2616
 2626
 2630
 2636
 2644
 2662
 2688
 2708
 2724
 2732
 2736
 2742
 2752
 2760
 2766
 2770
 2770
 2772
 2776
 2776
 2772
 2764
 2762
 2776
 2790
 2794
 2780
 2752
 2710
 2654
 2586
 2510
 2430
 2354
 2278
 2204
 2126
 2054
 1988
 1926
 1854
 1798
 1750
 1702
 1644
 1586
 1540
 1502
 1472
 1452
 1446
 1458
 1486
 1520
 1560
 1608
 1664
 1718
 1764
 1818
 1884
 1956
 2022
 2076
 2124
 2180
 2236
 2288
 2332
 2372
 2416
 2460
 2498
 2528
 2558
 2582
 2606
 2628
 2662
 2698
 2728
 2752
 2766
 2772
 2780
 2794
 2808
 2816
 2818
 2818
 2820
 2828
 2826
 2810
 2780
 2736
 2686
 2630
 2576
 2524
 2468
 2412
 2346
 2274
 2204
 2148
 2096
 2040
 1970
 1898
 1832
 1774
 1712
 1644
 1580
 1520
 1468
 1420
 1384
 1380
 1394
 1412
 1432
 1460
 1500
 1550
 1608
 1660
 1710
 1770
 1832
 1892
 1944
 1996
 2052
 2106
 2154
 2194
 2246
 2302
 2366
 2422
 2466
 2498
 2528
 2564
 2602
 2634
 2658
 2676
 2698
 2728
 2750
 2762
 2770
 2778
 2788
 2792
 2804
 2824
 2848
 2866
 2876
 2876
 2876
 2882
 2886
 2870
 2838
 2790
 2738
 2686
 2630
 2560
 2490
 2418
 2348
 2274
 2208
 2144
 2088
 2034
 1976
 1912
 1848
 1788
 1736
 1680
 1618
 1548
 1482
 1428
 1380
 1336
 1298
 1280
 1284
 1296
 1318
 1346
 1390
 1438
 1484
 1538
 1588
 1646
 1716
 1778
 1830
 1880
 1934
 2002
 2068
 2128
 2176
 2222
 2274
 2340
 2406
 2462
 2504
 2548
 2586
 2614
 2640
 2666
 2694
 2718
 2734
 2744
 2754
 2768
 2782
 2788
 2782
 2776
 2784
 2808
 2830
 2850
 2850
 2834
 2808
 2770
 2724
 2664
 2602
 2534
 2466
 2394
 2318
 2248
 2184
 2126
 2060
 1990
 1922
 1870
 1828
 1778
 1716
 1650
 1590
 1542
 1498
 1458
 1426
 1400
 1394
 1402
 1418
 1450
 1488
 1528
 1574
 1626
 1678
 1732
 1798
 1870
 1944
 2018
 2080
 2128
 2172
 2226
 2280
 2330
 2372
 2406
 2446
 2490
 2528
 2562
 2586
 2604
 2624
 2642
 2668
 2700
 2728
 2752
 2770
 2778
 2782
 2792
 2808
 2818
 2826
 2826
 2824
 2820
 2816
 2796
 2760
 2710
 2652
 2594
 2528
 2464
 2408
 2342
 2274
 2212
 2148
 2088
 2022
 1954
 1886
 1828
 1762
 1692
 1620
 1542
 1474
 1422
 1374
 1332
 1304
 1288
 1300
 1334
 1372
 1410
 1452
 1506
 1570
 1630
 1688
 1746
 1808
 1874
 1936
 2002
 2062
 2118
 2176
 2228
 2270
 2312
 2358
 2422
 2484
 2532
 2570
 2606
 2642
 2676
 2704
 2730
 2754
 2772
 2794
 2812
 2828
 2840
 2850
 2854
 2856
 2854
 2862
 2886
 2914
 2928
 2926
 2902
 2864
 2818
 2772
 2716
 2652
 2580
 2500
 2424
 2356
 2290
 2212
 2130
 2054
 1984
 1930
 1872
 1808
 1738
 1670
 1612
 1550
 1496
 1456
 1422
 1404
 1400
 1418
 1452
 1488
 1534
 1586
 1650
 1708
 1776
 1856
 1936
 2004
 2064
 2126
 2186
 2244
 2306
 2366
 2420
 2472
 2520
 2564
 2604
 2638
 2662
 2680
 2698
 2720
 2752
 2788
 2814
 2830
 2844
 2854
 2866
 2880
 2892
 2900
 2904
 2908
 2910
 2908
 2906
 2900
 2882
 2852
 2818
 2780
 2748
 2706
 2652
 2588
 2516
 2446
 2374
 2306
 2244
 2176
 2106
 2034
 1966
 1902
 1842
 1778
 1718
 1656
 1592
 1538
 1490
 1464
 1458
 1458
 1470
 1496
 1534
 1578
 1626
 1684
 1744
 1802
 1864
 1924
 1984
 2048
 2112
 2170
 2222
 2266
 2312
 2352
 2408
 2476
 2534
 2576
 2612
 2646
 2674
 2702
 2726
 2750
 2770
 2792
 2806
 2818
 2830
 2842
 2856
 2864
 2868
 2864
 2864
 2874
 2900
 2924
 2932
 2914
 2882
 2838
 2786
 2730
 2666
 2600
 2532
 2454
 2370
 2290
 2218
 2148
 2082
 2022
 1960
 1898
 1842
 1790
 1744
 1698
 1650
 1594
 1542
 1500
 1474
 1464
 1470
 1492
 1524
 1568
 1630
 1698
 1774
 1858
 1938
 2006
 2068
 2124
 2188
 2276
 2360
 2430
 2482
 2528
 2572
 2624
 2664
 2694
 2720
 2748
 2772
 2792
 2810
 2834
 2860
 2878
 2888
 2894
 2894
 2908
 2942
 2960
 2968
 2976
 2976
 2978
 2986
 2996
 3006
 3008
 3006
 3000
 3000
 3002
 3004
 2996
 2972
 2924
 2858
 2802
 2766
 2740
 2726
 2720
 2724
 2732
 2750
 2768
 2782
 2794
 2804
 2812
 2820
 2834
 2838
 2834
 2830
 2830
 2850
 2880
 2908
 2930
 2950
 2966
 2980
 2990
 2998
 3004
 3008
 3006
 3004
 3000
 2988
 2968
 2936
 2898
 2860
 2806
 2744
 2668
 2590
 2512
 2434
 2360
 2282
 2200
 2110
 2022
 1934
 1840
 1740
 1642
 1556
 1478
 1406
 1338
 1284
 1248
 1230
 1236
 1258
 1290
 1334
 1388
 1452
 1532
 1612
 1694
 1774
 1866
 1966
 2060
 2140
 2212
 2276
 2334
 2392
 2452
 2508
 2564
 2608
 2646
 2684
 2714
 2744
 2768
 2808
 2852
 2888
 2906
 2918
 2928
 2938
 2952
 2964
 2974
 2978
 2982
 2980
 2976
 2974
 2974
 2970
 2966
 2956
 2946
 2946
 2966
 2988
 3002
 3002
 2996
 2988
 2976
 2952
 2916
 2862
 2798
 2726
 2650
 2576
 2500
 2424
 2346
 2274
 2202
 2130
 2060
 1988
 1926
 1868
 1810
 1748
 1686
 1626
 1568
 1508
 1452
 1408
 1380
 1370
 1376
 1392
 1418
 1452
 1496
 1546
 1600
 1666
 1734
 1818
 1908
 1992
 2066
 2138
 2206
 2272
 2334
 2394
 2456
 2510
 2556
 2596
 2634
 2666
 2696
 2724
 2742
 2756
 2764
 2772
 2794
 2830
 2858
 2878
 2888
 2894
 2900
 2908
 2912
 2912
 2906
 2904
 2898
 2896
 2894
 2892
 2894
 2890
 2884
 2872
 2866
 2870
 2892
 2910
 2914
 2898
 2870
 2832
 2790
 2742
 2690
 2636
 2574
 2508
 2442
 2376
 2312
 2252
 2196
 2142
 2082
 2024
 1966
 1914
 1866
 1814
 1758
 1698
 1636
 1580
 1526
 1480
 1446
 1428
 1424
 1432
 1452
 1482
 1524
 1574
 1628
 1682
 1740
 1800
 1874
 1950
 2026
 2096
 2162
 2226
 2282
 2336
 2388
 2440
 2488
 2532
 2568
 2602
 2632
 2660
 2686
 2704
 2716
 2726
 2742
 2772
 2804
 2828
 2840
 2848
 2854
 2860
 2866
 2876
 2880
 2880
 2880
 2880
 2880
 2878
 2876
 2868
 2848
 2816
 2772
 2734
 2702
 2662
 2612
 2554
 2492
 2430
 2372
 2316
 2260
 2202
 2136
 2068
 2000
 1934
 1872
 1814
 1752
 1686
 1630
 1574
 1528
 1494
 1470
 1458
 1458
 1470
 1488
 1512
 1540
 1572
 1604
 1638
 1680
 1726
 1774
 1824
 1874
 1918
 1962
 2006
 2058
 2116
 2172
 2222
 2264
 2306
 2348
 2388
 2432
 2474
 2508
 2542
 2570
 2602
 2630
 2656
 2678
 2694
 2706
 2716
 2740
 2774
 2806
 2828
 2840
 2850
 2858
 2870
 2882
 2892
 2896
 2898
 2896
 2892
 2892
 2892
 2890
 2882
 2870
 2862
 2866
 2882
 2896
 2892
 2874
 2844
 2806
 2768
 2728
 2680
 2628
 2568
 2504
 2442
 2384
 2326
 2270
 2210
 2148
 2088
 2030
 1980
 1928
 1872
 1812
 1750
 1694
 1636
 1588
 1542
 1502
 1476
 1464
 1470
 1490
 1522
 1560
 1602
 1648
 1696
 1758
 1834
 1910
 1982
 2046
 2108
 2164
 2218
 2274
 2330
 2380
 2426
 2470
 2514
 2554
 2590
 2618
 2638
 2658
 2676
 2706
 2744
 2774
 2794
 2806
 2818
 2828
 2840
 2854
 2864
 2870
 2872
 2876
 2882
 2888
 2894
 2896
 2890
 2878
 2872
 2878
 2896
 2912
 2918
 2918
 2916
 2918
 2920
 2918
 2916
 2908
 2892
 2870
 2840
 2804
 2766
 2722
 2674
 2618
 2554
 2494
 2434
 2384
 2336
 2282
 2226
 2166
 2106
 2048
 1994
 1938
 1880
 1820
 1756
 1698
 1640
 1592
 1556
 1534
 1526
 1528
 1542
 1562
 1598
 1642
 1684
 1728
 1778
 1832
 1888
 1942
 2002
 2062
 2122
 2176
 2230
 2282
 2332
 2380
 2422
 2456
 2488
 2518
 2562
 2608
 2650
 2678
 2700
 2722
 2742
 2762
 2782
 2802
 2816
 2830
 2842
 2852
 2868
 2878
 2888
 2894
 2890
 2882
 2880
 2886
 2886
 2872
 2840
 2802
 2758
 2714
 2668
 2618
 2562
 2504
 2444
 2384
 2324
 2268
 2212
 2154
 2090
 2026
 1962
 1906
 1852
 1794
 1738
 1682
 1632
 1594
 1566
 1558
 1556
 1566
 1582
 1610
 1644
 1686
 1736
 1790
 1840
 1898
 1952
 2018
 2090
 2156
 2214
 2266
 2316
 2362
 2408
 2456
 2504
 2548
 2584
 2618
 2652
 2682
 2710
 2736
 2754
 2768
 2778
 2796
 2830
 2864
 2888
 2904
 2916
 2924
 2934
 2942
 2948
 2948
 2948
 2948
 2948
 2948
 2946
 2946
 2948
 2942
 2930
 2914
 2894
 2882
 2864
 2832
 2790
 2742
 2694
 2642
 2590
 2540
 2484
 2426
 2366
 2304
 2246
 2190
 2138
 2084
 2026
 1968
 1914
 1858
 1814
 1768
 1726
 1686
 1662
 1652
 1652
 1664
 1682
 1704
 1730
 1762
 1800
 1846
 1892
 1948
 2000
 2048
 2098
 2148
 2212
 2276
 2336
 2386
 2430
 2476
 2518
 2562
 2602
 2638
 2672
 2700
 2724
 2744
 2766
 2784
 2802
 2814
 2820
 2824
 2830
 2854
 2882
 2906
 2916
 2918
 2918
 2918
 2926
 2932
 2934
 2930
 2928
 2926
 2926
 2924
 2922
 2922
 2920
 2912
 2902
 2900
 2910
 2930
 2946
 2948
 2940
 2936
 2934
 2936
 2940
 2940
 2934
 2930
 2922
 2916
 2904
 2888
 2866
 2836
