 2898
 2890
 2884
 2890
 2904
 2916
 2916
 2910
 2898
 2878
 2856
 2828
 2800
 2766
 2730
 2690
 2650
 2614
 2576
 2532
 2488
 2446
 2410
 2382
 2348
 2308
 2266
 2220
 2174
 2126
 2080
 2030
 1978
 1926
 1872
 1824
 1784
 1754
 1734
 1728
 1732
 1746
 1772
 1808
 1842
 1878
 1918
 1964
 2004
 2048
 2098
 2150
 2200
 2250
 2298
 2346
 2394
 2436
 2470
 2502
 2534
 2580
 2626
 2662
 2688
 2714
 2738
 2756
 2776
 2794
 2808
 2820
 2832
 2842
 2852
 2862
 2868
 2870
 2868
 2872
 2894
 2908
 2914
 2914
 2914
 2916
 2914
 2914
 2910
 2902
 2882
 2854
 2824
 2794
 2764
 2730
 2694
 2658
 2622
 2594
 2564
 2524
 2480
 2434
 2388
 2342
 2298
 2252
 2202
 2148
 2092
 2034
 1982
 1932
 1880
 1826
 1780
 1740
 1720
 1714
 1716
 1728
 1748
 1778
 1812
 1852
 1898
 1946
 1996
 2042
 2092
 2146
 2200
 2248
 2292
 2336
 2382
 2440
 2492
 2536
 2574
 2606
 2638
 2666
 2696
 2724
 2748
 2770
 2792
 2808
 2826
 2842
 2852
 2858
 2866
 2884
 2906
 2920
 2926
 2932
 2932
 2936
 2938
 2944
 2946
 2946
 2944
 2944
 2942
 2944
 2944
 2936
 2926
 2916
 2912
 2906
 2886
 2856
 2822
 2782
 2742
 2704
 2668
 2626
 2582
 2538
 2492
 2448
 2408
 2364
 2316
 2268
 2220
 2178
 2138
 2090
 2038
 1984
 1930
 1878
 1828
 1782
 1744
 1716
 1700
 1696
 1708
 1730
 1758
 1792
 1832
 1878
 1934
 1996
 2052
 2106
 2158
 2208
 2258
 2306
 2354
 2404
 2450
 2494
 2536
 2576
 2612
 2642
 2668
 2690
 2718
 2758
 2796
 2822
 2842
 2858
 2874
 2890
 2906
 2918
 2928
 2932
 2934
 2936
 2942
 2944
 2936
 2928
 2922
 2930
 2948
 2956
 2960
 2960
 2962
 2960
 2962
 2964
 2956
 2940
 2916
 2884
 2852
 2816
 2778
 2736
 2690
 2644
 2608
 2574
 2534
 2486
 2438
 2388
 2338
 2292
 2242
 2194
 2142
 2088
 2032
 1980
 1930
 1878
 1824
 1774
 1732
 1708
 1698
 1696
 1704
 1722
 1754
 1788
 1828
 1874
 1926
 1976
 2028
 2084
 2140
 2200
 2256
 2306
 2356
 2400
 2458
 2520
 2570
 2610
 2644
 2676
 2704
 2730
 2754
 2776
 2794
 2814
 2830
 2844
 2860
 2872
 2878
 2882
 2884
 2900
 2922
 2938
 2946
 2950
 2956
 2954
 2954
 2956
 2956
 2954
 2952
 2950
 2948
 2946
 2946
 2944
 2938
 2932
 2938
 2956
 2968
 2972
 2970
 2968
 2962
 2950
 2934
 2912
 2882
 2852
 2818
 2782
 2746
 2712
 2674
 2630
 2590
 2552
 2526
 2500
 2470
 2432
 2390
 2350
 2304
 2260
 2214
 2168
 2120
 2070
 2020
 1976
 1936
 1904
 1878
 1866
 1864
 1876
 1902
 1930
 1964
 2002
 2042
 2084
 2130
 2180
 2232
 2282
 2328
 2374
 2418
 2464
 2506
 2542
 2572
 2604
 2638
 2682
 2720
 2750
 2774
 2800
 2822
 2842
 2862
 2880
 2892
 2904
 2914
 2920
 2926
 2928
 2928
 2924
 2922
 2922
 2940
 2956
 2966
 2972
 2968
 2964
 2960
 2958
 2954
 2942
 2920
 2888
 2852
 2814
 2772
 2726
 2674
 2620
 2566
 2520
 2478
 2430
 2374
 2316
 2262
 2208
 2156
 2112
 2064
 2016
 1968
 1920
 1882
 1858
 1842
 1834
 1838
 1846
 1868
 1908
 1950
 1996
 2046
 2098
 2154
 2206
 2262
 2318
 2372
 2422
 2474
 2522
 2570
 2610
 2644
 2674
 2702
 2742
 2784
 2816
 2840
 2858
 2874
 2888
 2896
 2902
 2906
 2908
 2912
 2914
 2916
 2920
 2922
 2918
 2914
 2920
 2938
 2952
 2960
 2960
 2958
 2954
 2954
 2954
 2948
 2934
 2912
 2884
 2854
 2818
 2784
 2742
 2696
 2650
 2616
 2586
 2548
 2506
 2462
 2420
 2380
 2336
 2294
 2246
 2196
 2144
 2094
 2046
 2004
 1966
 1930
 1908
 1894
 1902
 1920
 1942
 1968
 1998
 2030
 2064
 2102
 2144
 2188
 2234
 2280
 2326
 2372
 2414
 2450
 2484
 2516
 2554
 2604
 2644
 2680
 2708
 2734
 2754
 2774
 2796
 2812
 2828
 2842
 2852
 2862
 2870
 2876
 2878
 2878
 2876
 2890
 2910
 2924
 2930
 2930
 2932
 2932
 2934
 2938
 2934
 2930
 2926
 2922
 2922
 2920
 2918
 2912
 2904
 2902
 2912
 2920
 2912
 2888
 2856
 2816
 2772
 2728
 2682
 2632
 2580
 2528
 2474
 2418
 2366
 2314
 2256
 2196
 2136
 2078
 2030
 1974
 1916
 1852
 1794
 1732
 1672
 1618
 1568
 1528
 1496
 1480
 1476
 1484
 1502
 1526
 1554
 1586
 1630
 1680
 1730
 1782
 1830
 1880
 1928
 1984
 2046
 2110
 2170
 2226
 2284
 2338
 2390
 2432
 2472
 2508
 2552
 2602
 2644
 2676
 2700
 2724
 2744
 2762
 2780
 2796
 2810
 2822
 2834
 2842
 2852
 2856
 2854
 2852
 2860
 2882
 2902
 2914
 2918
 2924
 2924
 2922
 2926
 2924
 2924
 2918
 2914
 2908
 2904
 2898
 2876
 2846
 2814
 2788
 2762
 2726
 2684
 2638
 2592
 2546
 2500
 2456
 2410
 2362
 2314
 2266
 2220
 2176
 2126
 2074
 2024
 1976
 1932
 1876
 1818
 1756
 1698
 1636
 1574
 1516
 1462
 1418
 1378
 1350
 1338
 1344
 1354
 1370
 1390
 1414
 1450
 1492
 1530
 1572
 1618
 1664
 1710
 1758
 1808
 1854
 1906
 1958
 2010
 2066
 2120
 2170
 2220
 2266
 2326
 2386
 2438
 2480
 2522
 2558
 2588
 2620
 2648
 2674
 2694
 2714
 2734
 2754
 2774
 2786
 2794
 2800
 2810
 2838
 2862
 2880
 2888
 2892
 2896
 2902
 2908
 2910
 2908
 2906
 2904
 2904
 2902
 2900
 2900
 2898
 2890
 2886
 2886
 2888
 2876
 2850
 2808
 2762
 2710
 2658
 2608
 2556
 2498
 2440
 2378
 2318
 2258
 2198
 2138
 2074
 2010
 1944
 1886
 1830
 1770
 1708
 1646
 1588
 1534
 1484
 1448
 1424
 1416
 1420
 1432
 1454
 1492
 1532
 1574
 1620
 1668
 1728
 1796
 1858
 1918
 1972
 2036
 2094
 2148
 2206
 2260
 2314
 2368
 2418
 2464
 2508
 2542
 2572
 2600
 2638
 2680
 2716
 2742
 2762
 2782
 2796
 2812
 2828
 2838
 2846
 2856
 2864
 2872
 2878
 2880
 2878
 2878
 2890
 2908
 2920
 2926
 2928
 2928
 2928
 2932
 2932
 2924
 2908
 2882
 2850
 2816
 2774
 2722
 2672
 2620
 2574
 2530
 2478
 2420
 2364
 2312
 2254
 2202
 2148
 2092
 2036
 1982
 1932
 1886
 1834
 1780
 1734
 1690
 1658
 1632
 1614
 1612
 1620
 1640
 1664
 1700
 1742
 1786
 1834
 1886
 1942
 2002
 2058
 2112
 2164
 2226
 2294
 2360
 2414
 2464
 2508
 2548
 2586
 2622
 2658
 2688
 2718
 2744
 2772
 2792
 2806
 2814
 2822
 2844
 2874
 2894
 2904
 2910
 2912
 2918
 2922
 2926
 2926
 2926
 2922
 2920
 2914
 2908
 2900
 2886
 2872
 2866
 2874
 2886
 2892
 2896
 2894
 2896
 2898
 2902
 2906
 2904
 2900
 2898
 2894
 2894
 2894
 2892
 2890
 2884
 2874
 2868
 2862
 2844
 2812
 2772
 2730
 2680
 2630
 2578
 2528
 2474
 2418
 2364
 2310
 2256
 2204
 2152
 2098
 2044
 1996
 1954
 1914
 1872
 1830
 1792
 1764
 1744
 1736
 1736
 1742
 1756
 1776
 1798
 1830
 1870
 1916
 1962
 2012
 2062
 2124
 2190
 2246
 2298
 2344
 2390
 2434
 2476
 2518
 2554
 2588
 2620
 2652
 2682
 2710
 2730
 2746
 2758
 2774
 2804
 2830
 2852
 2866
 2876
 2886
 2894
 2900
 2902
 2904
 2906
 2906
 2906
 2904
 2904
 2902
 2896
 2890
 2894
 2908
 2922
 2930
 2928
 2918
 2900
 2874
 2846
 2812
 2768
 2718
 2668
 2614
 2566
 2520
 2470
 2416
 2364
 2310
 2266
 2220
 2166
 2108
 2050
 1992
 1934
 1878
 1824
 1770
 1720
 1674
 1640
 1624
 1622
 1628
 1638
 1658
 1678
 1714
 1756
 1794
 1838
 1882
 1934
 1984
 2034
 2086
 2142
 2196
 2252
 2306
 2356
 2402
 2446
 2484
 2516
 2552
 2596
 2638
 2672
 2700
 2724
 2744
 2766
 2784
 2804
 2818
 2832
 2846
 2858
 2870
 2880
 2886
 2882
 2876
 2876
 2892
 2910
 2920
 2922
 2926
 2926
 2928
 2930
 2928
 2926
 2924
 2922
 2920
 2918
 2918
 2914
 2898
 2868
 2834
 2808
 2782
 2746
 2702
 2650
 2600
 2546
 2494
 2442
 2388
 2332
 2274
 2216
 2158
 2102
 2048
 1988
 1930
 1876
 1820
 1768
 1716
 1662
 1612
 1572
 1538
 1510
 1498
 1494
 1496
 1508
 1522
 1546
 1578
 1618
 1656
 1700
 1746
 1802
 1864
 1920
 1972
 2026
 2082
 2138
 2194
 2250
 2306
 2364
 2416
 2466
 2512
 2554
 2586
 2618
 2648
 2688
 2730
 2760
 2782
 2804
 2820
 2834
 2852
 2868
 2880
 2888
 2896
 2900
 2900
 2896
 2892
 2888
 2892
 2908
 2922
 2930
 2930
 2930
 2922
 2904
 2878
 2848
 2806
 2758
 2706
 2650
 2596
 2540
 2484
 2428
 2372
 2326
 2280
 2230
 2176
 2122
 2066
 2008
 1952
 1894
 1836
 1782
 1734
 1696
 1670
 1652
 1648
 1654
 1670
 1698
 1730
 1764
 1804
 1846
 1890
 1938
 1988
 2044
 2102
 2158
 2214
 2272
 2328
 2378
 2424
 2470
 2524
 2578
 2624
 2660
 2694
 2722
 2748
 2774
 2798
 2816
 2832
 2850
 2864
 2878
 2888
 2892
 2892
 2896
 2912
 2932
 2942
 2944
 2944
 2942
 2944
 2944
 2938
 2922
 2896
 2862
 2822
 2778
 2734
 2682
 2626
 2570
 2520
 2480
 2434
 2382
 2326
 2272
 2220
 2166
 2114
 2064
 2010
 1952
 1894
 1838
 1782
 1724
 1670
 1626
 1596
 1588
 1590
 1600
 1618
 1642
 1672
 1704
 1744
 1788
 1832
 1876
 1920
 1966
 2018
 2066
 2114
 2164
 2216
 2278
 2342
 2396
 2446
 2496
 2540
 2580
 2618
 2654
 2684
 2714
 2742
 2764
 2788
 2808
 2820
 2830
 2842
 2870
 2898
 2918
 2930
 2940
 2942
 2940
 2938
 2924
 2902
 2868
 2826
 2780
 2738
 2690
 2638
 2588
 2538
 2494
 2452
 2398
 2342
 2286
 2232
 2176
 2124
 2068
 2010
 1954
 1898
 1846
 1800
 1762
 1734
 1722
 1720
 1738
 1764
 1794
 1830
 1872
 1918
 1966
 2020
 2074
 2128
 2184
 2238
 2290
 2344
 2392
 2436
 2478
 2524
 2576
 2626
 2666
 2700
 2730
 2754
 2778
 2804
 2822
 2838
 2854
 2868
 2882
 2892
 2898
 2902
 2900
 2910
 2928
 2942
 2950
 2952
 2954
 2954
 2960
 2964
 2966
 2962
 2960
 2952
 2938
 2910
 2872
 2824
 2778
 2736
 2704
 2668
 2622
 2576
 2528
 2484
 2438
 2394
 2350
 2304
 2258
 2208
 2162
 2124
 2084
 2042
 2004
 1972
 1958
 1960
 1970
 1992
 2022
 2058
 2098
 2144
 2192
 2242
 2294
 2350
 2410
 2476
 2538
 2596
 2654
 2712
 2780
 2856
 2922
 2976
 3026
 3072
 3116
 3174
 3236
 3292
 3342
 3398
 3468
 3528
 3572
 3596
 3610
 3610
 3604
 3604
 3590
 3558
 3512
 3462
 3416
 3368
 3318
 3262
 3210
 3154
 3096
 3038
 2990
 2942
 2890
 2842
 2798
 2762
 2732
 2698
 2662
 2634
 2624
 2632
 2656
 2694
 2744
 2796
 2844
 2896
 2948
 3004
 3052
 3088
 3118
 3148
 3194
 3266
 3370
 3470
 3566
 3652
 3714
 3762
 3794
 3810
 3818
 3820
 3824
 3832
 3840
 3848
 3854
 3864
 3874
 3868
 3856
 3842
 3826
 3804
 3788
 3776
 3764
 3746
 3718
 3682
 3640
 3592
 3532
 3460
 3386
 3320
 3266
 3210
 3154
 3094
 3036
 2988
 2940
 2892
 2846
 2798
 2750
 2704
 2662
 2628
 2598
 2570
 2552
 2544
 2550
 2564
 2584
 2606
 2634
 2666
 2698
 2732
 2768
 2806
 2844
 2882
 2916
 2954
 2982
 3004
 3026
 3050
 3084
 3124
 3158
 3186
 3210
 3230
 3246
 3260
 3276
 3290
 3302
 3312
 3318
 3326
 3334
 3334
 3334
 3334
 3342
 3356
 3366
 3366
 3364
 3362
 3358
 3358
 3360
 3356
 3350
 3342
 3326
 3302
 3276
 3242
 3202
 3164
 3128
 3096
 3062
 3020
 2974
 2930
 2888
 2846
 2810
 2770
 2730
 2688
 2646
 2602
 2556
 2516
 2476
 2434
 2404
 2388
 2388
 2396
 2406
 2428
 2458
 2490
 2526
 2566
 2608
 2652
 2694
 2740
 2788
 2832
 2872
 2904
 2934
 2970
 3014
 3050
 3078
 3100
 3122
 3138
 3156
 3168
 3178
 3184
 3192
 3200
 3206
 3210
 3216
 3220
 3230
 3258
 3294
 3324
 3340
 3348
 3340
 3326
 3318
 3308
 3286
 3252
 3214
 3176
 3136
 3094
 3046
 3000
 2956
 2918
 2876
 2826
 2772
 2718
 2668
 2616
 2568
 2524
 2476
 2428
 2384
 2342
 2304
 2266
 2236
 2214
 2208
 2212
 2222
 2242
 2270
 2300
 2334
 2370
 2412
 2454
 2496
 2540
 2586
 2628
 2666
 2706
 2748
 2800
 2846
 2884
 2916
 2940
 2962
 2984
 3008
 3030
 3048
 3064
 3080
 3094
 3102
 3102
 3102
 3108
 3126
 3140
 3150
 3152
 3156
 3152
 3146
 3132
 3108
 3076
 3036
 2994
 2948
 2904
 2858
 2808
 2760
 2718
 2682
 2642
 2598
 2554
 2512
 2470
 2430
 2392
 2354
 2316
 2276
 2242
 2218
 2206
 2200
 2200
 2210
 2228
 2258
 2292
 2330
 2368
 2410
 2450
 2490
 2534
 2580
 2624
 2664
 2702
 2740
 2776
 2812
 2840
 2868
 2892
 2926
 2962
 2988
 3002
 3014
 3028
 3038
 3050
 3060
 3068
 3074
 3078
 3082
 3082
 3086
 3088
 3086
 3080
 3076
 3078
 3092
 3108
 3112
 3112
 3114
 3112
 3114
 3108
 3092
 3064
 3030
 2992
 2948
 2898
 2852
 2808
 2762
 2718
 2678
 2642
 2612
 2574
 2534
 2492
 2448
 2402
 2358
 2314
 2268
 2222
 2174
 2124
 2080
 2040
 2010
 1986
 1968
 1962
 1962
 1974
 1992
 2012
 2038
 2066
 2102
 2138
 2178
 2222
 2270
 2316
 2368
 2420
 2470
 2518
 2560
 2598
 2638
 2682
 2734
 2784
 2822
 2858
 2890
 2918
 2944
 2968
 2990
 3002
 3012
 3022
 3032
 3040
 3044
 3044
 3042
 3042
 3052
 3064
 3070
 3074
 3074
 3074
 3074
 3076
 3078
 3080
 3080
 3078
 3076
 3076
 3076
 3074
 3062
 3046
 3030
 3016
 2994
 2960
 2920
 2878
 2834
 2794
 2750
 2708
 2662
 2616
 2568
 2522
 2478
 2430
 2378
 2330
 2278
 2236
 2192
 2144
 2098
 2052
 2016
 1992
 1984
 1990
 2006
 2034
 2066
 2106
 2150
 2194
 2238
 2282
 2324
 2376
 2426
 2450
 2452
 2444
 2432
 2418
 2410
 2408
 2410
 2414
 2418
 2424
 2432
 2440
 2444
 2448
 2452
 2466
 2476
 2482
 2494
 2508
 2524
 2540
 2562
 2588
 2614
 2642
 2672
 2704
 2730
 2752
 2774
 2792
 2824
 2856
 2878
 2896
 2908
 2922
 2928
 2936
 2944
 2948
 2954
 2956
 2956
 2954
 2950
 2946
 2948
 2960
 2970
 2972
 2976
 2974
 2972
 2972
 2972
 2974
 2968
 2958
 2946
 2926
 2900
 2864
 2822
 2780
 2744
 2714
 2678
 2638
 2594
 2548
 2502
 2460
 2414
 2368
 2316
 2260
 2204
 2146
 2090
 2036
 1982
 1930
 1876
 1824
 1772
 1728
 1690
 1652
 1614
 1582
 1554
 1534
 1522
 1516
 1518
 1524
 1538
 1558
 1584
 1614
 1650
 1690
 1732
 1774
 1818
 1874
 1934
 1992
 2044
 2098
 2150
 2202
 2252
 2302
 2354
 2400
 2442
 2484
 2526
 2562
 2600
 2632
 2656
 2678
 2698
 2732
 2766
 2790
 2808
 2822
 2834
 2844
 2856
 2868
 2876
 2884
 2888
 2886
 2888
 2892
 2892
 2890
 2884
 2876
 2872
 2882
 2898
 2908
 2912
 2914
 2914
 2914
 2916
 2920
 2922
 2920
 2916
 2910
 2904
 2896
 2882
 2858
 2824
 2786
 2750
 2722
 2688
 2648
 2600
 2550
 2500
 2448
 2398
 2348
 2298
 2246
 2192
 2140
 2088
 2040
 1990
 1940
 1888
 1840
 1792
 1746
 1698
 1656
 1612
 1570
 1532
 1504
 1488
 1482
 1482
 1488
 1502
 1522
 1544
 1568
 1594
 1624
 1654
 1694
 1736
 1774
 1818
 1858
 1900
 1938
 1978
 2020
 2064
 2108
 2152
 2198
 2248
 2294
 2334
 2372
 2408
 2454
 2502
 2540
 2572
 2602
 2630
 2654
 2678
 2702
 2720
 2738
 2754
 2768
 2784
 2798
 2806
 2812
 2818
 2834
 2858
 2878
 2892
 2900
 2906
 2910
 2912
 2910
 2908
 2906
 2906
 2906
 2904
 2906
 2906
 2902
 2896
 2888
 2888
 2888
 2876
 2850
 2816
 2782
 2740
 2696
 2656
 2614
 2568
 2518
 2468
 2422
 2374
 2330
 2280
 2228
 2176
 2126
 2082
 2038
 1990
 1940
 1892
 1844
 1802
 1764
 1738
 1722
 1716
 1720
 1730
 1752
 1778
 1810
 1842
 1876
 1910
 1952
 1998
 2042
 2082
 2124
 2170
 2212
 2254
 2300
 2346
 2392
 2434
 2476
 2514
 2552
 2588
 2618
 2640
 2664
 2688
 2726
 2760
 2786
 2806
 2822
 2836
 2848
 2862
 2876
 2884
 2888
 2896
 2900
 2902
 2902
 2894
 2876
 2846
 2812
 2776
 2750
 2720
 2682
 2638
 2594
 2552
 2510
 2470
 2430
 2392
 2348
 2302
 2256
 2210
 2166
 2124
 2084
 2040
 1996
 1954
 1912
 1880
 1852
 1830
 1822
 1822
 1834
 1852
 1878
 1912
 1950
 1986
 2026
 2072
 2118
 2166
 2212
 2254
 2292
 2330
 2370
 2410
 2462
 2510
 2550
 2586
 2618
 2650
 2676
 2704
 2732
 2754
 2774
 2794
 2812
 2828
 2842
 2856
 2866
 2872
 2872
 2872
 2876
 2890
 2910
 2918
 2922
 2924
 2924
 2926
 2924
 2922
 2910
 2888
 2854
 2814
 2772
 2732
 2686
 2648
 2606
 2560
 2518
 2478
 2444
 2412
 2374
 2332
 2286
 2240
 2196
 2152
 2108
 2064
 2018
 1972
 1932
 1900
 1878
 1866
 1862
 1864
 1874
 1888
 1912
 1948
 1984
 2020
 2060
 2102
 2146
 2190
 2234
 2280
 2326
 2370
 2412
 2454
 2492
 2530
 2564
 2596
 2622
 2650
 2682
 2722
 2756
 2786
 2806
 2828
 2846
 2862
 2882
 2896
 2904
 2908
 2912
 2916
 2922
 2926
 2926
 2926
 2922
 2924
 2936
 2950
 2956
 2958
 2958
 2954
 2950
 2950
 2950
 2948
 2944
 2942
 2940
 2938
 2938
 2938
 2932
 2924
 2922
 2928
 2936
 2932
 2914
 2890
 2860
 2826
 2792
 2758
 2722
 2684
 2642
 2602
 2562
 2526
 2496
 2466
 2430
 2392
 2354
 2308
 2244
 2178
 2118
 2068
 2018
 1972
 1930
 1896
 1870
 1856
 1850
 1856
 1872
 1896
 1924
 1954
 1992
 2032
 2078
 2132
 2186
 2236
 2284
 2328
 2372
 2416
 2462
 2506
 2548
 2586
 2622
 2654
 2686
 2714
 2734
 2752
 2768
 2792
 2826
 2858
 2882
 2900
 2912
 2922
 2934
 2940
 2944
 2946
 2948
 2950
 2954
 2958
 2960
 2962
 2958
 2948
 2934
 2922
 2912
 2892
 2860
 2822
 2784
 2744
 2702
 2666
 2626
 2586
 2542
 2498
 2456
 2416
 2376
 2334
 2292
 2244
 2198
 2156
 2122
 2082
 2040
 2004
 1976
 1958
 1954
 1962
 1972
 1988
 2008
 2030
 2058
 2092
 2134
 2178
 2222
 2264
 2306
 2358
 2414
 2462
 2504
 2542
 2576
 2608
 2642
 2674
 2706
 2734
 2758
 2780
 2804
 2824
 2844
 2862
 2872
 2878
 2884
 2892
 2916
 2942
 2956
 2962
 2966
 2970
 2972
 2978
 2980
 2982
 2982
 2980
 2978
 2974
 2970
 2966
 2958
 2940
 2912
 2882
 2858
 2836
 2804
 2764
 2718
 2672
 2626
 2576
 2530
 2484
 2438
 2396
 2350
 2306
 2264
 2224
 2184
 2146
 2104
 2062
 2024
 1992
 1972
 1956
 1948
 1950
 1960
 1978
 2002
 2034
 2068
 2104
 2144
 2186
 2230
 2276
 2322
 2372
 2414
 2456
 2494
 2538
 2590
 2638
 2674
 2706
 2734
 2760
 2782
 2806
 2826
 2844
 2862
 2878
 2892
 2910
 2928
 2936
 2936
 2934
 2938
 2952
 2972
 2986
 2992
 2998
 3000
 2998
 2994
 2986
 2972
 2948
 2916
 2880
 2842
 2802
 2760
 2714
 2664
 2612
 2564
 2524
 2486
 2444
 2394
 2342
 2294
 2246
 2198
 2152
 2106
 2060
 2014
 1972
 1942
 1922
 1916
 1916
 1928
 1946
 1972
 2010
 2052
 2090
 2130
 2170
 2212
 2252
 2296
 2344
 2390
 2434
 2474
 2514
 2554
 2594
 2628
 2656
 2684
 2708
 2740
 2780
 2816
 2842
 2862
 2882
 2896
 2908
 2918
 2926
 2932
 2938
 2942
 2946
 2952
 2956
 2960
 2956
 2948
 2944
 2948
 2964
 2974
 2972
 2960
 2944
 2920
 2892
 2862
 2828
 2792
 2752
 2712
 2672
 2632
 2598
 2570
 2546
 2516
 2476
 2424
 2372
 2318
 2268
 2216
 2162
 2112
 2068
 2028
 1998
 1976
 1964
 1962
 1966
 1980
 2002
 2032
 2066
 2102
 2138
 2178
 2224
 2280
 2338
 2390
 2436
 2478
 2520
 2558
 2596
 2632
 2666
 2696
 2726
 2752
 2772
 2792
 2810
 2822
 2830
 2838
 2848
 2872
 2900
 2918
 2926
 2934
 2938
 2936
 2942
 2948
 2950
 2948
 2944
 2942
 2942
 2942
 2942
 2940
 2934
 2928
 2924
 2934
 2948
 2958
 2962
 2960
 2960
 2958
 2958
 2962
 2962
 2956
 2944
 2926
 2902
 2876
 2844
 2806
 2760
 2714
 2666
 2628
 2590
 2548
 2498
 2446
 2394
 2344
 2292
 2240
 2186
 2130
 2070
 2012
 1952
 1892
 1840
 1782
 1722
 1668
 1616
 1570
 1530
 1490
 1452
 1426
 1412
 1408
 1410
 1418
 1428
 1444
 1466
 1490
 1520
 1552
 1588
 1628
 1670
 1710
 1760
 1818
 1874
 1928
 1980
 2030
 2082
 2134
 2184
 2236
 2288
 2338
 2388
 2436
 2480
 2522
 2556
 2582
 2608
 2636
 2676
 2716
 2748
 2768
 2788
 2804
 2820
 2838
 2850
 2862
 2870
 2876
 2880
 2886
 2890
 2894
 2890
 2882
 2878
 2880
 2896
 2908
 2912
 2914
 2914
 2914
 2910
 2910
 2910
 2906
 2902
 2900
 2898
 2898
 2898
 2898
 2894
 2888
 2882
 2884
 2894
 2896
 2882
 2858
 2828
 2796
 2766
 2736
 2704
 2668
 2628
 2586
 2546
 2504
 2464
 2426
 2388
 2346
 2304
 2264
 2226
 2188
 2144
 2096
 2042
 1992
 1940
 1892
 1846
 1798
 1748
 1698
 1648
 1598
 1550
 1508
 1472
 1440
 1414
 1392
 1380
 1376
 1374
 1370
 1368
 1372
 1372
 1374
 1378
 1378
 1376
 1380
 1386
 1392
 1400
 1408
 1420
 1428
 1440
 1450
 1464
 1480
 1498
 1514
 1530
 1548
 1572
 1596
 1618
 1644
 1668
 1696
 1728
 1758
 1790
 1826
 1868
 1910
 1950
 1988
 2026
 2072
 2122
 2170
 2210
 2248
 2286
 2326
 2362
 2398
 2434
 2468
 2500
 2532
 2562
 2590
 2618
 2644
 2670
 2694
 2712
 2724
 2738
 2758
 2790
 2820
 2844
 2860
 2870
 2882
 2890
 2898
 2900
 2900
 2902
 2902
 2902
 2902
 2902
 2902
 2904
 2904
 2902
 2898
 2894
 2894
 2902
 2916
 2924
 2928
 2928
 2928
 2928
 2932
 2936
 2940
 2938
 2936
 2936
 2936
 2936
 2932
 2930
 2926
 2922
 2914
 2902
 2886
 2874
 2864
 2840
 2808
 2772
 2736
 2698
 2660
 2624
 2586
 2548
 2506
 2464
 2424
 2384
 2342
 2304
 2262
 2216
 2174
 2130
 2092
 2056
 2014
 1970
 1926
 1886
 1850
 1816
 1780
 1740
 1698
 1658
 1624
 1598
 1580
 1562
 1548
 1540
 1538
 1538
 1544
 1554
 1566
 1582
 1596
 1610
 1630
 1652
 1676
 1702
 1726
 1750
 1778
 1806
 1838
 1870
 1900
 1930
 1960
 1990
 2026
 2062
 2094
 2122
 2152
 2180
 2206
 2236
 2268
 2300
 2330
 2360
 2392
 2426
 2460
 2490
 2518
 2546
 2578
 2622
 2656
 2686
 2712
 2734
 2754
 2772
 2792
 2810
 2828
 2842
 2858
 2872
 2884
 2896
 2906
 2908
 2910
 2910
 2918
 2934
 2944
 2948
 2942
 2928
 2906
 2882
 2856
 2826
 2790
 2750
 2708
 2666
 2626
 2586
 2544
 2498
 2448
 2400
 2354
 2310
 2274
 2234
 2188
 2142
 2098
 2054
 2012
 1976
 1936
 1902
 1872
 1850
 1844
 1844
 1852
 1870
 1892
 1914
 1944
 1976
 2010
 2052
 2096
 2132
 2164
 2202
 2238
 2274
 2314
 2354
 2390
 2426
 2458
 2490
 2524
 2552
 2580
 2608
 2634
 2654
 2670
 2688
 2716
 2752
 2782
 2804
 2820
 2836
 2850
 2864
 2878
 2890
 2896
 2900
 2904
 2910
 2914
 2914
 2916
 2916
 2912
 2900
 2878
 2854
 2836
 2816
 2790
 2756
 2716
 2676
 2638
 2602
 2566
 2530
 2490
 2448
 2410
 2368
 2326
 2288
 2246
 2204
 2164
 2122
 2084
 2048
 2016
 1998
 1988
 1982
 1984
 1994
 2012
 2034
 2060
 2088
 2120
 2156
 2190
 2228
 2268
 2310
 2352
 2392
 2434
 2468
 2500
 2530
 2560
 2602
 2646
 2684
 2716
 2744
 2770
 2796
 2818
 2840
 2860
 2876
 2890
 2904
 2918
 2934
 2954
 2974
 3000
 3028
 3052
 3072
 3082
 3094
 3094
 3072
 3038
 2998
 2956
 2910
 2864
 2820
 2776
 2730
 2686
 2640
 2598
 2558
 2518
 2478
 2442
 2404
 2362
 2324
 2288
 2254
 2224
 2190
 2158
 2134
 2122
 2118
 2124
 2138
 2158
 2184
 2212
 2244
 2280
 2316
 2354
 2394
 2430
 2464
 2498
 2532
 2570
 2614
 2652
 2684
 2714
 2742
 2768
 2794
 2820
 2844
 2868
 2888
 2908
 2922
 2934
 2946
 2958
 2972
 2978
 2982
 2984
 2996
 3014
 3028
 3032
 3034
 3036
 3036
 3038
 3040
 3040
 3040
 3038
 3036
 3036
 3034
 3036
 3036
 3034
 3022
 3016
 3010
 3018
 3026
 3026
 3012
 2992
 2962
 2930
 2896
 2862
 2824
 2780
 2732
 2682
 2634
 2582
 2540
 2502
 2466
 2424
 2388
 2348
 2314
 2280
 2238
 2194
 2152
 2118
 2086
 2066
 2054
 2050
 2052
 2058
 2070
 2086
 2110
 2138
 2166
 2196
 2228
 2264
 2310
 2356
 2398
 2438
 2474
 2512
 2548
 2584
 2624
 2660
 2694
 2726
 2754
 2782
 2810
 2832
 2848
 2860
 2872
 2890
 2918
 2940
 2956
 2968
 2976
 2984
 2992
 3000
 3010
 3016
 3018
 3016
 3018
 3020
 3024
 3028
 3026
 3024
 3020
 3020
 3024
 3026
 3016
 2996
 2970
 2940
 2910
 2886
 2858
 2822
 2778
 2724
 2660
 2604
 2554
 2506
 2462
 2420
 2376
 2332
 2292
 2252
 2220
 2180
 2140
 2100
 2064
 2032
 2004
 1986
 1980
 1984
 1994
 2012
 2034
 2066
 2102
 2142
 2184
 2222
 2264
 2308
 2360
 2412
 2460
 2500
 2540
 2574
 2608
 2640
 2674
 2706
 2734
 2762
 2786
 2812
 2834
 2856
 2876
 2892
 2896
 2898
 2910
 2932
 2952
 2964
 2970
 2976
 2980
 2986
 2994
 2996
 2996
 2996
 2992
 2980
 2962
 2942
 2920
 2890
 2850
 2810
 2772
 2740
 2704
 2664
 2622
 2578
 2534
 2492
 2452
 2412
 2372
 2328
 2284
 2240
 2196
 2158
 2124
 2090
 2058
 2034
 2020
 2024
 2036
 2052
 2076
 2104
 2140
 2180
 2224
 2274
 2328
 2380
 2430
 2478
 2526
 2572
 2612
 2646
 2668
 2686
 2698
 2710
 2730
 2748
 2760
 2768
 2768
 2770
 2778
 2786
 2794
 2800
 2790
 2764
 2736
 2714
 2698
 2682
 2652
 2640
 2664
 2706
 2782
 2886
 2982
 3066
 3124
 3160
 3174
 3180
 3196
 3238
 3276
 3310
 3340
 3350
 3334
 3298
 3252
 3200
 3148
 3100
 3064
 3028
 2974
 2914
 2850
 2798
 2748
 2702
 2658
 2614
 2564
 2512
 2454
 2400
 2352
 2306
 2260
 2214
 2170
 2132
 2102
 2090
 2086
 2090
 2102
 2122
 2150
 2186
 2224
 2264
 2304
 2344
 2380
 2416
 2450
 2484
 2518
 2548
 2572
 2596
 2618
 2654
 2692
 2722
 2748
 2768
 2790
 2808
 2826
 2842
 2860
 2874
 2888
 2902
 2912
 2924
 2930
 2930
 2928
 2926
 2926
 2940
 2962
 2976
 2986
 2988
 2986
 2978
 2966
 2946
 2918
 2884
 2842
 2796
 2750
 2704
 2662
 2616
 2562
 2512
 2464
 2422
 2382
 2334
 2284
 2230
 2178
 2126
 2074
 2024
 1974
 1922
 1876
 1840
 1814
 1804
 1808
 1818
 1836
 1864
 1900
 1952
 2010
 2066
 2122
 2178
 2236
 2294
 2346
 2400
 2452
 2502
 2546
 2590
 2628
 2664
 2700
 2728
 2748
 2766
 2790
 2826
 2860
 2884
 2900
 2914
 2920
 2924
 2932
 2938
 2942
 2946
 2948
 2948
 2952
 2954
 2954
 2950
 2944
 2940
 2948
 2962
 2968
 2966
 2960
 2944
 2922
 2894
 2864
 2830
 2794
 2752
 2708
 2662
 2618
 2578
 2534
 2484
 2440
 2394
 2356
 2316
 2270
 2220
 2170
 2122
 2074
 2030
 1986
 1942
 1908
 1880
 1868
 1866
 1880
 1900
 1924
 1956
 1992
 2036
 2092
 2150
 2204
 2252
 2302
 2350
 2400
 2450
 2500
 2544
 2584
 2624
 2660
 2694
 2724
 2748
 2766
 2786
 2810
 2846
 2876
 2892
 2898
 2904
 2912
 2920
 2928
 2934
 2936
 2936
 2932
 2922
 2906
 2884
 2850
 2808
 2762
 2720
 2682
 2642
 2594
 2544
 2496
 2446
 2400
 2356
 2308
 2260
 2206
 2150
 2098
 2048
 1998
 1952
 1904
 1862
 1830
 1818
 1816
 1822
 1838
 1860
 1890
 1922
 1962
 2010
 2056
 2104
 2156
 2206
 2258
 2314
 2366
 2410
 2454
 2494
 2542
 2594
 2638
 2668
 2698
 2726
 2750
 2772
 2792
 2812
 2826
 2838
 2852
 2862
 2874
 2880
 2884
 2884
 2882
 2878
 2888
 2904
 2918
 2924
 2924
 2922
 2918
 2916
 2914
 2902
 2880
 2854
 2822
 2790
 2756
 2722
 2686
 2644
 2598
 2552
 2512
 2478
 2436
 2390
 2338
 2288
 2236
 2186
 2140
 2094
 2044
 1998
 1960
 1934
 1922
 1924
 1938
 1956
 1980
 2008
 2044
 2092
 2140
 2184
 2228
 2274
 2318
 2362
 2408
 2456
 2500
 2542
 2578
 2614
 2648
 2680
 2708
 2728
 2744
 2764
 2798
 2830
 2854
 2872
 2884
 2890
 2892
 2898
 2906
 2910
 2912
 2912
 2912
 2914
 2918
 2916
 2910
 2902
 2890
 2884
 2874
 2852
 2818
 2780
 2738
 2696
 2652
 2608
 2564
 2518
 2468
 2418
 2370
 2326
 2278
 2226
 2168
 2110
 2056
 2008
 1958
 1906
 1858
 1816
 1786
 1768
 1762
 1764
 1776
 1792
 1820
 1854
 1894
 1940
 1986
 2032
 2084
 2140
 2210
 2284
 2356
 2422
 2482
 2530
 2562
 2592
 2624
 2658
 2690
 2714
 2740
 2766
 2790
 2808
 2818
 2830
 2844
 2874
 2902
 2920
 2930
 2934
 2938
 2942
 2950
 2954
 2956
 2956
 2954
 2956
 2954
 2952
 2944
 2926
 2896
 2860
 2822
 2798
 2764
 2722
 2672
 2624
 2578
 2532
 2492
 2450
 2404
 2358
 2310
 2262
 2214
 2172
 2128
 2084
 2040
 1998
 1968
 1952
 1938
 1936
 1938
 1950
 1970
 1996
 2028
 2066
 2104
 2140
 2178
 2216
 2262
 2310
 2352
 2388
 2430
 2470
 2518
 2572
 2616
 2652
 2684
 2716
 2740
 2768
 2794
 2816
 2836
 2852
 2866
 2880
 2890
 2896
 2904
 2904
 2904
 2900
 2912
 2934
 2948
 2958
 2962
 2966
 2970
 2978
 2988
 2992
 2994
 2994
 2992
 2992
 2990
 2984
 2980
 2972
 2962
 2956
 2966
 2980
 2988
 2990
 2986
 2982
 2980
 2976
 2968
 2950
 2922
 2890
 2852
 2810
 2764
 2718
 2668
 2610
 2558
 2510
 2470
 2430
 2384
 2334
 2286
 2238
 2188
 2140
 2092
 2044
 1990
 1940
 1892
 1852
 1824
 1802
 1788
 1784
 1790
 1810
 1842
 1872
 1908
 1940
 1978
 2016
 2054
 2096
 2140
 2184
 2228
 2270
 2310
 2352
 2394
 2428
 2458
 2488
 2518
 2562
 2606
 2640
 2666
 2690
 2712
 2730
 2750
 2770
 2786
 2802
 2816
 2828
 2840
 2852
 2860
 2864
 2864
 2866
 2878
 2900
 2918
 2926
 2934
 2940
 2942
 2944
 2950
 2956
 2956
 2954
 2950
 2948
 2948
 2950
 2946
 2938
 2930
 2924
 2928
 2942
 2954
 2960
 2960
 2960
 2958
 2956
 2954
 2944
 2926
 2898
 2864
 2828
 2792
 2756
 2716
 2672
 2622
 2572
 2522
 2482
 2446
 2402
 2354
 2302
 2252
 2202
 2148
 2098
 2046
 1992
 1938
 1888
 1846
 1812
 1792
 1782
 1778
 1786
 1800
 1826
 1856
 1890
 1922
 1956
 1994
 2032
 2072
 2116
 2158
 2204
 2248
 2292
 2338
 2382
 2428
 2478
 2524
 2568
 2604
 2646
 2688
 2720
 2746
 2768
 2788
 2804
 2820
 2836
 2850
 2862
 2874
 2884
 2894
 2902
 2906
 2908
 2906
 2904
 2902
 2912
 2930
 2942
 2948
 2952
 2952
 2952
 2956
 2960
 2960
 2956
 2950
 2938
 2920
 2896
 2864
 2828
 2790
 2746
 2702
 2662
 2632
 2596
 2550
 2498
 2446
 2394
 2338
 2284
 2228
 2168
 2110
 2054
 2000
 1946
 1898
 1854
 1812
 1770
 1732
 1708
 1694
 1698
 1708
 1722
 1746
 1778
 1816
 1856
 1902
 1952
 2000
 2046
 2090
 2136
 2186
 2232
 2278
 2318
 2352
 2390
 2426
 2470
 2518
 2556
 2588
 2616
 2644
 2666
 2690
 2714
 2738
 2756
 2772
 2788
 2802
 2816
 2830
 2840
 2846
 2848
 2850
 2864
 2890
 2912
 2918
 2918
 2918
 2920
 2922
 2922
 2920
 2910
 2892
 2868
 2836
 2800
 2768
 2732
 2694
 2652
 2606
 2564
 2528
 2496
 2460
 2418
 2372
 2324
 2276
 2228
 2182
 2136
 2086
 2032
 1978
 1932
 1890
 1858
 1838
 1832
 1834
 1848
 1872
 1906
 1952
 2000
 2044
 2086
 2128
 2172
 2216
 2262
 2308
 2352
 2396
 2436
 2478
 2518
 2558
 2592
 2622
 2644
 2666
 2694
 2734
 2774
 2800
 2822
 2842
 2858
 2872
 2886
 2898
 2906
 2908
 2910
 2912
 2920
 2928
 2934
 2940
 2938
 2938
 2938
 2952
 2968
 2974
 2966
 2946
 2916
 2874
 2834
 2790
 2744
 2698
 2648
 2596
 2542
 2492
 2444
 2400
 2350
 2296
 2244
 2192
 2144
 2096
 2042
 1986
 1930
 1878
 1822
 1774
 1734
 1702
 1682
 1674
 1674
 1688
 1710
 1740
 1774
 1810
 1852
 1900
 1962
 2026
 2082
 2134
 2186
 2236
 2282
 2326
 2372
 2416
 2460
 2502
 2540
 2574
 2606
 2636
 2654
 2676
 2694
 2726
 2764
 2794
 2814
 2830
 2844
 2854
 2868
 2878
 2886
 2888
 2890
 2890
 2892
 2894
 2896
 2892
 2886
 2880
 2884
 2890
 2880
 2858
 2826
 2786
 2746
 2702
 2660
 2614
 2564
 2514
 2462
 2410
 2362
 2316
 2264
 2208
 2154
 2100
 2052
 2002
 1946
 1886
 1830
 1774
 1722
 1678
 1642
 1618
 1606
 1610
 1628
 1656
 1690
 1730
 1772
 1816
 1864
 1926
 1988
 2044
 2094
 2146
 2194
 2240
 2288
 2338
 2386
 2430
 2470
 2510
 2548
 2586
 2618
 2642
 2664
 2684
 2716
 2754
 2782
 2806
 2824
 2842
 2852
 2866
 2880
 2892
 2898
 2906
 2910
 2912
 2912
 2914
 2916
 2912
 2902
 2894
 2898
 2914
 2926
 2928
 2920
 2902
 2876
 2848
 2820
 2784
 2744
 2696
 2648
 2598
 2550
 2502
 2458
 2412
 2366
 2312
 2262
 2212
 2166
 2122
 2072
 2020
 1964
 1914
 1862
 1812
 1768
 1726
 1688
 1664
 1654
 1654
 1664
 1682
 1712
 1744
 1776
 1812
 1852
 1904
 1962
 2016
 2068
 2116
 2168
 2220
 2268
 2318
 2364
 2410
 2456
 2498
 2540
 2578
 2614
 2648
 2680
 2702
 2720
 2740
 2766
 2804
 2836
 2860
 2878
 2894
 2908
 2918
 2932
 2938
 2940
 2942
 2944
 2946
 2944
 2938
 2934
 2922
 2896
 2858
 2816
 2776
 2742
 2708
 2666
 2616
 2564
 2514
 2462
 2416
 2370
 2322
 2272
 2222
 2168
 2120
 2068
 2022
 1976
 1930
 1880
 1838
 1800
 1780
 1772
 1772
 1784
 1806
 1836
 1872
 1918
 1966
 2018
 2068
 2116
 2166
 2216
 2264
 2310
 2356
 2394
 2434
 2472
 2522
 2574
 2616
 2650
 2680
 2708
 2734
 2762
 2786
 2806
 2824
 2840
 2854
 2866
 2880
 2894
 2898
 2896
 2894
 2898
 2918
 2938
 2948
 2952
 2954
 2954
 2954
 2952
 2952
 2950
 2942
 2922
 2898
 2870
 2838
 2800
 2758
 2708
 2660
 2614
 2576
 2534
 2486
 2436
 2386
 2340
 2292
 2244
 2194
 2138
 2082
 2026
 1974
 1922
 1874
 1824
 1784
 1754
 1736
 1740
 1752
 1770
 1796
 1826
 1864
 1908
 1956
 2012
 2068
 2120
 2172
 2222
 2272
 2320
 2366
 2404
 2444
 2486
 2540
 2588
 2626
 2658
 2688
 2716
 2738
 2762
 2784
 2802
 2816
 2830
 2842
 2856
 2868
 2874
 2876
 2878
 2882
 2896
 2918
 2930
 2932
 2932
 2932
 2926
 2920
 2902
 2876
 2840
 2800
 2756
 2716
 2674
 2632
 2588
 2538
 2486
 2436
 2398
 2356
 2306
 2246
 2184
 2126
 2064
 2010
 1958
 1908
 1864
 1828
 1802
 1790
 1792
 1802
 1822
 1848
 1874
 1910
 1950
 2002
 2056
 2102
 2148
 2194
 2240
 2284
 2328
 2372
 2416
 2456
 2494
 2528
 2562
 2594
 2626
 2656
 2684
 2704
 2722
 2742
 2774
 2810
 2836
 2856
 2870
 2884
 2894
 2904
 2912
 2914
 2918
 2922
 2922
 2924
 2924
 2928
 2930
 2928
 2926
 2922
 2916
 2914
 2918
 2934
 2944
 2946
 2946
 2944
 2940
 2944
 2946
 2946
 2944
 2938
 2936
 2934
 2932
 2932
 2928
 2926
 2924
 2920
 2910
 2900
 2892
 2892
 2888
 2868
 2840
 2808
 2774
 2738
 2706
 2672
 2634
 2592
 2548
 2504
 2460
 2416
 2374
 2326
 2274
 2214
 2160
 2110
 2060
 2014
 1966
 1918
 1872
 1834
 1808
 1794
 1792
 1798
 1810
 1830
 1860
 1892
 1930
 1972
 2020
 2066
 2110
 2156
 2204
 2264
 2326
 2382
 2430
 2474
 2516
 2554
 2592
 2630
 2666
 2704
 2744
 2778
 2808
 2830
 2848
 2860
 2870
 2876
 2886
 2906
 2926
 2940
 2948
 2952
 2954
 2956
 2962
 2966
 2966
 2962
 2956
 2954
 2952
 2952
 2950
 2944
 2936
 2932
 2938
 2956
 2968
 2970
 2964
 2950
 2928
 2902
 2878
 2846
 2808
 2764
 2718
 2670
 2624
 2580
 2536
 2486
 2436
 2384
 2342
 2304
 2260
 2208
 2154
 2100
 2050
 2002
 1960
 1920
 1884
 1860
 1850
 1854
 1872
 1898
 1926
 1958
 1994
 2030
 2078
 2134
 2182
 2228
 2274
 2318
 2360
 2406
 2450
 2494
 2534
 2570
 2604
 2638
 2668
 2696
 2720
 2738
 2756
 2772
 2806
 2838
 2864
 2880
 2894
 2904
 2912
 2918
 2924
 2928
 2928
 2922
 2908
 2890
 2868
 2846
 2824
 2798
 2762
 2720
 2674
 2626
 2574
 2522
 2468
 2412
 2358
 2308
 2256
 2202
 2146
 2088
 2030
 1976
 1924
 1882
 1848
 1826
 1814
 1814
 1822
 1848
 1878
 1912
 1948
 1986
 2030
 2074
 2120
 2168
 2218
 2264
 2312
 2358
 2404
 2448
 2490
 2530
 2560
 2588
 2612
 2648
 2696
 2742
 2782
 2822
 2860
 2888
 2910
 2926
 2938
 2946
 2950
 2952
 2956
 2960
 2962
 2964
 2962
 2954
 2938
 2910
 2886
 2866
 2834
 2794
 2742
 2690
 2636
 2586
 2538
 2486
 2436
 2384
 2330
 2276
 2222
 2168
 2118
 2068
 2016
 1964
 1918
 1872
 1838
 1810
 1788
 1776
 1776
 1786
 1806
 1836
 1872
 1912
 1954
 2002
 2058
 2116
 2168
 2220
 2264
 2304
 2348
 2388
 2434
 2484
 2528
 2568
 2602
 2636
 2664
 2692
 2722
 2748
 2768
 2790
 2812
 2832
 2850
 2864
 2878
 2884
 2884
 2888
 2894
 2920
 2938
 2948
 2952
 2956
 2956
 2958
 2964
 2966
 2968
 2968
 2966
 2964
 2964
 2964
 2966
 2962
 2952
 2944
 2936
 2932
 2932
 2920
 2894
 2860
 2822
 2782
 2740
 2700
 2660
 2616
 2568
 2522
 2476
 2430
 2386
 2342
 2302
 2256
 2210
 2166
 2120
 2078
 2034
 1984
 1934
 1890
 1852
 1822
 1802
 1792
 1788
 1792
 1802
 1816
 1840
 1872
 1908
 1944
 1982
 2022
 2068
 2122
 2176
 2224
 2272
 2320
 2368
 2412
 2458
 2506
 2552
 2600
 2650
 2698
 2746
 2786
 2814
 2832
 2844
 2854
 2882
 2912
 2932
 2944
 2952
 2956
 2956
 2962
 2966
 2970
 2972
 2970
 2972
 2972
 2972
 2970
 2962
 2950
 2944
 2948
 2964
 2974
 2976
 2974
 2966
 2946
 2918
 2888
 2852
 2810
 2760
 2706
 2654
 2604
 2556
 2506
 2454
 2404
 2358
 2318
 2276
 2228
 2176
 2126
 2076
 2020
 1960
 1896
 1836
 1784
 1738
 1706
 1686
 1682
 1686
 1698
 1722
 1748
 1784
 1832
 1880
 1926
 1974
 2018
 2066
 2112
 2162
 2210
 2258
 2302
 2348
 2396
 2440
 2486
 2524
 2560
 2592
 2620
 2658
 2706
 2746
 2778
 2802
 2824
 2842
 2862
 2884
 2904
 2928
 2952
 2972
 2984
 2990
 2992
 2992
 2998
 2996
 2988
 2976
 2962
 2954
 2936
 2906
 2868
 2822
 2776
 2724
 2676
 2626
 2574
 2524
 2472
 2418
 2368
 2318
 2268
 2218
 2170
 2120
 2070
 2020
 1976
 1938
 1904
 1872
 1854
 1848
 1854
 1868
 1892
 1920
 1952
 1990
 2032
 2078
 2128
 2178
 2230
 2278
 2318
 2356
 2394
 2438
 2492
 2542
 2584
 2620
 2652
 2684
 2708
 2736
 2764
 2784
 2800
 2816
 2828
 2840
 2852
 2862
 2872
 2876
 2872
 2868
 2866
 2878
 2896
 2910
 2914
 2916
 2918
 2918
 2920
 2926
 2924
 2924
 2918
 2912
 2906
 2904
 2902
 2900
 2896
 2888
 2880
 2878
 2884
 2900
 2910
 2914
 2912
 2908
 2904
 2904
 2904
 2900
 2886
 2864
 2836
 2804
 2766
 2728
 2686
 2642
 2590
 2540
 2494
 2454
 2418
 2378
 2328
 2274
 2220
 2166
 2114
 2068
 2020
 1970
 1920
 1870
 1828
 1796
 1776
 1764
 1758
 1764
 1780
 1804
 1842
 1878
 1916
 1952
 1994
 2036
 2080
 2128
 2178
 2228
 2274
 2318
 2360
 2404
 2446
 2478
 2506
 2534
 2562
 2606
 2646
 2678
 2700
 2722
 2742
 2758
 2776
 2792
 2806
 2818
 2826
 2834
 2842
 2850
 2850
 2848
 2844
 2842
 2846
 2840
 2818
 2788
 2752
 2712
 2666
 2622
 2574
 2524
 2470
 2416
 2364
 2314
 2266
 2212
 2154
 2100
 2046
 1996
 1944
 1886
 1830
 1778
 1730
 1690
 1660
 1638
 1626
 1620
 1628
 1646
 1670
 1698
 1726
 1756
 1792
 1834
 1886
 1938
 1986
 2034
 2082
 2128
 2172
 2220
 2268
 2314
 2358
 2400
 2440
 2478
 2514
 2546
 2570
 2594
 2616
 2650
 2690
 2724
 2748
 2768
 2786
 2800
 2814
 2832
 2846
 2856
 2864
 2870
 2876
 2878
 2884
 2888
 2888
 2882
 2864
 2844
 2824
 2808
 2784
 2746
 2702
 2656
 2608
 2560
 2516
 2468
 2416
 2364
 2310
 2254
 2200
 2148
 2094
 2044
 1986
 1928
 1874
 1822
 1776
 1730
 1680
 1636
 1602
 1584
 1574
 1578
 1590
 1608
 1634
 1666
 1704
 1746
 1792
 1844
 1898
 1948
 1994
 2044
 2092
 2154
 2216
 2268
 2314
 2358
 2400
 2440
 2478
 2516
 2552
 2584
 2614
 2642
 2668
 2692
 2714
 2736
 2756
 2768
 2778
 2788
 2808
 2844
 2872
 2890
 2902
 2908
 2914
 2922
 2926
 2926
 2922
 2920
 2922
 2920
 2922
 2922
 2924
 2926
 2926
 2914
 2898
 2878
 2862
 2844
 2812
 2772
 2724
 2676
 2626
 2576
 2524
 2468
 2408
 2348
 2286
 2222
 2158
 2094
 2034
 1974
 1912
 1852
 1796
 1740
 1694
 1644
 1594
 1550
 1520
 1504
 1500
 1506
 1520
 1538
 1560
 1586
 1622
 1660
 1708
 1764
 1816
 1866
 1916
 1970
 2034
 2102
 2162
 2216
 2264
 2314
 2358
 2402
 2444
 2484
 2522
 2558
 2590
 2620
 2648
 2672
 2698
 2714
 2726
 2738
 2752
 2782
 2814
 2838
 2854
 2868
 2878
 2886
 2900
 2906
 2910
 2910
 2912
 2914
 2916
 2918
 2920
 2922
 2918
 2912
 2910
 2918
 2942
 2958
 2960
 2952
 2940
 2920
 2896
 2866
 2830
 2788
 2742
 2692
 2644
 2594
 2548
 2500
 2448
 2394
 2342
 2292
 2244
 2190
 2132
 2072
 2014
 1962
 1908
 1860
 1808
 1756
 1708
 1666
 1638
 1628
 1638
 1658
 1686
 1726
 1768
 1822
 1886
 1942
 1996
 2048
 2102
 2150
 2200
 2252
 2306
 2360
 2410
 2456
 2504
 2548
 2588
 2618
 2646
 2672
 2708
 2754
 2794
 2820
 2842
 2860
 2878
 2894
 2912
 2922
 2928
 2934
 2944
 2956
 2964
 2972
 2974
 2974
 2974
 2986
 3008
 3022
 3028
 3028
 3022
 3010
 2988
 2960
 2922
 2872
 2818
 2760
 2698
 2640
 2582
 2524
 2458
 2392
 2330
 2282
 2230
 2170
 2110
 2048
 1992
 1936
 1886
 1840
 1798
 1766
 1750
 1748
 1762
 1788
 1826
 1868
 1910
 1956
 2012
 2078
 2140
 2192
 2242
 2292
 2342
 2392
 2442
 2486
 2526
 2562
 2600
 2634
 2668
 2700
 2726
 2746
 2766
 2788
 2828
 2864
 2888
 2906
 2920
 2932
 2940
 2946
 2954
 2958
 2960
 2960
 2962
 2962
 2964
 2964
 2954
 2930
 2898
 2870
 2846
 2806
 2750
 2690
 2634
 2572
 2516
 2460
 2404
 2346
 2282
 2216
 2156
 2098
 2040
 1980
 1918
 1864
 1810
 1770
 1732
 1700
 1680
 1676
 1686
 1706
 1734
 1770
 1808
 1842
 1878
 1922
 1972
 2024
 2074
 2118
 2158
 2198
 2240
 2298
 2354
 2404
 2450
 2494
 2534
 2570
 2608
 2644
 2678
 2710
 2738
 2764
 2792
 2816
 2834
 2846
 2856
 2866
 2896
 2930
 2956
 2968
 2976
 2974
 2962
 2950
 2934
 2904
 2850
 2780
 2700
 2628
 2564
 2504
 2438
 2368
 2304
 2242
 2184
 2124
 2060
 1992
 1930
 1870
 1812
 1764
 1720
 1680
 1652
 1636
 1636
 1654
 1684
 1722
 1764
 1814
 1862
 1924
 1990
 2052
 2110
 2172
 2236
 2296
 2354
 2414
 2478
 2540
 2594
 2646
 2690
 2734
 2772
 2800
 2822
 2842
 2874
 2918
 2956
 2980
 2998
 3010
 3014
 3022
 3032
 3038
 3040
 3038
 3038
 3034
 3022
 2992
 2948
 2896
 2838
 2784
 2736
 2684
 2626
 2562
 2502
 2444
 2386
 2334
 2278
 2220
 2160
 2096
 2036
 1978
 1922
 1864
 1810
 1760
 1722
 1702
 1696
 1702
 1720
 1748
 1784
 1826
 1876
 1932
 1988
 2048
 2112
 2182
 2258
 2334
 2402
 2460
 2506
 2546
 2596
 2646
 2692
 2728
 2760
 2788
 2814
 2840
 2866
 2888
 2910
 2928
 2940
 2950
 2960
 2964
 2964
 2962
 2968
 2988
 3008
 3016
 3012
 2998
 2970
 2936
 2898
 2852
 2798
 2740
 2680
 2620
 2562
 2506
 2450
 2386
 2328
 2268
 2216
 2158
 2096
 2032
 1970
 1914
 1862
 1822
 1792
 1776
 1776
 1792
 1818
 1856
 1900
 1944
 1986
 2032
 2082
 2148
 2216
 2274
 2328
 2380
 2430
 2478
 2526
 2574
 2616
 2660
 2698
 2736
 2772
 2802
 2826
 2842
 2854
 2876
 2910
 2936
 2952
 2960
 2968
 2974
 2976
 2982
 2984
 2986
 2986
 2984
 2984
 2986
 2984
 2980
 2972
 2966
 2978
 2992
 2994
 2974
 2940
 2898
 2850
 2804
 2754
 2702
 2648
 2592
 2534
 2480
 2428
 2374
 2312
 2252
 2192
 2136
 2078
 2010
 1938
 1872
 1812
 1752
 1702
 1660
 1634
 1622
 1622
 1634
 1656
 1694
 1732
 1774
 1826
 1874
 1940
 2008
 2072
 2130
 2184
 2236
 2282
 2328
 2378
 2432
 2482
 2528
 2572
 2618
 2654
 2686
 2710
 2732
 2762
 2802
 2834
 2858
 2876
 2890
 2904
 2914
 2924
 2932
 2936
 2942
 2944
 2948
 2952
 2954
 2950
 2944
 2942
 2954
 2962
 2946
 2918
 2880
 2838
 2792
 2750
 2706
 2658
 2606
 2552
 2496
 2444
 2394
 2338
 2282
 2226
 2174
 2126
 2076
 2022
 1966
 1916
 1872
 1840
 1818
 1812
 1812
 1820
 1836
 1860
 1894
 1932
 1972
 2014
 2056
 2110
 2174
 2236
 2286
 2336
 2382
 2428
 2472
 2520
 2562
 2602
 2640
 2674
 2704
 2732
 2754
 2768
 2782
 2794
 2824
 2858
 2880
 2896
 2908
 2918
 2926
 2932
 2932
 2934
 2932
 2934
 2932
 2934
 2934
 2936
 2930
 2924
 2920
 2934
 2956
 2966
 2968
 2972
 2966
 2966
 2966
 2966
 2958
 2950
 2946
 2942
 2940
 2936
 2938
 2934
 2924
 2910
 2894
 2882
 2862
 2826
 2780
 2726
 2672
 2614
 2560
 2506
 2452
 2394
 2336
 2278
 2220
 2160
 2098
 2036
 1972
 1914
 1860
 1814
 1768
 1720
 1672
 1628
 1596
 1570
 1554
 1550
 1552
 1562
 1574
 1594
 1620
 1654
 1694
 1734
 1776
 1822
 1876
 1940
 2002
 2056
 2112
 2168
 2220
 2268
 2318
 2370
 2420
 2466
 2510
 2548
 2584
 2618
 2644
 2662
 2682
 2706
 2744
 2778
 2802
 2818
 2832
 2846
 2858
 2870
 2880
 2886
 2890
 2894
 2896
 2900
 2902
 2896
 2882
 2866
 2848
 2834
 2812
 2776
 2730
 2684
 2636
 2590
 2544
 2496
 2444
 2392
 2336
 2282
 2232
 2182
 2130
 2072
 2016
 1960
 1910
 1862
 1810
 1754
 1702
 1654
 1616
 1590
 1576
 1570
 1572
 1584
 1604
 1628
 1660
 1694
 1728
 1768
 1812
 1862
 1922
 1982
 2040
 2094
 2152
 2206
 2258
 2314
 2366
 2414
 2458
 2500
 2540
 2578
 2612
 2638
 2660
 2682
 2716
 2756
 2790
 2810
 2828
 2844
 2856
 2870
 2882
 2892
 2896
 2902
 2906
 2906
 2906
 2906
 2904
 2898
 2892
 2898
 2912
 2912
 2894
 2866
 2830
 2788
 2750
 2708
 2664
 2616
 2562
 2508
 2452
 2400
 2350
 2296
 2236
 2182
 2128
 2080
 2034
 1982
 1930
 1880
 1832
 1790
 1754
 1722
 1698
 1684
 1680
 1684
 1698
 1722
 1746
 1774
 1810
 1846
 1896
 1954
 2008
 2062
 2110
 2164
 2214
 2262
 2312
 2360
 2406
 2450
 2492
 2534
 2572
 2608
 2636
 2662
 2684
 2720
 2762
 2796
 2820
 2840
 2858
 2874
 2894
 2910
 2924
 2932
 2936
 2938
 2940
 2944
 2946
 2942
 2936
 2934
 2940
 2962
 2976
 2980
 2982
 2982
 2980
 2980
 2978
 2968
 2950
 2922
 2884
 2844
 2804
 2760
 2714
 2662
 2608
 2556
 2514
 2474
 2430
 2380
 2328
 2282
 2232
 2184
 2140
 2090
 2040
 1988
 1938
 1892
 1854
 1820
 1794
 1776
 1770
 1776
 1798
 1822
 1852
 1884
 1920
 1960
 1998
 2040
 2084
 2128
 2174
 2218
 2270
 2318
 2366
 2408
 2444
 2478
 2518
 2570
 2616
 2652
 2684
 2712
 2738
 2760
 2782
 2804
 2820
 2836
 2850
 2864
 2878
 2892
 2904
 2908
 2912
 2918
 2940
 2962
 2978
 2984
 2984
 2982
 2982
 2988
 2992
 2988
 2982
 2970
 2952
 2926
 2894
 2856
 2808
 2752
 2696
 2646
 2606
 2556
 2500
 2442
 2384
 2330
 2278
 2224
 2172
 2114
 2054
 1994
 1938
 1888
 1842
 1796
 1748
 1708
 1674
 1658
 1658
 1662
 1678
 1700
 1738
 1780
 1826
 1878
 1932
 1988
 2046
 2104
 2160
 2218
 2278
 2336
 2388
 2436
 2480
 2534
 2592
 2638
 2678
 2708
 2738
 2762
 2790
 2814
 2834
 2852
 2872
 2886
 2900
 2914
 2924
 2928
 2928
 2924
 2928
 2940
 2958
 2968
 2974
 2972
 2968
 2956
 2940
 2914
 2880
 2840
 2794
 2746
 2696
 2648
 2600
 2552
 2496
 2442
 2390
 2348
 2306
 2256
 2202
 2150
 2100
 2048
 1996
 1950
 1904
 1866
 1834
 1818
 1816
 1826
 1846
 1868
 1894
 1926
 1964
 2018
 2070
 2122
 2170
 2216
 2260
 2300
 2342
 2386
 2426
 2466
 2504
 2542
 2578
 2614
 2646
 2672
 2696
 2720
 2756
 2800
 2834
 2860
 2880
 2896
 2906
 2918
 2930
 2938
 2946
 2952
 2958
 2966
 2974
 2980
 2978
 2972
 2972
 2980
 3004
 3016
 3022
 3022
 3020
 3020
 3018
 3016
 3004
 2980
 2944
 2902
 2856
 2808
 2760
 2708
 2652
 2596
 2540
 2494
 2454
 2400
 2340
 2274
 2210
 2146
 2086
 2030
 1974
 1920
 1866
 1816
 1770
 1728
 1690
 1662
 1644
 1638
 1648
 1670
 1698
 1732
 1774
 1818
 1864
 1908
 1952
 2000
 2046
 2094
 2140
 2188
 2238
 2286
 2326
 2364
 2404
 2448
 2504
 2554
 2594
 2628
 2660
 2688
 2714
 2740
 2766
 2788
 2804
 2822
 2838
 2854
 2872
 2886
 2894
 2898
 2896
 2902
 2926
 2944
 2954
 2958
 2960
 2958
 2962
 2966
 2966
 2958
 2944
 2924
 2896
 2862
 2828
 2790
 2746
 2696
 2640
 2586
 2540
 2500
 2454
 2404
 2350
 2298
 2248
 2198
 2150
 2098
 2046
 1992
 1938
 1890
 1846
 1812
 1792
 1780
 1776
 1782
 1796
 1822
 1854
 1886
 1920
 1960
 2002
 2048
 2096
 2150
 2202
 2250
 2296
 2346
 2394
 2440
 2486
 2528
 2566
 2596
 2624
 2652
 2696
 2742
 2780
 2810
 2834
 2862
 2890
 2924
 2962
 2998
 3026
 3036
 3036
 3030
 3028
 3028
 3026
 3022
 3014
 3006
 3004
 3014
 3032
 3042
 3046
 3046
 3044
 3042
 3042
 3044
 3044
 3036
 3028
 3024
 3020
 3018
 3016
 3014
 3010
 2998
 2978
 2952
 2930
 2910
 2878
 2836
 2788
 2740
 2692
 2642
 2596
 2548
 2498
 2444
 2390
 2332
 2276
 2222
 2168
 2110
 2052
 1996
 1944
 1902
 1854
 1808
 1772
 1750
 1742
 1744
 1758
 1780
 1810
 1842
 1880
 1922
 1972
 2026
 2082
 2130
 2178
 2226
 2278
 2340
 2394
 2442
 2488
 2530
 2574
 2610
 2648
 2684
 2716
 2746
 2774
 2798
 2822
 2842
 2858
 2868
 2878
 2886
 2910
 2936
 2952
 2958
 2958
 2954
 2944
 2922
 2894
 2856
 2812
 2762
 2712
 2662
 2614
 2564
 2510
 2456
 2402
 2354
 2310
 2256
 2198
 2138
 2086
 2032
 1978
 1930
 1882
 1842
 1806
 1788
 1784
 1794
 1810
 1832
 1864
 1898
 1946
 2002
 2062
 2114
 2168
 2224
 2276
 2328
 2382
 2436
 2484
 2532
 2576
 2618
 2656
 2690
 2720
 2750
 2778
 2816
 2858
 2890
 2914
 2932
 2948
 2960
 2970
 2980
 2986
 2990
 2992
 2996
 2998
 3000
 3004
 3000
 2994
 2982
 2972
 2962
 2942
 2910
 2866
 2818
 2770
 2720
 2672
 2624
 2572
 2520
 2466
 2416
 2366
 2318
 2266
 2214
 2158
 2104
 2052
 2006
 1960
 1914
 1866
 1824
 1792
 1772
 1768
 1774
 1786
 1806
 1832
 1866
 1904
 1950
 2002
 2054
 2106
 2160
 2214
 2280
 2352
 2424
 2492
 2542
 2580
 2604
 2628
 2660
 2690
 2716
 2738
 2760
 2782
 2804
 2824
 2842
 2860
 2872
 2878
 2886
 2906
 2932
 2950
 2962
 2970
 2974
 2976
 2980
 2986
 2990
 2990
 2990
 2990
 2990
 2990
 2992
 2988
 2974
 2950
 2918
 2884
 2858
 2826
 2780
 2730
 2674
 2620
 2568
 2518
 2470
 2420
 2368
 2312
 2260
 2208
 2158
 2108
 2060
 2006
 1956
 1906
 1862
 1824
 1784
 1750
 1724
 1710
 1706
 1712
 1726
 1744
 1768
 1796
 1828
 1868
 1910
 1952
 1994
 2034
 2078
 2126
 2186
 2248
 2300
 2350
 2394
 2442
 2486
 2530
 2572
 2610
 2646
 2680
 2710
 2738
 2764
 2786
 2802
 2818
 2830
 2860
 2896
 2922
 2940
 2952
 2966
 2972
 2978
 2984
 2988
 2990
 2988
 2986
 2984
 2986
 2986
 2980
 2974
 2970
 2982
 3000
 3012
 3014
 3014
 3004
 2988
 2966
 2940
 2908
 2870
 2830
 2784
 2736
 2692
 2644
 2594
 2542
 2496
 2452
 2414
 2372
 2322
 2268
 2220
 2166
 2118
 2072
 2026
 1982
 1942
 1912
 1896
 1892
 1900
 1912
 1932
 1958
 1992
 2040
 2084
 2128
 2174
 2222
 2266
 2308
 2348
 2396
 2440
 2482
 2520
 2558
 2594
 2630
 2658
 2682
 2702
 2728
 2766
 2804
 2834
 2854
 2872
 2892
 2906
 2922
 2936
 2940
 2940
 2944
 2946
 2950
 2954
 2956
 2958
 2954
 2946
 2938
 2934
 2930
 2912
 2884
 2848
 2810
 2770
 2730
 2688
 2644
 2598
 2548
 2500
 2452
 2406
 2362
 2318
 2272
 2220
 2172
 2124
 2086
 2050
 2016
 1988
 1970
 1964
 1966
 1978
 1998
 2022
 2046
 2076
 2110
 2146
 2188
 2232
 2274
 2314
 2352
 2392
 2432
 2484
 2534
 2580
 2618
 2650
 2682
 2708
 2736
 2762
 2784
 2804
 2824
 2840
 2856
 2872
 2886
 2898
 2904
 2904
 2902
 2904
 2924
 2946
 2960
 2966
 2962
 2948
 2926
 2902
 2874
 2842
 2802
 2758
 2708
 2660
 2612
 2566
 2524
 2480
 2434
 2390
 2346
 2310
 2272
 2232
 2188
 2148
 2114
 2092
 2080
 2080
 2084
 2092
 2108
 2130
 2156
 2190
 2228
 2268
 2308
 2344
 2382
 2422
 2476
 2528
 2570
 2608
 2642
 2674
 2702
 2728
 2756
 2778
 2796
 2810
 2826
 2842
 2858
 2874
 2886
 2892
 2896
 2898
 2906
 2932
 2952
 2964
 2968
 2972
 2976
 2980
 2984
 2988
 2990
 2990
 2988
 2988
 2984
 2980
 2978
 2976
 2970
 2958
 2952
 2946
 2942
 2928
 2902
 2868
 2834
 2796
 2758
 2720
 2680
 2636
 2584
 2534
 2484
 2434
 2386
 2338
 2290
 2238
 2188
 2138
 2094
 2054
 2008
 1960
 1914
 1872
 1838
 1814
 1806
 1804
 1810
 1820
 1840
 1868
 1898
 1936
 1978
 2018
 2058
 2102
 2148
 2208
 2266
 2318
 2364
 2408
 2450
 2488
 2528
 2564
 2600
 2632
 2662
 2690
 2716
 2742
 2766
 2782
 2796
 2810
 2834
 2868
 2896
 2914
 2926
 2936
 2944
 2948
 2950
 2952
 2954
 2954
 2956
 2956
 2958
 2960
 2960
 2954
 2950
 2950
 2968
 2984
 2992
 2988
 2984
 2970
 2952
 2926
 2892
 2856
 2814
 2768
 2720
 2674
 2628
 2580
 2528
 2478
 2428
 2384
 2344
 2300
 2248
 2196
 2146
 2096
 2050
 2006
 1964
 1922
 1888
 1866
 1856
 1858
 1872
 1888
 1914
 1948
 1992
 2046
 2098
 2146
 2192
 2240
 2286
 2330
 2376
 2422
 2468
 2508
 2546
 2580
 2616
 2650
 2678
 2700
 2726
 2754
 2798
 2840
 2870
 2892
 2906
 2918
 2930
 2944
 2956
 2966
 2972
 2978
 2982
 2986
 2990
 2992
 2996
 2994
 2988
 2978
 2972
 2984
 2998
 3002
 3002
 2998
 2994
 2994
 2996
 2998
 2994
 2990
 2988
 2984
 2982
 2980
 2982
 2980
 2974
 2956
 2926
 2896
 2874
 2866
 2858
 2840
 2804
 2750
 2688
 2626
 2572
 2522
 2468
 2410
 2358
 2304
 2252
 2200
 2150
 2104
 2056
 2004
 1954
 1906
 1862
 1826
 1792
 1758
 1732
 1722
 1724
 1736
 1756
 1784
 1816
 1854
 1894
 1942
 1992
 2048
 2104
 2158
 2208
 2256
 2306
 2362
 2424
 2476
 2522
 2570
 2624
 2678
 2726
 2764
 2796
 2818
 2836
 2852
 2868
 2880
 2894
 2906
 2918
 2920
 2918
 2918
 2932
 2952
 2964
 2970
 2972
 2974
 2976
 2980
 2984
 2984
 2982
 2978
 2976
 2968
 2962
 2958
 2954
 2946
 2924
 2898
 2864
 2838
 2812
 2772
 2726
 2676
 2626
 2578
 2532
 2486
 2440
 2392
 2340
 2286
 2236
 2192
 2152
 2112
 2072
 2024
 1968
 1912
 1868
 1836
 1812
 1798
 1800
 1816
 1840
 1870
 1910
 1954
 2000
 2048
 2102
 2154
 2208
 2260
 2306
 2350
 2392
 2444
 2500
 2550
 2594
 2632
 2666
 2694
 2722
 2748
 2772
 2792
 2808
 2822
 2836
 2850
 2860
 2868
 2870
 2874
 2880
 2900
 2924
 2938
 2942
 2946
 2948
 2950
 2952
 2950
 2934
 2910
 2880
 2844
 2808
 2778
 2744
 2700
 2640
 2580
 2524
 2480
 2430
 2370
 2308
 2250
 2190
 2130
 2072
 2016
 1960
 1904
 1852
 1814
 1794
 1790
 1800
 1822
 1848
 1886
 1928
 1986
 2048
 2108
 2164
 2220
 2276
 2324
 2378
 2434
 2486
 2534
 2578
 2620
 2660
 2700
 2740
 2776
 2812
 2838
 2864
 2894
 2918
 2934
 2940
 2946
 2950
 2954
 2962
 2964
 2966
 2964
 2966
 2962
 2960
 2962
 2962
 2956
 2946
 2936
 2940
 2952
 2960
 2950
 2924
 2888
 2848
 2804
 2758
 2708
 2656
 2602
 2546
 2492
 2438
 2386
 2334
 2274
 2218
 2160
 2110
 2058
 2004
 1948
 1892
 1842
 1792
 1748
 1716
 1696
 1686
 1690
 1706
 1734
 1776
 1824
 1876
 1938
 2010
 2090
 2168
 2234
 2286
 2338
 2386
 2432
 2476
 2516
 2556
 2594
 2628
 2660
 2690
 2718
 2746
 2766
 2780
 2788
 2798
 2818
 2848
 2872
 2886
 2892
 2896
 2900
 2906
 2912
 2918
 2918
 2920
 2920
 2922
 2922
 2920
 2918
 2914
 2906
 2902
 2908
 2906
 2890
 2858
 2814
 2766
 2716
 2670
 2626
 2578
 2530
 2478
 2428
 2378
 2332
 2286
 2238
 2186
 2136
 2082
 2034
 1988
 1938
 1888
 1840
 1800
 1766
 1744
 1728
 1720
 1722
 1730
 1746
 1774
 1810
 1852
 1896
 1936
 1984
 2036
 2098
 2162
 2220
 2274
 2324
 2374
 2420
 2466
 2514
 2562
 2614
 2664
 2714
 2764
 2812
 2842
 2858
 2868
 2876
 2898
 2920
 2932
 2940
 2946
 2948
 2952
 2956
 2962
 2964
 2966
 2964
 2962
 2962
 2964
 2960
 2954
 2946
 2938
 2938
 2952
 2964
 2970
 2972
 2970
 2966
 2966
 2966
 2956
 2934
 2902
 2864
 2822
 2782
 2740
 2696
 2650
 2600
 2550
 2502
 2466
 2428
 2388
 2346
 2306
 2268
 2228
 2180
 2124
 2066
 2008
 1954
 1904
 1862
 1832
 1818
 1806
 1806
 1814
 1828
 1854
 1884
 1916
 1948
 1984
 2024
 2066
 2110
 2158
 2204
 2252
 2298
 2344
 2388
 2432
 2472
 2508
 2540
 2568
 2606
 2652
 2692
 2724
 2750
 2772
 2794
 2816
 2836
 2852
 2864
 2874
 2884
 2892
 2898
 2904
 2902
 2894
 2890
 2886
 2898
 2920
 2934
 2940
 2942
 2944
 2944
 2946
 2950
 2950
 2948
 2940
 2934
 2930
 2926
 2926
 2924
 2914
 2906
 2902
 2912
 2928
 2936
 2928
 2910
 2884
 2850
 2810
 2772
 2732
 2686
 2638
 2586
 2538
 2490
 2442
 2396
 2346
 2296
 2250
 2208
 2170
 2124
 2074
 2024
 1972
 1926
 1884
 1844
 1808
 1780
 1760
 1756
 1764
 1782
 1808
 1834
 1864
 1896
 1934
 1984
 2034
 2082
 2128
 2172
 2216
 2258
 2306
 2352
 2396
 2436
 2474
 2512
 2548
 2582
 2608
 2632
 2656
 2686
 2728
 2762
 2788
 2808
 2826
 2840
 2854
 2868
 2878
 2884
 2890
 2896
 2898
 2898
 2898
 2894
 2888
 2886
 2894
 2910
 2918
 2922
 2922
 2920
 2920
 2926
 2924
 2912
 2890
 2862
 2828
 2790
 2752
 2708
 2656
 2604
 2554
 2512
 2466
 2414
 2360
 2304
 2252
 2200
 2150
 2100
 2048
 1994
 1942
 1890
 1842
 1798
 1752
 1708
 1672
 1644
 1636
 1642
 1658
 1678
 1708
 1738
 1772
 1814
 1858
 1904
 1952
 2000
 2050
 2102
 2150
 2200
 2244
 2290
 2332
 2376
 2432
 2484
 2528
 2566
 2598
 2630
 2658
 2688
 2716
 2736
 2756
 2776
 2794
 2810
 2824
 2836
 2850
 2858
 2860
 2862
 2866
 2886
 2908
 2920
 2928
 2932
 2930
 2928
 2932
 2934
 2932
 2928
 2926
 2924
 2922
 2922
 2920
 2918
 2916
 2914
 2912
 2902
 2892
 2886
 2894
 2910
 2916
 2908
 2890
 2866
 2836
 2806
 2774
 2738
 2696
 2652
 2608
 2560
 2516
 2472
 2426
 2378
 2330
 2282
 2228
 2178
 2126
 2080
 2034
 1982
 1928
 1878
 1834
 1794
 1766
 1752
 1746
 1748
 1758
 1774
 1798
 1828
 1862
 1902
 1942
 1982
 2022
 2064
 2110
 2166
 2218
 2266
 2316
 2360
 2402
 2442
 2484
 2524
 2560
 2594
 2624
 2654
 2680
 2708
 2732
 2754
 2770
 2782
 2792
 2812
 2842
 2870
 2888
 2902
 2912
 2920
 2924
 2928
 2932
 2934
 2934
 2932
 2928
 2926
 2924
 2916
 2898
 2868
 2830
 2792
 2756
 2726
 2690
 2644
 2596
 2546
 2494
 2442
 2392
 2340
 2282
 2222
 2164
 2108
 2054
 2002
 1954
 1904
 1856
 1814
 1776
 1754
 1738
 1730
 1730
 1742
 1762
 1786
 1818
 1854
 1890
 1926
 1962
 2002
 2044
 2088
 2134
 2178
 2220
 2262
 2306
 2362
 2412
 2456
 2492
 2524
 2558
 2588
 2618
 2648
 2672
 2696
 2718
 2742
 2762
 2782
 2800
 2812
 2824
 2830
 2850
 2882
 2906
 2920
 2930
 2938
 2938
 2936
 2938
 2936
 2934
 2930
 2928
 2926
 2926
 2926
 2924
 2914
 2908
 2898
 2896
 2888
 2866
 2834
 2798
 2760
 2718
 2678
 2638
 2596
 2548
 2500
 2452
 2404
 2360
 2314
 2266
 2216
 2168
 2120
 2078
 2034
 1982
 1932
 1884
 1844
 1810
 1790
 1784
 1786
 1798
 1816
 1844
 1878
 1918
 1960
 2002
 2050
 2098
 2154
 2208
 2256
 2300
 2340
 2378
 2412
 2448
 2486
 2520
 2552
 2582
 2612
 2642
 2672
 2694
 2712
 2728
 2744
 2770
 2808
 2834
 2854
 2870
 2882
 2892
 2908
 2912
 2914
 2918
 2920
 2924
 2926
 2932
 2936
 2932
 2924
 2908
 2896
 2886
 2864
 2832
 2792
 2748
 2700
 2658
 2614
 2570
 2522
 2472
 2424
 2376
 2330
 2286
 2238
 2188
 2140
 2090
 2050
 2006
 1958
 1908
 1860
 1824
 1792
 1776
 1770
 1770
 1780
 1798
 1824
 1856
 1898
 1940
 1984
 2030
 2076
 2138
 2198
 2248
 2294
 2338
 2380
 2416
 2454
 2492
 2530
 2562
 2596
 2626
 2654
 2682
 2706
 2722
 2736
 2750
 2780
 2818
 2846
 2864
 2880
 2892
 2898
 2906
 2916
 2922
 2926
 2928
 2930
 2928
 2922
 2908
 2880
 2844
 2804
 2768
 2744
 2710
 2670
 2622
 2576
 2528
 2482
 2440
 2392
 2344
 2292
 2240
 2188
 2138
 2092
 2048
 2000
 1956
 1916
 1882
 1860
 1840
 1828
 1826
 1836
 1854
 1878
 1910
 1940
 1974
 2006
 2046
 2090
 2138
 2182
 2222
 2264
 2306
 2352
 2406
 2458
 2498
 2536
 2572
 2604
 2634
 2664
