 678
 734
 796
 860
 930
 1004
 1082
 1154
 1222
 1292
 1360
 1430
 1492
 1546
 1596
 1646
 1706
 1774
 1836
 1898
 1962
 2020
 2074
 2120
 2162
 2202
 2240
 2278
 2312
 2348
 2384
 2418
 2448
 2476
 2500
 2524
 2556
 2600
 2640
 2680
 2718
 2750
 2778
 2800
 2820
 2844
 2862
 2878
 2890
 2902
 2910
 2916
 2920
 2922
 2926
 2922
 2928
 2950
 2968
 2988
 3004
 3012
 3018
 3022
 3026
 3030
 3032
 3032
 3032
 3034
 3030
 3026
 3020
 3010
 2992
 2966
 2934
 2914
 2898
 2876
 2856
 2832
 2802
 2770
 2734
 2698
 2660
 2618
 2574
 2530
 2482
 2434
 2386
 2336
 2288
 2236
 2184
 2140
 2102
 2076
 2042
 2010
 1976
 1934
 1894
 1854
 1816
 1780
 1748
 1724
 1708
 1700
 1702
 1710
 1724
 1742
 1762
 1792
 1828
 1874
 1936
 1992
 2048
 2102
 2148
 2196
 2238
 2280
 2320
 2356
 2394
 2430
 2464
 2494
 2524
 2554
 2578
 2600
 2622
 2644
 2680
 2718
 2754
 2790
 2820
 2846
 2870
 2886
 2906
 2924
 2934
 2944
 2954
 2964
 2976
 2982
 2988
 2990
 2992
 2990
 2990
 3008
 3028
 3044
 3062
 3072
 3078
 3082
 3084
 3086
 3084
 3078
 3072
 3064
 3052
 3036
 3012
 2988
 2958
 2924
 2888
 2854
 2828
 2806
 2780
 2756
 2726
 2692
 2656
 2618
 2582
 2542
 2498
 2454
 2406
 2360
 2314
 2262
 2214
 2160
 2102
 2054
 2010
 1980
 1946
 1914
 1886
 1858
 1836
 1824
 1820
 1826
 1836
 1852
 1874
 1904
 1944
 1984
 2034
 2084
 2134
 2182
 2230
 2286
 2346
 2398
 2454
 2500
 2544
 2582
 2614
 2646
 2674
 2700
 2724
 2748
 2772
 2794
 2814
 2834
 2852
 2866
 2880
 2890
 2912
 2938
 2960
 2986
 3008
 3024
 3034
 3040
 3044
 3052
 3056
 3060
 3062
 3066
 3066
 3068
 3068
 3068
 3070
 3074
 3074
 3072
 3064
 3062
 3074
 3086
 3096
 3102
 3100
 3094
 3080
 3058
 3030
 3000
 2966
 2934
 2900
 2864
 2830
 2794
 2758
 2728
 2696
 2664
 2630
 2592
 2546
 2500
 2454
 2418
 2380
 2338
 2290
 2234
 2170
 2104
 2032
 1954
 1866
 1770
 1672
 1564
 1452
 1334
 1200
 1050
 884
 726
 570
 406
 232
 76
 0
 0
 0
 0
 0
 0
 0
 0
 0
 0
 0
 0
 0
 0
 0
 0
 0
 0
 0
 0
 0
 0
 0
 0
 0
 0
 0
 0
 0
 0
 0
 0
 0
 0
 0
 0
 0
 0
 0
 0
 0
 0
 0
 0
 0
 0
 0
 0
 0
 0
 0
 0
 0
 56
 176
 300
 420
 544
 658
 776
 910
 1036
 1154
 1266
 1362
 1448
 1524
 1594
 1668
 1746
 1818
 1888
 1956
 2022
 2084
 2140
 2192
 2240
 2278
 2330
 2390
 2446
 2498
 2544
 2584
 2620
 2648
 2672
 2700
 2724
 2744
 2760
 2776
 2790
 2802
 2812
 2822
 2830
 2838
 2848
 2860
 2868
 2876
 2882
 2882
 2882
 2878
 2880
 2890
 2888
 2884
 2870
 2852
 2826
 2794
 2768
 2754
 2754
 2752
 2740
 2710
 2666
 2606
 2530
 2438
 2334
 2216
 2072
 1930
 1778
 1618
 1456
 1292
 1146
 1048
 1002
 1010
 1050
 1096
 1150
 1204
 1242
 1264
 1272
 1270
 1256
 1242
 1228
 1208
 1196
 1196
 1208
 1240
 1284
 1348
 1428
 1508
 1592
 1676
 1766
 1852
 1932
 2006
 2072
 2130
 2182
 2222
 2260
 2294
 2330
 2364
 2394
 2420
 2442
 2464
 2488
 2510
 2534
 2552
 2568
 2582
 2592
 2618
 2644
 2668
 2696
 2718
 2732
 2746
 2756
 2768
 2778
 2786
 2794
 2798
 2802
 2804
 2806
 2810
 2816
 2822
 2826
 2832
 2832
 2830
 2838
 2856
 2872
 2888
 2902
 2906
 2910
 2912
 2914
 2916
 2916
 2916
 2914
 2914
 2906
 2900
 2894
 2888
 2886
 2882
 2878
 2876
 2872
 2866
 2858
 2860
 2872
 2882
 2894
 2900
 2902
 2904
 2902
 2900
 2894
 2882
 2870
 2858
 2844
 2826
 2808
 2788
 2768
 2746
 2728
 2706
 2688
 2664
 2638
 2612
 2588
 2568
 2554
 2536
 2520
 2500
 2478
 2454
 2434
 2416
 2400
 2384
 2370
 2360
 2358
 2358
 2362
 2370
 2382
 2400
 2422
 2448
 2474
 2500
 2520
 2540
 2568
 2604
 2636
 2670
 2702
 2724
 2746
 2760
 2776
 2792
 2804
 2814
 2822
 2830
 2838
 2844
 2848
 2852
 2854
 2860
 2864
 2866
 2864
 2862
 2868
 2886
 2898
 2916
 2926
 2930
 2934
 2936
 2938
 2940
 2940
 2938
 2938
 2938
 2934
 2930
 2928
 2924
 2922
 2920
 2916
 2908
 2904
 2898
 2902
 2914
 2924
 2934
 2944
 2944
 2944
 2942
 2940
 2944
 2940
 2936
 2934
 2930
 2928
 2920
 2914
 2906
 2898
 2890
 2874
 2856
 2840
 2822
 2814
 2800
 2784
 2770
 2744
 2716
 2686
 2652
 2616
 2574
 2528
 2482
 2432
 2382
 2330
 2280
 2230
 2180
 2128
 2074
 2024
 1984
 1948
 1918
 1888
 1862
 1832
 1808
 1786
 1766
 1754
 1748
 1746
 1750
 1760
 1776
 1800
 1828
 1860
 1898
 1936
 1976
 2022
 2070
 2132
 2190
 2250
 2312
 2362
 2408
 2448
 2484
 2518
 2548
 2576
 2602
 2628
 2650
 2670
 2688
 2706
 2724
 2740
 2756
 2764
 2772
 2780
 2802
 2824
 2842
 2862
 2878
 2892
 2902
 2908
 2918
 2920
 2920
 2920
 2918
 2918
 2914
 2906
 2900
 2896
 2894
 2892
 2892
 2890
 2888
 2882
 2876
 2880
 2892
 2904
 2916
 2924
 2928
 2932
 2932
 2934
 2934
 2930
 2928
 2924
 2922
 2918
 2914
 2910
 2906
 2904
 2902
 2900
 2898
 2896
 2894
 2890
 2884
 2878
 2878
 2892
 2898
 2908
 2916
 2920
 2924
 2922
 2920
 2920
 2918
 2916
 2912
 2908
 2902
 2898
 2894
 2888
 2884
 2880
 2878
 2876
 2872
 2870
 2866
 2858
 2848
 2842
 2844
 2844
 2838
 2832
 2820
 2804
 2784
 2762
 2736
 2710
 2678
 2644
 2608
 2570
 2532
 2492
 2452
 2414
 2376
 2336
 2296
 2258
 2216
 2170
 2126
 2082
 2044
 2012
 1976
 1938
 1900
 1854
 1808
 1764
 1724
 1694
 1668
 1652
 1646
 1656
 1676
 1704
 1740
 1780
 1824
 1870
 1920
 1968
 2018
 2066
 2110
 2162
 2214
 2260
 2306
 2348
 2388
 2422
 2454
 2486
 2516
 2542
 2568
 2592
 2614
 2636
 2658
 2676
 2694
 2716
 2734
 2750
 2764
 2774
 2780
 2794
 2818
 2834
 2852
 2872
 2886
 2896
 2904
 2908
 2914
 2914
 2914
 2916
 2916
 2914
 2912
 2910
 2908
 2908
 2906
 2906
 2902
 2898
 2892
 2882
 2876
 2874
 2874
 2868
 2854
 2836
 2814
 2788
 2760
 2734
 2700
 2664
 2624
 2584
 2542
 2494
 2450
 2402
 2358
 2312
 2266
 2222
 2174
 2124
 2070
 2024
 1982
 1948
 1908
 1868
 1826
 1780
 1740
 1700
 1674
 1668
 1668
 1682
 1708
 1738
 1774
 1808
 1846
 1890
 1936
 1980
 2022
 2068
 2110
 2154
 2196
 2238
 2292
 2342
 2392
 2442
 2486
 2522
 2554
 2578
 2604
 2628
 2652
 2670
 2686
 2700
 2712
 2722
 2732
 2742
 2754
 2766
 2776
 2786
 2796
 2802
 2806
 2812
 2822
 2844
 2868
 2888
 2906
 2918
 2924
 2924
 2926
 2928
 2928
 2924
 2918
 2908
 2896
 2882
 2862
 2838
 2810
 2780
 2748
 2712
 2676
 2636
 2594
 2544
 2496
 2450
 2412
 2372
 2332
 2290
 2246
 2196
 2146
 2098
 2050
 2002
 1952
 1896
 1840
 1784
 1726
 1666
 1610
 1556
 1504
 1450
 1404
 1366
 1346
 1340
 1354
 1382
 1430
 1490
 1562
 1638
 1714
 1790
 1858
 1922
 1988
 2048
 2104
 2158
 2212
 2262
 2310
 2348
 2384
 2418
 2454
 2490
 2522
 2550
 2576
 2596
 2612
 2644
 2676
 2710
 2744
 2774
 2798
 2820
 2842
 2864
 2886
 2904
 2920
 2934
 2946
 2952
 2962
 2970
 2972
 2974
 2980
 2986
 2994
 3000
 3002
 3000
 3000
 3008
 3014
 3016
 3018
 3010
 2998
 2982
 2958
 2936
 2910
 2878
 2844
 2806
 2768
 2726
 2684
 2640
 2596
 2554
 2508
 2462
 2414
 2368
 2320
 2266
 2216
 2166
 2124
 2074
 2018
 1958
 1890
 1816
 1740
 1664
 1590
 1514
 1438
 1356
 1274
 1190
 1112
 1036
 970
 914
 860
 816
 786
 758
 738
 728
 726
 734
 758
 796
 854
 930
 1018
 1114
 1210
 1312
 1418
 1520
 1618
 1708
 1792
 1870
 1948
 2022
 2090
 2154
 2210
 2262
 2306
 2346
 2396
 2444
 2488
 2534
 2570
 2606
 2636
 2662
 2690
 2716
 2738
 2760
 2778
 2796
 2812
 2828
 2844
 2860
 2872
 2882
 2890
 2892
 2894
 2912
 2926
 2942
 2952
 2958
 2962
 2968
 2970
 2974
 2978
 2978
 2978
 2978
 2974
 2970
 2968
 2966
 2962
 2960
 2952
 2940
 2924
 2902
 2882
 2870
 2850
 2830
 2806
 2778
 2748
 2714
 2680
 2642
 2606
 2564
 2522
 2476
 2426
 2376
 2326
 2276
 2228
 2182
 2136
 2088
 2036
 1992
 1950
 1916
 1876
 1840
 1806
 1774
 1752
 1740
 1742
 1756
 1780
 1814
 1856
 1902
 1948
 2000
 2052
 2106
 2158
 2210
 2258
 2302
 2348
 2382
 2428
 2474
 2516
 2560
 2598
 2632
 2662
 2688
 2714
 2738
 2760
 2780
 2798
 2816
 2830
 2844
 2858
 2868
 2882
 2892
 2904
 2912
 2914
 2912
 2908
 2914
 2930
 2940
 2952
 2962
 2968
 2974
 2974
 2974
 2976
 2980
 2980
 2980
 2978
 2978
 2976
 2976
 2976
 2976
 2976
 2974
 2974
 2972
 2970
 2968
 2960
 2948
 2930
 2912
 2902
 2884
 2866
 2842
 2814
 2784
 2754
 2722
 2692
 2660
 2626
 2588
 2550
 2510
 2470
 2426
 2384
 2342
 2300
 2260
 2222
 2184
 2148
 2110
 2070
 2028
 1994
 1960
 1940
 1924
 1914
 1914
 1922
 1938
 1968
 2000
 2040
 2086
 2130
 2176
 2220
 2266
 2310
 2356
 2402
 2444
 2484
 2522
 2560
 2598
 2634
 2664
 2688
 2712
 2734
 2766
 2800
 2828
 2860
 2886
 2908
 2928
 2942
 2954
 2964
 2970
 2978
 2984
 2986
 2986
 2988
 2990
 2992
 2994
 2994
 2996
 2996
 2998
 2998
 2996
 2992
 2988
 2990
 3000
 3004
 3014
 3020
 3024
 3026
 3026
 3028
 3030
 3030
 3028
 3024
 3020
 3014
 3006
 2996
 2978
 2962
 2942
 2920
 2892
 2862
 2832
 2798
 2762
 2732
 2702
 2678
 2648
 2620
 2590
 2554
 2520
 2484
 2446
 2408
 2364
 2320
 2274
 2228
 2180
 2134
 2088
 2040
 1998
 1956
 1920
 1894
 1874
 1862
 1868
 1884
 1918
 1964
 2016
 2074
 2134
 2190
 2248
 2298
 2346
 2394
 2436
 2474
 2512
 2546
 2574
 2602
 2626
 2648
 2674
 2700
 2722
 2742
 2756
 2768
 2786
 2812
 2832
 2854
 2878
 2892
 2902
 2914
 2922
 2928
 2932
 2934
 2938
 2942
 2942
 2940
 2940
 2942
 2942
 2942
 2940
 2940
 2940
 2938
 2930
 2922
 2924
 2932
 2940
 2948
 2954
 2958
 2962
 2962
 2962
 2964
 2966
 2966
 2966
 2960
 2956
 2952
 2950
 2946
 2940
 2930
 2924
 2914
 2902
 2888
 2866
 2842
 2816
 2790
 2774
 2758
 2738
 2718
 2692
 2666
 2640
 2612
 2584
 2554
 2518
 2482
 2442
 2398
 2358
 2316
 2276
 2238
 2202
 2170
 2138
 2110
 2084
 2056
 2032
 2014
 1998
 1996
 2004
 2024
 2050
 2078
 2112
 2142
 2172
 2208
 2236
 2270
 2302
 2332
 2364
 2394
 2426
 2454
 2482
 2510
 2534
 2558
 2580
 2604
 2626
 2648
 2668
 2682
 2692
 2702
 2714
 2738
 2762
 2784
 2808
 2826
 2842
 2858
 2868
 2880
 2896
 2906
 2914
 2922
 2922
 2920
 2918
 2920
 2922
 2924
 2926
 2926
 2930
 2934
 2932
 2930
 2928
 2924
 2932
 2942
 2950
 2960
 2966
 2964
 2960
 2952
 2940
 2926
 2906
 2878
 2848
 2818
 2786
 2756
 2726
 2698
 2668
 2636
 2606
 2572
 2542
 2504
 2462
 2424
 2388
 2360
 2326
 2296
 2260
 2222
 2180
 2140
 2098
 2060
 2024
 1988
 1950
 1912
 1876
 1844
 1820
 1808
 1806
 1816
 1844
 1878
 1918
 1962
 2006
 2052
 2110
 2164
 2216
 2268
 2316
 2362
 2402
 2438
 2474
 2506
 2534
 2562
 2588
 2608
 2628
 2648
 2668
 2688
 2704
 2724
 2740
 2752
 2764
 2770
 2786
 2812
 2832
 2856
 2874
 2886
 2900
 2908
 2914
 2924
 2928
 2928
 2928
 2928
 2928
 2928
 2926
 2924
 2924
 2926
 2926
 2926
 2924
 2922
 2916
 2910
 2912
 2920
 2926
 2932
 2930
 2920
 2908
 2888
 2866
 2844
 2816
 2786
 2754
 2722
 2688
 2652
 2616
 2580
 2542
 2506
 2470
 2432
 2394
 2356
 2310
 2270
 2230
 2200
 2170
 2136
 2104
 2068
 2026
 1988
 1952
 1918
 1892
 1872
 1860
 1858
 1868
 1882
 1906
 1936
 1976
 2020
 2066
 2116
 2170
 2218
 2260
 2300
 2338
 2380
 2426
 2470
 2510
 2546
 2576
 2604
 2626
 2648
 2670
 2688
 2702
 2718
 2730
 2742
 2752
 2762
 2774
 2784
 2792
 2804
 2814
 2824
 2834
 2840
 2844
 2846
 2854
 2874
 2892
 2908
 2922
 2930
 2938
 2944
 2950
 2956
 2956
 2958
 2960
 2960
 2960
 2958
 2956
 2954
 2952
 2952
 2950
 2948
 2948
 2946
 2946
 2942
 2936
 2930
 2924
 2926
 2928
 2928
 2928
 2922
 2904
 2884
 2862
 2840
 2818
 2790
 2762
 2734
 2702
 2672
 2642
 2610
 2578
 2546
 2512
 2480
 2446
 2414
 2378
 2336
 2298
 2264
 2234
 2210
 2180
 2156
 2122
 2086
 2052
 2016
 1982
 1952
 1922
 1896
 1876
 1864
 1860
 1868
 1882
 1906
 1944
 1984
 2030
 2080
 2124
 2172
 2218
 2266
 2320
 2368
 2420
 2468
 2510
 2548
 2580
 2610
 2636
 2660
 2678
 2694
 2710
 2724
 2736
 2746
 2756
 2764
 2776
 2784
 2794
 2800
 2806
 2810
 2816
 2836
 2852
 2870
 2884
 2894
 2904
 2914
 2914
 2918
 2922
 2924
 2926
 2926
 2926
 2924
 2926
 2924
 2922
 2922
 2922
 2920
 2920
 2918
 2912
 2908
 2900
 2908
 2914
 2918
 2926
 2930
 2932
 2934
 2934
 2936
 2938
 2938
 2936
 2934
 2930
 2926
 2922
 2916
 2910
 2904
 2894
 2886
 2874
 2860
 2846
 2826
 2804
 2784
 2768
 2758
 2744
 2730
 2716
 2696
 2676
 2652
 2626
 2602
 2572
 2542
 2510
 2476
 2442
 2404
 2366
 2326
 2286
 2246
 2204
 2168
 2130
 2096
 2060
 2026
 2006
 1998
 2006
 2026
 2056
 2094
 2134
 2178
 2226
 2270
 2314
 2358
 2396
 2432
 2466
 2498
 2528
 2556
 2578
 2602
 2622
 2642
 2662
 2680
 2700
 2716
 2730
 2738
 2748
 2758
 2778
 2798
 2818
 2838
 2856
 2870
 2880
 2888
 2896
 2900
 2902
 2904
 2906
 2904
 2898
 2894
 2890
 2890
 2888
 2888
 2886
 2886
 2886
 2888
 2886
 2884
 2880
 2876
 2872
 2882
 2884
 2884
 2886
 2878
 2868
 2856
 2838
 2818
 2796
 2766
 2734
 2700
 2660
 2622
 2582
 2538
 2494
 2452
 2406
 2358
 2304
 2250
 2196
 2142
 2078
 2020
 1972
 1924
 1878
 1828
 1782
 1730
 1678
 1630
 1586
 1550
 1518
 1484
 1456
 1426
 1396
 1366
 1334
 1306
 1280
 1258
 1242
 1230
 1226
 1230
 1236
 1258
 1296
 1356
 1434
 1522
 1622
 1720
 1818
 1912
 1998
 2072
 2144
 2210
 2272
 2328
 2378
 2422
 2464
 2502
 2538
 2572
 2606
 2638
 2668
 2694
 2716
 2734
 2748
 2764
 2792
 2816
 2838
 2862
 2880
 2894
 2908
 2916
 2922
 2924
 2926
 2924
 2926
 2922
 2914
 2904
 2894
 2884
 2874
 2864
 2856
 2852
 2848
 2844
 2842
 2840
 2844
 2860
 2872
 2888
 2900
 2910
 2918
 2922
 2920
 2924
 2926
 2928
 2928
 2930
 2926
 2926
 2924
 2922
 2918
 2914
 2906
 2896
 2878
 2856
 2834
 2810
 2782
 2756
 2734
 2718
 2696
 2674
 2650
 2622
 2596
 2568
 2536
 2510
 2480
 2446
 2414
 2376
 2340
 2300
 2258
 2218
 2180
 2140
 2104
 2072
 2036
 2002
 1962
 1916
 1878
 1844
 1814
 1792
 1766
 1746
 1726
 1714
 1712
 1724
 1746
 1780
 1818
 1864
 1914
 1968
 2022
 2076
 2132
 2188
 2240
 2292
 2340
 2390
 2434
 2472
 2504
 2532
 2558
 2598
 2634
 2668
 2702
 2732
 2756
 2778
 2798
 2818
 2836
 2852
 2866
 2878
 2888
 2894
 2898
 2904
 2910
 2916
 2920
 2922
 2924
 2928
 2936
 2940
 2940
 2940
 2936
 2940
 2954
 2962
 2972
 2978
 2980
 2980
 2978
 2970
 2960
 2946
 2926
 2904
 2878
 2852
 2822
 2792
 2758
 2726
 2694
 2662
 2630
 2598
 2564
 2528
 2490
 2446
 2400
 2358
 2320
 2288
 2248
 2208
 2166
 2120
 2076
 2028
 1982
 1942
 1898
 1852
 1802
 1752
 1704
 1662
 1630
 1616
 1616
 1630
 1662
 1706
 1760
 1822
 1888
 1948
 2006
 2068
 2132
 2200
 2260
 2318
 2378
 2430
 2476
 2516
 2554
 2590
 2622
 2652
 2680
 2706
 2728
 2748
 2772
 2790
 2804
 2818
 2834
 2850
 2864
 2876
 2886
 2890
 2892
 2894
 2904
 2918
 2930
 2944
 2958
 2964
 2966
 2964
 2966
 2968
 2970
 2968
 2966
 2962
 2958
 2952
 2944
 2932
 2916
 2898
 2876
 2854
 2828
 2798
 2766
 2730
 2694
 2658
 2630
 2598
 2564
 2532
 2492
 2450
 2404
 2358
 2314
 2270
 2224
 2172
 2118
 2064
 2004
 1946
 1888
 1832
 1782
 1734
 1692
 1656
 1630
 1616
 1616
 1638
 1678
 1738
 1808
 1882
 1958
 2028
 2098
 2158
 2214
 2270
 2320
 2366
 2410
 2452
 2486
 2520
 2554
 2590
 2628
 2658
 2686
 2714
 2740
 2764
 2784
 2798
 2828
 2860
 2888
 2918
 2940
 2958
 2970
 2978
 2986
 2994
 3002
 3008
 3010
 3012
 3010
 3010
 3010
 3008
 3008
 3006
 3004
 3004
 3002
 2998
 2992
 2988
 2992
 3000
 3006
 3016
 3020
 3018
 3010
 3000
 2990
 2974
 2954
 2930
 2902
 2874
 2844
 2814
 2780
 2746
 2712
 2676
 2638
 2602
 2562
 2522
 2478
 2430
 2384
 2342
 2310
 2274
 2238
 2198
 2154
 2112
 2068
 2024
 1986
 1948
 1910
 1876
 1846
 1828
 1820
 1818
 1830
 1854
 1888
 1932
 1980
 2036
 2092
 2142
 2190
 2236
 2290
 2346
 2398
 2450
 2492
 2532
 2568
 2600
 2630
 2658
 2682
 2706
 2726
 2744
 2762
 2778
 2796
 2814
 2830
 2844
 2860
 2874
 2886
 2894
 2900
 2904
 2918
 2930
 2940
 2956
 2966
 2970
 2972
 2970
 2974
 2980
 2982
 2982
 2984
 2984
 2984
 2984
 2982
 2982
 2980
 2978
 2976
 2970
 2962
 2940
 2916
 2898
 2876
 2852
 2830
 2802
 2768
 2736
 2702
 2670
 2636
 2600
 2566
 2530
 2486
 2442
 2396
 2348
 2300
 2254
 2210
 2164
 2118
 2082
 2050
 2024
 1992
 1960
 1930
 1892
 1858
 1822
 1788
 1764
 1748
 1742
 1750
 1768
 1794
 1824
 1860
 1904
 1950
 2000
 2048
 2094
 2144
 2190
 2246
 2298
 2348
 2400
 2446
 2488
 2522
 2552
 2584
 2614
 2644
 2670
 2696
 2722
 2750
 2774
 2800
 2824
 2846
 2868
 2884
 2898
 2904
 2914
 2932
 2946
 2964
 2982
 2992
 3002
 3010
 3018
 3026
 3028
 3028
 3028
 3026
 3026
 3024
 3020
 3016
 3012
 3006
 3000
 2994
 2988
 2978
 2962
 2940
 2916
 2902
 2884
 2866
 2844
 2818
 2788
 2758
 2726
 2694
 2662
 2626
 2588
 2548
 2508
 2462
 2418
 2374
 2326
 2280
 2236
 2190
 2146
 2102
 2058
 2010
 1966
 1930
 1900
 1878
 1854
 1832
 1814
 1796
 1792
 1796
 1810
 1836
 1868
 1908
 1956
 2004
 2054
 2102
 2150
 2192
 2232
 2270
 2310
 2350
 2392
 2428
 2462
 2490
 2518
 2546
 2586
 2620
 2658
 2694
 2726
 2756
 2784
 2806
 2830
 2854
 2876
 2892
 2908
 2918
 2924
 2930
 2936
 2944
 2950
 2954
 2962
 2968
 2976
 2980
 2980
 2980
 2976
 2980
 2988
 2990
 3000
 3006
 3010
 3008
 3006
 3002
 2998
 2992
 2978
 2962
 2942
 2920
 2892
 2864
 2830
 2798
 2766
 2734
 2700
 2668
 2636
 2600
 2558
 2520
 2482
 2452
 2426
 2396
 2366
 2328
 2286
 2244
 2200
 2160
 2120
 2076
 2032
 1984
 1934
 1884
 1834
 1782
 1740
 1708
 1692
 1690
 1704
 1728
 1762
 1808
 1858
 1920
 1986
 2056
 2124
 2188
 2244
 2302
 2352
 2398
 2442
 2478
 2510
 2540
 2566
 2592
 2616
 2636
 2656
 2676
 2694
 2714
 2728
 2742
 2754
 2764
 2790
 2814
 2840
 2866
 2884
 2900
 2914
 2920
 2928
 2934
 2940
 2944
 2948
 2950
 2950
 2948
 2946
 2946
 2946
 2944
 2946
 2942
 2938
 2934
 2928
 2940
 2950
 2954
 2952
 2944
 2930
 2912
 2888
 2866
 2840
 2810
 2776
 2742
 2704
 2664
 2622
 2580
 2542
 2504
 2468
 2424
 2380
 2332
 2288
 2244
 2198
 2150
 2102
 2064
 2030
 1990
 1944
 1890
 1842
 1808
 1778
 1762
 1760
 1786
 1820
 1870
 1936
 1994
 2048
 2102
 2156
 2200
 2242
 2282
 2324
 2370
 2412
 2456
 2502
 2544
 2580
 2610
 2636
 2668
 2694
 2720
 2746
 2766
 2788
 2810
 2826
 2842
 2860
 2878
 2890
 2898
 2906
 2906
 2916
 2932
 2946
 2964
 2976
 2984
 2990
 2994
 2998
 3004
 3008
 3008
 3012
 3010
 3006
 3000
 2992
 2988
 2984
 2980
 2976
 2970
 2962
 2950
 2940
 2938
 2930
 2920
 2908
 2886
 2862
 2832
 2798
 2764
 2724
 2680
 2634
 2588
 2538
 2490
 2436
 2384
 2332
 2278
 2226
 2174
 2116
 2060
 2010
 1968
 1930
 1888
 1848
 1808
 1768
 1730
 1690
 1658
 1636
 1622
 1622
 1632
 1652
 1682
 1720
 1764
 1814
 1862
 1912
 1964
 2010
 2054
 2096
 2146
 2196
 2240
 2284
 2324
 2366
 2406
 2438
 2472
 2498
 2524
 2548
 2570
 2592
 2610
 2626
 2644
 2660
 2678
 2694
 2710
 2724
 2732
 2742
 2746
 2756
 2778
 2794
 2812
 2832
 2844
 2856
 2864
 2872
 2880
 2888
 2888
 2886
 2888
 2884
 2882
 2878
 2872
 2866
 2862
 2860
 2858
 2854
 2852
 2848
 2838
 2824
 2808
 2798
 2792
 2778
 2766
 2754
 2732
 2712
 2686
 2660
 2636
 2604
 2572
 2542
 2506
 2468
 2430
 2386
 2346
 2306
 2266
 2224
 2184
 2144
 2104
 2060
 2016
 1976
 1942
 1914
 1888
 1864
 1850
 1840
 1840
 1850
 1866
 1896
 1928
 1968
 2012
 2056
 2100
 2146
 2190
 2232
 2274
 2310
 2348
 2386
 2422
 2454
 2482
 2506
 2530
 2562
 2598
 2628
 2664
 2694
 2722
 2746
 2766
 2786
 2806
 2822
 2838
 2850
 2862
 2872
 2882
 2890
 2896
 2902
 2906
 2904
 2908
 2912
 2912
 2914
 2910
 2910
 2926
 2938
 2950
 2964
 2972
 2976
 2982
 2984
 2988
 2992
 2994
 2996
 2992
 2986
 2978
 2974
 2968
 2964
 2958
 2954
 2954
 2950
 2948
 2946
 2942
 2936
 2928
 2924
 2932
 2938
 2942
 2948
 2942
 2934
 2920
 2904
 2886
 2862
 2832
 2804
 2772
 2740
 2706
 2670
 2628
 2588
 2546
 2500
 2460
 2416
 2372
 2328
 2276
 2224
 2182
 2140
 2106
 2068
 2032
 1994
 1952
 1912
 1872
 1836
 1806
 1782
 1768
 1764
 1774
 1792
 1822
 1858
 1902
 1952
 2004
 2064
 2120
 2176
 2232
 2282
 2334
 2390
 2440
 2490
 2538
 2574
 2608
 2638
 2664
 2690
 2712
 2730
 2752
 2770
 2788
 2802
 2816
 2830
 2842
 2852
 2862
 2868
 2876
 2880
 2880
 2888
 2906
 2916
 2926
 2938
 2946
 2954
 2954
 2952
 2954
 2956
 2956
 2956
 2956
 2956
 2954
 2950
 2948
 2944
 2944
 2944
 2942
 2936
 2930
 2920
 2910
 2908
 2906
 2896
 2884
 2866
 2844
 2818
 2788
 2758
 2724
 2688
 2650
 2612
 2572
 2532
 2488
 2444
 2398
 2352
 2310
 2264
 2220
 2174
 2122
 2074
 2032
 1996
 1962
 1930
 1898
 1864
 1832
 1806
 1788
 1782
 1790
 1808
 1842
 1882
 1928
 1978
 2030
 2082
 2134
 2184
 2232
 2282
 2332
 2372
 2408
 2440
 2472
 2510
 2546
 2580
 2616
 2644
 2670
 2692
 2710
 2728
 2744
 2758
 2768
 2780
 2790
 2800
 2808
 2816
 2824
 2828
 2834
 2842
 2850
 2858
 2864
 2868
 2866
 2864
 2862
 2866
 2882
 2896
 2916
 2932
 2944
 2950
 2954
 2958
 2964
 2970
 2974
 2974
 2976
 2978
 2978
 2974
 2974
 2970
 2968
 2966
 2960
 2956
 2948
 2940
 2928
 2908
 2880
 2854
 2836
 2820
 2798
 2780
 2756
 2728
 2702
 2670
 2638
 2604
 2564
 2520
 2474
 2420
 2364
 2308
 2248
 2188
 2128
 2070
 2014
 1958
 1900
 1840
 1782
 1732
 1684
 1644
 1602
 1564
 1532
 1508
 1496
 1498
 1516
 1554
 1602
 1664
 1738
 1812
 1884
 1952
 2022
 2088
 2146
 2202
 2252
 2296
 2338
 2374
 2418
 2468
 2510
 2554
 2592
 2624
 2652
 2678
 2696
 2718
 2736
 2752
 2766
 2780
 2792
 2804
 2812
 2824
 2834
 2846
 2854
 2858
 2860
 2864
 2880
 2896
 2912
 2924
 2930
 2934
 2938
 2944
 2950
 2956
 2960
 2962
 2964
 2962
 2960
 2960
 2960
 2958
 2956
 2954
 2952
 2950
 2944
 2932
 2920
 2924
 2926
 2924
 2926
 2918
 2904
 2886
 2862
 2834
 2804
 2764
 2722
 2678
 2632
 2584
 2534
 2480
 2428
 2374
 2318
 2262
 2206
 2150
 2092
 2030
 1974
 1920
 1876
 1828
 1778
 1728
 1672
 1616
 1560
 1506
 1458
 1416
 1378
 1356
 1344
 1348
 1368
 1402
 1456
 1522
 1598
 1678
 1758
 1844
 1922
 1992
 2058
 2116
 2182
 2246
 2302
 2358
 2406
 2454
 2498
 2534
 2568
 2600
 2632
 2660
 2686
 2710
 2730
 2750
 2768
 2784
 2798
 2812
 2826
 2838
 2854
 2864
 2870
 2876
 2878
 2882
 2902
 2918
 2934
 2946
 2952
 2960
 2964
 2968
 2974
 2980
 2982
 2980
 2976
 2968
 2960
 2952
 2942
 2930
 2916
 2894
 2872
 2846
 2816
 2782
 2746
 2702
 2656
 2612
 2574
 2538
 2494
 2454
 2408
 2360
 2310
 2258
 2206
 2154
 2100
 2044
 1986
 1920
 1850
 1776
 1702
 1628
 1562
 1504
 1460
 1434
 1426
 1442
 1478
 1544
 1628
 1720
 1820
 1918
 2010
 2096
 2168
 2236
 2294
 2350
 2402
 2446
 2484
 2520
 2550
 2578
 2604
 2628
 2650
 2674
 2694
 2712
 2730
 2744
 2754
 2762
 2770
 2790
 2812
 2830
 2852
 2868
 2882
 2892
 2896
 2906
 2916
 2922
 2920
 2920
 2918
 2914
 2916
 2914
 2912
 2910
 2910
 2910
 2908
 2908
 2906
 2904
 2898
 2894
 2902
 2912
 2920
 2932
 2938
 2942
 2946
 2946
 2950
 2948
 2944
 2940
 2934
 2928
 2920
 2916
 2912
 2906
 2902
 2900
 2898
 2896
 2894
 2892
 2882
 2868
 2846
 2828
 2814
 2796
 2778
 2754
 2724
 2692
 2658
 2624
 2592
 2560
 2526
 2492
 2456
 2420
 2382
 2346
 2304
 2264
 2226
 2186
 2148
 2110
 2072
 2032
 1988
 1952
 1914
 1886
 1856
 1824
 1790
 1752
 1710
 1666
 1620
 1576
 1532
 1482
 1424
 1356
 1286
 1212
 1136
 1056
 974
 886
 804
 726
 644
 562
 492
 428
 376
 326
 282
 248
 220
 208
 204
 212
 236
 278
 340
 418
 516
 634
 770
 910
 1052
 1186
 1312
 1426
 1532
 1626
 1710
 1802
 1884
 1962
 2038
 2106
 2168
 2224
 2276
 2324
 2368
 2408
 2446
 2482
 2510
 2538
 2566
 2590
 2616
 2640
 2662
 2684
 2704
 2718
 2732
 2740
 2750
 2774
 2794
 2816
 2836
 2850
 2864
 2874
 2880
 2890
 2902
 2906
 2906
 2910
 2908
 2910
 2910
 2910
 2912
 2912
 2912
 2912
 2912
 2912
 2912
 2914
 2914
 2910
 2904
 2900
 2906
 2916
 2926
 2936
 2942
 2946
 2946
 2942
 2942
 2944
 2942
 2936
 2928
 2916
 2900
 2884
 2864
 2842
 2818
 2792
 2764
 2736
 2708
 2676
 2644
 2604
 2564
 2524
 2488
 2458
 2424
 2390
 2350
 2304
 2260
 2212
 2164
 2118
 2070
 2020
 1968
 1916
 1862
 1812
 1762
 1720
 1690
 1674
 1670
 1678
 1696
 1722
 1750
 1786
 1828
 1880
 1938
 1996
 2054
 2106
 2152
 2198
 2238
 2280
 2322
 2360
 2398
 2434
 2470
 2504
 2534
 2562
 2592
 2620
 2642
 2666
 2684
 2702
 2714
 2726
 2752
 2776
 2800
 2824
 2842
 2860
 2874
 2886
 2900
 2912
 2922
 2924
 2926
 2926
 2926
 2926
 2928
 2930
 2930
 2934
 2936
 2934
 2928
 2924
 2924
 2936
 2942
 2950
 2956
 2960
 2960
 2950
 2938
 2922
 2904
 2878
 2848
 2816
 2782
 2748
 2712
 2674
 2636
 2596
 2558
 2514
 2466
 2416
 2368
 2324
 2288
 2246
 2204
 2158
 2108
 2060
 2008
 1960
 1916
 1868
 1820
 1772
 1720
 1670
 1624
 1586
 1564
 1552
 1556
 1568
 1586
 1618
 1658
 1706
 1766
 1824
 1890
 1954
 2014
 2070
 2122
 2174
 2224
 2270
 2314
 2354
 2394
 2432
 2468
 2500
 2530
 2558
 2588
 2614
 2634
 2654
 2670
 2688
 2718
 2744
 2770
 2796
 2818
 2836
 2846
 2858
 2874
 2888
 2902
 2908
 2916
 2916
 2918
 2920
 2922
 2924
 2920
 2916
 2916
 2916
 2916
 2916
 2914
 2908
 2902
 2906
 2914
 2914
 2916
 2912
 2900
 2882
 2858
 2834
 2810
 2780
 2748
 2718
 2680
 2644
 2606
 2566
 2528
 2488
 2448
 2408
 2370
 2332
 2292
 2244
 2200
 2158
 2126
 2092
 2056
 2022
 1984
 1942
 1906
 1870
 1846
 1828
 1814
 1814
 1822
 1838
 1862
 1892
 1930
 1976
 2024
 2078
 2132
 2184
 2228
 2268
 2306
 2350
 2398
 2440
 2484
 2524
 2558
 2590
 2616
 2642
 2668
 2690
 2710
 2726
 2742
 2754
 2766
 2778
 2786
 2796
 2808
 2818
 2826
 2832
 2836
 2836
 2848
 2868
 2882
 2902
 2914
 2920
 2926
 2932
 2934
 2942
 2944
 2946
 2946
 2946
 2944
 2940
 2938
 2932
 2930
 2924
 2916
 2908
 2900
 2888
 2872
 2858
 2850
 2840
 2828
 2816
 2796
 2774
 2752
 2724
 2696
 2666
 2630
 2594
 2550
 2506
 2458
 2406
 2352
 2300
 2250
 2198
 2152
 2108
 2060
 2012
 1972
 1936
 1912
 1892
 1880
 1878
 1882
 1898
 1924
 1954
 1994
 2030
 2068
 2104
 2142
 2180
 2214
 2248
 2278
 2310
 2342
 2376
 2406
 2434
 2456
 2480
 2500
 2526
 2554
 2578
 2606
 2626
 2644
 2662
 2676
 2694
 2710
 2724
 2736
 2750
 2762
 2772
 2782
 2792
 2800
 2808
 2818
 2826
 2836
 2844
 2852
 2854
 2860
 2878
 2892
 2904
 2920
 2932
 2940
 2948
 2954
 2962
 2968
 2972
 2974
 2974
 2974
 2972
 2972
 2970
 2968
 2964
 2962
 2962
 2958
 2952
 2942
 2936
 2926
 2920
 2924
 2920
 2916
 2910
 2894
 2876
 2858
 2834
 2812
 2790
 2762
 2732
 2700
 2666
 2630
 2594
 2556
 2516
 2480
 2442
 2404
 2364
 2316
 2272
 2230
 2190
 2160
 2124
 2090
 2056
 2014
 1978
 1940
 1908
 1886
 1866
 1858
 1862
 1874
 1898
 1928
 1968
 2014
 2066
 2122
 2176
 2230
 2282
 2324
 2370
 2414
 2468
 2518
 2566
 2616
 2658
 2694
 2726
 2754
 2780
 2804
 2824
 2840
 2854
 2864
 2872
 2880
 2888
 2896
 2900
 2900
 2902
 2908
 2910
 2908
 2906
 2904
 2918
 2932
 2944
 2956
 2964
 2972
 2978
 2982
 2988
 2992
 2992
 2988
 2980
 2970
 2954
 2938
 2922
 2900
 2874
 2848
 2824
 2794
 2768
 2738
 2700
 2664
 2628
 2602
 2580
 2554
 2528
 2500
 2468
 2434
 2400
 2366
 2330
 2292
 2252
 2212
 2170
 2126
 2080
 2036
 1996
 1966
 1946
 1938
 1940
 1956
 1978
 2004
 2040
 2084
 2132
 2192
 2250
 2308
 2364
 2408
 2452
 2488
 2522
 2554
 2580
 2608
 2630
 2654
 2674
 2690
 2708
 2722
 2738
 2750
 2762
 2774
 2784
 2794
 2800
 2802
 2802
 2800
 2816
 2828
 2838
 2848
 2854
 2858
 2864
 2868
 2876
 2880
 2882
 2882
 2884
 2886
 2884
 2882
 2880
 2878
 2880
 2882
 2888
 2890
 2894
 2898
 2900
 2898
 2896
 2900
 2916
 2928
 2942
 2954
 2962
 2968
 2970
 2974
 2978
 2980
 2980
 2978
 2972
 2960
 2952
 2942
 2932
 2920
 2906
 2892
 2876
 2856
 2828
 2798
 2766
 2740
 2720
 2696
 2676
 2648
 2618
 2586
 2552
 2514
 2476
 2434
 2386
 2338
 2284
 2230
 2172
 2112
 2052
 1994
 1940
 1888
 1836
 1786
 1736
 1680
 1632
 1590
 1556
 1534
 1510
 1498
 1500
 1514
 1546
 1590
 1644
 1706
 1774
 1844
 1912
 1978
 2042
 2104
 2162
 2218
 2270
 2320
 2368
 2412
 2450
 2480
 2506
 2538
 2576
 2610
 2646
 2680
 2708
 2734
 2756
 2778
 2800
 2822
 2838
 2852
 2864
 2874
 2884
 2894
 2902
 2912
 2920
 2924
 2928
 2932
 2934
 2934
 2932
 2928
 2936
 2948
 2958
 2970
 2976
 2980
 2982
 2982
 2978
 2968
 2954
 2938
 2914
 2886
 2854
 2822
 2788
 2752
 2714
 2676
 2632
 2590
 2544
 2496
 2448
 2396
 2336
 2278
 2228
 2178
 2136
 2090
 2046
 2000
 1948
 1898
 1844
 1796
 1750
 1704
 1662
 1616
 1574
 1542
 1518
 1508
 1514
 1538
 1582
 1640
 1704
 1774
 1842
 1906
 1972
 2034
 2094
 2164
 2224
 2282
 2340
 2390
 2436
 2480
 2520
 2558
 2590
 2616
 2640
 2660
 2674
 2688
 2700
 2712
 2724
 2734
 2746
 2758
 2770
 2784
 2794
 2802
 2808
 2812
 2826
 2848
 2866
 2886
 2904
 2912
 2922
 2928
 2934
 2940
 2942
 2940
 2940
 2938
 2934
 2930
 2926
 2922
 2920
 2916
 2914
 2910
 2908
 2910
 2906
 2902
 2898
 2886
 2870
 2848
 2828
 2814
 2796
 2778
 2754
 2728
 2696
 2664
 2628
 2594
 2552
 2510
 2462
 2410
 2356
 2298
 2240
 2184
 2130
 2074
 2022
 1972
 1920
 1870
 1820
 1768
 1716
 1676
 1638
 1612
 1586
 1566
 1554
 1550
 1560
 1584
 1620
 1670
 1724
 1786
 1850
 1916
 1980
 2040
 2098
 2152
 2204
 2252
 2300
 2344
 2388
 2426
 2456
 2482
 2508
 2542
 2576
 2606
 2634
 2648
 2662
 2672
 2684
 2700
 2718
 2738
 2758
 2776
 2790
 2802
 2814
 2824
 2832
 2840
 2846
 2850
 2854
 2858
 2866
 2870
 2872
 2876
 2874
 2884
 2894
 2900
 2910
 2916
 2920
 2928
 2930
 2936
 2942
 2944
 2948
 2946
 2946
 2940
 2934
 2932
 2928
 2924
 2920
 2916
 2916
 2914
 2910
 2908
 2902
 2890
 2874
 2860
 2852
 2840
 2822
 2808
 2784
 2760
 2734
 2708
 2682
 2652
 2618
 2582
 2542
 2498
 2452
 2404
 2356
 2306
 2258
 2210
 2162
 2112
 2062
 2010
 1952
 1900
 1856
 1818
 1784
 1748
 1714
 1674
 1636
 1600
 1566
 1546
 1536
 1536
 1550
 1574
 1608
 1652
 1704
 1766
 1830
 1894
 1958
 2016
 2068
 2118
 2166
 2216
 2276
 2330
 2382
 2426
 2466
 2502
 2532
 2560
 2586
 2608
 2628
 2644
 2658
 2670
 2680
 2694
 2706
 2720
 2732
 2742
 2748
 2754
 2760
 2774
 2796
 2816
 2840
 2858
 2870
 2884
 2888
 2892
 2900
 2904
 2906
 2906
 2904
 2898
 2888
 2880
 2872
 2862
 2852
 2844
 2842
 2844
 2856
 2866
 2876
 2886
 2888
 2888
 2886
 2884
 2880
 2870
 2862
 2854
 2848
 2842
 2840
 2838
 2838
 2838
 2836
 2832
 2832
 2846
 2862
 2878
 2898
 2910
 2920
 2932
 2942
 2952
 2958
 2966
 2972
 2978
 2984
 2992
 2996
 3000
 3002
 3002
 2996
 2988
 2988
 2994
 2990
 2990
 2980
 2964
 2946
 2920
 2888
 2856
 2816
 2772
 2724
 2674
 2620
 2566
 2512
 2458
 2400
 2344
 2284
 2218
 2152
 2092
 2040
 1994
 1942
 1892
 1834
 1770
 1702
 1630
 1556
 1486
 1406
 1326
 1238
 1150
 1058
 970
 890
 818
 766
 730
 704
 698
 712
 746
 800
 866
 948
 1044
 1154
 1274
 1390
 1500
 1606
 1704
 1790
 1870
 1946
 2014
 2084
 2148
 2204
 2256
 2298
 2336
 2370
 2398
 2442
 2486
 2526
 2566
 2598
 2630
 2654
 2674
 2700
 2720
 2740
 2754
 2768
 2778
 2788
 2796
 2806
 2816
 2826
 2832
 2838
 2840
 2840
 2844
 2864
 2880
 2898
 2912
 2916
 2922
 2926
 2928
 2932
 2934
 2936
 2936
 2934
 2928
 2924
 2918
 2912
 2910
 2906
 2902
 2898
 2894
 2884
 2866
 2838
 2814
 2800
 2780
 2760
 2738
 2708
 2672
 2634
 2592
 2550
 2504
 2456
 2404
 2348
 2286
 2220
 2144
 2066
 1986
 1910
 1834
 1760
 1690
 1618
 1548
 1488
 1434
 1396
 1364
 1346
 1342
 1348
 1374
 1412
 1466
 1530
 1600
 1674
 1752
 1832
 1910
 1982
 2050
 2114
 2172
 2226
 2276
 2320
 2362
 2400
 2432
 2474
 2518
 2558
 2596
 2630
 2654
 2678
 2696
 2716
 2738
 2754
 2768
 2778
 2788
 2796
 2802
 2810
 2814
 2822
 2830
 2836
 2842
 2850
 2852
 2852
 2852
 2864
 2882
 2892
 2908
 2920
 2926
 2930
 2928
 2930
 2934
 2936
 2936
 2934
 2932
 2930
 2926
 2922
 2920
 2920
 2918
 2918
 2914
 2914
 2910
 2906
 2900
 2892
 2898
 2906
 2912
 2922
 2918
 2910
 2896
 2880
 2860
 2836
 2808
 2776
 2740
 2702
 2664
 2622
 2578
 2532
 2484
 2436
 2388
 2336
 2284
 2226
 2162
 2102
 2042
 1988
 1930
 1866
 1794
 1708
 1618
 1520
 1418
 1316
 1206
 1088
 958
 822
 682
 528
 374
 218
 70
 0
 0
 0
 0
 0
 0
 0
 0
 0
 0
 0
 0
 0
 0
 0
 0
 0
 0
 0
 6
 158
 314
 474
 622
 764
 896
 1014
 1138
 1262
 1378
 1488
 1590
 1680
 1764
 1838
 1910
 1978
 2042
 2100
 2156
 2206
 2252
 2298
 2342
 2390
 2432
 2468
 2502
 2526
 2564
 2612
 2650
 2688
 2722
 2752
 2776
 2794
 2812
 2830
 2848
 2858
 2870
 2878
 2884
 2886
 2888
 2890
 2892
 2890
 2886
 2880
 2884
 2896
 2904
 2916
 2930
 2936
 2942
 2944
 2946
 2952
 2952
 2948
 2950
 2942
 2930
 2924
 2920
 2916
 2914
 2914
 2910
 2904
 2888
 2866
 2850
 2828
 2800
 2776
 2742
 2706
 2666
 2622
 2578
 2534
 2486
 2432
 2376
 2316
 2252
 2192
 2130
 2068
 2008
 1946
 1878
 1816
 1758
 1708
 1662
 1616
 1570
 1524
 1476
 1436
 1408
 1398
 1400
 1416
 1454
 1504
 1566
 1634
 1708
 1784
 1862
 1930
 1994
 2052
 2106
 2172
 2232
 2290
 2346
 2400
 2448
 2486
 2520
 2554
 2588
 2616
 2644
 2668
 2690
 2710
 2732
 2752
 2768
 2780
 2788
 2796
 2798
 2812
 2828
 2846
 2866
 2880
 2890
 2898
 2896
 2898
 2900
 2902
 2902
 2898
 2890
 2884
 2880
 2876
 2872
 2868
 2866
 2862
 2858
 2850
 2844
 2856
 2862
 2874
 2884
 2886
 2888
 2884
 2872
 2860
 2838
 2808
 2776
 2744
 2706
 2666
 2624
 2580
 2540
 2500
 2460
 2420
 2378
 2332
 2286
 2244
 2210
 2182
 2146
 2112
 2072
 2030
 1984
 1938
 1894
 1852
 1816
 1788
 1770
 1764
 1766
 1784
 1814
 1852
 1902
 1956
 2016
 2074
 2124
 2172
 2218
 2268
 2322
 2372
 2428
 2478
 2518
 2556
 2582
 2612
 2640
 2662
 2682
 2700
 2718
 2734
 2748
 2762
 2776
 2788
 2804
 2814
 2826
 2834
 2840
 2844
 2844
 2860
 2878
 2894
 2914
 2926
 2936
 2944
 2944
 2944
 2946
 2946
 2944
 2940
 2936
 2930
 2928
 2922
 2914
 2902
 2888
 2874
 2856
 2830
 2800
 2770
 2750
 2730
 2704
 2682
 2654
 2618
 2588
 2552
 2514
 2476
 2434
 2388
 2340
 2288
 2234
 2180
 2122
 2068
 2016
 1966
 1914
 1864
 1826
 1796
 1782
 1774
 1780
 1800
 1824
 1860
 1900
 1942
 1992
 2040
 2086
 2130
 2172
 2218
 2264
 2308
 2352
 2392
 2430
 2466
 2496
 2522
 2546
 2582
 2622
 2652
 2688
 2716
 2742
 2766
 2782
 2802
 2818
 2834
 2846
 2856
 2864
 2872
 2878
 2888
 2896
 2900
 2908
 2906
 2900
 2894
 2888
 2900
 2910
 2920
 2932
 2940
 2944
 2944
 2940
 2942
 2944
 2944
 2940
 2936
 2932
 2926
 2920
 2912
 2902
 2892
 2876
 2858
 2836
 2808
 2774
 2742
 2714
 2694
 2670
 2644
 2616
 2580
 2544
 2506
 2466
 2428
 2388
 2342
 2294
 2240
 2182
 2122
 2060
 1998
 1942
 1888
 1834
 1786
 1738
 1694
 1658
 1638
 1636
 1660
 1694
 1744
 1806
 1872
 1944
 2012
 2078
 2142
 2206
 2264
 2318
 2366
 2408
 2444
 2476
 2502
 2526
 2550
 2572
 2594
 2612
 2624
 2636
 2644
 2660
 2682
 2702
 2726
 2746
 2762
 2774
 2786
 2796
 2806
 2812
 2820
 2824
 2828
 2830
 2832
 2832
 2834
 2836
 2838
 2844
 2848
 2854
 2858
 2860
 2862
 2862
 2870
 2886
 2898
 2910
 2920
 2928
 2934
 2936
 2940
 2944
 2948
 2948
 2944
 2936
 2930
 2924
 2918
 2914
 2910
 2904
 2904
 2900
 2896
 2894
 2888
 2880
 2872
 2862
 2866
 2862
 2858
 2854
 2842
 2828
 2808
 2788
 2766
 2740
 2712
 2682
 2646
 2610
 2572
 2532
 2492
 2446
 2404
 2362
 2320
 2276
 2232
 2182
 2130
 2084
 2042
 2012
 1978
 1944
 1908
 1876
 1848
 1830
 1824
 1834
 1852
 1882
 1920
 1964
 2016
 2068
 2120
 2172
 2222
 2270
 2316
 2358
 2392
 2424
 2448
 2488
 2532
 2570
 2612
 2644
 2674
 2702
 2722
 2742
 2764
 2778
 2792
 2802
 2810
 2816
 2820
 2826
 2832
 2840
 2852
 2862
 2864
 2860
 2856
 2856
 2870
 2890
 2906
 2920
 2928
 2932
 2938
 2940
 2946
 2952
 2952
 2952
 2952
 2946
 2938
 2932
 2924
 2918
 2916
 2916
 2918
 2920
 2916
 2908
 2902
 2900
 2914
 2922
 2930
 2934
 2934
 2930
 2924
 2918
 2908
 2896
 2876
 2854
 2830
 2802
 2774
 2746
 2718
 2692
 2664
 2636
 2608
 2580
 2550
 2516
 2482
 2452
 2430
 2410
 2388
 2364
 2334
 2296
 2258
 2218
 2180
 2142
 2100
 2056
 2010
 1958
 1908
 1858
 1808
 1764
 1728
 1702
 1688
 1686
 1694
 1710
 1740
 1782
 1838
 1902
 1970
 2040
 2104
 2164
 2222
 2272
 2320
 2366
 2410
 2450
 2488
 2520
 2548
 2576
 2600
 2622
 2642
 2662
 2682
 2702
 2720
 2730
 2740
 2746
 2758
 2780
 2794
 2812
 2828
 2838
 2848
 2854
 2860
 2868
 2872
 2872
 2872
 2868
 2860
 2852
 2842
 2828
 2810
 2788
 2766
 2738
 2708
 2672
 2628
 2574
 2518
 2460
 2406
 2362
 2320
 2274
 2230
 2176
 2116
 2056
 1994
 1940
 1882
 1824
 1768
 1710
 1650
 1592
 1534
 1480
 1428
 1380
 1338
 1304
 1284
 1280
 1288
 1304
 1334
 1384
 1438
 1504
 1576
 1646
 1720
 1790
 1854
 1916
 1974
 2030
 2080
 2126
 2170
 2206
 2240
 2272
 2300
 2326
 2350
 2374
 2402
 2436
 2474
 2518
 2574
 2660
 2780
 2934
 3094
 3252
 3388
 3504
 3592
 3644
 3678
 3704
 3732
 3768
 3816
 3872
 3918
 3946
 3942
 3930
 3918
 3900
 3876
 3848
 3818
 3792
 3764
 3730
 3680
 3620
 3562
 3504
 3456
 3400
 3348
 3296
 3242
 3190
 3138
 3084
 3032
 2980
 2926
 2872
 2818
 2762
 2708
 2656
 2606
 2556
 2508
 2460
 2412
 2362
 2306
 2252
 2200
 2158
 2120
 2076
 2038
 1992
 1948
 1906
 1866
 1832
 1802
 1776
 1758
 1748
 1750
 1758
 1774
 1798
 1832
 1870
 1916
 1962
 2008
 2054
 2104
 2150
 2206
 2258
 2310
 2362
 2408
 2450
 2488
 2520
 2554
 2582
 2608
 2630
 2650
 2670
 2686
 2704
 2720
 2734
 2752
 2770
 2786
 2796
 2808
 2814
 2818
 2836
 2858
 2880
 2904
 2924
 2936
 2948
 2952
 2954
 2964
 2966
 2968
 2968
 2968
 2966
 2964
 2962
 2962
 2960
 2960
 2958
 2958
 2956
 2950
 2940
 2926
 2918
 2918
 2908
 2896
 2880
 2856
 2830
 2802
 2772
 2742
 2708
 2672
 2632
 2588
 2544
 2496
 2448
 2402
 2356
 2310
 2262
 2214
 2164
 2106
 2048
 1998
 1952
 1916
 1878
 1844
 1806
 1766
 1728
 1690
 1656
 1630
 1612
 1604
 1606
 1620
 1648
 1684
 1728
 1780
 1838
 1898
 1964
 2028
 2084
 2136
 2184
 2234
 2286
 2334
 2380
 2424
 2462
 2500
 2530
 2556
 2580
 2602
 2622
 2638
 2654
 2668
 2682
 2696
 2710
 2722
 2736
 2752
 2766
 2782
 2792
 2800
 2810
 2818
 2844
 2870
 2894
 2914
 2928
 2938
 2948
 2956
 2962
 2968
 2974
 2976
 2976
 2976
 2972
 2966
 2962
 2952
 2938
 2924
 2904
 2880
 2854
 2822
 2782
 2748
 2718
 2692
 2660
 2632
 2596
 2556
 2512
 2466
 2422
 2380
 2330
 2280
 2226
 2166
 2108
 2048
 1986
 1928
 1870
 1818
 1770
 1716
 1662
 1616
 1578
 1548
 1524
 1508
 1502
 1506
 1522
 1552
 1592
 1646
 1706
 1762
 1820
 1880
 1940
 1998
 2052
 2102
 2154
 2206
 2252
 2290
 2326
 2358
 2390
 2434
 2472
 2512
 2552
 2584
 2614
 2636
 2656
 2680
 2700
 2720
 2736
 2750
 2766
 2778
 2792
 2806
 2822
 2834
 2850
 2862
 2868
 2872
 2882
 2902
 2920
 2940
 2956
 2966
 2970
 2970
 2974
 2982
 2984
 2984
 2982
 2982
 2980
 2974
 2968
 2966
 2962
 2960
 2956
 2950
 2942
 2928
 2912
 2896
 2886
 2870
 2858
 2840
 2816
 2792
 2764
 2734
 2704
 2668
 2632
 2590
 2548
 2500
 2450
 2400
 2348
 2298
 2246
 2194
 2142
 2086
 2026
 1976
 1928
 1890
 1848
 1812
 1774
 1736
 1700
 1666
 1636
 1622
 1618
 1626
 1644
 1670
 1702
 1740
 1784
 1838
 1894
 1952
 2012
 2072
 2126
 2174
 2220
 2268
 2320
 2368
 2414
 2456
 2492
 2524
 2552
 2578
 2606
 2628
 2650
 2670
 2686
 2700
 2714
 2728
 2742
 2754
 2766
 2780
 2792
 2800
 2808
 2812
 2818
 2844
 2864
 2882
 2906
 2916
 2922
 2930
 2934
 2940
 2948
 2950
 2952
 2954
 2952
 2948
 2944
 2940
 2936
 2936
 2934
 2932
 2930
 2928
 2922
 2914
 2900
 2886
 2884
 2876
 2862
 2846
 2826
 2804
 2778
 2750
 2722
 2692
 2660
 2630
 2596
 2558
 2522
 2484
 2446
 2406
 2366
 2324
 2282
 2240
 2198
 2156
 2112
 2066
 2028
 1994
 1970
 1946
 1924
 1906
 1890
 1886
 1890
 1908
 1940
 1976
 2018
 2060
 2102
 2144
 2190
 2234
 2274
 2310
 2346
 2382
 2418
 2448
 2472
 2494
 2516
 2546
 2578
 2602
 2630
 2654
 2674
 2696
 2710
 2724
 2738
 2748
 2754
 2764
 2768
 2774
 2776
 2780
 2784
 2788
 2794
 2802
 2810
 2818
 2822
 2824
 2824
 2826
 2846
 2866
 2888
 2910
 2926
 2938
 2950
 2952
 2952
 2956
 2954
 2954
 2950
 2948
 2944
 2940
 2938
 2930
 2926
 2924
 2922
 2924
 2922
 2918
 2912
 2908
 2910
 2922
 2930
 2936
 2940
 2934
 2926
 2912
 2896
 2878
 2856
 2828
 2794
 2764
 2732
 2700
 2666
 2632
 2600
 2564
 2532
 2496
 2462
 2424
 2380
 2336
 2298
 2264
 2234
 2204
 2170
 2134
 2094
 2048
 1998
 1950
 1902
 1852
 1806
 1758
 1716
 1686
 1666
 1660
 1670
 1694
 1734
 1790
 1850
 1910
 1970
 2026
 2094
 2164
 2226
 2290
 2348
 2402
 2448
 2486
 2520
 2554
 2582
 2608
 2632
 2650
 2666
 2682
 2694
 2706
 2716
 2730
 2744
 2754
 2764
 2770
 2776
 2796
 2818
 2840
 2864
 2882
 2898
 2914
 2924
 2936
 2940
 2942
 2944
 2944
 2944
 2944
 2940
 2938
 2938
 2938
 2938
 2936
 2940
 2938
 2936
 2932
 2924
 2934
 2944
 2958
 2972
 2978
 2984
 2988
 2990
 2990
 2992
 2992
 2990
 2988
 2982
 2972
 2964
 2956
 2946
 2934
 2920
 2904
 2886
 2868
 2848
 2822
 2792
 2760
 2730
 2706
 2690
 2668
 2648
 2624
 2594
 2564
 2532
 2496
 2462
 2424
 2382
 2340
 2294
 2248
 2200
 2154
 2108
 2072
 2044
 2028
 2026
 2038
 2062
 2094
 2126
 2166
 2210
 2268
 2330
 2388
 2446
 2496
 2542
 2582
 2616
 2646
 2674
 2696
 2718
 2734
 2750
 2762
 2770
 2776
 2782
 2790
 2794
 2798
 2802
 2802
 2802
 2800
 2800
 2812
 2828
 2842
 2858
 2868
 2874
 2876
 2876
 2876
 2876
 2872
 2870
 2868
 2860
 2852
 2844
 2834
 2828
 2824
 2818
 2812
 2806
 2798
 2792
 2782
 2772
 2762
 2760
 2770
 2776
 2784
 2794
 2796
 2798
 2800
 2830
 2886
 2940
 2984
 3018
 3038
 3046
 3048
 3048
 3046
 3044
 3036
 3024
 3010
 2986
 2954
 2916
 2872
 2824
 2778
 2742
 2718
 2696
 2674
 2652
 2628
 2598
 2566
 2526
 2490
 2454
 2412
 2372
 2328
 2284
 2234
 2184
 2134
 2082
 2028
 1978
 1932
 1886
 1846
 1798
 1748
 1706
 1668
 1640
 1614
 1586
 1560
 1532
 1506
 1488
 1482
 1488
 1510
 1544
 1596
 1670
 1780
 1910
 2032
 2136
 2226
 2298
 2354
 2402
 2440
 2466
 2492
 2512
 2532
 2568
 2604
 2640
 2680
 2712
 2740
 2766
 2786
 2810
 2830
 2846
 2862
 2874
 2884
 2890
 2896
 2900
 2902
 2902
 2904
 2910
 2914
 2922
 2926
 2928
 2926
 2926
 2936
 2952
 2966
 2982
 2992
 2996
 2994
 2990
 2988
 2986
 2978
 2966
 2950
 2928
 2904
 2872
 2840
 2806
 2770
 2734
 2698
 2662
 2624
 2586
 2540
 2492
 2446
 2402
 2368
 2326
 2282
 2230
 2174
 2112
 2046
 1978
 1916
 1848
 1776
 1702
 1626
 1550
 1468
 1380
 1290
 1200
 1106
 1012
 906
 796
 692
 588
 482
 370
 256
 146
 30
 0
 0
 0
 0
 0
 0
 0
 0
 0
 0
 0
 0
 0
 0
 0
 0
 0
 0
 0
 0
 0
 0
 0
 0
 0
 0
 0
 0
 0
 0
 0
 0
 0
 112
 260
 398
 526
 650
 798
 942
 1082
 1216
 1336
 1442
 1536
 1624
 1704
 1786
 1866
 1936
 1998
 2058
 2114
 2168
 2220
 2270
 2314
 2356
 2390
 2426
 2478
 2526
 2570
 2614
 2652
 2686
 2710
 2732
 2756
 2776
 2792
 2804
 2816
 2826
 2836
 2842
 2846
 2854
 2862
 2870
 2876
 2882
 2884
 2886
 2884
 2878
 2892
 2908
 2920
 2932
 2938
 2942
 2946
 2940
 2940
 2940
 2940
 2936
 2934
 2930
 2924
 2918
 2910
 2906
 2900
 2896
 2892
 2888
 2886
 2882
 2882
 2880
 2882
 2880
 2876
 2870
 2862
 2864
 2864
 2856
 2850
 2836
 2818
 2794
 2764
 2736
 2702
 2664
 2626
 2586
 2542
 2496
 2446
 2394
 2340
 2282
 2224
 2168
 2110
 2052
 1996
 1938
 1886
 1832
 1778
 1724
 1684
 1650
 1640
 1638
 1650
 1680
 1720
 1776
 1836
 1898
 1966
 2030
 2090
 2146
 2200
 2248
 2290
 2328
 2366
 2398
 2428
 2456
 2482
 2506
 2528
 2550
 2568
 2582
 2594
 2606
 2624
 2650
 2668
 2694
 2716
 2734
 2748
 2758
 2768
 2778
 2788
 2794
 2802
 2808
 2812
 2816
 2818
 2822
 2828
 2832
 2836
 2840
 2842
 2846
 2848
 2852
 2854
 2856
 2856
 2852
 2864
 2886
 2896
 2912
 2924
 2932
 2938
 2940
 2942
 2946
 2946
 2948
 2944
 2942
 2938
 2934
 2928
 2920
 2916
 2908
 2902
 2894
 2880
 2864
 2846
 2822
 2792
 2766
 2738
 2722
 2700
 2680
 2656
 2630
 2598
 2564
 2526
 2484
 2438
 2390
 2340
 2286
 2234
 2176
 2116
 2056
 1996
 1938
 1882
 1830
 1780
 1730
 1684
 1634
 1586
 1550
 1522
 1516
 1522
 1542
 1578
 1624
 1680
 1746
 1810
 1874
 1940
 2004
 2068
 2126
 2180
 2232
 2278
 2320
 2358
 2394
 2426
 2458
 2492
 2518
 2538
 2556
 2572
 2602
 2636
 2666
 2698
 2728
 2752
 2774
 2790
 2804
 2820
 2832
 2842
 2850
 2854
 2858
 2864
 2868
 2870
 2874
 2878
 2882
 2886
 2890
 2892
 2888
 2880
 2870
 2866
 2882
 2892
 2904
 2916
 2920
 2922
 2918
 2908
 2898
 2882
 2860
 2832
 2802
 2768
 2734
 2700
 2662
 2624
 2586
 2544
 2504
 2460
 2416
 2370
 2324
 2268
 2216
 2166
 2126
 2088
 2044
 2002
 1954
 1902
 1854
 1802
 1758
 1720
 1688
 1670
 1662
 1668
 1690
 1720
 1762
 1816
 1876
 1940
 2006
 2070
 2130
 2186
 2236
 2282
 2324
 2378
 2424
 2468
 2510
 2544
 2576
 2606
 2628
 2648
 2664
 2674
 2686
 2694
 2700
 2702
 2708
 2714
 2722
 2728
 2736
 2746
 2756
 2768
 2782
 2792
 2798
 2802
 2808
 2828
 2854
 2874
 2898
 2916
 2928
 2938
 2944
 2948
 2952
 2954
 2956
 2956
 2954
 2952
 2948
 2948
 2946
 2944
 2942
 2942
 2940
 2940
 2938
 2934
 2928
 2918
 2916
 2926
 2932
 2936
 2936
 2932
 2922
 2908
 2888
 2870
 2846
 2816
 2782
 2748
 2714
 2678
 2642
 2606
 2566
 2526
 2486
 2446
 2404
 2362
 2320
 2272
 2220
 2170
 2126
 2092
 2056
 2018
 1980
 1936
 1888
 1846
 1802
 1774
 1754
 1744
 1750
 1772
 1806
 1850
 1896
 1948
 2004
 2064
 2122
 2180
 2236
 2284
 2324
 2362
 2398
 2446
 2492
 2536
 2582
 2618
 2648
 2678
 2698
 2716
 2738
 2758
 2774
 2788
 2800
 2810
 2818
 2826
 2836
 2846
 2852
 2858
 2866
 2870
 2870
 2870
 2870
 2886
 2900
 2912
 2928
 2942
 2946
 2950
 2954
 2958
 2960
 2962
 2962
 2962
 2958
 2954
 2950
 2946
 2944
 2940
 2940
 2938
 2930
 2922
 2916
 2916
 2926
 2928
 2934
 2938
 2934
 2924
 2906
 2884
 2864
 2838
 2802
 2760
 2716
 2668
 2618
 2564
 2508
 2456
 2406
 2352
 2296
 2240
 2178
 2120
 2072
 2030
 1988
 1942
 1906
 1864
 1820
 1774
 1724
 1680
 1638
 1598
 1566
 1544
 1534
 1542
 1566
 1602
 1652
 1706
 1768
 1834
 1894
 1952
 2012
 2066
 2134
 2194
 2252
 2308
 2364
 2414
 2458
 2498
 2538
 2572
 2606
 2638
 2664
 2684
 2702
 2722
 2742
 2758
 2772
 2786
 2800
 2814
 2820
 2826
 2828
 2840
 2862
 2876
 2896
 2914
 2922
 2926
 2926
 2926
 2932
 2932
 2930
 2928
 2922
 2920
 2914
 2908
 2906
 2904
 2902
 2902
 2900
 2898
 2898
 2900
 2890
 2882
 2876
 2884
 2900
 2912
 2928
 2940
 2950
 2956
 2952
 2952
 2950
 2948
 2948
 2946
 2942
 2936
 2928
 2924
 2918
 2914
 2914
 2912
 2910
 2908
 2894
 2866
 2830
 2800
 2784
 2764
 2744
 2724
 2700
 2672
 2640
 2604
 2570
 2536
 2498
 2458
 2414
 2366
 2316
 2262
 2210
 2162
 2116
 2068
 2024
 1980
 1930
 1884
 1844
 1812
 1788
 1758
 1730
 1698
 1664
 1634
 1606
 1588
 1582
 1586
 1604
 1630
 1670
 1718
 1772
 1836
 1908
 1982
 2052
 2120
 2182
 2240
 2294
 2352
 2414
 2468
 2520
 2568
 2608
 2640
 2668
 2690
 2710
 2726
 2738
 2750
 2758
 2764
 2768
 2774
 2780
 2784
 2792
 2796
 2800
 2802
 2802
 2808
 2826
 2842
 2862
 2882
 2896
 2908
 2912
 2916
 2924
 2930
 2934
 2936
 2938
 2940
 2940
 2940
 2938
 2938
 2936
 2936
 2934
 2930
 2916
 2898
 2896
 2904
 2908
 2916
 2924
 2928
 2930
 2924
 2918
 2918
 2914
 2912
 2908
 2902
 2898
 2892
 2886
 2876
 2866
 2854
 2842
 2826
 2806
 2786
 2774
 2766
 2754
 2748
 2736
 2720
 2700
 2674
 2646
 2618
 2584
 2548
 2508
 2468
 2424
 2376
 2326
 2274
 2224
 2170
 2110
 2044
 1980
 1918
 1864
 1806
 1742
 1672
 1594
 1506
 1418
 1322
 1228
 1124
 1014
 896
 770
 638
 498
 354
 208
 64
 0
 0
 0
 0
 0
 0
 0
 0
 0
 0
 0
 0
 0
 0
 0
 0
 0
 0
 0
 0
 0
 146
 304
 450
 584
 708
 842
 978
 1106
 1232
 1348
 1458
 1560
 1646
 1726
 1804
 1876
 1940
 2000
 2058
 2110
 2164
 2218
 2264
 2304
 2338
 2376
 2408
 2444
 2490
 2530
 2572
 2608
 2638
 2666
 2688
 2710
 2740
 2766
 2790
 2810
 2826
 2840
 2852
 2864
 2872
 2884
 2892
 2898
 2902
 2904
 2898
 2902
 2918
 2932
 2952
 2966
 2976
 2988
 2988
 2992
 2996
 3004
 3012
 3024
 3034
 3040
 3046
 3048
 3052
 3058
 3060
 3060
 3060
 3062
 3056
 3048
 3036
 3030
 3028
 3016
 3004
 2988
 2970
 2950
 2922
 2886
 2850
 2812
 2768
 2722
 2674
 2624
 2572
 2518
 2466
 2414
 2364
 2318
 2268
 2218
 2170
 2130
 2100
 2066
 2026
 1982
 1936
 1890
 1852
 1826
 1818
 1822
 1838
 1866
 1902
 1948
 1996
 2046
 2094
 2144
 2192
 2242
 2284
 2324
 2358
 2396
 2448
 2492
 2538
 2582
 2622
 2656
 2682
 2706
 2730
 2752
 2774
 2790
 2806
 2818
 2828
 2840
 2850
 2860
 2870
 2880
 2886
 2888
 2886
 2882
 2892
 2902
 2910
 2922
 2930
 2934
 2936
 2936
 2938
 2942
 2942
 2938
 2936
 2934
 2930
 2918
 2902
 2886
 2868
 2848
 2826
 2802
 2770
 2740
 2714
 2698
 2672
 2650
 2624
 2592
 2560
 2524
 2488
 2452
 2414
 2370
 2326
 2276
 2226
 2174
 2118
 2066
 2016
 1968
 1924
 1878
 1834
 1804
 1784
 1786
 1798
 1824
 1868
 1916
 1974
 2034
 2090
 2144
 2198
 2242
 2288
 2334
 2374
 2408
 2442
 2474
 2504
 2530
 2556
 2576
 2594
 2610
 2622
 2648
 2676
 2702
 2732
 2756
 2774
 2790
 2804
 2816
 2830
 2840
 2846
 2852
 2858
 2860
 2862
 2864
 2868
 2872
 2874
 2878
 2882
 2878
 2876
 2868
 2868
 2884
 2890
 2900
 2910
 2916
 2922
 2924
 2924
 2928
 2928
 2930
 2930
 2928
 2922
 2918
 2914
 2906
 2900
 2888
 2876
 2860
 2844
 2826
 2800
 2770
 2738
 2704
 2684
 2662
 2636
 2612
 2582
 2548
 2512
 2474
 2434
 2396
 2352
 2308
 2262
 2212
 2158
 2102
 2048
 1996
 1948
 1902
 1862
 1824
 1784
 1744
 1720
 1708
 1720
 1748
 1788
 1844
 1904
 1968
 2030
 2090
 2146
 2200
 2252
 2298
 2340
 2382
 2420
 2454
 2486
 2514
 2542
 2568
 2592
 2610
 2624
 2636
 2664
 2692
 2718
 2744
 2768
 2784
 2796
 2808
 2816
 2830
 2842
 2850
 2858
 2862
 2864
 2868
 2866
 2866
 2864
 2866
 2868
 2872
 2880
 2882
 2882
 2898
 2916
 2928
 2942
 2946
 2948
 2948
 2948
 2948
 2944
 2936
 2930
 2922
 2916
 2908
 2900
 2888
 2876
 2864
 2846
 2828
 2808
 2788
 2766
 2740
 2708
 2680
 2656
 2642
 2620
 2600
 2578
 2546
 2516
 2482
 2444
 2408
 2368
 2324
 2278
 2230
 2178
 2124
 2068
 2012
 1960
 1910
 1862
 1816
 1772
 1724
 1678
 1642
 1612
 1598
 1588
 1590
 1602
 1626
 1670
 1722
 1778
 1842
 1902
 1960
 2018
 2074
 2128
 2178
 2226
 2272
 2312
 2352
 2388
 2424
 2454
 2478
 2498
 2516
 2552
 2580
 2612
 2642
 2666
 2688
 2710
 2726
 2746
 2762
 2776
 2786
 2794
 2800
 2804
 2810
 2818
 2824
 2832
 2836
 2844
 2852
 2862
 2870
 2872
 2872
 2872
 2876
 2896
 2914
 2928
 2938
 2944
 2948
 2950
 2952
 2956
 2956
 2954
 2948
 2938
 2924
 2902
 2880
 2856
 2828
 2800
 2772
 2740
 2708
 2678
 2642
 2600
 2554
 2512
 2474
 2446
 2410
 2376
 2334
 2292
 2248
 2200
 2150
 2102
 2052
 1998
 1944
 1882
 1822
 1760
 1696
 1634
 1578
 1528
 1490
 1470
 1466
 1478
 1502
 1542
 1600
 1664
 1746
 1834
 1916
 2002
 2076
 2146
 2210
 2268
 2326
 2378
 2424
 2460
 2494
 2524
 2552
 2578
 2598
 2618
 2638
 2656
 2672
 2686
 2700
 2716
 2728
 2736
 2742
 2748
 2764
 2788
 2810
 2834
 2856
 2876
 2890
 2902
 2912
 2920
 2926
 2928
 2928
 2928
 2928
 2924
 2922
 2920
 2916
 2912
 2906
 2900
 2890
 2880
 2866
 2848
 2822
 2794
 2766
 2748
 2730
 2708
 2686
 2654
 2618
 2580
 2538
 2498
 2454
 2406
 2352
 2296
 2232
 2168
 2104
 2040
 1982
 1922
 1862
 1808
 1756
 1704
 1656
 1606
 1556
 1516
 1480
 1456
 1434
 1412
 1400
 1388
 1382
 1392
 1408
 1442
 1482
 1528
 1580
 1638
 1702
 1766
 1830
 1892
 1954
 2012
 2072
 2126
 2182
 2236
 2284
 2324
 2360
 2400
 2448
 2488
 2532
 2568
 2596
 2626
 2650
 2672
 2696
 2714
 2730
 2746
 2758
 2770
 2778
 2788
 2800
 2810
 2822
 2832
 2842
 2854
 2862
 2866
 2868
 2868
 2878
 2902
 2920
 2946
 2966
 2980
 2994
 3006
 3016
 3024
 3028
 3032
 3034
 3034
 3034
 3032
 3030
 3028
 3026
 3020
 3018
 3012
 3006
 2998
 2986
 2968
 2944
 2918
 2892
 2876
 2860
 2840
 2822
 2800
 2778
 2750
 2718
 2682
 2640
 2594
 2544
 2490
 2428
 2364
 2296
 2230
 2166
 2100
 2038
 1976
 1918
 1862
 1806
 1748
 1684
 1628
 1566
 1510
 1442
 1364
 1282
 1186
 1084
 980
 874
 772
 678
 586
 502
 426
 362
 304
 258
 238
 246
 290
 364
 462
 580
 708
 846
 982
 1126
 1258
 1386
 1504
 1612
 1714
 1802
 1886
 1966
 2042
 2108
 2170
 2226
 2282
 2336
 2386
 2434
 2484
 2528
 2562
 2592
 2614
 2640
 2678
 2714
 2746
 2780
 2802
 2824
 2838
 2850
 2864
 2878
 2890
 2896
 2904
 2906
 2904
 2902
 2902
 2900
 2902
 2898
 2896
 2890
 2886
 2902
 2912
 2926
 2936
 2944
 2950
 2952
 2954
 2956
 2952
 2940
 2920
 2894
 2862
 2824
 2788
 2748
 2708
 2664
 2614
 2556
 2494
 2438
 2384
 2336
 2280
 2226
 2164
 2098
 2034
 1968
 1902
 1842
 1776
 1710
 1644
 1576
 1512
 1446
 1382
 1326
 1280
 1246
 1230
 1236
 1264
 1314
 1388
 1472
 1566
 1658
 1754
 1852
 1938
 2016
 2088
 2154
 2214
 2270
 2322
 2372
 2424
 2470
 2512
 2552
 2584
 2608
 2630
 2646
 2668
 2700
 2728
 2760
 2790
 2812
 2830
 2846
 2860
 2876
 2888
 2898
 2902
 2902
 2900
 2898
 2898
 2896
 2896
 2894
 2894
 2894
 2892
 2886
 2876
 2868
 2882
 2892
 2902
 2920
 2928
 2934
 2936
 2934
 2934
 2930
 2922
 2904
 2880
 2854
 2824
 2794
 2762
 2728
 2694
 2656
 2620
 2582
 2538
 2490
 2430
 2370
 2318
 2268
 2232
 2192
 2156
 2118
 2078
 2036
 1994
 1950
 1912
 1872
 1830
 1786
 1742
 1696
 1654
 1616
 1586
 1566
 1564
 1574
 1602
 1644
 1692
 1750
 1818
 1886
 1968
 2044
 2122
 2196
 2264
 2324
 2378
 2430
 2480
 2526
 2566
 2602
 2638
 2668
 2694
 2720
 2744
 2768
 2790
 2812
 2830
 2840
 2850
 2858
 2876
 2902
 2922
 2942
 2956
 2966
 2972
 2976
 2980
 2984
 2988
 2990
 2990
 2986
 2980
 2974
 2968
 2964
 2960
 2954
 2946
 2930
 2912
 2890
 2876
 2854
 2828
 2804
 2774
 2740
 2702
 2656
 2608
 2560
 2508
 2454
 2398
 2342
 2282
 2214
 2144
 2078
 2016
 1948
 1874
 1810
 1750
 1708
 1660
 1610
 1560
 1504
 1448
 1402
 1360
 1336
 1326
 1338
 1366
 1410
 1466
 1530
 1598
 1680
 1768
 1852
 1934
 2006
 2068
 2130
 2200
 2266
 2332
 2398
 2454
 2498
 2530
 2564
 2598
 2628
 2654
 2680
 2700
 2720
 2734
 2748
 2762
 2774
 2790
 2800
 2806
 2810
 2816
 2834
 2850
 2870
 2890
 2908
 2916
 2916
 2918
 2924
 2928
 2932
 2934
 2932
 2932
 2928
 2924
 2918
 2908
 2896
 2878
 2852
 2818
 2784
 2750
 2726
 2698
 2670
 2644
 2610
 2576
 2538
 2498
 2462
 2424
 2380
 2332
 2280
 2226
 2168
 2112
 2056
 2000
 1946
 1888
 1828
 1774
 1730
 1692
 1668
 1648
 1638
 1638
 1648
 1672
 1708
 1754
 1810
 1868
 1924
 1984
 2042
 2098
 2152
 2202
 2250
 2302
 2354
 2396
 2436
 2474
 2516
 2574
 2628
 2680
 2724
 2760
 2788
 2814
 2834
 2854
 2872
 2880
 2886
 2892
 2894
 2892
 2886
 2882
 2878
 2876
 2872
 2868
 2858
 2846
 2834
 2838
 2858
 2870
 2884
 2892
 2892
 2888
 2882
 2880
 2878
 2874
 2870
 2866
 2866
 2862
 2858
 2860
 2862
 2864
 2864
 2864
 2858
 2842
 2822
 2796
 2784
 2768
 2752
 2738
 2716
 2690
 2662
 2628
 2598
 2566
 2524
 2480
 2434
 2388
 2342
 2296
 2248
 2192
 2134
 2070
 1998
 1928
 1870
 1822
 1782
 1742
 1708
 1680
 1662
 1660
 1670
 1692
 1726
 1762
 1808
 1862
 1922
 1980
 2036
 2090
 2144
 2196
 2242
 2284
 2328
 2368
 2416
 2476
 2528
 2580
 2632
 2670
 2706
 2734
 2758
 2782
 2804
 2822
 2836
 2848
 2858
 2866
 2876
 2882
 2890
 2894
 2890
 2886
 2880
 2886
 2904
 2918
 2936
 2948
 2958
 2964
 2964
 2966
 2970
 2974
 2972
 2970
 2966
 2960
 2956
 2952
 2946
 2940
 2934
 2924
 2904
 2880
 2856
 2846
 2832
 2818
 2800
 2776
 2752
 2726
 2696
 2670
 2636
 2600
 2558
 2516
 2472
 2424
 2374
 2324
 2274
 2224
