50
129
214
298
388
464
542
638
735
746
818
898
994
1081
1173
1249
1327
1393
1464
1665
1736
1807
1891
1972
1989
2088
2098
2191
2199
2274
2344
2421
2515
2590
2667
2740
2815
2924
2933
3059
3060
3178
3192
3261
3338
3407
3495
3581
3652
3735
3812
3888
3953
4023
4097
4168
4264
4363
4449
4524
4604
4680
4763
4833
4912
4984
5087
5170
5237
5307
5396
5480
5550
5649
5723
5799
5886
5970
6044
6117
6183
6249
6314
6392
6464
6565
6641
6717
6800
6881
6950
7037
7116
7208
7272
7345
7429
7509
7580
7644
7734
7816
7913
7992
8061
8137
8216
8303
8397
8482
8576
8654
8737
8814
8886
