64
80
138
341
343
444
545
653
777
868
961
1068
1186
1275
1355
1440
1551
1667
1779
1893
2004
2117
2219
2348
2359
2474
2487
2595
2708
2722
2849
2978
3136
3248
3331
3425
3504
3601
3727
3736
3827
3949
3961
4073
4086
4166
4272
4347
4447
4574
4698
4711
4822
4954
4957
5064
5163
5265
5381
5481
5617
5632
5722
5849
5956
6039
6119
6209
6289
6388
6402
6495
6627
6738
6845
6952
7039
7138
7260
7376
7453
7544
7654
7666
7770
7849
7988
8092
8111
8198
8302
8318
8402
8414
8486
8609
8623
8725
8808
8909
9022
9129
9145
9253
9268
9366
9480
9587
9603
9710
9726
9822
9930
10071
10084
10192
10208
10323
10336
10443
10455
10641
10749
10843
10944
11039
11142
11161
11249
11399
11482
11576
11707
11788
11884
11984
12108
12122
12213
12300
12369
12448
12532
12548
12615
12699
12800
12888
12976
13083
13178
13270
13470
13485
13799
13950
13965
14044
14174
14188
14272
14415
14505
14587
14663
14758
14847
14956
15060
15142
15260
15342
15432
15606
15727
15844
15858
15970
