87
166
241
315
398
486
572
658
751
845
937
1028
1115
1198
1282
1371
1465
1561
1655
1744
1834
1927
2024
2121
2215
2305
2398
2493
2589
2685
2781
2878
2978
3079
3176
3268
3363
3466
3570
3674
3777
3875
3974
4072
4172
4271
4366
4463
4568
4673
4774
4871
4970
5072
5175
5275
5368
5464
5555
5637
5714
5801
5889
5981
6081
6182
6274
6359
6444
6530
6620
6707
6792
6874
6959
7045
7130
7216
7302
7392
7485
7575
7664
7754
7848
7944
8038
8129
8218
8308
8400
8495
8587
8678
8769
8863
8959
9056
9149
9238
9332
9428
9525
9621
9716
9806
9897
9990
10086
10182
10274
10365
10458
10554
10649
10743
10833
10927
11021
11117
11213
11303
11395
11493
11594
11695
11792
11885
11981
12081
12180
12277
12367
12455
12543
12642
12748
12853
12952
13052
13154
13257
13354
13448
13544
13636
13729
13820
13908
14000
14093
14186
14278
14369
14458
14553
14651
14749
14841
14929
15011
15090
15166
15238
15312
15397
15487
15576
15667
15760
15854
15947
16035
16128
16223
16317
16407
16496
16584
16671
16756
16840
16930
17023
17115
17207
17296
17385
17474
17567
17659
17752
17843
17932
18022
18114
18209
18304
18397
18488
18582
18677
18770
18861
18950
19039
19132
19226
19318
19408
19500
19592
19687
19782
19874
19966
20063
20160
20254
20348
20444
20543
20644
20744
20838
20934
21032
21134
21230
21324
21417
21514
21612
21706
21799
21900
21999
22096
22189
22287
22388
22487
22583
22678
22773
22869
22965
23059
23149
23235
23318
23408
23508
23609
23706
23801
23897
23996
24096
24193
24286
24377
24467
24560
24657
24756
24852
24944
25034
25127
25220
25310
25397
25482
25565
25650
25745
25841
25937
26032
26125
26216
26309
26404
26501
26600
26697
26790
26880
26973
27069
27164
27258
27350
27440
27534
27626
27718
27807
27897
27993
28091
28189
28282
28373
28464
28560
28658
28755
28849
28946
29044
29144
29241
29335
29427
29524
29624
29726
29826
29920
30017
30116
30216
30315
30407
30497
30589
30687
30786
30881
30973
31066
31161
31259
31353
31444
31535
31631
31725
31820
31915
32017
32116
32210
32301
32394
32488
32586
32681
32775
32874
32972
33070
33163
33253
33341
33422
33497
33570
33645
33723
33796
33868
33938
34013
34091
34169
34248
34329
34408
34486
34565
34643
34722
34809
34900
34990
35080
35170
35263
35358
35452
35543
