24
118
216
313
413
511
605
698
794
885
979
1068
1155
1243
1338
1436
1534
1630
1722
1813
1905
1996
2087
2177
2271
2366
2461
2554
2642
2729
2811
2889
2969
3059
3150
3243
3338
3431
3521
3613
3705
3798
3890
3981
4074
4169
4264
4353
4439
4525
4613
4703
4791
4879
4969
5059
5146
5234
5324
5416
5504
5593
5682
5771
5857
5942
6028
6115
6201
6286
6375
6464
6551
6634
6720
6807
6901
6990
7074
7162
7251
7340
7427
7515
7604
7693
7781
7869
7960
8050
8139
8226
8314
8403
8491
8580
8672
8764
8857
8946
9035
9124
9215
9305
9392
9479
9568
9654
9740
9829
9919
10005
10090
10177
10265
10351
10436
10523
10611
10699
10786
10876
10966
11056
11143
11232
11322
11416
11508
11599
11692
11783
11870
11954
12039
12123
12209
12295
12378
12462
12548
12635
12719
12802
12887
12973
13057
13139
13221
13309
13398
13488
13575
13661
13747
13834
13921
14007
14096
14185
14266
14342
14415
14489
14564
14638
14717
14799
14881
14962
15042
15124
15207
15289
15368
15445
15525
15609
15697
15784
15868
15955
16043
16133
16224
16315
16407
16502
16592
16679
16763
16847
16935
17024
17113
17199
17285
17375
17465
17555
17644
17730
17817
17904
17992
18084
18174
18258
18338
18419
18505
18597
18688
18776
18864
18957
19046
19132
19216
19298
19379
19461
19545
19626
19705
19785
19870
19957
20044
20132
20216
20297
20379
20462
20547
20632
20715
20798
20883
20971
21063
21157
21248
21335
21418
21497
21573
21645
21719
21797
21876
21956
22041
22129
22219
22307
22385
22460
22534
22612
22690
22773
22862
22957
23050
23143
23232
23321
23411
23502
23592
23687
23788
23888
23986
24082
24173
24263
24359
24459
24559
24658
24757
24855
24955
25050
25144
25244
25347
25450
25551
25648
25740
25832
25930
26027
26124
26220
26314
