136
161
192
264
284
394
395
549
551
624
709
725
822
833
919
1031
1037
1142
1149
1256
1268
1380
1391
1487
1611
1743
1757
1918
1926
2032
2037
2129
2144
2238
2355
2506
2522
2620
2729
2836
2949
3056
3182
3190
3323
3333
3424
3558
3570
3678
3699
3833
3842
3946
3959
4064
4076
4198
4209
4318
4332
4441
4459
4578
4710
4725
4830
4844
4942
4957
5086
5088
5218
5235
5339
5454
5567
5581
5688
5702
5809
5922
6035
6050
6164
6178
6282
6292
6410
6422
6529
6541
6637
6653
6737
6842
6860
6956
7064
7161
7259
7356
7449
7464
7553
7570
7677
7687
7771
7878
7893
7986
7998
8103
8116
8232
8245
8358
8377
8483
8491
8624
8632
8756
8766
8890
8901
