90
250
263
417
431
577
587
739
911
926
1057
1073
1207
1221
1350
1364
1499
1636
1793
1951
1965
2103
2279
2427
2436
2574
2716
2883
3044
3194
3195
3406
3422
3620
3838
4034
4059
4280
4305
4541
4566
4729
4746
4956
4966
5119
5339
5501
5513
5646
5654
5775
6024
6203
6384
6396
6539
6705
6720
6843
7006
7009
7150
7163
7330
7698
7877
7892
8013
8184
8194
8366
8367
8512
8726
8740
8873
9050
9203
9213
9341
9523
9680
9684
9819
9989
9995
10123
10137
10258
10420
10435
10574
10814
10824
11054
11314
11339
11532
11733
11739
11985
11997
12153
12303
12503
12644
12656
12834
12836
13104
13121
13551
13817
13842
14109
14299
14304
14685
14696
14898
14899
15264
15267
15539
15550
