43
129
211
294
380
453
538
576
621
684
760
834
919
978
1036
1108
1192
1264
1331
1386
1451
1514
1576
1646
1731
1816
1896
1973
2050
2121
2202
2288
2369
2411
2447
2540
2631
2714
2803
2892
2969
3051
3140
3214
3301
3394
3480
3573
3666
3753
3843
3936
4019
4104
4191
4274
4364
4453
4538
4633
4724
4809
4894
4975
5053
5140
5233
5318
5408
5502
5589
5677
5744
5853
5929
6007
6079
6155
6239
6301
6409
6487
6586
6673
6754
6842
6928
7009
7097
7182
7264
7359
7450
7540
7628
7710
7801
7891
7979
8068
8155
8243
8338
8433
8521
8611
8702
8787
8876
8969
9056
9144
9235
9323
9404
9487
9570
9643
9722
9808
9887
9979
10066
10147
10229
10312
10390
10473
10557
10636
10721
10803
10883
10970
11059
11147
11227
11336
11419
11506
11592
11672
11764
11856
11932
12012
12109
12200
12297
12397
12487
12575
12659
12734
12818
12904
12967
13009
13147
13242
13326
13498
13579
13673
13760
13835
13919
14013
14095
14182
14265
14347
14438
14495
14616
14708
14797
14879
14966
15058
15145
15239
15337
15420
15502
15579
15655
15754
15853
15957
16039
16133
16228
16316
16409
16501
16582
16659
16758
16852
16936
17026
17113
17174
17278
17364
17447
17540
17636
17724
17814
17899
17978
18071
18162
18244
18336
18431
18518
18612
18700
18778
18817
18869
18967
19058
19154
19248
19333
19424
19519
19606
19692
19785
19874
19956
20028
20116
20154
20205
20299
20388
20470
20549
20628
20702
20792
20880
20937
21015
21053
21101
21137
21190
21299
21384
21428
21461
21544
21628
21712
21796
21888
21980
22062
22144
22225
22303
22382
22473
22559
22643
22732
22821
22899
22974
23016
23114
23181
23250
23315
23376
23440
23511
23602
23696
23779
23867
23955
24031
24107
24181
24260
24337
24426
24521
24610
24705
24788
24870
24956
25042
25129
25219
25308
25398
25488
25560
25660
25751
25836
25929
26018
26098
26180
26263
26343
26421
26510
26602
26688
26777
26866
26950
27034
27130
27225
27312
27401
27493
27581
27670
27753
27817
27910
27993
28082
28167
28205
28265
28353
28432
28519
28607
28688
28770
28848
28924
29013
29106
29194
29285
29376
29467
29561
29654
29741
29831
29927
30007
30087
30179
30269
30354
30446
30541
30630
30722
30817
30905
31001
31097
31191
31284
31376
31539
31632
31723
31815
31907
32004
32094
32184
32270
32351
32443
32538
32625
32715
32810
32898
32985
33048
33167
33247
33330
33421
33502
33590
33688
33778
33864
33954
34040
34122
34213
34309
34402
34494
34587
34672
34748
34801
34867
35001
35093
35188
35276
35370
35463
35544
