37
90
114
157
177
198
247
283
362
386
408
430
495
518
571
590
638
664
709
776
795
830
845
858
896
920
956
1029
1041
1093
1105
1122
1179
1188
1198
1207
1248
1309
1337
1349
1355
1381
1402
1421
1463
1489
1558
1579
1622
1637
1650
1692
1712
1729
1768
1789
1826
1834
1853
1869
1879
1893
1925
1970
2015
2031
2048
2140
2184
2194
2204
2219
2261
2400
2438
2447
2454
2460
2468
2475
2532
2554
2568
2652
2689
2711
2720
2731
2779
2826
2919
3007
3058
3193
3279
3367
3454
3537
3627
3714
3772
3884
3973
4033
4148
4213
4259
4299
4363
4478
4522
4648
4715
4790
4876
4961
5054
5132
5170
5213
5278
5335
5388
5424
5479
5504
5527
5570
5629
5684
5727
5802
5833
5933
6089
6170
6257
6303
6380
6457
6538
6579
6638
6755
6795
6845
6934
6975
7100
7185
7267
7346
7430
7516
7610
7699
7783
7832
7869
7954
8032
8119
8204
8285
8367
8428
8542
8630
8706
8753
8845
8911
8993
9066
9133
9191
9264
9304
9353
9386
9431
9522
9551
9614
9641
9690
9719
9737
9777
9806
9827
9868
9905
10007
10062
10086
10112
10151
10203
10301
10394
10482
10566
10648
10684
10730
10822
10917
10959
11003
11053
11097
11185
11272
11352
11449
11493
11551
11712
11825
11879
11951
12023
12088
12157
12242
12326
12403
12490
12578
12658
12741
12822
12861
12898
12976
13048
13122
13199
13246
13295
13335
13370
13470
13539
13592
13626
13702
13774
13961
14047
14139
14236
14330
14419
14512
14599
14662
14711
14844
14887
14978
15019
15082
15121
15173
15252
15298
15379
15432
15526
15559
15616
15731
15863
15923
15999
16086
16174
16270
16359
16409
16455
16511
16549
16650
16689
16787
16807
16895
16990
17035
17166
17225
17295
17339
17405
17451
17498
17546
17580
17608
17704
17787
17843
17887
17973
18070
18114
18154
18201
18257
18331
18415
18479
18573
18624
18704
18766
18846
18882
18931
19049
19092
19137
19205
19256
19777
19853
19935
20026
20110
20177
20251
20324
20389
20462
20538
20579
20621
20708
20785
20821
20868
20963
21050
21133
21174
21216
21257
21365
21453
21485
21533
21697
21772
21854
21935
21992
22108
22184
22235
22354
22428
22475
22563
22636
22722
22768
22859
22991
23044
23162
23300
23382
23440
23510
23574
23801
23869
24028
24192
24275
24381
24461
24534
24610
24683
24750
24852
24944
25005
25113
25216
25297
25377
25429
25513
25551
25605
25656
25692
25771
25843
25878
25942
26039
26126
26207
26292
26379
26464
26556
26600
26641
26680
26721
26772
26845
26898
26945
27000
27065
27129
27186
27248
27329
27383
27418
27503
27546
27659
27748
27785
27829
27920
27959
28000
28047
28099
28129
28156
28203
28330
28371
28417
28461
28484
28504
28534
28571
28598
28636
28685
28749
28808
28841
28880
28920
28948
28982
29011
29085
29120
29167
29189
29206
29247
29262
29278
29299
29317
29368
29381
29402
29440
29459
29531
29630
29665
29692
29824
29882
29955
30007
30082
30154
30200
30270
30333
30375
30414
30531
30609
30687
30732
30824
30875
30913
30968
31001
31045
31081
31119
31160
31176
31215
31240
31262
31307
31328
31380
31395
31407
31490
31507
31543
31561
31574
31639
31674
31715
31738
31761
31801
31813
31840
31889
31909
31940
31963
32008
32031
32054
32075
32095
32117
32161
32205
32291
32315
32332
32359
32375
32418
32465
32562
32596
32640
32740
32816
32867
32942
32986
33036
33079
33115
33159
33228
33258
33315
33502
33629
33733
33804
33865
33918
33981
34062
34161
34206
34275
34305
34354
34382
34461
34527
34559
34610
34646
34705
34740
34825
34895
34939
35035
35086
35122
35197
35320
35369
35414
35506
35591
