432
843
1042
1362
1531
1696
1901
2086
2251
2410
2507
2598
2673
2770
2848
2976
3059
3148
3231
3312
3399
3489
3575
3665
3757
3843
3932
4106
4283
4355
4452
4870
5013
5092
5167
5243
5327
5416
5508
5602
5693
5780
5869
5915
5951
6010
6065
6126
6185
6212
6304
6387
6427
6471
6564
6601
6653
6734
6820
6917
7005
7102
7193
7285
7374
7417
7463
7555
7645
7712
7823
7916
8005
8100
8154
8222
8279
8338
8433
8518
8603
8698
8793
8885
8981
9077
9121
9163
9302
9366
9758
9810
9856
9913
9970
9996
10066
10101
10134
10160
10203
10258
10281
10323
10376
10403
10436
10462
10509
10567
10586
10658
10679
10710
10749
10801
10840
10886
10926
10952
10974
10993
11015
11107
11141
11177
11283
11297
11314
11484
11592
11643
11690
11748
11793
11817
11854
11891
11970
12060
12102
12146
12166
12213
12309
12393
12432
12453
12481
12517
12537
12574
12644
12662
12715
12736
12756
12790
12808
12825
12844
12853
12908
12935
12966
12992
13079
13101
13170
13200
13214
13290
13421
13651
13720
13774
13855
13913
13967
14061
14151
14195
14266
14334
14408
14447
14502
14594
14641
14700
14736
14827
14872
14911
14951
14998
15078
15260
15550
15653
15745
15831
15917
15990
16066
16142
16215
16252
16303
16351
16477
16602
16668
16700
16735
16762
16806
16834
16881
16945
16971
17065
17108
17138
17156
17210
17264
17284
17344
17446
17487
17511
17535
17572
17592
17656
17685
17718
17744
17776
17816
17833
17857
17904
17920
17944
18029
18088
18190
18272
18318
18357
18444
18701
18786
18864
18948
19035
19121
19215
19301
19343
19385
19472
19552
19613
19716
19797
19840
19880
19972
20010
20064
20104
20144
20202
20306
20354
20405
20432
20548
20590
20635
20683
20818
20909
20998
21093
21171
21231
21321
21380
21424
21473
21519
21573
21606
21653
21683
21725
21750
21774
21817
21843
21887
21916
22029
22205
22274
22341
22403
22475
22563
22644
22692
22738
22793
22837
22922
23023
23117
23169
23225
23418
23786
23875
24030
24121
24201
24288
24378
24467
24556
24596
24636
24689
24736
24772
24808
24849
24883
24952
24991
25026
25076
25107
25178
25203
25251
25338
25412
25474
25512
25605
25655
25704
25749
25804
25853
25937
25981
26072
26153
26203
26239
26619
26759
26845
26908
26965
27022
27086
27147
27243
27438
27501
27542
27730
27972
28051
28148
28227
28342
28393
28548
28625
28685
28760
28808
28857
28918
28974
29012
29070
29118
29154
29177
29218
29244
29341
29381
29422
29463
29488
29553
29645
29692
29755
29886
29988
30068
30192
30263
30314
30458
30517
30581
30648
30724
30806
30883
30934
31055
31105
31250
31322
31386
31506
31578
31650
31725
31783
31872
31939
31994
32031
32073
32104
32172
32254
32330
32430
32486
32602
32689
32773
32856
32941
32995
33044
33109
33222
33334
33413
33492
33564
33620
33734
33818
33901
33992
34083
34170
34248
34351
34443
34491
34536
34617
34665
34711
34736
34792
34844
34901
34925
34988
35046
35135
35228
35318
35358
35400
35446
35488
35573
