31
126
211
294
380
467
553
627
690
753
815
877
959
1034
1116
1210
1298
1392
1493
1542
1660
1743
1829
1918
1999
2055
2145
2186
2234
2270
2359
2432
2471
2539
2634
2699
2747
2795
2900
2980
3064
3163
3253
3345
3441
3530
3624
3685
3778
3873
3966
4059
4161
4255
4351
4445
4535
4633
4726
4824
4901
5013
5114
5211
5305
5401
5469
5586
5678
5771
5860
5952
6045
6137
6234
6328
6419
6513
6605
6698
6790
6880
6971
7062
7124
7338
7430
7528
7622
7713
7802
7889
7973
8065
8156
8247
8341
8431
8518
8611
8706
8796
8893
8989
9075
9162
9258
9347
9413
9539
9627
9719
9770
9813
9900
9994
10084
10170
10265
10355
10443
10537
10629
10718
10813
10906
10992
11084
11176
11262
11359
11455
11546
11641
11737
11786
11915
12005
12091
12188
12284
12378
12475
12572
12661
12755
12850
12937
13031
13125
13213
13307
13405
13496
13588
13682
13769
13862
13955
14039
14107
14218
14298
14380
14472
14565
14651
14746
14833
14923
15017
15107
15192
15283
15377
15461
15554
15650
15740
15827
15881
15976
16183
16270
16359
16452
16538
16631
16715
16793
16872
16951
17029
17114
17198
17279
17365
17449
17524
17603
17685
17763
17846
17933
18017
18166
18230
18338
18410
18482
18591
18673
18749
18829
18920
19003
19086
19172
19254
19345
19433
19515
19603
19685
19767
19855
19901
19940
19981
20022
20112
20197
20279
20376
20419
20459
20535
20609
20686
20766
20849
20943
21034
21100
21198
21274
21343
21496
21571
21649
21727
21804
21860
21965
22013
22119
22174
22263
22358
22440
22516
22592
22666
22741
22801
22910
23004
23087
23167
23324
23372
23492
23587
23678
23766
23853
23946
24035
24134
24227
24309
24396
24486
24569
24659
24750
24840
24935
25024
25106
25208
25296
25377
25461
25554
25641
25737
25836
25926
26017
26111
26199
26286
26384
