72
200
262
321
387
447
515
586
683
686
747
825
836
879
960
1021
1084
1153
1220
1290
1367
1437
1488
1547
1604
1660
1711
1766
1824
1875
1922
1986
2065
2068
2133
2199
2275
2376
2377
2424
2469
2523
2631
2694
2746
2804
2864
2931
3042
3275
3344
3404
3467
3528
3590
3644
3702
3769
3849
3851
3928
3937
3991
4068
4212
4275
4328
4389
4476
4479
4591
4649
4728
4735
4788
4854
4930
5021
5094
5157
5213
5280
5344
5409
5474
5544
5623
5629
5683
5739
5803
5874
5946
6006
6069
6125
6181
6243
6307
6376
6499
6530
6601
6681
6766
6961
7022
7083
7149
7217
7275
7364
7366
7422
7479
7563
7640
7702
7797
7800
7847
7971
8039
8101
8167
8237
8305
8369
8382
8413
8510
8523
8570
8629
8692
8765
8828
