 1478
 1478
 1478
 1478
 1476
 1478
 1488
 1498
 1508
 1520
 1532
 1546
 1556
 1564
 1582
 1624
 1678
 1718
 1752
 1792
 1846
 1898
 1940
 1976
 2012
 2046
 2050
 2024
 2004
 1994
 1998
 2010
 2022
 2024
 2026
 2032
 2044
 2058
 2076
 2090
 2104
 2120
 2152
 2188
 2210
 2228
 2248
 2260
 2266
 2270
 2274
 2282
 2304
 2326
 2326
 2314
 2302
 2288
 2256
 2212
 2156
 2096
 2032
 1964
 1902
 1842
 1782
 1720
 1660
 1598
 1544
 1492
 1444
 1400
 1364
 1328
 1292
 1260
 1226
 1204
 1194
 1192
 1192
 1198
 1208
 1222
 1240
 1258
 1284
 1314
 1344
 1382
 1420
 1452
 1484
 1522
 1568
 1610
 1640
 1664
 1686
 1710
 1728
 1744
 1754
 1764
 1776
 1786
 1796
 1804
 1818
 1834
 1856
 1882
 1922
 1964
 2002
 2034
 2068
 2108
 2150
 2196
 2246
 2290
 2330
 2370
 2414
 2456
 2490
 2516
 2534
 2550
 2568
 2590
 2614
 2632
 2630
 2614
 2582
 2542
 2502
 2458
 2410
 2364
 2318
 2268
 2220
 2176
 2132
 2088
 2042
 1990
 1938
 1884
 1832
 1786
 1740
 1692
 1648
 1608
 1576
 1550
 1538
 1534
 1540
 1554
 1564
 1578
 1586
 1598
 1624
 1658
 1710
 1774
 1858
 1932
 1994
 2050
 2100
 2150
 2194
 2232
 2270
 2302
 2332
 2364
 2392
 2422
 2458
 2502
 2548
 2610
 2716
 2926
 3140
 3344
 3552
 3748
 3910
 4016
 4054
 4042
 4008
 3948
 3916
 3930
 3966
 4002
 4056
 4094
 4094
 4094
 4094
 4094
 4024
 3790
 3478
 3218
 3058
 2896
 2740
 2584
 2460
 2358
 2278
 2224
 2188
 2144
 2076
 2022
 1980
 1934
 1884
 1846
 1828
 1830
 1832
 1798
 1720
 1644
 1622
 1544
 1446
 1360
 1280
 1214
 1162
 1120
 1076
 1050
 1028
 1006
 974
 922
 850
 780
 718
 654
 576
 494
 420
 354
 288
 226
 170
 124
 86
 44
 2
 0
 0
 0
 0
 0
 0
 0
 0
 0
 0
 0
 0
 0
 0
 0
 6
 28
 46
 66
 80
 98
 120
 140
 164
 190
 214
 244
 296
 350
 376
 386
 406
 428
 452
 478
 512
 556
 604
 658
 724
 796
 868
 932
 996
 1072
 1142
 1208
 1264
 1322
 1380
 1438
 1496
 1554
 1618
 1680
 1740
 1794
 1852
 1916
 1974
 2022
 2074
 2140
 2206
 2258
 2300
 2340
 2380
 2416
 2450
 2480
 2508
 2536
 2562
 2588
 2612
 2638
 2664
 2694
 2722
 2742
 2762
 2784
 2810
 2834
 2856
 2880
 2902
 2922
 2942
 2964
 2980
 2994
 3008
 3020
 3032
 3042
 3050
 3056
 3058
 3054
 3048
 3040
 3030
 3014
 2992
 2960
 2924
 2882
 2836
 2788
 2736
 2682
 2628
 2580
 2534
 2496
 2456
 2416
 2380
 2350
 2326
 2312
 2302
 2302
 2308
 2320
 2338
 2360
 2384
 2414
 2448
 2486
 2526
 2572
 2618
 2654
 2690
 2728
 2768
 2806
 2850
 2890
 2930
 2970
 3002
 3028
 3042
 3046
 3048
 3046
 3042
 3048
 3058
 3066
 3074
 3078
 3080
 3080
 3080
 3082
 3080
 3074
 3058
 3024
 2988
 2950
 2908
 2862
 2820
 2780
 2744
 2712
 2684
 2650
 2618
 2580
 2544
 2506
 2468
 2432
 2400
 2380
 2368
 2360
 2352
 2346
 2332
 2316
 2294
 2284
 2286
 2302
 2328
 2360
 2392
 2424
 2448
 2470
 2486
 2500
 2508
 2522
 2540
 2564
 2584
 2602
 2618
 2630
 2636
 2644
 2654
 2668
 2690
 2716
 2732
 2728
 2722
 2716
 2708
 2692
 2664
 2632
 2604
 2562
 2498
 2434
 2370
 2314
 2256
 2202
 2152
 2120
 2090
 2038
 1964
 1878
 1816
 1758
 1706
 1670
 1656
 1654
 1658
 1676
 1708
 1746
 1776
 1808
 1842
 1872
 1898
 1926
 1950
 1980
 2010
 2034
 2056
 2076
 2098
 2124
 2154
 2184
 2214
 2244
 2274
 2304
 2332
 2362
 2390
 2418
 2442
 2462
 2482
 2502
 2524
 2548
 2570
 2578
 2584
 2592
 2582
 2572
 2552
 2526
 2486
 2438
 2382
 2330
 2272
 2214
 2152
 2088
 2030
 1978
 1928
 1886
 1848
 1810
 1772
 1736
 1708
 1688
 1674
 1670
 1672
 1682
 1694
 1714
 1738
 1764
 1798
 1832
 1870
 1910
 1952
 2000
 2048
 2088
 2122
 2156
 2192
 2228
 2262
 2292
 2326
 2360
 2392
 2424
 2450
 2474
 2502
 2530
 2560
 2590
 2620
 2648
 2674
 2702
 2724
 2740
 2754
 2768
 2772
 2768
 2758
 2740
 2714
 2684
 2646
 2598
 2542
 2480
 2416
 2346
 2282
 2212
 2142
 2076
 2018
 1962
 1904
 1848
 1792
 1740
 1694
 1650
 1612
 1584
 1562
 1542
 1532
 1532
 1538
 1554
 1574
 1604
 1642
 1686
 1734
 1780
 1822
 1866
 1914
 1960
 2002
 2048
 2090
 2134
 2174
 2216
 2256
 2296
 2338
 2380
 2420
 2458
 2492
 2528
 2566
 2602
 2628
 2654
 2674
 2696
 2716
 2736
 2752
 2770
 2784
 2796
 2810
 2822
 2828
 2832
 2832
 2832
 2830
 2826
 2818
 2810
 2794
 2772
 2746
 2712
 2674
 2638
 2606
 2570
 2528
 2482
 2434
 2386
 2336
 2284
 2234
 2184
 2134
 2088
 2046
 2012
 1986
 1958
 1934
 1916
 1904
 1898
 1898
 1904
 1916
 1934
 1954
 1974
 2002
 2028
 2056
 2090
 2124
 2160
 2196
 2232
 2268
 2308
 2352
 2390
 2422
 2448
 2472
 2496
 2518
 2540
 2562
 2584
 2606
 2628
 2650
 2672
 2692
 2714
 2734
 2754
 2774
 2796
 2818
 2840
 2862
 2878
 2892
 2902
 2906
 2898
 2882
 2862
 2834
 2802
 2764
 2722
 2676
 2624
 2572
 2516
 2454
 2394
 2334
 2274
 2212
 2150
 2086
 2002
 1912
 1820
 1734
 1654
 1572
 1494
 1410
 1300
 1184
 1092
 1008
 930
 858
 802
 746
 688
 632
 586
 548
 510
 472
 426
 394
 376
 370
 374
 384
 406
 434
 462
 498
 540
 584
 636
 692
 748
 806
 866
 928
 988
 1050
 1112
 1176
 1240
 1298
 1356
 1414
 1480
 1544
 1608
 1672
 1736
 1800
 1864
 1936
 2002
 2056
 2110
 2168
 2228
 2284
 2334
 2382
 2430
 2474
 2516
 2556
 2590
 2622
 2650
 2678
 2704
 2728
 2750
 2774
 2798
 2820
 2834
 2846
 2854
 2856
 2852
 2846
 2830
 2808
 2782
 2750
 2712
 2668
 2616
 2562
 2504
 2448
 2390
 2336
 2286
 2236
 2182
 2130
 2078
 2032
 1988
 1950
 1922
 1900
 1888
 1888
 1900
 1920
 1946
 1972
 2000
 2034
 2074
 2118
 2158
 2194
 2236
 2304
 2384
 2462
 2542
 2620
 2692
 2750
 2806
 2868
 2928
 2986
 3032
 3072
 3104
 3122
 3130
 3132
 3138
 3156
 3186
 3220
 3268
 3322
 3372
 3416
 3458
 3534
 3608
 3678
 3768
 3858
 3936
 4028
 4094
 4094
 4094
 4094
 4094
 4094
 4094
 4094
 4094
 4094
 4064
 3842
 3654
 3526
 3422
 3352
 3318
 3288
 3256
 3228
 3216
 3198
 3154
 3096
 3048
 3010
 2970
 2924
 2882
 2858
 2844
 2844
 2852
 2862
 2870
 2882
 2892
 2900
 2920
 2950
 2978
 3002
 3002
 2972
 2910
 2830
 2790
 2758
 2708
 2628
 2562
 2524
 2484
 2412
 2316
 2236
 2164
 2108
 2054
 2000
 1952
 1900
 1852
 1820
 1798
 1788
 1792
 1800
 1820
 1842
 1874
 1914
 1956
 1994
 2038
 2082
 2128
 2174
 2220
 2266
 2312
 2352
 2394
 2438
 2480
 2534
 2610
 2684
 2746
 2788
 2816
 2834
 2836
 2830
 2826
 2826
 2826
 2828
 2834
 2840
 2844
 2850
 2862
 2874
 2884
 2892
 2910
 2936
 2958
 2974
 2980
 2986
 2992
 3000
 3010
 3016
 3024
 3028
 3032
 3036
 3026
 2988
 2920
 2844
 2766
 2688
 2612
 2534
 2458
 2386
 2320
 2256
 2198
 2138
 2078
 2020
 1966
 1922
 1884
 1860
 1840
 1830
 1822
 1822
 1830
 1846
 1866
 1894
 1930
 1966
 1998
 2036
 2080
 2128
 2170
 2212
 2256
 2310
 2378
 2444
 2500
 2546
 2592
 2640
 2688
 2732
 2770
 2808
 2840
 2874
 2908
 2936
 2960
 2986
 3012
 3036
 3058
 3084
 3104
 3116
 3120
 3116
 3106
 3090
 3070
 3046
 3022
 2990
 2956
 2918
 2880
 2838
 2796
 2756
 2716
 2682
 2650
 2614
 2578
 2540
 2508
 2484
 2470
 2470
 2468
 2470
 2494
 2562
 2634
 2706
 2764
 2812
 2846
 2868
 2884
 2910
 2922
 2920
 2898
 2858
 2810
 2774
 2738
 2718
 2714
 2712
 2712
 2716
 2722
 2732
 2740
 2754
 2768
 2776
 2782
 2782
 2780
 2772
 2754
 2730
 2696
 2656
 2608
 2554
 2494
 2428
 2364
 2300
 2242
 2184
 2120
 2058
 1986
 1922
 1862
 1810
 1768
 1736
 1710
 1692
 1682
 1684
 1696
 1720
 1750
 1790
 1838
 1884
 1930
 1972
 2020
 2068
 2118
 2168
 2218
 2268
 2318
 2374
 2422
 2466
 2512
 2558
 2608
 2660
 2704
 2742
 2780
 2818
 2850
 2876
 2900
 2924
 2948
 2972
 2994
 3016
 3030
 3040
 3052
 3066
 3082
 3094
 3096
 3088
 3066
 3032
 2988
 2940
 2886
 2830
 2770
 2712
 2652
 2590
 2532
 2478
 2426
 2382
 2340
 2294
 2248
 2204
 2166
 2136
 2112
 2100
 2094
 2094
 2100
 2114
 2130
 2152
 2180
 2214
 2256
 2302
 2338
 2370
 2404
 2444
 2486
 2526
 2566
 2608
 2650
 2690
 2728
 2762
 2796
 2830
 2862
 2896
 2932
 2968
 2992
 3010
 3024
 3034
 3042
 3046
 3044
 3032
 3014
 2992
 2966
 2934
 2896
 2854
 2808
 2760
 2712
 2668
 2620
 2564
 2506
 2448
 2392
 2336
 2286
 2238
 2198
 2160
 2124
 2098
 2076
 2062
 2058
 2064
 2076
 2096
 2128
 2166
 2206
 2244
 2280
 2322
 2366
 2410
 2456
 2504
 2552
 2594
 2640
 2680
 2718
 2756
 2794
 2830
 2866
 2898
 2928
 2956
 2980
 3002
 3014
 3020
 3014
 2998
 2974
 2946
 2910
 2870
 2822
 2770
 2714
 2650
 2588
 2530
 2472
 2418
 2366
 2320
 2280
 2246
 2208
 2168
 2126
 2090
 2064
 2044
 2036
 2038
 2050
 2066
 2094
 2128
 2164
 2208
 2252
 2300
 2348
 2398
 2454
 2508
 2552
 2590
 2624
 2660
 2694
 2730
 2762
 2798
 2832
 2864
 2896
 2930
 2952
 2972
 2992
 3012
 3030
 3046
 3064
 3076
 3078
 3074
 3060
 3038
 3010
 2978
 2944
 2906
 2866
 2822
 2776
 2722
 2672
 2624
 2574
 2524
 2476
 2434
 2388
 2340
 2288
 2236
 2192
 2152
 2120
 2100
 2088
 2084
 2086
 2100
 2118
 2144
 2178
 2218
 2264
 2316
 2362
 2402
 2438
 2480
 2522
 2564
 2606
 2648
 2692
 2730
 2770
 2808
 2846
 2880
 2914
 2946
 2972
 3000
 3028
 3046
 3060
 3070
 3076
 3076
 3072
 3058
 3036
 3006
 2970
 2928
 2882
 2830
 2774
 2718
 2664
 2614
 2570
 2522
 2472
 2408
 2344
 2296
 2246
 2202
 2166
 2136
 2108
 2088
 2074
 2072
 2076
 2088
 2108
 2138
 2180
 2228
 2274
 2316
 2362
 2414
 2462
 2508
 2554
 2602
 2650
 2698
 2746
 2792
 2834
 2880
 2922
 2956
 2986
 3018
 3046
 3058
 3054
 3040
 3012
 2978
 2942
 2900
 2852
 2798
 2742
 2684
 2630
 2578
 2524
 2474
 2426
 2382
 2348
 2310
 2268
 2224
 2180
 2144
 2116
 2098
 2090
 2094
 2110
 2130
 2162
 2200
 2246
 2296
 2348
 2404
 2458
 2510
 2562
 2622
 2674
 2716
 2750
 2786
 2822
 2860
 2904
 2952
 2986
 3018
 3048
 3076
 3102
 3124
 3146
 3162
 3176
 3178
 3172
 3158
 3140
 3118
 3090
 3054
 3008
 2954
 2896
 2830
 2764
 2702
 2646
 2594
 2538
 2482
 2428
 2376
 2330
 2284
 2244
 2208
 2180
 2166
 2158
 2152
 2148
 2150
 2158
 2172
 2202
 2240
 2290
 2338
 2384
 2428
 2472
 2520
 2570
 2618
 2672
 2740
 2816
 2894
 2970
 3032
 3066
 3084
 3104
 3124
 3140
 3148
 3150
 3144
 3126
 3102
 3064
 3016
 2962
 2902
 2836
 2770
 2710
 2650
 2588
 2524
 2456
 2392
 2330
 2274
 2222
 2176
 2134
 2094
 2060
 2032
 2012
 2006
 2010
 2024
 2050
 2082
 2118
 2154
 2198
 2250
 2300
 2350
 2398
 2448
 2498
 2546
 2594
 2642
 2692
 2736
 2772
 2804
 2840
 2880
 2912
 2936
 2954
 2972
 2986
 2998
 3016
 3028
 3034
 3034
 3032
 3020
 2998
 2972
 2944
 2908
 2866
 2824
 2786
 2744
 2690
 2636
 2576
 2520
 2466
 2416
 2374
 2334
 2298
 2262
 2232
 2208
 2192
 2182
 2182
 2192
 2210
 2238
 2272
 2306
 2328
 2346
 2358
 2378
 2404
 2440
 2474
 2510
 2550
 2592
 2638
 2682
 2726
 2770
 2810
 2850
 2890
 2928
 2966
 3002
 3038
 3068
 3086
 3094
 3092
 3078
 3058
 3038
 3012
 2980
 2938
 2896
 2848
 2796
 2744
 2688
 2632
 2576
 2524
 2474
 2428
 2390
 2356
 2316
 2278
 2232
 2198
 2166
 2142
 2122
 2112
 2112
 2118
 2130
 2154
 2182
 2218
 2260
 2306
 2358
 2412
 2470
 2528
 2590
 2644
 2684
 2720
 2756
 2792
 2826
 2864
 2898
 2936
 2974
 3008
 3040
 3064
 3084
 3096
 3102
 3102
 3094
 3076
 3054
 3030
 2996
 2954
 2904
 2850
 2788
 2726
 2670
 2620
 2572
 2524
 2476
 2428
 2382
 2340
 2298
 2260
 2230
 2214
 2208
 2212
 2216
 2224
 2232
 2252
 2280
 2314
 2352
 2394
 2438
 2486
 2536
 2588
 2636
 2684
 2732
 2780
 2828
 2876
 2926
 2972
 3002
 3030
 3052
 3072
 3078
 3078
 3068
 3052
 3032
 3006
 2974
 2936
 2894
 2852
 2808
 2760
 2714
 2672
 2630
 2580
 2528
 2470
 2414
 2358
 2304
 2256
 2218
 2194
 2172
 2162
 2158
 2166
 2180
 2196
 2216
 2244
 2288
 2344
 2400
 2446
 2486
 2532
 2580
 2628
 2672
 2718
 2764
 2806
 2844
 2880
 2912
 2938
 2964
 2986
 3006
 3026
 3046
 3078
 3112
 3134
 3146
 3146
 3134
 3110
 3082
 3042
 3000
 2956
 2906
 2854
 2800
 2744
 2690
 2632
 2574
 2512
 2458
 2410
 2366
 2320
 2270
 2214
 2162
 2114
 2072
 2042
 2022
 2012
 2010
 2016
 2030
 2052
 2084
 2120
 2162
 2208
 2258
 2314
 2378
 2448
 2516
 2572
 2618
 2662
 2712
 2760
 2808
 2856
 2904
 2950
 2996
 3042
 3080
 3112
 3142
 3166
 3190
 3212
 3236
 3258
 3266
 3266
 3258
 3236
 3210
 3176
 3136
 3092
 3052
 3006
 2958
 2910
 2854
 2798
 2730
 2660
 2588
 2522
 2466
 2408
 2352
 2300
 2246
 2194
 2152
 2110
 2070
 2034
 2000
 1978
 1966
 1970
 1984
 2010
 2042
 2074
 2114
 2160
 2206
 2254
 2304
 2358
 2410
 2464
 2522
 2582
 2632
 2674
 2712
 2748
 2786
 2818
 2852
 2884
 2912
 2940
 2966
 2994
 3016
 3036
 3052
 3064
 3070
 3070
 3064
 3052
 3036
 3008
 2976
 2932
 2880
 2824
 2772
 2718
 2668
 2616
 2560
 2500
 2438
 2378
 2324
 2272
 2222
 2178
 2144
 2122
 2106
 2096
 2090
 2090
 2096
 2110
 2134
 2160
 2194
 2232
 2268
 2308
 2348
 2390
 2432
 2474
 2516
 2558
 2604
 2652
 2692
 2726
 2750
 2772
 2794
 2814
 2836
 2856
 2880
 2902
 2926
 2950
 2972
 2994
 3010
 3024
 3030
 3034
 3034
 3034
 3026
 3010
 2990
 2954
 2912
 2866
 2816
 2770
 2726
 2682
 2632
 2580
 2526
 2470
 2418
 2366
 2312
 2258
 2206
 2162
 2130
 2108
 2090
 2074
 2060
 2056
 2060
 2078
 2106
 2142
 2184
 2226
 2268
 2310
 2354
 2402
 2448
 2492
 2534
 2574
 2616
 2660
 2706
 2754
 2792
 2824
 2858
 2892
 2922
 2950
 2976
 2998
 3016
 3028
 3040
 3052
 3060
 3070
 3078
 3086
 3096
 3108
 3118
 3114
 3108
 3100
 3082
 3054
 3024
 2988
 2942
 2890
 2842
 2792
 2744
 2700
 2656
 2612
 2568
 2520
 2472
 2424
 2376
 2332
 2288
 2246
 2214
 2184
 2164
 2146
 2132
 2120
 2110
 2106
 2110
 2122
 2140
 2164
 2192
 2222
 2254
 2288
 2322
 2356
 2388
 2416
 2440
 2468
 2498
 2534
 2572
 2608
 2636
 2668
 2700
 2728
 2754
 2782
 2808
 2832
 2854
 2872
 2884
 2888
 2886
 2876
 2862
 2842
 2818
 2790
 2760
 2724
 2678
 2628
 2568
 2502
 2432
 2362
 2298
 2236
 2174
 2106
 2034
 1962
 1882
 1800
 1718
 1636
 1558
 1484
 1412
 1340
 1266
 1184
 1102
 1020
 936
 854
 762
 670
 574
 478
 376
 272
 166
 66
 0
 0
 0
 0
 0
 0
 0
 0
 0
 0
 0
 0
 0
 0
 0
 0
 0
 0
 0
 0
 0
 0
 0
 0
 0
 0
 0
 0
 0
 0
 0
 0
 0
 0
 0
 0
 0
 0
 52
 150
 254
 368
 484
 598
 720
 846
 956
 1048
 1134
 1222
 1314
 1404
 1492
 1578
 1660
 1748
 1842
 1932
 2006
 2072
 2148
 2230
 2302
 2370
 2436
 2496
 2554
 2612
 2670
 2720
 2766
 2812
 2858
 2900
 2942
 2984
 3024
 3062
 3098
 3120
 3132
 3136
 3128
 3102
 3064
 3022
 2974
 2920
 2858
 2790
 2714
 2638
 2564
 2492
 2418
 2342
 2272
 2210
 2140
 2068
 1996
 1920
 1850
 1788
 1736
 1698
 1670
 1650
 1644
 1648
 1664
 1686
 1720
 1756
 1800
 1852
 1902
 1952
 1996
 2044
 2094
 2142
 2196
 2252
 2308
 2360
 2410
 2462
 2512
 2556
 2604
 2646
 2686
 2730
 2778
 2822
 2854
 2880
 2902
 2920
 2934
 2946
 2948
 2952
 2956
 2962
 2968
 2972
 2974
 2974
 2972
 2968
 2962
 2956
 2948
 2930
 2906
 2874
 2836
 2790
 2746
 2704
 2658
 2610
 2566
 2528
 2490
 2444
 2394
 2350
 2310
 2280
 2258
 2248
 2254
 2262
 2276
 2292
 2314
 2342
 2376
 2414
 2460
 2508
 2554
 2600
 2648
 2694
 2740
 2784
 2830
 2876
 2920
 2964
 3012
 3050
 3076
 3096
 3108
 3106
 3092
 3072
 3046
 3016
 2982
 2940
 2896
 2846
 2796
 2740
 2682
 2620
 2554
 2494
 2442
 2384
 2326
 2268
 2210
 2164
 2126
 2100
 2086
 2084
 2092
 2108
 2134
 2166
 2208
 2256
 2306
 2360
 2418
 2478
 2544
 2594
 2634
 2668
 2706
 2738
 2770
 2802
 2834
 2870
 2900
 2934
 2966
 2994
 3022
 3050
 3072
 3094
 3118
 3144
 3172
 3196
 3208
 3216
 3214
 3206
 3178
 3150
 3114
 3076
 3036
 2992
 2950
 2900
 2848
 2798
 2746
 2692
 2636
 2580
 2528
 2484
 2440
 2390
 2340
 2284
 2234
 2188
 2150
 2124
 2108
 2104
 2110
 2124
 2142
 2166
 2194
 2230
 2268
 2310
 2356
 2404
 2452
 2502
 2548
 2586
 2616
 2648
 2678
 2708
 2736
 2764
 2792
 2824
 2860
 2900
 2932
 2958
 2984
 3010
 3038
 3066
 3098
 3122
 3152
 3182
 3206
 3216
 3216
 3208
 3190
 3166
 3138
 3106
 3068
 3032
 2994
 2958
 2914
 2868
 2820
 2774
 2730
 2684
 2638
 2594
 2554
 2502
 2450
 2396
 2344
 2296
 2256
 2228
 2212
 2206
 2210
 2222
 2242
 2262
 2290
 2320
 2356
 2394
 2436
 2480
 2526
 2580
 2626
 2664
 2690
 2712
 2732
 2754
 2780
 2806
 2840
 2870
 2898
 2924
 2948
 2974
 3000
 3024
 3048
 3074
 3098
 3122
 3144
 3160
 3166
 3172
 3166
 3152
 3130
 3108
 3080
 3052
 3014
 2972
 2926
 2874
 2816
 2754
 2694
 2638
 2578
 2520
 2464
 2416
 2366
 2312
 2254
 2196
 2140
 2090
 2046
 2018
 2002
 1998
 1996
 2000
 2006
 2018
 2036
 2052
 2074
 2100
 2138
 2180
 2228
 2272
 2312
 2350
 2384
 2428
 2472
 2520
 2560
 2598
 2634
 2668
 2696
 2718
 2740
 2758
 2774
 2790
 2806
 2828
 2840
 2846
 2842
 2832
 2814
 2792
 2770
 2744
 2720
 2690
 2656
 2616
 2574
 2530
 2486
 2442
 2400
 2354
 2316
 2276
 2226
 2168
 2112
 2066
 2024
 1994
 1976
 1970
 1974
 1984
 2004
 2038
 2076
 2118
 2162
 2210
 2262
 2318
 2382
 2446
 2498
 2546
 2590
 2632
 2672
 2714
 2758
 2804
 2856
 2900
 2940
 2980
 3014
 3048
 3080
 3112
 3142
 3170
 3194
 3214
 3220
 3206
 3184
 3154
 3116
 3074
 3034
 2994
 2952
 2902
 2848
 2780
 2708
 2638
 2572
 2508
 2446
 2392
 2344
 2300
 2270
 2236
 2204
 2170
 2148
 2132
 2128
 2130
 2140
 2162
 2186
 2214
 2250
 2288
 2326
 2366
 2408
 2448
 2494
 2544
 2592
 2642
 2684
 2718
 2748
 2778
 2810
 2840
 2872
 2902
 2934
 2966
 2998
 3028
 3056
 3078
 3102
 3124
 3142
 3154
 3170
 3184
 3188
 3180
 3166
 3144
 3116
 3080
 3040
 2996
 2952
 2910
 2864
 2816
 2766
 2712
 2662
 2608
 2558
 2506
 2456
 2416
 2374
 2324
 2278
 2224
 2174
 2130
 2094
 2066
 2050
 2046
 2046
 2056
 2072
 2094
 2124
 2156
 2192
 2228
 2266
 2312
 2362
 2404
 2444
 2480
 2528
 2574
 2622
 2670
 2710
 2746
 2778
 2808
 2840
 2868
 2892
 2916
 2940
 2962
 2986
 3016
 3052
 3082
 3102
 3114
 3122
 3120
 3106
 3084
 3058
 3028
 2996
 2954
 2912
 2866
 2814
 2762
 2710
 2658
 2604
 2552
 2504
 2460
 2424
 2380
 2334
 2284
 2230
 2180
 2128
 2084
 2046
 2016
 1994
 1978
 1970
 1966
 1972
 1984
 2002
 2028
 2060
 2100
 2146
 2202
 2256
 2304
 2348
 2392
 2438
 2484
 2526
 2576
 2628
 2678
 2726
 2774
 2820
 2862
 2902
 2938
 2970
 3000
 3026
 3048
 3066
 3078
 3078
 3064
 3046
 3022
 2994
 2956
 2920
 2884
 2840
 2794
 2748
 2696
 2644
 2588
 2530
 2470
 2410
 2352
 2298
 2248
 2208
 2170
 2128
 2088
 2046
 2012
 1984
 1968
 1962
 1968
 1986
 2012
 2040
 2078
 2116
 2156
 2196
 2236
 2278
 2318
 2362
 2412
 2462
 2506
 2546
 2576
 2612
 2646
 2680
 2716
 2748
 2784
 2816
 2850
 2884
 2912
 2938
 2960
 2984
 3006
 3026
 3046
 3066
 3088
 3104
 3110
 3108
 3100
 3080
 3054
 3030
 3004
 2982
 2962
 2940
 2908
 2872
 2830
 2784
 2736
 2686
 2638
 2590
 2544
 2500
 2460
 2426
 2388
 2350
 2306
 2266
 2228
 2198
 2176
 2164
 2162
 2164
 2176
 2194
 2214
 2244
 2278
 2314
 2352
 2390
 2434
 2478
 2512
 2546
 2576
 2608
 2640
 2670
 2702
 2734
 2770
 2802
 2836
 2868
 2896
 2924
 2950
 2976
 3000
 3024
 3050
 3080
 3102
 3118
 3130
 3134
 3130
 3118
 3106
 3090
 3072
 3052
 3028
 3004
 2974
 2934
 2890
 2846
 2802
 2756
 2710
 2666
 2626
 2584
 2536
 2484
 2430
 2376
 2322
 2278
 2238
 2204
 2178
 2156
 2144
 2140
 2142
 2154
 2170
 2192
 2218
 2252
 2292
 2344
 2386
 2426
 2458
 2490
 2520
 2550
 2584
 2616
 2652
 2686
 2722
 2758
 2792
 2824
 2856
 2884
 2912
 2940
 2968
 2996
 3024
 3054
 3076
 3092
 3102
 3110
 3104
 3090
 3072
 3050
 3026
 2996
 2964
 2926
 2882
 2832
 2778
 2722
 2664
 2606
 2550
 2494
 2444
 2386
 2330
 2272
 2212
 2150
 2086
 2022
 1960
 1900
 1838
 1774
 1714
 1654
 1606
 1564
 1530
 1508
 1500
 1508
 1522
 1538
 1562
 1590
 1630
 1678
 1732
 1788
 1846
 1904
 1956
 2010
 2062
 2110
 2154
 2198
 2240
 2282
 2320
 2360
 2398
 2430
 2458
 2486
 2514
 2546
 2584
 2630
 2676
 2722
 2762
 2804
 2842
 2872
 2900
 2926
 2948
 2964
 2982
 2992
 2996
 2996
 2980
 2958
 2934
 2906
 2868
 2828
 2790
 2750
 2712
 2670
 2622
 2572
 2516
 2464
 2414
 2360
 2300
 2244
 2192
 2150
 2104
 2056
 2014
 1972
 1940
 1918
 1908
 1910
 1922
 1944
 1970
 2002
 2036
 2074
 2112
 2154
 2196
 2240
 2286
 2340
 2396
 2442
 2480
 2514
 2552
 2586
 2622
 2656
 2692
 2728
 2762
 2796
 2828
 2856
 2882
 2908
 2932
 2956
 2980
 3004
 3028
 3054
 3072
 3086
 3094
 3094
 3088
 3082
 3072
 3060
 3044
 3026
 2998
 2968
 2930
 2890
 2846
 2796
 2744
 2694
 2644
 2596
 2556
 2516
 2468
 2418
 2362
 2304
 2248
 2198
 2156
 2118
 2090
 2068
 2052
 2046
 2048
 2060
 2074
 2096
 2120
 2148
 2184
 2226
 2262
 2294
 2318
 2346
 2376
 2406
 2442
 2476
 2514
 2554
 2592
 2632
 2674
 2710
 2748
 2784
 2814
 2836
 2854
 2870
 2884
 2890
 2886
 2872
 2852
 2826
 2796
 2766
 2728
 2686
 2636
 2582
 2520
 2456
 2394
 2338
 2280
 2200
 2118
 2046
 1952
 1846
 1718
 1544
 1342
 1146
 938
 750
 584
 428
 280
 146
 20
 0
 0
 0
 0
 0
 0
 0
 0
 0
 0
 0
 0
 0
 0
 38
 92
 160
 244
 336
 434
 536
 638
 728
 808
 872
 956
 1040
 1114
 1180
 1240
 1308
 1378
 1456
 1528
 1588
 1640
 1690
 1736
 1790
 1842
 1884
 1920
 1946
 1972
 2000
 2030
 2060
 2096
 2140
 2176
 2208
 2230
 2242
 2246
 2242
 2230
 2204
 2172
 2140
 2102
 2048
 1990
 1930
 1860
 1798
 1748
 1700
 1666
 1634
 1592
 1536
 1478
 1416
 1350
 1286
 1218
 1160
 1112
 1082
 1060
 1048
 1042
 1046
 1062
 1092
 1136
 1190
 1260
 1346
 1428
 1508
 1578
 1644
 1712
 1780
 1844
 1906
 1970
 2034
 2092
 2146
 2188
 2226
 2270
 2312
 2350
 2392
 2432
 2478
 2534
 2590
 2630
 2654
 2674
 2692
 2706
 2718
 2734
 2746
 2752
 2750
 2736
 2716
 2688
 2650
 2592
 2510
 2402
 2280
 2156
 2026
 1904
 1784
 1668
 1548
 1440
 1336
 1226
 1118
 998
 880
 754
 624
 502
 380
 258
 130
 4
 0
 0
 0
 0
 0
 0
 0
 0
 0
 0
 0
 0
 0
 0
 0
 0
 0
 0
 0
 0
 0
 0
 0
 0
 60
 170
 286
 390
 490
 600
 710
 798
 868
 928
 982
 1040
 1106
 1174
 1244
 1302
 1358
 1412
 1472
 1524
 1568
 1610
 1654
 1698
 1738
 1778
 1820
 1862
 1906
 1956
 2006
 2052
 2092
 2128
 2170
 2214
 2246
 2262
 2266
 2262
 2244
 2214
 2174
 2132
 2086
 2044
 2006
 1962
 1914
 1864
 1814
 1770
 1732
 1700
 1678
 1658
 1628
 1568
 1498
 1444
 1416
 1408
 1420
 1442
 1476
 1510
 1554
 1596
 1630
 1662
 1694
 1724
 1744
 1760
 1770
 1778
 1792
 1808
 1830
 1846
 1862
 1880
 1900
 1930
 1966
 2012
 2060
 2104
 2144
 2184
 2226
 2272
 2320
 2372
 2418
 2454
 2486
 2520
 2554
 2584
 2612
 2636
 2652
 2660
 2660
 2646
 2620
 2582
 2540
 2494
 2434
 2362
 2286
 2208
 2136
 2060
 1986
 1910
 1840
 1766
 1694
 1626
 1560
 1498
 1444
 1402
 1374
 1360
 1354
 1356
 1360
 1374
 1400
 1434
 1472
 1516
 1562
 1606
 1660
 1714
 1762
 1812
 1862
 1912
 1958
 2010
 2072
 2122
 2162
 2194
 2232
 2272
 2310
 2354
 2396
 2440
 2486
 2532
 2574
 2612
 2650
 2690
 2730
 2770
 2808
 2850
 2888
 2910
 2918
 2910
 2884
 2844
 2798
 2748
 2694
 2638
 2580
 2522
 2456
 2392
 2328
 2262
 2200
 2138
 2080
 2026
 1978
 1920
 1854
 1786
 1722
 1670
 1626
 1596
 1580
 1578
 1582
 1594
 1612
 1638
 1676
 1724
 1774
 1828
 1882
 1950
 2026
 2084
 2136
 2178
 2230
 2278
 2322
 2368
 2416
 2464
 2514
 2562
 2608
 2654
 2698
 2746
 2790
 2832
 2878
 2928
 2960
 2980
 2986
 2976
 2952
 2922
 2886
 2844
 2796
 2744
 2690
 2632
 2570
 2508
 2450
 2398
 2346
 2300
 2260
 2218
 2164
 2104
 2044
 1990
 1942
 1912
 1890
 1880
 1882
 1890
 1908
 1928
 1958
 1990
 2026
 2066
 2112
 2164
 2218
 2262
 2302
 2338
 2376
 2416
 2458
 2500
 2542
 2586
 2626
 2668
 2706
 2740
 2776
 2810
 2844
 2878
 2914
 2950
 2982
 3002
 3014
 3018
 3008
 2990
 2956
 2898
 2822
 2730
 2626
 2520
 2410
 2304
 2206
 2114
 2026
 1936
 1850
 1774
 1700
 1622
 1542
 1456
 1368
 1288
 1214
 1150
 1096
 1052
 1012
 986
 982
 992
 1014
 1048
 1094
 1148
 1214
 1284
 1352
 1418
 1484
 1558
 1630
 1700
 1770
 1844
 1914
 1980
 2042
 2100
 2156
 2214
 2268
 2324
 2376
 2430
 2486
 2536
 2576
 2606
 2634
 2662
 2688
 2714
 2738
 2766
 2792
 2818
 2846
 2868
 2888
 2906
 2922
 2934
 2944
 2950
 2952
 2950
 2944
 2926
 2894
 2854
 2808
 2750
 2684
 2622
 2552
 2480
 2402
 2320
 2250
 2162
 2078
 1996
 1914
 1842
 1774
 1702
 1632
 1566
 1504
 1446
 1396
 1346
 1316
 1290
 1274
 1266
 1268
 1282
 1304
 1334
 1374
 1418
 1470
 1532
 1592
 1656
 1718
 1778
 1828
 1882
 1938
 1990
 2044
 2104
 2164
 2218
 2268
 2320
 2370
 2420
 2466
 2508
 2548
 2590
 2632
 2676
 2710
 2736
 2758
 2778
 2796
 2812
 2826
 2840
 2846
 2848
 2844
 2832
 2812
 2792
 2762
 2730
 2694
 2656
 2618
 2582
 2538
 2486
 2430
 2368
 2304
 2240
 2182
 2124
 2074
 2020
 1974
 1934
 1902
 1878
 1864
 1862
 1872
 1888
 1916
 1954
 1994
 2034
 2068
 2106
 2146
 2186
 2230
 2272
 2312
 2354
 2394
 2434
 2476
 2512
 2550
 2586
 2624
 2662
 2704
 2744
 2788
 2830
 2870
 2900
 2922
 2942
 2950
 2944
 2926
 2900
 2866
 2822
 2768
 2708
 2642
 2576
 2512
 2448
 2384
 2320
 2260
 2204
 2148
 2100
 2052
 1994
 1940
 1880
 1830
 1786
 1752
 1728
 1718
 1714
 1720
 1732
 1752
 1780
 1812
 1846
 1884
 1930
 1974
 2020
 2066
 2120
 2170
 2216
 2254
 2288
 2322
 2358
 2390
 2426
 2460
 2494
 2528
 2562
 2594
 2624
 2656
 2686
 2716
 2746
 2776
 2804
 2834
 2866
 2896
 2914
 2930
 2940
 2932
 2912
 2892
 2868
 2844
 2814
 2778
 2746
 2710
 2664
 2620
 2568
 2508
 2450
 2394
 2340
 2290
 2246
 2204
 2158
 2112
 2064
 2016
 1974
 1940
 1916
 1904
 1902
 1908
 1922
 1944
 1970
 2000
 2036
 2072
 2112
 2150
 2192
 2234
 2284
 2332
 2374
 2418
 2454
 2488
 2522
 2554
 2584
 2618
 2664
 2696
 2720
 2740
 2760
 2774
 2786
 2796
 2806
 2820
 2838
 2858
 2878
 2890
 2900
 2904
 2902
 2886
 2862
 2832
 2794
 2750
 2692
 2626
 2560
 2492
 2430
 2368
 2306
 2246
 2192
 2146
 2100
 2052
 2002
 1946
 1892
 1840
 1794
 1758
 1726
 1708
 1692
 1690
 1694
 1708
 1732
 1762
 1800
 1844
 1896
 1954
 2008
 2066
 2120
 2174
 2222
 2270
 2320
 2370
 2428
 2482
 2532
 2576
 2614
 2652
 2690
 2728
 2768
 2806
 2844
 2888
 2926
 2954
 2978
 2998
 3010
 3018
 3024
 3020
 3014
 3000
 2982
 2958
 2916
 2868
 2820
 2768
 2710
 2656
 2596
 2544
 2500
 2452
 2394
 2328
 2264
 2198
 2134
 2076
 2022
 1976
 1930
 1884
 1844
 1806
 1778
 1760
 1756
 1758
 1774
 1804
 1840
 1884
 1928
 1974
 2028
 2086
 2144
 2200
 2258
 2318
 2376
 2428
 2478
 2524
 2574
 2622
 2666
 2712
 2762
 2818
 2880
 2942
 3004
 3050
 3074
 3088
 3100
 3102
 3098
 3088
 3074
 3052
 3024
 2988
 2950
 2904
 2856
 2802
 2750
 2696
 2648
 2604
 2550
 2494
 2434
 2374
 2310
 2250
 2196
 2146
 2100
 2056
 2012
 1976
 1944
 1922
 1910
 1908
 1916
 1934
 1958
 1994
 2040
 2078
 2118
 2156
 2208
 2262
 2316
 2362
 2398
 2440
 2480
 2518
 2554
 2592
 2640
 2686
 2732
 2780
 2834
 2894
 2952
 3004
 3058
 3108
 3138
 3152
 3150
 3132
 3104
 3074
 3040
 3006
 2958
 2906
 2852
 2788
 2720
 2652
 2580
 2514
 2448
 2382
 2324
 2268
 2208
 2150
 2086
 2026
 1972
 1924
 1888
 1860
 1842
 1834
 1834
 1844
 1858
 1880
 1910
 1944
 1982
 2024
 2076
 2130
 2176
 2218
 2252
 2292
 2336
 2380
 2422
 2464
 2512
 2556
 2602
 2646
 2686
 2730
 2772
 2810
 2850
 2896
 2936
 2976
 3018
 3050
 3068
 3076
 3078
 3066
 3048
 3024
 2992
 2958
 2916
 2868
 2820
 2768
 2716
 2664
 2610
 2558
 2508
 2460
 2414
 2370
 2328
 2278
 2232
 2178
 2130
 2082
 2040
 2004
 1982
 1968
 1960
 1962
 1970
 1982
 2006
 2030
 2058
 2092
 2130
 2176
 2230
 2290
 2344
 2394
 2442
 2488
 2530
 2572
 2618
 2666
 2716
 2764
 2814
 2864
 2908
 2950
 2990
 3028
 3062
 3100
 3130
 3154
 3174
 3174
 3168
 3148
 3114
 3074
 3030
 2984
 2930
 2876
 2818
 2754
 2690
 2630
 2576
 2512
 2448
 2378
 2306
 2248
 2198
 2146
 2084
 2022
 1966
 1910
 1868
 1842
 1828
 1824
 1826
 1838
 1858
 1886
 1924
 1968
 2018
 2070
 2132
 2200
 2264
 2320
 2368
 2418
 2472
 2522
 2570
 2618
 2670
 2720
 2770
 2826
 2876
 2924
 2968
 3006
 3040
 3076
 3106
 3130
 3154
 3168
 3166
 3150
 3124
 3084
 3024
 2968
 2904
 2830
 2768
 2706
 2646
 2584
 2524
 2462
 2400
 2340
 2280
 2222
 2170
 2122
 2080
 2034
 1990
 1944
 1904
 1874
 1850
 1840
 1838
 1850
 1870
 1900
 1936
 1974
 2014
 2056
 2100
 2146
 2190
 2236
 2288
 2348
 2418
 2478
 2528
 2570
 2614
 2656
 2698
 2746
 2788
 2834
 2880
 2928
 2972
 3004
 3032
 3056
 3080
 3100
 3124
 3150
 3176
 3200
 3220
 3240
 3252
 3244
 3226
 3200
 3164
 3120
 3066
 3012
 2960
 2910
 2858
 2802
 2748
 2694
 2644
 2594
 2550
 2504
 2466
 2430
 2392
 2360
 2332
 2298
 2264
 2234
 2208
 2190
 2178
 2174
 2180
 2196
 2216
 2238
 2260
 2290
 2330
 2368
 2408
 2448
 2494
 2540
 2592
 2650
 2712
 2764
 2810
 2852
 2894
 2930
 2960
 2984
 3008
 3032
 3058
 3078
 3092
 3096
 3090
 3080
 3062
 3038
 3008
 2980
 2948
 2916
 2882
 2842
 2798
 2748
 2700
 2650
 2602
 2558
 2518
 2480
 2444
 2408
 2372
 2338
 2310
 2286
 2270
 2258
 2258
 2266
 2276
 2300
 2330
 2358
 2386
 2412
 2440
 2470
 2504
 2542
 2582
 2626
 2664
 2702
 2746
 2786
 2828
 2870
 2912
 2952
 2982
 3014
 3050
 3088
 3126
 3154
 3170
 3176
 3174
 3158
 3132
 3102
 3068
 3028
 2986
 2934
 2884
 2830
 2772
 2718
 2666
 2618
 2570
 2524
 2482
 2444
 2410
 2376
 2336
 2298
 2254
 2210
 2168
 2132
 2108
 2090
 2084
 2086
 2092
 2106
 2128
 2160
 2194
 2232
 2272
 2316
 2362
 2414
 2470
 2528
 2584
 2628
 2670
 2716
 2760
 2800
 2844
 2886
 2926
 2964
 3002
 3036
 3068
 3094
 3116
 3138
 3158
 3170
 3180
 3192
 3204
 3218
 3230
 3232
 3228
 3206
 3172
 3128
 3084
 3036
 2984
 2930
 2872
 2810
 2746
 2672
 2600
 2530
 2460
 2392
 2326
 2260
 2200
 2144
 2082
 2020
 1944
 1864
 1784
 1706
 1632
 1562
 1494
 1424
 1344
 1266
 1186
 1110
 1032
 944
 856
 768
 684
 598
 506
 412
 308
 210
 116
 26
 0
 0
 0
 0
 0
 0
 0
 0
 0
 0
 0
 0
 0
 0
 0
 0
 0
 0
 0
 0
 0
 0
 0
 0
 0
 0
 0
 0
 0
 0
 0
 0
 0
 0
 0
 0
 0
 0
 0
 0
 0
 0
 0
 0
 0
 0
 0
 0
 0
 0
 0
 0
 0
 0
 0
 0
 0
 0
 0
 0
 0
 0
 0
 0
 0
 0
 0
 0
 0
 0
 0
 0
 0
 0
 4
 82
 158
 226
 294
 366
 448
 530
 618
 706
 790
 874
 958
 1034
 1118
 1212
 1304
 1384
 1462
 1548
 1636
 1718
 1794
 1868
 1940
 2010
 2080
 2150
 2214
 2278
 2342
 2412
 2474
 2536
 2598
 2658
 2724
 2778
 2822
 2862
 2902
 2936
 2968
 2998
 3030
 3058
 3084
 3108
 3134
 3152
 3168
 3174
 3178
 3180
 3180
 3180
 3174
 3156
 3130
 3092
 3042
 2980
 2910
 2840
 2772
 2702
 2628
 2554
 2478
 2402
 2328
 2258
 2190
 2122
 2062
 2012
 1958
 1910
 1860
 1828
 1802
 1786
 1784
 1788
 1800
 1820
 1844
 1874
 1908
 1944
 1988
 2038
 2090
 2146
 2204
 2254
 2300
 2342
 2390
 2434
 2476
 2516
 2558
 2596
 2628
 2662
 2698
 2734
 2772
 2814
 2850
 2888
 2928
 2966
 3008
 3044
 3066
 3084
 3100
 3112
 3122
 3128
 3134
 3136
 3136
 3134
 3130
 3120
 3104
 3080
 3052
 3010
 2970
 2930
 2888
 2852
 2810
 2762
 2714
 2666
 2614
 2566
 2528
 2494
 2468
 2450
 2440
 2438
 2442
 2452
 2466
 2484
 2506
 2530
 2560
 2596
 2628
 2658
 2684
 2708
 2734
 2760
 2786
 2812
 2838
 2864
 2894
 2922
 2948
 2970
 2992
 3008
 3026
 3046
 3068
 3090
 3116
 3140
 3156
 3166
 3174
 3174
 3166
 3156
 3140
 3120
 3094
 3066
 3038
 3004
 2966
 2922
 2876
 2834
 2794
 2760
 2732
 2712
 2698
 2682
 2664
 2646
 2634
 2620
 2610
 2608
 2612
 2622
 2632
 2650
 2670
 2698
 2724
 2750
 2776
 2802
 2832
 2860
 2890
 2922
 2946
 2960
 2970
 2980
 2988
 2994
 2998
 3002
 3006
 3010
 3014
 3018
 3020
 3018
 3020
 3020
 3016
 3014
 3014
 3020
 3022
 3018
 3016
 3004
 2982
 2948
 2910
 2872
 2830
 2784
 2736
 2686
 2634
 2584
 2538
 2490
 2444
 2402
 2370
 2340
 2306
 2276
 2250
 2232
 2220
 2216
 2220
 2234
 2254
 2278
 2304
 2334
 2366
 2400
 2436
 2472
 2510
 2550
 2592
 2634
 2664
 2692
 2718
 2742
 2766
 2790
 2814
 2838
 2860
 2886
 2912
 2924
 2938
 2954
 2968
 2980
 2988
 3000
 3014
 3022
 3028
 3028
 3024
 3014
 3004
 2988
 2968
 2952
 2934
 2910
 2892
 2860
 2830
 2794
 2756
 2716
 2676
 2642
 2604
 2562
 2512
 2462
 2414
 2364
 2318
 2282
 2252
 2230
 2212
 2202
 2202
 2208
 2224
 2248
 2274
 2310
 2356
 2398
 2438
 2472
 2510
 2550
 2588
 2622
 2656
 2688
 2718
 2750
 2784
 2810
 2830
 2850
 2870
 2890
 2912
 2940
 2962
 2978
 2988
 2996
 3004
 3010
 3016
 3020
 3024
 3026
 3020
 3010
 3000
 2986
 2966
 2944
 2920
 2896
 2874
 2854
 2822
 2790
 2754
 2718
 2680
 2644
 2610
 2580
 2556
 2530
 2512
 2494
 2486
 2482
 2486
 2496
 2508
 2528
 2554
 2578
 2602
 2622
 2638
 2652
 2670
 2694
 2720
 2748
 2768
 2784
 2808
 2830
 2852
 2876
 2898
 2912
 2930
 2950
 2976
 2996
 3004
 3008
 3004
 2992
 2974
 2958
 2938
 2928
 2914
 2896
 2876
 2852
 2826
 2796
 2762
 2730
 2700
 2672
 2638
 2600
 2562
 2522
 2488
 2454
 2428
 2410
 2402
 2400
 2406
 2422
 2438
 2462
 2480
 2504
 2528
 2556
 2590
 2628
 2662
 2694
 2720
 2750
 2782
 2816
 2850
 2884
 2918
 2950
 2982
 3016
 3034
 3056
 3086
 3114
 3140
 3168
 3200
 3222
 3236
 3242
 3240
 3224
 3204
 3182
 3158
 3130
 3100
 3070
 3040
 3002
 2964
 2928
 2890
 2850
 2812
 2772
 2734
 2686
 2640
 2592
 2550
 2510
 2478
 2462
 2446
 2428
 2420
 2418
 2420
 2424
 2434
 2450
 2466
 2490
 2520
 2558
 2588
 2618
 2644
 2674
 2704
 2736
 2768
 2802
 2840
 2876
 2914
 2952
 2982
 3014
 3042
 3072
 3100
 3134
 3160
 3166
 3168
 3164
 3152
 3130
 3108
 3084
 3056
 3030
 2998
 2962
 2920
 2880
 2840
 2796
 2748
 2694
 2644
 2602
 2552
 2502
 2452
 2404
 2356
 2308
 2262
 2220
 2182
 2142
 2104
 2072
 2046
 2026
 2018
 2020
 2030
 2050
 2080
 2112
 2146
 2180
 2226
 2274
 2322
 2370
 2420
 2474
 2520
 2566
 2610
 2650
 2688
 2726
 2762
 2800
 2842
 2888
 2922
 2948
 2970
 2982
 2998
 3012
 3034
 3056
 3076
 3088
 3094
 3092
 3080
 3060
 3036
 3008
 2982
 2954
 2926
 2886
 2840
 2792
 2746
 2704
 2662
 2616
 2564
 2516
 2462
 2408
 2354
 2300
 2242
 2184
 2128
 2078
 2034
 1986
 1938
 1892
 1854
 1830
 1816
 1818
 1830
 1854
 1882
 1918
 1960
 2008
 2058
 2110
 2164
 2216
 2274
 2330
 2372
 2404
 2446
 2488
 2532
 2578
 2618
 2656
 2686
 2714
 2746
 2774
 2804
 2836
 2868
 2898
 2928
 2954
 2982
 3016
 3044
 3058
 3068
 3076
 3072
 3058
 3038
 3008
 2976
 2936
 2888
 2830
 2756
 2688
 2626
 2566
 2510
 2456
 2406
 2362
 2314
 2264
 2208
 2156
 2106
 2058
 2016
 1978
 1944
 1908
 1874
 1844
 1822
 1810
 1804
 1814
 1834
 1862
 1904
 1944
 1988
 2028
 2086
 2150
 2220
 2290
 2358
 2424
 2478
 2526
 2568
 2608
 2650
 2694
 2738
 2792
 2860
 2936
 2998
 3038
 3064
 3088
 3088
 3048
 3028
 3020
 3012
 3006
 2994
 2996
 3000
 3012
 3024
 3014
 2996
 2990
 2986
 2988
 2986
 3012
 3076
 3152
 3234
 3312
 3398
 3518
 3616
 3684
 3736
 3768
 3790
 3780
 3726
 3656
 3548
 3416
 3290
 3152
 3012
 2880
 2768
 2674
 2606
 2556
 2524
 2508
 2516
 2532
 2526
 2508
 2502
 2512
 2530
 2578
 2624
 2642
 2646
 2682
 2744
 2796
 2820
 2830
 2830
 2834
 2828
 2828
 2828
 2812
 2788
 2746
 2688
 2620
 2548
 2470
 2388
 2298
 2206
 2118
 2032
 1946
 1866
 1796
 1738
 1676
 1618
 1572
 1526
 1486
 1444
 1400
 1346
 1284
 1234
 1186
 1138
 1096
 1054
 1026
 1002
 980
 964
 962
 968
 978
 988
 1004
 1024
 1054
 1090
 1138
 1198
 1272
 1350
 1430
 1500
 1564
 1628
 1700
 1768
 1838
 1908
 1976
 2046
 2112
 2180
 2244
 2304
 2364
 2430
 2496
 2548
 2592
 2634
 2682
 2726
 2774
 2816
 2860
 2906
 2950
 2988
 3018
 3040
 3060
 3074
 3084
 3088
 3078
 3052
 3008
 2954
 2896
 2834
 2778
 2724
 2670
 2610
 2554
 2498
 2436
 2374
 2312
 2252
 2200
 2154
 2104
 2056
 2006
 1958
 1906
 1860
 1816
 1776
 1734
 1690
 1650
 1608
 1572
 1538
 1518
 1516
 1520
 1522
 1514
 1506
 1502
 1504
 1506
 1512
 1522
 1534
 1554
 1584
 1614
 1650
 1690
 1734
 1782
 1828
 1874
 1912
 1952
 2000
 2050
 2100
 2150
 2202
 2260
 2314
 2362
 2406
 2452
 2500
 2550
 2600
 2648
 2700
 2752
 2792
 2826
 2854
 2888
 2920
 2950
 2982
 3014
 3044
 3070
 3098
 3118
 3134
 3146
 3152
 3152
 3154
 3154
 3154
 3148
 3142
 3132
 3118
 3098
 3062
 3020
 2968
 2914
 2856
 2788
 2722
 2660
 2594
 2532
 2468
 2408
 2350
 2298
 2254
 2212
 2168
 2124
 2084
 2056
 2034
 2024
 2024
 2030
 2042
 2058
 2084
 2114
 2148
 2188
 2230
 2274
 2316
 2364
 2418
 2466
 2508
 2544
 2582
 2624
 2664
 2700
 2738
 2772
 2802
 2832
 2862
 2890
 2918
 2946
 2972
 3000
 3024
 3048
 3072
 3088
 3110
 3126
 3138
 3148
 3150
 3146
 3136
 3126
 3114
 3096
 3078
 3062
 3044
 3022
 2998
 2972
 2946
 2918
 2892
 2866
 2838
 2814
 2790
 2762
 2726
 2688
 2654
 2622
 2596
 2578
 2566
 2564
 2566
 2572
 2586
 2600
 2618
 2638
 2660
 2686
 2712
 2740
 2770
 2812
 2846
 2876
 2906
 2932
 2956
 2972
 2994
 3014
 3036
 3056
 3072
 3094
 3112
 3130
 3150
 3164
 3180
 3198
 3218
 3238
 3256
 3270
 3276
 3276
 3270
 3256
 3236
 3216
 3196
 3174
 3150
 3126
 3104
 3082
 3058
 3026
 2996
 2968
 2942
 2920
 2900
 2886
 2878
 2872
 2868
 2862
 2858
 2852
 2842
 2838
 2836
 2836
 2842
 2848
 2858
 2870
 2882
 2894
 2906
 2918
 2928
 2942
 2958
 2982
 3004
 3020
 3036
 3054
 3068
 3078
 3082
 3082
 3078
 3074
 3066
 3056
 3040
 3024
 3006
 2986
 2966
 2944
 2926
 2908
 2884
 2858
 2828
 2800
 2766
 2734
 2708
 2684
 2664
 2644
 2624
 2612
 2606
 2604
 2606
 2612
 2622
 2636
 2656
 2682
 2708
 2730
 2750
 2768
 2788
 2812
 2840
 2866
 2896
 2926
 2954
 2976
 3000
 3022
 3046
 3068
 3090
 3112
 3136
 3160
 3182
 3196
 3206
 3214
 3216
 3212
 3204
 3192
 3182
 3168
 3152
 3130
 3106
 3084
 3062
 3036
 3010
 2986
 2960
 2934
 2912
 2874
 2836
 2798
 2760
 2724
 2692
 2664
 2636
 2612
 2586
 2562
 2538
 2514
 2496
 2484
 2476
 2472
 2476
 2486
 2500
 2524
 2548
 2568
 2592
 2614
 2640
 2672
 2704
 2736
 2772
 2812
 2848
 2886
 2920
 2954
 2982
 3008
 3036
 3064
 3092
 3120
 3148
 3176
 3206
 3228
 3244
 3260
 3276
 3284
 3284
 3278
 3268
 3258
 3246
 3228
 3206
 3182
 3152
 3122
 3084
 3048
 3002
 2956
 2920
 2884
 2848
 2816
 2780
 2740
 2696
 2654
 2612
 2570
 2528
 2486
 2450
 2408
 2368
 2330
 2290
 2258
 2228
 2208
 2196
 2194
 2204
 2222
 2240
 2260
 2284
 2318
 2356
 2396
 2438
 2484
 2524
 2562
 2602
 2642
 2682
 2730
 2780
 2828
 2864
 2890
 2916
 2944
 2966
 2986
 3006
 3022
 3042
 3064
 3084
 3102
 3106
 3106
 3102
 3088
 3070
 3044
 3014
 2980
 2942
 2908
 2874
 2838
 2794
 2750
 2704
 2662
 2618
 2576
 2538
 2500
 2464
 2428
 2394
 2362
 2330
 2302
 2276
 2258
 2248
 2248
 2260
 2276
 2292
 2316
 2350
 2396
 2442
 2478
 2508
 2540
 2578
 2610
 2646
 2684
 2720
 2764
 2812
 2858
 2908
 2954
 2992
 3034
 3078
 3112
 3142
 3170
 3198
 3226
 3254
 3272
 3276
 3270
 3254
 3236
 3214
 3182
 3150
 3116
 3078
 3036
 2988
 2942
 2898
 2858
 2812
 2766
 2718
 2672
 2628
 2586
 2550
 2520
 2494
 2472
 2452
 2442
 2436
 2436
 2442
 2452
 2470
 2498
 2530
 2568
 2610
 2650
 2686
 2718
 2748
 2780
 2816
 2854
 2890
 2926
 2960
 2986
 3016
 3042
 3070
 3096
 3118
 3142
 3164
 3184
 3204
 3218
 3226
 3230
 3230
 3224
 3206
 3182
 3158
 3136
 3112
 3086
 3058
 3030
 2998
 2964
 2930
 2892
 2850
 2806
 2762
 2722
 2684
 2652
 2616
 2578
 2536
 2492
 2452
 2408
 2368
 2336
 2308
 2288
 2272
 2266
 2266
 2274
 2288
 2304
 2322
 2344
 2372
 2408
 2442
 2474
 2504
 2534
 2568
 2604
 2642
 2678
 2716
 2756
 2794
 2832
 2868
 2904
 2938
 2972
 3004
 3034
 3064
 3094
 3126
 3152
 3160
 3164
 3160
 3154
 3134
 3112
 3088
 3060
 3022
 2976
 2916
 2852
 2782
 2708
 2648
 2594
 2546
 2498
 2458
 2422
 2384
 2350
 2310
 2266
 2222
 2176
 2134
 2096
 2066
 2046
 2034
 2030
 2034
 2046
 2066
 2092
 2120
 2154
 2190
 2228
 2268
 2314
 2362
 2408
 2444
 2480
 2514
 2550
 2588
 2628
 2668
 2708
 2748
 2788
 2828
 2868
 2904
 2940
 2976
 3010
 3042
 3066
 3090
 3112
 3132
 3146
 3154
 3158
 3156
 3146
 3124
 3102
 3078
 3054
 3024
 2984
 2946
 2908
 2866
 2826
 2784
 2742
 2698
 2658
 2618
 2580
 2548
 2522
 2490
 2456
 2418
 2378
 2340
 2304
 2274
 2248
 2228
 2214
 2206
 2204
 2210
 2222
 2236
 2256
 2276
 2302
 2332
 2362
 2398
 2434
 2466
 2492
 2516
 2538
 2562
 2592
 2624
 2654
 2684
 2700
 2704
 2714
 2730
 2748
 2774
 2804
 2834
 2860
 2882
 2906
 2922
 2936
 2942
 2934
 2908
 2866
 2810
 2738
 2654
 2564
 2470
 2380
 2294
 2210
 2126
 2048
 1972
 1902
 1832
 1760
 1686
 1610
 1538
 1476
 1408
 1342
 1274
 1212
 1158
 1112
 1074
 1026
 970
 914
 858
 810
 762
 716
 670
 626
 594
 554
 508
 458
 420
 392
 372
 358
 354
 352
 366
 384
 408
 436
 474
 522
 578
 636
 694
 746
 798
 858
 926
 992
 1056
 1126
 1198
 1262
 1328
 1390
 1452
 1512
 1572
 1634
 1694
 1756
 1820
 1888
 1944
 1988
 2036
 2090
 2142
 2192
 2242
 2292
 2338
 2378
 2422
 2464
 2504
 2542
 2578
 2612
 2646
 2682
 2720
 2756
 2788
 2816
 2844
 2866
 2870
 2868
 2856
 2832
 2800
 2764
 2726
 2682
 2638
 2590
 2540
 2486
 2432
 2382
 2330
 2280
 2230
 2186
 2144
 2102
 2064
 2032
 1994
 1958
 1920
 1878
 1840
 1804
 1778
 1758
 1748
 1744
 1744
 1754
 1768
 1788
 1812
 1836
 1868
 1902
 1938
 1978
 2022
 2076
 2126
 2168
 2208
 2246
 2282
 2322
 2364
 2406
 2446
 2484
 2522
 2558
 2594
 2626
 2656
 2686
 2714
 2744
 2774
 2804
 2834
 2860
 2886
 2908
 2914
 2914
 2906
 2894
 2872
 2848
 2822
 2796
 2768
 2736
 2710
 2680
 2646
 2612
 2576
 2540
 2502
 2464
 2428
 2390
 2352
 2316
 2288
 2252
 2218
 2182
 2146
 2118
 2098
 2088
 2084
 2086
 2092
 2098
 2110
 2128
 2150
 2174
 2198
 2222
 2244
 2272
 2300
 2332
 2368
 2408
 2440
 2468
 2498
 2526
 2554
 2582
 2614
 2648
 2682
 2718
 2750
 2784
 2818
 2848
 2880
 2910
 2938
 2966
 2990
 3004
 3022
 3038
 3056
 3066
 3070
 3068
 3060
 3044
 3022
 2998
 2976
 2950
 2924
 2890
 2856
 2822
 2782
 2740
 2696
 2652
 2606
 2560
 2516
 2472
 2434
 2396
 2354
 2308
 2262
 2218
 2178
 2142
 2112
 2096
 2084
 2080
 2090
 2108
 2136
 2170
 2202
 2230
 2252
 2276
 2304
 2334
 2368
 2398
 2422
 2448
 2472
 2494
 2516
 2544
 2562
 2584
 2608
 2632
 2658
 2688
 2714
 2740
 2764
 2790
 2816
 2844
 2866
 2878
 2876
 2872
 2858
 2832
 2800
 2766
 2728
 2684
 2636
 2582
 2526
 2470
 2410
 2354
 2298
 2246
 2196
 2156
 2112
 2066
 2020
 1972
 1930
 1890
 1856
 1830
 1814
 1804
 1800
 1804
 1812
 1828
 1850
 1874
 1904
 1936
 1974
 2016
 2064
 2110
 2150
 2190
 2228
 2272
 2308
 2338
 2362
 2396
 2432
 2460
 2492
 2522
 2554
 2586
 2616
 2648
 2682
 2716
 2750
 2786
 2824
 2850
 2868
 2882
 2884
 2874
 2856
 2834
 2808
 2778
 2742
 2704
 2660
 2610
 2560
 2512
 2460
 2412
 2366
 2328
 2294
 2258
 2220
 2178
 2132
 2084
 2040
 2006
 1980
 1960
 1944
 1930
 1930
 1934
 1944
 1960
 1986
 2014
 2048
 2090
 2134
 2182
 2234
 2282
 2322
 2356
 2394
 2432
 2470
 2508
 2546
 2590
 2632
 2680
 2728
 2772
 2812
 2850
 2886
 2920
 2954
 2986
 3014
 3046
 3070
 3076
 3066
 3048
 3024
 2990
 2954
 2918
 2878
 2840
 2794
 2746
 2696
 2646
 2596
 2540
 2482
 2420
 2354
 2298
 2250
 2202
 2144
 2078
 2006
 1944
 1888
 1846
 1814
 1792
 1780
 1772
 1776
 1790
 1812
 1838
 1872
 1910
 1950
 1992
 2042
 2098
 2156
 2204
 2246
 2290
 2332
 2376
 2416
 2452
 2490
 2526
 2566
 2604
 2644
 2684
 2726
 2766
 2808
 2848
 2888
 2926
 2966
 3008
 3046
 3070
 3090
 3098
 3092
 3072
 3046
 3014
 2970
 2928
 2884
 2838
 2788
 2736
 2686
 2636
 2586
 2534
 2488
 2444
 2406
 2368
 2336
 2308
 2272
 2236
 2196
 2158
 2122
 2088
 2058
 2036
 2018
 2006
 2002
 2008
 2022
 2044
 2068
 2096
 2128
 2164
 2202
 2242
 2282
 2326
 2366
 2396
 2428
 2452
 2476
 2502
 2534
 2568
 2602
 2642
 2678
 2716
 2754
 2790
 2830
 2868
 2906
 2944
 2980
 3012
 3038
 3058
 3076
 3092
 3090
 3080
 3066
 3054
 3030
 3002
 2974
 2944
 2912
 2878
 2840
 2808
 2774
 2736
 2702
 2662
 2620
 2582
 2544
 2512
 2482
 2454
 2430
 2398
 2366
 2330
 2294
 2260
 2228
 2206
 2190
 2184
 2182
 2184
 2192
 2200
 2216
 2232
 2254
 2276
 2302
 2332
 2366
 2406
 2452
 2490
 2526
 2562
 2598
 2634
 2672
 2718
 2760
 2806
 2852
 2896
 2944
 2990
 3030
 3070
 3104
 3140
 3172
 3202
 3234
 3256
 3276
 3290
 3294
 3292
 3284
 3266
 3240
 3212
 3186
 3146
 3104
 3058
 3016
 2972
 2926
 2880
 2830
 2774
 2716
 2658
 2606
 2552
 2496
 2440
 2380
 2320
 2252
 2176
 2102
 2034
 1972
 1914
 1862
 1816
 1772
 1728
 1682
 1644
 1612
 1588
 1572
 1562
 1560
 1566
 1580
 1592
 1608
 1626
 1640
 1662
 1684
 1708
 1734
 1758
 1784
 1814
 1850
 1884
 1920
 1954
 1982
 2004
 2030
 2058
 2094
 2134
 2172
 2216
 2260
 2312
 2364
 2412
 2474
 2534
 2588
 2614
 2616
 2626
 2642
 2654
 2668
 2692
 2750
 2808
 2842
 2868
 2894
 2910
 2934
 2932
 2904
 2878
 2862
 2838
 2806
 2766
 2724
 2688
 2618
 2560
 2498
 2430
 2366
 2298
 2238
 2174
 2104
 2040
 1972
 1904
 1840
 1782
 1728
 1678
 1638
 1612
 1592
 1580
 1574
 1578
 1592
 1610
 1640
 1680
 1730
 1778
 1824
 1866
 1902
 1944
 1994
 2042
 2092
 2140
 2188
 2240
 2298
 2354
 2404
 2446
 2496
 2550
 2600
 2652
 2708
 2766
 2818
 2872
 2928
 2980
 3028
 3072
 3112
 3146
 3172
 3188
 3192
 3188
 3178
 3156
 3124
 3086
 3042
 2990
 2928
 2874
 2818
 2762
 2712
 2656
 2602
 2544
 2484
 2426
 2368
 2314
 2264
 2216
 2170
 2132
 2110
 2096
 2090
 2090
 2092
 2102
 2120
 2148
 2184
 2230
 2280
 2328
 2378
 2428
 2480
 2534
 2590
 2648
 2704
 2758
 2816
 2876
 2934
 2982
 3024
 3066
 3108
 3138
 3168
 3196
 3210
 3214
 3204
 3184
 3148
 3100
 3048
 2988
 2928
 2866
 2802
 2740
 2678
 2624
 2576
 2526
 2468
 2398
 2322
 2244
 2158
 2078
 2006
 1946
 1894
 1848
 1810
 1778
 1752
 1738
 1730
 1728
 1734
 1752
 1782
 1822
 1858
 1896
 1930
 1962
 1994
 2024
 2052
 2080
 2112
 2146
 2176
 2206
 2236
 2272
 2310
 2346
 2380
 2412
 2448
 2490
 2534
 2578
 2620
 2646
 2654
 2640
 2604
 2544
 2478
 2416
 2342
 2266
 2186
 2106
 2032
 1956
 1884
 1814
 1746
 1684
 1638
 1604
 1560
 1508
 1448
 1378
 1308
 1240
 1186
 1146
 1118
 1102
 1090
 1094
 1104
 1126
 1156
 1192
 1236
 1282
 1328
 1386
 1452
 1524
 1590
 1646
 1688
 1720
 1726
 1720
 1710
 1706
 1708
 1706
 1710
 1722
 1752
 1792
 1836
 1874
 1902
 1932
 1960
 1988
 2018
 2054
 2084
 2106
 2122
 2132
 2142
 2156
 2166
 2172
 2178
 2176
 2166
 2144
 2112
 2078
 2038
 1996
 1950
 1904
 1860
 1818
 1780
 1734
 1688
 1632
 1582
 1538
 1492
 1450
 1408
 1368
 1330
 1286
 1242
 1194
 1144
 1092
 1038
 982
 924
 864
 802
 728
 646
 556
 470
 378
 284
 178
 70
 0
 0
 0
 0
 0
 0
 0
 0
 0
 0
 0
 0
 0
 0
 0
 0
 0
 0
 0
 0
 0
 0
 0
 0
 0
 0
 0
 0
 0
 0
 0
 0
 0
 0
 0
 0
 0
 0
 0
 0
 0
 0
 0
 0
 0
 0
 0
 0
 0
 0
 0
 0
 0
 0
 0
 0
 62
 130
 210
 304
 400
 494
 600
 716
 824
 914
 1010
 1108
 1204
 1280
 1344
 1412
 1480
 1554
 1624
 1692
 1770
 1846
 1920
 1986
 2054
 2118
 2184
 2234
 2268
 2294
 2328
 2364
 2404
 2448
 2494
 2538
 2576
 2612
 2646
 2676
 2704
 2732
 2760
 2788
 2814
 2838
 2860
 2872
 2878
 2880
 2874
 2858
 2836
 2810
 2782
 2748
 2712
 2676
 2632
 2584
 2540
 2494
 2450
 2406
 2370
 2336
 2294
 2258
 2222
 2194
 2170
 2154
 2148
 2148
 2154
 2166
 2182
 2204
 2232
 2264
 2296
 2330
 2368
 2414
 2468
 2514
 2556
 2596
 2640
 2680
 2722
 2762
 2800
 2836
 2872
 2902
 2930
 2956
 2984
 3010
 3034
 3060
 3086
 3116
 3142
 3156
 3164
 3166
 3158
 3134
 3104
 3070
 3030
 2986
 2942
 2898
 2850
 2798
 2748
 2700
 2650
 2600
 2558
 2526
 2500
 2478
 2454
 2414
 2372
 2330
 2296
 2264
 2242
 2226
 2220
 2224
 2232
 2246
 2264
 2284
 2308
 2334
 2360
 2388
 2418
 2444
 2474
 2514
 2550
 2578
 2606
 2628
 2648
 2668
 2694
 2722
 2750
 2778
 2804
 2832
 2862
 2886
 2910
 2934
 2958
 2974
 2986
 3000
 3016
 3032
 3056
 3074
 3086
 3092
 3084
 3054
 3014
 2982
 2954
 2918
 2880
 2846
 2808
 2780
 2750
 2712
 2666
 2614
 2576
 2530
 2494
 2460
 2434
 2404
 2368
 2334
 2292
 2248
 2208
 2174
 2148
 2132
 2128
 2134
 2150
 2172
 2202
 2238
 2276
 2318
 2362
 2410
 2456
 2508
 2564
 2614
 2658
 2696
 2732
 2768
 2796
 2816
 2828
 2832
 2840
 2848
 2872
 2894
 2910
 2932
 2958
 2994
 3018
 3044
 3070
 3090
 3116
 3136
 3146
 3150
 3144
 3128
 3104
 3078
 3052
 3014
 2976
 2934
 2890
 2844
 2786
 2732
 2682
 2632
 2588
 2546
 2510
 2476
 2452
 2432
 2410
 2390
 2370
 2354
 2344
 2342
 2352
 2374
 2404
 2422
 2440
 2468
 2490
 2514
 2538
 2568
 2602
 2634
 2670
 2708
 2748
 2792
 2834
 2868
 2900
 2932
 2964
 2994
 3026
 3052
 3068
 3082
 3088
 3092
 3088
 3078
 3062
 3042
 3018
 2994
 2968
 2938
 2914
 2892
 2860
 2826
 2790
 2754
 2716
 2676
 2640
 2606
 2578
 2548
 2516
 2484
 2458
 2450
 2438
 2424
 2428
 2434
 2450
 2474
 2508
 2534
 2562
 2586
 2616
 2646
 2680
 2716
 2756
 2796
 2832
 2868
 2904
 2934
 2964
 2998
 3028
 3064
 3100
 3138
 3182
 3212
 3236
 3250
 3256
 3246
 3230
 3208
 3176
 3138
 3100
 3064
 3026
 2980
 2940
 2898
 2856
 2818
 2782
 2746
 2712
 2684
 2646
 2604
 2568
 2542
 2508
 2482
 2470
 2468
 2470
 2476
 2486
 2500
 2516
 2538
 2560
 2586
 2614
 2646
 2678
 2714
 2754
 2794
 2828
 2860
 2884
 2904
 2916
 2928
 2944
 2962
 2986
 3004
 3024
 3046
 3066
 3088
 3112
 3134
 3160
 3182
 3206
 3230
 3250
 3262
 3256
 3242
 3226
 3204
 3176
 3138
 3102
 3068
 3030
 2992
 2950
 2906
 2864
 2814
 2770
 2722
 2674
 2630
 2590
 2552
 2520
 2490
 2472
 2460
 2450
 2448
 2448
 2458
 2468
 2486
 2514
 2542
 2574
 2602
 2630
 2662
 2692
 2720
 2746
 2776
 2808
 2842
 2876
 2912
 2946
 2986
 3030
 3060
 3088
 3112
 3134
 3144
 3148
 3142
 3130
 3132
 3130
 3112
 3092
 3074
 3052
 3032
 3008
 2976
 2938
 2896
 2856
 2816
 2776
 2740
 2698
 2658
 2612
 2566
 2516
 2468
 2422
 2382
 2346
 2312
 2276
 2246
 2216
 2194
 2180
 2174
 2178
 2190
 2212
 2240
 2280
 2320
 2358
 2394
 2430
 2464
 2500
 2540
 2578
 2622
 2664
 2704
 2744
 2782
 2816
 2850
 2886
 2922
 2958
 2992
 3018
 3038
 3060
 3090
 3114
 3130
 3144
 3154
 3160
 3158
 3150
 3140
 3128
 3116
 3102
 3080
 3056
 3030
 3004
 2976
 2944
 2910
 2876
 2844
 2812
 2784
 2758
 2726
 2692
 2656
 2618
 2578
 2542
 2510
 2484
 2462
 2448
 2436
 2432
 2436
 2444
 2456
 2472
 2494
 2520
 2552
 2588
 2632
 2688
 2738
 2770
 2794
 2814
 2832
 2848
 2870
 2898
 2922
 2954
 2986
 3012
 3044
 3072
 3100
 3130
 3158
 3190
 3222
 3256
 3290
 3320
 3346
 3364
 3366
 3354
 3336
 3310
 3274
 3234
 3196
 3158
 3120
 3080
 3040
 2998
 2952
 2906
 2858
 2808
 2762
 2714
 2670
 2630
 2592
 2556
 2526
 2492
 2460
 2422
 2382
 2348
 2310
 2292
 2290
 2288
 2292
 2304
 2318
 2318
 2312
 2298
 2278
 2252
 2226
 2212
 2222
 2250
 2274
 2290
 2298
 2308
 2332
 2372
 2434
 2496
 2554
 2602
 2644
 2676
 2696
 2718
 2738
 2748
 2752
 2758
 2758
 2750
 2738
 2716
 2692
 2660
 2626
 2596
 2562
 2526
 2496
 2462
 2418
 2372
 2326
 2278
 2228
 2178
 2122
 2070
 2022
 1968
 1912
 1856
 1804
 1768
 1746
 1736
 1738
 1754
 1780
 1814
 1858
 1912
 1968
 2026
 2080
 2136
 2190
 2244
 2300
 2360
 2414
 2460
 2504
 2546
 2588
 2630
 2672
 2710
 2750
 2794
 2834
 2878
 2918
 2954
 2990
 3026
 3060
 3090
 3118
 3144
 3168
 3192
 3212
 3216
 3206
 3192
 3172
 3144
 3108
 3072
 3036
 2994
 2954
 2900
 2850
 2798
 2746
 2696
 2648
 2596
 2542
 2486
 2436
 2388
 2346
 2308
 2276
 2240
 2204
 2166
 2134
 2108
 2092
 2086
 2092
 2108
 2132
 2160
 2200
 2238
 2278
 2322
 2362
 2410
 2460
 2510
 2560
 2612
 2664
 2718
 2760
 2800
 2836
 2870
 2902
 2934
 2970
 3006
 3042
 3078
 3112
 3146
 3178
 3206
 3230
 3246
 3254
 3260
 3264
 3264
 3260
 3258
 3252
 3234
 3214
 3186
 3150
 3102
 3044
 2976
 2902
 2834
 2766
 2706
 2644
 2580
 2520
 2456
 2390
 2326
 2264
 2206
 2152
 2106
 2060
 2014
 1962
 1914
 1870
 1828
 1790
 1760
 1730
 1704
 1676
 1652
 1632
 1618
 1616
 1622
 1638
 1664
 1700
 1746
 1778
 1798
 1814
 1814
 1800
 1790
 1796
 1826
 1880
 1926
 1976
 2022
 2074
 2146
 2220
 2280
 2332
 2390
 2446
 2488
 2524
 2564
 2608
 2650
 2710
 2792
 2880
 2948
 2998
 3042
 3082
 3108
 3130
 3158
 3174
 3170
 3162
 3172
 3184
 3170
 3140
 3096
 3030
 2956
 2880
 2800
 2714
 2636
 2560
 2478
 2402
 2328
 2252
 2180
 2108
 2036
 1970
 1922
 1882
 1844
 1796
 1738
 1690
 1638
 1588
 1542
 1492
 1426
 1350
 1268
 1190
 1128
 1070
 1014
 958
 914
 878
 856
 836
 810
 780
 754
 716
 698
 674
 644
 614
 590
 562
 528
 486
 446
 410
 370
 326
 290
 260
 232
 198
 156
 118
 92
 74
 48
 12
 0
 0
 0
 0
 0
 0
 0
 0
 12
 84
 160
 248
 328
 406
 484
 542
 588
 630
 670
 700
 714
 732
 740
 742
 742
 744
 752
 774
 808
 840
 868
 902
 952
 1008
 1064
 1122
 1192
 1268
 1344
 1426
 1508
 1592
 1676
 1764
 1854
 1946
 2038
 2134
 2228
 2310
 2382
 2456
 2542
 2620
 2694
 2764
 2832
 2898
 2960
 3020
 3080
 3130
 3176
 3218
 3256
 3286
 3310
 3330
 3344
 3348
 3338
 3316
 3286
 3244
 3190
 3136
 3074
 3006
 2938
 2870
 2800
 2724
 2656
 2594
 2538
 2484
 2432
 2390
 2352
 2308
 2274
 2242
 2222
 2210
 2208
 2214
 2230
 2252
 2278
 2310
 2346
 2382
 2426
 2470
 2516
 2564
 2616
 2678
 2738
 2784
 2828
 2870
 2910
 2948
 2988
 3028
 3062
 3094
 3124
 3158
 3194
 3222
 3252
 3282
 3312
 3340
 3368
 3396
 3416
 3422
 3422
 3408
 3384
 3348
 3312
 3272
 3228
 3180
 3128
 3076
 3018
 2954
 2894
 2832
 2776
 2720
 2668
 2622
 2582
 2548
 2512
 2476
 2442
 2414
 2392
 2378
 2372
 2374
 2384
 2398
 2416
 2440
 2466
 2496
 2524
 2554
 2588
 2622
 2660
 2698
 2740
 2786
 2836
 2878
 2918
 2958
 2988
 3014
 3046
 3084
 3118
 3154
 3184
 3214
 3244
 3272
 3296
 3320
 3340
 3362
 3382
 3398
 3414
 3430
 3448
 3462
 3468
 3464
 3456
 3446
 3430
 3406
 3378
 3350
 3318
 3282
 3244
 3204
 3166
 3122
 3078
 3032
 2988
 2946
 2904
 2866
 2832
 2796
 2768
 2750
 2728
 2710
 2698
 2682
 2672
 2666
 2668
 2676
 2690
 2708
 2726
 2752
 2782
 2812
 2842
 2872
 2904
 2940
 2976
 3012
 3052
 3084
 3118
 3146
 3168
 3192
 3212
 3232
 3248
 3264
 3280
 3292
 3304
 3310
 3316
 3318
 3314
 3304
 3290
 3274
 3254
 3232
 3206
 3180
 3154
 3130
 3098
 3066
 3032
 2996
 2954
 2914
 2876
 2842
 2810
 2780
 2754
 2736
 2718
 2708
 2700
 2700
 2702
 2708
 2716
 2724
 2734
 2750
 2766
 2776
 2784
 2794
 2800
 2812
 2826
 2842
 2860
 2880
 2898
 2912
 2920
 2916
 2904
 2894
 2886
 2880
 2874
 2870
 2872
 2876
 2880
 2878
 2872
 2862
 2846
 2822
 2798
 2776
 2750
 2718
 2686
 2650
 2608
 2558
 2506
 2448
 2378
 2302
 2228
 2156
 2090
 2028
 1954
 1886
 1812
 1740
 1674
 1610
 1548
 1482
 1416
 1348
 1278
 1210
 1140
 1074
 1018
 970
 930
 902
 892
 886
 888
 892
 908
 934
 968
 1014
 1068
 1124
 1180
 1240
 1304
 1364
 1422
 1484
 1546
 1606
