20
24
49
105
112
173
325
327
464
531
541
584
653
720
832
834
888
1005
1083
1201
1261
1320
1378
1438
1496
1547
1604
1658
1712
1770
1823
1874
1935
1997
2054
2115
2184
2291
2669
2724
2785
2853
2918
2977
3042
3107
3188
3200
3251
3319
3421
3422
3474
3480
3561
3567
3627
3632
3686
3746
3801
3872
3947
4005
4069
4130
4199
4264
4321
4384
4445
4507
4568
4631
4685
4746
4905
5167
5235
5293
5348
5408
5476
5547
5606
5745
5753
5826
5836
5890
6128
6207
6265
6317
6383
6449
6514
6622
6623
6684
6696
6744
6813
6875
6938
7004
7067
7132
7226
7234
7292
7349
7414
7491
7493
7604
7807
7866
7922
7977
8041
8107
8165
8245
8296
8359
8446
8452
8581
8583
8633
8695
8765
8821
