 2640
 2616
 2574
 2546
 2526
 2498
 2456
 2428
 2398
 2348
 2304
 2256
 2192
 2142
 2034
 1918
 1818
 1714
 1600
 1488
 1392
 1304
 1224
 1150
 1092
 1042
 1012
 1000
 1004
 1030
 1068
 1084
 1046
 1016
 1022
 1046
 1068
 1074
 1092
 1138
 1188
 1224
 1252
 1278
 1300
 1322
 1348
 1382
 1424
 1470
 1514
 1552
 1582
 1608
 1628
 1644
 1660
 1682
 1716
 1750
 1776
 1820
 1882
 1950
 2020
 2106
 2198
 2294
 2402
 2504
 2596
 2678
 2754
 2818
 2868
 2910
 2942
 2954
 2948
 2928
 2892
 2832
 2760
 2674
 2576
 2484
 2390
 2290
 2202
 2116
 2030
 1948
 1862
 1780
 1702
 1624
 1556
 1496
 1438
 1376
 1318
 1270
 1230
 1198
 1174
 1152
 1152
 1164
 1190
 1218
 1270
 1324
 1370
 1426
 1482
 1538
 1608
 1690
 1768
 1840
 1912
 1964
 1998
 2026
 2050
 2082
 2136
 2210
 2316
 2408
 2512
 2626
 2752
 2874
 2978
 3064
 3130
 3176
 3202
 3228
 3268
 3300
 3322
 3356
 3394
 3436
 3464
 3466
 3454
 3456
 3468
 3488
 3512
 3550
 3600
 3654
 3716
 3784
 3802
 3756
 3652
 3506
 3348
 3212
 3106
 3030
 2978
 2956
 2946
 2922
 2904
 2878
 2848
 2810
 2776
 2756
 2752
 2780
 2830
 2886
 2958
 3036
 3132
 3244
 3368
 3498
 3620
 3696
 3726
 3706
 3678
 3630
 3616
 3622
 3654
 3696
 3722
 3728
 3638
 3418
 3174
 2974
 2818
 2722
 2680
 2684
 2668
 2602
 2580
 2618
 2634
 2638
 2628
 2622
 2630
 2642
 2690
 2730
 2762
 2778
 2780
 2778
 2786
 2816
 2864
 2884
 2848
 2818
 2782
 2726
 2654
 2568
 2476
 2398
 2322
 2256
 2188
 2120
 2060
 1998
 1924
 1852
 1774
 1704
 1648
 1606
 1566
 1538
 1518
 1500
 1480
 1460
 1442
 1432
 1422
 1416
 1424
 1428
 1428
 1428
 1430
 1444
 1464
 1496
 1532
 1578
 1626
 1672
 1718
 1770
 1830
 1844
 1802
 1794
 1822
 1872
 1940
 2000
 2032
 2056
 2088
 2138
 2192
 2242
 2264
 2250
 2244
 2250
 2250
 2246
 2240
 2234
 2228
 2220
 2210
 2210
 2230
 2274
 2326
 2376
 2432
 2500
 2562
 2612
 2652
 2680
 2696
 2708
 2716
 2724
 2720
 2680
 2618
 2568
 2532
 2502
 2486
 2486
 2500
 2524
 2554
 2582
 2612
 2634
 2652
 2662
 2664
 2656
 2638
 2606
 2530
 2398
 2272
 2160
 2056
 1962
 1876
 1796
 1742
 1744
 1840
 1998
 2140
 2290
 2512
 2766
 2998
 3228
 3432
 3558
 3622
 3580
 3418
 3270
 3160
 3064
 2982
 2924
 2898
 2884
 2872
 2858
 2826
 2770
 2706
 2628
 2536
 2444
 2348
 2246
 2142
 2046
 1964
 1894
 1820
 1750
 1678
 1614
 1546
 1488
 1436
 1392
 1350
 1308
 1270
 1242
 1228
 1224
 1238
 1264
 1284
 1314
 1344
 1380
 1420
 1464
 1522
 1584
 1644
 1698
 1754
 1812
 1868
 1930
 1998
 2070
 2150
 2226
 2290
 2348
 2414
 2484
 2548
 2610
 2670
 2734
 2796
 2856
 2910
 2960
 3006
 3050
 3094
 3136
 3176
 3212
 3246
 3276
 3286
 3274
 3248
 3210
 3154
 3090
 3022
 2952
 2880
 2806
 2732
 2654
 2578
 2504
 2430
 2360
 2288
 2220
 2154
 2094
 2040
 1988
 1934
 1886
 1840
 1802
 1772
 1748
 1738
 1732
 1732
 1732
 1746
 1776
 1804
 1838
 1882
 1922
 1966
 2012
 2066
 2124
 2174
 2222
 2272
 2324
 2366
 2412
 2460
 2512
 2564
 2612
 2658
 2704
 2746
 2784
 2824
 2864
 2904
 2942
 2978
 3008
 3030
 3046
 3054
 3046
 3024
 2996
 2958
 2906
 2846
 2780
 2708
 2642
 2580
 2518
 2452
 2390
 2334
 2274
 2216
 2154
 2086
 2018
 1950
 1886
 1826
 1774
 1726
 1676
 1634
 1602
 1582
 1576
 1584
 1602
 1630
 1666
 1702
 1750
 1802
 1866
 1930
 1990
 2048
 2112
 2174
 2228
 2290
 2348
 2406
 2462
 2514
 2568
 2620
 2670
 2726
 2780
 2828
 2872
 2914
 2958
 2994
 3030
 3064
 3100
 3134
 3162
 3182
 3198
 3200
 3192
 3170
 3140
 3100
 3052
 3002
 2950
 2890
 2826
 2758
 2690
 2614
 2536
 2460
 2390
 2326
 2264
 2202
 2138
 2076
 2012
 1948
 1884
 1824
 1768
 1718
 1682
 1660
 1644
 1642
 1644
 1654
 1672
 1698
 1730
 1772
 1818
 1870
 1920
 1970
 2022
 2076
 2130
 2182
 2234
 2280
 2330
 2386
 2434
 2478
 2524
 2568
 2608
 2648
 2690
 2738
 2786
 2832
 2878
 2922
 2964
 3004
 3038
 3076
 3112
 3144
 3176
 3206
 3234
 3260
 3286
 3306
 3312
 3314
 3308
 3290
 3262
 3226
 3188
 3156
 3122
 3088
 3046
 2998
 2944
 2888
 2830
 2774
 2710
 2642
 2580
 2524
 2470
 2420
 2370
 2326
 2278
 2234
 2192
 2160
 2136
 2126
 2124
 2126
 2140
 2164
 2192
 2226
 2262
 2306
 2352
 2404
 2462
 2526
 2586
 2638
 2688
 2736
 2786
 2830
 2872
 2918
 2960
 3002
 3040
 3078
 3116
 3148
 3178
 3206
 3234
 3262
 3286
 3312
 3334
 3360
 3378
 3380
 3384
 3392
 3394
 3392
 3382
 3366
 3346
 3326
 3302
 3272
 3238
 3200
 3160
 3118
 3078
 3036
 2992
 2950
 2908
 2868
 2828
 2786
 2746
 2698
 2644
 2588
 2534
 2484
 2442
 2406
 2370
 2342
 2320
 2304
 2298
 2298
 2310
 2326
 2352
 2392
 2436
 2478
 2522
 2564
 2610
 2652
 2696
 2742
 2788
 2836
 2880
 2922
 2966
 3004
 3034
 3066
 3098
 3132
 3164
 3196
 3226
 3250
 3268
 3286
 3302
 3314
 3328
 3338
 3344
 3340
 3332
 3318
 3298
 3270
 3228
 3184
 3138
 3086
 3032
 2974
 2916
 2860
 2808
 2748
 2694
 2630
 2560
 2492
 2432
 2382
 2340
 2308
 2280
 2262
 2254
 2252
 2260
 2278
 2300
 2334
 2376
 2428
 2478
 2528
 2576
 2622
 2664
 2700
 2742
 2788
 2836
 2882
 2926
 2968
 2998
 3028
 3056
 3084
 3114
 3140
 3168
 3194
 3222
 3248
 3262
 3276
 3294
 3310
 3318
 3316
 3310
 3300
 3284
 3260
 3230
 3198
 3158
 3112
 3068
 3020
 2972
 2924
 2876
 2828
 2778
 2734
 2688
 2644
 2598
 2546
 2492
 2442
 2404
 2374
 2354
 2344
 2340
 2344
 2356
 2374
 2398
 2428
 2464
 2500
 2544
 2590
 2640
 2690
 2740
 2788
 2842
 2894
 2930
 2948
 2948
 2942
 2938
 2934
 2930
 2926
 2928
 2932
 2946
 2960
 2978
 2998
 3018
 3038
 3058
 3076
 3094
 3106
 3114
 3118
 3116
 3108
 3092
 3070
 3044
 3014
 2978
 2940
 2900
 2856
 2808
 2758
 2710
 2662
 2616
 2572
 2532
 2490
 2450
 2414
 2374
 2336
 2296
 2254
 2218
 2188
 2170
 2164
 2168
 2184
 2204
 2234
 2266
 2302
 2340
 2382
 2424
 2468
 2514
 2560
 2602
 2650
 2696
 2734
 2772
 2810
 2840
 2872
 2902
 2936
 2970
 2998
 3022
 3048
 3070
 3086
 3102
 3118
 3134
 3148
 3160
 3176
 3194
 3210
 3224
 3232
 3238
 3244
 3248
 3246
 3238
 3228
 3212
 3194
 3168
 3138
 3106
 3070
 3028
 2988
 2944
 2898
 2854
 2810
 2766
 2720
 2680
 2638
 2594
 2554
 2510
 2458
 2406
 2360
 2318
 2286
 2260
 2238
 2228
 2224
 2228
 2238
 2256
 2282
 2310
 2344
 2382
 2426
 2470
 2510
 2554
 2596
 2638
 2674
 2708
 2742
 2778
 2820
 2856
 2888
 2920
 2950
 2978
 3004
 3030
 3052
 3074
 3096
 3116
 3134
 3144
 3150
 3152
 3154
 3152
 3140
 3126
 3110
 3092
 3070
 3042
 3012
 2976
 2940
 2898
 2854
 2810
 2762
 2716
 2670
 2628
 2590
 2544
 2500
 2456
 2406
 2356
 2306
 2264
 2228
 2198
 2172
 2154
 2146
 2146
 2156
 2172
 2194
 2220
 2254
 2296
 2342
 2390
 2434
 2476
 2520
 2560
 2600
 2638
 2680
 2722
 2766
 2806
 2846
 2886
 2926
 2962
 2998
 3030
 3062
 3088
 3118
 3148
 3178
 3204
 3220
 3230
 3236
 3234
 3220
 3194
 3158
 3110
 3056
 3002
 2940
 2874
 2804
 2734
 2668
 2602
 2538
 2478
 2420
 2366
 2318
 2276
 2228
 2182
 2132
 2082
 2030
 1984
 1946
 1918
 1904
 1896
 1896
 1908
 1928
 1954
 1988
 2024
 2066
 2112
 2162
 2210
 2260
 2312
 2358
 2410
 2456
 2502
 2544
 2582
 2624
 2670
 2716
 2758
 2796
 2840
 2876
 2912
 2946
 2978
 3006
 3032
 3056
 3078
 3096
 3108
 3122
 3132
 3140
 3148
 3152
 3152
 3144
 3128
 3112
 3088
 3056
 3022
 2986
 2944
 2896
 2850
 2798
 2746
 2694
 2646
 2600
 2556
 2518
 2480
 2438
 2396
 2348
 2298
 2246
 2202
 2160
 2124
 2098
 2078
 2066
 2068
 2074
 2094
 2122
 2156
 2194
 2240
 2286
 2336
 2388
 2434
 2478
 2522
 2566
 2612
 2650
 2690
 2732
 2776
 2816
 2850
 2888
 2922
 2952
 2982
 3012
 3040
 3066
 3094
 3120
 3146
 3170
 3188
 3202
 3210
 3222
 3226
 3226
 3220
 3200
 3176
 3150
 3122
 3092
 3054
 3010
 2970
 2926
 2882
 2836
 2792
 2746
 2694
 2646
 2596
 2538
 2474
 2416
 2362
 2312
 2266
 2220
 2174
 2134
 2098
 2072
 2054
 2050
 2054
 2066
 2092
 2124
 2160
 2200
 2242
 2286
 2330
 2370
 2410
 2456
 2508
 2556
 2604
 2650
 2696
 2738
 2778
 2818
 2858
 2902
 2942
 2980
 3018
 3046
 3058
 3066
 3074
 3082
 3090
 3094
 3098
 3102
 3106
 3102
 3092
 3076
 3052
 3022
 2984
 2944
 2898
 2850
 2800
 2750
 2698
 2650
 2600
 2542
 2484
 2420
 2346
 2276
 2210
 2148
 2090
 2036
 1980
 1924
 1872
 1828
 1792
 1764
 1748
 1742
 1748
 1766
 1796
 1832
 1866
 1910
 1956
 2002
 2048
 2094
 2140
 2184
 2232
 2274
 2316
 2364
 2410
 2450
 2490
 2530
 2572
 2608
 2640
 2668
 2696
 2728
 2758
 2784
 2808
 2832
 2862
 2884
 2904
 2924
 2946
 2962
 2976
 2990
 3000
 3004
 2996
 2986
 2974
 2958
 2938
 2914
 2886
 2856
 2832
 2798
 2756
 2712
 2662
 2598
 2524
 2458
 2390
 2322
 2256
 2186
 2120
 2058
 1992
 1936
 1876
 1818
 1764
 1714
 1668
 1634
 1614
 1600
 1592
 1594
 1600
 1612
 1632
 1662
 1698
 1744
 1800
 1848
 1900
 1954
 2008
 2064
 2120
 2172
 2224
 2274
 2326
 2376
 2426
 2470
 2502
 2526
 2548
 2570
 2586
 2602
 2622
 2642
 2668
 2696
 2724
 2758
 2788
 2818
 2846
 2864
 2866
 2854
 2832
 2800
 2762
 2714
 2664
 2600
 2530
 2452
 2360
 2262
 2168
 2080
 1994
 1914
 1832
 1752
 1660
 1558
 1464
 1376
 1300
 1234
 1186
 1164
 1162
 1168
 1184
 1216
 1252
 1298
 1360
 1428
 1500
 1574
 1646
 1712
 1776
 1844
 1916
 1980
 2044
 2120
 2194
 2272
 2346
 2408
 2458
 2508
 2566
 2618
 2662
 2702
 2744
 2784
 2820
 2852
 2876
 2886
 2882
 2872
 2854
 2832
 2806
 2770
 2728
 2684
 2632
 2568
 2492
 2414
 2334
 2254
 2174
 2096
 2026
 1956
 1890
 1830
 1770
 1716
 1670
 1626
 1570
 1522
 1502
 1524
 1546
 1560
 1582
 1610
 1644
 1684
 1732
 1798
 1860
 1918
 1974
 2034
 2092
 2154
 2214
 2266
 2308
 2342
 2382
 2428
 2472
 2510
 2540
 2562
 2572
 2572
 2562
 2540
 2504
 2460
 2406
 2350
 2290
 2232
 2182
 2134
 2078
 2018
 1950
 1884
 1820
 1764
 1710
 1658
 1608
 1570
 1538
 1514
 1496
 1482
 1498
 1536
 1574
 1606
 1648
 1690
 1730
 1776
 1826
 1880
 1926
 1970
 2016
 2070
 2124
 2176
 2228
 2282
 2336
 2386
 2434
 2482
 2532
 2580
 2624
 2668
 2710
 2748
 2770
 2776
 2770
 2756
 2732
 2694
 2652
 2604
 2548
 2490
 2424
 2362
 2294
 2226
 2158
 2088
 2014
 1946
 1886
 1834
 1784
 1738
 1698
 1666
 1646
 1618
 1610
 1606
 1612
 1628
 1664
 1714
 1760
 1804
 1856
 1904
 1954
 2002
 2050
 2098
 2144
 2192
 2242
 2292
 2350
 2398
 2442
 2486
 2530
 2570
 2608
 2636
 2658
 2670
 2672
 2664
 2648
 2616
 2574
 2528
 2476
 2422
 2368
 2312
 2258
 2208
 2150
 2092
 2032
 1968
 1908
 1850
 1804
 1766
 1740
 1722
 1710
 1708
 1714
 1730
 1752
 1780
 1812
 1848
 1890
 1936
 1976
 2004
 2032
 2064
 2098
 2132
 2162
 2198
 2238
 2282
 2322
 2362
 2410
 2460
 2506
 2548
 2588
 2628
 2668
 2706
 2740
 2768
 2790
 2802
 2804
 2800
 2782
 2750
 2714
 2674
 2626
 2574
 2516
 2456
 2394
 2330
 2266
 2198
 2122
 2052
 1986
 1926
 1872
 1828
 1776
 1726
 1678
 1632
 1600
 1580
 1570
 1572
 1586
 1610
 1640
 1680
 1726
 1774
 1824
 1876
 1932
 1988
 2046
 2108
 2172
 2226
 2276
 2322
 2378
 2428
 2482
 2532
 2582
 2634
 2682
 2726
 2768
 2806
 2842
 2874
 2906
 2932
 2954
 2978
 3002
 3020
 3022
 3002
 2976
 2944
 2900
 2846
 2792
 2736
 2678
 2622
 2562
 2506
 2442
 2376
 2316
 2258
 2200
 2146
 2092
 2040
 1996
 1954
 1908
 1866
 1826
 1792
 1768
 1756
 1754
 1764
 1782
 1804
 1828
 1848
 1874
 1906
 1944
 1984
 2028
 2076
 2132
 2194
 2258
 2314
 2368
 2420
 2466
 2506
 2548
 2590
 2632
 2672
 2710
 2744
 2780
 2810
 2838
 2870
 2900
 2928
 2956
 2980
 2994
 3008
 3020
 3032
 3032
 3022
 3008
 2990
 2962
 2930
 2898
 2864
 2828
 2788
 2748
 2708
 2660
 2612
 2566
 2514
 2466
 2414
 2362
 2316
 2274
 2240
 2208
 2180
 2160
 2144
 2134
 2134
 2142
 2158
 2182
 2216
 2248
 2280
 2318
 2356
 2396
 2432
 2472
 2514
 2552
 2590
 2630
 2668
 2708
 2742
 2772
 2800
 2832
 2860
 2882
 2900
 2910
 2914
 2912
 2902
 2886
 2862
 2834
 2800
 2764
 2726
 2686
 2642
 2598
 2556
 2514
 2466
 2422
 2374
 2320
 2262
 2208
 2158
 2116
 2078
 2038
 1998
 1968
 1944
 1930
 1926
 1930
 1942
 1962
 1988
 2024
 2062
 2096
 2132
 2168
 2206
 2242
 2282
 2326
 2368
 2416
 2460
 2504
 2550
 2592
 2636
 2676
 2716
 2756
 2796
 2836
 2872
 2906
 2932
 2946
 2942
 2938
 2938
 2930
 2914
 2886
 2860
 2836
 2808
 2776
 2746
 2706
 2658
 2612
 2562
 2516
 2474
 2432
 2394
 2352
 2316
 2278
 2232
 2186
 2136
 2082
 2032
 1992
 1960
 1942
 1938
 1940
 1952
 1972
 1996
 2026
 2056
 2076
 2092
 2110
 2128
 2152
 2178
 2210
 2242
 2278
 2314
 2352
 2388
 2422
 2462
 2506
 2550
 2592
 2634
 2684
 2728
 2768
 2804
 2838
 2868
 2898
 2924
 2950
 2972
 2990
 3000
 3006
 3006
 2994
 2968
 2938
 2906
 2878
 2844
 2806
 2766
 2722
 2668
 2616
 2564
 2514
 2460
 2408
 2358
 2312
 2272
 2234
 2194
 2156
 2114
 2074
 2040
 2016
 2002
 1998
 2006
 2018
 2040
 2066
 2098
 2130
 2166
 2202
 2246
 2294
 2344
 2394
 2444
 2494
 2536
 2576
 2622
 2672
 2714
 2754
 2792
 2838
 2886
 2928
 2968
 3006
 3036
 3066
 3090
 3116
 3138
 3154
 3170
 3184
 3198
 3214
 3230
 3234
 3236
 3236
 3238
 3230
 3216
 3200
 3180
 3160
 3132
 3106
 3080
 3048
 3010
 2968
 2924
 2878
 2834
 2788
 2742
 2696
 2650
 2612
 2572
 2528
 2488
 2448
 2406
 2364
 2332
 2308
 2296
 2294
 2298
 2312
 2330
 2354
 2384
 2416
 2454
 2492
 2530
 2564
 2596
 2630
 2666
 2692
 2718
 2740
 2770
 2796
 2820
 2846
 2874
 2904
 2930
 2956
 2982
 3004
 3020
 3032
 3046
 3060
 3074
 3090
 3106
 3118
 3124
 3128
 3130
 3132
 3136
 3138
 3138
 3136
 3132
 3126
 3116
 3100
 3084
 3066
 3040
 3008
 2976
 2942
 2908
 2872
 2834
 2796
 2762
 2730
 2694
 2656
 2618
 2572
 2520
 2472
 2428
 2386
 2354
 2328
 2306
 2296
 2288
 2290
 2294
 2306
 2322
 2344
 2370
 2402
 2438
 2476
 2508
 2540
 2572
 2606
 2634
 2664
 2696
 2734
 2772
 2808
 2842
 2878
 2912
 2944
 2972
 3000
 3020
 3040
 3060
 3070
 3082
 3092
 3096
 3098
 3100
 3104
 3102
 3102
 3102
 3106
 3110
 3110
 3106
 3102
 3094
 3084
 3070
 3054
 3036
 3016
 2990
 2964
 2936
 2910
 2882
 2850
 2820
 2786
 2750
 2706
 2662
 2620
 2578
 2540
 2498
 2454
 2412
 2370
 2330
 2294
 2266
 2246
 2236
 2236
 2244
 2262
 2286
 2312
 2342
 2374
 2404
 2432
 2460
 2494
 2530
 2562
 2594
 2626
 2660
 2688
 2718
 2748
 2778
 2814
 2862
 2908
 2948
 2986
 3014
 3034
 3050
 3056
 3060
 3062
 3066
 3070
 3078
 3090
 3100
 3110
 3122
 3136
 3150
 3162
 3176
 3192
 3210
 3230
 3250
 3260
 3268
 3266
 3258
 3246
 3228
 3206
 3178
 3156
 3134
 3108
 3080
 3050
 3014
 2974
 2928
 2878
 2828
 2776
 2724
 2674
 2622
 2576
 2534
 2484
 2438
 2388
 2334
 2280
 2228
 2186
 2154
 2134
 2122
 2122
 2132
 2148
 2172
 2202
 2238
 2276
 2314
 2360
 2406
 2450
 2490
 2526
 2562
 2598
 2624
 2650
 2680
 2714
 2750
 2782
 2812
 2838
 2854
 2864
 2870
 2872
 2876
 2878
 2878
 2872
 2856
 2830
 2800
 2764
 2714
 2660
 2610
 2560
 2528
 2502
 2458
 2396
 2330
 2260
 2196
 2132
 2066
 2002
 1934
 1868
 1804
 1734
 1670
 1596
 1522
 1450
 1384
 1326
 1282
 1254
 1234
 1222
 1228
 1244
 1272
 1304
 1344
 1388
 1440
 1492
 1542
 1588
 1638
 1698
 1758
 1820
 1878
 1938
 2002
 2062
 2122
 2178
 2228
 2276
 2322
 2378
 2430
 2474
 2522
 2564
 2596
 2622
 2652
 2676
 2688
 2694
 2698
 2700
 2696
 2690
 2680
 2664
 2644
 2618
 2584
 2544
 2492
 2436
 2382
 2328
 2280
 2224
 2166
 2104
 2042
 1978
 1920
 1868
 1820
 1776
 1732
 1694
 1658
 1628
 1608
 1600
 1606
 1622
 1648
 1692
 1744
 1796
 1854
 1910
 1968
 2020
 2072
 2124
 2176
 2234
 2292
 2348
 2396
 2440
 2480
 2510
 2546
 2584
 2622
 2664
 2708
 2750
 2790
 2826
 2852
 2874
 2886
 2886
 2872
 2852
 2828
 2804
 2772
 2734
 2696
 2648
 2594
 2544
 2488
 2428
 2370
 2314
 2258
 2204
 2156
 2104
 2054
 2000
 1940
 1884
 1830
 1782
 1744
 1714
 1704
 1708
 1718
 1738
 1764
 1796
 1830
 1876
 1924
 1974
 2032
 2092
 2146
 2198
 2246
 2298
 2346
 2396
 2442
 2492
 2544
 2592
 2642
 2694
 2744
 2792
 2838
 2880
 2922
 2962
 2998
 3030
 3050
 3050
 3040
 3026
 3002
 2966
 2930
 2892
 2852
 2810
 2764
 2716
 2662
 2602
 2542
 2482
 2418
 2350
 2286
 2230
 2174
 2110
 2050
 1988
 1932
 1878
 1834
 1802
 1784
 1778
 1780
 1794
 1816
 1846
 1884
 1926
 1970
 2018
 2070
 2128
 2186
 2236
 2286
 2338
 2392
 2444
 2494
 2544
 2594
 2654
 2710
 2764
 2814
 2860
 2902
 2942
 2978
 3012
 3042
 3074
 3102
 3118
 3126
 3132
 3132
 3122
 3100
 3072
 3038
 3000
 2954
 2902
 2850
 2790
 2732
 2678
 2620
 2562
 2504
 2450
 2398
 2350
 2296
 2242
 2186
 2128
 2072
 2018
 1974
 1938
 1912
 1896
 1886
 1886
 1896
 1916
 1948
 1986
 2032
 2084
 2142
 2204
 2262
 2322
 2378
 2432
 2486
 2534
 2584
 2634
 2684
 2734
 2782
 2828
 2870
 2910
 2948
 2984
 3016
 3046
 3074
 3100
 3126
 3146
 3154
 3156
 3152
 3138
 3112
 3082
 3054
 3020
 2980
 2940
 2898
 2848
 2794
 2740
 2684
 2626
 2568
 2510
 2458
 2412
 2362
 2308
 2252
 2194
 2138
 2088
 2048
 2020
 2004
 1998
 2002
 2016
 2038
 2068
 2102
 2142
 2182
 2224
 2274
 2326
 2372
 2418
 2460
 2502
 2542
 2574
 2608
 2646
 2686
 2726
 2766
 2806
 2846
 2882
 2916
 2948
 2980
 3006
 3034
 3062
 3088
 3116
 3132
 3146
 3160
 3170
 3176
 3174
 3170
 3162
 3148
 3130
 3108
 3082
 3048
 3012
 2976
 2938
 2898
 2858
 2820
 2782
 2748
 2714
 2670
 2628
 2580
 2530
 2474
 2422
 2374
 2332
 2298
 2268
 2244
 2230
 2226
 2226
 2236
 2246
 2262
 2286
 2320
 2360
 2406
 2454
 2498
 2542
 2588
 2636
 2680
 2722
 2766
 2810
 2856
 2896
 2936
 2972
 3006
 3038
 3060
 3084
 3106
 3130
 3152
 3174
 3196
 3212
 3224
 3230
 3230
 3230
 3216
 3196
 3170
 3144
 3116
 3084
 3046
 3008
 2966
 2920
 2872
 2818
 2760
 2702
 2644
 2594
 2544
 2496
 2448
 2400
 2358
 2324
 2284
 2236
 2182
 2140
 2110
 2096
 2092
 2094
 2104
 2120
 2144
 2174
 2208
 2248
 2288
 2332
 2382
 2434
 2488
 2540
 2588
 2636
 2690
 2742
 2790
 2836
 2884
 2934
 2982
 3016
 3050
 3082
 3112
 3138
 3160
 3180
 3190
 3190
 3180
 3168
 3154
 3132
 3104
 3074
 3036
 2990
 2930
 2868
 2808
 2738
 2646
 2542
 2442
 2346
 2250
 2164
 2080
 1996
 1916
 1840
 1770
 1708
 1648
 1596
 1550
 1506
 1476
 1462
 1460
 1482
 1526
 1584
 1644
 1706
 1772
 1836
 1902
 1964
 2026
 2092
 2154
 2214
 2276
 2330
 2378
 2426
 2474
 2518
 2560
 2602
 2648
 2700
 2758
 2806
 2856
 2896
 2932
 2964
 2994
 3028
 3060
 3086
 3108
 3130
 3144
 3152
 3164
 3180
 3188
 3214
 3228
 3244
 3248
 3240
 3220
 3182
 3140
 3100
 3046
 2980
 2916
 2848
 2782
 2710
 2650
 2588
 2530
 2470
 2408
 2340
 2282
 2212
 2136
 2066
 2004
 1946
 1902
 1864
 1826
 1802
 1784
 1772
 1770
 1774
 1782
 1784
 1788
 1802
 1816
 1830
 1846
 1870
 1892
 1916
 1950
 1988
 2032
 2078
 2122
 2166
 2208
 2248
 2290
 2338
 2386
 2428
 2470
 2512
 2548
 2576
 2604
 2632
 2654
 2674
 2690
 2702
 2708
 2708
 2702
 2692
 2672
 2646
 2614
 2578
 2538
 2492
 2444
 2396
 2344
 2294
 2248
 2208
 2164
 2118
 2070
 2016
 1962
 1910
 1864
 1826
 1800
 1780
 1766
 1764
 1772
 1786
 1810
 1838
 1876
 1916
 1960
 2008
 2060
 2116
 2176
 2228
 2274
 2320
 2368
 2412
 2454
 2496
 2542
 2590
 2634
 2676
 2716
 2754
 2790
 2826
 2860
 2892
 2924
 2954
 2984
 3010
 3034
 3056
 3078
 3090
 3098
 3102
 3108
 3110
 3104
 3098
 3090
 3082
 3070
 3056
 3042
 3024
 3004
 2980
 2954
 2926
 2900
 2874
 2846
 2816
 2786
 2752
 2720
 2690
 2656
 2624
 2592
 2558
 2520
 2490
 2470
 2456
 2450
 2452
 2460
 2474
 2484
 2498
 2514
 2532
 2560
 2582
 2604
 2628
 2660
 2686
 2712
 2736
 2764
 2792
 2816
 2832
 2852
 2870
 2894
 2920
 2944
 2968
 2988
 3004
 3022
 3042
 3054
 3070
 3084
 3100
 3114
 3130
 3140
 3144
 3148
 3148
 3142
 3130
 3110
 3088
 3062
 3032
 2998
 2960
 2920
 2872
 2824
 2772
 2716
 2662
 2606
 2554
 2506
 2450
 2398
 2344
 2282
 2216
 2152
 2090
 2030
 1978
 1930
 1886
 1850
 1822
 1804
 1798
 1800
 1812
 1832
 1864
 1896
 1924
 1946
 1956
 1970
 1994
 2028
 2064
 2102
 2136
 2168
 2210
 2256
 2302
 2348
 2392
 2432
 2470
 2506
 2542
 2576
 2608
 2632
 2652
 2670
 2694
 2708
 2722
 2736
 2750
 2764
 2754
 2736
 2702
 2666
 2634
 2612
 2594
 2586
 2586
 2596
 2612
 2628
 2642
 2656
 2670
 2684
 2692
 2696
 2700
 2704
 2710
 2714
 2718
 2722
 2722
 2720
 2706
 2674
 2640
 2598
 2546
 2486
 2422
 2356
 2296
 2240
 2184
 2134
 2090
 2050
 2018
 1992
 1976
 1972
 1980
 1998
 2018
 2044
 2074
 2110
 2150
 2194
 2250
 2314
 2378
 2436
 2490
 2544
 2584
 2620
 2656
 2690
 2724
 2756
 2786
 2814
 2840
 2866
 2890
 2914
 2936
 2952
 2960
 2964
 2968
 2962
 2942
 2912
 2886
 2856
 2828
 2806
 2782
 2750
 2706
 2660
 2606
 2550
 2488
 2426
 2366
 2306
 2246
 2188
 2128
 2070
 2022
 1996
 1982
 1948
 1898
 1868
 1858
 1860
 1874
 1894
 1928
 1962
 2000
 2042
 2090
 2142
 2194
 2248
 2302
 2358
 2414
 2456
 2496
 2542
 2594
 2644
 2692
 2742
 2794
 2842
 2886
 2930
 2974
 3012
 3048
 3084
 3114
 3140
 3154
 3160
 3160
 3152
 3134
 3110
 3082
 3048
 2994
 2926
 2860
 2792
 2724
 2662
 2600
 2536
 2470
 2402
 2338
 2278
 2218
 2158
 2106
 2058
 2014
 1970
 1930
 1894
 1866
 1848
 1838
 1842
 1860
 1892
 1932
 1976
 2028
 2082
 2138
 2194
 2250
 2306
 2360
 2418
 2478
 2540
 2598
 2642
 2684
 2730
 2776
 2818
 2860
 2900
 2940
 2978
 3010
 3042
 3072
 3092
 3108
 3130
 3162
 3206
 3240
 3264
 3280
 3286
 3294
 3306
 3310
 3302
 3282
 3258
 3224
 3180
 3132
 3082
 3032
 2974
 2916
 2852
 2786
 2718
 2650
 2584
 2518
 2454
 2394
 2340
 2290
 2238
 2184
 2128
 2072
 2022
 1982
 1952
 1936
 1936
 1946
 1966
 1998
 2034
 2080
 2130
 2176
 2220
 2266
 2318
 2370
 2418
 2468
 2516
 2564
 2602
 2640
 2680
 2722
 2768
 2806
 2846
 2886
 2922
 2956
 2992
 3024
 3054
 3084
 3114
 3142
 3164
 3180
 3196
 3214
 3230
 3242
 3250
 3250
 3246
 3234
 3216
 3192
 3152
 3104
 3056
 3006
 2960
 2916
 2868
 2822
 2776
 2734
 2696
 2648
 2604
 2556
 2504
 2452
 2398
 2348
 2298
 2252
 2206
 2170
 2152
 2134
 2130
 2136
 2152
 2174
 2212
 2260
 2316
 2370
 2418
 2460
 2504
 2550
 2596
 2638
 2680
 2724
 2764
 2806
 2846
 2888
 2926
 2956
 2988
 3020
 3052
 3084
 3118
 3148
 3180
 3212
 3232
 3240
 3238
 3232
 3214
 3190
 3158
 3122
 3086
 3042
 2998
 2940
 2874
 2808
 2748
 2694
 2642
 2584
 2524
 2470
 2416
 2356
 2300
 2246
 2186
 2130
 2086
 2054
 2034
 2026
 2032
 2044
 2064
 2094
 2130
 2172
 2218
 2268
 2320
 2372
 2432
 2488
 2536
 2578
 2622
 2670
 2712
 2754
 2796
 2838
 2882
 2920
 2958
 2996
 3028
 3056
 3086
 3110
 3136
 3160
 3180
 3192
 3200
 3206
 3210
 3206
 3198
 3186
 3170
 3140
 3106
 3074
 3040
 3002
 2968
 2932
 2890
 2846
 2802
 2758
 2714
 2668
 2624
 2580
 2538
 2498
 2462
 2424
 2380
 2338
 2292
 2244
 2200
 2162
 2134
 2116
 2104
 2102
 2114
 2128
 2154
 2186
 2224
 2268
 2318
 2370
 2424
 2482
 2538
 2590
 2636
 2682
 2732
 2774
 2808
 2840
 2868
 2898
 2930
 2960
 2992
 3024
 3052
 3074
 3102
 3134
 3158
 3182
 3204
 3224
 3240
 3258
 3266
 3262
 3252
 3240
 3222
 3198
 3170
 3136
 3104
 3066
 3024
 2980
 2928
 2874
 2814
 2756
 2698
 2642
 2588
 2536
 2488
 2440
 2388
 2334
 2278
 2216
 2156
 2100
 2056
 2022
 1998
 1986
 1988
 2000
 2016
 2040
 2068
 2100
 2138
 2180
 2228
 2280
 2330
 2374
 2418
 2460
 2506
 2550
 2592
 2634
 2676
 2724
 2766
 2806
 2842
 2876
 2906
 2936
 2964
 2992
 3016
 3036
 3052
 3072
 3088
 3100
 3110
 3120
 3134
 3144
 3148
 3148
 3140
 3130
 3102
 3076
 3052
 3022
 2986
 2948
 2910
 2872
 2834
 2794
 2750
 2708
 2670
 2626
 2580
 2536
 2490
 2440
 2392
 2350
 2314
 2286
 2266
 2252
 2248
 2250
 2260
 2276
 2294
 2318
 2346
 2378
 2414
 2454
 2504
 2554
 2596
 2638
 2680
 2722
 2756
 2790
 2822
 2856
 2884
 2912
 2940
 2966
 2990
 3012
 3032
 3052
 3066
 3076
 3086
 3098
 3112
 3122
 3132
 3134
 3134
 3134
 3130
 3114
 3096
 3076
 3056
 3036
 3014
 2992
 2970
 2938
 2904
 2868
 2828
 2790
 2750
 2712
 2670
 2624
 2576
 2528
 2486
 2440
 2400
 2350
 2296
 2238
 2184
 2138
 2104
 2078
 2060
 2050
 2048
 2052
 2064
 2080
 2096
 2108
 2116
 2126
 2138
 2150
 2160
 2170
 2180
 2196
 2208
 2216
 2222
 2228
 2238
 2250
 2256
 2254
 2240
 2216
 2176
 2128
 2080
 2032
 1988
 1940
 1886
 1834
 1776
 1716
 1650
 1586
 1522
 1460
 1400
 1338
 1266
 1194
 1118
 1042
 966
 894
 824
 758
 700
 646
 594
 542
 486
 438
 388
 342
 326
 324
 344
 368
 396
 434
 480
 538
 596
 658
 724
 792
 870
 942
 1014
 1090
 1164
 1236
 1304
 1372
 1442
 1520
 1604
 1684
 1762
 1834
 1900
 1970
 2042
 2120
 2198
 2266
 2326
 2380
 2432
 2480
 2530
 2572
 2604
 2630
 2656
 2682
 2704
 2724
 2742
 2762
 2784
 2800
 2822
 2844
 2864
 2882
 2896
 2908
 2920
 2930
 2940
 2950
 2960
 2968
 2972
 2978
 2976
 2970
 2960
 2952
 2942
 2922
 2900
 2878
 2854
 2828
 2800
 2774
 2742
 2710
 2676
 2642
 2606
 2574
 2544
 2512
 2482
 2452
 2422
 2394
 2364
 2336
 2312
 2290
 2268
 2252
 2244
 2246
 2254
 2264
 2278
 2296
 2314
 2334
 2356
 2380
 2406
 2432
 2460
 2490
 2516
 2542
 2564
 2580
 2598
 2614
 2636
 2654
 2674
 2694
 2720
 2748
 2770
 2794
 2816
 2838
 2856
 2878
 2900
 2920
 2936
 2950
 2966
 2976
 2980
 2984
 2982
 2974
 2964
 2954
 2938
 2916
 2892
 2866
 2832
 2796
 2760
 2724
 2686
 2644
 2606
 2572
 2536
 2500
 2466
 2432
 2400
 2370
 2342
 2308
 2272
 2238
 2204
 2170
 2138
 2118
 2106
 2102
 2108
 2118
 2136
 2160
 2184
 2210
 2246
 2282
 2316
 2352
 2388
 2424
 2458
 2494
 2524
 2554
 2582
 2612
 2638
 2662
 2684
 2712
 2740
 2766
 2788
 2814
 2836
 2858
 2880
 2900
 2922
 2940
 2958
 2976
 2992
 3004
 3020
 3028
 3032
 3036
 3040
 3034
 3026
 3018
 3008
 2998
 2982
 2962
 2934
 2892
 2838
 2784
 2734
 2680
 2628
 2572
 2522
 2470
 2422
 2378
 2328
 2278
 2224
 2164
 2102
 2044
 1986
 1932
 1878
 1820
 1752
 1688
 1622
 1566
 1506
 1448
 1390
 1336
 1288
 1246
 1204
 1168
 1142
 1128
 1126
 1126
 1138
 1160
 1192
 1234
 1276
 1326
 1382
 1440
 1504
 1572
 1648
 1724
 1802
 1878
 1944
 2006
 2064
 2128
 2186
 2238
 2286
 2334
 2384
 2430
 2478
 2526
 2570
 2608
 2644
 2678
 2712
 2744
 2776
 2810
 2842
 2872
 2896
 2922
 2944
 2966
 2994
 3020
 3036
 3040
 3038
 3036
 3032
 3030
 3024
 3018
 3006
 2988
 2960
 2924
 2892
 2866
 2846
 2832
 2818
 2798
 2776
 2746
 2704
 2658
 2614
 2556
 2488
 2420
 2356
 2294
 2242
 2192
 2140
 2094
 2050
 2014
 1982
 1962
 1952
 1954
 1966
 1984
 2012
 2046
 2080
 2116
 2158
 2196
 2230
 2266
 2320
 2366
 2406
 2444
 2490
 2538
 2590
 2640
 2690
 2732
 2770
 2810
 2846
 2882
 2916
 2948
 2972
 2990
 3006
 3018
 3022
 3018
 3006
 2992
 2972
 2938
 2904
 2862
 2816
 2766
 2716
 2664
 2610
 2558
 2504
 2454
 2410
 2360
 2312
 2260
 2206
 2152
 2100
 2052
 2008
 1974
 1950
 1932
 1924
 1926
 1932
 1946
 1968
 1996
 2028
 2072
 2122
 2166
 2206
 2248
 2292
 2340
 2386
 2430
 2478
 2534
 2586
 2634
 2682
 2732
 2776
 2818
 2860
 2900
 2938
 2972
 3006
 3038
 3064
 3082
 3094
 3106
 3104
 3092
 3072
 3050
 3026
 2998
 2962
 2926
 2884
 2840
 2788
 2734
 2682
 2632
 2578
 2520
 2468
 2418
 2362
 2306
 2252
 2200
 2148
 2102
 2066
 2044
 2032
 2030
 2036
 2052
 2074
 2102
 2136
 2172
 2210
 2252
 2300
 2350
 2402
 2448
 2494
 2540
 2588
 2630
 2664
 2696
 2728
 2762
 2792
 2824
 2854
 2884
 2912
 2938
 2962
 2986
 3008
 3028
 3052
 3072
 3088
 3100
 3106
 3108
 3108
 3108
 3098
 3080
 3060
 3036
 3002
 2966
 2930
 2890
 2844
 2798
 2754
 2706
 2662
 2616
 2570
 2526
 2484
 2440
 2398
 2360
 2318
 2280
 2238
 2194
 2152
 2118
 2092
 2076
 2074
 2076
 2088
 2110
 2134
 2158
 2184
 2216
 2252
 2290
 2332
 2376
 2418
 2462
 2508
 2550
 2588
 2630
 2666
 2700
 2734
 2770
 2808
 2838
 2866
 2894
 2920
 2944
 2970
 2992
 3014
 3032
 3052
 3068
 3078
 3090
 3092
 3088
 3080
 3074
 3060
 3040
 3016
 2992
 2964
 2932
 2900
 2868
 2834
 2796
 2754
 2714
 2674
 2634
 2594
 2548
 2508
 2470
 2428
 2392
 2354
 2314
 2270
 2228
 2194
 2170
 2158
 2150
 2152
 2162
 2176
 2198
 2218
 2244
 2274
 2310
 2352
 2398
 2442
 2480
 2522
 2568
 2618
 2660
 2698
 2734
 2772
 2808
 2840
 2870
 2900
 2926
 2950
 2974
 2996
 3016
 3034
 3054
 3074
 3084
 3094
 3100
 3102
 3106
 3106
 3102
 3092
 3082
 3068
 3046
 3022
 3000
 2976
 2948
 2918
 2884
 2848
 2810
 2772
 2734
 2698
 2662
 2626
 2584
 2544
 2502
 2460
 2410
 2362
 2318
 2278
 2246
 2218
 2194
 2182
 2174
 2174
 2182
 2192
 2210
 2232
 2266
 2304
 2346
 2382
 2416
 2450
 2484
 2518
 2548
 2576
 2608
 2640
 2674
 2702
 2732
 2764
 2792
 2818
 2844
 2868
 2888
 2910
 2932
 2950
 2970
 2988
 2998
 3002
 3006
 3008
 2998
 2980
 2960
 2938
 2914
 2884
 2852
 2818
 2782
 2742
 2702
 2660
 2620
 2576
 2536
 2496
 2460
 2420
 2386
 2356
 2322
 2288
 2250
 2212
 2172
 2136
 2106
 2084
 2070
 2062
 2064
 2074
 2088
 2112
 2136
 2170
 2206
 2248
 2294
 2340
 2390
 2440
 2484
 2524
 2564
 2612
 2658
 2698
 2734
 2770
 2806
 2838
 2866
 2892
 2918
 2942
 2958
 2974
 2984
 2998
 3024
 3044
 3060
 3060
 3062
 3058
 3044
 3028
 3010
 2978
 2942
 2902
 2862
 2812
 2760
 2704
 2646
 2586
 2530
 2472
 2414
 2358
 2302
 2250
 2202
 2160
 2116
 2072
 2028
 1980
 1928
 1880
 1834
 1798
 1774
 1762
 1756
 1762
 1776
 1800
 1834
 1874
 1918
 1972
 2028
 2088
 2144
 2190
 2232
 2272
 2320
 2370
 2412
 2446
 2480
 2508
 2508
 2466
 2430
 2406
 2392
 2380
 2372
 2374
 2382
 2396
 2414
 2428
 2440
 2450
 2454
 2452
 2454
 2452
 2444
 2430
 2414
 2396
 2374
 2350
 2330
 2312
 2292
 2266
 2240
 2212
 2180
 2148
 2118
 2084
 2048
 2008
 1974
 1940
 1898
 1854
 1808
 1762
 1718
 1678
 1646
 1628
 1622
 1626
 1640
 1666
 1696
 1734
 1782
 1834
 1892
 1952
 2010
 2074
 2132
 2192
 2260
 2316
 2374
 2432
 2484
 2520
 2550
 2576
 2612
 2658
 2698
 2736
 2766
 2792
 2818
 2842
 2868
 2886
 2900
 2918
 2934
 2952
 2972
 2992
 3008
 3016
 3026
 3038
 3044
 3040
 3028
 3016
 3006
 2992
 2976
 2958
 2936
 2902
 2872
 2836
 2802
 2764
 2726
 2690
 2652
 2612
 2576
 2538
 2492
 2452
 2408
 2364
 2316
 2270
 2232
 2198
 2172
 2156
 2146
 2144
 2146
 2158
 2184
 2212
 2244
 2278
 2314
 2352
 2394
 2432
 2470
 2504
 2540
 2576
 2608
 2636
 2668
 2704
 2742
 2772
 2806
 2844
 2882
 2918
 2950
 2980
 3006
 3030
 3052
 3070
 3090
 3108
 3120
 3128
 3136
 3146
 3154
 3150
 3146
 3142
 3136
 3126
 3116
 3104
 3082
 3054
 3026
 2994
 2962
 2928
 2892
 2852
 2814
 2776
 2736
 2696
 2648
 2606
 2560
 2506
 2444
 2384
 2326
 2272
 2224
 2172
 2118
 2058
 1992
 1934
 1882
 1836
 1798
 1766
 1744
 1730
 1726
 1724
 1732
 1746
 1764
 1786
 1814
 1850
 1890
 1932
 1978
 2018
 2060
 2102
 2142
 2176
 2208
 2240
 2270
 2300
 2332
 2362
 2394
 2422
 2442
 2460
 2478
 2494
 2502
 2510
 2520
 2530
 2534
 2530
 2522
 2518
 2518
 2520
 2522
 2524
 2522
 2518
 2508
 2488
 2458
 2422
 2378
 2326
 2278
 2226
 2164
 2100
 2036
 1970
 1908
 1844
 1776
 1702
 1618
 1534
 1450
 1370
 1294
 1218
 1140
 1068
 998
 936
 870
 806
 736
 660
 584
 508
 432
 352
 266
 180
 84
 0
 0
 0
 0
 0
 0
 0
 0
 0
 0
 0
 0
 0
 0
 0
 0
 0
 0
 0
 0
 0
 0
 0
 0
 0
 0
 0
 0
 0
 0
 0
 0
 0
 0
 0
 0
 0
 0
 0
 0
 0
 0
 0
 0
 0
 0
 0
 0
 0
 6
 44
 72
 94
 116
 136
 158
 186
 230
 286
 342
 400
 460
 528
 600
 676
 748
 820
 888
 956
 1028
 1104
 1184
 1264
 1332
 1406
 1490
 1572
 1648
 1720
 1792
 1868
 1940
 2004
 2066
 2124
 2172
 2214
 2258
 2300
 2340
 2374
 2408
 2442
 2472
 2496
 2512
 2520
 2522
 2518
 2498
 2468
 2430
 2396
 2364
 2330
 2288
 2242
 2184
 2122
 2064
 2000
 1934
 1864
 1794
 1722
 1656
 1598
 1544
 1484
 1430
 1370
 1320
 1272
 1232
 1206
 1190
 1182
 1200
 1222
 1238
 1264
 1288
 1316
 1350
 1394
 1436
 1484
 1538
 1592
 1644
 1698
 1754
 1812
 1866
 1918
 1970
 2024
 2074
 2122
 2168
 2212
 2254
 2296
 2342
 2384
 2428
 2472
 2518
 2558
 2590
 2620
 2654
 2680
 2698
 2704
 2702
 2692
 2674
 2646
 2614
 2574
 2520
 2468
 2412
 2352
 2294
 2244
 2200
 2146
 2094
 2040
 1988
 1936
 1886
 1846
 1814
 1794
 1784
 1784
 1796
 1810
 1836
 1868
 1904
 1946
 1996
 2050
 2104
 2154
 2204
 2254
 2296
 2340
 2384
 2424
 2466
 2506
 2550
 2592
 2630
 2670
 2706
 2742
 2778
 2812
 2844
 2872
 2900
 2926
 2942
 2966
 2992
 2998
 2976
 2946
 2914
 2880
 2846
 2802
 2754
 2704
 2650
 2596
 2544
 2490
 2434
 2378
 2324
 2274
 2228
 2186
 2138
 2090
 2038
 1988
 1940
 1898
 1864
 1842
 1834
 1836
 1842
 1860
 1880
 1910
 1946
 1982
 2024
 2066
 2114
 2166
 2222
 2276
 2326
 2374
 2424
 2468
 2510
 2550
 2590
 2634
 2674
 2708
 2740
 2772
 2802
 2834
 2862
 2886
 2904
 2926
 2950
 2972
 2992
 3006
 3012
 3014
 3010
 3000
 2976
 2948
 2920
 2888
 2852
 2814
 2776
 2734
 2688
 2642
 2594
 2548
 2502
 2454
 2408
 2366
 2320
 2272
 2220
 2160
 2096
 2034
 1976
 1922
 1876
 1834
 1800
 1772
 1756
 1752
 1756
 1768
 1788
 1820
 1862
 1910
 1956
 1994
 2032
 2074
 2122
 2164
 2206
 2252
 2300
 2348
 2394
 2444
 2490
 2538
 2586
 2632
 2678
 2722
 2766
 2806
 2844
 2876
 2898
 2920
 2944
 2964
 2978
 2990
 3002
 3014
 3022
 3026
 3024
 3014
 3002
 2982
 2956
 2924
 2890
 2854
 2822
 2790
 2750
 2712
 2668
 2618
 2560
 2504
 2452
 2402
 2354
 2304
 2254
 2206
 2156
 2114
 2076
 2048
 2028
 2018
 2022
 2032
 2044
 2064
 2088
 2118
 2154
 2194
 2234
 2280
 2330
 2376
 2424
 2470
 2512
 2554
 2596
 2636
 2676
 2714
 2752
 2790
 2822
 2848
 2872
 2896
 2920
 2938
 2956
 2972
 2990
 3006
 3010
 3018
 3024
 3028
 3030
 3034
 3032
 3032
 3026
 3024
 3020
 3010
 2994
 2968
 2948
 2916
 2878
 2838
 2798
 2760
 2722
 2686
 2650
 2612
 2574
 2536
 2500
 2462
 2424
 2390
 2352
 2320
 2282
 2242
 2200
 2158
 2116
 2082
 2058
 2044
 2042
 2048
 2060
 2080
 2102
 2132
 2164
 2200
 2238
 2276
 2320
 2364
 2412
 2452
 2492
 2530
 2570
 2608
 2636
 2666
 2702
 2738
 2770
 2800
 2834
 2864
 2890
 2916
 2938
 2956
 2974
 2992
 3006
 3016
 3030
 3044
 3052
 3056
 3056
 3058
 3054
 3046
 3030
 3010
 2994
 2974
 2956
 2934
 2910
 2882
 2852
 2824
 2798
 2772
 2746
 2722
 2694
 2668
 2646
 2618
 2590
 2558
 2526
 2482
 2438
 2402
 2372
 2348
 2326
 2310
 2304
 2298
 2300
 2308
 2316
 2330
 2352
 2378
 2410
 2444
 2476
 2508
 2542
 2576
 2602
 2628
 2654
 2684
 2718
 2744
 2770
 2800
 2822
 2846
 2868
 2888
 2910
 2928
 2950
 2972
 2988
 2998
 3008
 3018
 3022
 3014
 3006
 3000
 2992
 2982
 2966
 2948
 2924
 2896
 2864
 2824
 2786
 2750
 2722
 2696
 2670
 2646
 2618
 2576
 2526
 2476
 2430
 2386
 2350
 2312
 2278
 2250
 2228
 2212
 2202
 2200
 2206
 2216
 2236
 2262
 2284
 2310
 2342
 2376
 2408
 2442
 2478
 2516
 2556
 2594
 2632
 2674
 2708
 2744
 2776
 2810
 2842
 2872
 2904
 2936
 2960
 2976
 2992
 3004
 3008
 3010
 3006
 3000
 2994
 2982
 2964
 2944
 2922
 2902
 2884
 2862
 2840
 2812
 2776
 2744
 2710
 2672
 2622
 2566
 2506
 2434
 2358
 2288
 2220
 2148
 2074
 1992
 1904
 1816
 1730
 1646
 1568
 1492
 1422
 1356
 1304
 1260
 1232
 1214
 1202
 1196
 1194
 1198
 1208
 1222
 1244
 1272
 1306
 1342
 1388
 1440
 1496
 1560
 1622
 1684
 1746
 1800
 1864
 1932
 1994
 2044
 2088
 2132
 2180
 2226
 2268
 2310
 2354
 2398
 2440
 2480
 2518
 2550
 2588
 2628
 2666
 2700
 2730
 2760
 2790
 2826
 2856
 2874
 2886
 2892
 2888
 2866
 2828
 2784
 2732
 2670
 2608
 2538
 2454
 2370
 2290
 2212
 2136
 2064
 2002
 1948
 1906
 1876
 1850
 1826
 1802
 1772
 1742
 1732
 1746
 1754
 1764
 1774
 1778
 1784
 1804
 1824
 1860
 1908
 1964
 2030
 2084
 2142
 2210
 2286
 2368
 2446
 2506
 2548
 2584
 2614
 2638
 2660
 2694
 2766
 2868
 2974
 3084
 3210
 3320
 3420
 3522
 3620
 3738
 3850
 3914
 3936
 3884
 3762
 3600
 3420
 3264
 3132
 3022
 2942
 2870
 2794
 2718
 2582
 2470
 2448
 2398
 2304
 2208
 2096
 1988
 1898
 1824
 1742
 1658
 1582
 1530
 1478
 1442
 1420
 1418
 1440
 1464
 1502
 1554
 1622
 1694
 1772
 1854
 1934
 2014
 2072
 2114
 2148
 2178
 2208
 2238
 2286
 2326
 2356
 2372
 2390
 2434
 2480
 2516
 2554
 2598
 2654
 2720
 2800
 2866
 2900
 2922
 2938
 2950
 2968
 2978
 2974
 2932
 2860
 2786
 2734
 2698
 2672
 2662
 2668
 2682
 2702
 2720
 2744
 2770
 2796
 2818
 2832
 2846
 2856
 2860
 2862
 2870
 2876
 2888
 2898
 2910
 2926
 2944
 2958
 2976
 2994
 3008
 3018
 3030
 3032
 3004
 2948
 2874
 2786
 2690
 2584
 2492
 2408
 2320
 2234
 2154
 2076
 1994
 1918
 1844
 1778
 1718
 1670
 1634
 1608
 1592
 1592
 1608
 1638
 1676
 1720
 1774
 1834
 1900
 1972
 2046
 2108
 2166
 2230
 2294
 2354
 2410
 2464
 2518
 2570
 2622
 2672
 2718
 2760
 2802
 2842
 2882
 2920
 2958
 2992
 3026
 3060
 3090
 3110
 3124
 3138
 3148
 3146
 3136
 3120
 3096
 3060
 3020
 2976
 2920
 2854
 2788
 2720
 2654
 2584
 2516
 2448
 2380
 2314
 2252
 2190
 2120
 2052
 1976
 1902
 1834
 1776
 1726
 1690
 1660
 1636
 1626
 1626
 1632
 1648
 1672
 1704
 1744
 1792
 1852
 1918
 1984
 2042
 2096
 2150
 2210
 2270
 2326
 2382
 2436
 2492
 2542
 2590
 2640
 2686
 2728
 2770
 2810
 2848
 2886
 2922
 2956
 2992
 3024
 3048
 3062
 3076
 3090
 3100
 3110
 3116
 3122
 3124
 3124
 3120
 3110
 3094
 3074
 3046
 3016
 2982
 2942
 2904
 2870
 2840
 2802
 2762
 2730
 2696
 2652
 2602
 2554
 2504
 2452
 2394
 2328
 2264
 2196
 2134
 2082
 2038
 2006
 1990
 1992
 2004
 2018
 2034
 2052
 2080
 2116
 2142
 2172
 2212
 2252
 2288
 2334
 2378
 2418
 2460
 2500
 2540
 2582
 2626
 2666
 2700
 2728
 2760
 2792
 2818
 2844
 2872
 2902
 2934
 2962
 2994
 3022
 3046
 3066
 3088
 3110
 3132
 3156
 3172
 3180
 3180
 3176
 3158
 3134
 3108
 3078
 3042
 2998
 2956
 2916
 2872
 2824
 2768
 2710
 2654
 2598
 2548
 2504
 2448
 2392
 2332
 2278
 2224
 2178
 2138
 2108
 2090
 2078
 2078
 2086
 2100
 2122
 2150
 2186
 2226
 2276
 2332
 2386
 2434
 2478
 2526
 2570
 2612
 2656
 2704
 2750
 2794
 2834
 2874
 2908
 2938
 2962
 2982
 3004
 3028
 3052
 3074
 3094
 3110
 3122
 3132
 3140
 3144
 3144
 3136
 3122
 3104
 3086
 3062
 3036
 3006
 2972
 2932
 2890
 2850
 2810
 2768
 2726
 2690
 2654
 2618
 2590
 2564
 2532
 2500
 2462
 2420
 2376
 2336
 2306
 2284
 2268
 2258
 2252
 2256
 2264
 2278
 2296
 2320
 2350
 2386
 2426
 2470
 2514
 2562
 2608
 2648
 2686
 2724
 2762
 2794
 2820
 2850
 2882
 2914
 2942
 2970
 2998
 3016
 3030
 3044
 3052
 3058
 3058
 3052
 3042
 3016
 2988
 2960
 2924
 2886
 2844
 2796
 2738
 2680
 2630
 2574
 2524
 2472
 2420
 2364
 2306
 2252
 2200
 2150
 2104
 2062
 2030
 2010
 1998
 1990
 1992
 1998
 2012
 2032
 2062
 2096
 2136
 2182
 2224
 2264
 2312
 2362
 2404
 2440
 2476
 2508
 2540
 2574
 2612
 2646
 2672
 2700
 2726
 2752
 2774
 2796
 2818
 2840
 2862
 2884
 2908
 2930
 2948
 2968
 2986
 3002
 3010
 3010
 3006
 2996
 2974
 2942
 2908
 2868
 2824
 2772
 2720
 2668
 2618
 2568
 2516
 2460
 2402
 2342
 2282
 2228
 2174
 2124
 2076
 2034
 1998
 1970
 1946
 1924
 1914
 1914
 1916
 1930
 1958
 1996
 2036
 2084
 2132
 2184
 2232
 2280
 2328
 2376
 2434
 2488
 2540
 2594
 2648
 2700
 2746
 2784
 2820
 2860
 2902
 2938
 2978
 3010
 3034
 3046
 3052
 3048
 3036
 3014
 2980
 2944
 2910
 2874
 2838
 2798
 2756
 2720
 2678
 2630
 2580
 2522
 2460
 2396
 2338
 2282
 2228
 2182
 2140
 2104
 2082
 2072
 2070
 2074
 2084
 2102
 2126
 2160
 2196
 2238
 2282
 2320
 2362
 2406
 2452
 2494
 2530
 2572
 2616
 2662
 2706
 2748
 2794
 2838
 2878
 2918
 2956
 2992
 3024
 3058
 3090
 3122
 3152
 3176
 3190
 3198
 3198
 3180
 3152
 3122
 3090
 3054
 3014
 2972
 2932
 2880
 2824
 2760
 2698
 2632
 2564
 2504
 2452
 2394
 2344
 2298
 2252
 2210
 2162
 2116
 2076
 2040
 2018
 2006
 2002
 2006
 2018
 2040
 2064
 2092
 2132
 2174
 2218
 2260
 2310
 2362
 2416
 2458
 2502
 2544
 2590
 2630
 2670
 2708
 2750
 2792
 2828
 2862
 2898
 2932
 2962
 2990
 3014
 3040
 3064
 3084
 3104
 3124
 3142
 3150
 3146
 3140
 3130
 3114
 3088
 3060
 3028
 3000
 2972
 2940
 2904
 2864
 2824
 2784
 2744
 2708
 2672
 2630
 2594
 2556
 2522
 2488
 2450
 2408
 2364
 2320
 2280
 2248
 2232
 2226
 2228
 2234
 2248
 2266
 2288
 2318
 2350
 2388
 2428
 2466
 2504
 2544
 2584
 2618
 2650
 2682
 2712
 2740
 2764
 2794
 2826
 2858
 2884
 2910
 2934
 2956
 2978
 3002
 3024
 3044
 3066
 3088
 3106
 3118
 3132
 3146
 3154
 3160
 3164
 3164
 3150
 3136
 3118
 3098
 3078
 3054
 3026
 2998
 2964
 2930
 2886
 2842
 2796
 2750
 2702
 2652
 2602
 2556
 2508
 2464
 2416
 2364
 2312
 2266
 2228
 2192
 2166
 2142
 2124
 2112
 2106
 2106
 2104
 2084
 2012
 1918
 1838
 1784
 1740
 1700
 1676
 1674
 1688
 1698
 1706
 1716
 1730
 1746
 1760
 1774
 1794
 1814
 1836
 1864
 1896
 1928
 1960
 1992
 2028
 2054
 2078
 2102
 2128
 2148
 2166
 2176
 2182
 2182
 2170
 2152
 2126
 2108
 2090
 2058
 2000
 1924
 1864
 1780
 1708
 1642
 1572
 1508
 1438
 1372
 1300
 1234
 1172
 1114
 1060
 1002
 942
 882
 824
 764
 710
 660
 618
 580
 552
 524
 502
 476
 458
 450
 444
 456
 472
 502
 544
 590
 644
 698
 752
 808
 866
 930
 988
 1052
 1122
 1188
 1248
 1300
 1350
 1408
 1462
 1512
 1558
 1608
 1654
 1700
 1748
 1788
 1828
 1868
 1906
 1952
 1996
 2038
 2078
 2118
 2156
 2190
 2218
 2240
 2262
 2286
 2302
 2314
 2326
 2334
 2340
 2340
 2338
 2328
 2308
 2280
 2246
 2208
 2164
 2116
 2064
 2014
 1962
 1916
 1868
 1814
 1760
 1702
 1642
 1584
 1530
 1482
 1438
 1390
 1340
 1300
 1258
 1222
 1194
 1170
 1158
 1154
 1158
 1174
 1198
 1234
 1272
 1318
 1360
 1404
 1450
 1492
 1532
 1578
 1634
 1686
 1730
 1772
 1812
 1850
 1888
 1928
 1966
 2006
 2046
 2090
 2136
 2182
 2222
 2256
 2292
 2334
 2380
 2426
 2476
 2518
 2550
 2570
 2580
 2584
 2578
 2562
 2540
 2516
 2488
 2464
 2440
 2412
 2382
 2348
 2302
 2252
 2200
 2140
 2072
 2004
 1936
 1870
 1812
 1754
 1692
 1630
 1562
 1496
 1432
 1374
 1322
 1272
 1226
 1192
 1172
 1156
 1150
 1150
 1158
 1176
 1198
 1228
 1264
 1310
 1364
 1414
 1464
 1512
 1558
 1608
 1658
 1710
 1760
 1812
 1866
 1924
 1980
 2026
 2070
 2122
 2170
 2208
 2246
 2282
 2322
 2364
 2400
 2438
 2472
 2500
 2528
 2554
 2582
 2606
 2630
 2654
 2676
 2702
 2728
 2754
 2774
 2788
 2800
 2814
 2824
 2828
 2826
 2824
 2816
 2810
 2800
 2790
 2774
 2752
 2730
 2708
 2684
 2660
 2636
 2614
 2590
 2564
 2544
 2518
 2484
 2452
 2410
 2362
 2310
 2264
 2226
 2196
 2176
 2162
 2154
 2152
 2154
 2162
 2174
 2188
 2206
 2228
 2252
 2282
 2314
 2346
 2374
 2402
 2428
 2458
 2480
 2504
 2538
 2582
 2624
 2662
 2700
 2736
 2768
 2798
 2824
 2846
 2866
 2884
 2904
 2926
 2952
 2978
 3002
 3020
 3036
 3048
 3054
 3060
 3064
 3072
 3082
 3092
 3096
 3092
 3086
 3074
 3060
 3042
 3022
 3000
 2976
 2952
 2932
 2904
 2878
 2852
 2824
 2796
 2768
 2734
 2696
 2660
 2620
 2580
 2536
 2490
 2442
 2394
 2344
 2302
 2268
 2240
 2222
 2216
 2218
 2230
 2248
 2264
 2288
 2312
 2340
 2368
 2394
 2426
 2452
 2480
 2512
 2542
 2568
 2590
 2614
 2642
 2674
 2680
 2672
 2642
 2604
 2582
 2570
 2558
 2562
 2580
 2596
 2620
 2648
 2672
 2688
 2704
 2708
 2710
 2718
 2732
 2742
 2754
 2760
 2756
 2754
 2750
 2748
 2730
 2702
 2678
 2656
 2628
 2602
 2572
 2530
 2482
 2446
 2416
 2400
 2404
 2418
 2450
 2478
 2474
 2428
 2306
 2180
 2194
 2196
 2104
 2046
 2020
 1996
 1964
 1964
 1972
 1984
 2000
 2014
 2052
 2092
 2122
 2150
 2176
 2206
 2238
 2280
 2322
 2360
 2396
 2428
 2466
 2502
 2536
 2570
 2610
 2654
 2700
 2744
 2786
 2828
 2864
 2896
 2924
 2944
 2958
 2966
 2974
 2966
 2948
 2930
 2898
 2846
 2792
 2742
 2686
 2634
 2592
 2554
 2506
 2448
 2380
 2300
 2170
 1988
 1834
 1704
 1606
 1538
 1476
 1404
 1334
 1264
 1208
 1166
 1134
 1116
 1112
 1116
 1128
 1150
 1186
 1228
 1276
 1336
 1396
 1466
 1532
 1592
 1654
 1724
 1788
 1842
 1894
 1940
 1986
 2030
 2076
 2128
 2178
 2228
 2274
 2320
 2364
 2402
 2440
 2480
 2514
 2540
 2552
 2552
 2552
 2554
 2550
 2544
 2524
 2492
 2450
 2396
 2330
 2260
 2194
 2120
 2046
 1978
 1906
 1848
 1800
 1764
 1734
 1700
 1662
 1610
 1554
 1506
 1466
 1432
 1400
 1364
 1330
 1296
 1264
 1238
 1220
 1210
 1212
 1226
 1246
 1284
 1334
 1380
 1424
 1472
 1520
 1566
 1608
 1662
 1716
 1762
 1808
 1856
 1906
 1960
 2016
 2070
 2108
 2136
 2150
 2158
 2160
 2166
 2186
 2216
 2250
 2288
 2326
 2364
 2398
 2436
 2470
 2500
 2524
 2542
 2550
 2550
 2544
 2534
 2524
 2514
 2504
 2494
 2486
 2484
 2482
 2474
 2460
 2434
 2402
 2372
 2344
 2318
 2286
 2248
 2206
 2174
 2138
 2096
 2052
 2014
 1990
 1972
 1966
 1970
 1976
 1992
 2014
 2048
 2088
 2134
 2182
 2238
 2298
 2348
 2396
 2438
 2478
 2524
 2576
 2626
 2668
 2706
 2740
 2776
 2812
 2846
 2884
 2924
 2960
 2992
 3020
 3050
 3086
 3114
 3132
 3138
 3132
 3104
 3074
 3042
 3000
 2958
 2918
 2876
 2830
 2780
 2724
 2668
 2608
 2538
 2478
 2426
 2380
 2322
 2264
 2200
 2142
 2090
 2046
 2010
 1986
 1978
 1976
 1982
 1998
 2020
 2052
 2088
 2132
 2178
 2230
 2288
 2340
 2386
 2430
 2472
 2516
 2560
 2602
 2646
 2694
 2740
 2794
 2844
 2890
 2930
 2968
 3004
 3038
 3070
 3104
 3136
 3162
 3192
 3214
 3228
 3240
 3246
 3242
 3224
 3194
 3160
 3122
 3082
 3040
 2998
 2956
 2912
 2864
 2814
 2764
 2712
 2662
 2614
 2566
 2518
 2478
 2434
 2386
 2336
 2280
 2228
 2180
 2138
 2106
 2086
 2076
 2074
 2084
 2104
 2130
 2166
 2202
 2244
 2288
 2334
 2384
 2438
 2494
 2546
 2592
 2636
 2680
 2724
 2762
 2796
 2826
 2852
 2882
 2910
 2940
 2968
 2996
 3024
 3052
 3082
 3110
 3138
 3166
 3190
 3216
 3240
 3248
 3248
 3244
 3232
 3208
 3180
 3154
 3118
 3080
 3042
 3008
 2970
 2928
 2888
 2846
 2804
 2760
 2716
 2674
 2634
 2598
 2568
 2544
 2516
 2486
 2450
 2412
 2376
 2348
 2328
 2320
 2318
 2326
 2338
 2356
 2380
 2408
 2434
 2462
 2494
 2524
 2558
 2594
 2632
 2676
 2716
 2752
 2786
 2822
 2858
 2888
 2920
 2950
 2984
 3018
 3052
 3086
 3118
 3144
 3172
 3192
 3210
 3230
 3248
 3266
 3280
 3294
 3302
 3306
 3298
 3278
 3256
 3232
 3198
 3164
 3136
 3102
 3068
 3030
 2988
 2936
 2874
 2810
 2748
 2684
 2622
 2562
 2504
 2450
 2398
 2354
 2316
 2276
 2238
 2198
 2164
 2138
 2124
 2120
 2128
 2148
 2178
 2210
 2252
 2298
 2342
 2386
 2428
 2468
 2500
 2536
 2568
 2606
 2638
 2664
 2690
 2716
 2744
 2768
 2796
 2824
 2852
 2884
 2918
 2948
 2980
 3010
 3036
 3060
 3084
 3100
 3118
 3134
 3154
 3174
 3194
 3214
 3224
 3222
 3194
 3142
 3086
 3032
 2974
 2920
 2866
 2808
 2728
 2624
 2516
 2426
 2342
 2260
 2182
 2102
 2024
 1950
 1872
 1800
 1726
 1632
 1534
 1436
 1338
 1240
 1142
 1054
 984
 928
 870
 806
 744
 686
 636
 598
 578
 576
 590
 608
 642
 682
 730
 776
 822
 870
 912
 948
 988
 1036
 1092
 1138
 1184
 1236
 1294
 1352
 1410
 1466
 1524
 1582
 1650
 1716
 1772
 1826
 1886
 1946
 2002
 2052
 2102
 2148
 2190
 2228
 2264
 2298
 2326
 2352
 2374
 2394
 2418
 2436
 2456
 2474
 2488
 2500
 2508
 2508
 2506
 2500
 2488
 2468
 2448
 2428
 2406
 2384
 2360
 2336
 2306
 2272
 2234
 2194
 2154
 2114
 2076
 2034
 1994
 1956
 1924
 1886
 1856
 1822
 1790
 1760
 1740
 1726
 1724
 1732
 1746
 1768
 1800
 1836
 1874
 1916
 1958
 2002
 2046
 2090
 2134
 2180
 2226
 2264
 2308
 2362
 2412
 2456
 2496
 2532
 2566
 2598
 2628
 2656
 2686
 2710
 2736
 2764
 2790
 2816
 2842
 2864
 2888
 2910
 2934
 2954
 2968
 2980
 2990
 2996
 2988
 2978
 2970
 2962
 2950
 2934
 2918
 2898
 2876
 2852
 2828
 2804
 2778
 2754
 2732
 2712
 2698
 2686
 2672
 2648
 2628
 2606
 2580
 2550
 2516
 2486
 2458
 2440
 2424
 2416
 2412
 2412
 2418
 2426
 2438
 2456
 2476
 2502
 2532
 2560
 2590
 2620
 2642
 2670
 2696
 2720
 2736
 2760
 2786
 2814
 2846
 2872
 2900
 2932
 2962
 2988
 3014
 3034
 3054
 3076
 3102
 3124
 3144
 3166
 3180
 3188
 3192
 3190
 3184
 3172
 3164
 3156
 3140
 3122
 3102
 3080
 3054
 3022
 2984
 2946
 2906
 2864
 2824
 2784
 2746
 2706
 2666
 2628
 2590
 2548
 2506
 2458
 2402
 2348
 2300
 2258
 2222
 2190
 2160
 2136
 2116
 2106
 2102
 2114
 2128
 2148
 2176
 2210
 2250
 2296
 2348
 2390
 2432
 2470
 2504
 2530
 2556
 2592
 2630
 2666
 2696
 2722
 2748
 2770
 2794
 2816
 2838
 2860
 2880
 2902
 2926
 2952
 2978
 3008
 3032
 3052
 3068
 3086
 3098
 3108
 3118
 3126
 3136
 3142
 3146
 3148
 3146
 3136
 3124
 3112
 3100
 3088
 3074
 3062
 3050
 3038
 3028
 3012
 2990
 2968
 2948
 2930
 2904
 2876
 2854
 2824
 2796
 2770
 2744
 2722
 2698
 2668
 2644
 2622
 2604
 2588
 2580
 2578
 2580
 2588
 2602
 2616
 2630
 2650
 2672
 2694
 2714
 2738
 2766
 2796
 2832
 2866
 2896
 2926
 2954
 2982
 3010
 3034
 3058
 3082
 3102
 3122
 3144
 3168
 3192
 3208
 3222
 3236
 3250
 3260
 3262
 3262
 3264
 3268
 3268
 3264
 3260
 3248
 3232
 3214
 3182
 3148
 3112
 3074
 3036
 3000
 2960
 2916
 2860
 2808
 2756
 2702
 2642
 2584
 2532
 2480
 2432
 2380
 2326
 2274
 2218
 2168
 2118
 2070
 2020
 1972
 1930
 1896
 1862
 1828
 1802
 1778
 1768
 1768
 1774
 1786
 1806
 1836
 1866
 1902
 1944
 1988
 2036
 2082
 2132
 2180
 2228
 2280
 2330
 2374
 2416
 2454
 2496
 2528
 2560
 2594
 2626
 2666
 2694
 2720
 2752
 2782
 2806
 2838
 2872
 2904
 2938
 2972
 3002
 3030
 3058
 3082
 3092
 3098
 3104
 3106
 3098
 3088
 3074
 3056
 3036
 3012
 2982
 2948
 2912
 2876
 2842
 2806
 2770
 2732
 2698
 2664
 2628
 2594
 2558
 2518
 2478
 2434
 2386
 2334
 2288
 2242
 2200
 2164
 2128
 2092
 2078
 2078
 2078
 2084
 2092
 2108
 2132
 2160
 2200
 2240
 2280
 2318
 2354
 2394
 2432
 2472
 2504
 2534
 2570
 2608
 2646
 2688
 2732
 2776
 2814
 2848
 2884
 2916
 2952
 2984
 3018
 3046
 3078
 3108
 3136
 3156
 3162
 3164
 3160
 3146
 3128
 3104
 3078
 3050
 3012
 2974
 2934
 2894
 2852
 2814
 2776
 2726
 2678
 2630
 2582
 2528
 2482
 2442
 2408
 2360
 2316
 2264
 2212
 2158
 2112
 2074
 2046
 2028
 2018
 2018
 2024
 2036
 2054
 2080
 2110
 2144
 2180
 2222
 2268
 2320
 2374
 2424
 2472
 2520
 2566
 2610
 2648
 2684
 2726
 2776
 2828
 2870
 2910
 2950
 2984
 3022
 3060
 3094
 3128
 3158
 3184
 3204
 3214
 3214
 3196
 3172
 3146
 3114
 3072
 3026
 2980
 2928
 2870
 2810
 2752
 2690
 2622
 2556
 2492
 2432
 2376
 2320
 2270
 2224
 2186
 2146
 2104
 2066
 2024
 1986
 1946
 1916
 1892
 1876
 1872
 1872
 1886
 1906
 1934
 1968
 2006
 2050
 2100
 2148
 2198
 2254
 2300
 2342
 2380
 2416
 2446
 2472
 2500
 2526
 2556
 2586
 2616
 2650
 2682
 2724
 2762
 2800
 2840
 2876
 2912
 2946
 2980
 3010
 3038
 3056
 3068
 3082
 3100
 3110
 3118
 3120
 3116
 3110
 3098
 3076
 3054
 3026
 2998
 2968
 2938
 2904
 2872
 2838
 2804
 2766
 2728
 2696
 2658
 2620
 2580
 2540
 2496
 2450
 2406
 2364
 2324
 2290
 2258
 2234
 2220
 2210
 2208
 2214
 2228
 2250
 2278
 2310
 2344
 2378
 2408
 2438
 2472
 2504
 2538
 2570
 2602
 2636
 2674
 2710
 2740
 2772
 2800
 2824
 2848
 2870
 2892
 2912
 2930
 2950
 2970
 2990
 3012
 3026
 3038
 3044
 3050
 3050
 3050
 3048
 3046
 3042
 3032
 3022
 3008
 2982
 2952
 2920
 2890
 2856
 2826
 2796
 2766
 2736
 2704
 2676
 2646
 2610
 2578
 2542
 2502
 2452
 2408
 2360
 2316
 2274
 2226
 2178
 2128
 2076
 2026
 1980
 1942
 1910
 1888
 1878
 1882
 1898
 1918
 1944
 1978
 2016
 2064
 2110
 2158
 2206
 2256
 2306
 2350
 2394
 2440
 2480
 2520
 2556
 2592
 2628
 2662
 2692
 2718
 2742
 2770
 2794
 2814
 2834
 2852
 2868
 2884
 2908
 2938
 2974
 3018
 3060
 3098
 3130
 3158
 3176
 3190
 3190
 3186
 3178
 3164
 3146
 3128
 3102
 3068
 3030
 2992
 2948
 2904
 2864
 2824
 2788
 2748
 2704
 2658
 2604
 2548
 2492
 2438
 2382
 2326
 2272
 2222
 2180
 2140
 2098
 2054
 2016
 1970
 1940
 1924
 1916
 1916
 1926
 1950
 1976
 2006
 2036
 2066
 2092
 2124
 2146
 2162
 2176
 2186
 2198
 2208
 2220
 2232
 2246
 2260
 2276
 2296
 2318
 2348
 2378
 2410
 2444
 2474
 2504
 2534
 2562
 2596
 2632
 2664
 2696
 2722
 2740
 2748
 2752
 2750
 2734
 2716
 2692
 2666
 2642
 2610
 2574
 2528
 2466
 2390
 2294
 2188
 2088
 2000
 1936
 1890
 1850
 1808
 1760
 1710
 1658
 1610
 1564
 1510
 1464
 1418
 1378
 1338
 1298
 1260
 1226
 1202
 1190
 1184
 1188
 1200
 1228
 1270
 1318
 1364
 1414
 1460
 1516
 1570
 1624
 1676
 1734
 1804
 1868
 1926
 1982
 2034
 2084
 2132
 2174
 2214
 2250
 2294
 2346
 2402
 2452
 2492
 2520
 2546
 2568
 2582
 2594
 2608
 2620
 2638
 2654
 2674
 2694
 2714
 2732
 2748
 2756
 2760
 2758
 2752
 2742
 2736
 2726
 2714
 2702
 2680
 2654
 2628
 2598
 2560
 2522
 2488
 2450
 2414
 2380
 2340
 2294
 2246
 2200
 2156
 2112
 2066
 2018
 1974
 1940
 1910
 1890
 1874
 1862
 1858
 1858
 1862
 1876
 1898
 1928
 1968
 2010
 2050
 2092
 2134
 2176
 2214
 2254
 2294
 2334
 2374
 2416
 2462
 2506
 2542
 2572
 2600
 2628
 2652
 2676
 2698
 2724
 2754
 2780
 2806
 2828
 2848
 2868
 2886
 2900
 2912
 2926
 2938
 2950
 2964
 2978
 2988
 2992
 2992
 2988
 2976
 2958
 2938
 2914
 2886
 2856
 2820
 2784
 2746
 2702
 2662
 2620
 2574
 2530
 2486
 2444
 2406
 2374
 2338
 2298
 2256
 2216
 2176
 2136
 2096
 2062
 2030
 2000
 1966
 1938
 1912
 1892
 1882
 1878
 1882
 1894
 1914
 1944
 1978
 2012
 2048
 2082
 2118
 2152
 2188
 2224
 2264
 2310
 2350
 2388
 2426
 2462
 2496
 2528
 2558
 2588
 2616
 2648
 2682
 2714
 2746
 2774
 2796
 2818
 2844
 2868
 2884
 2896
 2908
 2918
 2928
 2936
 2944
 2950
 2954
 2956
 2950
 2938
 2926
 2910
 2890
 2872
 2852
 2830
 2810
 2786
 2758
 2732
 2702
 2666
 2628
 2596
 2560
 2524
 2490
 2452
 2412
 2370
 2326
 2282
 2242
 2202
 2166
 2134
 2108
 2088
 2076
 2072
 2072
 2078
 2090
 2104
 2122
 2146
 2178
 2214
 2256
 2304
 2352
 2402
 2446
 2484
 2518
 2550
 2582
 2612
 2644
 2678
 2714
 2750
 2788
 2820
 2844
 2864
 2884
 2898
 2906
 2912
 2918
 2926
 2930
 2932
 2930
 2930
 2926
 2920
 2908
 2894
 2878
 2860
 2844
 2826
 2808
 2788
 2766
 2736
 2706
 2670
 2630
 2590
 2556
 2522
 2488
 2456
 2418
 2376
 2330
 2284
 2238
 2184
 2132
 2080
 2030
 1980
 1938
 1896
 1852
 1814
 1772
 1738
 1710
 1688
 1676
 1674
 1680
 1694
 1716
 1746
 1778
 1814
 1852
 1894
 1930
 1966
 1992
 2002
 1994
 1982
 1970
 1960
 1952
 1948
 1950
 1960
 1980
 2004
 2026
 2044
 2054
 2074
 2100
 2128
 2162
 2194
 2226
 2260
 2288
 2312
 2334
 2352
 2358
 2356
 2346
 2338
 2324
 2310
 2292
 2272
 2246
 2212
 2180
 2146
 2112
 2076
 2040
 2004
 1976
 1940
 1904
 1866
 1820
 1768
 1716
 1666
 1614
 1570
 1520
 1468
 1420
 1372
 1330
 1292
 1266
 1252
 1258
 1268
 1288
 1318
 1356
 1394
 1430
 1462
 1500
 1540
 1578
 1618
 1660
 1708
 1752
 1796
 1842
 1886
 1928
 1972
 2016
 2062
 2110
 2160
 2210
 2260
 2316
 2370
 2412
 2448
 2482
 2516
 2546
 2572
 2594
 2606
 2614
 2614
 2612
 2606
 2592
 2576
 2554
 2530
 2506
 2486
 2460
 2432
 2404
 2376
 2348
 2314
 2278
 2240
 2196
 2146
 2098
 2052
 2008
 1964
 1916
 1864
 1816
 1772
 1734
 1706
 1690
 1688
 1700
 1718
 1744
 1780
 1822
 1864
 1906
 1946
 1988
 2028
 2062
 2098
 2134
 2172
 2212
 2250
 2288
 2328
 2364
 2402
 2440
 2478
 2526
 2570
 2616
 2660
 2702
 2744
 2784
 2816
 2842
 2864
 2882
 2888
 2884
 2876
 2866
 2850
 2828
 2806
 2780
 2746
 2710
 2674
 2636
 2596
 2554
 2514
 2476
 2436
 2398
 2358
 2318
 2270
 2210
 2140
 2072
 2008
 1948
 1896
 1848
 1798
 1754
 1720
 1698
 1690
 1692
 1704
 1724
 1752
 1790
 1836
 1884
 1930
 1976
 2024
 2066
 2106
 2150
 2194
 2238
 2282
 2322
 2362
 2400
 2438
 2474
 2518
 2558
 2598
 2640
 2682
 2724
