 2206
 2142
 2074
 2012
 1960
 1910
 1868
 1836
 1806
 1784
 1770
 1770
 1768
 1772
 1770
 1792
 1818
 1852
 1882
 1918
 1960
 2008
 2054
 2104
 2154
 2210
 2272
 2328
 2384
 2434
 2486
 2538
 2582
 2624
 2670
 2718
 2760
 2804
 2852
 2896
 2936
 2978
 3018
 3056
 3090
 3124
 3160
 3190
 3212
 3224
 3230
 3226
 3212
 3190
 3164
 3136
 3102
 3062
 3010
 2954
 2892
 2828
 2758
 2684
 2610
 2534
 2464
 2394
 2330
 2274
 2222
 2166
 2110
 2050
 1996
 1944
 1898
 1862
 1836
 1822
 1812
 1814
 1820
 1834
 1852
 1874
 1902
 1932
 1968
 2006
 2054
 2102
 2146
 2192
 2238
 2288
 2332
 2376
 2422
 2470
 2520
 2572
 2620
 2668
 2710
 2748
 2790
 2832
 2872
 2912
 2954
 2994
 3032
 3062
 3086
 3106
 3128
 3144
 3154
 3148
 3134
 3118
 3096
 3068
 3034
 2996
 2952
 2902
 2848
 2788
 2722
 2656
 2592
 2532
 2476
 2420
 2370
 2326
 2278
 2232
 2182
 2130
 2076
 2022
 1974
 1932
 1898
 1866
 1840
 1828
 1824
 1828
 1842
 1862
 1888
 1918
 1954
 1992
 2036
 2084
 2126
 2172
 2214
 2258
 2302
 2346
 2388
 2434
 2480
 2530
 2574
 2618
 2658
 2698
 2738
 2774
 2810
 2840
 2876
 2912
 2948
 2982
 3010
 3030
 3052
 3074
 3088
 3096
 3096
 3090
 3078
 3062
 3038
 3012
 2978
 2938
 2900
 2858
 2814
 2768
 2724
 2676
 2632
 2594
 2552
 2508
 2466
 2412
 2360
 2306
 2256
 2212
 2174
 2136
 2096
 2060
 2030
 2004
 1986
 1976
 1974
 1986
 2000
 2028
 2064
 2100
 2136
 2174
 2210
 2248
 2290
 2332
 2376
 2424
 2474
 2522
 2572
 2624
 2674
 2724
 2774
 2824
 2874
 2918
 2962
 3008
 3050
 3094
 3128
 3154
 3178
 3206
 3228
 3244
 3254
 3256
 3252
 3240
 3220
 3198
 3168
 3134
 3098
 3052
 3004
 2954
 2906
 2858
 2810
 2766
 2724
 2678
 2634
 2582
 2530
 2478
 2428
 2380
 2338
 2300
 2264
 2234
 2212
 2200
 2198
 2202
 2212
 2228
 2252
 2284
 2328
 2378
 2436
 2492
 2550
 2610
 2672
 2728
 2788
 2844
 2894
 2940
 2984
 3016
 3048
 3076
 3104
 3130
 3152
 3176
 3200
 3224
 3248
 3266
 3284
 3304
 3320
 3330
 3330
 3324
 3312
 3290
 3260
 3226
 3190
 3156
 3118
 3082
 3038
 2992
 2944
 2896
 2848
 2800
 2750
 2702
 2658
 2614
 2576
 2542
 2506
 2468
 2434
 2396
 2362
 2328
 2306
 2294
 2292
 2298
 2308
 2328
 2350
 2376
 2404
 2436
 2472
 2508
 2548
 2592
 2640
 2686
 2732
 2774
 2810
 2844
 2878
 2914
 2948
 2976
 3010
 3044
 3076
 3104
 3132
 3162
 3190
 3218
 3242
 3264
 3286
 3308
 3332
 3350
 3364
 3374
 3378
 3372
 3348
 3320
 3286
 3250
 3208
 3164
 3118
 3072
 3024
 2978
 2928
 2874
 2812
 2750
 2686
 2622
 2562
 2502
 2444
 2390
 2340
 2298
 2260
 2224
 2198
 2172
 2154
 2142
 2142
 2148
 2164
 2186
 2212
 2240
 2272
 2310
 2356
 2406
 2456
 2512
 2570
 2630
 2692
 2754
 2808
 2856
 2902
 2946
 2988
 3022
 3050
 3078
 3112
 3142
 3172
 3200
 3228
 3254
 3282
 3306
 3330
 3350
 3366
 3376
 3380
 3374
 3356
 3330
 3298
 3262
 3216
 3166
 3118
 3070
 3022
 2970
 2918
 2866
 2810
 2754
 2696
 2640
 2584
 2528
 2478
 2434
 2400
 2368
 2338
 2316
 2298
 2286
 2280
 2284
 2296
 2316
 2344
 2372
 2404
 2444
 2486
 2534
 2584
 2634
 2684
 2738
 2792
 2846
 2902
 2958
 2996
 3026
 3056
 3088
 3114
 3140
 3162
 3186
 3214
 3234
 3252
 3270
 3282
 3292
 3300
 3304
 3306
 3308
 3310
 3312
 3316
 3316
 3318
 3318
 3312
 3298
 3280
 3260
 3232
 3200
 3164
 3128
 3088
 3046
 3004
 2958
 2904
 2850
 2796
 2736
 2680
 2622
 2566
 2510
 2458
 2412
 2370
 2326
 2292
 2258
 2232
 2212
 2202
 2202
 2214
 2234
 2258
 2284
 2318
 2354
 2392
 2434
 2480
 2528
 2576
 2630
 2684
 2742
 2796
 2842
 2886
 2928
 2968
 3004
 3036
 3066
 3094
 3124
 3150
 3176
 3200
 3220
 3240
 3260
 3278
 3294
 3308
 3322
 3336
 3352
 3360
 3362
 3360
 3354
 3344
 3328
 3302
 3274
 3242
 3204
 3162
 3122
 3076
 3026
 2976
 2920
 2864
 2806
 2750
 2696
 2646
 2600
 2552
 2504
 2456
 2406
 2358
 2316
 2288
 2270
 2260
 2262
 2268
 2282
 2298
 2320
 2346
 2378
 2418
 2464
 2512
 2564
 2620
 2676
 2724
 2766
 2806
 2846
 2878
 2908
 2942
 2972
 3006
 3038
 3070
 3100
 3130
 3156
 3184
 3210
 3234
 3254
 3274
 3294
 3314
 3328
 3336
 3332
 3322
 3304
 3276
 3238
 3194
 3152
 3114
 3074
 3028
 2982
 2932
 2872
 2814
 2754
 2696
 2636
 2576
 2520
 2466
 2412
 2366
 2320
 2272
 2232
 2188
 2152
 2124
 2104
 2098
 2102
 2114
 2130
 2152
 2178
 2208
 2238
 2274
 2312
 2356
 2404
 2456
 2508
 2566
 2624
 2678
 2722
 2766
 2808
 2846
 2878
 2910
 2942
 2970
 2996
 3020
 3048
 3076
 3100
 3122
 3144
 3164
 3184
 3202
 3218
 3234
 3250
 3266
 3278
 3284
 3288
 3292
 3296
 3294
 3286
 3276
 3264
 3252
 3236
 3216
 3192
 3162
 3128
 3088
 3046
 3004
 2960
 2918
 2870
 2820
 2770
 2726
 2682
 2632
 2588
 2538
 2484
 2428
 2376
 2330
 2292
 2262
 2240
 2224
 2218
 2218
 2222
 2232
 2248
 2270
 2300
 2336
 2382
 2434
 2492
 2544
 2594
 2642
 2690
 2734
 2774
 2814
 2854
 2896
 2936
 2972
 3006
 3040
 3068
 3094
 3118
 3144
 3168
 3194
 3218
 3242
 3256
 3264
 3264
 3260
 3250
 3230
 3206
 3178
 3142
 3106
 3062
 3020
 2970
 2918
 2862
 2808
 2754
 2698
 2646
 2592
 2546
 2496
 2446
 2396
 2340
 2288
 2238
 2200
 2170
 2152
 2144
 2144
 2152
 2166
 2186
 2214
 2246
 2284
 2330
 2382
 2438
 2500
 2564
 2622
 2674
 2726
 2780
 2830
 2874
 2918
 2960
 3004
 3036
 3064
 3094
 3120
 3146
 3166
 3186
 3204
 3222
 3236
 3250
 3262
 3276
 3286
 3292
 3294
 3288
 3282
 3270
 3256
 3234
 3210
 3182
 3148
 3114
 3076
 3030
 2984
 2938
 2888
 2834
 2776
 2722
 2672
 2622
 2576
 2532
 2486
 2438
 2390
 2334
 2276
 2224
 2178
 2144
 2120
 2104
 2096
 2100
 2110
 2126
 2150
 2180
 2214
 2250
 2292
 2340
 2390
 2448
 2512
 2572
 2626
 2676
 2732
 2784
 2830
 2872
 2916
 2962
 3000
 3030
 3056
 3084
 3108
 3132
 3152
 3170
 3186
 3202
 3218
 3232
 3242
 3254
 3264
 3270
 3270
 3266
 3260
 3254
 3242
 3226
 3210
 3190
 3166
 3138
 3106
 3070
 3030
 2986
 2942
 2894
 2848
 2802
 2758
 2716
 2676
 2636
 2598
 2558
 2520
 2488
 2454
 2422
 2394
 2378
 2372
 2372
 2382
 2394
 2412
 2438
 2466
 2496
 2528
 2564
 2602
 2642
 2684
 2726
 2768
 2810
 2854
 2886
 2916
 2946
 2970
 2992
 3014
 3036
 3058
 3082
 3102
 3118
 3136
 3152
 3162
 3168
 3170
 3172
 3170
 3162
 3154
 3146
 3134
 3122
 3104
 3076
 3048
 3018
 2984
 2942
 2894
 2852
 2810
 2768
 2726
 2684
 2638
 2590
 2538
 2486
 2436
 2386
 2342
 2304
 2270
 2248
 2236
 2232
 2230
 2238
 2252
 2268
 2290
 2316
 2350
 2388
 2428
 2470
 2508
 2550
 2594
 2636
 2678
 2720
 2758
 2794
 2826
 2858
 2886
 2908
 2926
 2936
 2946
 2956
 2968
 2980
 2988
 2996
 2998
 2998
 2994
 2984
 2972
 2954
 2928
 2894
 2858
 2820
 2780
 2742
 2702
 2662
 2622
 2576
 2530
 2484
 2432
 2374
 2312
 2256
 2200
 2146
 2086
 2016
 1952
 1892
 1836
 1788
 1750
 1718
 1700
 1686
 1674
 1666
 1654
 1638
 1628
 1630
 1634
 1644
 1652
 1662
 1680
 1710
 1758
 1822
 1882
 1936
 1984
 2032
 2082
 2152
 2244
 2332
 2404
 2458
 2498
 2534
 2572
 2622
 2670
 2712
 2746
 2778
 2816
 2858
 2924
 3022
 3110
 3172
 3202
 3202
 3186
 3158
 3116
 3060
 2998
 2930
 2852
 2772
 2696
 2622
 2556
 2494
 2430
 2368
 2306
 2238
 2166
 2092
 2020
 1950
 1888
 1832
 1780
 1726
 1676
 1622
 1576
 1536
 1506
 1484
 1470
 1466
 1468
 1478
 1498
 1522
 1558
 1602
 1654
 1712
 1776
 1842
 1918
 2000
 2074
 2136
 2196
 2256
 2316
 2374
 2436
 2498
 2560
 2620
 2672
 2728
 2778
 2826
 2872
 2918
 2960
 3000
 3038
 3072
 3104
 3136
 3166
 3194
 3218
 3236
 3246
 3252
 3254
 3246
 3232
 3210
 3186
 3156
 3120
 3084
 3046
 3004
 2956
 2908
 2860
 2810
 2758
 2708
 2656
 2606
 2554
 2502
 2456
 2406
 2358
 2312
 2264
 2216
 2172
 2140
 2118
 2104
 2102
 2106
 2116
 2132
 2152
 2178
 2204
 2238
 2272
 2312
 2358
 2406
 2460
 2510
 2556
 2596
 2638
 2678
 2716
 2754
 2796
 2838
 2876
 2910
 2944
 2976
 3002
 3026
 3050
 3072
 3092
 3112
 3134
 3156
 3176
 3186
 3184
 3182
 3178
 3168
 3150
 3128
 3102
 3074
 3040
 3004
 2966
 2926
 2880
 2836
 2788
 2738
 2690
 2642
 2596
 2552
 2514
 2472
 2428
 2384
 2336
 2286
 2238
 2198
 2166
 2146
 2134
 2130
 2136
 2148
 2166
 2190
 2220
 2252
 2286
 2324
 2362
 2402
 2444
 2490
 2532
 2568
 2606
 2644
 2680
 2714
 2752
 2788
 2826
 2862
 2896
 2932
 2966
 2998
 3028
 3050
 3070
 3090
 3112
 3134
 3154
 3174
 3192
 3210
 3218
 3226
 3230
 3226
 3220
 3206
 3188
 3168
 3142
 3114
 3086
 3050
 3006
 2964
 2918
 2874
 2824
 2774
 2724
 2680
 2640
 2598
 2550
 2508
 2460
 2408
 2352
 2300
 2252
 2214
 2184
 2162
 2150
 2146
 2150
 2162
 2176
 2200
 2228
 2262
 2302
 2346
 2392
 2432
 2474
 2518
 2562
 2606
 2646
 2690
 2736
 2782
 2824
 2862
 2900
 2932
 2964
 2994
 3022
 3050
 3074
 3092
 3108
 3124
 3142
 3158
 3166
 3168
 3174
 3178
 3170
 3146
 3118
 3092
 3080
 3046
 2974
 2888
 2812
 2744
 2674
 2614
 2570
 2530
 2506
 2486
 2464
 2442
 2424
 2402
 2374
 2328
 2268
 2214
 2176
 2160
 2162
 2186
 2220
 2272
 2340
 2416
 2514
 2622
 2750
 2886
 3004
 3064
 3042
 2956
 2774
 2656
 2682
 2776
 2786
 2756
 2748
 2760
 2784
 2806
 2824
 2840
 2854
 2864
 2870
 2860
 2840
 2820
 2776
 2724
 2666
 2596
 2516
 2432
 2350
 2270
 2194
 2116
 2036
 1950
 1868
 1788
 1720
 1658
 1606
 1560
 1514
 1470
 1438
 1412
 1400
 1402
 1414
 1432
 1462
 1500
 1540
 1582
 1626
 1672
 1718
 1768
 1820
 1880
 1940
 2010
 2094
 2166
 2234
 2298
 2364
 2426
 2478
 2526
 2564
 2606
 2648
 2686
 2726
 2762
 2792
 2814
 2824
 2820
 2808
 2782
 2754
 2712
 2656
 2596
 2526
 2456
 2384
 2314
 2246
 2184
 2124
 2066
 2008
 1946
 1886
 1828
 1774
 1724
 1678
 1638
 1614
 1594
 1580
 1578
 1582
 1584
 1592
 1610
 1630
 1662
 1698
 1736
 1778
 1832
 1894
 1962
 2024
 2088
 2150
 2210
 2276
 2340
 2394
 2458
 2518
 2576
 2632
 2688
 2742
 2796
 2848
 2898
 2948
 2996
 3036
 3070
 3092
 3104
 3104
 3094
 3076
 3054
 3022
 2982
 2942
 2898
 2848
 2794
 2736
 2676
 2618
 2564
 2506
 2446
 2384
 2320
 2252
 2186
 2126
 2070
 2020
 1982
 1960
 1948
 1942
 1948
 1958
 1972
 1998
 2030
 2068
 2114
 2166
 2216
 2264
 2312
 2362
 2412
 2462
 2510
 2558
 2608
 2658
 2712
 2764
 2804
 2844
 2886
 2924
 2956
 2982
 2998
 3000
 2992
 2976
 2956
 2928
 2894
 2854
 2812
 2766
 2712
 2654
 2602
 2544
 2488
 2428
 2356
 2284
 2218
 2152
 2090
 2032
 1980
 1934
 1890
 1856
 1830
 1818
 1818
 1826
 1844
 1876
 1916
 1958
 2004
 2048
 2096
 2146
 2198
 2252
 2306
 2364
 2424
 2482
 2538
 2592
 2646
 2696
 2744
 2792
 2838
 2884
 2922
 2952
 2980
 3008
 3030
 3042
 3042
 3034
 3014
 2986
 2948
 2906
 2858
 2802
 2744
 2688
 2634
 2578
 2526
 2480
 2436
 2392
 2346
 2296
 2242
 2188
 2138
 2094
 2056
 2026
 2002
 1984
 1974
 1972
 1976
 1986
 2002
 2024
 2048
 2078
 2114
 2156
 2192
 2230
 2264
 2304
 2346
 2384
 2428
 2476
 2528
 2580
 2632
 2686
 2736
 2782
 2828
 2870
 2912
 2956
 3012
 3068
 3108
 3138
 3158
 3166
 3156
 3134
 3108
 3078
 3044
 3004
 2958
 2912
 2860
 2804
 2746
 2688
 2628
 2568
 2510
 2452
 2398
 2340
 2282
 2220
 2154
 2094
 2038
 1990
 1950
 1920
 1900
 1886
 1886
 1894
 1910
 1932
 1962
 1998
 2040
 2084
 2136
 2194
 2250
 2304
 2354
 2406
 2462
 2514
 2568
 2620
 2676
 2724
 2768
 2812
 2852
 2890
 2924
 2956
 2982
 3010
 3038
 3062
 3086
 3112
 3128
 3134
 3132
 3124
 3102
 3068
 3034
 2996
 2956
 2912
 2866
 2818
 2768
 2716
 2664
 2612
 2558
 2502
 2450
 2400
 2354
 2312
 2266
 2220
 2172
 2126
 2086
 2054
 2034
 2024
 2024
 2036
 2054
 2078
 2108
 2144
 2180
 2218
 2264
 2306
 2350
 2400
 2450
 2494
 2532
 2572
 2614
 2650
 2684
 2722
 2758
 2796
 2832
 2866
 2904
 2940
 2972
 3004
 3032
 3058
 3084
 3108
 3132
 3148
 3150
 3144
 3134
 3116
 3084
 3044
 3008
 2972
 2934
 2898
 2852
 2804
 2754
 2704
 2652
 2602
 2546
 2490
 2440
 2390
 2334
 2286
 2234
 2184
 2136
 2094
 2066
 2048
 2040
 2042
 2052
 2072
 2096
 2130
 2162
 2202
 2242
 2284
 2334
 2384
 2430
 2470
 2512
 2554
 2596
 2642
 2686
 2730
 2772
 2814
 2856
 2898
 2932
 2966
 2998
 3024
 3050
 3076
 3106
 3130
 3144
 3150
 3152
 3144
 3126
 3098
 3070
 3038
 3006
 2970
 2926
 2874
 2822
 2766
 2710
 2652
 2592
 2530
 2470
 2412
 2356
 2290
 2204
 2118
 2044
 1968
 1906
 1862
 1830
 1808
 1796
 1798
 1818
 1862
 1914
 1960
 1988
 2066
 2142
 2190
 2256
 2298
 2332
 2364
 2396
 2428
 2460
 2490
 2518
 2550
 2580
 2610
 2642
 2668
 2696
 2728
 2758
 2788
 2826
 2866
 2910
 2954
 2994
 3024
 3042
 3032
 3016
 2986
 2944
 2890
 2826
 2752
 2670
 2584
 2498
 2414
 2334
 2260
 2186
 2110
 2034
 1958
 1882
 1812
 1752
 1702
 1662
 1630
 1610
 1598
 1598
 1608
 1634
 1674
 1732
 1820
 1912
 1988
 2050
 2110
 2178
 2248
 2314
 2376
 2440
 2516
 2576
 2624
 2662
 2692
 2720
 2742
 2768
 2796
 2824
 2854
 2876
 2888
 2904
 2924
 2938
 2950
 2956
 2950
 2932
 2902
 2866
 2822
 2774
 2716
 2652
 2590
 2524
 2452
 2378
 2310
 2244
 2192
 2134
 2072
 2008
 1942
 1876
 1814
 1764
 1720
 1686
 1664
 1648
 1644
 1650
 1666
 1690
 1720
 1760
 1806
 1862
 1924
 1998
 2068
 2130
 2190
 2252
 2314
 2376
 2438
 2496
 2554
 2608
 2660
 2710
 2758
 2798
 2836
 2870
 2900
 2930
 2962
 2990
 3018
 3042
 3060
 3066
 3066
 3056
 3032
 2998
 2960
 2918
 2872
 2816
 2760
 2702
 2636
 2572
 2508
 2444
 2382
 2322
 2264
 2212
 2162
 2104
 2048
 1990
 1938
 1892
 1856
 1830
 1814
 1808
 1808
 1818
 1834
 1858
 1888
 1924
 1968
 2014
 2066
 2122
 2182
 2240
 2286
 2328
 2376
 2422
 2468
 2510
 2554
 2598
 2640
 2678
 2716
 2750
 2780
 2810
 2838
 2866
 2890
 2918
 2946
 2970
 2990
 3008
 3024
 3038
 3048
 3054
 3052
 3042
 3026
 3008
 2986
 2954
 2910
 2864
 2818
 2774
 2726
 2684
 2642
 2594
 2548
 2498
 2442
 2376
 2308
 2238
 2180
 2128
 2082
 2040
 2004
 1978
 1962
 1962
 1968
 1978
 1998
 2026
 2062
 2102
 2152
 2200
 2244
 2288
 2330
 2372
 2410
 2452
 2496
 2544
 2588
 2628
 2672
 2716
 2750
 2784
 2818
 2850
 2876
 2904
 2934
 2962
 2980
 2990
 2998
 2996
 2978
 2952
 2916
 2878
 2840
 2804
 2762
 2716
 2668
 2618
 2570
 2520
 2466
 2410
 2358
 2294
 2228
 2158
 2068
 1974
 1876
 1770
 1656
 1528
 1386
 1252
 1124
 1004
 906
 824
 748
 682
 626
 578
 532
 488
 438
 398
 366
 352
 352
 378
 414
 458
 512
 570
 632
 696
 756
 816
 884
 964
 1054
 1158
 1304
 1502
 1694
 1848
 1958
 2032
 2094
 2152
 2208
 2258
 2308
 2358
 2414
 2476
 2544
 2612
 2676
 2730
 2772
 2802
 2808
 2784
 2750
 2730
 2720
 2710
 2708
 2708
 2704
 2698
 2678
 2646
 2608
 2566
 2522
 2470
 2408
 2344
 2276
 2206
 2136
 2068
 2006
 1946
 1888
 1826
 1766
 1710
 1656
 1606
 1558
 1512
 1478
 1458
 1450
 1444
 1448
 1458
 1478
 1506
 1544
 1588
 1638
 1688
 1738
 1790
 1844
 1908
 1974
 2038
 2100
 2160
 2216
 2276
 2338
 2390
 2432
 2474
 2516
 2546
 2576
 2606
 2640
 2676
 2714
 2752
 2792
 2826
 2856
 2878
 2898
 2906
 2906
 2896
 2884
 2868
 2840
 2794
 2730
 2650
 2578
 2514
 2450
 2384
 2316
 2242
 2166
 2084
 2006
 1934
 1866
 1806
 1752
 1700
 1664
 1636
 1616
 1606
 1604
 1612
 1626
 1652
 1688
 1734
 1786
 1832
 1874
 1920
 1970
 2024
 2084
 2144
 2212
 2280
 2352
 2432
 2502
 2558
 2610
 2660
 2706
 2746
 2790
 2832
 2874
 2906
 2926
 2932
 2930
 2916
 2894
 2864
 2828
 2788
 2744
 2700
 2654
 2610
 2570
 2522
 2472
 2420
 2364
 2302
 2234
 2172
 2116
 2064
 2016
 1970
 1932
 1902
 1884
 1878
 1880
 1890
 1908
 1936
 1976
 2022
 2070
 2120
 2166
 2216
 2264
 2312
 2364
 2418
 2474
 2522
 2572
 2622
 2664
 2702
 2738
 2770
 2804
 2838
 2872
 2900
 2928
 2952
 2968
 2974
 2978
 2974
 2962
 2942
 2916
 2884
 2848
 2806
 2762
 2716
 2664
 2612
 2560
 2506
 2452
 2398
 2346
 2298
 2254
 2216
 2178
 2136
 2102
 2066
 2036
 2010
 1998
 1998
 2008
 2030
 2056
 2092
 2132
 2174
 2220
 2270
 2322
 2384
 2442
 2494
 2540
 2584
 2616
 2644
 2674
 2704
 2732
 2760
 2792
 2824
 2858
 2886
 2918
 2950
 2978
 3004
 3030
 3056
 3076
 3094
 3102
 3100
 3088
 3062
 3026
 2986
 2942
 2890
 2830
 2772
 2716
 2658
 2602
 2546
 2488
 2428
 2366
 2306
 2252
 2198
 2144
 2094
 2054
 2020
 1982
 1948
 1914
 1884
 1844
 1816
 1814
 1828
 1842
 1868
 1896
 1926
 1958
 2000
 2046
 2092
 2140
 2194
 2250
 2316
 2380
 2434
 2484
 2534
 2586
 2632
 2674
 2716
 2756
 2798
 2838
 2876
 2912
 2948
 2978
 3008
 3034
 3060
 3084
 3106
 3128
 3142
 3146
 3142
 3122
 3098
 3066
 3028
 2990
 2952
 2914
 2874
 2832
 2784
 2730
 2678
 2620
 2566
 2508
 2456
 2410
 2362
 2310
 2258
 2204
 2152
 2100
 2056
 2024
 2000
 1990
 1986
 1994
 2008
 2030
 2058
 2092
 2132
 2178
 2228
 2284
 2344
 2400
 2452
 2502
 2552
 2598
 2638
 2680
 2722
 2764
 2802
 2840
 2878
 2912
 2944
 2974
 3004
 3030
 3054
 3076
 3096
 3118
 3138
 3152
 3162
 3170
 3174
 3166
 3144
 3112
 3074
 3034
 2990
 2938
 2882
 2824
 2764
 2706
 2652
 2594
 2540
 2486
 2434
 2392
 2346
 2298
 2252
 2198
 2148
 2098
 2052
 2014
 1982
 1960
 1946
 1942
 1944
 1954
 1968
 1990
 2018
 2056
 2100
 2156
 2214
 2268
 2322
 2376
 2434
 2486
 2540
 2590
 2644
 2708
 2766
 2820
 2872
 2914
 2950
 2980
 3010
 3040
 3068
 3090
 3114
 3138
 3160
 3174
 3180
 3182
 3176
 3160
 3136
 3108
 3078
 3044
 3006
 2964
 2920
 2870
 2820
 2772
 2728
 2684
 2636
 2590
 2544
 2502
 2464
 2424
 2382
 2340
 2296
 2256
 2222
 2196
 2180
 2176
 2180
 2192
 2212
 2236
 2266
 2302
 2340
 2384
 2436
 2490
 2544
 2596
 2640
 2678
 2718
 2762
 2800
 2834
 2870
 2906
 2930
 2958
 2990
 3022
 3050
 3072
 3098
 3120
 3140
 3156
 3170
 3186
 3200
 3214
 3222
 3222
 3220
 3216
 3204
 3188
 3162
 3136
 3106
 3074
 3038
 2994
 2950
 2902
 2854
 2806
 2758
 2712
 2668
 2628
 2590
 2554
 2514
 2472
 2430
 2386
 2342
 2304
 2280
 2262
 2254
 2256
 2260
 2276
 2296
 2322
 2354
 2394
 2434
 2480
 2528
 2582
 2628
 2670
 2712
 2752
 2792
 2828
 2862
 2896
 2930
 2954
 2980
 3006
 3032
 3056
 3076
 3096
 3114
 3128
 3138
 3142
 3142
 3134
 3120
 3100
 3078
 3050
 3012
 2974
 2938
 2896
 2856
 2816
 2774
 2728
 2678
 2628
 2578
 2526
 2472
 2420
 2370
 2320
 2268
 2206
 2124
 2042
 1958
 1876
 1798
 1736
 1690
 1660
 1648
 1648
 1662
 1686
 1714
 1748
 1786
 1826
 1870
 1918
 1966
 2018
 2070
 2118
 2156
 2196
 2234
 2272
 2300
 2322
 2344
 2364
 2382
 2400
 2414
 2422
 2424
 2428
 2432
 2436
 2440
 2448
 2460
 2476
 2492
 2504
 2516
 2524
 2532
 2532
 2524
 2514
 2498
 2480
 2456
 2426
 2392
 2350
 2302
 2250
 2198
 2144
 2088
 2034
 1982
 1930
 1882
 1842
 1798
 1754
 1704
 1650
 1598
 1550
 1512
 1486
 1470
 1464
 1464
 1474
 1496
 1524
 1556
 1594
 1642
 1696
 1752
 1814
 1876
 1930
 1982
 2030
 2082
 2126
 2172
 2216
 2258
 2300
 2338
 2382
 2426
 2466
 2502
 2534
 2564
 2594
 2620
 2646
 2672
 2698
 2722
 2746
 2764
 2778
 2794
 2806
 2810
 2808
 2798
 2788
 2772
 2752
 2730
 2706
 2676
 2642
 2606
 2566
 2528
 2488
 2450
 2412
 2376
 2342
 2308
 2266
 2230
 2188
 2144
 2104
 2066
 2034
 2010
 1994
 1982
 1980
 1984
 2000
 2022
 2044
 2072
 2102
 2134
 2170
 2210
 2254
 2298
 2338
 2378
 2418
 2462
 2498
 2534
 2568
 2606
 2642
 2676
 2708
 2740
 2772
 2804
 2836
 2862
 2886
 2908
 2930
 2952
 2974
 2996
 3004
 3010
 3014
 3020
 3018
 3010
 2996
 2976
 2956
 2928
 2892
 2852
 2804
 2756
 2708
 2658
 2612
 2566
 2520
 2476
 2432
 2384
 2336
 2282
 2224
 2166
 2108
 2058
 2012
 1970
 1932
 1894
 1864
 1840
 1824
 1820
 1824
 1838
 1866
 1904
 1948
 1990
 2032
 2072
 2114
 2158
 2198
 2244
 2290
 2338
 2386
 2432
 2476
 2520
 2560
 2602
 2642
 2680
 2716
 2750
 2788
 2828
 2858
 2882
 2906
 2930
 2952
 2970
 2990
 3004
 3008
 3006
 3002
 2994
 2982
 2964
 2944
 2920
 2890
 2860
 2818
 2774
 2732
 2692
 2652
 2604
 2558
 2504
 2446
 2386
 2328
 2274
 2220
 2164
 2102
 2038
 1974
 1908
 1844
 1784
 1730
 1682
 1644
 1620
 1610
 1606
 1612
 1624
 1648
 1680
 1716
 1760
 1808
 1858
 1912
 1962
 2014
 2068
 2120
 2174
 2228
 2278
 2330
 2384
 2436
 2488
 2534
 2570
 2604
 2638
 2670
 2700
 2730
 2760
 2792
 2826
 2862
 2898
 2930
 2956
 2982
 3002
 3018
 3028
 3030
 3022
 3008
 2982
 2954
 2922
 2886
 2842
 2798
 2754
 2708
 2664
 2618
 2570
 2518
 2464
 2406
 2348
 2292
 2236
 2182
 2136
 2094
 2048
 2000
 1950
 1902
 1858
 1822
 1798
 1784
 1780
 1788
 1802
 1824
 1854
 1890
 1930
 1974
 2018
 2066
 2122
 2184
 2248
 2302
 2350
 2394
 2440
 2482
 2522
 2562
 2600
 2636
 2672
 2706
 2742
 2772
 2800
 2828
 2852
 2876
 2898
 2924
 2948
 2970
 2984
 2996
 3008
 3012
 3008
 2996
 2974
 2942
 2910
 2872
 2832
 2786
 2736
 2682
 2630
 2578
 2522
 2474
 2428
 2374
 2322
 2264
 2206
 2148
 2092
 2040
 1990
 1948
 1906
 1864
 1832
 1806
 1790
 1782
 1786
 1798
 1818
 1850
 1892
 1938
 1982
 2026
 2070
 2120
 2170
 2220
 2272
 2326
 2380
 2428
 2476
 2524
 2574
 2626
 2670
 2712
 2752
 2788
 2820
 2860
 2900
 2926
 2946
 2968
 2982
 2988
 2986
 2976
 2962
 2938
 2906
 2872
 2826
 2780
 2732
 2684
 2634
 2582
 2532
 2484
 2440
 2392
 2342
 2288
 2234
 2178
 2126
 2076
 2032
 1992
 1958
 1924
 1902
 1888
 1880
 1884
 1894
 1914
 1942
 1982
 2032
 2080
 2122
 2158
 2194
 2228
 2266
 2310
 2356
 2398
 2440
 2486
 2534
 2576
 2612
 2656
 2696
 2730
 2760
 2792
 2826
 2858
 2886
 2910
 2928
 2942
 2948
 2946
 2936
 2924
 2904
 2878
 2850
 2820
 2786
 2746
 2706
 2666
 2626
 2578
 2526
 2476
 2428
 2380
 2342
 2300
 2252
 2202
 2150
 2102
 2050
 2004
 1964
 1934
 1912
 1900
 1902
 1904
 1906
 1918
 1940
 1964
 1992
 2028
 2070
 2118
 2172
 2230
 2282
 2332
 2382
 2434
 2484
 2534
 2584
 2632
 2680
 2724
 2770
 2816
 2856
 2894
 2930
 2962
 2992
 3020
 3046
 3070
 3092
 3112
 3116
 3114
 3106
 3094
 3076
 3054
 3026
 2998
 2970
 2936
 2900
 2862
 2814
 2762
 2704
 2648
 2594
 2536
 2478
 2430
 2380
 2334
 2282
 2228
 2176
 2116
 2060
 2012
 1972
 1944
 1924
 1914
 1910
 1916
 1930
 1950
 1976
 2008
 2046
 2088
 2136
 2190
 2242
 2288
 2334
 2378
 2424
 2466
 2508
 2550
 2592
 2634
 2674
 2710
 2748
 2780
 2810
 2842
 2872
 2902
 2930
 2958
 2982
 3002
 3020
 3038
 3048
 3048
 3040
 3026
 3006
 2980
 2946
 2914
 2876
 2834
 2788
 2742
 2696
 2650
 2604
 2562
 2524
 2482
 2438
 2392
 2344
 2294
 2244
 2198
 2154
 2114
 2078
 2044
 2020
 2002
 1996
 1998
 2008
 2026
 2052
 2088
 2132
 2182
 2230
 2274
 2316
 2366
 2410
 2452
 2496
 2534
 2576
 2616
 2656
 2696
 2732
 2766
 2800
 2832
 2862
 2892
 2922
 2948
 2976
 3004
 3028
 3052
 3070
 3080
 3088
 3090
 3082
 3070
 3054
 3032
 3002
 2968
 2930
 2894
 2856
 2810
 2766
 2718
 2670
 2622
 2576
 2530
 2484
 2442
 2408
 2372
 2336
 2298
 2254
 2210
 2166
 2130
 2102
 2088
 2082
 2084
 2096
 2118
 2144
 2172
 2202
 2236
 2268
 2306
 2344
 2384
 2424
 2466
 2508
 2542
 2576
 2608
 2642
 2674
 2704
 2734
 2766
 2798
 2828
 2858
 2884
 2912
 2938
 2962
 2984
 3006
 3026
 3044
 3064
 3080
 3090
 3094
 3090
 3080
 3068
 3054
 3030
 3000
 2972
 2942
 2906
 2862
 2822
 2782
 2738
 2692
 2646
 2598
 2548
 2498
 2450
 2402
 2358
 2320
 2274
 2230
 2184
 2138
 2100
 2064
 2040
 2030
 2030
 2038
 2050
 2072
 2098
 2126
 2166
 2206
 2246
 2284
 2324
 2366
 2412
 2454
 2492
 2528
 2562
 2602
 2638
 2672
 2704
 2738
 2770
 2802
 2832
 2864
 2894
 2922
 2954
 2980
 3002
 3022
 3040
 3056
 3070
 3078
 3066
 3048
 3028
 3004
 2972
 2936
 2896
 2856
 2812
 2762
 2706
 2650
 2592
 2532
 2472
 2412
 2352
 2294
 2240
 2188
 2140
 2092
 2040
 1990
 1932
 1882
 1836
 1800
 1774
 1760
 1756
 1760
 1774
 1796
 1822
 1856
 1894
 1938
 1984
 2034
 2088
 2146
 2208
 2260
 2308
 2362
 2420
 2468
 2510
 2554
 2596
 2636
 2676
 2708
 2744
 2782
 2814
 2842
 2864
 2880
 2892
 2906
 2918
 2930
 2944
 2964
 2982
 2994
 3008
 3016
 3012
 3004
 2992
 2972
 2950
 2922
 2888
 2854
 2820
 2782
 2742
 2700
 2654
 2606
 2558
 2512
 2470
 2430
 2392
 2356
 2314
 2276
 2236
 2196
 2158
 2122
 2096
 2078
 2070
 2070
 2080
 2098
 2122
 2152
 2186
 2222
 2264
 2308
 2354
 2402
 2448
 2496
 2540
 2576
 2612
 2654
 2694
 2730
 2764
 2796
 2828
 2860
 2884
 2906
 2928
 2948
 2966
 2982
 3000
 3014
 3022
 3032
 3042
 3050
 3058
 3058
 3052
 3038
 3024
 3006
 2984
 2960
 2934
 2906
 2876
 2842
 2808
 2772
 2732
 2694
 2652
 2612
 2568
 2524
 2482
 2444
 2406
 2372
 2338
 2302
 2264
 2226
 2188
 2150
 2118
 2096
 2084
 2078
 2080
 2086
 2102
 2120
 2142
 2170
 2198
 2230
 2264
 2300
 2342
 2386
 2428
 2462
 2498
 2532
 2566
 2594
 2622
 2652
 2686
 2716
 2744
 2772
 2800
 2826
 2854
 2878
 2902
 2924
 2944
 2964
 2984
 3008
 3028
 3040
 3050
 3060
 3072
 3072
 3070
 3066
 3060
 3052
 3042
 3028
 3008
 2976
 2942
 2904
 2866
 2826
 2786
 2742
 2694
 2650
 2612
 2566
 2518
 2470
 2412
 2350
 2292
 2236
 2180
 2122
 2054
 1980
 1904
 1834
 1766
 1706
 1648
 1602
 1568
 1546
 1540
 1546
 1556
 1578
 1606
 1642
 1690
 1740
 1794
 1848
 1906
 1962
 2012
 2062
 2110
 2154
 2200
 2238
 2278
 2310
 2340
 2368
 2398
 2432
 2470
 2500
 2530
 2562
 2598
 2632
 2664
 2698
 2732
 2762
 2792
 2824
 2854
 2878
 2902
 2922
 2940
 2954
 2962
 2968
 2970
 2966
 2954
 2940
 2918
 2892
 2862
 2830
 2790
 2748
 2708
 2666
 2626
 2584
 2542
 2496
 2448
 2396
 2344
 2288
 2226
 2162
 2094
 2028
 1972
 1928
 1896
 1868
 1834
 1800
 1766
 1698
 1580
 1458
 1346
 1234
 1150
 1096
 1042
 1002
 978
 966
 966
 978
 1002
 1034
 1064
 1094
 1122
 1158
 1198
 1242
 1292
 1348
 1418
 1486
 1536
 1560
 1572
 1580
 1598
 1634
 1694
 1766
 1836
 1900
 1976
 2120
 2332
 2502
 2600
 2662
 2702
 2724
 2736
 2726
 2700
 2656
 2602
 2542
 2480
 2416
 2348
 2288
 2232
 2170
 2108
 2040
 1970
 1900
 1832
 1770
 1710
 1652
 1590
 1528
 1468
 1416
 1366
 1324
 1288
 1264
 1254
 1254
 1264
 1282
 1304
 1342
 1386
 1440
 1500
 1564
 1634
 1696
 1758
 1818
 1874
 1930
 1984
 2040
 2096
 2158
 2216
 2268
 2316
 2362
 2408
 2460
 2508
 2556
 2606
 2654
 2702
 2752
 2802
 2844
 2880
 2920
 2956
 2990
 3022
 3050
 3076
 3092
 3092
 3080
 3060
 3032
 2990
 2946
 2902
 2852
 2798
 2744
 2690
 2632
 2570
 2512
 2450
 2386
 2326
 2266
 2212
 2160
 2104
 2048
 1988
 1930
 1876
 1828
 1790
 1762
 1746
 1740
 1740
 1754
 1774
 1800
 1834
 1870
 1912
 1960
 2014
 2070
 2124
 2174
 2224
 2274
 2322
 2372
 2424
 2472
 2524
 2570
 2616
 2662
 2704
 2746
 2784
 2820
 2854
 2888
 2918
 2950
 2982
 3006
 3020
 3030
 3034
 3026
 3008
 2984
 2954
 2920
 2878
 2838
 2790
 2738
 2686
 2630
 2574
 2520
 2466
 2412
 2362
 2316
 2272
 2222
 2172
 2116
 2064
 2018
 1980
 1950
 1930
 1928
 1940
 1962
 1990
 2018
 2048
 2076
 2110
 2148
 2184
 2228
 2278
 2328
 2370
 2412
 2456
 2500
 2540
 2584
 2626
 2668
 2712
 2754
 2798
 2840
 2878
 2914
 2946
 2974
 3002
 3026
 3046
 3056
 3052
 3040
 3020
 2996
 2956
 2912
 2868
 2822
 2774
 2724
 2672
 2614
 2560
 2502
 2442
 2382
 2328
 2272
 2220
 2176
 2130
 2080
 2032
 1984
 1948
 1918
 1902
 1896
 1900
 1916
 1936
 1964
 1998
 2038
 2086
 2134
 2182
 2236
 2292
 2350
 2412
 2468
 2518
 2564
 2610
 2654
 2690
 2724
 2758
 2796
 2830
 2862
 2896
 2928
 2954
 2978
 3000
 3022
 3042
 3060
 3074
 3080
 3090
 3104
 3100
 3084
 3064
 3040
 3004
 2954
 2910
 2860
 2804
 2750
 2692
 2630
 2570
 2510
 2450
 2388
 2326
 2264
 2208
 2156
 2110
 2072
 2030
 1988
 1946
 1908
 1876
 1850
 1834
 1830
 1838
 1852
 1874
 1906
 1942
 1984
 2028
 2072
 2122
 2176
 2232
 2290
 2344
 2390
 2432
 2476
 2516
 2556
 2592
 2632
 2672
 2712
 2750
 2788
 2824
 2860
 2896
 2928
 2958
 2988
 3014
 3040
 3066
 3092
 3110
 3118
 3120
 3116
 3104
 3084
 3058
 3030
 3000
 2966
 2930
 2890
 2846
 2798
 2750
 2702
 2654
 2606
 2560
 2516
 2476
 2438
 2394
 2352
 2302
 2254
 2208
 2168
 2136
 2114
 2102
 2098
 2106
 2118
 2136
 2160
 2188
 2218
 2252
 2288
 2330
 2374
 2422
 2472
 2516
 2558
 2602
 2644
 2686
 2726
 2764
 2804
 2844
 2882
 2924
 2964
 2994
 3022
 3048
 3072
 3088
 3102
 3116
 3124
 3124
 3118
 3100
 3072
 3040
 3004
 2962
 2912
 2862
 2816
 2770
 2724
 2682
 2638
 2590
 2542
 2492
 2444
 2394
 2344
 2296
 2254
 2218
 2188
 2170
 2158
 2152
 2152
 2156
 2168
 2188
 2214
 2244
 2284
 2326
 2370
 2416
 2456
 2498
 2538
 2578
 2618
 2658
 2700
 2740
 2782
 2822
 2852
 2874
 2896
 2922
 2946
 2968
 2986
 3004
 3014
 3018
 3010
 3002
 2986
 2964
 2938
 2908
 2872
 2834
 2796
 2758
 2720
 2680
 2634
 2590
 2542
 2488
 2434
 2384
 2334
 2288
 2246
 2212
 2176
 2148
 2126
 2114
 2110
 2114
 2126
 2144
 2170
 2206
 2246
 2290
 2328
 2368
 2410
 2454
 2492
 2530
 2570
 2610
 2654
 2692
 2730
 2772
 2812
 2846
 2876
 2904
 2932
 2958
 2984
 3012
 3036
 3046
 3052
 3054
 3054
 3046
 3028
 3000
 2964
 2920
 2870
 2812
 2752
 2688
 2622
 2562
 2502
 2444
 2386
 2338
 2284
 2232
 2176
 2114
 2052
 1992
 1938
 1890
 1848
 1814
 1782
 1762
 1752
 1752
 1762
 1778
 1808
 1844
 1898
 1956
 2008
 2056
 2104
 2154
 2202
 2252
 2300
 2348
 2398
 2446
 2494
 2540
 2580
 2620
 2656
 2690
 2720
 2750
 2778
 2806
 2834
 2866
 2896
 2922
 2940
 2956
 2972
 2986
 2994
 2996
 2990
 2974
 2954
 2930
 2904
 2874
 2836
 2794
 2750
 2700
 2652
 2600
 2550
 2502
 2454
 2410
 2372
 2328
 2286
 2238
 2188
 2140
 2090
 2044
 2004
 1974
 1948
 1930
 1920
 1922
 1932
 1948
 1974
 2004
 2042
 2086
 2134
 2186
 2238
 2288
 2332
 2376
 2422
 2468
 2506
 2540
 2582
 2622
 2664
 2702
 2740
 2774
 2804
 2836
 2868
 2898
 2924
 2952
 2974
 2990
 3002
 3006
 3004
 2988
 2968
 2944
 2916
 2882
 2846
 2810
 2772
 2734
 2692
 2646
 2596
 2544
 2492
 2442
 2392
 2344
 2294
 2246
 2198
 2156
 2116
 2076
 2036
 2000
 1968
 1944
 1930
 1930
 1940
 1962
 1990
 2022
 2060
 2098
 2136
 2178
 2220
 2272
 2322
 2370
 2424
 2480
 2538
 2596
 2648
 2694
 2744
 2796
 2846
 2890
 2942
 2986
 3022
 3058
 3082
 3100
 3116
 3156
 3200
 3240
 3244
 3264
 3270
 3300
 3276
 3270
 3240
 3212
 3176
 3110
 3042
 2988
 2938
 2896
 2860
 2828
 2782
 2726
 2668
 2606
 2542
 2474
 2412
 2350
 2286
 2220
 2150
 2080
 2000
 1934
 1882
 1824
 1780
 1748
 1732
 1728
 1742
 1758
 1780
 1804
 1836
 1876
 1920
 1962
 2004
 2044
 2080
 2118
 2158
 2202
 2244
 2290
 2338
 2382
 2428
 2472
 2510
 2544
 2576
 2608
 2638
 2666
 2696
 2722
 2744
 2762
 2772
 2780
 2776
 2778
 2786
 2778
 2760
 2740
 2724
 2706
 2666
 2616
 2556
 2486
 2410
 2340
 2278
 2216
 2142
 2056
 1958
 1838
 1702
 1566
 1428
 1302
 1186
 1074
 968
 860
 748
 630
 506
 380
 262
 160
 66
 0
 0
 0
 0
 0
 0
 0
 0
 0
 0
 0
 0
 0
 0
 0
 0
 0
 0
 0
 0
 0
 0
 0
 0
 0
 0
 0
 0
 0
 0
 0
 0
 0
 0
 0
 0
 0
 0
 0
 0
 0
 0
 0
 0
 0
 0
 0
 0
 0
 0
 0
 0
 0
 0
 0
 0
 0
 0
 0
 54
 142
 216
 280
 356
 442
 530
 622
 710
 794
 874
 950
 1036
 1124
 1210
 1292
 1370
 1444
 1516
 1590
 1670
 1752
 1830
 1906
 1982
 2048
 2110
 2176
 2244
 2302
 2348
 2390
 2428
 2472
 2514
 2554
 2592
 2626
 2656
 2682
 2708
 2730
 2752
 2770
 2788
 2802
 2818
 2832
 2846
 2850
 2854
 2856
 2858
 2854
 2844
 2830
 2814
 2790
 2760
 2726
 2690
 2648
 2602
 2554
 2504
 2454
 2406
 2358
 2310
 2268
 2226
 2176
 2126
 2068
 2010
 1956
 1906
 1866
 1832
 1806
 1788
 1776
 1774
 1778
 1788
 1802
 1822
 1844
 1872
 1908
 1948
 1990
 2028
 2068
 2106
 2146
 2182
 2222
 2264
 2308
 2354
 2398
 2440
 2482
 2522
 2558
 2592
 2624
 2654
 2682
 2708
 2736
 2760
 2788
 2810
 2824
 2838
 2854
 2868
 2878
 2884
 2890
 2894
 2898
 2902
 2906
 2914
 2916
 2920
 2920
 2924
 2926
 2928
 2930
 2936
 2940
 2948
 2952
 2950
 2950
 2952
 2952
 2948
 2942
 2936
 2932
 2928
 2926
 2922
 2918
 2914
 2908
 2898
 2886
 2874
 2858
 2846
 2832
 2820
 2810
 2802
 2792
 2784
 2780
 2778
 2772
 2770
 2774
 2780
 2786
 2794
 2804
 2818
 2830
 2842
 2854
 2862
 2874
 2884
 2896
 2908
 2922
 2930
 2934
 2938
 2942
 2946
 2952
 2954
 2958
 2962
 2968
 2974
 2980
 2984
 2992
 2996
 3000
 2998
 2998
 2994
 2992
 2984
 2976
 2970
 2964
 2966
 2964
 2958
 2956
 2956
 2954
 2948
 2944
 2942
 2940
 2938
 2934
 2932
 2928
 2922
 2912
 2898
 2880
 2860
 2836
 2812
 2788
 2766
 2740
 2708
 2678
 2648
 2612
 2572
 2534
 2498
 2462
 2428
 2392
 2360
 2334
 2312
 2296
 2286
 2284
 2286
 2300
 2324
 2350
 2384
 2422
 2452
 2488
 2530
 2566
 2600
 2640
 2676
 2710
 2736
 2756
 2762
 2764
 2772
 2766
 2774
 2784
 2790
 2798
 2810
 2828
 2848
 2862
 2872
 2878
 2886
 2888
 2884
 2876
 2866
 2850
 2822
 2792
 2762
 2718
 2678
 2636
 2588
 2546
 2504
 2460
 2422
 2378
 2328
 2274
 2218
 2158
 2094
 2038
 1986
 1948
 1920
 1904
 1896
 1894
 1906
 1934
 1962
 1988
 2034
 2088
 2138
 2186
 2234
 2276
 2316
 2358
 2402
 2440
 2488
 2544
 2602
 2656
 2702
 2754
 2798
 2838
 2874
 2906
 2938
 2966
 2996
 3026
 3056
 3072
 3080
 3084
 3086
 3078
 3062
 3042
 3018
 2996
 2968
 2932
 2898
 2856
 2804
 2746
 2676
 2600
 2530
 2464
 2400
 2342
 2290
 2222
 2154
 2084
 2012
 1946
 1882
 1830
 1788
 1760
 1738
 1724
 1724
 1730
 1748
 1776
 1814
 1860
 1912
 1970
 2036
 2102
 2158
 2212
 2266
 2320
 2372
 2420
 2466
 2514
 2562
 2604
 2644
 2684
 2722
 2754
 2786
 2816
 2844
 2876
 2904
 2936
 2966
 2998
 3024
 3038
 3042
 3036
 3022
 3002
 2976
 2944
 2900
 2852
 2800
 2744
 2684
 2626
 2560
 2496
 2434
 2374
 2312
 2252
 2188
 2120
 2052
 1982
 1918
 1858
 1804
 1760
 1724
 1696
 1672
 1658
 1652
 1656
 1670
 1690
 1718
 1752
 1798
 1856
 1914
 1966
 2018
 2070
 2124
 2178
 2228
 2286
 2344
 2396
 2440
 2484
 2524
 2562
 2598
 2634
 2666
 2698
 2730
 2760
 2792
 2824
 2846
 2862
 2880
 2896
 2906
 2914
 2920
 2922
 2912
 2902
 2892
 2882
 2862
 2836
 2810
 2780
 2746
 2712
 2682
 2656
 2622
 2580
 2534
 2484
 2428
 2372
 2322
 2274
 2232
 2194
 2158
 2126
 2100
 2082
 2070
 2066
 2070
 2082
 2096
 2122
 2152
 2178
 2208
 2240
 2274
 2308
 2344
 2382
 2428
 2478
 2522
 2562
 2602
 2642
 2678
 2714
 2746
 2776
 2804
 2834
 2864
 2894
 2916
 2930
 2944
 2956
 2962
 2962
 2960
 2954
 2946
 2936
 2922
 2902
 2882
 2860
 2836
 2810
 2782
 2752
 2724
 2696
 2668
 2644
 2612
 2578
 2542
 2502
 2456
 2410
 2366
 2328
 2300
 2278
 2258
 2246
 2242
 2244
 2250
 2260
 2270
 2288
 2308
 2334
 2368
 2404
 2436
 2466
 2494
 2524
 2550
 2578
 2610
 2648
 2684
 2718
 2752
 2784
 2812
 2840
 2866
 2892
 2914
 2938
 2962
 2988
 3008
 3024
 3038
 3050
 3052
 3046
 3040
 3030
 3020
 3008
 2992
 2974
 2948
 2916
 2878
 2832
 2774
 2712
 2656
 2610
 2562
 2506
 2454
 2400
 2342
 2282
 2228
 2174
 2122
 2076
 2032
 1994
 1962
 1940
 1924
 1920
 1926
 1940
 1964
 2000
 2048
 2100
 2146
 2192
 2246
 2306
 2362
 2414
 2468
 2522
 2578
 2630
 2682
 2736
 2784
 2828
 2872
 2912
 2950
 2986
 3018
 3048
 3076
 3098
 3108
 3114
 3118
 3112
 3100
 3086
 3066
 3042
 3016
 2988
 2952
 2908
 2862
 2816
 2768
 2712
 2660
 2604
 2550
 2494
 2444
 2394
 2338
 2282
 2220
 2162
 2102
 2048
 1998
 1956
 1922
 1894
 1876
 1870
 1870
 1882
 1902
 1930
 1962
 2002
 2054
 2110
 2162
 2212
 2258
 2308
 2354
 2402
 2454
 2504
 2554
 2598
 2638
 2678
 2712
 2742
 2764
 2786
 2808
 2830
 2856
 2884
 2906
 2922
 2928
 2914
 2872
 2822
 2770
 2696
 2618
 2532
 2432
 2326
 2224
 2138
 2066
 2002
 1942
 1890
 1848
 1792
 1726
 1648
 1560
 1468
 1370
 1274
 1180
 1090
 1004
 922
 848
 778
 714
 654
 604
 574
 566
 576
 602
 636
 668
 718
 776
 838
 906
 976
 1050
 1124
 1194
 1268
 1338
 1408
 1480
 1550
 1618
 1692
 1756
 1810
 1862
 1914
 1962
 2000
 2024
 2044
 2060
 2078
 2100
 2128
 2168
 2224
 2278
 2324
 2362
 2402
 2430
 2448
 2452
 2446
 2424
 2392
 2350
 2300
 2246
 2190
 2132
 2068
 1998
 1924
 1854
 1782
 1708
 1642
 1574
 1502
 1432
 1352
 1286
 1218
 1150
 1082
 1020
 960
 896
 834
 768
 700
 638
 586
 536
 494
 458
 432
 408
 398
 396
 398
 408
 430
 460
 498
 542
 596
 652
 714
 786
 862
 952
 1042
 1122
 1200
 1278
 1364
 1448
 1526
 1600
 1676
 1748
 1818
 1884
 1946
 2008
 2074
 2140
 2200
 2260
 2320
 2370
 2408
 2444
 2478
 2508
 2540
 2572
 2602
 2634
 2664
 2700
 2730
 2756
 2782
 2802
 2818
 2832
 2842
 2840
 2830
 2814
 2792
 2754
 2712
 2668
 2620
 2568
 2514
 2458
 2398
 2330
 2264
 2196
 2134
 2070
 2012
 1960
 1900
 1840
 1778
 1720
 1668
 1622
 1584
 1562
 1550
 1544
 1550
 1566
 1584
 1612
 1644
 1682
 1724
 1772
 1830
 1888
 1940
 1988
 2034
 2082
 2124
 2172
 2220
 2270
 2320
 2366
 2414
 2458
 2502
 2544
 2586
 2626
 2668
 2706
 2746
 2780
 2814
 2850
 2874
 2892
 2908
 2920
 2924
 2916
 2906
 2892
 2868
 2836
 2806
 2778
 2742
 2706
 2666
 2622
 2578
 2534
 2488
 2440
 2392
 2348
 2298
 2242
 2186
 2128
 2072
 2022
 1980
 1946
 1922
 1908
 1900
 1904
 1910
 1926
 1946
 1972
 2006
 2046
 2092
 2144
 2194
 2236
 2278
 2314
 2352
 2390
 2428
 2472
 2518
 2560
 2602
 2644
 2686
 2724
 2762
 2798
 2830
 2860
 2888
 2918
 2948
 2968
 2982
 2992
 2998
 2996
 2990
 2976
 2958
 2930
 2896
 2860
 2824
 2788
 2748
 2710
 2670
 2624
 2572
 2520
 2472
 2426
 2376
 2318
 2262
 2200
 2136
 2070
 2010
 1958
 1912
 1874
 1844
 1822
 1808
 1800
 1802
 1808
 1822
 1844
 1872
 1914
 1952
 1988
 2024
 2060
 2096
 2132
 2174
 2220
 2270
 2312
 2356
 2400
 2444
 2492
 2552
 2596
 2632
 2666
 2708
 2750
 2780
 2804
 2822
 2830
 2836
 2840
 2838
 2838
 2836
 2828
 2816
 2796
 2768
 2734
 2700
 2664
 2626
 2588
 2552
 2506
 2456
 2400
 2344
 2288
 2232
 2182
 2136
 2092
 2048
 2006
 1968
 1934
 1904
 1880
 1864
 1858
 1866
 1894
 1926
 1956
 1988
 2018
 2054
 2094
 2140
 2184
 2224
 2270
 2312
 2354
 2396
 2440
 2486
 2530
 2574
 2620
 2664
 2710
 2756
 2806
 2860
 2904
 2940
 2972
 3004
 3028
 3044
 3052
 3052
 3042
 3024
 3006
 2984
 2954
 2920
 2886
 2852
 2816
 2776
 2736
 2692
 2650
 2602
 2548
 2488
 2420
 2348
 2282
 2218
 2162
 2112
 2070
 2034
 2012
 2004
 2004
 2012
 2026
 2048
 2080
 2114
 2164
 2218
 2268
 2312
 2354
 2402
 2448
 2492
 2538
 2584
 2634
 2680
 2726
 2778
 2824
 2870
 2912
 2950
 2988
 3026
 3066
 3102
 3138
 3156
 3164
 3168
 3164
 3150
 3128
 3106
 3078
 3048
 3014
 2978
 2938
 2898
 2856
 2816
 2776
 2736
 2692
 2648
 2604
 2564
 2530
 2494
 2454
 2418
 2386
 2362
 2344
 2332
 2332
 2338
 2348
 2366
 2390
 2416
 2444
 2472
 2504
 2536
 2570
 2604
 2642
 2682
 2722
 2762
 2792
 2818
 2846
 2880
 2906
 2932
 2958
 2982
 3006
 3026
 3042
 3060
 3068
 3064
 3056
 3046
 3030
 3012
 2994
 2974
 2956
 2932
 2904
 2866
 2826
 2778
 2720
 2656
 2602
 2550
 2494
 2434
 2372
 2300
 2218
 2138
 2062
 1986
 1916
 1858
 1812
 1782
 1760
 1748
 1744
 1750
 1768
 1798
 1838
 1884
 1942
 2002
 2060
 2120
 2178
 2236
 2292
 2348
 2402
 2458
 2522
 2578
 2624
 2668
 2708
 2748
 2786
 2824
 2860
 2898
 2934
 2970
 3006
 3042
 3076
 3106
 3134
 3156
 3168
 3178
 3176
 3162
 3140
 3112
 3076
 3030
 2984
 2938
 2890
 2844
 2788
 2730
 2668
 2602
 2540
 2478
 2418
 2364
 2314
 2272
 2226
 2180
 2128
 2076
 2028
 1986
 1952
 1930
 1920
 1920
 1928
 1946
 1966
 1996
 2030
 2068
 2108
 2152
 2206
 2262
 2314
 2360
 2398
 2434
 2470
 2508
 2542
 2572
 2602
 2628
 2658
 2690
 2720
 2748
 2778
 2810
 2838
 2870
 2902
 2932
 2962
 2998
 3026
 3042
 3054
 3060
 3060
 3052
 3036
 3016
 2994
 2968
 2942
 2914
 2880
 2838
 2786
 2724
 2662
 2598
 2534
 2478
 2428
 2374
 2316
 2254
 2190
 2128
 2072
 2022
 1980
 1944
 1916
 1890
 1876
 1870
 1874
 1888
 1908
 1934
 1964
 2002
 2046
 2098
 2150
 2196
 2240
 2280
 2324
 2366
 2408
 2446
 2490
 2540
 2586
 2634
 2678
 2718
 2756
 2792
 2824
 2856
 2886
 2918
 2950
 2978
 2998
 3014
 3028
 3036
 3034
 3026
 3016
 3004
 2992
 2972
 2952
 2928
 2892
 2854
 2818
 2780
 2746
 2714
 2686
 2660
 2626
 2588
 2546
 2500
 2452
 2408
 2364
 2322
 2288
 2254
 2224
 2198
 2176
 2162
 2164
 2174
 2186
 2202
 2230
 2264
 2296
 2326
 2356
 2386
 2418
 2452
 2488
 2526
 2566
 2606
 2644
 2686
 2724
 2758
 2796
 2832
 2866
 2902
 2938
 2978
 3014
 3042
 3064
 3086
 3104
 3116
 3118
 3110
 3098
 3080
 3060
 3042
 3020
 2992
 2962
 2928
 2890
 2842
 2794
 2748
 2702
 2656
 2618
 2578
 2532
 2486
 2436
 2388
 2336
 2290
 2246
 2210
 2178
 2146
 2126
 2108
 2102
 2102
 2110
 2122
 2142
 2166
 2208
 2254
 2304
 2354
 2396
 2436
 2476
 2514
 2554
 2596
 2638
 2678
 2720
 2760
 2800
 2840
 2876
 2908
 2940
 2970
 2996
 3020
 3048
 3076
 3106
 3130
 3140
 3134
 3126
 3128
 3144
 3162
 3188
 3260
 3382
 3466
 3502
 3474
 3342
 3160
 2966
 2808
 2684
 2558
 2440
 2356
 2266
 2192
 2118
 2022
 1920
 1828
 1746
 1668
 1596
 1526
 1448
 1378
 1316
 1260
 1206
 1162
 1140
 1130
 1126
 1124
 1122
 1128
 1140
 1160
 1190
 1236
 1288
 1332
 1376
 1422
 1468
 1518
 1576
 1640
 1710
 1770
 1824
 1872
 1928
 1984
 2044
 2106
 2170
 2232
 2286
 2340
 2390
 2434
 2478
 2522
 2566
 2610
 2646
 2670
 2692
 2714
 2730
 2742
 2752
 2764
 2774
 2774
 2758
 2728
 2690
 2644
 2590
 2530
 2470
 2412
 2344
 2266
 2188
 2110
 2032
 1952
 1876
 1806
 1742
 1674
 1604
 1536
 1462
 1394
 1332
 1276
 1230
 1192
 1168
 1144
 1126
 1114
 1114
 1122
 1136
 1158
 1188
 1226
 1262
 1304
 1348
 1396
 1452
 1514
 1574
 1636
 1698
 1766
 1842
 1920
 1980
 2036
 2092
 2150
 2206
 2260
 2312
 2366
 2418
 2468
 2518
 2566
 2608
 2654
 2696
 2738
 2776
 2814
 2854
 2892
 2926
 2954
 2976
 2980
 2978
 2968
 2948
 2922
 2888
 2854
 2820
 2786
 2748
 2710
 2666
 2618
 2568
 2520
 2466
 2416
 2366
 2320
 2276
 2238
 2208
 2178
 2148
 2122
 2100
 2086
 2078
 2084
 2098
 2118
 2146
 2174
 2208
 2244
 2282
 2328
 2366
 2408
 2448
 2492
 2536
 2582
 2630
 2674
 2708
 2742
 2774
 2806
 2836
 2864
 2892
 2918
 2946
 2968
 2994
 3018
 3040
 3062
 3082
 3098
 3108
 3122
 3134
 3148
 3158
 3160
 3152
 3134
 3108
 3084
 3050
 3010
 2974
 2936
 2896
 2856
 2812
 2764
 2710
 2656
 2604
 2548
 2498
 2444
 2398
 2358
 2326
 2298
 2270
 2248
 2230
 2220
 2218
 2224
 2238
 2258
 2288
 2316
 2352
 2390
 2428
 2466
 2506
 2546
 2586
 2634
 2682
 2730
 2770
 2802
 2830
 2858
 2882
 2902
 2924
 2944
 2962
 2980
 2992
 3002
 3000
 2994
 2986
 2974
 2962
 2944
 2926
 2902
 2878
 2854
 2824
 2794
 2762
 2730
 2692
 2652
 2616
 2578
 2544
 2508
 2472
 2438
 2404
 2374
 2352
 2338
 2328
 2326
 2326
 2332
 2346
 2358
 2380
 2402
 2424
 2448
 2472
 2502
 2536
 2570
 2606
 2638
 2676
 2712
 2746
 2780
 2816
 2846
 2878
 2910
 2944
 2976
 3012
 3046
 3072
 3094
 3116
 3134
 3142
 3142
 3130
 3116
 3098
 3072
 3046
 3016
 2982
 2944
 2902
 2860
 2810
 2760
 2714
 2672
 2630
 2596
 2560
 2518
 2478
 2436
 2394
 2354
 2320
 2290
 2270
 2258
 2252
 2252
 2260
 2270
 2284
 2304
 2324
 2350
 2380
 2412
 2450
 2490
 2526
 2562
 2602
 2642
 2676
 2708
 2740
 2772
 2804
 2834
 2864
 2894
 2918
 2942
 2966
 2984
 3004
 3022
 3042
 3056
 3068
 3080
 3090
 3090
 3086
 3082
 3076
 3058
 3040
 3016
 2984
 2956
 2924
 2896
 2866
 2832
 2798
 2758
 2716
 2678
 2638
 2602
 2566
 2534
 2500
 2462
 2422
 2384
 2352
 2320
 2294
 2280
 2270
 2274
 2278
 2292
 2310
 2328
 2352
 2378
 2408
 2438
 2480
 2524
 2572
 2612
 2648
 2682
 2716
 2752
 2792
 2834
 2876
 2914
 2948
 2976
 3000
 3024
 3042
 3060
 3074
 3084
 3092
 3100
 3110
 3126
 3136
 3136
 3134
 3128
 3118
 3100
 3074
 3044
 3010
 2974
 2936
 2900
 2858
 2808
 2764
 2718
 2670
 2620
 2574
 2526
 2484
 2450
 2412
 2370
 2324
 2276
 2230
 2186
 2150
 2122
 2102
 2094
 2092
 2098
 2112
 2132
 2156
 2186
 2220
 2262
 2310
 2362
 2416
 2466
 2508
 2554
 2596
 2638
 2676
 2712
 2748
 2784
 2820
 2854
 2890
 2924
 2952
 2978
 3002
 3022
 3040
 3056
 3074
 3092
 3102
 3106
 3110
 3112
 3110
 3102
 3090
 3074
 3054
 3024
 2990
 2956
 2918
 2876
 2832
 2788
 2744
 2696
 2654
 2616
 2570
 2522
 2472
 2422
 2368
 2316
 2270
 2226
 2190
 2158
 2118
 2072
 2024
 1976
 1932
 1894
 1866
 1848
 1836
 1832
 1832
 1844
 1858
 1880
 1906
 1938
 1976
 2018
 2056
 2096
 2136
 2180
 2220
 2266
 2310
 2358
 2414
 2468
 2514
 2558
 2600
 2642
 2684
 2722
 2762
 2802
 2840
 2878
 2916
 2952
 2988
 3022
 3048
 3070
 3084
 3094
 3100
 3092
 3080
 3062
 3040
 3006
 2966
 2926
 2886
 2848
 2808
 2764
 2718
 2670
 2622
 2572
 2522
 2468
 2420
 2378
 2338
 2300
 2260
 2212
 2164
 2120
 2080
 2044
 2014
 1992
 1974
 1966
 1968
 1978
 1996
 2020
 2056
 2078
 2058
 2030
 2016
 2000
 1982
 1960
 1938
 1924
 1926
 1944
 1990
 2056
 2094
 2116
 2122
 2126
 2132
 2142
 2164
 2212
 2268
 2318
 2358
 2382
 2402
 2440
 2512
 2576
 2618
 2636
 2646
 2652
 2648
 2626
 2576
 2512
 2442
 2370
 2304
 2250
 2204
 2158
 2100
 2036
 1970
 1908
 1846
 1790
 1740
 1694
 1652
 1614
 1586
 1574
 1566
 1572
 1586
 1612
 1650
 1700
 1750
 1800
 1850
 1904
 1962
 2024
 2086
 2146
 2210
 2270
 2328
 2388
 2444
 2500
 2556
 2614
 2674
 2732
 2792
 2848
 2890
 2934
 2976
 3014
 3042
 3068
 3078
 3078
 3068
 3056
 3030
 2994
 2958
 2918
 2876
 2828
 2778
 2728
 2680
 2634
 2580
 2526
 2464
 2402
 2342
 2284
 2228
 2172
 2122
 2068
 2012
 1958
 1904
 1856
 1812
 1778
 1756
 1748
 1758
 1778
 1802
 1834
 1872
 1920
 1974
 2034
 2094
 2158
 2220
 2278
 2340
 2396
 2450
 2502
 2550
 2590
 2632
 2680
 2728
 2780
 2828
 2870
 2908
 2946
 2984
 3016
 3046
 3066
 3076
 3076
 3062
 3042
 3014
 2984
 2948
 2910
 2866
 2820
 2776
 2732
 2692
 2646
 2594
 2542
 2490
 2440
 2388
 2338
 2290
 2246
 2198
 2148
 2104
 2062
 2030
 2004
 1988
 1984
 1990
 2008
 2034
 2064
 2094
 2120
 2152
 2182
 2216
 2254
 2296
 2342
 2388
 2432
 2476
 2526
 2572
 2620
 2670
 2718
 2764
 2808
 2854
 2900
 2944
 2974
 3004
 3030
 3054
 3066
 3072
 3070
 3056
 3034
 3010
 2986
 2958
 2924
 2888
 2850
 2802
 2754
 2710
 2666
 2624
 2586
 2542
 2496
 2448
 2394
 2340
 2286
 2236
 2188
 2148
 2110
 2076
 2052
 2036
 2028
 2026
 2036
 2056
 2078
 2104
 2144
 2190
 2246
 2296
 2342
 2386
 2432
 2476
 2522
 2564
 2610
 2654
 2694
 2730
 2768
 2808
 2844
 2884
 2920
 2956
 2990
 3024
 3058
 3092
 3122
 3138
 3144
 3136
 3120
 3092
 3058
 3020
 2982
 2938
 2894
 2850
 2800
 2742
 2684
 2624
 2566
 2510
 2456
 2410
 2368
 2316
 2264
 2202
 2136
 2076
 2014
 1958
 1910
 1870
 1838
 1814
 1802
 1800
 1808
 1826
 1848
 1880
 1914
 1956
 2010
 2066
 2114
 2168
 2220
 2272
 2322
 2374
 2426
 2478
 2532
 2580
 2628
 2674
 2714
 2754
 2790
 2826
 2862
 2896
 2928
 2964
 2998
 3026
 3048
 3066
 3080
 3086
 3082
 3070
 3052
 3034
 3008
 2974
 2936
 2896
 2850
 2806
 2754
 2702
 2652
 2600
 2552
 2512
 2472
 2424
 2378
 2324
 2270
 2222
 2174
 2136
 2110
 2094
 2084
 2086
 2092
 2106
 2126
 2150
 2180
 2212
 2248
 2292
 2344
 2398
 2446
 2492
 2534
 2578
 2622
 2662
 2702
 2742
 2780
 2818
 2854
 2888
 2920
 2950
 2980
 3006
 3030
 3054
 3078
 3102
 3124
 3148
 3170
 3178
 3180
 3166
 3148
 3124
 3094
 3062
 3026
 2988
 2942
 2892
 2840
 2786
 2734
 2682
 2628
 2574
 2522
 2470
 2422
 2376
 2336
 2298
 2254
 2218
 2174
 2136
 2100
 2074
 2058
 2052
 2058
 2066
 2082
 2110
 2142
 2176
 2212
 2248
 2288
 2332
 2380
 2432
 2488
 2538
 2580
 2618
 2654
 2688
 2720
 2754
 2788
 2824
 2860
 2892
 2924
 2956
 2984
 3010
 3034
 3056
 3078
 3096
 3116
 3126
 3132
 3130
 3120
 3104
 3084
 3060
 3026
 2990
 2954
 2912
 2868
 2824
 2780
 2732
 2682
 2630
 2574
 2518
 2464
 2412
 2364
 2320
 2284
 2244
 2200
 2156
 2112
 2076
 2046
 2030
 2026
 2034
 2050
 2070
 2098
 2128
 2162
 2208
 2252
 2298
 2344
 2392
 2442
 2494
 2542
 2582
 2620
 2654
 2686
 2714
 2746
 2776
 2806
 2836
 2866
 2896
 2924
 2950
 2974
 2998
 3022
 3042
 3062
 3082
 3100
 3118
 3130
 3126
 3120
 3110
 3096
 3076
 3056
 3030
 3002
 2974
 2942
 2904
 2860
 2814
 2768
 2720
 2672
 2628
 2580
 2532
 2484
 2442
 2404
 2366
 2324
 2280
 2232
 2186
 2140
 2102
 2070
 2048
 2034
 2026
 2024
 2028
 2040
 2054
 2078
 2108
 2136
 2166
 2198
 2232
 2268
 2306
 2338
 2370
 2402
 2438
 2474
 2508
 2548
 2588
 2628
 2668
 2708
 2748
 2784
 2816
 2848
 2884
 2914
 2940
 2962
 2982
 2998
 3006
 3016
 3018
 3010
 2994
 2976
 2954
 2924
 2894
 2864
 2832
 2802
 2766
 2732
 2694
 2652
 2610
 2566
 2522
 2476
 2430
 2386
 2344
 2302
 2264
 2230
 2192
 2158
 2118
 2082
 2048
 2024
 2008
 2002
 2004
 2012
 2026
 2046
 2068
 2094
 2126
 2158
 2192
 2230
 2268
 2310
 2356
 2400
 2440
 2484
 2522
 2558
 2594
 2628
 2666
 2700
 2740
 2776
 2812
 2844
 2874
 2904
 2930
 2954
 2976
 2996
 3014
 3026
 3032
 3028
 3022
 3010
 2992
 2972
 2948
 2918
 2886
 2854
 2818
 2774
 2734
 2696
 2658
 2614
 2574
 2530
 2478
 2422
 2374
 2330
 2278
 2232
 2194
 2152
 2104
 2052
 1998
 1948
 1902
 1866
 1842
 1832
 1830
 1838
 1856
 1878
 1914
 1956
 2000
 2048
 2098
 2152
 2206
 2250
 2294
 2336
 2382
 2426
 2472
 2518
 2564
 2614
 2660
 2706
 2754
 2796
 2836
 2872
 2908
 2940
 2974
 3008
 3036
 3052
 3066
 3074
 3074
 3062
 3046
 3026
 3000
 2964
 2926
 2882
 2832
 2778
 2726
 2670
 2614
 2558
 2504
 2452
 2408
 2364
 2312
 2262
 2204
 2148
 2094
 2046
 1998
 1958
 1926
 1896
 1874
 1860
 1856
 1862
 1876
 1898
 1924
 1960
 2000
 2048
 2100
 2158
 2210
 2260
 2304
 2354
 2398
 2444
 2490
 2532
 2574
 2614
 2646
 2684
 2722
 2758
 2798
 2836
 2872
 2910
 2950
 2986
 3016
 3048
 3078
 3100
 3104
 3096
 3080
 3060
 3030
 2994
 2958
 2916
 2872
 2826
 2778
 2730
 2674
 2618
 2562
 2502
 2446
 2388
 2334
 2282
 2232
 2190
 2152
 2106
 2064
 2016
 1974
 1942
 1918
 1908
 1910
 1922
 1944
 1974
 2006
 2044
 2082
 2116
 2148
 2184
 2224
 2266
 2310
 2360
 2412
 2458
 2504
 2550
 2594
 2640
 2682
 2722
 2764
 2806
 2846
 2884
 2918
 2954
 2984
 3008
 3030
 3046
 3060
 3068
 3066
 3062
 3056
 3042
 3022
 2996
 2968
 2934
 2894
 2852
 2800
 2750
 2700
 2646
 2592
 2534
 2476
 2418
 2354
 2288
 2222
 2162
 2110
 2064
 2022
 1988
 1960
 1938
 1922
 1918
 1924
 1938
 1962
 1994
 2030
 2070
 2114
 2158
 2204
 2252
 2300
 2348
 2402
 2462
 2516
 2562
 2600
 2636
 2678
 2714
 2748
 2784
 2816
 2848
 2880
 2910
 2940
 2970
 2996
 3020
 3044
 3066
 3080
 3092
 3104
 3112
 3114
 3108
 3094
 3074
 3052
 3016
 2974
 2936
 2894
 2844
 2794
 2746
 2692
 2630
 2570
 2512
 2454
 2394
 2336
 2276
 2218
 2160
 2108
 2066
 2022
 1980
 1942
 1908
 1886
 1868
 1862
 1866
 1882
 1904
 1932
 1966
 2008
 2050
 2094
 2138
 2180
 2226
 2272
 2322
 2378
 2426
 2472
 2516
 2556
 2598
 2636
 2672
 2706
 2740
 2770
 2798
 2826
 2856
 2882
 2910
 2934
 2954
 2974
 2992
 3012
 3032
 3050
 3070
 3086
 3092
 3094
 3092
 3084
 3068
 3052
 3030
 3008
 2978
 2946
 2914
 2876
 2828
 2782
 2734
 2682
 2630
 2578
 2526
 2476
 2436
 2392
 2348
 2306
 2256
 2210
 2166
 2130
 2104
 2090
 2086
 2088
 2098
 2116
 2142
 2168
 2196
 2228
 2258
 2288
 2332
 2382
 2424
 2464
 2502
 2544
 2582
 2620
 2662
 2700
 2734
 2766
 2794
 2824
 2850
 2874
 2898
 2922
 2944
 2966
 2988
 3012
 3028
 3032
 3032
 3030
 3022
 3004
 2980
 2952
 2920
 2888
 2846
 2804
 2762
 2720
 2680
 2640
 2598
 2554
 2512
 2464
 2420
 2378
 2340
 2296
 2254
 2202
 2152
 2108
 2070
 2044
 2026
 2022
 2022
 2034
 2052
 2074
 2102
 2132
 2172
 2214
 2256
 2300
 2344
 2388
 2434
 2472
 2506
 2540
 2576
 2606
 2632
 2658
 2686
 2716
 2746
 2774
 2804
 2830
 2854
 2878
 2900
 2924
 2946
 2968
 2988
 3008
 3028
 3046
 3062
 3070
 3070
 3064
 3058
 3038
 3014
 2990
 2962
 2932
 2900
 2868
 2830
 2788
 2744
 2700
 2656
 2610
 2568
 2524
 2480
 2438
 2398
 2356
 2310
 2270
 2222
 2172
 2122
 2076
 2038
 2006
 1980
 1960
 1948
 1944
 1946
 1960
 1978
 2002
 2030
 2058
 2088
 2122
 2164
 2206
 2242
 2278
 2318
 2358
 2396
 2432
 2470
 2506
 2546
 2582
 2614
 2648
 2680
 2706
 2734
 2756
 2772
 2786
 2800
 2810
 2820
 2834
 2846
 2856
 2868
 2876
 2882
 2882
 2874
 2868
 2858
 2844
 2824
 2802
 2774
 2736
 2698
 2658
 2618
 2576
 2532
 2490
 2450
 2412
 2372
 2330
 2286
 2236
 2182
 2124
 2066
 2016
 1972
 1932
 1888
 1860
 1848
 1820
 1798
 1804
 1796
 1770
 1768
 1786
 1818
 1830
 1850
 1896
 1980
 2064
 2132
 2200
 2284
 2378
 2478
 2558
 2624
 2672
 2714
 2756
 2796
 2842
 2898
 2960
 3014
 3066
 3144
 3254
 3328
 3374
 3398
 3418
 3436
 3460
 3464
 3462
 3446
 3402
 3310
 3124
 2860
 2594
 2362
 2182
 2018
 1864
 1750
 1678
 1626
 1570
 1508
 1448
 1400
 1366
 1326
 1264
 1218
 1166
 1120
 1080
 1044
 1006
 962
 920
 860
 802
 744
 694
 638
 556
 460
 370
 290
 228
 188
 154
 118
 68
 4
 0
 0
 0
 0
 0
 0
 0
 0
 0
 0
 0
 0
 0
 0
 0
 0
 0
 0
 0
 0
 0
 0
 0
 0
 0
 0
 0
 0
 0
 0
 0
 0
 0
 0
 0
 0
 0
 0
 0
 0
 0
 0
 0
 0
 0
 0
 0
 0
 0
 46
 118
 188
 268
 348
 424
 502
 590
 676
 762
 856
 950
 1046
 1148
 1254
 1364
 1460
 1544
 1632
 1726
 1814
 1896
 1974
 2048
 2122
 2194
 2258
 2322
 2392
 2462
 2524
 2582
 2636
 2692
 2746
 2804
 2862
 2906
 2940
 2976
 3018
 3060
 3100
 3134
 3160
 3186
 3208
 3230
 3244
 3256
 3268
 3276
 3280
 3282
 3280
 3276
 3266
 3254
 3234
 3206
 3174
 3136
 3088
 3032
 2976
 2922
 2862
 2800
 2736
 2668
 2598
 2530
 2462
 2396
 2334
 2280
 2236
 2208
 2184
 2170
 2160
 2160
 2168
 2182
 2204
 2230
 2262
 2292
 2328
 2368
 2408
 2452
 2492
 2536
 2580
 2628
 2680
 2730
 2770
 2812
 2848
 2886
 2916
 2942
 2966
 2990
 3018
 3042
 3068
 3092
 3114
 3136
 3158
 3176
 3192
 3208
 3226
 3244
 3260
 3276
 3286
 3292
 3298
 3304
 3302
 3300
 3296
 3292
 3282
 3268
 3252
 3234
 3208
 3170
 3126
 3080
 3034
 2984
 2934
 2882
 2832
 2782
 2736
 2692
 2642
 2594
 2540
 2484
 2432
 2388
 2350
 2322
 2300
 2290
 2286
 2292
 2304
 2320
 2340
 2366
 2392
 2422
 2456
 2494
 2532
 2576
 2616
 2650
 2680
 2710
 2738
 2764
 2794
 2826
 2858
 2890
 2918
 2948
 2976
 2998
 3022
 3044
 3064
 3078
 3090
 3104
 3118
 3134
 3152
 3166
 3174
 3182
 3190
 3194
 3194
 3192
 3186
 3178
 3166
 3152
 3140
 3126
 3106
 3084
 3060
 3038
 3014
 2990
 2966
 2942
 2920
 2898
 2872
 2848
 2824
 2802
 2776
 2752
 2736
 2726
 2722
 2722
 2726
 2738
 2752
 2766
 2784
 2800
 2818
 2840
 2862
 2888
 2914
 2936
 2956
 2974
 2990
 3004
 3020
 3032
 3048
 3064
 3080
 3098
 3114
 3126
 3142
 3158
 3170
 3180
 3192
 3202
 3212
 3220
 3228
 3236
 3246
 3254
 3262
 3262
 3260
 3258
 3256
 3248
 3240
 3230
 3218
 3204
 3182
 3156
 3132
 3100
 3066
 3030
 2994
 2954
 2918
 2882
 2844
 2808
 2774
 2744
 2708
 2676
 2650
 2626
 2604
 2586
 2578
 2574
 2576
 2584
 2596
 2614
 2634
 2656
 2680
 2702
 2728
 2754
 2778
 2806
 2832
 2862
 2892
 2914
 2936
 2956
 2972
 2984
 2996
 3012
 3026
 3044
 3056
 3068
 3084
 3096
 3106
 3116
 3124
 3132
 3140
 3146
 3152
 3158
 3162
 3162
 3156
 3152
 3148
 3144
 3136
 3126
 3116
 3102
 3090
 3076
 3060
 3040
 3014
 2982
 2942
 2896
 2852
 2806
 2760
 2716
 2674
 2640
 2606
 2564
 2526
 2486
 2444
 2402
 2370
 2344
 2326
 2316
 2312
 2316
 2328
 2344
 2366
 2390
 2418
 2446
 2478
 2512
 2550
 2590
 2628
 2660
 2694
 2728
 2762
 2790
 2820
 2850
 2880
 2908
 2932
 2952
 2970
 2988
 3006
