13
93
173
245
292
354
483
526
581
614
654
698
736
770
830
908
972
998
1075
1106
1154
1194
1227
1264
1316
1340
1374
1420
1448
1503
1540
1606
1629
1709
1728
1804
1821
1882
1905
1962
1979
1998
2041
2052
2082
2152
2175
2256
2359
2462
2539
2662
2759
2849
2934
2990
3038
3107
3205
3306
3408
3503
3602
3693
3779
3863
3953
4050
4126
4236
4336
4432
4483
4525
4622
4715
4813
4909
4965
5009
5103
5167
5250
5299
5376
5473
5574
5670
5760
5857
5952
6051
6149
6237
6310
6357
6435
6532
6623
6712
6819
6899
6937
7007
7107
7205
7303
7401
7465
7519
7596
7658
7778
7883
7981
8072
8174
8267
8368
8466
8547
8653
8743
8849
8892
8948
9007
9128
9224
9304
9421
9478
9538
9619
9714
9767
9811
9873
9969
10010
10055
10106
10179
10219
10248
10287
10348
10376
10489
10587
10652
10743
10784
10838
10904
10952
11023
11094
11163
11257
11356
11446
11548
11643
11694
11737
11827
11924
12018
12115
12193
12273
12318
12395
12454
12584
12680
12757
12846
12912
13016
13104
13196
13289
13385
13483
13575
13662
13760
13849
13912
14030
14124
14222
14311
14411
14508
14605
14700
14797
14894
14995
15090
15185
15284
15379
15471
15565
15659
15757
15851
15944
16033
16102
16172
16229
16306
16398
16496
16554
16682
16779
16879
16960
17060
17156
17254
17341
17435
17527
17623
17718
17783
17835
17877
18005
18084
18197
18289
18393
18491
18558
18667
18777
18868
18951
19049
19114
19162
19230
19283
19335
19441
19511
19590
19624
19695
19797
19872
19968
20063
20127
20266
20361
20461
20562
20663
20756
20853
20952
21050
21145
21238
21335
21435
21529
21622
21718
21814
21910
22008
22101
22199
22299
22391
22479
22571
22666
22765
22860
22952
23051
23147
23251
23346
23440
23536
23635
23731
23824
23919
24013
24113
24210
24307
24406
24511
24610
24704
24804
24905
25004
25100
25196
25248
25295
25394
25462
25585
25685
25779
25834
25875
25968
26058
26155
26254
26336
26442
26534
26628
26727
26826
26922
27017
27108
27199
27299
27397
27491
27590
27690
27784
27882
27977
28032
28077
28167
28261
28329
28456
28528
28648
28715
28841
28941
29028
29131
29208
29289
29345
29416
29512
29606
29703
29794
29886
29982
30078
30172
30248
30366
30443
30563
30634
30759
30824
30911
31023
31144
31248
31342
31440
31538
31636
31731
31826
31925
32026
32088
32141
32216
32316
32411
32474
32574
32697
32795
32899
32995
33057
33145
33259
33354
33435
33566
33661
33761
33860
33956
34041
34134
34228
34324
34426
34520
34613
34708
34805
34901
34997
35093
35184
35277
35374
35473
35570
