72
172
270
361
456
557
656
758
856
957
1057
1165
1263
1359
1465
1567
1661
1755
1853
1957
2063
2159
2262
2366
2465
2567
2659
2756
2856
2958
3061
3162
3255
3340
3453
3554
3651
3740
3833
3934
4032
4128
4224
4303
4417
4516
4608
4707
4803
4903
4995
5040
5089
5134
5179
5256
5318
5365
5455
5525
5599
5644
5712
5753
5829
5871
5929
6011
6099
6203
6296
6384
6477
6553
6668
6755
6847
6948
7005
7127
7181
7317
7412
7481
7557
7658
7757
7870
7964
8022
8115
8237
8329
8391
8448
8521
8586
8634
8703
8792
8829
8859
8903
8950
9038
9129
9213
9305
9396
9460
9575
9662
9753
9844
9894
10017
10082
10186
10276
10352
10431
10518
10594
10668
10708
10772
10860
10943
11000
11040
11118
11202
11280
11333
11436
11513
11611
11652
11704
11786
11872
11913
11964
12041
12085
12146
12216
12247
12302
12345
12402
12437
12524
12584
12615
12679
12755
12794
12859
12908
12948
12991
13066
13095
13127
13186
13219
13243
13287
13325
13405
13434
13459
13503
13562
13587
13612
13679
13728
13766
13861
13953
14027
14116
14204
14270
14383
14467
14522
14563
14614
14657
14746
14838
14925
15017
15099
15189
15283
15372
15440
15544
15602
15727
15816
15875
15932
16002
16055
16177
16269
16328
16382
16452
16542
16636
16732
16794
16853
16918
16995
17106
17193
17290
17338
17379
17423
17475
17571
17627
17665
17750
17806
17849
17932
17996
18056
18092
18133
18196
18294
18349
18384
18416
18476
18510
18563
18653
18708
18741
18829
18918
18979
19059
19139
19176
19273
19355
19400
19442
19511
19610
19650
19694
19787
19826
19875
19930
20010
20096
20135
20187
20225
20290
20330
20357
20386
20426
20456
20479
20532
20565
20642
20722
20817
20897
20943
20986
21070
21131
21184
21221
21255
21302
21338
21373
21428
21481
21520
21561
21601
21650
21681
21737
21763
21852
21938
21982
22021
22060
22114
22154
22203
22252
22288
22362
22439
22524
22563
22597
22633
22688
22773
22839
22875
22916
22999
23061
23100
23163
23221
23254
23359
23429
23539
23628
23681
23757
23800
23874
23958
24038
24154
24209
24324
24376
24515
24572
24653
24700
24796
24886
24985
25085
25173
25268
25362
25457
25547
25634
25720
25821
25917
26010
26094
26180
26239
26370
