67
259
391
460
523
587
652
720
779
866
966
1060
1139
1207
1268
1347
1435
1492
1580
1692
1778
1849
1920
1992
2032
2080
2147
2230
2309
2345
2428
2547
2636
2728
2822
2916
3013
3107
3152
3205
3298
3366
3407
3463
3558
3657
3710
3756
3859
3956
4053
4152
4250
4347
4448
4542
4639
4735
4836
4938
5043
5135
5235
5336
5439
5534
5626
5722
5815
5862
5917
5981
6069
6167
6261
6363
6461
6529
6651
6693
6747
6843
6938
7028
7122
7219
7301
7410
7469
7509
7608
7701
7790
7879
7961
8041
8118
8205
8298
8393
8482
8573
8666
8754
8839
8924
8999
9084
9175
9262
9345
9440
9535
9635
9714
9811
9904
10000
10090
10183
10279
10379
10477
10574
10674
10753
10873
10965
11055
11161
11260
11353
11450
11551
11650
11742
11835
11932
12032
12136
12229
12322
12420
12520
12625
12727
12823
12918
13017
13114
13218
13294
13414
13516
13618
13716
13814
13914
14016
14108
14198
14292
14398
14468
14516
14679
14772
14841
14899
15000
15074
15117
15198
15294
15354
15393
15491
15590
15699
15740
15789
15835
15886
15933
15985
16095
16158
16207
16275
16385
16477
16531
16583
16680
16762
16878
16977
17076
17171
17267
17346
17467
17564
17629
17756
17859
17956
18052
18107
18242
18301
18371
18489
18588
18663
18745
18796
18889
18947
19030
19071
19117
19154
19204
19242
19367
19429
19483
19515
19545
19571
19612
19640
19733
19828
19922
20016
20107
20200
20296
20395
20488
20581
20678
20780
20879
20976
21072
21131
21271
21365
21457
21552
21651
21749
21819
21942
22047
22147
22210
22260
22339
22436
22536
22636
22729
22822
22922
23022
23127
23225
23322
23420
23521
23622
23714
23814
23919
24019
24118
24217
24319
24418
24519
24616
24713
24813
24915
25008
25104
25213
25313
25410
25506
25603
25703
25802
25901
25972
26083
26182
26225
26280
26382
26434
26480
26529
26577
26680
26735
26783
26891
26935
27078
27163
27269
27326
27415
27551
27644
27764
27828
27958
28022
28088
28212
28303
28438
28508
28626
28680
28786
28879
28936
28992
29108
29209
29305
29401
29496
29595
29690
29781
29876
29977
30076
30177
30274
30341
30380
30461
30557
30654
30752
30849
30938
31028
31123
31169
31219
31321
31380
31424
31508
31583
31617
31714
31777
31816
31854
31889
31935
31975
32012
32101
32130
32162
32205
32249
32295
32325
32349
32369
32395
32414
32438
32495
32518
32551
32565
32576
32653
32664
32694
32730
32795
32856
32891
32920
32958
32998
33078
33105
33161
33188
33214
33254
33286
33322
33370
33427
33468
33525
33557
33615
33654
33708
33749
33779
33802
33830
33852
33872
33899
33939
33962
33978
33996
34017
34028
34048
34072
34084
34098
34109
34137
34203
34253
34313
34348
34395
34425
34494
34538
34577
34603
34658
34699
34747
34782
34855
34917
34963
34993
35025
35053
35084
35119
35144
35163
35210
35228
35250
35286
35296
35308
35327
35345
35358
35373
35381
35397
35431
35440
35457
35468
35477
35521
35532
35547
35554
35562
35588
35596
