46
97
193
254
343
434
517
598
682
764
845
935
1026
1109
1187
1268
1354
1452
1550
1651
1748
1834
1926
2022
2117
2213
2309
2395
2478
2565
2661
2761
2859
2957
3054
3153
3220
3263
3345
3431
3494
3604
3701
3787
3870
3939
3978
4052
4100
4147
4241
4284
4319
4399
4484
4573
4629
4666
4731
4808
4844
4896
4932
5012
5050
5088
5124
5210
5291
5326
5386
5468
5503
5598
5657
5702
5804
5856
5891
5949
6000
6066
6104
6196
6224
6300
6378
6425
6501
6594
6696
6749
6787
6829
6882
6992
7036
7086
7187
7280
7386
7438
7481
7523
7569
7650
7751
7823
7871
7956
8021
8056
8093
8128
8162
8240
8293
8339
8372
8400
8433
8466
8486
8520
8537
8564
8583
8606
8621
8706
8721
8788
8809
8819
8893
8913
8923
8944
8977
9013
9025
9077
9100
9114
9147
9177
9196
9214
9245
9267
9306
9316
9333
9341
9352
9371
9390
9398
9405
9410
9435
9466
9509
9517
9536
9593
9613
9638
9693
9737
9762
9785
9824
9872
9893
9963
10006
10028
10105
10177
10224
10275
10321
10404
10464
10503
10535
10566
10595
10691
10742
10790
10870
10982
11061
11174
11262
11360
11442
11525
11613
11705
11795
11886
11978
12078
12179
12277
12361
12427
12539
12631
12730
12827
12913
13006
13052
13106
13153
13205
13308
13399
13493
13596
13695
13777
13887
13981
14082
14153
14234
14277
14341
14472
14569
14666
14762
14861
14959
15025
15119
15220
15335
15434
15524
15625
15725
15832
15910
16022
16089
16146
16220
16283
16343
16417
16508
16586
16678
16732
16770
16815
16909
16983
17071
17111
17213
17291
17333
17403
17456
17505
17606
17708
17772
17896
18005
18100
18204
18300
18397
18500
18598
18691
18781
18874
18974
19070
19173
19268
19364
19466
19568
19671
19768
19870
19960
20056
20131
20248
20346
20437
20538
20638
20741
20836
20937
21034
21137
21206
21336
21433
21524
21630
21727
21799
21936
22003
22133
22232
22334
22434
22512
22572
22686
22780
22880
22983
23085
23185
23283
23377
23469
23564
23663
23762
23861
23963
24062
24159
24257
24356
24456
24552
24650
24745
24843
24941
25044
25102
25235
25335
25437
25533
25627
25725
25815
25918
26008
26105
26203
26300
26397
26493
26584
26675
26769
26872
26972
27041
27173
27274
27364
27556
27623
27750
27848
27945
28044
28136
28233
28331
28424
28517
28615
28708
28756
28803
28904
28983
29099
29193
29288
29379
29423
29464
29561
29662
29757
29803
29842
29892
29936
29985
30029
30119
30211
30303
30398
30497
30587
30677
30767
30865
30913
30961
31053
31102
31140
31207
31295
31416
31509
31598
31691
31789
31878
31941
32062
32115
32156
32248
32314
32469
32553
32605
32693
32757
32857
32966
33023
33143
33230
33329
33424
33515
33602
33692
33783
33858
33970
34064
34131
34240
34335
34429
34523
34613
34699
34794
34889
34985
35081
35173
35266
35364
35463
35558
