71
97
143
173
249
366
459
515
627
701
780
867
956
1047
1143
1212
1338
1432
1530
1625
1711
1797
1850
1967
2065
2165
2266
2367
2461
2558
2651
2734
2819
2906
2995
3092
3203
3300
3371
3492
3586
3673
3735
3845
3934
4033
4135
4231
4330
4425
4513
4602
4689
4788
4883
4975
5068
5161
5255
5350
5443
5537
5600
5705
5785
5879
5959
6051
6163
6255
6353
6437
6523
6615
6706
6802
6878
6981
7077
7173
7262
7349
7451
7538
7620
7713
7804
7905
7992
8052
8095
8164
8255
8346
8437
8500
8603
8658
8754
8800
8853
8950
8988
9035
9128
9171
9235
9291
9318
9394
9425
9477
9515
9543
9580
9675
9750
9795
9855
9929
9969
10042
10122
10197
10265
10300
10374
10427
10464
10504
10632
10666
10733
10815
10860
10896
11030
11073
11122
11178
11213
11275
11325
11356
11387
11412
11480
11544
11580
11616
11648
11733
11823
11906
12000
12086
12167
12249
12343
12433
12531
12624
12686
12808
12892
12974
13068
13128
13256
13342
13440
13531
13625
13720
13812
13904
13995
14068
14152
14194
14237
14286
14332
14435
14530
14635
14720
14816
14909
14997
15091
15178
15236
15322
15424
15481
15568
15699
15794
15895
15989
16076
16159
16248
16348
16402
16445
16536
16629
16720
16812
16892
17005
17080
17192
17288
17382
17477
17568
17626
17676
17752
17838
17929
18023
18119
18181
18304
18398
18491
18566
18640
18679
18774
18867
18957
19057
19145
19233
19311
19432
19498
19536
19621
19703
19772
19887
19984
20082
20180
20280
20374
20465
20563
20638
20680
20756
20828
20870
20919
21036
21132
21191
21245
21290
21377
21426
21508
21581
21648
21691
21759
21801
21879
21964
21997
22047
22085
22141
22181
22223
22268
22345
22371
22429
22456
22489
22525
22549
22576
22607
22624
22715
22742
22768
22808
22829
22869
22904
22926
22950
22984
23008
23021
23071
23096
23149
23174
23244
23268
23339
23446
23535
23573
23636
23731
23836
23919
23998
24091
24133
24206
24269
24323
24367
24411
24447
24481
24510
24573
24600
24626
24676
24770
24869
24949
25033
25074
25150
25220
25308
25367
25437
25503
25534
25581
25632
25681
25716
25747
25786
25811
25855
25884
25909
25931
25966
26001
26056
26077
26091
26171
26196
26229
26273
26353
26393
26436
26481
26528
26555
26602
26628
26665
26694
26720
26750
26863
26902
26930
26957
27034
27070
27118
27177
27213
27635
27724
27819
27894
27971
28025
28124
28199
28263
28307
28362
28397
28460
28492
28586
28614
28684
28780
28826
28863
28899
28946
28999
29062
29157
29221
29255
29305
29351
29424
29498
29594
29721
29812
29911
29982
30067
30120
30194
30263
30308
30357
30407
30438
30481
30504
30548
30571
30652
30679
30735
30765
30817
30914
30999
31081
31170
31254
31333
31434
31512
31608
31679
31790
31886
31978
32072
32166
32257
32348
32432
32525
32617
32666
32768
32810
32899
32998
33095
33186
33243
33368
33463
33558
33630
33738
33832
33935
34030
34119
34202
34293
34349
34406
34484
34579
34639
34687
34754
34852
34950
35049
35145
35237
35325
35423
35524
