4
19
36
44
56
71
81
88
103
119
125
132
147
157
164
180
194
204
211
233
247
264
272
289
297
303
314
322
333
348
363
369
386
393
409
417
433
446
453
463
483
489
497
508
516
523
539
554
560
575
583
593
600
612
622
629
636
643
647
661
670
679
688
699
712
726
740
755
770
779
785
797
805
815
826
831
836
845
862
873
883
892
900
907
914
927
932
949
961
982
992
1001
1016
1027
1038
1050
1055
1065
1079
1097
1102
1109
1123
1132
1144
1153
1170
1177
1182
1189
1198
1214
1222
1235
1244
1259
1270
1283
1308
1326
1335
1353
1373
1385
1403
1417
1425
1440
1447
1453
1460
1470
1484
1493
1507
1527
1533
1543
1549
1573
1582
1595
1610
1618
1624
1633
1642
1648
1656
1671
1697
1706
1716
1724
1732
1738
1747
1757
1775
1786
1792
1797
1805
1814
1821
1827
1840
1849
1864
1873
1886
1900
1906
1920
1928
1938
1944
1956
1972
1981
1997
2009
2018
2027
2035
2044
2051
2056
2081
2094
2100
2113
2124
2131
2140
2155
2160
2177
2187
2203
2215
2227
2234
2242
2253
2263
2275
2284
2292
2297
2306
2312
2321
2337
2346
2358
2375
2382
2390
2397
2413
2422
2439
2456
2476
2489
2500
2509
2518
2533
2544
2554
2565
2585
2597
2603
2616
2631
2639
2646
2654
2665
2675
2680
2696
2702
2711
2720
2725
2737
2749
2764
2772
2782
2791
2798
2814
2820
2835
2842
2853
2861
2867
2874
2882
2894
2909
2918
2923
2940
2946
2953
2959
2969
2974
2981
3002
3016
3024
3039
3049
3055
3062
3076
3091
3098
3106
3114
3129
3136
3145
3154
3164
3176
3181
3197
3204
3217
3224
3235
3240
3249
3259
3270
3275
3293
3301
3309
3314
3330
3336
3350
3356
3370
3388
3394
3402
3413
3419
3431
3447
3455
3460
3477
3484
3491
3504
3513
3527
3536
3544
3559
3565
3585
3594
3603
3620
3630
3638
3649
3655
3664
3675
3679
3687
3695
3705
3712
3731
3746
3761
3769
3778
3784
3793
3800
3815
3834
3842
3857
3870
3893
3905
3920
3927
3943
3951
3964
3975
3982
4003
4013
4027
4037
4044
4060
4075
4084
4100
4107
4113
4120
4137
4145
4152
4162
4167
4177
4185
4191
4200
4214
4224
4234
4239
4246
4252
4257
4262
4269
4280
4290
4298
4305
4315
4320
4339
4354
4360
4370
4376
4384
4395
4413
4421
4432
4438
4444
4458
4467
4472
4479
4489
4496
4513
4520
4526
4534
4543
4548
4555
4569
4579
4593
4603
4610
4622
4642
4653
4658
4676
4695
4713
4730
4740
4746
4756
4770
4777
4784
4799
4810
4815
4823
4828
4834
4847
4852
4867
4882
4890
4902
4911
4919
4931
4946
4953
4961
4969
4979
4993
5000
5006
5014
5021
5040
5047
5056
5071
5085
5096
5115
5126
5134
5143
5152
5166
5174
5183
5200
5206
5221
5230
5246
5255
5263
5278
5285
5296
5308
5316
5324
5333
5339
5351
5360
5370
5376
5386
5396
5401
5411
5420
5437
5446
5455
5468
5481
5491
5497
5516
5524
5530
5535
5544
5551
5560
5576
5590
5598
5606
5619
5624
5634
5640
5647
5652
5657
5663
5668
5688
5699
5708
5714
5724
5743
5761
5776
5782
5792
5801
5819
5828
5835
5844
5858
5868
5876
5889
5898
5908
5918
5928
5934
5943
5951
5956
5973
5979
5990
6000
6012
6031
6049
6057
6067
6072
6080
6089
6102
6118
6127
6134
6149
6157
6168
6183
6192
6202
6210
6216
6234
6247
6257
6269
6285
6296
6311
6319
6329
6343
6355
6363
6371
6377
6390
6406
6418
6424
6432
6440
6451
6458
6464
6470
6481
6495
6503
6522
6534
6540
6549
6567
6576
6591
6597
6607
6621
6632
6638
6644
6658
6664
6672
6687
6693
6698
6710
6716
6728
6736
6744
6754
6767
6775
6780
6786
6806
6819
6826
6834
6844
6853
6860
6870
6877
6883
6901
6908
6927
6934
6943
6949
6960
6970
6986
7007
7020
7036
7044
7056
7072
7089
7096
7104
7125
7134
7149
7157
7174
7182
7193
7209
7218
7227
7242
7252
7266
7281
7289
7307
7314
7323
7334
7341
7353
7365
7371
7391
7398
7405
7413
7426
7437
7455
7461
7471
7479
7486
7500
7506
7518
7529
7534
7542
7550
7558
7576
7588
7594
7603
7608
7616
7623
7634
7643
7660
7670
7675
7682
7691
7699
7708
7720
7728
7754
7762
7768
7781
7786
7795
7804
7815
7819
7838
7848
7853
7858
7864
7875
7882
7888
7892
7905
7914
7926
7935
7940
7949
7959
7968
7976
7992
8008
8019
8025
8033
8039
8046
8057
8062
8077
8088
8096
8109
8116
8123
8132
8137
8146
8152
8170
8178
8195
8215
8223
8230
8240
8249
8257
8272
8283
8290
8303
8330
8339
8345
8364
8371
8383
8391
8398
8409
8424
8430
8443
8450
8458
8465
8472
8482
8490
8509
8517
8529
8541
8553
8561
8568
8578
8590
8598
8608
8613
8618
8636
8648
8659
8670
8675
8691
8700
8718
8726
8738
8744
8750
8761
8769
8776
8790
8797
8805
8816
8824
8831
8839
8846
8855
8869
8879
8896
8907
8918
8928
8933
8943
8952
8959
8975
8986
9003
9018
9024
9033
9039
9049
9063
9072
9079
9087
9103
9112
9131
9141
9149
9160
9172
9194
9204
9219
9235
9242
9251
9257
9266
9277
9285
9302
9309
9321
9326
9334
9347
9357
9364
9373
9379
9384
9394
9406
9418
9434
9442
9453
9460
9465
9471
9481
9487
9495
9504
9512
9527
9535
9546
9554
9561
9567
9573
9581
9589
9602
9614
9624
9631
9637
9645
9650
9666
9672
9679
9686
9696
9709
9721
9729
9735
9744
9750
9760
9770
9776
9791
9805
9812
9821
9831
9844
9855
9862
9873
9880
9897
9904
9917
9932
9939
9948
9957
9971
9980
9988
10006
10017
10028
10037
10047
10056
10077
10083
10097
10104
10114
10123
10137
10149
10157
10166
10173
10189
10199
10209
10215
10225
10238
10249
10268
10274
10282
10296
10304
10311
10319
10326
10332
10349
10358
10372
10385
10396
10419
10427
10436
10444
10458
10470
10476
10481
10490
10503
10518
10534
10541
10547
10555
10567
10575
10583
10591
10596
10612
10621
10626
10631
10644
10660
10668
10680
10691
10704
10712
10721
10728
10742
10746
10753
10764
10769
10783
10788
10793
10799
10809
10819
10826
10832
10843
10851
10859
10867
10872
10882
10896
10901
10906
10919
10934
10940
10950
10962
10971
10977
10984
10990
11002
11009
11022
11029
11036
11045
11052
11062
11071
11083
11102
11120
11135
11152
11163
11178
11186
11200
11210
11216
11222
11229
11239
11252
11265
11272
11286
11298
11304
11312
11320
11336
11354
11361
11372
11387
11393
11408
11419
11427
11440
11446
11453
11466
11471
11484
11490
11500
11517
11523
11533
11538
11564
11576
11594
11603
11617
11625
11642
11652
11659
11670
11689
11699
11709
11726
11743
11751
11762
11770
11785
11790
11796
11813
11820
11835
11854
11863
11870
11894
11902
11910
11920
11941
11951
11966
11976
11989
11999
12010
12020
12027
12034
12041
12051
12066
12079
12093
12101
12113
12119
12125
12133
12138
12146
12157
12176
12196
12209
12218
12225
12236
12245
12258
12266
12275
12280
12297
12314
12332
12349
12357
12368
12379
12391
12406
12416
12423
12429
12438
12445
12451
12465
12472
12487
12498
12515
12528
12536
12549
12556
12567
12577
12585
12591
12598
12617
12635
12642
12659
12675
12687
12698
12709
12724
12734
12744
12750
12765
12774
12783
12788
12798
12804
12809
12813
12818
12829
12837
12842
12846
12857
12863
12868
12878
12896
12903
12909
12918
12933
12939
12947
12960
12967
12981
12995
13004
13019
13042
13051
13057
13068
13081
13087
13097
13106
13117
13132
13139
13145
13157
13173
13179
13188
13195
13205
13219
13228
13242
13249
13255
13266
13276
13283
13296
13309
13321
13329
13337
13348
13357
13363
13372
13379
13387
13405
13420
13435
13447
13452
13458
13465
13476
13483
13489
13507
13517
13529
13538
13542
13548
13561
13570
13586
13594
13601
13614
13620
13627
13635
13641
13647
13660
13670
13676
13688
13703
13711
13719
13729
13738
13743
13753
13758
13765
13777
13792
13811
13827
13833
13849
13865
13873
13881
13897
13909
13916
13931
13939
13948
13959
13965
13976
13984
13991
13998
14005
14014
14021
14033
14047
14058
14065
14074
14083
14089
14103
14111
14122
14133
14141
14151
14162
14175
14181
14194
14212
14218
14223
14230
14241
14250
14257
14272
14281
14302
14314
14324
14330
14340
14346
14358
14363
14372
14379
14397
14406
14414
14427
14439
14447
14454
14463
14471
14481
14487
14494
14505
14516
14530
14552
14558
14576
14583
14589
14602
14612
14629
14641
14650
14660
14671
14684
14690
14703
14709
14718
14730
14737
14747
14763
14772
14789
14797
14806
14813
14826
14834
14849
14858
14866
14879
14895
14903
14909
14917
14924
14941
14953
14961
14970
14985
14996
15002
15010
15021
15030
15038
15043
15051
15074
15089
15096
15103
15113
15128
15139
15152
15164
15181
15190
15215
15221
15234
15241
15248
15256
15272
15281
15288
15302
15307
15321
15330
15342
15351
15356
15362
15379
15385
15393
15400
15409
15425
15436
15446
15454
15469
15480
15487
15499
15504
15523
15529
15537
15548
15566
15577
15584
15592
15600
15614
15621
15626
15642
15653
15666
15675
15690
15701
15709
15719
15731
15741
15748
15763
15770
15788
15795
15801
15809
15832
15847
15856
15866
15875
15886
15905
15912
15919
15935
15946
15959
15967
15980
15987
15993
16003
16017
16023
16028
16034
16047
16054
16062
16069
16082
16093
16104
16111
16131
16142
16149
16157
16173
16182
16189
16196
16203
16210
16221
16227
16237
16250
16258
16275
16281
16288
16304
16310
16327
16352
16367
16375
16386
16400
16411
16429
16443
16463
16475
16482
16491
16506
16516
16528
16538
16550
16556
16563
16569
16588
16596
16603
16612
16626
16642
16650
16658
16667
16674
16683
16690
16704
16717
16724
16735
16742
16751
16757
16762
16768
16783
16796
16802
16816
16826
16835
16841
16856
16865
16877
16894
16901
16909
16918
16929
16936
16942
16957
16964
16979
16985
16996
17003
17023
17036
17047
17062
17068
17088
17096
17108
17116
17123
17131
17139
17160
17175
17184
17198
17206
17217
17224
17232
17240
17250
17255
17262
17273
17278
17288
17292
17300
17311
17319
17324
17330
17340
17349
17355
17364
17376
17396
17402
17409
17414
17420
17428
17435
17446
17453
17473
17485
17493
17504
17521
17531
17538
17545
17553
17559
17573
17580
17591
17599
17616
17632
17644
17650
17663
17681
17695
17711
17720
17734
17744
17751
17758
17773
17779
17787
17796
17803
17819
17839
17852
17862
17871
17880
17890
17897
17906
17914
17930
17945
17959
17977
17984
17990
18006
18015
18032
18045
18061
18069
18087
18099
18115
18122
18129
18139
18147
18157
18169
18175
18192
18204
18212
18219
18235
18252
18260
18268
18277
18285
18304
18313
18322
18330
18343
18354
18360
18370
18383
18400
18406
18412
18420
18436
18451
18460
18466
18481
18492
18498
18513
18528
18537
18547
18555
18563
18569
18575
18584
18598
18604
18612
18626
18635
18653
18666
18673
18683
18689
18707
18714
18727
18737
18756
18775
18784
18799
18806
18819
18830
18840
18852
18868
18880
18885
18902
18921
18928
18947
18962
18969
18976
18985
18993
19004
19016
19025
19029
19048
19061
19078
19087
19098
19107
19114
19123
19131
19139
19150
19165
19170
19178
19191
19198
19208
19215
19230
19236
19243
19258
19266
19276
19283
19298
19308
19315
19321
19328
19344
19351
19360
19382
19390
19402
19415
19425
19434
19442
19450
19468
19474
19485
19493
19501
19512
19517
19524
19531
19538
19547
19573
19579
19587
19604
19618
19637
19652
19665
19682
19698
19710
19720
19728
19755
19774
19783
19790
19799
19811
19819
19828
19841
19847
19855
19878
19886
19892
19902
19910
19921
19930
19935
19952
19957
19968
19973
19979
19986
19993
20007
20019
20029
20034
20043
20051
20062
20068
20084
20097
20106
20114
20127
20134
20139
20148
20158
20170
20177
20186
20192
20204
20210
20225
20233
20240
20249
20255
20267
20273
20283
20290
20302
20309
20316
20329
20338
20344
20360
20368
20377
20386
20395
20410
20422
20428
20437
20446
20465
20476
20488
20498
20503
20516
20525
20535
20545
20552
20559
20564
20574
20583
20596
20602
20611
20619
20625
20630
20635
20652
20658
20674
20684
20698
20707
20717
20726
20735
20744
20753
20760
20765
20781
20796
20810
20818
20830
20842
20847
20854
20872
20885
20891
20904
20914
20925
20930
20940
20945
20960
20975
20986
20991
20997
21005
21019
21038
21049
21055
21064
21070
21078
21086
21092
21105
21117
21132
21140
21150
21157
21167
21182
21194
21200
21208
21214
21222
21229
21236
21246
21266
21279
21297
21305
21323
21329
21339
21345
21357
21367
21381
21403
21417
21430
21436
21448
21460
21474
21484
21499
21506
21522
21530
21540
21547
21555
21568
21573
21579
21589
21594
21603
21619
21633
21650
21658
21670
21678
21687
21694
21707
21715
21725
21736
21749
21768
21776
21788
21800
21806
21815
21820
21830
21835
21849
21867
21878
21889
21901
21907
21913
21935
21946
21960
21965
21979
21991
21998
22004
22023
22033
22048
22063
22078
22084
22095
22104
22114
22121
22129
22138
22144
22152
22158
22172
22182
22190
22196
22205
22211
22222
22231
22241
22248
22256
22261
22269
22277
22285
22296
22301
22315
22321
22327
22334
22348
22353
22359
22369
22377
22390
22398
22406
22416
22427
22441
22455
22461
22472
22491
22498
22508
22518
22523
22529
22537
22557
22570
22584
22590
22598
22606
22618
22625
22631
22637
22650
22667
22673
22693
22709
22716
22725
22737
22747
22753
22759
22773
22779
22786
22805
22812
22821
22834
22847
22852
22860
22869
22879
22885
22891
22901
22912
22928
22937
22944
22959
22976
22986
22992
23013
23022
23033
23044
23050
23058
23071
23084
23096
23100
23108
23128
23137
23148
23157
23166
23172
23182
23190
23196
23207
23216
23231
23242
23247
23258
23267
23275
23281
23297
23304
23309
23323
23341
23356
23370
23379
23392
23409
23416
23426
23432
23442
23452
23460
23465
23471
23480
23486
23492
23507
23513
23530
23538
23548
23556
23566
23577
23588
23593
23604
23616
23621
23627
23635
23645
23659
23670
23677
23682
23692
23700
23710
23719
23732
23739
23748
23752
23760
23776
23780
23792
23802
23812
23820
23825
23833
23842
23849
23864
23870
23882
23888
23899
23910
23916
23922
23934
23943
23950
23958
23963
23980
23993
24002
24022
24030
24036
24045
24058
24071
24077
24091
24105
24113
24122
24132
24139
24160
24172
24183
24199
24204
24214
24228
24236
24242
24249
24257
24264
24282
24288
24305
24317
24327
24334
24349
24355
24363
24369
24379
24390
24398
24403
24409
24416
24431
24437
24447
24452
24457
24463
24470
24480
24485
24500
24515
24522
24528
24549
24560
24566
24583
24594
24603
24613
24622
24628
24636
24644
24650
24655
24668
24680
24689
24705
24718
24725
24734
24751
24761
24771
24777
24786
24795
24801
24807
24814
24826
24841
24846
24854
24860
24874
24882
24893
24899
24915
24925
24936
24942
24952
24958
24966
24971
24980
24993
25005
25019
25029
25045
25055
25063
25080
25096
25103
25112
25118
25129
25134
25141
25146
25161
25176
25183
25188
25195
25209
25220
25232
25243
25258
25264
25275
25281
25294
25304
25313
25322
25331
25338
25344
25356
25364
25377
25388
25395
25404
25413
25419
25426
25433
25448
25456
25470
25486
25504
25510
25524
25531
25538
25546
25560
25567
25574
25591
25603
25608
25616
25623
25633
25640
25647
25653
25664
25679
25686
25693
25697
25706
25715
25720
25730
25736
25747
25752
25756
25764
25772
25784
25798
25818
25832
25840
25848
25862
25876
25888
25898
25908
25919
25935
25942
25947
25961
25976
25991
26002
26011
26017
26024
26032
26045
26060
26073
26081
26090
26104
26118
26128
26145
26158
26167
26175
26184
26195
26208
26223
26232
26239
26245
26251
26258
26264
26280
26294
26306
26315
26321
26328
26338
26359
26372
26382
26395
26413
26435
26445
26452
26468
26477
26487
26495
26507
26521
26538
26546
26560
26569
26576
26582
26592
26607
26614
26628
26637
26646
26663
26671
26679
26694
26700
26710
26718
26734
26742
26755
26760
26769
26776
26783
26794
26803
26811
26830
26837
26842
26850
26860
26871
26883
26900
26917
26922
26931
26940
26949
26965
26972
26984
26994
27006
27025
27047
27054
27069
27077
27090
27099
27107
27122
27132
27139
27157
27164
27179
27186
27193
27203
27221
27234
27240
27248
27259
27273
27281
27288
27300
27307
27315
27324
27338
27351
27358
27368
27377
27385
27391
27405
27419
27435
27443
27452
27460
27467
27474
27484
27492
27506
27528
27537
27548
27556
27575
27583
27590
27604
27615
27623
27632
27641
27647
27655
27664
27668
27682
27696
27704
27720
27726
27735
27747
27753
27764
27773
27778
27792
27802
27809
27814
27822
27831
27843
27858
27866
27887
27901
27910
27923
27934
27940
27949
27957
27964
27973
27981
27987
28000
28016
28023
28029
28047
28057
28068
28075
28087
28094
28110
28119
28128
28142
28153
28171
28193
28202
28218
28227
28234
28243
28250
28263
28276
28284
28294
28302
28316
28324
28330
28343
28350
28363
28380
28392
28399
28408
28415
28424
28438
28453
28465
28473
28486
28492
28502
28510
28518
28523
28531
28543
28554
28561
28571
28576
28584
28595
28604
28610
28616
28634
28642
28661
28674
28682
28691
28705
28711
28728
28736
28748
28755
28763
28776
28782
28790
28802
28811
28825
28832
28847
28864
28871
28881
28892
28911
28917
28926
28935
28943
28961
28974
28987
28997
29013
29026
29034
29050
29061
29069
29077
29084
29094
29102
29109
29122
29128
29140
29154
29160
29173
29183
29196
29202
29220
29237
29260
29268
29283
29298
29314
29324
29337
29343
29349
29360
29368
29386
29394
29408
29414
29429
29436
29448
29462
29472
29485
29491
29508
29525
29538
29546
29557
29578
29596
29603
29614
29628
29637
29657
29665
29675
29684
29691
29700
29713
29723
29729
29734
29739
29751
29765
29772
29779
29789
29797
29802
29808
29813
29832
29847
29857
29873
29889
29906
29916
29926
29934
29942
29952
29961
29974
29982
29990
29996
30001
30011
30022
30034
30051
30059
30066
30073
30084
30094
30110
30117
30127
30132
30143
30165
30180
30194
30206
30220
30228
30237
30246
30263
30268
30275
30291
30300
30307
30317
30323
30330
30342
30347
30356
30367
30373
30388
30402
30415
30423
30429
30441
30457
30463
30469
30477
30483
30497
30503
30521
30535
30543
30556
30563
30569
30587
30598
30604
30611
30622
30628
30633
30641
30646
30654
30667
30687
30696
30709
30720
30736
30758
30771
30780
30787
30793
30812
30818
30838
30845
30854
30872
30883
30895
30904
30914
30924
30931
30939
30946
30961
30973
30982
30989
30995
31008
31014
31023
31031
31038
31051
31060
31065
31074
31085
31091
31107
31113
31128
31137
31143
31158
31164
31174
31184
31197
31210
31220
31230
31242
31248
31256
31263
31273
31279
31286
31290
31299
31312
31322
31331
31337
31346
31362
31369
31377
31384
31390
31408
31423
31437
31450
31467
31475
31486
31495
31501
31507
31519
31525
31532
31542
31548
31563
31573
31585
31590
31600
31609
31616
31625
31631
31643
31660
31671
31681
31688
31698
31712
31725
31742
31752
31762
31767
31782
31790
31802
31810
31816
31828
31834
31847
31854
31859
31865
31883
31891
31897
31911
31935
31944
31954
31965
31978
31984
32004
32016
32026
32041
32046
32064
32073
32080
32089
32096
32105
32123
32133
32149
32160
32177
32182
32189
32200
32214
32220
32228
32233
32248
32260
32269
32286
32293
32299
32312
32321
32337
32348
32358
32368
32374
32387
32399
32407
32413
32419
32429
32438
32452
32460
32471
32476
32484
32500
32514
32523
32532
32540
32546
32554
32564
32571
32587
32603
32623
32630
32648
32662
32671
32679
32692
32702
32712
32719
32725
32737
32746
32755
32767
32775
32783
32794
32801
32809
32819
32830
32845
32854
32864
32874
32880
32887
32891
32908
32918
32924
32935
32941
32949
32955
32973
32981
32998
33012
33027
33036
33056
33062
33070
33083
33092
33098
33108
33117
33123
33144
33151
33166
33182
33190
33196
33206
33220
33227
33233
33243
33251
33258
33266
33275
33293
33313
33322
33329
33339
33355
33364
33371
33386
33394
33403
33412
33419
33429
33442
33451
33460
33472
33486
33494
33513
33521
33530
33537
33552
33563
33571
33582
33590
33597
33606
33613
33620
33626
33639
33657
33674
33684
33701
33725
33741
33761
33771
33780
33792
33805
33816
33825
33843
33862
33869
33877
33887
33908
33919
33930
33938
33947
33954
33961
33972
33978
33988
33995
34012
34026
34033
34042
34048
34056
34062
34081
34089
34102
34111
34118
34133
34142
34151
34166
34172
34187
34203
34212
34228
34241
34250
34269
34285
34296
34309
34316
34326
34336
34347
34353
34359
34375
34380
34389
34401
34407
34423
34434
34443
34459
34473
34483
34494
34509
34520
34529
34545
34564
34578
34586
34598
