16
28
34
54
66
83
100
109
116
130
139
150
162
170
179
194
202
212
218
224
231
236
251
261
266
285
296
304
313
320
332
348
356
365
373
387
398
409
416
424
443
451
459
465
473
483
496
504
510
523
533
550
559
567
576
582
594
605
612
624
632
646
660
669
675
680
687
698
707
721
729
736
742
747
752
762
774
792
807
815
822
834
845
853
859
869
881
886
896
903
908
924
931
939
946
960
969
987
995
1006
1011
1020
1027
1040
1048
1056
1065
1072
1086
1102
1118
1126
1140
1148
1158
1170
1178
1191
1200
1207
1214
1224
1230
1252
1263
1268
1284
1298
1308
1316
1333
1345
1352
1359
1375
1385
1395
1405
1421
1428
1440
1452
1460
1469
1477
1489
1500
1509
1515
1521
1527
1542
1561
1576
1587
1603
1616
1633
1644
1654
1673
1688
1695
1703
1711
1727
1742
1750
1762
1784
1794
1805
1816
1824
1832
1845
1855
1869
1879
1888
1896
1909
1915
1924
1931
1940
1955
1964
1973
1987
1997
2004
2015
2022
2032
2039
2046
2055
2068
2078
2088
2098
2103
2112
2126
2137
2153
2161
2167
2173
2185
2192
2198
2205
2215
2220
2225
2230
2236
2252
2258
2276
2284
2304
2318
2328
2338
2356
2365
2372
2382
2392
2406
2413
2421
2433
2439
2455
2463
2480
2493
2503
2510
2517
2528
2541
2553
2568
2574
2594
2601
2611
2625
2641
2648
2660
2682
2689
2695
2701
2709
2718
2731
2736
2750
2763
2770
2777
2783
2791
2801
2808
2815
2829
2842
2849
2855
2862
2873
2879
2886
2892
2898
2914
2920
2930
2935
2950
2963
2976
2993
3000
3008
3018
3028
3040
3051
3060
3066
3073
3080
3085
3098
3109
3114
3124
3131
3136
3151
3160
3168
3177
3190
3196
3207
3213
3221
3227
3237
3243
3249
3270
3279
3293
3302
3310
3316
3323
3331
3339
3351
3360
3372
3385
3400
3407
3415
3421
3427
3433
3447
3456
3474
3487
3496
3507
3513
3522
3535
3544
3554
3567
3580
3588
3608
3614
3625
3639
3656
3672
3681
3690
3710
3723
3732
3740
3747
3755
3763
3775
3792
3805
3815
3820
3834
3851
3868
3875
3890
3917
3929
3939
3948
3958
3967
3974
3984
4003
4009
4023
4028
4034
4040
4050
4060
4076
4084
4090
4104
4111
4122
4132
4137
4149
4159
4166
4176
4183
4188
4194
4200
4209
4223
4238
4244
4255
4276
4284
4295
4301
4308
4315
4322
4327
4336
4349
4355
4366
4381
4389
4396
4410
4423
4433
4441
4449
4456
4464
4488
4496
4502
4508
4521
4530
4540
4549
4561
4571
4586
4597
4618
4624
4633
4639
4646
4660
4672
4678
4687
4703
4718
4728
4735
4750
4762
4771
4780
4785
4792
4800
4818
4824
4831
4844
4864
4880
4889
4898
4909
4916
4925
4931
4943
4950
4960
4975
4980
4991
5001
5014
5019
5024
5038
5043
5048
5066
5073
5081
5096
5105
5127
5140
5149
5161
5177
5192
5207
5213
5220
5227
5238
5252
5266
5279
5293
5299
5306
5312
5322
5333
5340
5346
5352
5380
5388
5394
5406
5411
5417
5425
5435
5446
5456
5466
5470
5482
5497
5508
5513
5521
5527
5544
5552
5559
5570
5576
5585
5594
5611
5622
5629
5639
5652
5673
5681
5689
5698
5704
5710
5723
5736
5744
5752
5769
5775
5794
5802
5818
5829
5840
5847
5860
5865
5872
5878
5895
5904
5913
5919
5934
5944
5951
5963
5975
5980
5989
6011
6017
6038
6048
6055
6060
6074
6084
6089
6100
6116
6126
6135
6141
6148
6158
6167
6176
6190
6207
6216
6220
6227
6241
6250
6261
6270
6290
6298
6304
6317
6332
6340
6346
6354
6363
6371
6377
6387
6400
6410
6419
6424
6430
6439
6446
6457
6474
6489
6506
6513
6527
6535
6543
6551
6570
6581
6591
6599
6606
6616
6627
6633
6640
6652
6657
6663
6672
6682
6688
6707
6720
6731
6740
6750
6761
6765
6777
6784
6793
6800
6806
6811
6819
6832
6839
6849
6869
6883
6892
6903
6914
6922
6928
6936
6950
6956
6974
6983
6994
6999
7010
7017
7027
7035
7044
7050
7061
7067
7084
7091
7104
7124
7133
7140
7152
7160
7168
7178
7184
7203
7213
7224
7232
7241
7247
7258
7267
7283
7295
7310
7320
7332
7346
7354
7366
7374
7381
7386
7400
7406
7415
7420
7427
7443
7451
7472
7492
7500
7514
7521
7537
7545
7556
7570
7579
7594
7609
7615
7634
7641
7654
7665
7674
7684
7690
7700
7707
7721
7734
7746
7754
7764
7771
7782
7786
7795
7802
7815
7825
7837
7842
7855
7864
7878
7884
7898
7904
7924
7954
7960
7967
7976
7989
7999
8008
8018
8033
8041
8055
8066
8077
8086
8097
8103
8115
8134
8139
8146
8164
8180
8191
8198
8206
8216
8223
8230
8241
8259
8272
8281
8286
8291
8296
8310
8319
8334
8342
8360
8367
8375
8383
8395
8419
8429
8451
8465
8475
8488
8505
8512
8522
8537
8548
8555
8566
8578
8586
8597
8603
8616
8627
8636
8651
8656
8666
8679
8691
8703
8714
8721
8727
8741
8747
8758
8770
8777
8788
8797
8809
8816
8832
8842
8847
8857
8867
8876
8885
8900
8906
8921
8933
8939
8950
8958
8971
8981
8986
8996
9009
9019
9028
9046
9055
9065
9075
9083
9091
9095
9102
9118
9124
9132
9149
9165
9175
9183
9193
9201
9209
9219
9225
9230
9240
9246
9250
9267
9279
9284
9293
9306
9312
9322
9329
9335
9341
9354
9363
9377
9398
9404
9409
9416
9426
9439
9447
9453
9459
9475
9492
9508
9516
9523
9542
9550
9564
9578
9585
9603
9613
9627
9644
9650
9658
9665
9674
9686
9698
9705
9712
9722
9731
9744
9762
9768
9787
9803
9814
9831
9841
9859
9870
9876
9885
9891
9898
9904
9918
9926
9931
9948
9963
9977
9990
9998
10007
10018
10027
10039
10045
10051
10062
10075
10085
10094
10101
10107
10115
10122
10130
10144
10160
10168
10174
10182
10198
10213
10222
10230
10244
10253
10263
10282
10289
10303
10310
10316
10325
10334
10352
10362
10369
10379
10383
10391
10398
10403
10413
10424
10430
10437
10451
10458
10466
10475
10482
10493
10501
10507
10517
10524
10536
10540
10547
10557
10565
10570
10578
10599
10612
10625
10640
10652
10665
10671
10687
10701
10706
10712
10722
10733
10741
10749
10754
10761
10774
10791
10800
10814
10821
10827
10833
10839
10849
10867
10882
10891
10900
10907
10912
10923
10943
10956
10963
10972
10981
10988
11000
11007
11014
11026
11036
11041
11046
11059
11076
11084
11092
11100
11115
11125
11140
11148
11156
11163
11178
11186
11197
11203
11208
11223
11233
11240
11247
11259
11268
11278
11292
11310
11318
11326
11335
11349
11358
11369
11377
11385
11398
11405
11417
11430
11444
11454
11462
11482
11497
11506
11514
11531
11539
11550
11573
11591
11603
11614
11622
11631
11654
11668
11680
11690
11702
11708
11714
11720
11730
11737
11746
11751
11766
11778
11786
11793
11808
11826
11832
11843
11858
11873
11882
11891
11899
11906
11912
11921
11934
11940
11961
11967
11974
11991
11999
12010
12025
12033
12045
12052
12069
12079
12093
12110
12120
12129
12140
12151
12164
12176
12191
12201
12208
12222
12235
12245
12256
12271
12279
12284
12298
12305
12312
12319
12326
12337
12342
12347
12360
12371
12382
12397
12403
12410
12414
12422
12436
12446
12460
12469
12475
12487
12495
12501
12510
12523
12531
12539
12549
12554
12564
12570
12578
12583
12596
12602
12612
12618
12630
12635
12647
12653
12660
12667
12672
12679
12686
12706
12714
12727
12738
12749
12764
12770
12776
12782
12788
12797
12805
12816
12833
12854
12874
12892
12900
12914
12924
12932
12939
12948
12956
12965
12982
12989
13003
13014
13020
13029
13037
13052
13060
13067
13080
13094
13111
13121
13132
13140
13149
13155
13164
13170
13177
13192
13204
13209
13218
13227
13240
13253
13262
13272
13277
13289
13295
13304
13310
13333
13344
13358
13363
13371
13377
13383
13394
13399
13407
13415
13426
13433
13444
13454
13460
13467
13478
13488
13500
13513
13518
13527
13537
13544
13553
13566
13577
13587
13593
13603
13619
13632
13642
13648
13654
13664
13669
13674
13689
13699
13709
13714
13720
13728
13734
13742
13749
13767
13779
13798
13808
13820
13833
13839
13845
13851
13861
13867
13872
13881
13896
13908
13915
13923
13931
13937
13949
13961
13981
13999
14017
14031
14039
14047
14061
14068
14076
14085
14091
14105
14122
14128
14137
14158
14173
14184
14196
14208
14222
14228
14237
14244
14251
14265
14274
14281
14293
14303
14316
14321
14332
14345
14351
14361
14370
14378
14392
14399
14412
14422
14432
14439
14448
14453
14463
14470
14476
14488
14509
14523
14531
14544
14559
14576
14591
14598
14614
14621
14630
14637
14647
14655
14663
14670
14679
14690
14706
14713
14719
14735
14743
14755
14765
14774
14785
14797
14804
14818
14824
14832
14839
14844
14856
14865
14872
14880
14895
14905
14923
14930
14937
14953
14961
14979
14990
15006
15013
15038
15048
15061
15069
15080
15090
15101
15113
15122
15128
15133
15144
15159
15170
15180
15194
15200
15210
15224
15238
15254
15260
15268
15281
15292
15300
15310
15321
15329
15336
15347
15363
15370
15380
15385
15394
15399
15415
15424
15437
15453
15464
15470
15479
15486
15502
15510
15524
15538
15555
15564
15578
15590
15607
15615
15622
15629
15637
15657
15669
15675
15689
15696
15706
15713
15721
15733
15746
15754
15766
15780
15786
15804
15814
15827
15833
15845
15853
15865
15870
15885
15893
15905
15914
15920
15927
15934
15948
15964
15975
15984
15998
16014
16023
16030
16048
16060
16066
16075
16089
16104
16110
16123
16139
16146
16155
16165
16181
16187
16195
16206
16218
16234
16239
16249
16257
16266
16277
16283
16298
16310
16325
16333
16344
16355
16361
16372
16383
16390
16399
16410
16420
16427
16431
16443
16448
16454
16463
16469
16474
16488
16494
16510
16521
16526
16538
16548
16555
16563
16576
16593
16608
16614
16623
16630
16636
16646
16654
16661
16674
16689
16713
16720
16733
16748
16760
16766
16774
16789
16797
16805
16810
16818
16833
16847
16854
16861
16869
16876
16883
16896
16903
16912
16926
16940
16946
16953
16960
16966
16983
16990
17003
17013
17019
17026
17035
17044
17053
17069
17078
17090
17108
17122
17130
17137
17149
17155
17164
17180
17188
17195
17207
17214
17220
17238
17247
17252
17261
17268
17273
17290
17302
17309
17319
17326
17333
17339
17349
17361
17367
17379
17389
17410
17417
17438
17443
17462
17476
17480
17486
17496
17512
17519
17527
17535
17543
17563
17575
17584
17606
17615
17623
17638
17652
17668
17685
17696
17704
17712
17718
17730
17746
17768
17776
17789
17796
17805
17819
17832
17847
17861
17868
17881
17897
17909
17926
17934
17943
17954
17972
17981
17996
18007
18016
18022
18029
18047
18056
18064
18080
18094
18110
18125
18140
18150
18164
18177
18188
18206
18223
18244
18251
18262
18271
18285
18301
18317
18333
18348
18360
18373
18382
18390
18397
18415
18424
18440
18457
18467
18482
18491
18509
18529
18538
18556
18577
18592
18612
18622
18635
18643
18656
18669
18678
18687
18696
18703
18709
18724
18734
18745
18761
18769
18783
18791
18812
18821
18827
18834
18844
18849
18866
18875
18886
18897
18906
18913
18918
18923
18935
18943
18949
18968
18974
18994
19003
19013
19023
19041
19050
19058
19063
19079
19092
19101
19110
19116
19123
19143
19157
19173
19180
19187
19202
19211
19227
19236
19253
19267
19275
19293
19301
19311
19319
19330
19342
19349
19355
19361
19372
19378
19394
19413
19419
19437
19449
19457
19475
19487
19495
19503
19510
19522
19530
19541
19557
19567
19576
19583
19590
19601
19620
19625
19634
19640
19647
19655
19660
19668
19684
19707
19717
19726
19734
19743
19756
19763
19777
19796
19806
19815
19831
19850
19858
19871
19879
19887
19895
19909
19924
19936
19945
19960
19970
19986
19993
20001
20008
20018
20031
20038
20043
20053
20060
20067
20081
20089
20106
20120
20130
20144
20167
20178
20188
20207
20216
20234
20246
20254
20261
20269
20280
20293
20298
20306
20315
20321
20330
20342
20348
20364
20376
20384
20402
20410
20426
20437
20449
20457
20473
20489
20500
20509
20516
20531
20539
20553
20562
20572
20581
20599
20615
20627
20636
20651
20658
20670
20680
20689
20703
20710
20717
20731
20737
20752
20764
20777
20797
20805
20813
20827
20835
20844
20854
20861
20870
20887
20900
20906
20918
20931
20942
20947
20953
20963
20973
20983
20988
21004
21012
21019
21025
21032
21042
21048
21060
21067
21080
21099
21107
21117
21125
21133
21141
21153
21164
21172
21180
21185
21194
21204
21219
21228
21232
21238
21248
21256
21262
21271
21279
21292
21297
21314
21321
21329
21348
21359
21366
21374
21391
21398
21415
21424
21433
21445
21456
21462
21474
21482
21487
21493
21500
21507
21512
21529
21538
21552
21566
21585
21596
21605
21611
21620
21628
21633
21643
21660
21681
21701
21715
21725
21732
21741
21754
21772
21779
21786
21792
21809
21822
21841
21854
21860
21867
21881
21897
21906
21921
21930
21939
21953
21961
21969
21981
21988
22000
22006
22022
22030
22039
22048
22059
22065
22071
22085
22091
22097
22108
22122
22128
22135
22143
22152
22159
22164
22168
22190
22208
22219
22224
22232
22246
22254
22264
22274
22279
22293
22306
22327
22342
22349
22356
22366
22375
22384
22391
22404
22413
22417
22425
22430
22444
22451
22462
22468
22475
22481
22491
22497
22513
22522
22536
22541
22558
22567
22581
22591
22599
22611
22622
22629
22639
22644
22652
22662
22671
22681
22688
22696
22708
22716
22723
22731
22751
22757
22767
22783
22793
22800
22811
22821
22831
22840
22862
22870
22875
22885
22892
22913
22923
22934
22943
22949
22954
22966
22977
22982
23000
23008
23014
23023
23031
23038
23044
23057
23067
23080
23090
23098
23107
23115
23121
23134
23145
23153
23158
23164
23170
23182
23191
23198
23212
23229
23239
23245
23259
23267
23285
23293
23304
23311
23326
23333
23339
23346
23360
23366
23371
23380
23389
23403
23412
23419
23430
23436
23443
23448
23458
23466
23473
23480
23485
23499
23505
23512
23518
23529
23534
23542
23553
23560
23568
23577
23584
23592
23603
23608
23618
23639
23644
23651
23674
23690
23701
23712
23722
23735
23744
23753
23770
23781
23790
23796
23804
23811
23820
23829
23837
23858
23878
23892
23901
23916
23935
23960
23970
23988
23997
24007
24017
24031
24042
24054
24066
24080
24093
24105
24114
24121
24129
24137
24150
24160
24166
24172
24182
24189
24195
24205
24213
24218
24236
24241
24250
24264
24276
24288
24304
24320
24328
24335
24343
24352
24363
24372
24390
24401
24407
24414
24421
24433
24451
24459
24472
24484
24489
24497
24507
24513
24519
24530
24543
24549
24563
24577
24585
24591
24601
24620
24629
24640
24646
24663
24670
24679
24684
24695
24704
24710
24733
24738
24756
24768
24785
24792
24804
24812
24822
24832
24840
24848
24857
24872
24893
24903
24912
24920
24944
24959
24967
24979
24987
24994
25004
25011
25023
25031
25042
25053
25062
25077
25090
25106
25119
25126
25135
25142
25152
25171
25181
25194
25201
25214
25225
25230
25238
25243
25250
25260
25266
25273
25288
25307
25317
25326
25337
25343
25351
25368
25378
25385
25400
25409
25422
25429
25443
25458
25464
25476
25485
25495
25501
25507
25514
25527
25538
25555
25567
25573
25579
25588
25605
25611
25625
25634
25642
25649
25660
25665
25685
25699
25704
25720
25733
25750
25770
25783
25797
25809
25818
25827
25835
25846
25857
25871
25882
25891
25898
25909
25920
25925
25931
25941
25946
25953
25967
25982
25987
25994
26001
26017
26025
26033
26040
26066
26080
26096
26105
26117
26125
26132
26140
26151
26158
26164
26183
26191
26200
26213
26219
26233
26252
26261
26285
26299
26313
26320
26335
26341
26350
26356
26364
26375
26385
26393
26398
26409
26419
26430
26443
26452
26462
26467
26473
26480
26497
26506
26525
26534
26556
26567
26576
26587
26594
26603
26610
26617
26627
26639
26648
26654
26659
26665
26671
26686
26692
26711
26729
26736
26745
26756
26763
26770
26777
26794
26808
26814
26838
26853
26865
26875
26885
26902
26912
26918
26925
26941
26957
26963
26981
26994
27003
27013
27033
27040
27057
27070
27077
27088
27095
27101
27108
27114
27119
27135
27146
27161
27174
27194
27203
27213
27225
27238
27248
27254
27261
27270
27286
27306
27314
27326
27338
27350
27361
27372
27378
27386
27396
27403
27409
27419
27428
27441
27449
27462
27471
27477
27488
27494
27500
27523
27542
27552
27558
27565
27577
27591
27597
27611
27617
27638
27650
27656
27666
27671
27678
27685
27705
27720
27731
27736
27744
27751
27757
27765
27774
27779
27794
27809
27821
27829
27849
27854
27866
27879
27899
27908
27916
27933
27945
27956
27962
27974
27986
27999
28012
28032
28044
28049
28060
28086
28093
28109
28123
28137
28145
28150
28157
28163
28174
28179
28187
28198
28204
28212
28217
28231
28242
28250
28257
28264
28279
28286
28294
28302
28307
28328
28343
28358
28365
28382
28392
28403
28422
28437
28445
28461
28471
28478
28493
28501
28509
28519
28530
28537
28545
28555
28565
28571
28577
28582
28587
28605
28612
28620
28626
28640
28652
28666
28676
28696
28703
28709
28723
28737
28743
28751
28758
28764
28771
28778
28789
28799
28813
28820
28829
28846
28855
28864
28873
28881
28887
28901
28923
28942
28952
28961
28972
28981
28986
28995
29001
29008
29020
29028
29036
29054
29061
29067
29073
29078
29087
29099
29107
29124
29131
29137
29145
29161
29169
29177
29192
29212
29222
29228
29240
29247
29256
29276
29288
29298
29304
29315
29331
29339
29347
29361
29370
29377
29387
29401
29408
29417
29421
29430
29443
29449
29458
29473
29498
29519
29528
29542
29554
29564
29575
29588
29600
29618
29624
29642
29656
29666
29678
29685
29699
29710
29717
29728
29734
29744
29751
29757
29765
29772
29796
29805
29830
29856
29874
29886
29898
29915
29931
29945
29955
29964
29973
29982
29990
29998
30008
30014
30034
30042
30047
30052
30059
30073
30090
30097
30110
30117
30122
30136
30142
30148
30157
30172
30178
30198
30206
30215
30227
30239
30255
30271
30277
30290
30300
30316
30323
30339
30347
30353
30369
30377
30384
30390
30399
30406
30425
30437
30444
30461
30467
30476
30495
30505
30514
30524
30541
30552
30570
30583
30593
30604
30612
30622
30630
30636
30641
30646
30657
30673
30684
30700
30706
30711
30729
30741
30747
30755
30761
30785
30797
30805
30819
30837
30860
30886
30897
30912
30922
30932
30941
30953
30967
30977
30991
30999
31016
31029
31037
31053
31068
31082
31097
31110
31120
31129
31144
31154
31164
31176
31183
31188
31196
31208
31216
31222
31231
31237
31247
31254
31262
31275
31288
31305
31314
31326
31336
31344
31357
31363
31376
31390
31401
31406
31422
31436
31462
31474
31483
31492
31502
31508
31522
31536
31546
31561
31568
31574
31583
31603
31613
31619
31630
31643
31657
31671
31684
31694
31700
31706
31722
31729
31738
31755
31764
31777
31788
31799
31805
31816
31823
31843
31849
31855
31864
31869
31881
31889
31903
31916
31922
31932
31942
31950
31955
31964
31977
31990
31996
32007
32019
32030
32051
32058
32063
32070
32077
32091
32103
32112
32121
32136
32141
32159
32165
32178
32188
32193
32200
32206
32219
32233
32239
32251
32260
32266
32276
32281
32287
32308
32326
32334
32355
32371
32386
32396
32407
32417
32428
32441
32449
32456
32461
32469
32480
32486
32501
32509
32525
32534
32541
32549
32560
32571
32592
32598
32612
32619
32629
32635
32647
32656
32663
32669
32682
32693
32699
32712
32730
32740
32750
32764
32772
32779
32796
32804
32812
32825
32833
32849
32865
32875
32893
32900
32913
32924
32935
32942
32954
32961
32968
32982
32990
33005
33012
33017
33030
33036
33051
33059
33075
33085
33095
33109
33117
33123
33130
33141
33154
33169
33175
33194
33202
33216
33222
33230
33244
33251
33266
33278
33287
33298
33307
33313
33321
33328
33333
33350
33355
33365
33373
33381
33388
33405
33415
33426
33437
33451
33470
33480
33491
33499
33508
33513
33519
33529
33534
33542
33555
33573
33588
33599
33612
33620
33633
33641
33650
33658
33666
33672
33683
33697
33711
33728
33743
33750
33768
33777
33787
33796
33811
33820
33828
33843
33848
33857
33867
33884
33893
33910
33919
33931
33945
33954
33961
33971
33978
33992
34010
34019
34039
34050
34059
34066
34078
34090
34105
34120
34129
34137
34151
34162
34168
34183
34194
34203
34209
34216
34221
34230
34236
34247
34262
34279
34291
34308
34316
34326
34342
34348
34360
34366
34373
34384
34395
34404
34415
34420
34429
34436
34441
34450
34456
34485
34498
34508
34514
34521
34526
34535
34552
34562
34576
34585
34591
34600
