1
6
22
32
39
52
62
78
84
98
106
115
120
126
137
154
167
176
182
191
200
212
221
230
239
259
274
279
293
306
314
321
328
351
359
372
383
398
405
413
420
429
437
446
456
470
484
494
503
518
524
535
540
548
558
565
570
583
592
605
613
621
629
660
676
687
705
713
723
738
751
762
778
790
801
807
813
821
828
834
839
854
867
882
903
912
936
946
956
966
979
989
999
1010
1017
1022
1031
1050
1059
1076
1091
1100
1110
1122
1137
1147
1163
1175
1183
1192
1204
1214
1225
1230
1244
1256
1267
1277
1282
1287
1294
1301
1313
1323
1338
1347
1352
1363
1369
1379
1385
1393
1402
1418
1426
1431
1449
1461
1468
1479
1492
1497
1503
1512
1517
1524
1533
1543
1552
1572
1580
1587
1596
1604
1609
1621
1629
1640
1647
1655
1660
1670
1680
1687
1701
1710
1724
1733
1745
1753
1761
1774
1788
1794
1806
1813
1818
1824
1840
1848
1867
1873
1883
1891
1898
1906
1918
1922
1934
1940
1947
1959
1967
1978
1983
1996
2009
2015
2026
2036
2050
2061
2066
2073
2082
2090
2096
2108
2115
2131
2151
2161
2178
2183
2203
2209
2223
2234
2241
2254
2268
2274
2284
2300
2310
2326
2344
2360
2367
2379
2387
2407
2420
2427
2440
2450
2457
2468
2479
2495
2501
2512
2518
2534
2544
2554
2562
2577
2587
2593
2601
2610
2622
2627
2643
2656
2662
2673
2680
2694
2699
2708
2727
2739
2750
2756
2765
2780
2790
2798
2808
2816
2823
2835
2847
2854
2865
2873
2879
2890
2906
2916
2928
2933
2941
2947
2956
2972
2990
3002
3014
3022
3037
3054
3068
3075
3084
3098
3112
3125
3147
3155
3165
3178
3194
3207
3214
3234
3241
3256
3263
3271
3282
3292
3300
3308
3315
3320
3332
3337
3344
3356
3373
3387
3395
3408
3417
3429
3437
3447
3453
3463
3470
3483
3490
3496
3505
3519
3532
3538
3551
3563
3571
3579
3587
3594
3604
3610
3620
3629
3642
3650
3660
3667
3674
3686
3696
3707
3712
3719
3734
3758
3775
3794
3804
3823
3844
3852
3861
3871
3880
3889
3901
3910
3918
3931
3939
3954
3962
3976
3985
3995
4004
4011
4022
4030
4035
4042
4054
4062
4068
4081
4091
4098
4104
4116
4122
4129
4136
4143
4161
4167
4178
4185
4193
4199
4209
4216
4226
4232
4239
4249
4256
4261
4271
4283
4292
4299
4305
4314
4319
4324
4331
4347
4357
4367
4376
4386
4394
4409
4416
4428
4433
4441
4449
4455
4462
4470
4480
4490
4512
4525
4531
4537
4548
4555
4568
4576
4583
4593
4606
4615
4628
4636
4642
4649
4659
4667
4675
4680
4687
4706
4722
4729
4737
4744
4752
4762
4770
4779
4792
4805
4821
4828
4834
4843
4850
4860
4867
4873
4891
4898
4903
4910
4922
4926
4933
4940
4956
4964
4973
4982
4990
5002
5007
5014
5026
5032
5037
5042
5047
5058
5064
5071
5079
5094
5111
5121
5132
5143
5148
5155
5162
5169
5174
5189
5194
5207
5224
5236
5243
5251
5263
5272
5277
5289
5294
5304
5315
5323
5328
5334
5342
5356
5364
5375
5382
5396
5410
5417
5428
5439
5447
5454
5464
5481
5493
5502
5510
5519
5525
5530
5544
5559
5573
5580
5588
5597
5608
5615
5622
5629
5635
5651
5659
5670
5683
5694
5704
5715
5723
5729
5741
5756
5762
5769
5777
5791
5804
5815
5822
5830
5842
5856
5869
5874
5887
5894
5900
5907
5915
5930
5939
5947
5963
5970
5986
5993
6010
6020
6028
6039
6047
6064
6073
6081
6094
6102
6114
6125
6130
6146
6155
6162
6174
6181
6199
6205
6212
6222
6236
6244
6251
6264
6278
6287
6296
6304
6311
6326
6333
6343
6351
6357
6366
6376
6386
6395
6403
6409
6422
6433
6439
6446
6464
6473
6478
6489
6495
6500
6507
6514
6522
6533
6540
6553
6559
6567
6573
6581
6588
6598
6610
6617
6632
6638
6643
6657
6667
6674
6682
6698
6706
6719
6733
6744
6756
6765
6777
6784
6794
6801
6810
6820
6831
6842
6849
6854
6866
6875
6884
6889
6895
6903
6917
6926
6934
6948
6962
6969
6975
6982
6991
7002
7016
7022
7031
7044
7051
7062
7075
7090
7097
7106
7113
7123
7130
7137
7143
7159
7179
7186
7197
7203
7220
7226
7233
7241
7258
7266
7273
7287
7298
7312
7322
7338
7346
7352
7361
7370
7377
7387
7397
7409
7422
7436
7442
7449
7458
7464
7470
7481
7487
7498
7511
7519
7536
7549
7570
7576
7596
7604
7611
7620
7631
7639
7646
7652
7658
7672
7687
7697
7711
7721
7730
7739
7747
7754
7761
7777
7787
7796
7809
7817
7828
7834
7851
7858
7866
7872
7881
7889
7902
7913
7926
7938
7947
7955
7973
7979
7989
7995
8001
8011
8016
8022
8030
8044
8064
8081
8090
8098
8115
8122
8132
8140
8151
8158
8167
8176
8183
8194
8204
8220
8232
8237
8242
8247
8256
8263
8268
8277
8289
8303
8315
8324
8340
8351
8363
8373
8381
8390
8401
8408
8416
8423
8428
8439
8453
8459
8476
8486
8499
8508
8516
8532
8543
8553
8560
8565
8576
8589
8594
8599
8617
8622
8636
8644
8650
8659
8672
8683
8689
8698
8711
8716
8724
8737
8751
8773
8784
8791
8800
8805
8822
8828
8839
8854
8871
8886
8895
8907
8913
8932
8939
8953
8966
8971
8982
8989
8996
9004
9009
9024
9039
9050
9067
9073
9093
9110
9124
9135
9146
9152
9166
9175
9183
9188
9195
9202
9214
9231
9244
9257
9264
9273
9282
9295
9305
9318
9324
9332
9343
9351
9368
9380
9393
9408
9423
9435
9443
9462
9478
9487
9503
9513
9523
9531
9543
9549
9554
9561
9573
9595
9600
9609
9614
9635
9644
9651
9663
9676
9684
9695
9708
9721
9730
9736
9741
9750
9765
9776
9786
9792
9799
9808
9813
9821
9827
9841
9854
9862
9870
9878
9885
9892
9903
9913
9919
9930
9936
9941
9955
9966
9974
9980
9994
10003
10010
10017
10035
10043
10052
10058
10076
10086
10100
10114
10121
10137
10143
10153
10160
10177
10188
10195
10209
10214
10230
10236
10245
10253
10261
10284
10294
10303
10310
10321
10339
10346
10354
10365
10376
10385
10394
10408
10414
10422
10427
10435
10441
10460
10478
10492
10500
10507
10521
10531
10544
10555
10561
10566
10574
10588
10594
10605
10612
10621
10630
10640
10648
10655
10664
10673
10688
10696
10709
10719
10735
10743
10751
10761
10780
10795
10813
10826
10834
10853
10863
10873
10885
10893
10901
10907
10916
10921
10932
10938
10945
10959
10974
10979
10986
10995
11008
11014
11026
11040
11058
11066
11072
11077
11088
11094
11102
11116
11122
11136
11142
11162
11174
11186
11193
11202
11213
11221
11242
11255
11265
11270
11276
11284
11292
11297
11305
11316
11324
11338
11349
11355
11368
11380
11394
11404
11409
11419
11433
11438
11446
11455
11461
11470
11480
11488
11493
11507
11518
11526
11532
11544
11552
11560
11565
11572
11579
11590
11605
11619
11629
11636
11646
11655
11666
11676
11685
11693
11707
11712
11726
11732
11739
11744
11754
11777
11794
11804
11811
11820
11834
11842
11848
11862
11877
11882
11889
11900
11906
11917
11927
11934
11943
11956
11965
11972
11980
11988
12001
12011
12024
12033
12041
12055
12070
12077
12085
12091
12105
12114
12121
12132
12140
12154
12168
12178
12186
12193
12205
12211
12219
12226
12234
12248
12257
12266
12274
12287
12301
12314
12324
12331
12344
12357
12367
12373
12381
12392
12400
12410
12417
12424
12440
12454
12462
12470
12482
12488
12494
12501
12513
12523
12530
12536
12544
12567
12576
12590
12605
12618
12629
12646
12656
12665
12674
12685
12694
12702
12710
12721
12730
12736
12743
12752
12765
12769
12778
12797
12803
12814
12822
12828
12841
12851
12858
12866
12876
12896
12903
12909
12921
12926
12941
12951
12960
12967
12986
12997
13012
13032
13041
13050
13055
13062
13068
13085
13092
13107
13130
13144
13151
13158
13166
13179
13187
13194
13201
13214
13222
13229
13240
13256
13265
13272
13283
13292
13299
13309
13319
13324
13336
13344
13357
13377
13390
13406
13412
13427
13434
13445
13464
13480
13494
13509
13521
13530
13538
13547
13554
13560
13570
13581
13594
13605
13612
13621
13626
13634
13639
13648
13656
13670
13687
13698
13707
13716
13726
13736
13743
13760
13776
13782
13794
13803
13824
13834
13842
13849
13856
13863
13873
13886
13899
13913
13924
13937
13946
13952
13970
13976
13986
13992
13997
14005
14010
14018
14028
14038
14047
14063
14078
14090
14097
14108
14117
14136
14149
14166
14177
14185
14195
14207
14223
14230
14235
14246
14252
14258
14266
14289
14295
14311
14318
14325
14337
14350
14360
14371
14382
14391
14399
14416
14424
14432
14437
14445
14451
14465
14480
14488
14496
14509
14525
14536
14547
14557
14572
14578
14587
14595
14600
14608
14617
14622
14634
14649
14666
14682
14697
14716
14730
14741
14749
14764
14776
14786
14794
14810
14825
14832
14840
14846
14853
14869
14881
14888
14896
14909
14919
14927
14934
14941
14947
14959
14974
14985
14991
14997
15019
15029
15039
15050
15063
15068
15084
15091
15104
15111
15125
15137
15148
15156
15164
15170
15188
15201
15210
15218
15228
15235
15242
15250
15258
15277
15289
15296
15306
15317
15328
15345
15351
15368
15378
15386
15395
15400
15411
15429
15441
15457
15465
15474
15480
15486
15496
15511
15519
15532
15542
15555
15562
15570
15581
15590
15610
15624
15633
15639
15655
15662
15671
15688
15695
15704
15716
15735
15744
15763
15778
15792
15799
15809
15820
15826
15835
15843
15852
15858
15872
15879
15887
15899
15913
15919
15930
15937
15953
15960
15969
15989
15995
16007
16012
16023
16033
16041
16049
16058
16071
16081
16092
16099
16114
16120
16127
16143
16151
16158
16168
16179
16186
16202
16210
16222
16227
16236
16243
16247
16258
16263
16283
16289
16293
16302
16308
16318
16327
16347
16359
16364
16374
16388
16410
16421
16428
16435
16443
16450
16457
16463
16486
16500
16506
16515
16521
16532
16551
16561
16573
16585
16594
16601
16612
16618
16622
16629
16634
16639
16653
16660
16668
16679
16696
16714
16721
16734
16741
16751
16765
16772
16783
16791
16801
16812
16817
16825
16834
16839
16849
16856
16862
16873
16886
16894
16901
16906
16914
16918
16926
16934
16945
16959
16967
16977
16986
16991
16998
17005
17011
17022
17048
17057
17066
17073
17082
17090
17107
17114
17126
17133
17139
17145
17159
17169
17178
17184
17196
17206
17212
17232
17237
17243
17257
17265
17273
17289
17306
17320
17326
17342
17356
17364
17378
17385
17392
17405
17415
17429
17438
17446
17459
17468
17480
17499
17508
17516
17525
17534
17542
17548
17556
17572
17590
17601
17610
17618
17643
17655
17662
17677
17690
17698
17705
17716
17725
17731
17744
17752
17758
17763
17768
17788
17797
17814
17823
17843
17858
17875
17892
17908
17920
17927
17938
17960
17974
17987
18004
18014
18023
18032
18047
18055
18062
18075
18081
18094
18112
18122
18132
18139
18147
18157
18163
18168
18176
18189
18203
18216
18223
18230
18238
18251
18261
18269
18274
18282
18289
18293
18298
18303
18314
18331
18346
18356
18376
18384
18392
18400
18411
18417
18428
18441
18450
18465
18473
18485
18494
18501
18507
18517
18523
18541
18555
18561
18578
18593
18605
18616
18622
18631
18638
18655
18661
18668
18673
18688
18698
18707
18714
18721
18737
18743
18755
18774
18781
18792
18808
18821
18831
18837
18844
18851
18861
18868
18876
18894
18905
18915
18924
18930
18941
18955
18961
18978
18991
18997
19011
19021
19034
19047
19054
19062
19068
19083
19095
19102
19108
19123
19133
19143
19153
19158
19166
19175
19182
19188
19197
19207
19214
19228
19243
19250
19257
19266
19276
19285
19298
19313
19327
19349
19361
19376
19383
19396
19403
19410
19420
19427
19437
19446
19461
19476
19497
19512
19529
19540
19554
19563
19571
19584
19600
19611
19625
19631
19644
19656
19663
19669
19679
19695
19710
19716
19721
19740
19761
19771
19778
19788
19796
19808
19815
19824
19842
19856
19864
19879
19888
19900
19911
19921
19927
19934
19940
19946
19959
19969
19983
19996
20001
20020
20032
20048
20057
20065
20075
20093
20099
20108
20121
20134
20140
20156
20174
20183
20194
20200
20207
20216
20225
20235
20243
20262
20268
20280
20288
20297
20302
20308
20321
20330
20346
20354
20367
20376
20385
20391
20396
20407
20413
20424
20431
20439
20449
20455
20459
20469
20489
20507
20514
20522
20533
20538
20549
20557
20570
20584
20590
20602
20612
20618
20632
20639
20659
20675
20683
20690
20701
20718
20725
20734
20744
20759
20764
20776
20784
20801
20808
20815
20828
20834
20840
20856
20866
20873
20887
20894
20900
20911
20916
20926
20935
20946
20960
20971
20980
20993
21007
21013
21020
21027
21036
21052
21063
21069
21076
21092
21097
21114
21121
21132
21138
21151
21161
21174
21187
21201
21207
21214
21220
21227
21236
21241
21249
21264
21290
21300
21307
21321
21332
21340
21355
21361
21367
21382
21389
21400
21412
21419
21431
21441
21451
21459
21473
21485
21498
21506
21515
21537
21554
21565
21580
21589
21596
21602
21611
21624
21631
21645
21656
21669
21679
21689
21694
21699
21704
21725
21739
21747
21752
21764
21773
21788
21796
21805
21820
21831
21841
21847
21854
21871
21881
21887
21901
21910
21923
21929
21938
21953
21961
21971
21978
21987
22004
22013
22020
22030
22042
22052
22060
22068
22076
22081
22090
22099
22114
22126
22133
22139
22148
22157
22165
22172
22181
22192
22203
22213
22221
22227
22233
22244
22252
22260
22265
22279
22289
22297
22302
22310
22321
22332
22341
22349
22357
22363
22368
22375
22387
22395
22412
22421
22433
22443
22449
22455
22475
22490
22501
22514
22529
22538
22547
22560
22568
22575
22594
22605
22619
22626
22632
22640
22647
22655
22661
22669
22685
22716
22732
22742
22751
22766
22774
22783
22795
22805
22814
22820
22830
22835
22852
22866
22876
22883
22889
22897
22911
22922
22930
22940
22946
22954
22964
22974
22983
22993
23009
23015
23020
23032
23040
23047
23061
23073
23079
23093
23099
23105
23119
23125
23139
23146
23161
23169
23176
23184
23193
23205
23214
23220
23228
23239
23246
23252
23257
23270
23276
23289
23302
23313
23325
23335
23343
23349
23360
23365
23373
23382
23388
23408
23419
23431
23437
23444
23460
23468
23477
23482
23491
23497
23516
23523
23532
23543
23551
23558
23567
23578
23584
23591
23598
23605
23616
23641
23650
23657
23673
23688
23700
23712
23721
23730
23737
23746
23753
23759
23765
23781
23795
23812
23819
23831
23849
23856
23862
23870
23877
23891
23896
23906
23919
23932
23938
23952
23958
23964
23975
23980
23986
23995
24006
24024
24033
24044
24053
24068
24085
24093
24103
24109
24125
24140
24149
24159
24169
24176
24182
24195
24213
24219
24225
24233
24242
24249
24254
24263
24281
24294
24308
24317
24330
24337
24344
24350
24359
24370
24377
24391
24404
24412
24425
24442
24451
24461
24474
24488
24506
24513
24541
24548
24576
24589
24599
24614
24620
24636
24643
24650
24663
24672
24682
24689
24705
24714
24729
24739
24747
24760
24767
24773
24790
24800
24817
24837
24853
24870
24887
24902
24911
24918
24934
24947
24955
24966
24983
25003
25020
25032
25044
25056
25067
25076
25086
25103
25116
25127
25146
25158
25165
25179
25187
25199
25205
25210
25217
25235
25244
25257
25271
25280
25290
25296
25312
25323
25329
25337
25343
25353
25363
25369
25374
25380
25392
25402
25417
25426
25432
25439
25445
25451
25458
25477
25503
25521
25537
25554
25563
25573
25582
25591
25599
25615
25627
25633
25638
25644
25650
25659
25667
25673
25683
25696
25710
25721
25736
25742
25752
25762
25769
25785
25795
25800
25815
25821
25836
25847
25859
25876
25882
25902
25911
25919
25926
25932
25939
25947
25959
25973
25980
25985
25992
25998
26004
26011
26017
26027
26045
26057
26064
26068
26077
26087
26092
26102
26111
26124
26139
26143
26152
26162
26170
26175
26187
26197
26209
26224
26231
26244
26261
26268
26280
26293
26300
26307
26313
26322
26333
26342
26357
26362
26371
26380
26390
26399
26409
26428
26437
26452
26469
26477
26485
26493
26507
26523
26532
26538
26552
26560
26566
26581
26596
26605
26613
26627
26639
26653
26662
26684
26691
26699
26707
26714
26722
26735
26746
26752
26758
26769
26781
26787
26794
26799
26813
26822
26832
26837
26848
26853
26861
26866
26871
26888
26894
26905
26916
26923
26930
26935
26941
26946
26954
26960
26971
26992
27009
27031
27037
27046
27060
27072
27084
27096
27106
27115
27128
27135
27146
27167
27173
27186
27193
27199
27210
27216
27223
27231
27251
27260
27266
27272
27281
27292
27303
27308
27317
27329
27337
27341
27351
27359
27382
27400
27416
27425
27445
27459
27472
27489
27503
27518
27530
27546
27559
27569
27583
27594
27611
27621
27630
27639
27647
27659
27670
27678
27692
27708
27718
27727
27737
27751
27760
27774
27788
27794
27803
27810
27820
27834
27849
27856
27869
27883
27899
27910
27921
27934
27947
27953
27960
27968
27986
27994
28004
28010
28028
28042
28056
28073
28083
28090
28098
28114
28124
28133
28140
28149
28156
28175
28191
28199
28218
28225
28236
28247
28253
28261
28272
28279
28293
28300
28313
28323
28331
28337
28346
28357
28362
28369
28378
28397
28408
28414
28422
28431
28440
28447
28458
28471
28491
28498
28505
28510
28520
28533
28546
28559
28573
28582
28589
28597
28609
28620
28636
28642
28651
28657
28666
28675
28682
28692
28705
28717
28725
28731
28739
28747
28753
28760
28768
28780
28792
28802
28810
28822
28829
28834
28849
28855
28864
28874
28888
28893
28905
28919
28927
28939
28945
28956
28963
28976
28987
28994
29007
29015
29022
29028
29038
29045
29053
29061
29078
29087
29092
29100
29108
29119
29125
29133
29139
29170
29176
29186
29192
29199
29210
29216
29227
29243
29249
29254
29271
29283
29290
29298
29304
29312
29320
29328
29335
29346
29364
29369
29375
29380
29389
29395
29406
29424
29438
29447
29453
29467
29474
29480
29486
29493
29500
29514
29521
29529
29547
29566
29575
29583
29591
29599
29615
29631
29640
29650
29668
29681
29694
29713
29726
29741
29751
29759
29769
29780
29787
29795
29813
29822
29829
29833
29840
29850
29860
29872
29880
29889
29907
29913
29932
29940
29950
29963
29974
29986
29997
30003
30008
30019
30025
30032
30040
30046
30053
30069
30080
30102
30108
30114
30120
30125
30140
30155
30164
30177
30189
30202
30222
30231
30237
30246
30252
30265
30271
30291
30306
30318
30325
30338
30345
30352
30360
30371
30380
30385
30401
30407
30413
30427
30436
30442
30451
30459
30467
30481
30494
30500
30511
30516
30523
30530
30536
30545
30550
30563
30568
30587
30596
30612
30621
30637
30651
30662
30671
30685
30691
30700
30706
30714
30719
30726
30739
30745
30761
30768
30776
30789
30803
30810
30815
30826
30832
30841
30850
30856
30863
30875
30885
30896
30901
30917
30923
30938
30948
30965
30978
30995
31005
31019
31030
31039
31053
31060
31071
31083
31089
31097
31103
31108
31118
31124
31129
31143
31154
31163
31168
31174
31183
31187
31197
31203
31209
31226
31233
31240
31247
31251
31261
31274
31280
31288
31309
31319
31334
31340
31347
31358
31369
31381
31390
31395
31402
31410
31418
31423
31429
31451
31465
31472
31481
31487
31493
31499
31514
31521
31541
31552
31561
31572
31582
31588
31596
31604
31617
31624
31634
31639
31653
31659
31666
31677
31683
31694
31702
31714
31720
31730
31743
31750
31758
31768
31778
31787
31792
31797
31809
31825
31830
31842
31850
31856
31865
31871
31891
31901
31918
31932
31949
31957
31971
31985
31994
32003
32010
32017
32033
32039
32046
32055
32065
32073
32083
32092
32098
32107
32116
32123
32131
32143
32149
32163
32182
32193
32201
32216
32222
32236
32248
32262
32267
32286
32312
32335
32344
32359
32377
32398
32407
32416
32425
32437
32447
32455
32463
32474
32485
32492
32498
32512
32517
32532
32538
32548
32558
32568
32575
32585
32594
32602
32617
32638
32646
32659
32670
32679
32688
32696
32708
32717
32726
32733
32741
32760
32767
32777
32782
32800
32805
32817
32828
32835
32845
32854
32859
32869
32874
32879
32886
32897
32902
32915
32921
32932
32943
32953
32973
32980
32985
32990
32996
33006
33013
33023
33034
33047
33054
33059
33067
33074
33088
33094
33109
33126
33140
33160
33182
33191
33210
33225
33242
33253
33261
33270
33284
33294
33303
33318
33326
33338
33346
33352
33361
33368
33386
33394
33403
33417
33425
33444
33455
33464
33475
33487
33492
33501
33512
33526
33533
33538
33546
33555
33570
33576
33583
33600
33610
33617
33628
33635
33648
33654
33663
33669
33678
33686
33691
33707
33716
33728
33740
33752
33775
33789
33805
33819
33830
33850
33856
33863
33873
33879
33891
33901
33916
33928
33948
33954
33960
33968
33973
33983
33989
33997
34009
34021
34034
34043
34055
34060
34074
34082
34088
34096
34105
34111
34117
34133
34149
34156
34171
34179
34190
34206
34215
34224
34234
34244
34254
34261
34273
34280
34291
34306
34311
34316
34330
34341
34356
34366
34376
34384
34392
34398
34405
34418
34425
34434
34441
34452
34462
34467
34479
34500
34512
34526
34542
34551
34557
34570
34576
34589
34598
