 2134
 2048
 1962
 1880
 1802
 1730
 1670
 1616
 1558
 1504
 1448
 1392
 1338
 1288
 1252
 1234
 1228
 1238
 1254
 1272
 1296
 1322
 1354
 1392
 1432
 1478
 1530
 1590
 1658
 1730
 1794
 1860
 1920
 1974
 2028
 2080
 2134
 2194
 2248
 2298
 2342
 2382
 2424
 2468
 2510
 2554
 2594
 2636
 2670
 2702
 2728
 2768
 2810
 2842
 2874
 2900
 2918
 2934
 2944
 2958
 2970
 2976
 2978
 2976
 2976
 2976
 2976
 2976
 2976
 2974
 2976
 2974
 2966
 2964
 2960
 2960
 2976
 2988
 2998
 3006
 3010
 3008
 3002
 2992
 2978
 2960
 2932
 2892
 2844
 2792
 2736
 2678
 2616
 2550
 2480
 2408
 2334
 2258
 2184
 2110
 2036
 1972
 1918
 1866
 1814
 1766
 1720
 1680
 1650
 1630
 1626
 1634
 1648
 1672
 1694
 1722
 1758
 1798
 1842
 1888
 1940
 1992
 2048
 2106
 2160
 2224
 2290
 2348
 2406
 2458
 2502
 2544
 2582
 2618
 2654
 2684
 2712
 2736
 2760
 2780
 2798
 2816
 2832
 2846
 2860
 2870
 2878
 2888
 2892
 2906
 2930
 2944
 2954
 2964
 2966
 2968
 2962
 2950
 2936
 2914
 2882
 2838
 2788
 2734
 2676
 2616
 2554
 2492
 2428
 2362
 2294
 2226
 2156
 2092
 2036
 1978
 1916
 1856
 1794
 1730
 1666
 1610
 1568
 1538
 1516
 1504
 1500
 1504
 1514
 1530
 1548
 1576
 1606
 1640
 1680
 1720
 1770
 1830
 1882
 1932
 1982
 2024
 2066
 2110
 2152
 2194
 2232
 2262
 2284
 2296
 2304
 2312
 2326
 2346
 2368
 2394
 2424
 2454
 2486
 2516
 2554
 2602
 2646
 2682
 2714
 2740
 2760
 2780
 2796
 2814
 2830
 2842
 2852
 2862
 2866
 2858
 2846
 2834
 2824
 2816
 2808
 2806
 2808
 2814
 2826
 2836
 2844
 2850
 2852
 2852
 2848
 2844
 2846
 2848
 2846
 2844
 2842
 2844
 2848
 2850
 2854
 2860
 2864
 2868
 2876
 2894
 2920
 2934
 2946
 2958
 2964
 2964
 2956
 2944
 2924
 2884
 2830
 2762
 2688
 2610
 2530
 2450
 2368
 2286
 2202
 2118
 2042
 1972
 1898
 1822
 1744
 1664
 1582
 1500
 1420
 1352
 1294
 1244
 1204
 1172
 1150
 1136
 1136
 1144
 1158
 1182
 1216
 1260
 1310
 1358
 1404
 1454
 1508
 1562
 1620
 1678
 1742
 1806
 1868
 1930
 1990
 2052
 2118
 2180
 2240
 2294
 2346
 2402
 2452
 2506
 2574
 2632
 2684
 2732
 2770
 2802
 2830
 2854
 2878
 2898
 2912
 2924
 2932
 2940
 2948
 2958
 2962
 2962
 2964
 2966
 2968
 2968
 2968
 2980
 3000
 3010
 3020
 3026
 3028
 3028
 3028
 3030
 3030
 3028
 3026
 3024
 3018
 3012
 3010
 3006
 3004
 3000
 2990
 2984
 2980
 2976
 2976
 2988
 2998
 3004
 3010
 3006
 2998
 2982
 2956
 2924
 2884
 2838
 2788
 2736
 2680
 2620
 2558
 2492
 2422
 2354
 2286
 2218
 2150
 2082
 2018
 1962
 1906
 1850
 1796
 1742
 1688
 1644
 1608
 1588
 1584
 1594
 1608
 1630
 1656
 1682
 1716
 1756
 1802
 1850
 1902
 1958
 2018
 2084
 2154
 2220
 2280
 2340
 2394
 2440
 2484
 2522
 2566
 2602
 2634
 2666
 2692
 2718
 2740
 2762
 2782
 2802
 2818
 2834
 2846
 2856
 2864
 2878
 2902
 2928
 2944
 2956
 2962
 2962
 2964
 2964
 2968
 2970
 2970
 2968
 2964
 2960
 2954
 2952
 2950
 2950
 2948
 2944
 2944
 2942
 2942
 2936
 2926
 2926
 2922
 2906
 2882
 2848
 2804
 2756
 2702
 2648
 2594
 2532
 2470
 2408
 2346
 2282
 2220
 2156
 2092
 2026
 1962
 1896
 1834
 1774
 1714
 1662
 1616
 1570
 1520
 1476
 1428
 1378
 1326
 1274
 1232
 1200
 1176
 1158
 1148
 1144
 1150
 1160
 1172
 1194
 1226
 1270
 1326
 1388
 1460
 1542
 1624
 1708
 1788
 1864
 1938
 2008
 2076
 2142
 2206
 2264
 2318
 2368
 2414
 2458
 2500
 2538
 2574
 2606
 2636
 2662
 2688
 2710
 2742
 2776
 2804
 2830
 2850
 2864
 2874
 2882
 2888
 2898
 2902
 2904
 2902
 2898
 2892
 2890
 2888
 2884
 2882
 2880
 2878
 2870
 2858
 2840
 2826
 2802
 2768
 2726
 2674
 2618
 2554
 2486
 2422
 2356
 2286
 2216
 2144
 2070
 1998
 1924
 1850
 1772
 1698
 1624
 1554
 1484
 1416
 1356
 1296
 1232
 1168
 1100
 1026
 950
 866
 782
 706
 638
 576
 514
 448
 384
 324
 272
 232
 206
 188
 184
 194
 216
 240
 268
 292
 318
 346
 374
 414
 472
 546
 612
 660
 692
 716
 734
 744
 750
 754
 758
 762
 766
 772
 784
 798
 810
 826
 850
 900
 994
 1112
 1246
 1388
 1530
 1662
 1772
 1862
 1944
 2020
 2094
 2162
 2222
 2282
 2336
 2384
 2448
 2510
 2566
 2616
 2658
 2692
 2708
 2696
 2668
 2644
 2620
 2594
 2572
 2556
 2536
 2552
 2590
 2628
 2664
 2692
 2716
 2734
 2748
 2760
 2768
 2776
 2788
 2806
 2822
 2840
 2858
 2870
 2872
 2870
 2868
 2872
 2878
 2886
 2896
 2904
 2906
 2912
 2916
 2918
 2924
 2938
 2948
 2954
 2958
 2958
 2958
 2954
 2952
 2954
 2948
 2942
 2936
 2932
 2926
 2922
 2918
 2916
 2912
 2910
 2908
 2908
 2918
 2932
 2940
 2944
 2946
 2944
 2942
 2938
 2936
 2934
 2930
 2924
 2922
 2914
 2906
 2900
 2894
 2890
 2886
 2880
 2878
 2876
 2878
 2890
 2894
 2898
 2902
 2902
 2902
 2896
 2896
 2898
 2898
 2898
 2894
 2890
 2888
 2882
 2874
 2858
 2844
 2828
 2812
 2790
 2766
 2746
 2724
 2690
 2652
 2608
 2554
 2496
 2434
 2372
 2310
 2246
 2176
 2104
 2032
 1958
 1882
 1810
 1740
 1682
 1632
 1598
 1578
 1576
 1590
 1616
 1652
 1696
 1742
 1790
 1842
 1896
 1956
 2020
 2084
 2148
 2208
 2268
 2324
 2384
 2442
 2494
 2542
 2586
 2626
 2662
 2704
 2746
 2780
 2810
 2832
 2850
 2864
 2874
 2882
 2888
 2892
 2892
 2892
 2892
 2888
 2888
 2888
 2886
 2886
 2884
 2882
 2882
 2880
 2886
 2902
 2912
 2922
 2930
 2928
 2920
 2904
 2880
 2848
 2806
 2756
 2698
 2638
 2570
 2502
 2434
 2362
 2288
 2214
 2142
 2074
 2010
 1948
 1900
 1858
 1820
 1788
 1764
 1744
 1738
 1738
 1748
 1770
 1798
 1832
 1870
 1912
 1950
 1992
 2036
 2078
 2124
 2170
 2218
 2268
 2326
 2388
 2454
 2508
 2560
 2610
 2652
 2690
 2722
 2752
 2780
 2804
 2822
 2836
 2848
 2858
 2868
 2876
 2882
 2884
 2884
 2884
 2884
 2884
 2888
 2900
 2916
 2926
 2936
 2942
 2940
 2936
 2928
 2916
 2900
 2874
 2840
 2798
 2752
 2702
 2650
 2596
 2540
 2480
 2418
 2356
 2294
 2228
 2168
 2114
 2060
 2000
 1944
 1886
 1830
 1782
 1748
 1730
 1730
 1740
 1760
 1792
 1830
 1872
 1920
 1966
 2018
 2070
 2128
 2190
 2252
 2318
 2388
 2452
 2512
 2566
 2610
 2650
 2684
 2712
 2740
 2762
 2780
 2790
 2800
 2808
 2814
 2822
 2828
 2834
 2840
 2844
 2848
 2852
 2854
 2870
 2890
 2902
 2916
 2924
 2924
 2924
 2922
 2920
 2910
 2894
 2866
 2832
 2794
 2750
 2702
 2648
 2588
 2526
 2460
 2394
 2326
 2260
 2194
 2140
 2086
 2030
 1972
 1914
 1856
 1802
 1760
 1732
 1720
 1718
 1728
 1744
 1768
 1798
 1834
 1878
 1926
 1980
 2034
 2092
 2150
 2214
 2282
 2352
 2414
 2478
 2534
 2586
 2632
 2676
 2720
 2756
 2788
 2814
 2834
 2854
 2870
 2882
 2896
 2902
 2906
 2908
 2914
 2916
 2918
 2918
 2924
 2944
 2958
 2970
 2978
 2982
 2984
 2984
 2984
 2980
 2972
 2958
 2934
 2902
 2862
 2816
 2764
 2712
 2656
 2596
 2536
 2470
 2404
 2340
 2274
 2216
 2164
 2110
 2052
 1994
 1930
 1868
 1810
 1758
 1724
 1698
 1684
 1684
 1690
 1704
 1724
 1752
 1784
 1826
 1876
 1932
 1992
 2054
 2126
 2198
 2264
 2332
 2396
 2458
 2516
 2568
 2620
 2666
 2702
 2732
 2756
 2776
 2796
 2814
 2834
 2852
 2868
 2882
 2890
 2894
 2898
 2910
 2930
 2940
 2950
 2956
 2960
 2964
 2964
 2960
 2950
 2932
 2904
 2870
 2826
 2782
 2738
 2690
 2642
 2592
 2542
 2492
 2444
 2402
 2366
 2330
 2284
 2238
 2186
 2132
 2078
 2026
 1984
 1950
 1924
 1906
 1898
 1898
 1906
 1920
 1944
 1974
 2012
 2056
 2104
 2162
 2226
 2284
 2338
 2390
 2438
 2480
 2524
 2564
 2608
 2648
 2682
 2714
 2742
 2770
 2796
 2818
 2838
 2856
 2874
 2890
 2906
 2920
 2948
 2972
 2990
 3008
 3020
 3024
 3022
 3020
 3024
 3022
 3018
 3006
 2988
 2966
 2938
 2904
 2864
 2818
 2768
 2716
 2664
 2614
 2568
 2526
 2480
 2430
 2378
 2320
 2264
 2208
 2160
 2118
 2082
 2054
 2036
 2028
 2030
 2040
 2060
 2086
 2126
 2172
 2226
 2284
 2348
 2424
 2500
 2570
 2634
 2686
 2736
 2778
 2814
 2850
 2880
 2904
 2918
 2932
 2942
 2952
 2962
 2968
 2972
 2976
 2980
 2982
 2980
 2990
 3006
 3014
 3018
 3010
 2988
 2958
 2916
 2872
 2824
 2768
 2706
 2642
 2576
 2512
 2450
 2390
 2330
 2272
 2214
 2158
 2108
 2068
 2032
 1996
 1960
 1930
 1904
 1884
 1874
 1876
 1892
 1916
 1950
 1994
 2040
 2088
 2138
 2192
 2246
 2300
 2354
 2408
 2462
 2526
 2590
 2642
 2690
 2732
 2770
 2802
 2828
 2854
 2878
 2898
 2914
 2928
 2938
 2944
 2948
 2954
 2958
 2962
 2964
 2964
 2960
 2954
 2948
 2926
 2892
 2854
 2804
 2750
 2688
 2626
 2568
 2506
 2440
 2376
 2310
 2244
 2176
 2108
 2038
 1970
 1906
 1850
 1802
 1772
 1756
 1748
 1750
 1762
 1780
 1806
 1836
 1872
 1916
 1964
 2016
 2074
 2128
 2188
 2254
 2324
 2392
 2454
 2514
 2572
 2626
 2682
 2744
 2790
 2834
 2872
 2900
 2922
 2940
 2952
 2962
 2970
 2974
 2978
 2980
 2980
 2982
 2984
 2984
 2976
 2962
 2942
 2914
 2888
 2864
 2826
 2786
 2742
 2694
 2642
 2590
 2536
 2486
 2432
 2376
 2322
 2264
 2208
 2154
 2100
 2052
 2006
 1972
 1946
 1932
 1930
 1944
 1960
 1984
 2016
 2052
 2090
 2132
 2178
 2232
 2290
 2348
 2400
 2446
 2490
 2532
 2574
 2612
 2650
 2684
 2718
 2750
 2780
 2814
 2856
 2890
 2918
 2940
 2956
 2964
 2964
 2958
 2944
 2918
 2880
 2832
 2778
 2720
 2658
 2592
 2524
 2454
 2386
 2320
 2260
 2212
 2168
 2120
 2076
 2032
 1990
 1954
 1922
 1904
 1898
 1894
 1898
 1906
 1918
 1934
 1958
 1990
 2028
 2070
 2118
 2168
 2222
 2286
 2350
 2412
 2474
 2532
 2582
 2630
 2672
 2714
 2752
 2784
 2812
 2836
 2856
 2874
 2888
 2900
 2908
 2908
 2908
 2910
 2908
 2910
 2924
 2936
 2944
 2948
 2948
 2944
 2934
 2918
 2894
 2858
 2806
 2754
 2700
 2646
 2596
 2550
 2500
 2450
 2398
 2350
 2304
 2258
 2220
 2192
 2166
 2134
 2108
 2082
 2058
 2036
 2022
 2014
 2014
 2014
 2018
 2024
 2032
 2042
 2056
 2074
 2094
 2120
 2146
 2172
 2206
 2246
 2282
 2312
 2342
 2364
 2386
 2408
 2428
 2452
 2476
 2498
 2520
 2538
 2558
 2578
 2598
 2618
 2632
 2648
 2662
 2678
 2702
 2730
 2754
 2778
 2800
 2820
 2836
 2850
 2866
 2882
 2896
 2906
 2916
 2924
 2928
 2932
 2936
 2940
 2940
 2936
 2930
 2918
 2912
 2900
 2876
 2848
 2816
 2774
 2732
 2688
 2644
 2598
 2550
 2502
 2452
 2398
 2348
 2296
 2244
 2194
 2146
 2104
 2064
 2040
 2024
 2010
 1998
 1990
 1986
 1982
 1982
 1986
 1998
 2014
 2030
 2048
 2070
 2092
 2116
 2146
 2176
 2206
 2240
 2276
 2312
 2356
 2404
 2444
 2484
 2524
 2560
 2592
 2624
 2656
 2690
 2722
 2748
 2774
 2798
 2822
 2846
 2870
 2888
 2902
 2910
 2918
 2928
 2950
 2970
 2976
 2988
 2992
 2994
 2990
 2976
 2960
 2934
 2902
 2862
 2820
 2772
 2726
 2676
 2626
 2572
 2518
 2464
 2410
 2364
 2324
 2282
 2238
 2196
 2152
 2108
 2064
 2026
 1998
 1976
 1958
 1944
 1932
 1924
 1922
 1922
 1928
 1942
 1956
 1976
 2004
 2040
 2072
 2102
 2132
 2160
 2184
 2204
 2210
 2206
 2198
 2188
 2182
 2174
 2174
 2176
 2180
 2182
 2186
 2190
 2196
 2208
 2226
 2236
 2244
 2254
 2264
 2280
 2300
 2324
 2356
 2392
 2428
 2468
 2510
 2552
 2596
 2636
 2676
 2712
 2740
 2778
 2826
 2862
 2890
 2912
 2930
 2944
 2956
 2966
 2976
 2986
 2990
 2994
 2998
 2998
 3000
 3002
 3002
 3004
 2998
 2998
 2998
 2984
 2958
 2924
 2882
 2832
 2780
 2720
 2656
 2588
 2516
 2444
 2370
 2296
 2224
 2150
 2076
 2006
 1940
 1878
 1824
 1782
 1744
 1710
 1684
 1664
 1648
 1640
 1638
 1652
 1674
 1700
 1736
 1776
 1822
 1872
 1924
 1978
 2032
 2088
 2146
 2210
 2282
 2348
 2410
 2468
 2520
 2566
 2608
 2650
 2688
 2724
 2754
 2784
 2810
 2834
 2856
 2878
 2898
 2916
 2930
 2946
 2954
 2968
 2992
 3010
 3024
 3036
 3042
 3046
 3046
 3040
 3030
 3004
 2968
 2926
 2876
 2818
 2754
 2688
 2616
 2542
 2468
 2392
 2320
 2260
 2204
 2146
 2090
 2024
 1952
 1878
 1802
 1730
 1664
 1598
 1534
 1470
 1410
 1350
 1296
 1250
 1224
 1220
 1232
 1258
 1308
 1378
 1470
 1566
 1668
 1774
 1874
 1972
 2064
 2152
 2238
 2316
 2390
 2456
 2516
 2572
 2626
 2674
 2718
 2752
 2784
 2812
 2836
 2868
 2906
 2932
 2954
 2968
 2978
 2986
 2990
 2994
 3000
 3000
 3000
 3000
 2998
 2994
 2994
 2992
 2990
 2988
 2986
 2982
 2980
 2974
 2974
 2974
 2958
 2938
 2904
 2858
 2802
 2742
 2674
 2606
 2536
 2466
 2394
 2320
 2248
 2174
 2098
 2022
 1946
 1872
 1802
 1732
 1666
 1610
 1558
 1510
 1462
 1422
 1380
 1346
 1320
 1308
 1310
 1320
 1340
 1366
 1404
 1448
 1502
 1558
 1622
 1690
 1760
 1832
 1906
 1986
 2070
 2152
 2226
 2300
 2368
 2436
 2498
 2554
 2604
 2650
 2692
 2728
 2762
 2792
 2822
 2852
 2880
 2904
 2924
 2938
 2950
 2958
 2974
 3000
 3018
 3034
 3046
 3054
 3060
 3062
 3064
 3068
 3070
 3068
 3064
 3058
 3050
 3042
 3026
 3006
 2976
 2944
 2906
 2868
 2824
 2782
 2746
 2706
 2664
 2620
 2568
 2516
 2462
 2408
 2358
 2306
 2254
 2202
 2148
 2092
 2040
 1986
 1932
 1886
 1846
 1816
 1794
 1784
 1784
 1792
 1804
 1820
 1838
 1856
 1878
 1902
 1934
 1968
 2000
 2034
 2068
 2102
 2136
 2174
 2214
 2258
 2298
 2338
 2382
 2424
 2474
 2532
 2584
 2632
 2682
 2722
 2762
 2794
 2824
 2856
 2882
 2904
 2922
 2940
 2954
 2964
 2974
 2984
 2990
 2994
 2996
 2996
 2998
 3002
 3018
 3030
 3038
 3046
 3046
 3040
 3018
 2994
 2966
 2932
 2892
 2846
 2796
 2746
 2696
 2646
 2592
 2534
 2476
 2418
 2362
 2314
 2272
 2230
 2180
 2134
 2082
 2026
 1970
 1916
 1870
 1832
 1800
 1778
 1768
 1770
 1780
 1802
 1826
 1860
 1902
 1952
 2004
 2058
 2118
 2178
 2232
 2286
 2334
 2380
 2428
 2478
 2526
 2570
 2610
 2646
 2684
 2718
 2750
 2782
 2812
 2838
 2860
 2880
 2900
 2912
 2932
 2958
 2974
 2990
 3002
 3006
 3012
 3014
 3018
 3020
 3018
 3016
 3014
 3012
 3008
 3004
 3000
 2998
 2994
 2984
 2968
 2948
 2918
 2888
 2862
 2820
 2776
 2728
 2674
 2618
 2560
 2502
 2450
 2396
 2342
 2286
 2230
 2172
 2114
 2058
 2002
 1946
 1894
 1846
 1806
 1776
 1758
 1748
 1742
 1742
 1746
 1756
 1768
 1784
 1808
 1840
 1870
 1904
 1942
 1978
 2018
 2060
 2104
 2148
 2194
 2244
 2296
 2346
 2402
 2464
 2520
 2570
 2618
 2660
 2700
 2736
 2770
 2802
 2830
 2856
 2880
 2902
 2920
 2938
 2952
 2962
 2970
 2976
 2982
 2988
 2990
 3000
 3018
 3026
 3022
 3002
 2976
 2944
 2900
 2852
 2802
 2744
 2686
 2624
 2560
 2500
 2438
 2376
 2310
 2248
 2184
 2124
 2070
 2016
 1972
 1924
 1874
 1824
 1778
 1730
 1692
 1658
 1638
 1628
 1630
 1642
 1662
 1684
 1714
 1750
 1788
 1832
 1880
 1928
 1980
 2040
 2102
 2170
 2230
 2292
 2356
 2412
 2466
 2512
 2558
 2602
 2642
 2680
 2714
 2746
 2776
 2804
 2830
 2852
 2874
 2892
 2908
 2924
 2934
 2946
 2964
 2978
 2992
 3004
 3010
 3010
 3012
 3014
 3018
 3022
 3020
 3020
 3018
 3018
 3016
 3014
 3012
 3006
 2998
 2982
 2958
 2928
 2890
 2854
 2820
 2780
 2734
 2688
 2638
 2582
 2526
 2472
 2420
 2368
 2312
 2258
 2202
 2146
 2090
 2036
 1982
 1930
 1886
 1842
 1806
 1778
 1762
 1758
 1758
 1762
 1776
 1792
 1810
 1836
 1864
 1902
 1940
 1982
 2026
 2072
 2122
 2174
 2224
 2270
 2316
 2362
 2408
 2450
 2490
 2534
 2588
 2636
 2682
 2722
 2758
 2788
 2818
 2840
 2864
 2882
 2896
 2910
 2920
 2930
 2936
 2940
 2946
 2950
 2952
 2954
 2954
 2948
 2938
 2926
 2908
 2878
 2844
 2802
 2752
 2698
 2640
 2584
 2528
 2464
 2398
 2326
 2250
 2174
 2096
 2016
 1940
 1866
 1794
 1728
 1670
 1622
 1592
 1574
 1566
 1572
 1590
 1616
 1648
 1692
 1746
 1812
 1874
 1936
 1998
 2060
 2120
 2184
 2246
 2308
 2366
 2426
 2482
 2536
 2594
 2656
 2706
 2752
 2792
 2824
 2854
 2876
 2898
 2918
 2932
 2940
 2944
 2948
 2950
 2954
 2958
 2960
 2964
 2966
 2968
 2970
 2968
 2970
 2964
 2944
 2914
 2872
 2824
 2770
 2712
 2656
 2600
 2540
 2478
 2412
 2348
 2282
 2216
 2148
 2082
 2014
 1948
 1880
 1820
 1766
 1722
 1680
 1646
 1622
 1606
 1600
 1602
 1614
 1636
 1666
 1702
 1742
 1786
 1830
 1878
 1928
 1980
 2032
 2086
 2144
 2202
 2268
 2334
 2392
 2450
 2504
 2556
 2602
 2644
 2688
 2728
 2766
 2798
 2826
 2852
 2874
 2896
 2916
 2932
 2944
 2954
 2958
 2960
 2974
 2994
 3004
 3014
 3018
 3010
 2994
 2968
 2930
 2890
 2838
 2782
 2718
 2646
 2572
 2498
 2422
 2346
 2272
 2200
 2128
 2058
 1998
 1938
 1880
 1822
 1766
 1706
 1644
 1582
 1524
 1476
 1440
 1416
 1406
 1404
 1412
 1430
 1458
 1498
 1546
 1600
 1664
 1736
 1814
 1896
 1974
 2050
 2128
 2200
 2266
 2328
 2388
 2450
 2506
 2558
 2606
 2650
 2690
 2726
 2760
 2790
 2816
 2840
 2862
 2880
 2898
 2926
 2948
 2964
 2978
 2988
 2994
 2998
 3000
 3000
 2998
 2984
 2960
 2930
 2896
 2856
 2812
 2760
 2708
 2652
 2592
 2534
 2474
 2420
 2370
 2320
 2266
 2210
 2150
 2088
 2026
 1966
 1914
 1870
 1832
 1802
 1780
 1772
 1772
 1778
 1790
 1812
 1840
 1878
 1920
 1968
 2028
 2092
 2150
 2206
 2262
 2316
 2364
 2410
 2456
 2500
 2540
 2582
 2620
 2656
 2690
 2722
 2756
 2784
 2810
 2832
 2850
 2864
 2874
 2888
 2908
 2918
 2918
 2908
 2884
 2844
 2798
 2742
 2684
 2620
 2550
 2484
 2412
 2342
 2270
 2194
 2112
 2028
 1946
 1862
 1782
 1702
 1628
 1560
 1492
 1424
 1358
 1296
 1232
 1174
 1126
 1104
 1110
 1134
 1180
 1250
 1336
 1426
 1520
 1610
 1696
 1776
 1854
 1932
 2014
 2104
 2194
 2278
 2356
 2424
 2482
 2534
 2578
 2616
 2652
 2680
 2706
 2730
 2752
 2770
 2786
 2798
 2810
 2822
 2830
 2836
 2846
 2852
 2864
 2886
 2902
 2914
 2920
 2924
 2928
 2926
 2922
 2914
 2894
 2858
 2816
 2766
 2710
 2648
 2582
 2514
 2442
 2366
 2286
 2208
 2134
 2070
 2006
 1940
 1874
 1810
 1746
 1680
 1618
 1562
 1516
 1480
 1452
 1434
 1424
 1426
 1434
 1458
 1496
 1552
 1622
 1700
 1782
 1872
 1962
 2042
 2122
 2194
 2252
 2302
 2344
 2390
 2436
 2474
 2508
 2536
 2560
 2578
 2594
 2606
 2614
 2620
 2622
 2620
 2616
 2612
 2608
 2612
 2618
 2622
 2624
 2624
 2622
 2620
 2614
 2606
 2590
 2566
 2534
 2500
 2456
 2406
 2352
 2288
 2214
 2134
 2048
 1962
 1882
 1800
 1728
 1662
 1594
 1530
 1470
 1414
 1362
 1312
 1270
 1236
 1214
 1204
 1202
 1210
 1224
 1244
 1278
 1328
 1390
 1460
 1540
 1622
 1712
 1812
 1908
 1998
 2084
 2162
 2232
 2292
 2342
 2392
 2436
 2476
 2510
 2540
 2566
 2588
 2610
 2628
 2646
 2662
 2678
 2690
 2702
 2710
 2718
 2734
 2756
 2772
 2786
 2796
 2804
 2810
 2814
 2820
 2826
 2828
 2828
 2826
 2824
 2824
 2824
 2826
 2828
 2830
 2834
 2836
 2842
 2842
 2844
 2848
 2862
 2872
 2876
 2876
 2866
 2850
 2830
 2806
 2782
 2752
 2712
 2670
 2626
 2580
 2532
 2486
 2440
 2392
 2344
 2300
 2256
 2212
 2168
 2130
 2098
 2068
 2038
 2006
 1972
 1936
 1904
 1876
 1858
 1846
 1844
 1844
 1852
 1860
 1874
 1894
 1918
 1944
 1976
 2010
 2052
 2098
 2144
 2198
 2252
 2304
 2354
 2402
 2442
 2480
 2514
 2546
 2578
 2606
 2630
 2652
 2670
 2688
 2702
 2720
 2734
 2748
 2760
 2772
 2784
 2792
 2810
 2838
 2860
 2880
 2896
 2902
 2906
 2910
 2914
 2920
 2920
 2914
 2904
 2890
 2870
 2846
 2820
 2788
 2752
 2710
 2666
 2620
 2574
 2534
 2500
 2462
 2418
 2374
 2324
 2274
 2224
 2176
 2134
 2094
 2060
 2036
 2016
 2008
 2004
 2008
 2020
 2040
 2068
 2104
 2146
 2198
 2252
 2300
 2348
 2390
 2428
 2462
 2494
 2526
 2560
 2588
 2616
 2640
 2662
 2682
 2702
 2722
 2736
 2748
 2758
 2770
 2780
 2796
 2820
 2844
 2862
 2878
 2888
 2894
 2894
 2894
 2896
 2900
 2902
 2902
 2898
 2894
 2884
 2872
 2854
 2828
 2790
 2744
 2690
 2626
 2568
 2514
 2452
 2388
 2320
 2246
 2168
 2092
 2014
 1942
 1870
 1796
 1726
 1654
 1586
 1522
 1466
 1424
 1398
 1386
 1388
 1402
 1430
 1470
 1518
 1570
 1626
 1678
 1732
 1786
 1848
 1914
 1978
 2042
 2100
 2156
 2208
 2260
 2308
 2356
 2402
 2444
 2484
 2518
 2552
 2594
 2640
 2676
 2708
 2736
 2758
 2780
 2798
 2816
 2838
 2858
 2872
 2884
 2896
 2904
 2910
 2914
 2920
 2924
 2928
 2928
 2930
 2930
 2932
 2940
 2930
 2912
 2884
 2848
 2804
 2750
 2698
 2644
 2588
 2530
 2470
 2408
 2348
 2286
 2230
 2168
 2112
 2054
 1998
 1944
 1896
 1858
 1826
 1796
 1772
 1756
 1744
 1736
 1736
 1748
 1770
 1800
 1834
 1874
 1916
 1962
 2010
 2058
 2108
 2158
 2210
 2262
 2308
 2362
 2422
 2474
 2520
 2564
 2600
 2632
 2664
 2690
 2718
 2742
 2764
 2782
 2798
 2812
 2824
 2838
 2850
 2860
 2868
 2878
 2884
 2888
 2898
 2918
 2940
 2954
 2960
 2962
 2958
 2946
 2928
 2906
 2878
 2844
 2806
 2762
 2714
 2666
 2618
 2564
 2512
 2458
 2404
 2348
 2292
 2244
 2202
 2154
 2104
 2052
 1998
 1944
 1894
 1852
 1826
 1812
 1808
 1812
 1826
 1844
 1872
 1902
 1942
 1990
 2040
 2098
 2158
 2220
 2286
 2344
 2400
 2454
 2498
 2538
 2570
 2600
 2632
 2660
 2688
 2712
 2734
 2756
 2778
 2798
 2816
 2832
 2846
 2860
 2874
 2884
 2904
 2926
 2944
 2958
 2966
 2964
 2956
 2940
 2918
 2892
 2856
 2810
 2760
 2706
 2650
 2594
 2536
 2474
 2412
 2352
 2292
 2236
 2180
 2136
 2092
 2044
 1994
 1944
 1892
 1844
 1804
 1776
 1760
 1754
 1760
 1772
 1792
 1816
 1846
 1878
 1920
 1964
 2010
 2058
 2110
 2170
 2230
 2282
 2334
 2382
 2424
 2466
 2506
 2544
 2580
 2612
 2642
 2668
 2692
 2712
 2734
 2756
 2776
 2792
 2806
 2822
 2836
 2854
 2884
 2910
 2926
 2932
 2926
 2908
 2882
 2848
 2808
 2762
 2708
 2652
 2588
 2524
 2454
 2380
 2302
 2226
 2148
 2076
 2004
 1936
 1882
 1836
 1792
 1750
 1714
 1682
 1656
 1634
 1622
 1624
 1634
 1650
 1672
 1700
 1732
 1772
 1820
 1868
 1920
 1972
 2028
 2084
 2142
 2208
 2270
 2322
 2376
 2422
 2462
 2502
 2536
 2574
 2608
 2640
 2666
 2692
 2716
 2740
 2764
 2784
 2804
 2820
 2836
 2850
 2860
 2872
 2896
 2926
 2948
 2966
 2974
 2974
 2968
 2956
 2942
 2922
 2892
 2856
 2812
 2760
 2704
 2646
 2582
 2514
 2442
 2368
 2294
 2222
 2148
 2086
 2028
 1968
 1904
 1842
 1774
 1706
 1640
 1578
 1532
 1496
 1470
 1458
 1454
 1456
 1468
 1486
 1514
 1550
 1594
 1644
 1702
 1774
 1846
 1916
 1988
 2058
 2122
 2184
 2244
 2298
 2356
 2412
 2466
 2516
 2562
 2610
 2652
 2694
 2730
 2764
 2792
 2820
 2846
 2866
 2898
 2930
 2946
 2960
 2962
 2954
 2936
 2906
 2874
 2832
 2778
 2716
 2650
 2576
 2498
 2416
 2324
 2228
 2136
 2046
 1962
 1884
 1820
 1764
 1708
 1654
 1608
 1566
 1526
 1494
 1468
 1454
 1454
 1460
 1472
 1486
 1502
 1522
 1544
 1568
 1598
 1636
 1680
 1728
 1782
 1840
 1892
 1944
 1992
 2038
 2080
 2124
 2170
 2214
 2258
 2298
 2338
 2380
 2418
 2454
 2490
 2522
 2554
 2586
 2616
 2646
 2688
 2734
 2770
 2800
 2826
 2846
 2866
 2882
 2900
 2916
 2924
 2928
 2934
 2938
 2942
 2948
 2954
 2956
 2958
 2956
 2948
 2934
 2918
 2908
 2896
 2870
 2842
 2808
 2766
 2720
 2672
 2626
 2578
 2528
 2472
 2416
 2356
 2298
 2236
 2174
 2110
 2050
 1994
 1948
 1908
 1880
 1866
 1860
 1860
 1866
 1876
 1888
 1906
 1924
 1950
 1982
 2018
 2058
 2102
 2146
 2196
 2252
 2306
 2354
 2402
 2448
 2496
 2540
 2586
 2644
 2696
 2742
 2784
 2818
 2848
 2872
 2896
 2920
 2940
 2958
 2970
 2974
 2982
 2984
 2990
 2994
 2996
 3000
 3002
 3006
 3004
 3006
 3004
 3006
 3020
 3024
 3016
 2998
 2968
 2936
 2892
 2842
 2790
 2736
 2676
 2614
 2554
 2490
 2426
 2362
 2296
 2232
 2162
 2094
 2026
 1960
 1898
 1840
 1792
 1750
 1708
 1666
 1622
 1576
 1528
 1482
 1434
 1382
 1326
 1276
 1240
 1222
 1226
 1254
 1314
 1408
 1520
 1638
 1756
 1874
 1988
 2094
 2200
 2300
 2386
 2460
 2522
 2572
 2614
 2646
 2668
 2666
 2632
 2586
 2548
 2520
 2498
 2486
 2484
 2484
 2486
 2490
 2496
 2502
 2510
 2520
 2538
 2552
 2558
 2564
 2572
 2580
 2590
 2598
 2610
 2622
 2634
 2646
 2660
 2674
 2692
 2710
 2728
 2744
 2760
 2774
 2786
 2810
 2838
 2858
 2876
 2890
 2896
 2894
 2878
 2846
 2794
 2726
 2646
 2558
 2464
 2364
 2262
 2160
 2056
 1960
 1870
 1784
 1714
 1650
 1588
 1528
 1470
 1408
 1346
 1288
 1238
 1202
 1180
 1172
 1174
 1190
 1214
 1250
 1296
 1358
 1430
 1510
 1596
 1688
 1786
 1886
 1980
 2070
 2154
 2230
 2306
 2374
 2438
 2498
 2556
 2608
 2656
 2698
 2736
 2770
 2806
 2836
 2864
 2888
 2908
 2926
 2940
 2960
 2990
 3012
 3030
 3044
 3052
 3058
 3062
 3064
 3070
 3072
 3074
 3072
 3068
 3066
 3064
 3064
 3062
 3056
 3052
 3050
 3048
 3048
 3048
 3044
 3044
 3056
 3070
 3080
 3086
 3086
 3082
 3076
 3062
 3048
 3032
 3008
 2978
 2944
 2906
 2866
 2824
 2780
 2732
 2686
 2638
 2592
 2544
 2496
 2448
 2400
 2358
 2324
 2294
 2256
 2218
 2178
 2134
 2092
 2056
 2028
 2010
 1998
 1992
 1992
 1996
 2004
 2018
 2040
 2066
 2094
 2126
 2160
 2198
 2234
 2270
 2306
 2350
 2396
 2438
 2480
 2516
 2550
 2582
 2610
 2638
 2666
 2688
 2708
 2728
 2746
 2762
 2782
 2800
 2816
 2832
 2846
 2860
 2872
 2882
 2890
 2898
 2910
 2928
 2942
 2956
 2966
 2970
 2970
 2968
 2970
 2974
 2972
 2968
 2958
 2948
 2936
 2920
 2900
 2874
 2842
 2806
 2768
 2724
 2680
 2634
 2584
 2530
 2482
 2440
 2394
 2346
 2296
 2240
 2178
 2116
 2054
 2000
 1952
 1910
 1876
 1850
 1832
 1822
 1820
 1826
 1838
 1860
 1888
 1920
 1956
 2000
 2050
 2110
 2168
 2222
 2274
 2322
 2370
 2412
 2448
 2486
 2522
 2554
 2582
 2608
 2632
 2656
 2680
 2704
 2724
 2742
 2758
 2774
 2786
 2798
 2808
 2830
 2862
 2884
 2906
 2924
 2932
 2938
 2942
 2946
 2954
 2958
 2956
 2954
 2954
 2956
 2958
 2960
 2964
 2966
 2968
 2968
 2966
 2960
 2950
 2946
 2942
 2924
 2902
 2874
 2840
 2802
 2760
 2718
 2676
 2630
 2580
 2534
 2484
 2432
 2380
 2330
 2276
 2222
 2170
 2120
 2080
 2048
 2030
 2024
 2022
 2026
 2036
 2048
 2064
 2086
 2110
 2142
 2178
 2212
 2250
 2288
 2326
 2366
 2404
 2440
 2476
 2510
 2542
 2570
 2600
 2638
 2678
 2710
 2738
 2762
 2782
 2800
 2814
 2830
 2844
 2856
 2868
 2876
 2886
 2892
 2898
 2900
 2904
 2908
 2914
 2916
 2922
 2926
 2940
 2964
 2978
 2990
 3000
 3004
 3006
 3008
 3006
 3004
 2996
 2984
 2960
 2930
 2900
 2866
 2828
 2786
 2740
 2692
 2644
 2592
 2544
 2504
 2470
 2426
 2382
 2338
 2288
 2234
 2182
 2132
 2088
 2050
 2012
 1980
 1956
 1936
 1924
 1918
 1916
 1924
 1938
 1960
 1988
 2028
 2070
 2114
 2154
 2194
 2232
 2268
 2304
 2342
 2378
 2412
 2442
 2470
 2498
 2526
 2554
 2582
 2610
 2636
 2658
 2680
 2702
 2722
 2750
 2788
 2822
 2850
 2878
 2898
 2916
 2930
 2942
 2954
 2960
 2964
 2966
 2968
 2972
 2972
 2976
 2976
 2974
 2968
 2954
 2940
 2920
 2906
 2894
 2870
 2840
 2806
 2764
 2720
 2672
 2622
 2574
 2522
 2466
 2408
 2352
 2296
 2240
 2186
 2130
 2074
 2022
 1978
 1942
 1918
 1908
 1908
 1914
 1926
 1946
 1968
 1994
 2022
 2054
 2092
 2130
 2168
 2204
 2244
 2282
 2320
 2356
 2388
 2422
 2454
 2486
 2518
 2552
 2598
 2638
 2672
 2706
 2732
 2754
 2774
 2790
 2810
 2826
 2838
 2850
 2864
 2876
 2888
 2898
 2904
 2912
 2918
 2926
 2930
 2930
 2938
 2962
 2984
 2996
 3000
 2994
 2978
 2956
 2926
 2894
 2852
 2804
 2754
 2698
 2642
 2582
 2524
 2460
 2398
 2338
 2278
 2222
 2170
 2126
 2086
 2040
 1994
 1946
 1892
 1840
 1792
 1750
 1722
 1700
 1688
 1682
 1684
 1692
 1708
 1732
 1764
 1804
 1856
 1912
 1974
 2048
 2122
 2192
 2258
 2320
 2374
 2430
 2478
 2528
 2578
 2622
 2660
 2698
 2730
 2762
 2794
 2820
 2844
 2864
 2884
 2900
 2914
 2932
 2962
 2988
 3004
 3022
 3036
 3044
 3046
 3044
 3040
 3028
 3006
 2972
 2934
 2894
 2846
 2798
 2746
 2690
 2636
 2578
 2520
 2462
 2408
 2362
 2312
 2260
 2208
 2148
 2084
 2018
 1956
 1904
 1862
 1826
 1798
 1782
 1776
 1776
 1784
 1802
 1832
 1868
 1914
 1964
 2020
 2084
 2148
 2208
 2266
 2322
 2370
 2422
 2468
 2510
 2554
 2592
 2628
 2662
 2694
 2720
 2748
 2774
 2798
 2818
 2836
 2854
 2870
 2888
 2916
 2948
 2968
 2984
 2998
 3008
 3018
 3026
 3030
 3030
 3020
 3002
 2976
 2940
 2900
 2856
 2802
 2742
 2674
 2606
 2536
 2464
 2400
 2346
 2286
 2224
 2160
 2092
 2024
 1956
 1886
 1820
 1756
 1694
 1632
 1572
 1514
 1460
 1414
 1384
 1368
 1364
 1376
 1404
 1448
 1504
 1572
 1644
 1726
 1806
 1884
 1956
 2028
 2102
 2172
 2236
 2298
 2356
 2412
 2466
 2516
 2562
 2606
 2646
 2682
 2716
 2752
 2798
 2842
 2876
 2908
 2932
 2950
 2964
 2978
 2992
 3004
 3010
 3014
 3016
 3020
 3022
 3024
 3022
 3024
 3024
 3024
 3022
 3018
 3022
 3038
 3052
 3062
 3064
 3058
 3046
 3024
 2994
 2958
 2916
 2866
 2810
 2748
 2684
 2618
 2552
 2484
 2414
 2344
 2278
 2214
 2152
 2098
 2052
 2006
 1956
 1906
 1854
 1800
 1750
 1702
 1664
 1642
 1626
 1618
 1620
 1628
 1644
 1664
 1690
 1724
 1766
 1818
 1884
 1954
 2034
 2118
 2196
 2272
 2346
 2408
 2466
 2518
 2564
 2608
 2646
 2680
 2710
 2740
 2766
 2792
 2812
 2826
 2832
 2822
 2802
 2766
 2718
 2670
 2622
 2572
 2510
 2444
 2372
 2292
 2212
 2130
 2054
 1982
 1910
 1838
 1766
 1698
 1630
 1562
 1494
 1430
 1372
 1316
 1266
 1222
 1186
 1158
 1138
 1124
 1116
 1114
 1122
 1136
 1156
 1190
 1234
 1286
 1352
 1430
 1514
 1604
 1692
 1784
 1874
 1962
 2050
 2132
 2212
 2298
 2380
 2450
 2518
 2580
 2630
 2674
 2712
 2746
 2776
 2800
 2822
 2840
 2856
 2870
 2882
 2892
 2898
 2902
 2900
 2900
 2900
 2900
 2906
 2924
 2942
 2954
 2968
 2976
 2980
 2980
 2980
 2978
 2970
 2954
 2930
 2900
 2862
 2818
 2768
 2714
 2658
 2594
 2532
 2468
 2406
 2344
 2284
 2232
 2180
 2124
 2070
 2014
 1954
 1892
 1830
 1768
 1714
 1662
 1616
 1572
 1536
 1506
 1486
 1476
 1476
 1486
 1508
 1548
 1598
 1662
 1740
 1820
 1904
 1988
 2066
 2138
 2204
 2266
 2330
 2388
 2440
 2488
 2530
 2568
 2600
 2632
 2662
 2688
 2712
 2734
 2752
 2772
 2788
 2812
 2848
 2876
 2898
 2914
 2924
 2932
 2938
 2944
 2954
 2960
 2964
 2964
 2966
 2966
 2960
 2954
 2942
 2924
 2896
 2858
 2812
 2760
 2704
 2656
 2612
 2562
 2508
 2454
 2396
 2338
 2282
 2228
 2176
 2120
 2062
 2004
 1944
 1886
 1832
 1780
 1736
 1704
 1682
 1670
 1668
 1680
 1702
 1732
 1766
 1808
 1854
 1902
 1950
 2004
 2062
 2122
 2180
 2236
 2290
 2344
 2394
 2442
 2488
 2528
 2564
 2596
 2628
 2654
 2686
 2730
 2766
 2796
 2824
 2844
 2864
 2878
 2890
 2904
 2910
 2912
 2914
 2916
 2916
 2916
 2920
 2920
 2920
 2922
 2922
 2922
 2924
 2930
 2948
 2966
 2976
 2986
 2990
 2990
 2986
 2980
 2972
 2962
 2944
 2914
 2878
 2836
 2794
 2750
 2702
 2652
 2600
 2546
 2492
 2438
 2388
 2350
 2310
 2270
 2226
 2180
 2130
 2076
 2024
 1976
 1934
 1896
 1862
 1834
 1812
 1794
 1784
 1778
 1782
 1794
 1818
 1852
 1894
 1950
 2010
 2064
 2116
 2170
 2214
 2258
 2302
 2344
 2384
 2422
 2456
 2490
 2522
 2550
 2580
 2606
 2632
 2656
 2678
 2698
 2718
 2738
 2768
 2798
 2822
 2844
 2862
 2876
 2888
 2898
 2908
 2916
 2926
 2932
 2938
 2942
 2948
 2954
 2960
 2966
 2966
 2964
 2962
 2964
 2966
 2978
 2990
 2992
 2986
 2970
 2946
 2918
 2882
 2848
 2812
 2768
 2726
 2682
 2636
 2590
 2546
 2498
 2448
 2402
 2354
 2310
 2266
 2230
 2200
 2170
 2134
 2104
 2070
 2038
 2012
 1994
 1982
 1980
 1982
 1990
 2002
 2018
 2038
 2062
 2088
 2116
 2148
 2182
 2216
 2258
 2310
 2358
 2402
 2444
 2478
 2508
 2538
 2562
 2590
 2616
 2638
 2660
 2682
 2698
 2718
 2740
 2760
 2780
 2798
 2816
 2834
 2850
 2870
 2900
 2932
 2950
 2966
 2976
 2982
 2988
 2990
 2990
 2986
 2976
 2960
 2934
 2902
 2868
 2832
 2794
 2748
 2700
 2650
 2598
 2546
 2500
 2460
 2420
 2372
 2328
 2280
 2228
 2174
 2120
 2074
 2026
 1982
 1942
 1906
 1876
 1852
 1832
 1820
 1818
 1822
 1840
 1868
 1906
 1954
 2004
 2052
 2104
 2152
 2198
 2246
 2290
 2334
 2380
 2420
 2458
 2494
 2526
 2558
 2588
 2618
 2644
 2668
 2692
 2714
 2736
 2766
 2806
 2838
 2866
 2892
 2908
 2916
 2924
 2932
 2942
 2946
 2944
 2940
 2932
 2918
 2898
 2872
 2840
 2804
 2764
 2724
 2680
 2646
 2612
 2570
 2526
 2482
 2432
 2378
 2326
 2272
 2220
 2168
 2120
 2072
 2030
 1996
 1968
 1948
 1936
 1934
 1942
 1960
 1986
 2026
 2072
 2118
 2164
 2208
 2250
 2292
 2334
 2372
 2414
 2452
 2486
 2520
 2552
 2580
 2608
 2636
 2660
 2680
 2700
 2718
 2734
 2760
 2794
 2822
 2846
 2868
 2886
 2898
 2908
 2918
 2928
 2930
 2932
 2934
 2936
 2940
 2944
 2950
 2956
 2962
 2966
 2968
 2972
 2978
 2996
 3004
 2998
 2990
 2972
 2950
 2922
 2886
 2852
 2810
 2762
 2714
 2662
 2606
 2550
 2494
 2434
 2376
 2318
 2266
 2212
 2168
 2130
 2090
 2050
 2012
 1970
 1926
 1888
 1856
 1836
 1828
 1828
 1836
 1850
 1870
 1896
 1924
 1958
 1994
 2032
 2078
 2128
 2182
 2244
 2304
 2358
 2416
 2466
 2508
 2548
 2584
 2622
 2654
 2684
 2712
 2736
 2760
 2782
 2804
 2824
 2842
 2858
 2872
 2886
 2898
 2920
 2944
 2964
 2980
 2994
 3000
 3006
 3006
 3006
 3004
 2994
 2976
 2952
 2926
 2898
 2864
 2828
 2786
 2742
 2696
 2648
 2600
 2550
 2508
 2470
 2424
 2378
 2330
 2278
 2220
 2164
 2108
 2058
 2010
 1968
 1930
 1898
 1874
 1858
 1852
 1852
 1860
 1880
 1908
 1942
 1988
 2050
 2108
 2168
 2224
 2276
 2326
 2372
 2414
 2456
 2498
 2536
 2570
 2602
 2630
 2658
 2688
 2712
 2732
 2752
 2774
 2794
 2812
 2834
 2866
 2896
 2914
 2932
 2946
 2958
 2966
 2972
 2982
 2990
 2996
 2996
 2998
 2998
 3000
 3002
 3002
 3002
 3002
 3002
 3002
 3000
 2996
 3000
 3004
 3000
 2988
 2968
 2938
 2908
 2872
 2836
 2798
 2754
 2708
 2660
 2610
 2560
 2512
 2464
 2412
 2362
 2312
 2262
 2212
 2164
 2126
 2092
 2060
 2022
 1988
 1950
 1916
 1884
 1860
 1848
 1844
 1848
 1858
 1874
 1894
 1922
 1954
 1988
 2024
 2060
 2100
 2140
 2184
 2236
 2290
 2344
 2398
 2450
 2494
 2532
 2570
 2606
 2644
 2676
 2706
 2734
 2760
 2786
 2810
 2834
 2854
 2874
 2890
 2904
 2920
 2930
 2944
 2968
 2990
 3006
 3022
 3032
 3034
 3032
 3024
 3010
 2984
 2950
 2912
 2872
 2824
 2770
 2712
 2654
 2592
 2532
 2472
 2416
 2364
 2322
 2280
 2232
 2182
 2132
 2072
 2014
 1954
 1898
 1850
 1806
 1770
 1740
 1718
 1704
 1698
 1702
 1718
 1740
 1770
 1806
 1850
 1904
 1960
 2014
 2070
 2126
 2180
 2232
 2280
 2330
 2382
 2434
 2486
 2532
 2576
 2620
 2660
 2700
 2734
 2764
 2792
 2820
 2844
 2872
 2910
 2938
 2956
 2974
 2988
 2998
 3006
 3010
 3016
 3018
 3014
 3004
 2988
 2968
 2944
 2918
 2882
 2838
 2792
 2740
 2690
 2638
 2594
 2554
 2506
 2456
 2404
 2344
 2284
 2224
 2166
 2114
 2060
 2006
 1958
 1912
 1872
 1840
 1814
 1798
 1792
 1798
 1812
 1836
 1872
 1918
 1970
 2024
 2080
 2128
 2176
 2222
 2266
 2312
 2358
 2400
 2442
 2482
 2520
 2556
 2592
 2628
 2662
 2692
 2722
 2750
 2778
 2806
 2844
 2886
 2916
 2944
 2966
 2982
 2994
 3006
 3014
 3020
 3022
 3024
 3026
 3024
 3018
 3008
 2992
 2968
 2938
 2898
 2854
 2806
 2752
 2704
 2658
 2602
 2546
 2488
 2426
 2364
 2300
 2240
 2182
 2122
 2062
 1996
 1932
 1868
 1804
 1742
 1688
 1640
 1606
 1584
 1574
 1576
 1594
 1620
 1654
 1696
 1744
 1796
 1848
 1902
 1960
 2024
 2088
 2154
 2220
 2286
 2350
 2414
 2472
 2528
 2580
 2624
 2666
 2706
 2742
 2784
 2832
 2870
 2904
 2934
 2952
 2970
 2982
 2996
 3006
 3010
 3010
 3010
 3004
 2992
 2972
 2946
 2914
 2874
 2826
 2774
 2718
 2660
 2606
 2562
 2512
 2460
 2408
 2352
 2296
 2240
 2182
 2134
 2082
 2030
 1974
 1918
 1864
 1812
 1764
 1728
 1704
 1692
 1694
 1706
 1732
 1774
 1824
 1878
 1938
 2000
 2060
 2118
 2176
 2236
 2298
 2356
 2410
 2462
 2512
 2556
 2600
 2640
 2678
 2712
 2744
 2772
 2800
 2826
 2862
 2900
 2932
 2962
 2986
 2998
 3006
 3012
 3020
 3028
 3032
 3032
 3030
 3024
 3014
 2998
 2974
 2944
 2906
 2866
 2820
 2772
 2718
 2670
 2630
 2586
 2538
 2494
 2442
 2386
 2330
 2272
 2220
 2170
 2122
 2074
 2028
 1986
 1950
 1924
 1904
 1894
 1892
 1900
 1918
 1942
 1978
 2020
 2060
 2102
 2146
 2184
 2222
 2256
 2292
 2330
 2368
 2406
 2440
 2474
 2506
 2540
 2572
 2602
 2632
 2662
 2692
 2720
 2746
 2774
 2814
 2854
 2886
 2916
 2940
 2956
 2966
 2976
 2988
 3000
 3008
 3010
 3014
 3018
 3022
 3026
 3028
 3030
 3030
 3030
 3026
 3016
 3002
 2994
 2986
 2968
 2944
 2912
 2872
 2830
 2782
 2730
 2680
 2626
 2570
 2516
 2458
 2398
 2334
 2272
 2208
 2146
 2084
 2024
 1970
 1922
 1888
 1858
 1832
 1808
 1792
 1782
 1774
 1774
 1782
 1802
 1832
 1870
 1908
 1954
 2000
 2052
 2104
 2156
 2204
 2252
 2306
 2358
 2418
 2478
 2530
 2580
 2624
 2660
 2694
 2724
 2756
 2786
 2810
 2832
 2852
 2870
 2886
 2898
 2912
 2920
 2924
 2930
 2938
 2946
 2962
 2986
 3002
 3018
 3024
 3016
 2998
 2972
 2940
 2904
 2856
 2800
 2742
 2680
 2618
 2558
 2494
 2428
 2366
 2304
 2248
 2192
 2148
 2110
 2070
 2026
 1982
 1938
 1890
 1842
 1798
 1764
 1742
 1726
 1716
 1714
 1718
 1726
 1740
 1758
 1786
 1820
 1862
 1906
 1960
 2020
 2080
 2138
 2192
 2244
 2294
 2348
 2396
 2448
 2498
 2542
 2582
 2618
 2654
 2684
 2716
 2742
 2768
 2790
 2810
 2832
 2850
 2874
 2908
 2934
 2954
 2968
 2976
 2982
 2988
 2992
 3000
 3004
 3002
 2996
 2986
 2968
 2946
 2922
 2894
 2860
 2820
 2780
 2738
 2690
 2652
 2616
 2570
 2522
 2472
 2418
 2360
 2302
 2244
 2190
 2138
 2084
 2034
 1984
 1940
 1902
 1868
 1846
 1832
 1830
 1836
 1852
 1882
 1924
 1970
 2018
 2068
 2118
 2166
 2212
 2260
 2312
 2360
 2408
 2450
 2492
 2532
 2572
 2610
 2644
 2676
 2708
 2734
 2760
 2784
 2812
 2852
 2886
 2914
 2940
 2956
 2964
 2972
 2980
 2988
 2994
 2996
 2998
 2996
 2996
 2996
 2994
 2994
 2996
 2994
 2992
 2988
 2986
 2980
 2984
 2984
 2972
 2954
 2926
 2892
 2854
 2808
 2762
 2712
 2656
 2600
 2542
 2482
 2422
 2364
 2300
 2240
 2180
 2124
 2070
 2020
 1980
 1946
 1912
 1876
 1848
 1820
 1794
 1772
 1756
 1752
 1756
 1766
 1780
 1800
 1828
 1862
 1898
 1938
 1980
 2026
 2076
 2124
 2178
 2240
 2298
 2350
 2402
 2446
 2486
 2522
 2558
 2596
 2630
 2662
 2692
 2720
 2748
 2774
 2800
 2822
 2844
 2862
 2878
 2892
 2902
 2914
 2938
 2960
 2976
 2992
 3002
 3008
 3012
 3012
 3012
 3004
 2992
 2970
 2944
 2916
 2882
 2846
 2806
 2758
 2708
 2656
 2602
 2550
 2500
 2458
 2412
 2364
 2316
 2264
 2210
 2158
 2104
 2058
 2018
 1982
 1954
 1932
 1918
 1912
 1912
 1922
 1938
 1962
 1994
 2030
 2078
 2132
 2186
 2236
 2288
 2338
 2384
 2428
 2468
 2508
 2548
 2582
 2614
 2646
 2674
 2704
 2732
 2756
 2776
 2798
 2818
 2834
 2858
 2890
 2914
 2934
 2952
 2966
 2980
 2990
 2996
 3006
 3014
 3018
 3020
 3020
 3014
 3004
 2994
 2974
 2948
 2918
 2884
 2846
 2812
 2778
 2736
 2694
 2650
 2600
 2548
 2492
 2438
 2388
 2336
 2284
 2234
 2182
 2130
 2082
 2034
 1996
 1966
 1944
 1934
 1934
 1946
 1970
 1998
 2028
 2066
 2102
 2138
 2178
 2218
 2266
 2312
 2356
 2398
 2438
 2478
 2516
 2552
 2590
 2624
 2656
 2688
 2720
 2746
 2780
 2822
 2860
 2894
 2922
 2942
 2956
 2966
 2978
 2990
 2998
 3006
 3010
 3012
 3016
 3020
 3020
 3022
 3022
 3024
 3022
 3018
 3010
 3004
 3004
 2992
 2974
 2950
 2916
 2880
 2836
 2786
 2736
 2678
 2616
 2552
 2486
 2420
 2354
 2290
 2226
 2164
 2102
 2044
 1988
 1934
 1888
 1852
 1824
 1802
 1788
 1782
 1780
 1784
 1794
 1810
 1838
 1870
 1908
 1952
 2002
 2054
 2108
 2162
 2212
 2264
 2314
 2362
 2410
 2454
 2506
 2564
 2614
 2658
 2698
 2732
 2764
 2790
 2814
 2836
 2856
 2874
 2888
 2902
 2914
 2924
 2932
 2940
 2948
 2956
 2962
 2966
 2972
 2976
 2980
 2994
 3012
 3024
 3036
 3044
 3044
 3042
 3032
 3020
 3002
 2974
 2938
 2898
 2854
 2808
 2758
 2704
 2644
 2578
 2514
 2446
 2380
 2318
 2254
 2200
 2150
 2096
 2042
 1988
 1930
 1870
 1814
 1760
 1712
 1668
 1630
 1598
 1570
 1550
 1538
 1534
 1540
 1554
 1580
 1614
 1656
 1712
 1778
 1850
 1920
 1994
 2070
 2140
 2206
 2266
 2326
 2384
 2436
 2486
 2532
 2574
 2610
 2644
 2676
 2708
 2738
 2768
 2792
 2814
 2832
 2850
 2870
 2902
 2932
 2954
 2974
 2982
 2992
 2998
 3004
 3010
 3014
 3008
 2998
 2982
 2958
 2928
 2896
 2858
 2814
 2760
 2704
 2644
 2586
 2526
 2468
 2420
 2372
 2318
 2264
 2206
 2144
 2080
 2016
 1956
 1902
 1852
 1806
 1764
 1726
 1698
 1678
 1668
 1668
 1676
 1692
 1718
 1752
 1798
 1852
 1912
 1972
 2034
 2094
 2150
 2204
 2262
 2320
 2376
 2428
 2476
 2522
 2566
 2604
 2638
 2670
 2700
 2728
 2752
 2776
 2798
 2818
 2844
 2876
 2904
 2924
 2944
 2958
 2970
 2978
 2984
 2988
 2990
 2992
 2992
 2990
 2988
 2986
 2984
 2980
 2972
 2958
 2942
 2920
 2892
 2858
 2824
 2792
 2752
 2702
 2652
 2596
 2536
 2476
 2418
 2364
 2310
 2254
 2198
 2140
 2082
 2020
 1960
 1902
 1850
 1808
 1772
 1750
 1736
 1736
 1746
 1764
 1788
 1820
 1858
 1896
 1942
 1990
 2044
 2102
 2158
 2216
 2272
 2326
 2374
 2424
 2476
 2522
 2564
 2600
 2634
 2668
 2698
 2736
 2780
 2814
 2844
 2874
 2892
 2910
 2922
 2930
 2938
 2948
 2952
 2956
 2958
 2960
 2962
 2964
 2966
 2966
 2966
 2966
 2966
 2964
 2956
 2956
 2960
 2956
 2948
 2930
 2904
 2874
 2840
 2806
 2768
 2726
 2678
 2628
 2576
 2522
 2468
 2412
 2352
 2294
 2236
 2180
 2128
 2080
 2032
 1994
 1956
 1916
 1880
 1846
 1814
 1786
 1766
 1752
 1748
 1754
 1764
 1782
 1802
 1832
 1870
 1912
 1960
 2012
 2066
 2124
 2182
 2244
 2312
 2380
 2442
 2502
 2552
 2598
 2636
 2672
 2706
 2736
 2762
 2784
 2806
 2824
 2840
 2856
 2872
 2884
 2896
 2904
 2914
 2918
 2920
 2930
 2952
 2968
 2980
 2990
 2994
 2996
 2992
 2982
 2970
 2946
 2916
 2884
 2844
 2802
 2756
 2710
 2662
 2612
 2560
 2508
 2458
 2406
 2362
 2326
 2288
 2246
 2204
 2158
 2106
 2056
 2006
 1966
 1930
 1902
 1880
 1866
 1858
 1856
 1860
 1870
 1884
 1904
 1930
 1966
 2004
 2050
 2100
 2152
 2200
 2250
 2294
 2338
 2380
 2422
 2464
 2502
 2536
 2570
 2602
 2630
 2658
 2684
 2710
 2736
 2758
 2780
 2798
 2818
 2838
 2870
 2900
 2922
 2940
 2952
 2960
 2966
 2972
 2980
 2984
 2986
 2986
 2984
 2980
 2974
 2964
 2952
 2934
 2910
 2880
 2848
 2812
 2776
 2744
 2718
 2682
 2644
 2604
 2558
 2512
 2464
 2418
 2374
 2330
 2286
 2244
 2198
 2156
 2110
 2068
 2028
 1996
 1968
 1952
 1944
 1942
 1956
 1974
 1998
 2022
 2050
 2078
 2106
 2136
 2166
 2200
 2232
 2264
 2294
 2326
 2352
 2380
 2408
 2436
 2464
 2492
 2520
 2550
 2576
 2612
 2656
 2692
 2724
 2756
 2778
 2800
 2816
 2832
 2850
 2864
 2878
 2890
 2902
 2912
 2918
 2924
 2930
 2936
 2942
 2942
 2938
 2928
 2922
 2912
 2890
 2862
 2832
 2792
 2750
 2702
 2654
 2608
 2558
 2504
 2450
 2394
 2342
 2286
 2226
 2170
 2114
 2062
 2014
 1972
 1940
 1916
 1892
 1866
 1848
 1830
 1822
 1816
 1820
 1832
 1852
 1878
 1912
 1952
 1998
 2046
 2092
 2140
 2186
 2232
 2280
 2328
 2388
 2450
 2502
 2556
 2604
 2646
 2682
 2716
 2748
 2780
 2806
 2826
 2846
 2866
 2884
 2900
 2914
 2924
 2932
 2940
 2946
 2952
 2970
 2986
 2996
 3006
 3010
 3008
 2998
 2984
 2964
 2940
 2906
 2866
 2824
 2780
 2734
 2684
 2630
 2578
 2522
 2466
 2414
 2362
 2320
 2282
 2242
 2196
 2152
 2102
 2050
 2000
 1956
 1920
 1896
 1878
 1868
 1864
 1870
 1882
 1900
 1930
 1964
 2008
 2052
 2104
 2166
 2228
 2288
 2346
 2398
 2444
 2486
 2522
 2562
 2600
 2630
 2656
 2684
 2710
 2736
 2762
 2788
 2812
 2834
 2854
 2872
 2884
 2900
 2928
 2952
 2974
 2992
 3004
 3008
 3002
 2988
 2964
 2930
 2890
 2848
 2798
 2748
 2694
 2636
 2576
 2512
 2452
 2392
 2336
 2288
 2246
 2204
 2156
 2110
 2060
 2004
 1950
 1898
 1858
 1826
 1802
 1786
 1778
 1778
 1780
 1792
 1810
 1836
 1870
 1914
 1966
 2028
 2096
 2160
 2222
 2282
 2334
 2384
 2430
 2476
 2520
 2560
 2600
 2636
 2668
 2700
 2732
 2762
 2790
 2814
 2834
 2856
 2876
 2904
 2942
 2968
 2990
 3006
 3016
 3022
 3020
 3010
 2990
 2964
 2930
 2894
 2852
 2808
 2762
 2712
 2660
 2606
 2552
 2498
 2444
 2402
 2362
 2316
 2268
 2220
 2170
 2118
 2072
 2036
 2012
 1996
 1992
 1996
 2006
 2024
 2048
 2078
 2114
 2154
 2198
 2242
 2290
 2350
 2412
 2466
 2520
 2566
 2610
 2650
 2686
 2722
 2756
 2786
 2814
 2840
 2864
 2882
 2902
 2918
 2930
 2940
 2950
 2956
 2964
 2984
 3008
 3024
 3036
 3040
 3038
 3026
 3000
 2970
 2938
 2898
 2856
 2810
 2760
 2706
 2652
 2594
 2534
 2472
 2412
 2354
 2302
 2256
 2210
 2160
 2112
 2064
 2014
 1966
 1926
 1898
 1882
 1874
 1876
 1886
 1904
 1928
 1960
 2000
 2042
 2090
 2142
 2194
 2256
 2320
 2380
 2434
 2490
 2540
 2584
 2624
 2660
 2696
 2728
 2756
 2780
 2804
 2826
 2848
 2866
 2880
 2894
 2904
 2910
 2918
 2936
 2964
 2982
 3000
 3014
 3024
 3032
 3034
 3034
 3030
 3022
 3004
 2982
 2954
 2920
 2884
 2844
 2796
 2744
 2690
 2634
 2578
 2532
 2488
 2438
 2386
 2336
 2280
 2220
 2160
 2100
 2052
 2004
 1962
 1928
 1900
 1880
 1864
 1858
 1862
 1872
 1892
 1922
 1966
 2018
 2070
 2120
 2172
 2224
 2272
 2314
 2358
 2404
 2450
 2488
 2530
 2568
 2606
 2644
 2682
 2716
 2742
 2768
 2792
 2816
 2840
 2878
 2910
 2930
 2950
 2964
 2974
 2982
 2988
 2994
 2996
 2992
 2978
 2960
 2940
 2916
 2888
 2856
 2818
 2778
 2734
 2694
 2660
 2628
 2586
 2544
 2496
 2442
 2386
 2330
 2274
 2224
 2172
 2124
 2078
 2042
 2010
 1988
 1976
 1974
 1982
 1996
 2022
 2062
 2108
 2152
 2200
 2246
 2288
 2330
 2370
 2412
 2456
 2498
 2538
 2578
 2616
 2652
 2688
 2722
 2750
 2772
 2796
 2816
 2844
 2880
 2908
 2930
 2946
 2958
 2966
 2972
 2980
 2986
 2990
 2992
 2994
 2996
 2994
 2990
 2982
 2968
 2948
 2920
 2886
 2858
 2834
 2798
 2758
 2716
 2664
 2608
 2548
 2486
 2426
 2364
 2302
 2240
 2178
 2110
 2042
 1974
 1912
 1858
 1812
 1776
 1756
 1748
 1744
 1750
 1764
 1784
 1814
 1848
 1896
 1954
 2016
 2082
 2152
 2222
 2286
 2350
 2408
 2460
 2510
 2554
 2598
 2652
 2704
 2746
 2784
 2814
 2838
 2858
 2876
 2892
 2908
 2918
 2926
 2932
 2938
 2942
 2948
 2948
 2948
 2948
 2950
 2948
 2956
 2974
 2986
 2996
 2998
 2992
 2980
 2960
 2936
 2908
 2870
 2828
 2782
 2734
 2682
 2626
 2570
 2508
 2448
 2388
 2330
 2282
 2240
 2190
 2138
 2086
 2024
 1956
 1884
 1810
 1740
 1670
 1598
 1526
 1458
 1392
 1328
 1276
 1238
 1216
 1208
 1212
 1234
 1268
 1312
 1370
 1440
 1516
 1600
 1682
 1762
 1844
 1924
 2000
 2074
 2142
 2200
 2252
 2302
 2348
 2392
 2430
 2466
 2502
 2542
 2592
 2630
 2666
 2698
 2722
 2744
 2758
 2772
 2786
 2796
 2800
 2796
 2776
 2746
 2712
 2670
 2616
 2558
 2496
 2430
 2362
 2294
 2228
 2154
 2076
 1998
 1918
 1840
 1768
 1704
 1650
 1602
 1558
 1516
 1474
 1430
 1378
 1326
 1276
 1228
 1178
 1124
 1076
 1026
 972
 918
 860
 796
 722
 642
 552
 464
 378
 294
 200
 112
 20
 0
 0
 0
 0
 0
 0
 0
 0
 0
 0
 0
 0
 0
 0
 0
 0
 0
 0
 0
 0
 0
 0
 20
 142
 258
 374
 494
 618
 742
 866
 982
 1090
 1190
 1276
 1360
 1442
 1522
 1602
 1684
 1766
 1848
 1926
 2006
 2080
 2152
 2220
 2284
 2346
 2406
 2462
 2530
 2588
 2640
 2688
 2726
 2756
 2780
 2802
 2824
 2840
 2854
 2868
 2878
 2882
 2888
 2896
 2902
 2908
 2912
 2916
 2920
 2926
 2932
 2952
 2968
 2980
 2992
 2996
 2996
 2994
 2994
 2996
 2996
 2992
 2988
 2984
 2982
 2978
 2972
 2966
 2962
 2958
 2954
 2952
 2950
 2954
 2970
 2984
 2990
 3000
 3004
 3004
 3004
 3002
 3002
 3002
 2998
 2990
 2980
 2972
 2964
 2956
 2946
 2930
 2914
 2892
 2866
 2834
 2802
 2776
 2746
 2710
 2672
 2630
 2580
 2530
 2478
 2428
 2382
 2334
 2288
 2244
 2204
 2170
 2140
 2118
 2106
 2102
 2106
 2118
 2140
 2174
 2216
 2260
 2304
 2348
 2388
 2424
 2458
 2490
 2522
 2552
 2576
 2598
 2618
 2638
 2658
 2676
 2694
 2706
 2720
 2734
 2746
 2762
 2790
 2818
 2838
 2858
 2874
 2884
 2892
 2900
 2906
 2908
 2906
 2904
 2904
 2900
 2894
 2892
 2888
 2884
 2882
 2878
 2876
 2878
 2886
 2904
 2918
 2928
 2936
 2938
 2940
 2938
 2940
 2940
 2940
 2938
 2934
 2928
 2926
 2924
 2920
 2912
 2906
 2902
 2898
 2896
 2898
 2912
 2928
 2938
 2948
 2952
 2950
 2948
 2944
 2940
 2934
 2922
 2910
 2894
 2874
 2852
 2830
 2800
 2770
 2738
 2704
 2666
 2630
 2602
 2574
 2540
 2508
 2468
 2426
 2380
 2336
 2290
 2246
 2204
 2164
 2128
 2096
 2072
 2052
 2040
 2036
 2040
 2056
 2080
 2116
 2162
 2210
 2256
 2300
 2342
 2380
 2412
 2438
 2468
 2498
 2524
 2554
 2580
 2606
 2632
 2658
 2678
 2694
 2712
 2728
 2742
 2764
 2796
 2822
 2844
 2864
 2878
 2888
 2894
 2898
 2902
 2902
 2902
 2902
 2898
 2890
 2884
 2874
 2862
 2848
 2830
 2808
 2786
 2770
 2752
 2726
 2700
 2666
 2626
 2584
 2540
 2498
 2456
 2410
 2368
 2326
 2288
 2250
 2218
 2192
 2170
 2162
 2160
 2170
 2192
 2226
 2262
 2302
 2342
 2380
 2414
 2444
 2476
 2506
 2534
 2560
 2584
 2606
 2628
 2646
 2662
 2674
 2686
 2696
 2708
 2722
 2744
 2776
 2802
 2824
 2846
 2858
 2870
 2876
 2884
 2894
 2900
 2902
 2904
 2902
 2896
 2892
 2890
 2888
 2884
 2876
 2872
 2868
 2870
 2884
 2900
 2912
 2926
 2930
 2930
 2928
 2924
 2920
 2918
 2908
 2894
 2876
 2854
 2828
 2800
 2768
 2732
 2694
 2652
 2612
 2570
 2532
 2502
 2472
 2436
 2404
 2366
 2320
 2272
 2222
 2176
 2136
 2096
 2062
 2034
 2010
 1990
 1978
 1968
 1970
 1980
 1998
 2024
 2058
 2102
 2152
 2200
 2246
 2290
 2328
 2366
 2396
 2428
 2458
 2484
 2510
 2532
 2550
 2570
 2590
 2608
 2624
 2636
 2648
 2660
 2672
 2688
 2716
 2748
 2772
 2796
 2816
 2828
 2836
 2842
 2846
 2852
 2854
 2856
 2858
 2862
 2864
 2866
 2870
 2870
 2872
 2876
 2876
 2878
 2878
 2882
 2900
 2914
 2928
 2940
 2942
 2942
 2936
 2932
 2922
 2908
 2886
 2862
 2832
 2798
 2762
 2724
 2682
 2632
 2584
 2534
 2484
 2438
 2402
 2368
 2332
 2294
 2254
 2208
 2160
 2110
 2064
 2026
 1994
 1970
 1954
 1942
 1936
 1940
 1946
 1960
 1980
 2006
 2040
 2078
 2126
 2182
 2232
 2280
 2328
 2372
 2410
 2442
 2470
 2502
 2532
 2558
 2584
 2608
 2630
 2652
 2674
 2694
 2710
 2726
 2742
 2756
 2770
 2792
 2826
 2856
 2878
 2902
 2916
 2920
 2920
 2920
 2920
 2914
 2902
 2884
 2864
 2842
 2818
 2792
 2762
 2726
 2686
 2648
 2606
 2568
 2542
 2508
 2468
 2430
 2382
 2328
 2272
 2220
 2172
 2136
 2102
 2080
 2068
 2062
 2064
 2070
 2086
 2110
 2140
 2176
 2214
 2266
 2324
 2382
 2432
 2484
 2526
 2560
 2594
 2622
 2654
 2682
 2706
 2728
 2748
 2764
 2780
 2794
 2808
 2818
 2826
 2836
 2844
 2860
 2892
 2918
 2936
 2954
 2960
 2962
 2960
 2960
 2960
 2956
 2944
 2932
 2914
 2894
 2874
 2848
 2820
 2788
 2754
 2720
 2682
 2648
 2618
 2580
 2542
 2500
 2450
 2398
 2342
 2286
 2234
 2188
 2148
 2112
 2088
 2072
 2060
 2058
 2062
 2074
 2096
 2126
 2164
 2216
 2272
 2324
 2374
 2422
 2464
 2500
 2532
 2564
 2596
 2626
 2652
 2678
 2700
 2720
 2738
 2756
 2772
 2784
 2794
 2804
 2816
 2832
 2864
 2888
 2906
 2924
 2932
 2938
 2940
 2944
 2950
 2952
 2952
 2954
 2952
 2948
 2936
 2924
 2910
 2888
 2866
 2838
 2808
 2772
 2746
 2722
 2686
 2646
 2600
 2546
 2492
 2430
 2370
 2314
 2254
 2196
 2136
 2078
 2018
 1960
 1906
 1860
 1828
 1810
 1802
 1808
 1834
 1872
 1916
 1968
 2024
 2078
 2128
 2176
 2224
 2276
 2326
 2372
 2414
 2452
 2490
 2526
 2560
 2590
 2616
 2640
 2664
 2686
 2708
 2746
 2784
 2814
 2842
 2864
 2878
 2886
 2890
 2896
 2902
 2906
 2908
 2908
 2910
 2910
 2910
 2910
 2908
 2906
 2904
 2898
 2888
 2880
 2880
 2870
 2850
 2826
 2788
 2746
 2694
 2642
 2590
 2536
 2476
 2416
 2354
 2292
 2228
 2162
 2092
 2024
 1956
 1894
 1834
 1784
 1746
 1716
 1688
 1666
 1652
 1640
 1636
 1636
 1646
 1666
 1694
 1728
 1770
 1812
 1856
 1900
 1944
 1984
 2024
 2066
 2108
 2156
 2216
 2274
 2322
 2370
 2410
 2446
 2478
 2506
 2536
 2564
 2588
 2612
 2632
 2650
 2670
 2690
 2706
 2720
 2732
 2744
 2758
 2780
 2812
 2836
 2858
 2872
 2868
 2854
 2836
 2826
 2818
 2808
 2800
 2798
 2800
 2802
 2804
 2804
 2806
 2806
 2806
 2808
 2816
 2830
 2842
 2856
 2868
 2876
 2882
 2886
 2888
 2892
 2898
 2900
 2900
 2896
 2894
 2896
 2896
 2892
 2882
 2868
 2854
 2842
 2822
 2784
 2738
 2676
 2608
 2534
 2452
 2370
 2288
 2194
 2098
 2002
 1906
 1804
 1702
 1604
 1512
 1426
 1358
 1304
 1254
 1212
 1180
 1158
 1146
 1142
 1150
 1176
 1220
 1278
 1352
 1442
 1538
 1634
 1732
 1826
 1918
 2006
 2090
 2184
 2280
 2362
 2438
 2502
 2556
 2600
 2638
 2674
 2704
 2732
 2756
 2778
 2798
 2818
 2836
 2854
 2868
 2878
 2892
 2900
 2912
 2942
 2968
 2988
 3006
 3016
 3020
 3020
 3022
 3024
 3020
 3008
 2990
 2966
 2938
 2902
 2862
 2814
 2762
 2704
 2646
 2586
 2520
 2458
 2404
 2344
 2276
 2210
 2142
 2066
 1988
 1908
 1834
 1760
 1690
 1622
 1562
 1504
 1450
 1400
 1364
 1344
 1336
 1342
 1360
 1398
 1450
 1508
 1568
 1636
 1704
 1770
 1834
 1896
 1964
 2032
 2100
 2164
 2226
 2284
 2340
 2396
 2448
 2496
 2540
 2582
 2620
 2656
 2702
 2752
 2792
 2830
 2860
 2884
 2900
 2912
 2926
 2938
 2946
 2952
 2954
 2954
 2954
 2958
 2960
 2962
 2962
 2962
 2964
 2964
 2964
 2976
 2990
 2992
 2990
 2978
 2954
 2924
 2888
 2850
 2808
 2754
 2700
 2642
 2582
 2520
 2458
 2396
 2330
 2264
 2200
 2136
 2078
 2024
 1980
 1938
 1892
 1848
 1802
 1756
 1710
 1668
 1634
 1616
 1608
 1610
 1620
 1642
 1666
 1698
 1738
 1786
 1834
 1888
 1946
 2004
 2064
 2134
 2202
 2264
 2326
 2386
 2438
 2482
 2522
 2562
 2600
 2634
 2666
 2692
 2720
 2744
 2770
 2792
 2814
 2830
 2848
 2864
 2876
 2890
 2914
 2940
 2958
 2976
 2990
 2998
 3002
 3006
 3006
 3004
 2994
 2976
 2954
 2926
 2894
 2858
 2818
 2772
 2724
 2670
 2614
 2556
 2498
 2450
 2406
 2354
 2300
 2248
 2188
 2124
 2062
 2002
 1948
 1896
 1854
 1814
 1786
 1762
 1746
 1738
 1742
 1752
 1772
 1804
 1840
 1890
 1946
 2004
 2064
 2126
 2184
 2242
 2294
 2340
 2388
 2432
 2472
 2510
 2548
 2582
 2616
 2648
 2678
 2704
 2726
 2746
 2768
 2786
 2806
 2842
 2876
 2902
 2928
 2944
 2954
 2960
 2960
 2966
 2972
 2972
 2972
 2972
 2972
 2970
 2966
 2956
 2940
 2918
 2892
 2860
 2824
 2788
 2756
 2720
 2676
 2628
 2576
 2516
 2454
 2390
 2330
 2272
 2210
 2150
 2084
 2020
 1960
 1904
 1850
 1808
 1776
 1754
 1748
 1750
 1768
 1798
 1836
 1878
 1926
 1974
 2018
 2066
 2110
 2160
 2210
 2256
 2304
 2350
 2394
 2434
 2476
 2514
 2548
 2578
 2606
 2634
 2662
 2690
 2728
 2768
 2800
 2832
 2856
 2874
 2888
 2896
 2902
 2910
 2912
 2916
 2918
 2920
 2922
 2924
 2928
 2930
 2926
 2924
 2924
 2924
 2924
 2924
 2936
 2956
 2968
 2974
 2970
 2956
 2938
 2914
 2888
 2856
 2822
 2780
 2734
 2682
 2630
 2574
 2518
 2456
 2396
 2334
 2272
 2212
 2154
 2098
 2054
 2014
 1974
 1934
 1898
 1860
 1824
 1794
 1772
 1762
 1762
 1768
 1784
 1802
 1824
 1852
 1886
 1918
 1954
 1994
 2038
 2086
 2132
 2184
 2244
 2302
 2354
 2404
 2448
 2484
 2520
 2550
 2582
 2610
 2638
 2660
 2684
 2706
 2724
 2744
 2762
 2780
 2794
 2808
 2822
 2834
 2846
 2858
 2880
 2908
 2922
 2938
 2948
 2954
 2960
 2962
 2964
 2964
 2956
 2944
 2924
 2900
 2872
 2842
 2808
 2772
 2730
 2684
 2636
 2584
 2534
 2480
 2434
 2392
 2346
 2298
 2246
 2190
 2132
 2074
 2018
 1970
 1928
 1890
 1860
 1836
 1820
 1812
 1812
 1818
 1832
 1852
 1876
 1908
 1944
 1990
 2042
 2092
 2140
 2192
