 2320
 2364
 2410
 2454
 2496
 2538
 2576
 2614
 2646
 2680
 2724
 2768
 2808
 2842
 2872
 2896
 2916
 2930
 2944
 2960
 2970
 2976
 2980
 2984
 2986
 2990
 2992
 2994
 2996
 2996
 2998
 3000
 3000
 3002
 3002
 3002
 3002
 3014
 3034
 3048
 3060
 3058
 3046
 3030
 3006
 2978
 2942
 2898
 2846
 2790
 2732
 2672
 2610
 2544
 2478
 2412
 2346
 2278
 2212
 2146
 2082
 2016
 1952
 1896
 1846
 1792
 1736
 1680
 1622
 1564
 1510
 1466
 1444
 1434
 1436
 1448
 1466
 1488
 1514
 1548
 1586
 1628
 1676
 1724
 1772
 1822
 1872
 1934
 2006
 2076
 2140
 2204
 2264
 2316
 2368
 2416
 2460
 2506
 2546
 2582
 2618
 2652
 2686
 2718
 2748
 2776
 2802
 2828
 2852
 2874
 2892
 2908
 2930
 2958
 2980
 3000
 3012
 3018
 3022
 3026
 3030
 3034
 3030
 3024
 3020
 3014
 3008
 3006
 3004
 3004
 3002
 3000
 2992
 2984
 2968
 2948
 2916
 2884
 2856
 2820
 2776
 2730
 2678
 2620
 2562
 2502
 2446
 2390
 2330
 2268
 2208
 2148
 2086
 2024
 1960
 1896
 1836
 1780
 1734
 1700
 1678
 1670
 1672
 1684
 1698
 1720
 1744
 1768
 1794
 1824
 1858
 1896
 1938
 1978
 2018
 2056
 2094
 2134
 2172
 2210
 2246
 2284
 2326
 2366
 2408
 2456
 2510
 2558
 2602
 2644
 2678
 2712
 2744
 2774
 2806
 2830
 2852
 2872
 2888
 2902
 2916
 2924
 2930
 2934
 2938
 2942
 2946
 2948
 2952
 2956
 2972
 2992
 3004
 3016
 3022
 3024
 3018
 3004
 2984
 2960
 2924
 2876
 2816
 2758
 2694
 2628
 2564
 2498
 2432
 2366
 2292
 2216
 2142
 2072
 2008
 1948
 1888
 1824
 1762
 1692
 1620
 1546
 1474
 1408
 1352
 1300
 1258
 1226
 1200
 1184
 1172
 1170
 1174
 1186
 1204
 1228
 1266
 1312
 1358
 1404
 1448
 1492
 1534
 1572
 1608
 1646
 1686
 1728
 1772
 1816
 1862
 1910
 1958
 2008
 2054
 2098
 2140
 2180
 2224
 2266
 2314
 2370
 2428
 2476
 2524
 2562
 2598
 2632
 2664
 2696
 2726
 2750
 2774
 2796
 2816
 2834
 2854
 2872
 2886
 2900
 2914
 2924
 2928
 2936
 2940
 2952
 2972
 2992
 3006
 3022
 3028
 3030
 3032
 3032
 3036
 3040
 3036
 3032
 3028
 3024
 3022
 3018
 3010
 3004
 2998
 2996
 2992
 2990
 2988
 2986
 2988
 2996
 3006
 3008
 3004
 2992
 2968
 2938
 2900
 2858
 2812
 2760
 2702
 2642
 2582
 2520
 2458
 2396
 2332
 2270
 2208
 2150
 2092
 2034
 1984
 1940
 1900
 1862
 1826
 1792
 1760
 1734
 1716
 1708
 1708
 1718
 1736
 1758
 1786
 1820
 1856
 1898
 1946
 1994
 2044
 2094
 2146
 2202
 2264
 2322
 2374
 2426
 2470
 2510
 2544
 2574
 2606
 2636
 2662
 2684
 2706
 2724
 2742
 2760
 2776
 2786
 2800
 2812
 2824
 2834
 2846
 2866
 2894
 2912
 2930
 2946
 2952
 2954
 2958
 2960
 2964
 2966
 2966
 2964
 2962
 2962
 2960
 2958
 2954
 2948
 2940
 2928
 2908
 2890
 2864
 2842
 2822
 2792
 2758
 2720
 2676
 2630
 2586
 2540
 2494
 2448
 2398
 2350
 2296
 2244
 2192
 2136
 2082
 2028
 1980
 1942
 1910
 1886
 1878
 1880
 1890
 1902
 1922
 1944
 1964
 1988
 2014
 2048
 2084
 2120
 2158
 2192
 2230
 2266
 2302
 2336
 2370
 2402
 2432
 2464
 2494
 2526
 2566
 2608
 2642
 2674
 2702
 2726
 2748
 2766
 2784
 2804
 2824
 2840
 2854
 2866
 2878
 2892
 2902
 2912
 2920
 2924
 2928
 2930
 2934
 2936
 2946
 2964
 2980
 2992
 3002
 3002
 2994
 2984
 2974
 2964
 2948
 2924
 2898
 2866
 2830
 2788
 2744
 2696
 2646
 2592
 2544
 2494
 2444
 2398
 2356
 2320
 2284
 2244
 2204
 2158
 2110
 2062
 2020
 1986
 1960
 1942
 1932
 1926
 1928
 1934
 1944
 1958
 1978
 2002
 2032
 2066
 2104
 2146
 2194
 2242
 2288
 2334
 2374
 2410
 2446
 2476
 2506
 2536
 2564
 2590
 2614
 2638
 2658
 2678
 2696
 2714
 2732
 2748
 2764
 2778
 2794
 2810
 2834
 2866
 2888
 2908
 2918
 2924
 2932
 2936
 2942
 2948
 2950
 2952
 2952
 2952
 2952
 2950
 2952
 2952
 2948
 2936
 2926
 2912
 2898
 2878
 2862
 2848
 2828
 2798
 2766
 2728
 2682
 2636
 2590
 2544
 2494
 2442
 2388
 2334
 2278
 2220
 2164
 2106
 2046
 1992
 1942
 1900
 1862
 1836
 1824
 1820
 1826
 1838
 1854
 1876
 1900
 1926
 1954
 1986
 2020
 2056
 2092
 2128
 2164
 2202
 2242
 2278
 2310
 2344
 2376
 2410
 2442
 2476
 2520
 2562
 2598
 2634
 2662
 2684
 2706
 2724
 2744
 2762
 2776
 2788
 2800
 2812
 2822
 2832
 2842
 2852
 2862
 2870
 2876
 2882
 2886
 2892
 2910
 2934
 2948
 2958
 2966
 2970
 2974
 2976
 2978
 2980
 2978
 2970
 2956
 2938
 2918
 2894
 2868
 2834
 2792
 2744
 2694
 2644
 2592
 2542
 2498
 2456
 2408
 2358
 2306
 2248
 2188
 2126
 2066
 2004
 1938
 1870
 1794
 1714
 1636
 1558
 1480
 1404
 1332
 1266
 1208
 1156
 1116
 1092
 1080
 1074
 1082
 1098
 1118
 1146
 1178
 1216
 1280
 1364
 1460
 1560
 1658
 1752
 1842
 1924
 1996
 2058
 2114
 2170
 2228
 2290
 2356
 2412
 2466
 2514
 2554
 2592
 2622
 2652
 2682
 2706
 2728
 2746
 2764
 2782
 2800
 2816
 2828
 2840
 2852
 2864
 2876
 2888
 2906
 2928
 2942
 2956
 2968
 2974
 2976
 2978
 2982
 2984
 2986
 2982
 2980
 2978
 2976
 2974
 2972
 2970
 2968
 2966
 2960
 2948
 2934
 2922
 2916
 2896
 2870
 2838
 2800
 2756
 2708
 2662
 2612
 2562
 2510
 2458
 2404
 2350
 2294
 2238
 2178
 2120
 2064
 2010
 1962
 1916
 1884
 1858
 1838
 1822
 1812
 1808
 1810
 1814
 1826
 1846
 1872
 1902
 1934
 1968
 2004
 2040
 2078
 2116
 2152
 2188
 2230
 2268
 2310
 2356
 2400
 2436
 2462
 2462
 2452
 2438
 2426
 2416
 2410
 2408
 2410
 2412
 2414
 2418
 2420
 2422
 2426
 2430
 2434
 2450
 2486
 2532
 2570
 2612
 2652
 2684
 2714
 2740
 2768
 2796
 2820
 2842
 2860
 2878
 2894
 2908
 2914
 2920
 2924
 2928
 2932
 2950
 2970
 2980
 2994
 3000
 3002
 3006
 3006
 3010
 3010
 3006
 2994
 2980
 2962
 2936
 2900
 2860
 2812
 2764
 2712
 2656
 2606
 2562
 2514
 2460
 2408
 2352
 2292
 2230
 2168
 2110
 2052
 1994
 1940
 1890
 1846
 1806
 1774
 1750
 1736
 1732
 1740
 1754
 1782
 1822
 1868
 1914
 1962
 2012
 2058
 2104
 2150
 2198
 2246
 2294
 2344
 2392
 2436
 2480
 2522
 2560
 2594
 2624
 2652
 2682
 2708
 2740
 2778
 2812
 2840
 2870
 2890
 2906
 2918
 2926
 2932
 2936
 2940
 2942
 2942
 2942
 2942
 2944
 2944
 2942
 2944
 2942
 2944
 2946
 2942
 2934
 2934
 2930
 2912
 2886
 2850
 2804
 2754
 2700
 2646
 2592
 2532
 2474
 2412
 2352
 2294
 2234
 2172
 2108
 2046
 1988
 1932
 1886
 1846
 1818
 1802
 1796
 1796
 1804
 1818
 1836
 1860
 1884
 1916
 1952
 1988
 2028
 2068
 2108
 2152
 2196
 2240
 2280
 2318
 2358
 2402
 2446
 2488
 2536
 2586
 2634
 2676
 2716
 2748
 2776
 2798
 2818
 2838
 2854
 2868
 2880
 2892
 2902
 2908
 2914
 2914
 2914
 2914
 2914
 2916
 2916
 2918
 2920
 2934
 2952
 2958
 2970
 2976
 2978
 2980
 2978
 2978
 2976
 2970
 2958
 2940
 2918
 2890
 2862
 2824
 2782
 2736
 2688
 2638
 2590
 2540
 2490
 2442
 2400
 2360
 2316
 2272
 2226
 2174
 2120
 2064
 2010
 1962
 1920
 1880
 1846
 1820
 1800
 1786
 1780
 1780
 1790
 1808
 1834
 1866
 1904
 1950
 2002
 2052
 2102
 2154
 2198
 2242
 2284
 2326
 2370
 2414
 2454
 2492
 2528
 2560
 2592
 2620
 2648
 2672
 2694
 2716
 2734
 2752
 2772
 2800
 2830
 2854
 2876
 2890
 2896
 2902
 2904
 2912
 2918
 2918
 2920
 2918
 2918
 2916
 2910
 2906
 2904
 2900
 2900
 2894
 2888
 2878
 2862
 2846
 2830
 2804
 2772
 2734
 2688
 2642
 2592
 2540
 2492
 2440
 2386
 2332
 2276
 2218
 2160
 2098
 2036
 1970
 1908
 1848
 1786
 1726
 1672
 1624
 1578
 1534
 1490
 1448
 1410
 1384
 1368
 1364
 1370
 1392
 1428
 1474
 1526
 1588
 1654
 1722
 1794
 1862
 1932
 2002
 2066
 2134
 2206
 2268
 2326
 2382
 2434
 2478
 2518
 2552
 2586
 2618
 2646
 2672
 2694
 2714
 2732
 2750
 2764
 2776
 2788
 2800
 2810
 2820
 2828
 2842
 2866
 2888
 2904
 2918
 2926
 2928
 2928
 2930
 2936
 2938
 2938
 2934
 2930
 2926
 2920
 2914
 2910
 2906
 2904
 2904
 2904
 2904
 2906
 2906
 2910
 2922
 2932
 2940
 2950
 2952
 2952
 2952
 2952
 2952
 2944
 2928
 2906
 2878
 2844
 2804
 2760
 2716
 2670
 2624
 2576
 2528
 2482
 2436
 2392
 2354
 2316
 2274
 2234
 2190
 2142
 2092
 2044
 2002
 1972
 1946
 1928
 1922
 1922
 1932
 1950
 1978
 2012
 2054
 2102
 2154
 2210
 2264
 2326
 2384
 2438
 2492
 2538
 2576
 2612
 2644
 2674
 2702
 2728
 2748
 2766
 2782
 2798
 2810
 2822
 2832
 2840
 2848
 2856
 2860
 2868
 2874
 2890
 2908
 2920
 2930
 2934
 2936
 2938
 2942
 2946
 2948
 2946
 2940
 2928
 2910
 2884
 2856
 2822
 2786
 2750
 2708
 2662
 2618
 2570
 2522
 2486
 2448
 2404
 2364
 2320
 2270
 2220
 2174
 2132
 2100
 2074
 2056
 2044
 2040
 2042
 2052
 2070
 2094
 2126
 2162
 2202
 2248
 2292
 2342
 2394
 2442
 2488
 2532
 2566
 2598
 2628
 2656
 2684
 2708
 2728
 2748
 2764
 2780
 2794
 2806
 2816
 2822
 2828
 2834
 2838
 2844
 2850
 2860
 2878
 2890
 2896
 2904
 2908
 2914
 2920
 2922
 2928
 2932
 2934
 2930
 2928
 2926
 2924
 2924
 2922
 2918
 2914
 2908
 2898
 2884
 2862
 2834
 2816
 2794
 2764
 2734
 2696
 2654
 2608
 2562
 2514
 2472
 2424
 2372
 2318
 2262
 2206
 2156
 2110
 2070
 2038
 2018
 2012
 2016
 2030
 2058
 2100
 2150
 2202
 2260
 2316
 2368
 2418
 2464
 2510
 2556
 2594
 2630
 2662
 2692
 2720
 2744
 2768
 2788
 2806
 2822
 2834
 2846
 2858
 2876
 2902
 2926
 2942
 2960
 2964
 2966
 2966
 2966
 2970
 2970
 2966
 2962
 2958
 2952
 2948
 2944
 2942
 2940
 2940
 2934
 2928
 2926
 2922
 2924
 2938
 2948
 2950
 2948
 2936
 2914
 2882
 2846
 2810
 2766
 2716
 2664
 2610
 2556
 2502
 2448
 2392
 2336
 2280
 2224
 2170
 2118
 2070
 2032
 1996
 1960
 1928
 1902
 1874
 1852
 1836
 1828
 1828
 1838
 1852
 1872
 1898
 1928
 1962
 2004
 2050
 2102
 2154
 2208
 2264
 2318
 2382
 2446
 2502
 2554
 2602
 2644
 2682
 2712
 2740
 2768
 2790
 2808
 2826
 2838
 2852
 2862
 2872
 2882
 2888
 2890
 2888
 2890
 2890
 2892
 2900
 2916
 2930
 2942
 2950
 2952
 2950
 2946
 2944
 2942
 2936
 2920
 2898
 2870
 2836
 2794
 2748
 2696
 2638
 2580
 2524
 2470
 2418
 2364
 2316
 2272
 2224
 2174
 2124
 2068
 2012
 1956
 1904
 1864
 1830
 1806
 1790
 1784
 1788
 1798
 1816
 1844
 1878
 1920
 1966
 2022
 2080
 2144
 2212
 2276
 2336
 2398
 2452
 2500
 2542
 2582
 2620
 2652
 2680
 2704
 2726
 2746
 2764
 2782
 2796
 2810
 2822
 2832
 2842
 2854
 2858
 2874
 2896
 2912
 2926
 2938
 2938
 2940
 2938
 2938
 2938
 2934
 2930
 2928
 2926
 2918
 2916
 2914
 2908
 2908
 2906
 2904
 2902
 2898
 2888
 2878
 2868
 2848
 2818
 2784
 2742
 2696
 2646
 2592
 2542
 2490
 2436
 2380
 2322
 2264
 2206
 2148
 2088
 2026
 1970
 1916
 1868
 1828
 1796
 1778
 1768
 1766
 1778
 1802
 1832
 1870
 1914
 1966
 2020
 2076
 2138
 2202
 2262
 2318
 2374
 2426
 2474
 2516
 2554
 2590
 2622
 2656
 2698
 2738
 2770
 2798
 2822
 2840
 2854
 2864
 2876
 2882
 2886
 2890
 2890
 2892
 2890
 2890
 2888
 2888
 2884
 2878
 2874
 2870
 2872
 2886
 2898
 2906
 2916
 2918
 2920
 2922
 2920
 2922
 2918
 2910
 2890
 2864
 2828
 2786
 2742
 2694
 2642
 2588
 2532
 2476
 2420
 2364
 2318
 2272
 2220
 2166
 2110
 2046
 1978
 1912
 1848
 1794
 1742
 1696
 1656
 1624
 1600
 1586
 1582
 1592
 1618
 1658
 1712
 1776
 1852
 1934
 2018
 2096
 2172
 2242
 2306
 2364
 2414
 2464
 2510
 2554
 2594
 2628
 2660
 2688
 2716
 2738
 2756
 2772
 2786
 2798
 2808
 2820
 2844
 2866
 2884
 2900
 2908
 2916
 2918
 2916
 2918
 2918
 2916
 2914
 2910
 2908
 2906
 2906
 2900
 2896
 2884
 2862
 2836
 2802
 2762
 2730
 2692
 2646
 2600
 2550
 2494
 2438
 2376
 2316
 2258
 2198
 2138
 2076
 2016
 1954
 1892
 1832
 1778
 1732
 1698
 1676
 1664
 1668
 1682
 1708
 1738
 1782
 1828
 1882
 1938
 1996
 2056
 2118
 2176
 2234
 2290
 2346
 2398
 2450
 2500
 2542
 2580
 2612
 2644
 2672
 2702
 2740
 2774
 2804
 2830
 2848
 2862
 2874
 2880
 2884
 2886
 2888
 2890
 2890
 2888
 2888
 2886
 2886
 2884
 2882
 2880
 2880
 2878
 2876
 2876
 2888
 2902
 2912
 2922
 2926
 2926
 2922
 2914
 2900
 2878
 2846
 2808
 2766
 2720
 2672
 2622
 2566
 2508
 2446
 2386
 2324
 2262
 2204
 2148
 2102
 2060
 2016
 1974
 1932
 1884
 1836
 1786
 1740
 1700
 1666
 1634
 1602
 1560
 1514
 1460
 1402
 1340
 1278
 1224
 1174
 1132
 1102
 1082
 1078
 1086
 1108
 1142
 1190
 1256
 1334
 1428
 1532
 1638
 1750
 1858
 1960
 2054
 2144
 2228
 2306
 2374
 2436
 2492
 2542
 2596
 2652
 2700
 2738
 2770
 2796
 2818
 2834
 2848
 2864
 2876
 2884
 2888
 2894
 2896
 2896
 2898
 2898
 2898
 2896
 2892
 2890
 2888
 2888
 2900
 2914
 2924
 2932
 2938
 2942
 2944
 2944
 2948
 2952
 2950
 2944
 2932
 2912
 2890
 2858
 2820
 2776
 2726
 2674
 2622
 2568
 2516
 2468
 2424
 2380
 2334
 2286
 2232
 2176
 2114
 2052
 1998
 1948
 1904
 1866
 1836
 1812
 1798
 1790
 1790
 1800
 1820
 1850
 1888
 1934
 1986
 2048
 2108
 2168
 2230
 2286
 2338
 2388
 2430
 2476
 2516
 2552
 2586
 2616
 2644
 2672
 2698
 2720
 2740
 2756
 2772
 2786
 2798
 2814
 2842
 2866
 2882
 2898
 2908
 2914
 2912
 2914
 2916
 2916
 2914
 2904
 2898
 2892
 2890
 2886
 2880
 2878
 2874
 2872
 2872
 2870
 2878
 2894
 2906
 2910
 2906
 2892
 2872
 2846
 2812
 2772
 2726
 2678
 2628
 2576
 2526
 2478
 2428
 2372
 2316
 2262
 2208
 2160
 2114
 2076
 2040
 2002
 1962
 1926
 1886
 1852
 1820
 1796
 1784
 1780
 1784
 1792
 1808
 1830
 1858
 1894
 1932
 1972
 2018
 2066
 2112
 2166
 2224
 2276
 2328
 2380
 2424
 2464
 2500
 2532
 2562
 2590
 2614
 2634
 2654
 2674
 2692
 2710
 2724
 2736
 2746
 2754
 2762
 2768
 2790
 2812
 2828
 2844
 2856
 2866
 2874
 2882
 2890
 2896
 2898
 2892
 2886
 2884
 2880
 2878
 2876
 2870
 2870
 2868
 2868
 2868
 2864
 2862
 2862
 2852
 2834
 2810
 2776
 2738
 2694
 2648
 2604
 2556
 2508
 2458
 2410
 2360
 2310
 2254
 2196
 2140
 2088
 2042
 2002
 1974
 1960
 1954
 1952
 1962
 1978
 1998
 2026
 2058
 2096
 2142
 2190
 2236
 2282
 2326
 2372
 2418
 2460
 2498
 2532
 2564
 2594
 2622
 2654
 2694
 2732
 2762
 2790
 2810
 2826
 2838
 2850
 2862
 2870
 2876
 2876
 2872
 2870
 2870
 2868
 2868
 2866
 2862
 2862
 2860
 2860
 2864
 2878
 2898
 2910
 2920
 2928
 2932
 2934
 2936
 2938
 2934
 2924
 2914
 2900
 2884
 2862
 2838
 2814
 2784
 2750
 2716
 2678
 2640
 2598
 2564
 2538
 2504
 2468
 2434
 2394
 2352
 2310
 2274
 2242
 2218
 2196
 2184
 2180
 2180
 2192
 2208
 2228
 2252
 2282
 2316
 2354
 2390
 2432
 2478
 2520
 2554
 2588
 2614
 2638
 2656
 2674
 2692
 2708
 2724
 2740
 2754
 2768
 2782
 2796
 2810
 2818
 2828
 2838
 2844
 2852
 2862
 2880
 2904
 2920
 2934
 2938
 2940
 2942
 2942
 2942
 2944
 2942
 2938
 2936
 2930
 2922
 2916
 2910
 2902
 2888
 2874
 2852
 2828
 2800
 2768
 2740
 2716
 2686
 2646
 2608
 2562
 2512
 2462
 2410
 2366
 2318
 2266
 2218
 2168
 2122
 2078
 2042
 2016
 1998
 1994
 1998
 2014
 2040
 2072
 2116
 2170
 2228
 2282
 2336
 2386
 2430
 2472
 2510
 2546
 2582
 2612
 2640
 2664
 2688
 2706
 2728
 2746
 2762
 2774
 2786
 2798
 2808
 2818
 2828
 2850
 2878
 2898
 2918
 2930
 2934
 2934
 2934
 2936
 2940
 2940
 2936
 2934
 2930
 2928
 2924
 2922
 2916
 2914
 2912
 2910
 2908
 2908
 2906
 2906
 2904
 2912
 2928
 2940
 2946
 2948
 2936
 2922
 2906
 2886
 2860
 2826
 2786
 2742
 2692
 2644
 2596
 2546
 2494
 2440
 2386
 2332
 2278
 2226
 2176
 2128
 2084
 2048
 2012
 1978
 1946
 1918
 1892
 1870
 1856
 1854
 1860
 1874
 1894
 1920
 1952
 1990
 2032
 2076
 2120
 2166
 2214
 2262
 2312
 2354
 2402
 2456
 2508
 2554
 2598
 2636
 2666
 2696
 2720
 2744
 2764
 2782
 2796
 2808
 2818
 2828
 2838
 2848
 2856
 2860
 2866
 2872
 2878
 2882
 2884
 2894
 2910
 2924
 2934
 2944
 2948
 2948
 2950
 2950
 2954
 2956
 2952
 2948
 2942
 2934
 2922
 2908
 2890
 2868
 2840
 2806
 2764
 2720
 2676
 2630
 2582
 2542
 2508
 2468
 2426
 2384
 2332
 2280
 2230
 2178
 2130
 2086
 2042
 2008
 1978
 1960
 1952
 1956
 1970
 1992
 2024
 2062
 2104
 2150
 2198
 2250
 2312
 2372
 2426
 2478
 2520
 2556
 2590
 2620
 2648
 2674
 2694
 2714
 2732
 2746
 2760
 2774
 2784
 2796
 2804
 2810
 2820
 2830
 2836
 2842
 2848
 2856
 2878
 2902
 2918
 2928
 2932
 2932
 2934
 2932
 2932
 2932
 2932
 2928
 2924
 2920
 2914
 2912
 2910
 2908
 2906
 2902
 2896
 2890
 2878
 2864
 2842
 2818
 2792
 2772
 2748
 2714
 2682
 2634
 2580
 2528
 2476
 2424
 2374
 2318
 2262
 2206
 2150
 2094
 2040
 1986
 1928
 1876
 1828
 1788
 1756
 1740
 1732
 1738
 1760
 1796
 1838
 1888
 1944
 2000
 2056
 2116
 2172
 2226
 2278
 2328
 2374
 2418
 2460
 2498
 2534
 2568
 2600
 2626
 2652
 2674
 2696
 2714
 2736
 2768
 2800
 2822
 2844
 2860
 2870
 2876
 2880
 2886
 2890
 2890
 2886
 2880
 2874
 2870
 2868
 2868
 2862
 2856
 2846
 2826
 2798
 2760
 2718
 2680
 2638
 2588
 2538
 2482
 2420
 2358
 2298
 2244
 2194
 2146
 2104
 2070
 2048
 2036
 2034
 2038
 2050
 2064
 2082
 2096
 2096
 2092
 2090
 2086
 2084
 2088
 2090
 2098
 2104
 2106
 2112
 2116
 2118
 2120
 2120
 2122
 2124
 2134
 2154
 2188
 2222
 2264
 2312
 2368
 2430
 2484
 2538
 2586
 2624
 2660
 2688
 2714
 2736
 2754
 2768
 2780
 2790
 2802
 2812
 2818
 2824
 2828
 2834
 2842
 2866
 2888
 2900
 2910
 2914
 2920
 2922
 2920
 2918
 2908
 2888
 2856
 2816
 2766
 2710
 2652
 2590
 2522
 2452
 2388
 2328
 2272
 2228
 2190
 2142
 2092
 2040
 1980
 1916
 1852
 1784
 1720
 1654
 1590
 1528
 1468
 1406
 1350
 1298
 1260
 1236
 1232
 1244
 1276
 1330
 1402
 1490
 1580
 1678
 1776
 1870
 1956
 2036
 2120
 2194
 2258
 2320
 2376
 2428
 2478
 2528
 2572
 2614
 2652
 2686
 2716
 2744
 2766
 2802
 2842
 2870
 2896
 2916
 2926
 2934
 2938
 2944
 2950
 2950
 2948
 2946
 2946
 2942
 2940
 2938
 2936
 2936
 2932
 2920
 2906
 2888
 2862
 2826
 2792
 2748
 2696
 2644
 2584
 2522
 2456
 2386
 2322
 2256
 2188
 2118
 2048
 1978
 1906
 1834
 1760
 1688
 1622
 1562
 1514
 1478
 1452
 1444
 1450
 1470
 1498
 1538
 1582
 1632
 1690
 1744
 1804
 1868
 1928
 1992
 2052
 2112
 2170
 2230
 2290
 2342
 2390
 2432
 2474
 2516
 2550
 2590
 2640
 2686
 2724
 2760
 2786
 2808
 2826
 2842
 2860
 2872
 2880
 2884
 2882
 2882
 2882
 2882
 2884
 2880
 2878
 2880
 2880
 2882
 2882
 2882
 2894
 2916
 2930
 2942
 2950
 2956
 2958
 2956
 2950
 2944
 2928
 2904
 2868
 2822
 2772
 2720
 2664
 2606
 2546
 2482
 2418
 2356
 2292
 2228
 2168
 2110
 2062
 2014
 1964
 1912
 1860
 1800
 1742
 1686
 1634
 1592
 1560
 1538
 1526
 1526
 1540
 1566
 1608
 1664
 1732
 1808
 1888
 1968
 2044
 2118
 2198
 2270
 2336
 2400
 2456
 2500
 2538
 2572
 2604
 2632
 2656
 2676
 2696
 2714
 2730
 2744
 2758
 2772
 2782
 2792
 2800
 2806
 2814
 2824
 2848
 2874
 2890
 2904
 2910
 2912
 2914
 2916
 2918
 2920
 2916
 2908
 2896
 2878
 2852
 2822
 2786
 2740
 2690
 2638
 2582
 2524
 2468
 2416
 2368
 2320
 2264
 2210
 2148
 2080
 2012
 1942
 1876
 1818
 1762
 1714
 1674
 1642
 1618
 1606
 1602
 1610
 1630
 1660
 1700
 1748
 1810
 1876
 1944
 2008
 2072
 2130
 2178
 2222
 2266
 2308
 2344
 2382
 2418
 2450
 2480
 2514
 2544
 2572
 2598
 2620
 2640
 2662
 2680
 2698
 2722
 2754
 2780
 2802
 2822
 2834
 2846
 2852
 2862
 2874
 2882
 2888
 2890
 2890
 2884
 2880
 2876
 2874
 2870
 2866
 2864
 2864
 2866
 2868
 2872
 2876
 2890
 2902
 2902
 2894
 2876
 2848
 2816
 2772
 2726
 2676
 2620
 2558
 2498
 2434
 2370
 2304
 2240
 2170
 2098
 2026
 1958
 1892
 1830
 1772
 1728
 1688
 1654
 1626
 1606
 1592
 1582
 1582
 1590
 1612
 1642
 1678
 1722
 1770
 1820
 1876
 1930
 1982
 2036
 2092
 2148
 2202
 2256
 2312
 2378
 2438
 2490
 2540
 2582
 2618
 2648
 2676
 2702
 2724
 2744
 2760
 2776
 2788
 2798
 2810
 2820
 2824
 2828
 2834
 2840
 2846
 2850
 2858
 2880
 2906
 2922
 2938
 2946
 2952
 2950
 2948
 2948
 2944
 2932
 2912
 2884
 2850
 2808
 2756
 2698
 2636
 2572
 2506
 2440
 2378
 2314
 2250
 2192
 2142
 2096
 2044
 1994
 1936
 1874
 1812
 1750
 1696
 1652
 1616
 1590
 1574
 1566
 1568
 1580
 1598
 1624
 1660
 1700
 1750
 1806
 1864
 1930
 1996
 2058
 2120
 2180
 2232
 2280
 2324
 2374
 2424
 2468
 2512
 2552
 2588
 2620
 2652
 2678
 2704
 2726
 2746
 2764
 2780
 2798
 2812
 2836
 2870
 2896
 2916
 2928
 2934
 2938
 2940
 2944
 2946
 2948
 2946
 2944
 2942
 2938
 2934
 2932
 2928
 2926
 2920
 2920
 2916
 2912
 2906
 2894
 2890
 2886
 2872
 2850
 2818
 2776
 2736
 2692
 2648
 2606
 2558
 2506
 2454
 2400
 2344
 2290
 2236
 2180
 2126
 2070
 2018
 1968
 1926
 1892
 1872
 1866
 1866
 1874
 1890
 1912
 1934
 1964
 1998
 2040
 2086
 2132
 2180
 2222
 2262
 2300
 2334
 2372
 2402
 2432
 2464
 2494
 2520
 2550
 2578
 2616
 2656
 2688
 2718
 2744
 2762
 2780
 2792
 2806
 2818
 2830
 2836
 2844
 2850
 2856
 2862
 2870
 2876
 2882
 2884
 2884
 2884
 2886
 2888
 2890
 2904
 2926
 2942
 2956
 2968
 2970
 2972
 2974
 2972
 2972
 2964
 2948
 2932
 2910
 2886
 2856
 2826
 2790
 2752
 2710
 2662
 2614
 2562
 2506
 2450
 2404
 2360
 2308
 2254
 2196
 2130
 2062
 1998
 1938
 1886
 1840
 1804
 1778
 1762
 1756
 1760
 1772
 1798
 1834
 1882
 1936
 1996
 2062
 2126
 2198
 2272
 2342
 2404
 2462
 2512
 2562
 2604
 2640
 2674
 2704
 2730
 2752
 2770
 2788
 2802
 2818
 2830
 2840
 2848
 2854
 2862
 2868
 2874
 2882
 2898
 2916
 2928
 2942
 2952
 2958
 2960
 2960
 2962
 2966
 2964
 2960
 2956
 2954
 2948
 2944
 2940
 2932
 2926
 2916
 2902
 2884
 2864
 2838
 2806
 2782
 2760
 2728
 2690
 2650
 2598
 2544
 2488
 2428
 2374
 2318
 2258
 2200
 2142
 2082
 2020
 1960
 1900
 1844
 1796
 1762
 1740
 1728
 1728
 1746
 1774
 1810
 1854
 1902
 1954
 2010
 2062
 2112
 2164
 2214
 2264
 2314
 2362
 2406
 2450
 2490
 2528
 2562
 2590
 2616
 2642
 2668
 2692
 2714
 2738
 2774
 2816
 2846
 2876
 2896
 2910
 2914
 2916
 2920
 2924
 2926
 2924
 2922
 2918
 2916
 2914
 2912
 2910
 2906
 2902
 2892
 2878
 2858
 2836
 2806
 2774
 2746
 2716
 2678
 2634
 2588
 2534
 2478
 2416
 2354
 2294
 2230
 2162
 2094
 2024
 1954
 1888
 1822
 1764
 1718
 1684
 1662
 1654
 1658
 1678
 1710
 1762
 1828
 1900
 1974
 2054
 2130
 2200
 2266
 2326
 2384
 2442
 2492
 2536
 2576
 2614
 2648
 2680
 2706
 2730
 2750
 2770
 2788
 2804
 2816
 2828
 2854
 2882
 2904
 2922
 2938
 2944
 2952
 2956
 2962
 2966
 2964
 2958
 2952
 2940
 2924
 2904
 2880
 2850
 2816
 2776
 2728
 2680
 2622
 2566
 2508
 2460
 2414
 2360
 2306
 2250
 2186
 2120
 2054
 1990
 1936
 1882
 1836
 1798
 1768
 1748
 1738
 1738
 1748
 1770
 1802
 1844
 1894
 1952
 2016
 2090
 2166
 2236
 2306
 2368
 2420
 2470
 2514
 2560
 2600
 2636
 2670
 2702
 2728
 2750
 2770
 2790
 2806
 2820
 2830
 2842
 2850
 2858
 2864
 2882
 2908
 2924
 2938
 2948
 2952
 2956
 2956
 2958
 2962
 2964
 2958
 2944
 2930
 2918
 2902
 2884
 2860
 2832
 2798
 2760
 2718
 2670
 2620
 2568
 2524
 2480
 2426
 2366
 2306
 2238
 2168
 2098
 2030
 1964
 1898
 1828
 1758
 1692
 1626
 1564
 1508
 1462
 1432
 1416
 1414
 1428
 1460
 1508
 1572
 1646
 1726
 1812
 1892
 1966
 2032
 2096
 2160
 2226
 2288
 2344
 2398
 2452
 2498
 2538
 2574
 2608
 2638
 2664
 2688
 2708
 2728
 2748
 2780
 2820
 2848
 2874
 2898
 2912
 2922
 2930
 2932
 2934
 2934
 2934
 2930
 2926
 2916
 2906
 2898
 2884
 2860
 2828
 2786
 2736
 2682
 2626
 2570
 2522
 2474
 2420
 2376
 2344
 2310
 2272
 2230
 2184
 2134
 2078
 2018
 1956
 1892
 1824
 1748
 1674
 1600
 1528
 1458
 1388
 1314
 1234
 1154
 1078
 994
 900
 804
 698
 584
 462
 338
 218
 108
 0
 0
 0
 0
 0
 0
 0
 0
 0
 0
 0
 0
 0
 0
 0
 0
 0
 0
 0
 0
 0
 0
 0
 0
 0
 0
 0
 0
 0
 0
 0
 0
 48
 188
 324
 456
 588
 712
 830
 950
 1068
 1188
 1310
 1420
 1530
 1634
 1738
 1840
 1938
 2034
 2132
 2226
 2314
 2396
 2470
 2534
 2588
 2634
 2670
 2710
 2754
 2786
 2816
 2838
 2856
 2872
 2882
 2890
 2896
 2902
 2906
 2908
 2914
 2918
 2924
 2930
 2932
 2938
 2944
 2948
 2954
 2960
 2968
 2974
 2976
 2976
 2974
 2982
 3004
 3022
 3036
 3050
 3056
 3060
 3062
 3060
 3058
 3052
 3040
 3020
 2992
 2956
 2912
 2860
 2796
 2726
 2648
 2566
 2482
 2398
 2310
 2224
 2138
 2054
 1976
 1910
 1850
 1788
 1722
 1656
 1586
 1514
 1442
 1372
 1308
 1248
 1190
 1136
 1080
 1030
 982
 936
 888
 844
 806
 776
 752
 738
 736
 748
 778
 820
 868
 928
 998
 1078
 1162
 1248
 1330
 1418
 1508
 1598
 1684
 1766
 1848
 1930
 2006
 2078
 2146
 2210
 2270
 2324
 2378
 2428
 2478
 2538
 2596
 2644
 2690
 2728
 2760
 2788
 2810
 2832
 2850
 2866
 2878
 2890
 2898
 2902
 2904
 2904
 2904
 2904
 2904
 2904
 2902
 2904
 2906
 2904
 2912
 2932
 2946
 2958
 2970
 2974
 2976
 2978
 2982
 2986
 2982
 2978
 2972
 2964
 2952
 2932
 2908
 2880
 2846
 2806
 2764
 2716
 2668
 2616
 2562
 2514
 2474
 2430
 2380
 2326
 2270
 2204
 2136
 2068
 2004
 1946
 1890
 1840
 1786
 1732
 1676
 1622
 1566
 1512
 1460
 1408
 1362
 1322
 1290
 1272
 1272
 1282
 1300
 1322
 1350
 1380
 1416
 1456
 1502
 1564
 1632
 1704
 1776
 1846
 1918
 1990
 2062
 2130
 2192
 2254
 2312
 2370
 2424
 2476
 2534
 2594
 2640
 2684
 2718
 2750
 2780
 2804
 2826
 2846
 2862
 2878
 2890
 2900
 2910
 2918
 2918
 2922
 2924
 2926
 2930
 2932
 2934
 2938
 2952
 2972
 2984
 2996
 3006
 3008
 3010
 3008
 3010
 3012
 3010
 3006
 3000
 2996
 2992
 2988
 2984
 2978
 2972
 2966
 2966
 2964
 2962
 2960
 2960
 2968
 2984
 2996
 3000
 3002
 2996
 2986
 2968
 2942
 2906
 2860
 2804
 2742
 2678
 2614
 2544
 2472
 2394
 2314
 2238
 2162
 2092
 2022
 1956
 1904
 1854
 1802
 1752
 1700
 1648
 1596
 1552
 1516
 1490
 1480
 1484
 1498
 1528
 1572
 1628
 1700
 1778
 1860
 1944
 2028
 2110
 2186
 2260
 2340
 2412
 2474
 2532
 2586
 2632
 2672
 2706
 2740
 2766
 2792
 2812
 2830
 2844
 2858
 2870
 2880
 2886
 2892
 2892
 2894
 2896
 2898
 2908
 2928
 2944
 2956
 2968
 2974
 2978
 2978
 2980
 2984
 2982
 2976
 2968
 2954
 2936
 2914
 2882
 2842
 2794
 2742
 2694
 2646
 2602
 2562
 2532
 2512
 2494
 2478
 2468
 2458
 2452
 2450
 2458
 2472
 2490
 2510
 2532
 2556
 2582
 2606
 2632
 2654
 2674
 2694
 2712
 2734
 2754
 2776
 2806
 2838
 2862
 2886
 2904
 2916
 2926
 2930
 2932
 2934
 2936
 2936
 2934
 2932
 2930
 2930
 2930
 2928
 2924
 2920
 2916
 2916
 2912
 2910
 2908
 2918
 2936
 2944
 2954
 2960
 2964
 2966
 2966
 2964
 2960
 2950
 2932
 2906
 2876
 2846
 2812
 2770
 2726
 2676
 2626
 2574
 2522
 2472
 2422
 2380
 2340
 2300
 2254
 2208
 2158
 2100
 2044
 1988
 1938
 1894
 1856
 1826
 1806
 1794
 1788
 1792
 1804
 1824
 1856
 1902
 1956
 2016
 2084
 2160
 2236
 2304
 2370
 2432
 2492
 2544
 2588
 2626
 2664
 2696
 2720
 2744
 2766
 2784
 2800
 2816
 2828
 2838
 2850
 2860
 2868
 2876
 2890
 2912
 2926
 2938
 2948
 2956
 2958
 2960
 2960
 2964
 2964
 2960
 2952
 2946
 2940
 2938
 2932
 2926
 2922
 2916
 2914
 2910
 2910
 2916
 2932
 2942
 2950
 2956
 2958
 2958
 2958
 2956
 2958
 2956
 2954
 2948
 2940
 2930
 2920
 2908
 2894
 2876
 2854
 2828
 2798
 2770
 2746
 2724
 2694
 2662
 2626
 2586
 2546
 2504
 2468
 2436
 2408
 2384
 2366
 2356
 2352
 2352
 2358
 2368
 2384
 2406
 2432
 2460
 2500
 2540
 2578
 2612
 2642
 2666
 2688
 2708
 2726
 2746
 2762
 2774
 2784
 2792
 2798
 2806
 2814
 2818
 2820
 2824
 2826
 2828
 2830
 2840
 2862
 2880
 2892
 2904
 2910
 2908
 2908
 2908
 2910
 2910
 2906
 2904
 2900
 2898
 2894
 2888
 2882
 2876
 2872
 2870
 2868
 2866
 2868
 2880
 2896
 2902
 2908
 2912
 2914
 2912
 2908
 2910
 2908
 2906
 2902
 2894
 2890
 2882
 2876
 2868
 2852
 2836
 2824
 2806
 2786
 2766
 2740
 2722
 2704
 2680
 2656
 2628
 2596
 2562
 2526
 2496
 2470
 2448
 2430
 2420
 2416
 2418
 2424
 2436
 2452
 2472
 2494
 2520
 2546
 2572
 2598
 2630
 2668
 2700
 2728
 2752
 2770
 2782
 2792
 2800
 2808
 2812
 2814
 2814
 2814
 2816
 2818
 2820
 2822
 2824
 2826
 2830
 2832
 2836
 2840
 2846
 2862
 2884
 2896
 2906
 2908
 2906
 2908
 2906
 2908
 2906
 2904
 2900
 2894
 2888
 2880
 2872
 2868
 2862
 2856
 2852
 2848
 2846
 2840
 2836
 2840
 2848
 2852
 2848
 2844
 2832
 2816
 2794
 2770
 2744
 2716
 2682
 2644
 2608
 2570
 2530
 2492
 2452
 2414
 2378
 2346
 2324
 2310
 2306
 2314
 2338
 2366
 2396
 2434
 2468
 2502
 2536
 2566
 2596
 2624
 2646
 2664
 2684
 2698
 2714
 2730
 2744
 2756
 2764
 2774
 2782
 2790
 2798
 2808
 2830
 2856
 2872
 2890
 2900
 2904
 2904
 2902
 2904
 2904
 2902
 2896
 2890
 2886
 2882
 2878
 2874
 2870
 2868
 2862
 2862
 2860
 2860
 2864
 2878
 2892
 2896
 2902
 2902
 2896
 2890
 2878
 2868
 2852
 2832
 2808
 2778
 2742
 2706
 2672
 2634
 2594
 2554
 2514
 2472
 2430
 2384
 2344
 2312
 2278
 2236
 2182
 2118
 2034
 1938
 1838
 1734
 1626
 1510
 1400
 1294
 1186
 1078
 964
 844
 732
 634
 544
 464
 390
 330
 278
 224
 166
 110
 46
 0
 0
 0
 0
 0
 0
 0
 0
 0
 0
 0
 0
 0
 0
 0
 0
 0
 0
 0
 0
 0
 0
 0
 0
 0
 0
 0
 0
 52
 130
 212
 294
 376
 466
 564
 668
 770
 882
 1006
 1130
 1246
 1356
 1460
 1558
 1652
 1732
 1810
 1884
 1946
 2006
 2062
 2114
 2162
 2208
 2256
 2302
 2342
 2378
 2416
 2450
 2488
 2520
 2564
 2614
 2656
 2692
 2720
 2746
 2766
 2784
 2802
 2816
 2826
 2830
 2836
 2838
 2840
 2840
 2838
 2836
 2834
 2834
 2832
 2832
 2834
 2838
 2840
 2842
 2856
 2878
 2892
 2906
 2916
 2920
 2922
 2918
 2918
 2918
 2914
 2910
 2906
 2900
 2896
 2892
 2890
 2884
 2882
 2880
 2878
 2876
 2872
 2868
 2864
 2862
 2862
 2874
 2890
 2898
 2908
 2912
 2912
 2912
 2910
 2910
 2910
 2908
 2902
 2896
 2892
 2886
 2882
 2878
 2874
 2870
 2864
 2856
 2850
 2846
 2844
 2840
 2840
 2836
 2842
 2854
 2860
 2864
 2864
 2856
 2844
 2826
 2806
 2784
 2754
 2718
 2680
 2642
 2602
 2560
 2518
 2472
 2426
 2378
 2330
 2284
 2236
 2190
 2144
 2100
 2062
 2030
 2012
 2000
 1992
 1990
 1994
 2000
 2008
 2022
 2040
 2066
 2094
 2124
 2156
 2188
 2224
 2260
 2298
 2334
 2368
 2400
 2432
 2460
 2488
 2514
 2540
 2568
 2604
 2640
 2668
 2696
 2718
 2732
 2746
 2756
 2768
 2780
 2786
 2790
 2792
 2796
 2798
 2800
 2804
 2806
 2806
 2804
 2804
 2806
 2808
 2810
 2814
 2828
 2850
 2868
 2884
 2898
 2904
 2908
 2912
 2912
 2910
 2908
 2904
 2900
 2894
 2888
 2884
 2878
 2876
 2868
 2862
 2856
 2850
 2842
 2836
 2828
 2826
 2826
 2818
 2802
 2778
 2744
 2708
 2668
 2630
 2590
 2548
 2502
 2452
 2402
 2346
 2292
 2236
 2174
 2110
 2046
 1986
 1922
 1860
 1798
 1750
 1704
 1662
 1622
 1592
 1566
 1548
 1540
 1542
 1558
 1580
 1612
 1652
 1700
 1754
 1812
 1874
 1934
 1992
 2054
 2116
 2180
 2240
 2302
 2372
 2438
 2496
 2546
 2586
 2622
 2650
 2676
 2698
 2716
 2730
 2746
 2754
 2764
 2772
 2778
 2786
 2792
 2796
 2798
 2804
 2808
 2816
 2822
 2828
 2844
 2868
 2886
 2900
 2912
 2914
 2912
 2912
 2910
 2914
 2914
 2912
 2908
 2904
 2900
 2896
 2894
 2890
 2884
 2878
 2870
 2862
 2852
 2838
 2822
 2802
 2780
 2764
 2734
 2696
 2652
 2600
 2542
 2476
 2412
 2350
 2286
 2222
 2156
 2092
 2026
 1956
 1886
 1822
 1762
 1712
 1672
 1646
 1632
 1634
 1646
 1674
 1718
 1770
 1824
 1884
 1942
 1998
 2054
 2106
 2160
 2214
 2264
 2310
 2352
 2394
 2436
 2474
 2508
 2540
 2566
 2594
 2618
 2638
 2658
 2676
 2692
 2716
 2750
 2776
 2800
 2822
 2838
 2850
 2858
 2868
 2878
 2886
 2888
 2890
 2886
 2880
 2876
 2874
 2872
 2870
 2868
 2866
 2866
 2866
 2868
 2866
 2866
 2874
 2894
 2906
 2910
 2910
 2900
 2888
 2870
 2846
 2820
 2786
 2746
 2700
 2652
 2602
 2550
 2496
 2440
 2382
 2320
 2258
 2194
 2132
 2074
 2018
 1972
 1940
 1914
 1896
 1890
 1890
 1896
 1914
 1940
 1974
 2018
 2064
 2110
 2160
 2208
 2256
 2300
 2342
 2380
 2414
 2448
 2478
 2510
 2538
 2572
 2612
 2652
 2682
 2712
 2734
 2750
 2762
 2774
 2786
 2798
 2804
 2808
 2812
 2814
 2816
 2820
 2822
 2824
 2826
 2830
 2832
 2834
 2838
 2848
 2868
 2890
 2906
 2920
 2926
 2928
 2930
 2932
 2936
 2938
 2938
 2936
 2932
 2924
 2914
 2904
 2892
 2876
 2854
 2828
 2794
 2760
 2718
 2672
 2634
 2596
 2556
 2508
 2460
 2406
 2344
 2284
 2222
 2164
 2110
 2056
 2010
 1972
 1942
 1924
 1916
 1916
 1930
 1952
 1984
 2024
 2072
 2124
 2188
 2252
 2308
 2364
 2412
 2456
 2498
 2534
 2568
 2600
 2628
 2650
 2672
 2688
 2704
 2718
 2730
 2740
 2752
 2756
 2764
 2778
 2786
 2798
 2824
 2854
 2874
 2896
 2914
 2924
 2930
 2930
 2932
 2936
 2938
 2936
 2932
 2928
 2928
 2926
 2924
 2920
 2918
 2918
 2918
 2914
 2910
 2906
 2914
 2930
 2938
 2942
 2938
 2928
 2912
 2890
 2864
 2840
 2804
 2766
 2724
 2680
 2630
 2582
 2530
 2472
 2414
 2356
 2298
 2244
 2190
 2140
 2100
 2068
 2032
 2000
 1974
 1950
 1932
 1924
 1926
 1942
 1966
 1998
 2038
 2084
 2132
 2182
 2232
 2276
 2322
 2368
 2410
 2452
 2490
 2536
 2586
 2630
 2666
 2700
 2724
 2742
 2760
 2774
 2788
 2800
 2810
 2816
 2824
 2826
 2828
 2834
 2838
 2840
 2842
 2846
 2852
 2858
 2866
 2872
 2894
 2922
 2944
 2962
 2978
 2980
 2980
 2978
 2978
 2982
 2982
 2976
 2972
 2964
 2954
 2942
 2924
 2902
 2880
 2854
 2820
 2780
 2736
 2686
 2642
 2602
 2560
 2508
 2452
 2394
 2330
 2264
 2198
 2136
 2074
 2008
 1946
 1886
 1830
 1784
 1748
 1726
 1718
 1724
 1744
 1778
 1822
 1878
 1948
 2020
 2094
 2170
 2242
 2300
 2356
 2404
 2448
 2490
 2528
 2562
 2594
 2622
 2648
 2674
 2698
 2716
 2736
 2752
 2766
 2780
 2792
 2812
 2844
 2872
 2892
 2912
 2922
 2928
 2934
 2934
 2932
 2924
 2910
 2896
 2880
 2858
 2828
 2790
 2746
 2692
 2636
 2578
 2516
 2456
 2402
 2352
 2296
 2240
 2180
 2114
 2044
 1968
 1896
 1840
 1790
 1748
 1722
 1708
 1704
 1712
 1730
 1764
 1806
 1862
 1926
 1996
 2074
 2160
 2240
 2312
 2382
 2442
 2494
 2538
 2578
 2616
 2650
 2678
 2702
 2726
 2746
 2766
 2786
 2800
 2810
 2820
 2828
 2836
 2846
 2872
 2898
 2916
 2936
 2950
 2958
 2958
 2950
 2940
 2924
 2900
 2870
 2838
 2802
 2760
 2718
 2670
 2620
 2568
 2516
 2464
 2412
 2370
 2324
 2266
 2202
 2134
 2054
 1974
 1888
 1802
 1720
 1644
 1572
 1500
 1426
 1352
 1280
 1206
 1138
 1082
 1042
 1022
 1022
 1040
 1076
 1122
 1186
 1262
 1348
 1444
 1538
 1640
 1740
 1834
 1926
 2012
 2094
 2172
 2244
 2312
 2374
 2434
 2488
 2536
 2582
 2636
 2694
 2736
 2776
 2808
 2832
 2854
 2870
 2886
 2898
 2906
 2908
 2908
 2910
 2912
 2916
 2914
 2914
 2914
 2912
 2914
 2916
 2928
 2952
 2966
 2978
 2988
 2992
 2994
 2994
 2994
 2994
 2990
 2978
 2964
 2946
 2922
 2894
 2860
 2820
 2772
 2718
 2666
 2612
 2560
 2518
 2476
 2428
 2376
 2322
 2258
 2194
 2128
 2062
 2002
 1942
 1888
 1838
 1792
 1752
 1722
 1698
 1688
 1688
 1702
 1728
 1772
 1822
 1882
 1946
 2008
 2070
 2128
 2180
 2232
 2280
 2334
 2384
 2428
 2472
 2510
 2548
 2582
 2612
 2642
 2666
 2688
 2710
 2730
 2750
 2768
 2798
 2836
 2862
 2886
 2904
 2910
 2916
 2920
 2928
 2936
 2940
 2940
 2942
 2942
 2942
 2940
 2940
 2938
 2938
 2938
 2936
 2936
 2936
 2942
 2952
 2956
 2952
 2944
 2924
 2894
 2852
 2808
 2762
 2712
 2658
 2602
 2546
 2490
 2432
 2376
 2314
 2252
 2188
 2130
 2072
 2018
 1974
 1938
 1896
 1854
 1812
 1768
 1724
 1686
 1656
 1638
 1632
 1636
 1650
 1676
 1710
 1752
 1794
 1840
 1888
 1940
 1994
 2052
 2110
 2178
 2248
 2310
 2366
 2422
 2468
 2512
 2550
 2586
 2620
 2650
 2678
 2706
 2728
 2748
 2770
 2790
 2804
 2816
 2830
 2844
 2856
 2868
 2894
 2924
 2942
 2956
 2966
 2972
 2978
 2980
 2986
 2988
 2984
 2974
 2958
 2938
 2910
 2880
 2844
 2800
 2750
 2696
 2642
 2586
 2530
 2484
 2440
 2392
 2340
 2284
 2222
 2158
 2094
 2028
 1970
 1912
 1858
 1810
 1764
 1724
 1690
 1662
 1644
 1640
 1644
 1662
 1692
 1736
 1788
 1846
 1904
 1966
 2024
 2076
 2128
 2174
 2224
 2270
 2312
 2358
 2404
 2446
 2486
 2524
 2560
 2592
 2622
 2650
 2678
 2704
 2742
 2786
 2820
 2852
 2880
 2900
 2916
 2928
 2942
 2950
 2952
 2952
 2954
 2954
 2954
 2952
 2952
 2952
 2952
 2950
 2944
 2938
 2934
 2934
 2930
 2916
 2894
 2864
 2824
 2778
 2728
 2680
 2626
 2568
 2508
 2448
 2386
 2322
 2256
 2186
 2116
 2050
 1986
 1930
 1884
 1858
 1842
 1830
 1826
 1828
 1834
 1840
 1834
 1822
 1812
 1806
 1802
 1800
 1806
 1818
 1830
 1840
 1850
 1858
 1870
 1880
 1896
 1916
 1934
 1968
 2018
 2064
 2112
 2162
 2208
 2258
 2306
 2352
 2400
 2444
 2488
 2530
 2570
 2604
 2636
 2668
 2696
 2734
 2778
 2810
 2840
 2868
 2886
 2900
 2910
 2920
 2930
 2936
 2938
 2940
 2940
 2938
 2938
 2938
 2936
 2934
 2932
 2932
 2944
 2966
 2980
 2994
 3000
 2998
 2990
 2974
 2954
 2928
 2890
 2844
 2798
 2752
 2702
 2652
 2598
 2542
 2484
 2426
 2370
 2312
 2266
 2226
 2188
 2146
 2112
 2078
 2046
 2020
 2002
 1996
 1996
 2004
 2022
 2046
 2074
 2106
 2140
 2176
 2212
 2246
 2284
 2318
 2358
 2412
 2462
 2504
 2546
 2582
 2614
 2642
 2668
 2694
 2716
 2738
 2756
 2776
 2796
 2812
 2830
 2846
 2860
 2872
 2882
 2890
 2894
 2894
 2898
 2912
 2934
 2946
 2960
 2970
 2974
 2978
 2980
 2980
 2984
 2982
 2980
 2976
 2972
 2966
 2964
 2962
 2956
 2950
 2944
 2940
 2936
 2936
 2934
 2940
 2952
 2954
 2946
 2928
 2902
 2872
 2830
 2784
 2738
 2688
 2632
 2576
 2518
 2460
 2402
 2344
 2282
 2220
 2160
 2100
 2038
 1980
 1924
 1886
 1854
 1830
 1816
 1818
 1834
 1866
 1910
 1946
 1954
 1950
 1970
 2024
 2104
 2204
 2320
 2436
 2534
 2608
 2668
 2716
 2754
 2786
 2812
 2844
 2878
 2902
 2926
 2942
 2948
 2952
 2954
 2956
 2958
 2956
 2950
 2946
 2940
 2934
 2930
 2926
 2920
 2914
 2910
 2906
 2904
 2900
 2900
 2914
 2928
 2932
 2936
 2934
 2922
 2906
 2880
 2850
 2818
 2774
 2728
 2678
 2624
 2570
 2514
 2454
 2390
 2326
 2262
 2200
 2142
 2084
 2032
 1984
 1936
 1888
 1848
 1814
 1786
 1770
 1764
 1772
 1790
 1816
 1850
 1890
 1934
 1982
 2030
 2082
 2132
 2184
 2236
 2286
 2336
 2390
 2456
 2512
 2562
 2608
 2646
 2678
 2708
 2736
 2760
 2782
 2804
 2820
 2834
 2848
 2860
 2868
 2876
 2884
 2886
 2886
 2884
 2882
 2886
 2900
 2918
 2928
 2940
 2948
 2952
 2952
 2942
 2932
 2920
 2900
 2872
 2838
 2798
 2756
 2710
 2662
 2612
 2558
 2502
 2444
 2390
 2340
 2296
 2254
 2208
 2160
 2108
 2052
 1994
 1938
 1890
 1850
 1818
 1794
 1780
 1778
 1784
 1800
 1828
 1862
 1906
 1954
 2012
 2070
 2136
 2210
 2284
 2348
 2412
 2468
 2518
 2562
 2602
 2640
 2672
 2700
 2724
 2746
 2766
 2780
 2794
 2808
 2818
 2824
 2830
 2836
 2844
 2848
 2854
 2872
 2892
 2904
 2916
 2926
 2932
 2934
 2936
 2938
 2936
 2928
 2910
 2880
 2846
 2810
 2770
 2730
 2684
 2636
 2588
 2538
 2486
 2436
 2386
 2338
 2300
 2256
 2210
 2168
 2120
 2072
 2028
 1990
 1966
 1954
 1950
 1956
 1972
 1994
 2022
 2058
 2098
 2142
 2188
 2234
 2278
 2328
 2374
 2422
 2478
 2534
 2580
 2626
 2664
 2696
 2726
 2748
 2774
 2792
 2808
 2818
 2826
 2834
 2840
 2844
 2850
 2854
 2858
 2864
 2870
 2876
 2876
 2874
 2872
 2872
 2886
 2906
 2920
 2934
 2942
 2946
 2946
 2938
 2928
 2912
 2888
 2854
 2814
 2770
 2720
 2670
 2616
 2562
 2506
 2448
 2390
 2332
 2274
 2218
 2160
 2112
 2070
 2028
 1984
 1942
 1896
 1848
 1806
 1768
 1738
 1718
 1708
 1710
 1720
 1736
 1764
 1804
 1848
 1896
 1952
 2008
 2070
 2138
 2198
 2260
 2332
 2400
 2458
 2516
 2564
 2606
 2644
 2676
 2708
 2736
 2758
 2778
 2796
 2808
 2822
 2832
 2842
 2852
 2860
 2866
 2872
 2874
 2876
 2878
 2892
 2914
 2926
 2934
 2942
 2946
 2946
 2940
 2932
 2918
 2894
 2864
 2826
 2782
 2732
 2682
 2628
 2576
 2516
 2460
 2402
 2346
 2290
 2234
 2186
 2140
 2090
 2034
 1974
 1908
 1844
 1782
 1726
 1684
 1650
 1626
 1614
 1614
 1622
 1642
 1668
 1708
 1756
 1812
 1876
 1942
 2014
 2094
 2178
 2254
 2324
 2388
 2444
 2494
 2538
 2576
 2612
 2644
 2672
 2696
 2718
 2738
 2760
 2780
 2794
 2808
 2820
 2832
 2844
 2858
 2882
 2912
 2930
 2940
 2940
 2924
 2900
 2862
 2820
 2772
 2722
 2674
 2634
 2604
 2588
 2574
 2556
 2526
 2486
 2434
 2372
 2302
 2238
 2172
 2094
 2006
 1906
 1792
 1676
 1562
 1454
 1356
 1270
 1192
 1122
 1062
 1016
 984
 964
 954
 956
 968
 990
 1026
 1074
 1126
 1184
 1250
 1324
 1396
 1468
 1538
 1610
 1690
 1762
 1836
 1906
 1976
 2046
 2114
 2178
 2240
 2300
 2360
 2420
 2474
 2528
 2592
 2648
 2694
 2736
 2772
 2802
 2826
 2848
 2868
 2884
 2896
 2902
 2910
 2916
 2924
 2930
 2932
 2934
 2934
 2936
 2938
 2936
 2942
 2960
 2978
 2988
 2998
 3004
 3008
 3010
 3010
 3008
 3004
 2994
 2978
 2956
 2930
 2894
 2856
 2816
 2768
 2718
 2666
 2612
 2556
 2504
 2460
 2420
 2382
 2338
 2294
 2246
 2198
 2146
 2096
 2058
 2022
 1992
 1972
 1958
 1950
 1952
 1962
 1978
 2000
 2030
 2066
 2108
 2156
 2204
 2260
 2320
 2374
 2424
 2470
 2508
 2546
 2576
 2604
 2630
 2656
 2680
 2702
 2720
 2738
 2756
 2774
 2792
 2806
 2820
 2834
 2846
 2858
 2868
 2876
 2894
 2920
 2938
 2954
 2968
 2972
 2972
 2972
 2974
 2976
 2976
 2972
 2970
 2966
 2962
 2958
 2950
 2940
 2928
 2912
 2890
 2862
 2830
 2792
 2750
 2706
 2664
 2626
 2584
 2534
 2486
 2428
 2370
 2310
 2252
 2198
 2146
 2096
 2050
 2010
 1976
 1950
 1932
 1926
 1924
 1932
 1950
 1976
 2010
 2048
 2090
 2140
 2196
 2248
 2296
 2346
 2390
 2430
 2466
 2500
 2534
 2564
 2592
 2618
 2644
 2668
 2692
 2714
 2736
 2754
 2772
 2790
 2806
 2822
 2836
 2848
 2866
 2892
 2920
 2940
 2954
 2960
 2966
 2970
 2972
 2974
 2974
 2974
 2970
 2966
 2962
 2958
 2956
 2952
 2950
 2946
 2938
 2934
 2930
 2928
 2926
 2922
 2924
 2936
 2952
 2962
 2972
 2974
 2968
 2960
 2942
 2920
 2890
 2852
 2808
 2760
 2710
 2658
 2608
 2554
 2498
 2442
 2386
 2330
 2276
 2224
 2172
 2126
 2090
 2052
 2016
 1982
 1950
 1918
 1888
 1864
 1846
 1838
 1838
 1844
 1862
 1886
 1918
 1958
 2000
 2048
 2104
 2162
 2216
 2270
 2326
 2380
 2442
 2500
 2552
 2602
 2644
 2680
 2710
 2736
 2760
 2782
 2800
 2814
 2826
 2836
 2846
 2856
 2862
 2868
 2874
 2874
 2876
 2880
 2882
 2882
 2886
 2900
 2914
 2924
 2934
 2938
 2940
 2942
 2944
 2944
 2936
 2916
 2886
 2850
 2804
 2758
 2710
 2662
 2612
 2558
 2504
 2450
 2394
 2340
 2284
 2234
 2194
 2156
 2114
 2072
 2034
 1990
 1954
 1922
 1900
 1892
 1890
 1898
 1912
 1934
 1964
 2000
 2040
 2080
 2124
 2166
 2210
 2254
 2298
 2346
 2400
 2458
 2504
 2550
 2590
 2622
 2654
 2678
 2702
 2722
 2740
 2754
 2766
 2776
 2788
 2798
 2810
 2818
 2828
 2838
 2848
 2860
 2868
 2872
 2878
 2886
 2904
 2928
 2940
 2950
 2952
 2952
 2954
 2954
 2954
 2948
 2940
 2926
 2908
 2888
 2862
 2832
 2798
 2758
 2716
 2672
 2624
 2576
 2526
 2474
 2424
 2378
 2338
 2296
 2248
 2202
 2146
 2088
 2030
 1972
 1922
 1882
 1846
 1818
 1800
 1794
 1800
 1812
 1834
 1864
 1904
 1948
 1998
 2052
 2108
 2172
 2240
 2304
 2364
 2422
 2470
 2514
 2552
 2584
 2618
 2648
 2674
 2698
 2722
 2740
 2758
 2776
 2790
 2802
 2814
 2822
 2832
 2840
 2844
 2850
 2858
 2878
 2902
 2916
 2928
 2934
 2938
 2940
 2938
 2938
 2932
 2928
 2920
 2910
 2896
 2880
 2858
 2834
 2804
 2768
 2728
 2684
 2634
 2582
 2530
 2474
 2428
 2386
 2342
 2292
 2242
 2184
 2122
 2058
 1996
 1940
 1890
 1846
 1812
 1786
 1770
 1764
 1768
 1780
 1804
 1842
 1884
 1936
 1992
 2052
 2124
 2196
 2258
 2318
 2374
 2420
 2464
 2504
 2538
 2572
 2602
 2626
 2648
 2666
 2680
 2696
 2712
 2724
 2738
 2752
 2768
 2784
 2800
 2814
 2834
 2866
 2890
 2910
 2928
 2938
 2942
 2946
 2950
 2956
 2958
 2952
 2950
 2948
 2942
 2938
 2930
 2920
 2906
 2886
 2862
 2830
 2798
 2756
 2720
 2688
 2652
 2606
 2564
 2514
 2460
 2404
 2346
 2292
 2240
 2184
 2128
 2076
 2022
 1970
 1924
 1886
 1858
 1842
 1838
 1846
 1864
 1896
 1944
 1998
 2048
 2102
 2154
 2200
 2246
 2292
 2338
 2384
 2422
 2458
 2492
 2522
 2552
 2582
 2612
 2640
 2664
 2688
 2708
 2728
 2750
 2770
 2798
 2832
 2858
 2882
 2902
 2916
 2928
 2936
 2940
 2942
 2942
 2940
 2938
 2938
 2934
 2934
 2934
 2932
 2928
 2926
 2926
 2926
 2926
 2924
 2920
 2926
 2926
 2916
 2894
 2858
 2814
 2766
 2714
 2666
 2614
 2560
 2502
 2444
 2382
 2320
 2258
 2194
 2128
 2062
 1998
 1936
 1878
 1826
 1780
 1748
 1718
 1694
 1676
 1666
 1658
 1658
 1666
 1682
 1712
 1750
 1794
 1846
 1896
 1948
 2002
 2054
 2102
 2150
 2198
 2250
 2300
 2348
 2404
 2460
 2508
 2550
 2588
 2618
 2648
 2674
 2700
 2726
 2748
 2766
 2782
 2798
 2812
 2824
 2838
 2850
 2858
 2868
 2876
 2882
 2886
 2890
 2904
 2928
 2946
 2958
 2972
 2976
 2980
 2980
 2974
 2970
 2960
 2946
 2926
 2906
 2880
 2850
 2820
 2782
 2738
 2690
 2636
 2584
 2528
 2472
 2420
 2376
 2328
 2274
 2222
 2164
 2100
 2036
 1970
 1910
 1854
 1800
 1754
 1718
 1692
 1676
 1670
 1676
 1694
 1722
 1762
 1812
 1866
 1932
 2008
 2082
 2150
 2216
 2278
 2328
 2376
 2420
 2462
 2502
 2540
 2570
 2602
 2628
 2652
 2674
 2696
 2712
 2728
 2742
 2756
 2768
 2780
 2794
 2820
 2848
 2866
 2884
 2894
 2902
 2910
 2914
 2924
 2932
 2932
 2922
 2908
 2892
 2872
 2848
 2820
 2782
 2740
 2694
 2648
 2596
 2548
 2502
 2462
 2418
 2370
 2320
 2264
 2202
 2140
 2078
 2018
 1960
 1900
 1846
 1794
 1748
 1710
 1680
 1662
 1654
 1660
 1676
 1706
 1750
 1806
 1872
 1936
 2002
 2068
 2130
 2190
 2246
 2300
 2352
 2398
 2440
 2480
 2520
 2556
 2590
 2624
 2654
 2678
 2700
 2722
 2738
 2756
 2780
 2812
 2840
 2862
 2882
 2894
 2904
 2908
 2914
 2920
 2924
 2924
 2920
 2920
 2918
 2914
 2906
 2890
 2868
 2846
 2818
 2788
 2752
 2714
 2688
 2656
 2612
 2570
 2520
 2462
 2400
 2334
 2272
 2208
 2142
 2076
 2008
 1944
 1878
 1808
 1742
 1678
 1626
 1584
 1556
 1540
 1546
 1562
 1592
 1634
 1686
 1748
 1814
 1884
 1956
 2030
 2098
 2166
 2228
 2288
 2344
 2402
 2458
 2508
 2554
 2592
 2628
 2662
 2692
 2728
 2772
 2806
 2836
 2862
 2880
 2894
 2904
 2912
 2920
 2922
 2922
 2918
 2910
 2904
 2900
 2896
 2892
 2888
 2884
 2882
 2880
 2880
 2890
 2906
 2916
 2924
 2930
 2928
 2926
 2922
 2918
 2914
 2904
 2896
 2892
 2890
 2886
 2882
 2878
 2876
 2870
 2864
 2852
 2852
 2858
 2860
 2846
 2824
 2788
 2740
 2686
 2628
 2566
 2504
 2438
 2366
 2296
 2226
 2156
 2086
 2014
 1942
 1870
 1798
 1740
 1692
 1646
 1608
 1584
 1568
 1566
 1576
 1600
 1642
 1698
 1762
 1834
 1910
 1988
 2064
 2136
 2206
 2270
 2330
 2384
 2444
 2508
 2558
 2604
 2642
 2674
 2698
 2720
 2740
 2758
 2772
 2784
 2794
 2804
 2812
 2818
 2824
 2830
 2834
 2838
 2840
 2850
 2874
 2896
 2910
 2926
 2932
 2928
 2920
 2906
 2892
 2866
 2828
 2784
 2734
 2682
 2630
 2574
 2516
 2454
 2394
 2334
 2274
 2220
 2174
 2128
 2076
 2022
 1962
 1898
 1836
 1774
 1720
 1678
 1644
 1620
 1606
 1602
 1608
 1622
 1642
 1676
 1716
 1764
 1822
 1884
 1958
 2040
 2114
 2184
 2254
 2314
 2370
 2418
 2464
 2506
 2544
 2580
 2612
 2640
 2666
 2692
 2714
 2734
 2750
 2764
 2778
 2790
 2800
 2814
 2844
 2870
 2888
 2908
 2922
 2930
 2934
 2938
 2944
 2942
 2936
 2920
 2898
 2870
 2834
 2794
 2748
 2696
 2640
 2580
 2518
 2458
 2400
 2352
 2304
 2252
 2198
 2140
 2076
 2006
 1932
 1856
 1788
 1722
 1658
 1602
 1550
 1504
 1466
 1440
 1424
 1424
 1436
 1462
 1500
 1554
 1618
 1692
 1762
 1838
 1910
 1976
 2042
 2102
 2160
 2220
 2278
 2332
 2384
 2430
 2474
 2514
 2552
 2586
 2616
 2642
 2666
 2690
 2712
 2742
 2780
 2812
 2840
 2864
 2880
 2894
 2900
 2904
 2908
 2912
 2910
 2910
 2908
 2906
 2906
 2906
 2904
 2898
 2892
 2882
 2868
 2848
 2828
 2810
 2784
 2750
 2712
 2668
 2614
 2556
 2496
 2438
 2374
 2306
 2238
 2174
 2108
 2040
 1972
 1898
 1828
 1762
 1702
 1648
 1608
 1582
 1562
 1548
 1544
 1546
 1554
 1570
 1590
 1618
 1656
 1700
 1750
 1808
 1870
 1932
 1994
 2056
 2116
 2174
 2226
 2280
 2334
 2398
 2464
 2518
 2566
 2610
 2644
 2674
 2700
 2724
 2746
 2764
 2780
 2792
 2804
 2814
 2826
 2834
 2840
 2846
 2850
 2856
 2862
 2882
 2908
 2922
 2922
 2916
 2898
 2872
 2834
 2794
 2748
 2696
 2640
 2582
 2522
 2460
 2396
 2330
 2262
 2194
 2128
 2066
 2008
 1964
 1922
 1876
 1830
 1782
 1732
 1682
 1636
 1596
 1568
 1550
 1540
 1538
 1546
 1558
 1580
 1608
 1638
 1672
 1714
 1756
 1808
 1868
 1924
 1964
 1986
 1992
 1992
 1992
 1986
 1986
 1988
 1992
 1996
 2002
 2008
 2016
 2020
 2022
 2020
 2022
 2036
 2062
 2102
 2152
 2204
 2260
 2316
 2364
 2412
 2452
 2492
 2530
 2562
 2594
 2624
 2656
 2684
 2712
 2736
 2760
 2784
 2804
 2822
 2852
 2888
 2916
 2942
 2960
 2974
 2980
 2978
 2982
 2984
 2984
 2984
 2982
 2980
 2974
 2970
 2954
 2932
 2908
 2874
 2832
 2788
 2750
 2712
 2666
 2618
 2564
 2504
 2444
 2378
 2314
 2250
 2184
 2116
 2050
 1984
 1916
 1846
 1776
 1716
 1662
 1624
 1600
 1592
 1600
 1624
 1658
 1704
 1762
 1820
 1886
 1950
 2018
 2086
 2154
 2216
 2278
 2338
 2392
 2446
 2494
 2538
 2580
 2618
 2652
 2684
 2722
 2770
 2808
 2842
 2870
 2890
 2902
 2912
 2922
 2932
 2936
 2938
 2940
 2944
 2946
 2946
 2944
 2942
 2938
 2934
 2934
 2932
 2934
 2934
 2946
 2960
 2958
 2952
 2936
 2908
 2870
 2824
 2778
 2726
 2668
 2608
 2548
 2488
 2428
 2364
 2302
 2236
 2172
 2108
 2046
 1990
 1938
 1898
 1862
 1826
 1792
 1766
 1736
 1714
 1694
 1684
 1684
 1692
 1704
 1724
 1748
 1782
 1818
 1856
 1900
 1946
 1994
 2048
 2102
 2160
 2228
 2300
 2364
 2424
 2484
 2534
 2580
 2618
 2656
 2690
 2720
 2748
 2774
 2796
 2814
 2834
 2852
 2866
 2878
 2888
 2896
 2898
 2902
 2904
 2914
 2936
 2956
 2968
 2982
 2990
 2994
 2994
 2988
 2980
 2966
 2944
 2916
 2884
 2844
 2800
 2754
 2702
 2648
 2588
 2534
 2476
 2418
 2362
 2312
 2268
 2226
 2180
 2132
 2084
 2030
 1980
 1932
 1890
 1862
 1840
 1826
 1824
 1830
 1842
 1864
 1892
 1926
 1970
 2016
 2064
 2116
 2174
 2236
 2298
 2354
 2408
 2458
 2498
 2536
 2566
 2596
 2624
 2650
 2672
 2692
 2712
 2730
 2744
 2760
 2772
 2784
 2794
 2806
 2816
 2826
 2836
 2852
 2880
 2902
 2918
 2934
 2938
 2940
 2942
 2946
 2948
 2950
 2948
 2946
 2946
 2944
 2942
 2942
 2942
 2942
 2936
 2932
 2922
 2910
 2894
 2870
 2846
 2826
 2798
 2762
 2724
 2678
 2626
 2574
 2518
 2466
 2414
 2356
 2300
 2242
 2184
 2124
 2068
 2006
 1950
 1898
 1854
 1820
 1796
 1788
 1794
 1808
 1830
 1862
 1898
 1934
 1972
 2014
 2054
 2100
 2146
 2190
 2236
 2280
 2322
 2366
 2410
 2448
 2484
 2518
 2550
 2582
 2614
 2658
 2698
 2732
 2766
 2792
 2812
 2828
 2840
 2856
 2868
 2876
 2880
 2884
 2884
 2884
 2884
 2888
 2886
 2886
 2888
 2892
 2894
 2896
 2904
 2922
 2938
 2948
 2960
 2964
 2964
 2960
 2952
 2940
 2920
 2892
 2858
 2820
 2776
 2724
 2672
 2618
 2562
 2504
 2446
 2390
 2334
 2284
 2242
 2202
 2160
 2114
 2068
 2018
 1966
 1916
 1868
 1830
 1798
 1772
 1758
 1748
 1746
 1754
 1766
 1786
 1812
 1842
 1880
 1924
 1974
 2032
 2092
 2150
 2208
 2264
 2314
 2360
 2402
 2446
 2488
 2522
 2558
 2590
 2622
 2650
 2676
 2702
 2724
 2744
 2764
 2780
 2796
 2812
 2826
 2848
 2880
 2902
 2918
 2930
 2936
 2942
 2944
 2946
 2950
 2950
 2948
 2944
 2934
 2920
 2904
 2886
 2862
 2832
 2790
 2746
 2700
 2654
 2608
 2562
 2522
 2484
 2438
 2392
 2344
 2290
 2232
 2174
 2116
 2064
 2012
 1964
 1924
 1888
 1862
 1844
 1834
 1832
 1840
 1856
 1880
 1910
 1944
 1988
 2040
 2092
 2140
 2190
 2236
 2278
 2318
 2354
 2392
 2430
 2466
 2500
 2532
 2562
 2592
 2622
 2652
 2680
 2706
 2730
 2754
 2774
 2794
 2812
 2832
 2864
 2894
 2916
 2936
 2948
 2952
 2956
 2960
 2962
 2962
 2954
 2940
 2920
 2898
 2866
 2828
 2784
 2732
 2676
 2620
 2562
 2504
 2444
 2384
 2332
 2288
 2238
 2186
 2136
 2086
 2028
 1972
 1914
 1862
 1816
 1774
 1740
 1712
 1688
 1674
 1666
 1666
 1672
 1688
 1712
 1744
 1782
 1832
 1888
 1950
 2014
 2082
 2146
 2206
 2262
 2312
 2360
 2404
 2442
 2480
 2516
 2550
 2580
 2612
 2642
 2670
 2692
 2714
 2734
 2756
 2774
 2800
 2834
 2860
 2884
 2906
 2920
 2932
 2938
 2944
 2944
 2944
 2942
 2940
 2938
 2936
 2936
 2936
 2936
 2928
 2920
 2906
 2892
 2872
 2846
 2826
 2800
 2766
 2728
 2688
 2642
 2592
 2540
 2492
 2444
 2390
 2336
 2284
 2228
 2172
 2114
 2054
 1990
 1930
 1874
 1828
 1788
 1760
 1746
 1744
 1748
 1760
 1780
 1802
 1832
 1862
 1898
 1938
 1982
 2030
 2082
 2132
 2180
 2226
 2272
 2316
 2356
 2396
 2432
 2470
 2504
 2542
 2588
 2628
 2664
 2700
 2726
 2748
 2768
 2786
 2804
 2818
 2830
 2840
 2850
 2860
 2870
 2880
 2886
 2890
 2888
 2890
 2890
 2892
 2892
 2898
 2914
 2934
 2946
 2960
 2964
 2962
 2956
 2944
 2932
 2912
 2886
 2852
 2812
 2768
 2718
 2666
 2612
 2554
 2494
 2434
 2376
 2322
 2266
 2216
 2170
 2122
 2070
 2016
 1960
 1898
 1836
 1776
 1716
 1662
 1610
 1560
 1514
 1470
 1432
 1404
 1386
 1378
 1380
 1398
 1432
 1478
 1540
 1610
 1688
 1768
 1848
 1924
 1996
 2062
 2128
 2188
 2244
 2296
 2344
 2390
 2432
 2470
 2508
 2544
 2576
 2604
 2630
 2654
 2680
 2704
 2740
 2776
 2804
 2832
 2854
 2870
 2882
 2892
 2902
 2908
 2912
 2912
 2916
 2914
 2908
 2906
 2906
 2904
 2904
 2902
 2900
 2900
 2896
 2898
 2900
 2894
 2882
 2862
 2830
 2794
 2754
 2710
 2664
 2616
 2564
 2510
 2454
 2398
 2340
 2282
 2222
 2160
 2104
 2046
 1992
 1940
 1894
 1856
 1820
 1784
 1754
 1728
 1702
 1682
 1670
 1666
 1672
 1686
 1706
 1734
 1768
 1806
 1850
 1894
 1942
 1990
 2038
 2088
 2138
 2194
 2254
 2308
 2360
 2412
 2458
 2502
 2538
 2570
 2604
 2630
 2656
 2678
 2698
 2720
 2740
 2758
 2774
 2788
 2800
 2814
 2826
 2836
 2848
 2868
 2898
 2920
 2938
 2954
 2960
 2962
 2962
 2964
 2966
 2962
 2954
 2942
 2928
 2912
 2892
 2866
 2836
 2798
 2758
 2714
 2670
 2624
 2580
 2542
 2506
 2470
 2430
 2388
 2342
 2290
 2238
 2182
 2130
 2078
 2028
 1980
 1936
 1896
 1862
 1834
 1814
 1806
 1806
 1816
 1842
 1872
 1920
 1976
 2034
 2094
 2158
 2214
 2266
 2312
 2354
 2398
 2438
 2472
 2506
 2538
 2566
 2592
 2618
 2642
 2664
 2684
 2702
 2720
 2736
 2752
 2774
 2808
 2838
 2862
 2886
 2902
 2916
 2926
 2934
 2940
 2942
 2942
 2942
 2942
 2940
 2938
 2940
 2938
 2936
 2934
 2934
 2932
 2932
 2932
 2932
 2938
 2954
 2966
 2978
 2982
 2980
 2976
 2972
 2966
 2962
 2954
 2940
 2924
 2904
 2882
 2852
 2822
 2788
 2752
 2710
 2666
 2618
 2570
 2520
 2474
 2426
 2388
 2354
 2316
 2276
 2234
 2186
 2138
 2090
 2040
 1994
 1950
 1908
 1872
 1840
 1814
 1796
 1784
 1778
 1778
 1786
 1798
 1818
 1844
 1874
 1912
 1956
 2004
 2050
 2098
 2146
 2186
 2226
 2262
 2298
 2334
 2366
 2396
 2424
 2450
 2476
 2500
 2522
 2542
 2564
 2584
 2604
 2624
 2640
 2660
 2678
 2694
 2716
 2750
 2780
