29
266
323
602
717
787
851
982
1036
1155
1233
1294
1384
1488
1559
1626
1985
2239
2350
2473
2536
2619
2684
2771
2919
2982
3117
3184
3323
3502
3652
3817
3884
4020
4154
4216
4282
4365
4482
4552
4755
4826
4891
5053
5188
5321
5389
5483
5664
5767
5858
6057
6288
6350
6505
6621
6699
6786
6903
6957
7094
7169
7232
7300
7373
7623
7704
7834
7917
8155
8265
8317
8373
8502
8615
8788
8854
8916
8998
9066
9435
9499
9564
9696
9830
9897
9987
10098
10237
10320
10390
10467
10540
10636
10695
10770
10913
11051
11131
11288
11352
11436
11578
11644
11736
11867
12069
12153
12255
12437
12536
12625
12688
12754
12821
12900
13119
13269
13385
13525
13656
13916
14003
14087
14205
14450
14574
14703
14777
14846
14923
14982
15036
15269
15351
15421
15569
15672
15739
15868
16037
16096
16233
16383
16717
16873
16985
17104
17188
17386
17490
17621
17757
17828
18083
18283
18422
18571
18702
18770
18917
18982
19070
19175
19306
19490
19571
19640
19716
19779
19848
19935
19999
20133
20238
20419
20502
20584
20667
20918
21035
21087
21165
21238
21353
21406
21471
21539
21699
21768
21919
21986
22102
22168
22236
22307
22369
22488
22582
22656
22718
22836
22983
23084
23156
23319
23500
23568
23758
23824
23900
23988
24135
24272
24340
24592
24666
24807
24948
25028
25090
25236
25340
25418
25619
25686
25754
25846
25923
26026
26256
26366
26767
26862
26926
26998
27086
27149
27300
27384
27531
27621
27701
27823
27910
28039
28202
28289
28353
28422
28570
28651
28725
28805
28871
29020
29094
29305
29384
29466
29586
29772
29839
29972
30044
30236
30369
30588
30716
30977
31036
31116
31256
31407
31537
31718
31813
31884
31950
32090
32195
32288
32476
32541
32617
32753
