4
9
15
23
38
45
50
63
74
84
90
97
110
131
136
145
153
166
187
196
205
214
224
235
241
249
260
267
280
292
297
302
310
317
326
343
367
378
390
398
417
431
446
461
468
480
493
510
517
525
545
555
563
569
579
587
601
607
612
622
628
636
651
660
671
675
681
687
695
703
723
730
736
752
762
772
779
788
794
802
809
814
825
839
851
866
879
887
898
912
917
926
935
944
957
976
987
996
1010
1020
1028
1046
1062
1070
1081
1088
1094
1099
1107
1117
1124
1146
1156
1163
1176
1184
1193
1198
1205
1212
1218
1228
1237
1257
1264
1271
1281
1291
1298
1306
1316
1328
1333
1337
1343
1355
1360
1367
1376
1383
1402
1409
1414
1423
1437
1444
1453
1461
1470
1482
1498
1509
1515
1523
1529
1535
1541
1546
1551
1562
1577
1582
1588
1594
1599
1604
1623
1636
1648
1658
1670
1681
1686
1697
1704
1718
1729
1739
1748
1757
1762
1771
1780
1788
1796
1816
1828
1836
1845
1853
1862
1869
1875
1882
1893
1909
1928
1939
1948
1957
1964
1981
1989
1999
2006
2020
2029
2035
2047
2057
2076
2083
2092
2098
2108
2122
2130
2140
2151
2156
2161
2168
2177
2191
2207
2219
2236
2254
2263
2271
2280
2291
2297
2306
2316
2324
2338
2345
2350
2356
2370
2386
2402
2412
2427
2436
2445
2455
2464
2474
2482
2496
2505
2519
2535
2556
2567
2582
2593
2602
2615
2626
2636
2648
2653
2667
2676
2683
2697
2706
2712
2721
2730
2737
2750
2757
2763
2775
2788
2795
2800
2813
2822
2828
2836
2848
2854
2868
2877
2886
2903
2910
2920
2927
2935
2943
2950
2956
2963
2976
2984
3009
3021
3027
3035
3044
3049
3059
3070
3076
3081
3090
3095
3113
3119
3130
3138
3147
3165
3184
3194
3208
3226
3234
3243
3255
3267
3272
