49
132
207
279
354
431
503
584
667
745
818
893
975
1050
1121
1190
1256
1321
1385
1459
1544
1624
1698
1771
1849
1929
2005
2075
2148
2224
2298
2369
2444
2525
2602
2675
2751
2832
2914
2991
3063
3138
3218
3299
3378
3453
3533
3614
3695
3772
3847
3929
4014
4094
4170
4243
4318
4393
4465
4534
4605
4675
4745
4813
4885
4957
5027
5096
5167
5239
5308
5380
5454
5526
5599
5674
5751
5824
5896
5971
6043
6113
6186
6262
6333
6403
6478
6553
6629
6700
6772
6848
6926
6996
7064
7134
7206
7274
7339
7409
7485
7556
7624
7696
7769
7836
7903
7974
8043
8110
8176
8247
8317
8384
8451
8524
8595
8665
8735
8811
8887
8958
9035
9112
9183
9253
9328
9400
9470
9536
9604
9674
9740
9804
9868
9933
9999
10071
10143
10213
10280
10351
10422
10491
10560
10632
10707
10782
10851
10922
10995
11071
11143
11214
11290
11365
11438
11513
11594
11675
11751
11820
11888
11957
12026
12094
12163
12237
12315
12391
12464
12539
12615
12691
12763
12835
12909
12983
13055
13126
13202
13279
13350
13421
13495
13567
13637
13706
13781
13861
13934
14004
14076
14155
14227
14296
14364
14432
14499
14564
14630
14699
14768
14835
14901
14969
15041
15113
15181
15249
15322
15395
15463
15534
15607
15679
15749
15820
15895
15967
16036
16105
16180
16259
16334
16408
16486
16566
16637
16706
16773
16843
16915
16985
17059
17136
17213
17287
17361
17436
17507
17577
17651
17724
17795
17866
17940
18014
18085
18158
18232
18301
18370
18442
18511
18581
18656
18735
18816
18893
18967
19040
19111
19180
19247
19315
19385
19451
19521
19594
19665
19736
19809
19884
19957
20026
20098
20173
20249
20319
20388
20462
20541
20614
20684
20757
20834
20907
20977
21060
21153
21238
21314
21383
21450
21519
21591
21661
21736
21822
21902
21977
22055
22133
22208
22280
22354
22428
22500
22574
22651
22725
22799
22876
22954
23026
23100
23175
23250
23322
23397
23474
23552
23626
23704
23785
23867
23943
24016
24093
24175
24256
24335
24409
24482
24560
24641
24722
24798
24874
24954
25038
25117
25192
25270
25352
25434
25515
25592
25667
25745
25827
25907
25980
26050
26120
26199
26278
26359
