 1302
 1258
 1220
 1200
 1194
 1196
 1210
 1230
 1252
 1282
 1308
 1340
 1372
 1424
 1484
 1550
 1612
 1672
 1726
 1782
 1826
 1876
 1926
 1976
 2022
 2064
 2102
 2136
 2170
 2198
 2220
 2240
 2262
 2300
 2354
 2406
 2456
 2500
 2540
 2566
 2594
 2622
 2642
 2658
 2672
 2680
 2682
 2682
 2696
 2706
 2710
 2714
 2726
 2756
 2796
 2842
 2896
 2942
 2972
 2984
 2984
 2976
 2954
 2928
 2894
 2858
 2818
 2758
 2692
 2606
 2530
 2464
 2380
 2286
 2188
 2094
 2004
 1918
 1838
 1770
 1712
 1662
 1618
 1588
 1582
 1590
 1600
 1600
 1600
 1606
 1604
 1606
 1612
 1632
 1660
 1696
 1732
 1762
 1788
 1812
 1826
 1834
 1834
 1832
 1834
 1834
 1842
 1848
 1856
 1866
 1880
 1900
 1924
 1950
 1986
 2022
 2062
 2102
 2144
 2190
 2230
 2264
 2306
 2350
 2386
 2412
 2430
 2444
 2454
 2460
 2472
 2482
 2486
 2490
 2490
 2494
 2490
 2486
 2480
 2478
 2476
 2476
 2494
 2522
 2546
 2562
 2584
 2610
 2644
 2674
 2702
 2722
 2740
 2752
 2758
 2764
 2764
 2752
 2736
 2724
 2710
 2680
 2632
 2562
 2480
 2388
 2298
 2220
 2144
 2070
 2004
 1938
 1880
 1832
 1786
 1738
 1696
 1668
 1636
 1602
 1574
 1542
 1522
 1506
 1498
 1502
 1514
 1530
 1544
 1568
 1592
 1614
 1638
 1658
 1688
 1730
 1766
 1804
 1846
 1882
 1922
 1962
 1994
 2034
 2068
 2104
 2136
 2168
 2198
 2228
 2258
 2288
 2312
 2332
 2366
 2412
 2454
 2486
 2518
 2542
 2564
 2578
 2594
 2612
 2624
 2634
 2640
 2642
 2642
 2640
 2640
 2640
 2640
 2634
 2628
 2622
 2634
 2652
 2664
 2672
 2676
 2678
 2680
 2678
 2680
 2682
 2682
 2684
 2680
 2676
 2676
 2672
 2664
 2666
 2672
 2674
 2658
 2640
 2638
 2672
 2718
 2782
 2818
 2834
 2838
 2842
 2834
 2826
 2808
 2786
 2760
 2728
 2690
 2650
 2610
 2570
 2530
 2502
 2496
 2494
 2500
 2516
 2522
 2524
 2534
 2538
 2550
 2562
 2584
 2608
 2628
 2648
 2666
 2682
 2692
 2704
 2732
 2758
 2780
 2798
 2810
 2822
 2830
 2838
 2856
 2866
 2876
 2884
 2886
 2892
 2892
 2888
 2880
 2872
 2868
 2868
 2868
 2868
 2870
 2874
 2876
 2878
 2880
 2882
 2882
 2882
 2880
 2876
 2874
 2874
 2872
 2872
 2888
 2908
 2924
 2936
 2934
 2914
 2908
 2922
 2946
 2980
 3048
 3148
 3260
 3340
 3390
 3432
 3468
 3504
 3532
 3560
 3578
 3592
 3598
 3598
 3602
 3606
 3604
 3602
 3596
 3594
 3592
 3588
 3580
 3570
 3564
 3572
 3576
 3568
 3560
 3542
 3524
 3498
 3466
 3424
 3364
 3312
 3256
 3198
 3150
 3100
 3048
 3002
 2956
 2910
 2866
 2836
 2800
 2766
 2734
 2704
 2676
 2644
 2608
 2572
 2546
 2532
 2530
 2538
 2554
 2578
 2606
 2634
 2664
 2704
 2744
 2780
 2812
 2842
 2874
 2904
 2930
 2958
 2990
 3018
 3046
 3074
 3102
 3128
 3150
 3170
 3186
 3204
 3236
 3270
 3290
 3302
 3312
 3322
 3326
 3332
 3340
 3344
 3342
 3338
 3318
 3292
 3260
 3224
 3170
 3114
 3052
 2988
 2924
 2876
 2828
 2774
 2716
 2662
 2608
 2554
 2498
 2450
 2398
 2344
 2292
 2234
 2174
 2120
 2066
 2010
 1956
 1918
 1884
 1844
 1806
 1780
 1770
 1776
 1786
 1802
 1828
 1856
 1898
 1938
 1982
 2030
 2082
 2128
 2180
 2242
 2306
 2362
 2414
 2464
 2508
 2550
 2586
 2626
 2662
 2698
 2732
 2760
 2788
 2812
 2844
 2878
 2902
 2920
 2934
 2962
 2994
 3026
 3050
 3068
 3080
 3086
 3090
 3100
 3108
 3112
 3118
 3118
 3120
 3116
 3102
 3082
 3058
 3036
 3008
 2978
 2940
 2914
 2892
 2868
 2842
 2812
 2778
 2742
 2702
 2664
 2626
 2584
 2544
 2500
 2456
 2416
 2374
 2342
 2310
 2276
 2242
 2214
 2196
 2178
 2168
 2166
 2168
 2182
 2198
 2214
 2240
 2264
 2292
 2320
 2348
 2376
 2406
 2438
 2470
 2498
 2524
 2562
 2606
 2644
 2680
 2712
 2740
 2774
 2798
 2822
 2846
 2866
 2882
 2896
 2908
 2918
 2930
 2946
 2958
 2968
 2976
 2984
 2988
 2990
 2992
 3014
 3038
 3054
 3066
 3068
 3068
 3068
 3066
 3070
 3072
 3072
 3070
 3070
 3066
 3052
 3034
 3018
 2998
 2978
 2954
 2924
 2890
 2862
 2842
 2824
 2806
 2782
 2754
 2726
 2692
 2656
 2624
 2584
 2546
 2508
 2466
 2426
 2386
 2348
 2308
 2264
 2216
 2180
 2154
 2130
 2110
 2094
 2090
 2096
 2110
 2128
 2154
 2182
 2214
 2250
 2284
 2320
 2356
 2390
 2420
 2444
 2466
 2500
 2536
 2572
 2602
 2630
 2664
 2692
 2712
 2736
 2756
 2776
 2792
 2804
 2816
 2828
 2844
 2860
 2874
 2882
 2888
 2908
 2936
 2964
 2984
 3002
 3012
 3018
 3022
 3028
 3034
 3036
 3038
 3036
 3034
 3032
 3026
 3024
 3016
 3008
 2996
 2996
 3004
 3004
 2998
 2990
 2976
 2958
 2932
 2910
 2886
 2856
 2822
 2784
 2742
 2704
 2670
 2640
 2616
 2590
 2556
 2526
 2508
 2486
 2460
 2430
 2396
 2364
 2326
 2286
 2250
 2210
 2168
 2130
 2092
 2054
 2016
 1978
 1944
 1906
 1874
 1852
 1828
 1808
 1794
 1784
 1786
 1794
 1808
 1832
 1856
 1882
 1910
 1938
 1966
 1998
 2026
 2050
 2072
 2102
 2144
 2188
 2228
 2264
 2300
 2334
 2364
 2392
 2422
 2448
 2478
 2506
 2534
 2560
 2590
 2622
 2650
 2672
 2684
 2702
 2734
 2766
 2794
 2826
 2854
 2880
 2898
 2912
 2924
 2932
 2936
 2938
 2938
 2936
 2932
 2930
 2930
 2928
 2920
 2906
 2904
 2902
 2898
 2884
 2866
 2844
 2820
 2790
 2764
 2736
 2702
 2670
 2638
 2606
 2570
 2540
 2506
 2470
 2430
 2386
 2354
 2328
 2298
 2262
 2226
 2188
 2150
 2108
 2072
 2036
 2000
 1972
 1942
 1924
 1916
 1922
 1932
 1948
 1966
 1994
 2034
 2072
 2110
 2144
 2172
 2204
 2232
 2258
 2290
 2320
 2352
 2384
 2416
 2448
 2484
 2516
 2546
 2568
 2584
 2602
 2634
 2672
 2702
 2730
 2750
 2768
 2786
 2796
 2810
 2820
 2828
 2832
 2836
 2838
 2840
 2842
 2854
 2858
 2858
 2856
 2852
 2860
 2874
 2884
 2892
 2898
 2900
 2902
 2896
 2894
 2894
 2890
 2888
 2884
 2882
 2880
 2878
 2874
 2868
 2856
 2842
 2822
 2800
 2790
 2778
 2768
 2750
 2732
 2712
 2690
 2664
 2636
 2602
 2562
 2526
 2486
 2448
 2414
 2382
 2348
 2312
 2272
 2236
 2212
 2186
 2150
 2108
 2066
 2024
 1984
 1944
 1916
 1884
 1858
 1836
 1826
 1830
 1840
 1860
 1880
 1906
 1936
 1978
 2026
 2076
 2120
 2162
 2200
 2242
 2274
 2308
 2342
 2374
 2412
 2444
 2474
 2504
 2532
 2566
 2592
 2612
 2626
 2650
 2684
 2718
 2748
 2774
 2796
 2816
 2832
 2846
 2862
 2872
 2878
 2884
 2888
 2892
 2896
 2902
 2908
 2912
 2910
 2902
 2904
 2916
 2930
 2944
 2954
 2960
 2968
 2964
 2966
 2968
 2958
 2942
 2924
 2902
 2882
 2860
 2840
 2822
 2802
 2776
 2742
 2712
 2698
 2686
 2674
 2660
 2644
 2624
 2602
 2572
 2546
 2518
 2486
 2452
 2410
 2366
 2322
 2276
 2230
 2180
 2124
 2064
 2020
 1982
 1940
 1898
 1860
 1824
 1806
 1794
 1790
 1802
 1816
 1838
 1862
 1890
 1924
 1964
 2002
 2036
 2068
 2108
 2152
 2198
 2240
 2282
 2322
 2364
 2400
 2436
 2478
 2520
 2558
 2594
 2630
 2662
 2696
 2730
 2756
 2774
 2788
 2812
 2844
 2876
 2904
 2926
 2946
 2962
 2970
 2982
 2988
 2990
 3000
 3008
 3022
 3034
 3042
 3052
 3050
 3040
 3026
 3012
 3012
 3006
 2992
 2978
 2958
 2928
 2888
 2844
 2794
 2732
 2666
 2600
 2534
 2472
 2414
 2360
 2308
 2254
 2202
 2160
 2112
 2060
 2006
 1950
 1896
 1846
 1792
 1748
 1702
 1654
 1608
 1564
 1532
 1522
 1528
 1540
 1566
 1610
 1662
 1712
 1766
 1818
 1868
 1918
 1964
 2012
 2070
 2118
 2170
 2216
 2260
 2306
 2350
 2390
 2424
 2456
 2506
 2556
 2604
 2642
 2678
 2708
 2734
 2756
 2778
 2798
 2812
 2824
 2838
 2852
 2864
 2878
 2884
 2888
 2886
 2888
 2906
 2926
 2940
 2948
 2954
 2958
 2950
 2942
 2928
 2906
 2878
 2846
 2806
 2764
 2724
 2684
 2648
 2606
 2558
 2506
 2468
 2432
 2392
 2350
 2304
 2256
 2208
 2154
 2106
 2054
 1998
 1944
 1884
 1826
 1776
 1728
 1682
 1630
 1594
 1574
 1574
 1586
 1608
 1640
 1680
 1730
 1776
 1830
 1884
 1938
 1990
 2038
 2088
 2134
 2182
 2224
 2262
 2302
 2356
 2418
 2474
 2524
 2576
 2626
 2670
 2702
 2738
 2766
 2790
 2812
 2826
 2840
 2850
 2862
 2874
 2880
 2882
 2880
 2884
 2902
 2924
 2942
 2952
 2958
 2966
 2964
 2968
 2972
 2972
 2970
 2966
 2962
 2954
 2946
 2938
 2930
 2912
 2888
 2860
 2848
 2828
 2810
 2786
 2764
 2738
 2708
 2674
 2646
 2612
 2576
 2538
 2496
 2444
 2398
 2354
 2304
 2256
 2204
 2166
 2138
 2104
 2068
 2032
 1996
 1956
 1908
 1860
 1812
 1760
 1714
 1666
 1628
 1606
 1600
 1606
 1622
 1646
 1690
 1746
 1802
 1858
 1914
 1972
 2030
 2082
 2138
 2200
 2258
 2316
 2376
 2442
 2504
 2570
 2628
 2678
 2716
 2756
 2806
 2854
 2890
 2918
 2942
 2962
 2970
 2982
 2990
 2994
 2992
 2986
 2978
 2974
 2972
 2970
 2962
 2952
 2944
 2950
 2946
 2934
 2918
 2894
 2866
 2826
 2790
 2754
 2716
 2676
 2634
 2592
 2548
 2506
 2460
 2408
 2348
 2288
 2240
 2192
 2134
 2078
 2022
 1972
 1920
 1870
 1822
 1770
 1728
 1690
 1670
 1674
 1702
 1740
 1786
 1840
 1910
 1994
 2080
 2162
 2238
 2314
 2388
 2450
 2508
 2568
 2618
 2664
 2712
 2752
 2788
 2826
 2862
 2892
 2914
 2926
 2948
 2972
 2992
 3008
 3014
 3020
 3020
 3018
 3022
 3024
 3016
 3014
 3018
 3024
 3026
 3038
 3046
 3042
 3034
 3024
 3030
 3040
 3044
 3042
 3028
 3004
 2972
 2940
 2908
 2870
 2828
 2782
 2736
 2692
 2646
 2598
 2548
 2492
 2440
 2404
 2368
 2328
 2286
 2244
 2200
 2160
 2116
 2080
 2040
 2006
 1978
 1956
 1950
 1956
 1972
 1998
 2024
 2064
 2126
 2188
 2254
 2312
 2358
 2406
 2450
 2482
 2516
 2550
 2582
 2610
 2638
 2668
 2698
 2730
 2758
 2780
 2796
 2814
 2846
 2882
 2910
 2934
 2952
 2968
 2976
 2984
 2992
 2996
 3000
 3000
 2998
 2996
 2996
 3000
 2996
 2990
 2978
 2980
 2992
 3004
 3014
 3020
 3022
 3016
 3002
 2986
 2962
 2930
 2892
 2836
 2774
 2726
 2690
 2660
 2638
 2612
 2566
 2522
 2494
 2466
 2434
 2400
 2362
 2322
 2284
 2240
 2204
 2166
 2122
 2078
 2030
 1986
 1948
 1922
 1906
 1898
 1908
 1932
 1966
 2002
 2042
 2084
 2124
 2166
 2202
 2242
 2278
 2314
 2350
 2380
 2412
 2440
 2470
 2492
 2510
 2522
 2548
 2578
 2608
 2634
 2666
 2706
 2752
 2790
 2826
 2854
 2876
 2894
 2908
 2920
 2934
 2944
 2956
 2966
 2966
 2960
 2950
 2956
 2968
 2984
 2996
 3008
 3018
 3024
 3024
 3026
 3028
 3026
 3022
 3014
 3004
 2990
 2972
 2956
 2934
 2904
 2868
 2832
 2812
 2792
 2774
 2752
 2730
 2702
 2674
 2642
 2610
 2570
 2508
 2448
 2400
 2348
 2298
 2252
 2206
 2156
 2106
 2056
 2024
 1994
 1966
 1938
 1916
 1902
 1902
 1908
 1926
 1950
 1976
 2010
 2042
 2080
 2120
 2164
 2206
 2242
 2278
 2328
 2382
 2434
 2482
 2526
 2568
 2606
 2638
 2670
 2700
 2724
 2744
 2764
 2776
 2790
 2804
 2822
 2834
 2844
 2852
 2874
 2920
 2976
 3026
 3060
 3078
 3092
 3092
 3094
 3096
 3092
 3088
 3078
 3060
 3036
 3006
 2974
 2938
 2894
 2848
 2798
 2762
 2734
 2706
 2674
 2640
 2604
 2568
 2520
 2474
 2426
 2376
 2328
 2278
 2230
 2184
 2144
 2100
 2054
 2010
 1980
 1954
 1928
 1900
 1876
 1862
 1860
 1864
 1880
 1900
 1922
 1948
 1988
 2034
 2078
 2130
 2186
 2242
 2288
 2342
 2400
 2452
 2498
 2538
 2576
 2616
 2644
 2676
 2704
 2730
 2754
 2776
 2796
 2814
 2832
 2852
 2864
 2870
 2874
 2888
 2912
 2936
 2956
 2972
 2986
 2988
 2980
 2972
 2956
 2930
 2900
 2864
 2826
 2786
 2748
 2712
 2666
 2622
 2576
 2548
 2524
 2494
 2450
 2400
 2352
 2308
 2248
 2182
 2122
 2074
 2024
 1978
 1932
 1886
 1846
 1808
 1768
 1724
 1694
 1684
 1684
 1694
 1714
 1746
 1788
 1848
 1900
 1960
 2018
 2074
 2132
 2184
 2238
 2288
 2338
 2386
 2428
 2462
 2504
 2558
 2606
 2646
 2682
 2712
 2738
 2758
 2776
 2794
 2810
 2820
 2830
 2836
 2840
 2848
 2870
 2900
 2926
 2940
 2954
 2982
 3016
 3032
 3024
 3006
 2982
 2948
 2912
 2880
 2840
 2800
 2756
 2710
 2660
 2612
 2558
 2502
 2440
 2378
 2322
 2284
 2250
 2216
 2188
 2158
 2126
 2096
 2058
 2024
 1986
 1942
 1902
 1860
 1822
 1798
 1788
 1792
 1802
 1820
 1858
 1904
 1950
 1996
 2044
 2092
 2148
 2204
 2256
 2308
 2366
 2426
 2476
 2524
 2566
 2604
 2642
 2676
 2702
 2724
 2750
 2788
 2830
 2864
 2894
 2920
 2940
 2954
 2968
 2980
 2990
 2996
 2998
 2998
 2996
 2990
 2978
 2948
 2914
 2872
 2832
 2804
 2780
 2756
 2730
 2702
 2674
 2644
 2608
 2580
 2544
 2504
 2462
 2416
 2368
 2320
 2278
 2236
 2192
 2146
 2106
 2082
 2062
 2046
 2038
 2036
 2040
 2052
 2060
 2080
 2104
 2132
 2162
 2194
 2228
 2262
 2300
 2338
 2368
 2398
 2436
 2484
 2532
 2578
 2618
 2652
 2688
 2722
 2752
 2782
 2806
 2826
 2844
 2856
 2868
 2882
 2894
 2908
 2916
 2918
 2916
 2924
 2940
 2958
 2960
 2948
 2928
 2902
 2868
 2838
 2808
 2776
 2744
 2716
 2682
 2648
 2602
 2554
 2506
 2452
 2396
 2340
 2296
 2256
 2212
 2166
 2120
 2076
 2032
 1986
 1948
 1900
 1850
 1800
 1746
 1698
 1660
 1638
 1628
 1630
 1644
 1676
 1722
 1772
 1824
 1878
 1932
 1988
 2036
 2088
 2138
 2188
 2238
 2284
 2330
 2374
 2422
 2464
 2506
 2536
 2576
 2628
 2678
 2720
 2762
 2798
 2830
 2852
 2870
 2888
 2904
 2912
 2918
 2922
 2920
 2916
 2918
 2914
 2908
 2896
 2878
 2874
 2870
 2862
 2850
 2832
 2808
 2782
 2752
 2726
 2692
 2658
 2620
 2580
 2538
 2496
 2452
 2402
 2346
 2288
 2240
 2206
 2170
 2128
 2078
 2028
 1980
 1930
 1878
 1834
 1790
 1754
 1732
 1722
 1726
 1742
 1766
 1800
 1836
 1880
 1940
 2002
 2058
 2114
 2170
 2218
 2270
 2314
 2358
 2404
 2444
 2484
 2522
 2558
 2592
 2624
 2658
 2688
 2714
 2732
 2756
 2794
 2834
 2862
 2886
 2906
 2922
 2934
 2946
 2960
 2968
 2974
 2972
 2968
 2966
 2966
 2964
 2968
 2968
 2962
 2948
 2930
 2920
 2912
 2898
 2882
 2862
 2838
 2810
 2778
 2750
 2718
 2684
 2648
 2612
 2574
 2536
 2498
 2462
 2414
 2360
 2304
 2264
 2234
 2202
 2166
 2128
 2094
 2054
 2018
 1986
 1962
 1948
 1946
 1952
 1964
 1986
 2014
 2052
 2092
 2132
 2176
 2232
 2288
 2346
 2398
 2446
 2492
 2538
 2570
 2606
 2638
 2666
 2690
 2712
 2732
 2750
 2768
 2788
 2802
 2814
 2818
 2840
 2872
 2904
 2932
 2954
 2972
 2986
 2996
 3006
 3014
 3012
 3010
 3006
 3002
 2996
 2994
 2992
 2988
 2980
 2962
 2932
 2912
 2898
 2882
 2864
 2844
 2820
 2794
 2764
 2736
 2708
 2676
 2640
 2604
 2564
 2524
 2484
 2440
 2394
 2344
 2288
 2246
 2210
 2174
 2132
 2088
 2044
 2000
 1954
 1912
 1874
 1844
 1822
 1816
 1820
 1836
 1860
 1896
 1938
 1978
 2032
 2094
 2156
 2216
 2276
 2332
 2386
 2434
 2478
 2526
 2568
 2604
 2636
 2666
 2688
 2712
 2738
 2760
 2774
 2786
 2806
 2840
 2876
 2904
 2928
 2952
 2966
 2980
 2988
 2998
 2998
 2996
 2994
 2988
 2986
 2982
 2982
 2982
 2978
 2964
 2938
 2922
 2912
 2896
 2876
 2852
 2826
 2796
 2764
 2734
 2700
 2664
 2624
 2582
 2538
 2492
 2444
 2400
 2346
 2292
 2236
 2198
 2162
 2124
 2082
 2040
 1998
 1960
 1920
 1890
 1868
 1856
 1860
 1876
 1902
 1944
 2010
 2092
 2172
 2238
 2288
 2344
 2394
 2444
 2494
 2540
 2584
 2622
 2658
 2694
 2728
 2760
 2786
 2812
 2836
 2858
 2880
 2898
 2906
 2914
 2936
 2964
 2992
 3014
 3034
 3048
 3060
 3062
 3066
 3068
 3068
 3062
 3048
 3030
 3008
 2986
 2958
 2918
 2866
 2824
 2800
 2776
 2750
 2714
 2664
 2606
 2548
 2492
 2444
 2398
 2354
 2306
 2256
 2210
 2164
 2122
 2078
 2032
 1984
 1944
 1918
 1884
 1850
 1816
 1794
 1792
 1804
 1822
 1852
 1888
 1926
 1970
 2014
 2062
 2112
 2160
 2204
 2244
 2292
 2348
 2400
 2448
 2494
 2538
 2576
 2604
 2634
 2666
 2692
 2716
 2740
 2762
 2786
 2802
 2820
 2828
 2834
 2840
 2862
 2894
 2934
 2966
 2988
 3006
 3014
 3008
 2996
 2970
 2934
 2898
 2856
 2808
 2760
 2714
 2668
 2618
 2562
 2504
 2460
 2422
 2378
 2334
 2290
 2244
 2200
 2154
 2108
 2066
 2018
 1970
 1920
 1868
 1818
 1776
 1732
 1688
 1648
 1626
 1616
 1618
 1630
 1648
 1678
 1716
 1754
 1796
 1846
 1890
 1948
 2008
 2060
 2116
 2176
 2230
 2280
 2324
 2374
 2438
 2498
 2552
 2602
 2644
 2682
 2716
 2744
 2780
 2808
 2832
 2850
 2862
 2876
 2886
 2898
 2906
 2906
 2900
 2900
 2890
 2874
 2852
 2824
 2794
 2764
 2724
 2690
 2652
 2608
 2564
 2514
 2466
 2420
 2374
 2318
 2258
 2196
 2136
 2096
 2058
 2016
 1970
 1926
 1884
 1844
 1798
 1760
 1722
 1686
 1664
 1656
 1668
 1694
 1732
 1778
 1824
 1876
 1942
 2010
 2078
 2142
 2204
 2262
 2322
 2376
 2434
 2488
 2536
 2580
 2618
 2654
 2686
 2720
 2744
 2764
 2776
 2796
 2828
 2858
 2882
 2902
 2918
 2930
 2936
 2944
 2958
 2972
 2974
 2974
 2978
 2986
 2992
 2994
 2998
 2986
 2966
 2936
 2900
 2876
 2852
 2822
 2790
 2754
 2716
 2674
 2634
 2590
 2538
 2482
 2422
 2366
 2312
 2262
 2216
 2166
 2116
 2078
 2050
 2016
 1982
 1946
 1912
 1878
 1852
 1836
 1834
 1838
 1852
 1868
 1890
 1916
 1950
 1986
 2018
 2050
 2092
 2144
 2204
 2260
 2302
 2346
 2384
 2418
 2450
 2486
 2514
 2544
 2570
 2596
 2618
 2640
 2664
 2682
 2696
 2702
 2716
 2744
 2774
 2800
 2830
 2854
 2878
 2896
 2912
 2930
 2948
 2958
 2966
 2972
 2972
 2972
 2974
 2972
 2962
 2942
 2920
 2910
 2898
 2882
 2858
 2832
 2802
 2770
 2734
 2698
 2650
 2592
 2524
 2462
 2404
 2350
 2304
 2256
 2200
 2146
 2094
 2056
 2020
 1980
 1936
 1892
 1848
 1808
 1766
 1728
 1696
 1674
 1672
 1674
 1688
 1706
 1734
 1764
 1796
 1828
 1874
 1924
 1972
 2020
 2066
 2112
 2162
 2198
 2240
 2282
 2318
 2354
 2396
 2436
 2470
 2504
 2536
 2562
 2578
 2592
 2620
 2656
 2700
 2738
 2776
 2816
 2856
 2890
 2922
 2950
 2972
 2988
 2998
 3008
 3012
 3012
 3014
 3012
 3000
 2974
 2944
 2924
 2906
 2884
 2858
 2832
 2802
 2772
 2738
 2712
 2680
 2644
 2606
 2562
 2516
 2468
 2416
 2362
 2308
 2254
 2216
 2186
 2150
 2114
 2078
 2040
 2006
 1968
 1936
 1910
 1894
 1890
 1900
 1922
 1960
 2022
 2082
 2120
 2150
 2184
 2226
 2270
 2314
 2360
 2406
 2452
 2492
 2528
 2570
 2610
 2652
 2684
 2716
 2742
 2772
 2796
 2816
 2830
 2842
 2874
 2910
 2942
 2964
 2986
 3000
 3004
 2996
 2982
 2958
 2924
 2884
 2844
 2804
 2764
 2726
 2684
 2638
 2594
 2564
 2532
 2496
 2454
 2414
 2372
 2334
 2288
 2252
 2214
 2172
 2128
 2086
 2046
 2018
 2004
 2002
 2006
 2016
 2042
 2068
 2096
 2128
 2162
 2196
 2234
 2268
 2306
 2344
 2378
 2412
 2444
 2482
 2516
 2552
 2588
 2618
 2640
 2666
 2712
 2758
 2802
 2836
 2864
 2888
 2908
 2920
 2936
 2946
 2954
 2956
 2954
 2948
 2940
 2928
 2912
 2888
 2858
 2822
 2798
 2778
 2752
 2724
 2688
 2650
 2612
 2568
 2522
 2466
 2408
 2350
 2288
 2228
 2174
 2130
 2092
 2050
 2008
 1984
 1960
 1930
 1896
 1860
 1832
 1816
 1810
 1822
 1838
 1856
 1880
 1904
 1932
 1968
 1998
 2014
 2020
 2034
 2050
 2064
 2080
 2098
 2116
 2138
 2156
 2172
 2190
 2202
 2214
 2220
 2222
 2224
 2224
 2226
 2228
 2240
 2264
 2296
 2322
 2334
 2344
 2360
 2380
 2404
 2434
 2446
 2422
 2388
 2368
 2354
 2342
 2352
 2406
 2474
 2544
 2610
 2674
 2730
 2782
 2828
 2874
 2918
 2956
 2986
 3010
 3034
 3056
 3074
 3086
 3092
 3090
 3102
 3120
 3136
 3148
 3156
 3156
 3152
 3146
 3138
 3116
 3090
 3060
 3024
 2990
 2960
 2942
 2944
 2948
 2946
 2928
 2916
 2904
 2890
 2878
 2866
 2846
 2822
 2786
 2750
 2712
 2672
 2630
 2584
 2540
 2500
 2468
 2446
 2434
 2426
 2436
 2454
 2472
 2492
 2512
 2534
 2558
 2580
 2602
 2628
 2652
 2674
 2694
 2714
 2736
 2760
 2784
 2806
 2822
 2838
 2878
 2918
 2958
 3000
 3040
 3076
 3106
 3132
 3156
 3174
 3184
 3190
 3198
 3202
 3206
 3216
 3226
 3234
 3240
 3238
 3238
 3252
 3268
 3278
 3278
 3268
 3252
 3222
 3190
 3148
 3092
 3028
 2968
 2912
 2860
 2810
 2762
 2720
 2666
 2608
 2552
 2514
 2476
 2436
 2392
 2352
 2310
 2266
 2224
 2184
 2142
 2100
 2054
 2006
 1958
 1910
 1870
 1828
 1792
 1776
 1780
 1794
 1814
 1842
 1878
 1920
 1966
 2012
 2062
 2116
 2174
 2230
 2282
 2330
 2378
 2424
 2464
 2498
 2532
 2582
 2632
 2676
 2712
 2748
 2778
 2806
 2824
 2848
 2868
 2884
 2898
 2910
 2924
 2936
 2954
 2970
 2978
 2986
 2988
 3006
 3028
 3046
 3060
 3074
 3082
 3090
 3096
 3098
 3092
 3074
 3044
 3012
 2974
 2936
 2900
 2860
 2818
 2768
 2720
 2688
 2654
 2614
 2560
 2502
 2446
 2394
 2340
 2296
 2244
 2196
 2146
 2092
 2040
 1986
 1932
 1870
 1798
 1732
 1680
 1624
 1572
 1530
 1496
 1476
 1470
 1472
 1488
 1508
 1538
 1574
 1614
 1662
 1714
 1774
 1832
 1886
 1946
 2020
 2090
 2156
 2218
 2276
 2332
 2382
 2428
 2478
 2522
 2564
 2604
 2640
 2672
 2702
 2736
 2762
 2784
 2798
 2814
 2846
 2880
 2906
 2932
 2948
 2964
 2976
 2986
 2998
 3006
 3004
 3000
 2996
 2992
 2990
 2988
 2988
 2978
 2958
 2932
 2914
 2904
 2894
 2880
 2870
 2848
 2812
 2760
 2710
 2658
 2604
 2552
 2498
 2444
 2390
 2340
 2292
 2242
 2188
 2134
 2094
 2058
 2014
 1966
 1918
 1872
 1830
 1788
 1748
 1718
 1696
 1690
 1694
 1710
 1736
 1776
 1816
 1856
 1902
 1960
 2014
 2066
 2112
 2158
 2202
 2248
 2298
 2382
 2476
 2546
 2588
 2620
 2652
 2676
 2702
 2730
 2752
 2770
 2784
 2812
 2848
 2882
 2910
 2932
 2952
 2968
 2978
 2994
 3006
 3014
 3020
 3026
 3030
 3030
 3036
 3040
 3040
 3030
 3004
 2988
 2972
 2954
 2932
 2904
 2874
 2844
 2804
 2770
 2734
 2692
 2648
 2602
 2556
 2510
 2466
 2430
 2390
 2350
 2318
 2290
 2248
 2196
 2144
 2094
 2044
 1994
 1948
 1898
 1862
 1824
 1796
 1780
 1782
 1796
 1822
 1862
 1902
 1940
 1982
 2038
 2096
 2154
 2208
 2262
 2316
 2370
 2414
 2462
 2512
 2554
 2594
 2632
 2666
 2698
 2728
 2758
 2780
 2796
 2808
 2834
 2866
 2896
 2920
 2936
 2950
 2958
 2962
 2968
 2968
 2972
 2974
 2984
 2996
 3000
 3008
 3020
 3034
 3046
 3048
 3042
 3024
 3002
 2990
 2970
 2948
 2918
 2884
 2850
 2806
 2760
 2718
 2670
 2620
 2570
 2520
 2470
 2418
 2368
 2322
 2268
 2210
 2162
 2124
 2078
 2034
 1990
 1942
 1902
 1860
 1820
 1792
 1774
 1772
 1782
 1798
 1822
 1860
 1908
 1960
 2010
 2070
 2148
 2216
 2270
 2312
 2350
 2386
 2420
 2450
 2486
 2520
 2554
 2586
 2616
 2646
 2676
 2708
 2740
 2766
 2784
 2796
 2820
 2852
 2890
 2920
 2946
 2968
 2986
 2994
 3006
 3018
 3026
 3028
 3028
 3026
 3024
 3016
 3002
 2982
 2952
 2916
 2888
 2868
 2848
 2826
 2804
 2778
 2758
 2726
 2674
 2618
 2560
 2508
 2456
 2404
 2354
 2306
 2262
 2218
 2172
 2120
 2078
 2048
 2012
 1974
 1938
 1906
 1888
 1884
 1890
 1906
 1928
 1958
 1990
 2026
 2066
 2110
 2154
 2198
 2234
 2276
 2328
 2380
 2434
 2480
 2520
 2556
 2586
 2612
 2640
 2660
 2676
 2690
 2702
 2712
 2724
 2736
 2752
 2766
 2778
 2790
 2826
 2866
 2900
 2924
 2942
 2956
 2968
 2968
 2974
 2980
 2988
 2992
 2994
 2996
 2996
 2998
 3002
 3004
 3002
 2994
 2978
 2962
 2950
 2936
 2918
 2894
 2864
 2828
 2776
 2722
 2672
 2622
 2574
 2526
 2478
 2432
 2390
 2350
 2304
 2258
 2216
 2188
 2164
 2138
 2110
 2084
 2060
 2042
 2030
 2026
 2030
 2024
 2024
 2026
 2038
 2060
 2090
 2128
 2162
 2190
 2226
 2274
 2320
 2366
 2410
 2452
 2494
 2536
 2570
 2606
 2638
 2666
 2692
 2718
 2740
 2760
 2780
 2800
 2814
 2822
 2830
 2856
 2884
 2908
 2928
 2944
 2954
 2950
 2946
 2942
 2928
 2906
 2878
 2848
 2818
 2790
 2768
 2756
 2736
 2706
 2658
 2616
 2574
 2534
 2490
 2450
 2408
 2370
 2328
 2292
 2258
 2220
 2186
 2148
 2110
 2072
 2036
 2002
 1972
 1944
 1940
 1954
 1972
 1998
 2030
 2062
 2098
 2142
 2182
 2226
 2266
 2302
 2338
 2370
 2404
 2436
 2470
 2498
 2522
 2542
 2580
 2620
 2654
 2684
 2710
 2732
 2750
 2762
 2776
 2786
 2794
 2816
 2840
 2864
 2890
 2920
 2954
 2982
 3004
 3016
 3026
 3044
 3060
 3080
 3086
 3082
 3072
 3050
 3020
 2996
 2964
 2924
 2880
 2834
 2788
 2742
 2696
 2648
 2596
 2540
 2500
 2464
 2422
 2378
 2334
 2288
 2244
 2196
 2154
 2114
 2070
 2026
 1982
 1938
 1898
 1864
 1836
 1816
 1814
 1836
 1864
 1898
 1936
 1978
 2022
 2072
 2114
 2160
 2208
 2252
 2296
 2338
 2378
 2418
 2460
 2498
 2530
 2556
 2588
 2632
 2680
 2722
 2764
 2800
 2832
 2858
 2880
 2906
 2926
 2942
 2954
 2964
 2966
 2968
 2976
 2980
 2978
 2970
 2966
 2964
 2960
 2946
 2924
 2898
 2870
 2838
 2812
 2786
 2754
 2716
 2676
 2632
 2588
 2546
 2502
 2452
 2394
 2338
 2300
 2258
 2212
 2166
 2118
 2070
 2022
 1968
 1918
 1860
 1802
 1740
 1676
 1616
 1562
 1512
 1470
 1440
 1442
 1460
 1486
 1528
 1578
 1626
 1678
 1730
 1774
 1824
 1870
 1918
 1964
 2010
 2056
 2108
 2156
 2198
 2244
 2304
 2366
 2424
 2470
 2516
 2558
 2596
 2626
 2662
 2694
 2720
 2742
 2762
 2774
 2792
 2814
 2826
 2834
 2836
 2848
 2870
 2892
 2910
 2924
 2934
 2942
 2944
 2942
 2940
 2938
 2936
 2930
 2924
 2918
 2916
 2910
 2904
 2892
 2882
 2880
 2876
 2872
 2864
 2852
 2834
 2810
 2774
 2742
 2706
 2666
 2624
 2580
 2532
 2480
 2428
 2372
 2312
 2250
 2184
 2136
 2088
 2036
 1982
 1926
 1872
 1822
 1770
 1720
 1672
 1622
 1574
 1524
 1474
 1432
 1404
 1386
 1376
 1386
 1406
 1436
 1470
 1510
 1550
 1594
 1642
 1686
 1738
 1788
 1840
 1892
 1942
 1992
 2044
 2092
 2142
 2188
 2242
 2300
 2356
 2404
 2450
 2492
 2532
 2562
 2596
 2630
 2658
 2682
 2700
 2718
 2736
 2754
 2770
 2780
 2786
 2792
 2812
 2836
 2858
 2872
 2878
 2874
 2862
 2848
 2830
 2808
 2776
 2746
 2710
 2674
 2638
 2602
 2564
 2518
 2472
 2420
 2384
 2350
 2316
 2276
 2238
 2204
 2166
 2120
 2082
 2040
 1992
 1944
 1894
 1844
 1798
 1754
 1722
 1696
 1692
 1708
 1734
 1766
 1806
 1854
 1906
 1960
 2008
 2062
 2110
 2160
 2206
 2250
 2298
 2342
 2388
 2428
 2462
 2500
 2554
 2604
 2648
 2688
 2722
 2754
 2778
 2802
 2828
 2850
 2866
 2880
 2894
 2902
 2910
 2920
 2928
 2934
 2930
 2928
 2940
 2954
 2958
 2956
 2944
 2928
 2904
 2876
 2848
 2814
 2780
 2746
 2706
 2668
 2628
 2588
 2546
 2500
 2452
 2410
 2380
 2350
 2318
 2278
 2238
 2200
 2160
 2114
 2074
 2028
 1982
 1930
 1876
 1830
 1794
 1770
 1758
 1758
 1782
 1816
 1856
 1898
 1942
 1988
 2038
 2084
 2130
 2180
 2230
 2276
 2322
 2366
 2410
 2452
 2492
 2526
 2556
 2598
 2644
 2688
 2724
 2754
 2778
 2804
 2824
 2846
 2864
 2878
 2888
 2896
 2906
 2912
 2920
 2924
 2922
 2914
 2900
 2896
 2878
 2860
 2836
 2808
 2782
 2750
 2722
 2694
 2658
 2622
 2582
 2538
 2492
 2448
 2400
 2344
 2288
 2232
 2194
 2158
 2118
 2072
 2026
 1978
 1936
 1890
 1850
 1814
 1782
 1760
 1758
 1768
 1780
 1806
 1830
 1854
 1886
 1930
 1976
 2028
 2086
 2140
 2186
 2234
 2276
 2316
 2358
 2396
 2434
 2472
 2504
 2536
 2572
 2604
 2632
 2658
 2678
 2716
 2754
 2790
 2820
 2846
 2868
 2888
 2904
 2922
 2938
 2950
 2958
 2964
 2970
 2972
 2972
 2968
 2962
 2952
 2948
 2950
 2948
 2942
 2918
 2892
 2868
 2846
 2832
 2816
 2806
 2796
 2782
 2746
 2696
 2634
 2572
 2514
 2456
 2396
 2334
 2286
 2252
 2214
 2172
 2130
 2088
 2048
 2010
 1968
 1934
 1896
 1864
 1838
 1826
 1832
 1850
 1872
 1904
 1940
 1986
 2046
 2108
 2166
 2224
 2276
 2326
 2372
 2412
 2454
 2490
 2524
 2554
 2578
 2604
 2624
 2646
 2660
 2668
 2676
 2706
 2746
 2780
 2810
 2842
 2878
 2916
 2938
 2962
 2982
 2996
 3006
 3016
 3024
 3028
 3034
 3034
 3024
 3006
 2974
 2944
 2922
 2898
 2872
 2840
 2810
 2774
 2732
 2690
 2652
 2604
 2556
 2508
 2456
 2406
 2360
 2314
 2266
 2214
 2172
 2144
 2114
 2080
 2046
 2014
 1980
 1950
 1922
 1908
 1890
 1880
 1878
 1882
 1894
 1922
 1972
 2030
 2088
 2144
 2214
 2286
 2354
 2416
 2476
 2526
 2576
 2616
 2658
 2696
 2728
 2758
 2782
 2804
 2820
 2842
 2858
 2870
 2874
 2880
 2898
 2924
 2944
 2954
 2956
 2952
 2934
 2914
 2892
 2864
 2834
 2802
 2766
 2732
 2696
 2660
 2626
 2586
 2544
 2502
 2448
 2390
 2330
 2274
 2222
 2174
 2126
 2076
 2032
 1984
 1938
 1890
 1842
 1796
 1754
 1720
 1696
 1684
 1684
 1702
 1732
 1766
 1806
 1850
 1900
 1952
 2002
 2048
 2098
 2146
 2194
 2240
 2286
 2334
 2382
 2426
 2462
 2490
 2522
 2566
 2610
 2648
 2680
 2710
 2734
 2752
 2768
 2784
 2796
 2800
 2808
 2822
 2834
 2852
 2878
 2906
 2924
 2936
 2940
 2954
 2974
 2996
 3008
 3012
 3006
 2988
 2958
 2934
 2904
 2870
 2834
 2796
 2752
 2706
 2660
 2614
 2562
 2506
 2452
 2414
 2378
 2340
 2296
 2252
 2208
 2166
 2120
 2080
 2038
 1994
 1952
 1910
 1870
 1836
 1808
 1796
 1788
 1796
 1820
 1846
 1872
 1894
 1926
 1964
 2004
 2050
 2112
 2178
 2244
 2308
 2372
 2430
 2486
 2542
 2592
 2632
 2666
 2704
 2752
 2798
 2834
 2866
 2892
 2918
 2934
 2950
 2966
 2978
 2986
 2992
 2992
 2994
 2994
 2984
 2964
 2926
 2886
 2864
 2842
 2818
 2792
 2762
 2730
 2698
 2662
 2632
 2594
 2554
 2508
 2436
 2348
 2264
 2190
 2120
 2060
 2008
 1976
 1942
 1906
 1868
 1828
 1788
 1752
 1716
 1686
 1666
 1656
 1660
 1670
 1686
 1714
 1748
 1786
 1824
 1864
 1914
 1970
 2024
 2076
 2126
 2180
 2230
 2272
 2312
 2354
 2390
 2424
 2452
 2480
 2506
 2530
 2556
 2574
 2588
 2600
 2632
 2664
 2696
 2720
 2736
 2746
 2766
 2784
 2808
 2838
 2870
 2896
 2916
 2930
 2936
 2934
 2922
 2908
 2884
 2854
 2816
 2792
 2772
 2752
 2730
 2704
 2672
 2640
 2602
 2568
 2534
 2494
 2454
 2408
 2358
 2312
 2268
 2222
 2174
 2122
 2082
 2052
 2018
 1984
 1946
 1916
 1892
 1882
 1882
 1894
 1908
 1930
 1954
 1984
 2018
 2064
 2116
 2170
 2226
 2292
 2354
 2396
 2428
 2456
 2486
 2516
 2542
 2568
 2600
 2630
 2660
 2688
 2722
 2754
 2788
 2820
 2846
 2868
 2882
 2898
 2928
 2962
 2992
 3016
 3034
 3046
 3046
 3036
 3018
 2990
 2960
 2924
 2886
 2846
 2808
 2764
 2720
 2670
 2624
 2590
 2562
 2532
 2498
 2460
 2422
 2386
 2340
 2302
 2262
 2216
 2174
 2134
 2098
 2076
 2064
 2064
 2068
 2074
 2092
 2126
 2162
 2202
 2238
 2280
 2318
 2356
 2390
 2426
 2462
 2498
 2530
 2558
 2586
 2614
 2642
 2666
 2684
 2700
 2730
 2766
 2802
 2830
 2862
 2892
 2914
 2930
 2950
 2964
 2976
 2984
 2988
 2992
 2990
 2990
 2990
 2988
 2984
 2972
 2970
 2968
 2964
 2954
 2934
 2906
 2880
 2848
 2822
 2792
 2762
 2730
 2698
 2664
 2628
 2594
 2560
 2522
 2482
 2440
 2412
 2384
 2348
 2312
 2274
 2236
 2200
 2158
 2124
 2084
 2046
 2008
 1964
 1924
 1886
 1854
 1820
 1786
 1758
 1750
 1756
 1764
 1784
 1806
 1832
 1860
 1888
 1916
 1948
 1980
 2010
 2044
 2074
 2106
 2144
 2178
 2208
 2236
 2278
 2326
 2372
 2414
 2452
 2490
 2532
 2566
 2602
 2638
 2670
 2696
 2722
 2744
 2768
 2790
 2814
 2834
 2850
 2860
 2884
 2918
 2948
 2972
 2994
 3008
 3020
 3024
 3022
 3008
 2988
 2960
 2928
 2896
 2864
 2832
 2800
 2766
 2728
 2692
 2666
 2648
 2628
 2604
 2578
 2550
 2518
 2484
 2452
 2414
 2372
 2332
 2292
 2254
 2218
 2186
 2150
 2112
 2072
 2044
 2024
 2006
 1996
 1996
 2004
 2020
 2038
 2058
 2088
 2118
 2150
 2190
 2232
 2272
 2314
 2352
 2386
 2416
 2456
 2504
 2550
 2594
 2632
 2664
 2696
 2716
 2742
 2766
 2782
 2798
 2812
 2820
 2832
 2844
 2866
 2882
 2890
 2894
 2906
 2928
 2942
 2944
 2938
 2924
 2900
 2870
 2846
 2820
 2794
 2766
 2742
 2714
 2688
 2658
 2632
 2602
 2568
 2528
 2500
 2472
 2432
 2388
 2344
 2302
 2258
 2214
 2172
 2132
 2088
 2054
 2014
 1970
 1930
 1896
 1866
 1838
 1820
 1822
 1828
 1840
 1856
 1880
 1906
 1938
 1966
 2000
 2036
 2070
 2102
 2136
 2168
 2206
 2244
 2278
 2310
 2352
 2404
 2452
 2496
 2532
 2566
 2602
 2630
 2660
 2692
 2718
 2744
 2768
 2788
 2810
 2832
 2852
 2866
 2878
 2888
 2914
 2946
 2974
 2994
 3012
 3026
 3036
 3044
 3046
 3030
 3008
 2984
 2954
 2922
 2892
 2858
 2824
 2786
 2746
 2720
 2698
 2670
 2638
 2608
 2572
 2538
 2496
 2458
 2420
 2374
 2330
 2286
 2240
 2200
 2162
 2126
 2088
 2056
 2038
 2014
 1992
 1976
 1970
 1972
 1984
 1998
 2028
 2056
 2088
 2122
 2156
 2196
 2242
 2286
 2324
 2360
 2400
 2448
 2498
 2542
 2582
 2616
 2652
 2680
 2706
 2734
 2758
 2778
 2796
 2812
 2830
 2844
 2862
 2878
 2892
 2896
 2904
 2926
 2952
 2976
 2996
 3012
 3026
 3032
 3030
 3036
 3038
 3040
 3038
 3038
 3034
 3032
 3030
 3020
 2998
 2970
 2934
 2910
 2892
 2874
 2854
 2830
 2802
 2776
 2742
 2710
 2676
 2638
 2598
 2554
 2508
 2462
 2418
 2376
 2326
 2274
 2232
 2202
 2164
 2128
 2090
 2056
 2022
 1988
 1956
 1932
 1912
 1902
 1904
 1914
 1934
 1962
 1994
 2028
 2060
 2102
 2156
 2206
 2260
 2328
 2410
 2500
 2582
 2652
 2700
 2732
 2760
 2788
 2814
 2838
 2864
 2892
 2918
 2934
 2948
 2968
 3002
 3034
 3060
 3074
 3088
 3100
 3106
 3116
 3128
 3132
 3138
 3142
 3142
 3136
 3126
 3106
 3080
 3042
 3006
 2982
 2954
 2922
 2890
 2852
 2816
 2776
 2736
 2702
 2668
 2652
 2648
 2638
 2612
 2554
 2484
 2416
 2346
 2292
 2250
 2200
 2146
 2094
 2038
 1990
 1940
 1892
 1854
 1828
 1816
 1818
 1834
 1856
 1892
 1938
 1978
 2024
 2080
 2130
 2182
 2226
 2272
 2314
 2360
 2396
 2438
 2478
 2514
 2554
 2590
 2626
 2662
 2696
 2726
 2748
 2770
 2810
 2852
 2890
 2920
 2944
 2966
 2988
 3028
 3080
 3130
 3160
 3170
 3172
 3172
 3176
 3178
 3180
 3182
 3178
 3166
 3148
 3136
 3122
 3106
 3082
 3058
 3034
 3006
 2972
 2944
 2912
 2874
 2836
 2796
 2754
 2710
 2662
 2600
 2534
 2470
 2426
 2386
 2346
 2304
 2260
 2222
 2184
 2144
 2108
 2072
 2034
 1996
 1960
 1930
 1916
 1916
 1928
 1956
 2008
 2074
 2126
 2170
 2212
 2254
 2300
 2344
 2384
 2428
 2470
 2510
 2552
 2588
 2626
 2662
 2702
 2734
 2760
 2780
 2806
 2846
 2884
 2916
 2944
 2968
 2992
 3008
 3026
 3040
 3054
 3060
 3058
 3054
 3044
 3026
 3010
 2986
 2954
 2914
 2886
 2864
 2838
 2808
 2774
 2738
 2702
 2662
 2628
 2596
 2564
 2540
 2514
 2486
 2454
 2404
 2350
 2292
 2230
 2178
 2140
 2098
 2052
 2008
 1968
 1934
 1914
 1906
 1914
 1930
 1958
 1990
 2028
 2070
 2116
 2168
 2216
 2258
 2306
 2368
 2424
 2480
 2530
 2578
 2624
 2664
 2700
 2736
 2766
 2794
 2818
 2840
 2864
 2890
 2916
 2932
 2944
 2948
 2966
 2992
 3022
 3054
 3090
 3114
 3120
 3120
 3128
 3134
 3138
 3136
 3126
 3110
 3082
 3052
 3024
 2994
 2956
 2918
 2880
 2858
 2828
 2800
 2766
 2734
 2698
 2660
 2618
 2580
 2538
 2492
 2446
 2396
 2346
 2302
 2258
 2212
 2160
 2118
 2088
 2058
 2026
 1994
 1972
 1960
 1962
 1970
 1990
 2014
 2046
 2078
 2114
 2150
 2182
 2212
 2228
 2242
 2264
 2300
 2336
 2380
 2428
 2476
 2518
 2560
 2592
 2636
 2672
 2704
 2736
 2764
 2790
 2814
 2842
 2866
 2886
 2900
 2912
 2940
 2972
 3000
 3024
 3042
 3048
 3052
 3052
 3056
 3054
 3042
 3026
 2996
 2956
 2914
 2874
 2834
 2792
 2740
 2702
 2674
 2644
 2618
 2592
 2566
 2540
 2512
 2482
 2442
 2388
 2332
 2278
 2224
 2172
 2120
 2074
 2032
 1984
 1944
 1918
 1894
 1880
 1878
 1890
 1912
 1952
 1990
 2036
 2082
 2128
 2174
 2216
 2256
 2300
 2344
 2382
 2410
 2444
 2490
 2536
 2578
 2616
 2650
 2684
 2716
 2742
 2768
 2792
 2816
 2834
 2854
 2868
 2886
 2906
 2920
 2934
 2950
 2982
 3008
 3028
 3046
 3060
 3070
 3082
 3084
 3094
 3092
 3080
 3056
 3024
 2988
 2952
 2916
 2880
 2844
 2802
 2752
 2714
 2690
 2664
 2630
 2590
 2550
 2508
 2462
 2416
 2374
 2326
 2278
 2230
 2178
 2130
 2086
 2042
 1994
 1942
 1896
 1864
 1838
 1820
 1810
 1816
 1832
 1856
 1878
 1902
 1926
 1950
 1984
 2022
 2058
 2106
 2158
 2204
 2244
 2290
 2346
 2398
 2450
 2496
 2542
 2588
 2626
 2660
 2694
 2724
 2748
 2772
 2792
 2810
 2830
 2854
 2870
 2882
 2888
 2906
 2934
 2960
 2982
 2998
 3004
 3006
 3006
 3006
 2996
 2980
 2956
 2928
 2898
 2866
 2828
 2792
 2754
 2710
 2664
 2628
 2600
 2570
 2542
 2508
 2474
 2442
 2404
 2368
 2334
 2294
 2256
 2212
 2168
 2124
 2088
 2054
 2024
 2000
 1992
 2002
 2016
 2034
 2062
 2090
 2120
 2154
 2186
 2220
 2256
 2288
 2320
 2352
 2382
 2412
 2446
 2474
 2496
 2516
 2548
 2586
 2622
 2654
 2680
 2702
 2728
 2750
 2772
 2790
 2804
 2816
 2826
 2832
 2840
 2846
 2856
 2860
 2862
 2858
 2864
 2882
 2900
 2912
 2926
 2934
 2936
 2934
 2934
 2940
 2938
 2936
 2936
 2934
 2930
 2932
 2930
 2922
 2916
 2904
 2894
 2896
 2896
 2896
 2890
 2882
 2868
 2850
 2834
 2818
 2796
 2774
 2750
 2724
 2696
 2664
 2628
 2582
 2528
 2470
 2424
 2368
 2304
 2234
 2160
 2090
 2020
 1948
 1876
 1800
 1720
 1640
 1560
 1482
 1412
 1340
 1268
 1192
 1126
 1048
 952
 838
 710
 584
 462
 334
 204
 64
 0
 0
 0
 0
 0
 0
 0
 0
 0
 0
 0
 0
 0
 0
 0
 0
 0
 0
 0
 0
 0
 0
 0
 0
 0
 0
 0
 0
 0
 0
 0
 0
 0
 0
 0
 0
 0
 0
 0
 0
 0
 0
 0
 0
 0
 0
 0
 0
 0
 0
 2
 38
 78
 118
 158
 196
 238
 282
 332
 386
 440
 488
 540
 608
 672
 738
 804
 870
 938
 1008
 1072
 1142
 1208
 1276
 1340
 1400
 1460
 1516
 1578
 1642
 1704
 1756
 1800
 1848
 1904
 1966
 2024
 2074
 2124
 2170
 2214
 2254
 2292
 2332
 2372
 2408
 2440
 2468
 2498
 2526
 2556
 2582
 2602
 2616
 2636
 2668
 2704
 2738
 2766
 2792
 2816
 2832
 2846
 2862
 2878
 2888
 2898
 2904
 2908
 2910
 2912
 2918
 2920
 2910
 2896
 2892
 2900
 2914
 2930
 2940
 2948
 2956
 2960
 2962
 2966
 2966
 2968
 2966
 2962
 2960
 2956
 2954
 2954
 2950
 2942
 2930
 2924
 2932
 2942
 2956
 2964
 2972
 2976
 2978
 2978
 2980
 2980
 2980
 2976
 2970
 2966
 2960
 2958
 2956
 2952
 2944
 2932
 2922
 2922
 2924
 2932
 2938
 2942
 2944
 2944
 2942
 2942
 2942
 2938
 2934
 2930
 2926
 2922
 2918
 2912
 2908
 2902
 2890
 2876
 2874
 2882
 2894
 2904
 2912
 2914
 2920
 2918
 2920
 2920
 2916
 2914
 2908
 2904
 2898
 2894
 2888
 2884
 2882
 2872
 2856
 2838
 2836
 2842
 2854
 2866
 2872
 2878
 2884
 2882
 2882
 2882
 2880
 2878
 2874
 2868
 2862
 2858
 2856
 2854
 2854
 2848
 2838
 2828
 2834
 2844
 2860
 2870
 2880
 2884
 2888
 2886
 2888
 2890
 2888
 2882
 2878
 2872
 2868
 2860
 2850
 2842
 2832
 2818
 2810
 2816
 2828
 2840
 2850
 2858
 2862
 2868
 2866
 2870
 2870
 2866
 2862
 2858
 2854
 2850
 2852
 2848
 2842
 2828
 2826
 2834
 2846
 2856
 2866
 2874
 2880
 2880
 2884
 2886
 2880
 2872
 2864
 2858
 2852
 2846
 2840
 2834
 2826
 2814
 2808
 2814
 2826
 2838
 2848
 2856
 2862
 2864
 2864
 2866
 2866
 2866
 2862
 2856
 2846
 2838
 2830
 2814
 2794
 2762
 2730
 2714
 2696
 2684
 2664
 2642
 2618
 2590
 2546
 2494
 2432
 2372
 2326
 2296
 2282
 2290
 2306
 2324
 2340
 2356
 2380
 2416
 2462
 2506
 2548
 2586
 2618
 2650
 2674
 2700
 2722
 2740
 2754
 2764
 2774
 2784
 2792
 2796
 2794
 2792
 2802
 2820
 2840
 2856
 2870
 2882
 2892
 2894
 2902
 2908
 2904
 2896
 2888
 2878
 2868
 2850
 2838
 2826
 2812
 2792
 2790
 2810
 2844
 2872
 2890
 2892
 2882
 2854
 2820
 2778
 2728
 2674
 2616
 2554
 2486
 2424
 2358
 2292
 2220
 2144
 2078
 2032
 1986
 1940
 1892
 1846
 1802
 1760
 1716
 1676
 1636
 1596
 1560
 1528
 1514
 1518
 1536
 1562
 1592
 1640
 1702
 1766
 1832
 1896
 1960
 2026
 2086
 2132
 2180
 2232
 2286
 2354
 2426
 2490
 2544
 2596
 2640
 2674
 2698
 2714
 2738
 2770
 2806
 2832
 2854
 2872
 2888
 2896
 2904
 2912
 2916
 2918
 2916
 2912
 2908
 2898
 2882
 2856
 2818
 2780
 2752
 2730
 2704
 2674
 2640
 2606
 2568
 2528
 2494
 2456
 2414
 2370
 2322
 2272
 2222
 2172
 2106
 2002
 1916
 1848
 1788
 1736
 1684
 1630
 1580
 1546
 1520
 1512
 1516
 1536
 1566
 1602
 1652
 1714
 1784
 1854
 1920
 1990
 2074
 2162
 2246
 2322
 2390
 2456
 2516
 2568
 2620
 2666
 2700
 2730
 2754
 2774
 2788
 2804
 2814
 2818
 2818
 2820
 2834
 2856
 2874
 2892
 2906
 2916
 2920
 2920
 2916
 2916
 2914
 2906
 2894
 2878
 2852
 2820
 2786
 2740
 2686
 2630
 2588
 2552
 2518
 2474
 2428
 2376
 2324
 2268
 2218
 2154
 2072
 1994
 1918
 1846
 1780
 1720
 1658
 1596
 1542
 1506
 1476
 1454
 1446
 1454
 1472
 1502
 1534
 1574
 1622
 1674
 1730
 1792
 1860
 1930
 2000
 2066
 2120
 2174
 2238
 2306
 2376
 2452
 2526
 2606
 2678
 2734
 2774
 2800
 2814
 2826
 2834
 2844
 2856
 2866
 2876
 2888
 2896
 2900
 2898
 2896
 2910
 2932
 2954
 2970
 2976
 2970
 2956
 2928
 2902
 2868
 2828
 2782
 2732
 2678
 2626
 2572
 2516
 2452
 2382
 2326
 2284
 2244
 2202
 2162
 2118
 2078
 2036
 1994
 1962
 1930
 1904
 1884
 1872
 1882
 1910
 1942
 1986
 2034
 2096
 2162
 2216
 2260
 2298
 2340
 2386
 2426
 2462
 2504
 2544
 2580
 2616
 2646
 2676
 2708
 2742
 2768
 2788
 2802
 2822
 2858
 2894
 2926
 2950
 2966
 2980
 2982
 2978
 2966
 2946
 2918
 2886
 2848
 2804
 2764
 2722
 2674
 2624
 2580
 2550
 2522
 2490
 2450
 2388
 2322
 2260
 2196
 2144
 2090
 2038
 1980
 1920
 1868
 1816
 1766
 1722
 1676
 1636
 1616
 1620
 1634
 1662
 1696
 1732
 1776
 1826
 1872
 1928
 1980
 2034
 2090
 2146
 2204
 2264
 2326
 2376
 2420
 2460
 2514
 2572
 2624
 2670
 2706
 2744
 2774
 2796
 2820
 2838
 2856
 2870
 2882
 2892
 2900
 2902
 2900
 2888
 2880
 2884
 2900
 2922
 2952
 2974
 2982
 2980
 2962
 2942
 2914
 2878
 2836
 2788
 2738
 2686
 2638
 2590
 2538
 2482
 2412
 2346
 2294
 2240
 2184
 2130
 2078
 2024
 1976
 1926
 1880
 1834
 1790
 1744
 1698
 1656
 1626
 1608
 1602
 1608
 1632
 1668
 1708
 1756
 1802
 1850
 1892
 1918
 1946
 1984
 2022
 2070
 2132
 2210
 2280
 2342
 2404
 2458
 2500
 2534
 2578
 2630
 2682
 2726
 2764
 2796
 2828
 2850
 2872
 2892
 2908
 2918
 2922
 2924
 2926
 2930
 2934
 2932
 2924
 2918
 2928
 2942
 2952
 2950
 2942
 2930
 2912
 2886
 2868
 2840
 2810
 2778
 2744
 2710
 2676
 2644
 2606
 2564
 2520
 2492
 2472
 2450
 2422
 2394
 2362
 2326
 2284
 2242
 2200
 2152
 2106
 2054
 2004
 1956
 1914
 1878
 1850
 1830
 1826
 1842
 1862
 1890
 1922
 1956
 1996
 2038
 2074
 2116
 2156
 2192
 2224
 2256
 2284
 2314
 2340
 2354
 2352
 2354
 2364
 2372
 2378
 2382
 2388
 2396
 2396
 2400
 2404
 2402
 2404
 2400
 2398
 2396
 2392
 2386
 2376
 2374
 2388
 2408
 2434
 2460
 2486
 2512
 2534
 2558
 2584
 2608
 2628
 2652
 2672
 2692
 2706
 2714
 2722
 2746
 2774
 2802
 2824
 2846
 2866
 2880
 2890
 2902
 2910
 2912
 2914
 2918
 2916
 2908
 2894
 2882
 2886
 2896
 2904
 2906
 2904
 2898
 2884
 2862
 2838
 2810
 2778
 2742
 2702
 2652
 2606
 2558
 2502
 2446
 2402
 2364
 2324
 2278
 2232
 2192
 2162
 2128
 2096
 2062
 2020
 1976
 1924
 1874
 1832
 1800
 1784
 1784
 1806
 1840
 1878
 1922
 1968
 2016
 2068
 2118
 2168
 2222
 2272
 2320
 2362
 2406
 2442
 2484
 2514
 2538
 2558
 2586
 2628
 2676
 2716
 2750
 2778
 2802
 2818
 2836
 2852
 2862
 2870
 2876
 2878
 2880
 2886
 2890
 2890
 2886
 2878
 2878
 2888
 2902
 2914
 2924
 2930
 2936
 2930
 2926
 2918
 2900
 2880
 2854
 2824
 2790
 2752
 2712
 2666
 2616
 2560
 2514
 2486
 2456
 2428
 2396
 2362
 2324
 2280
 2236
 2192
 2146
 2096
 2044
 1988
 1936
 1888
 1844
 1798
 1746
 1714
 1704
 1700
 1706
 1722
 1744
 1774
 1806
 1842
 1888
 1934
 1986
 2040
 2092
 2146
 2204
 2258
 2304
 2344
 2392
 2448
 2502
 2554
 2602
 2646
 2686
 2714
 2742
 2768
 2788
 2806
 2818
 2828
 2836
 2842
 2852
 2856
 2856
 2848
 2852
 2866
 2884
 2902
 2914
 2924
 2930
 2924
 2918
 2908
 2892
 2864
 2826
 2788
 2748
 2708
 2670
 2632
 2590
 2546
 2514
 2492
 2468
 2438
 2406
 2372
 2338
 2298
 2260
 2222
 2178
 2136
 2090
 2044
 1998
 1960
 1924
 1890
 1862
 1862
 1872
 1888
 1908
 1928
 1952
 1980
 2006
 2034
 2068
 2102
 2136
 2170
 2204
 2238
 2278
 2314
 2342
 2368
 2400
 2446
 2492
 2534
 2572
 2606
 2638
 2658
 2678
 2702
 2718
 2734
 2748
 2760
 2772
 2786
 2798
 2806
 2810
 2810
 2828
 2852
 2878
 2898
 2914
 2924
 2928
 2922
 2916
 2904
 2884
 2862
 2836
 2806
 2774
 2744
 2706
 2664
 2622
 2596
 2572
 2546
 2516
 2484
 2448
 2412
 2366
 2328
 2286
 2240
 2196
 2148
 2098
 2064
 2042
 2034
 2022
 2004
 1982
 1966
 1962
 1970
 1986
 2014
 2046
 2086
 2138
 2194
 2252
 2314
 2376
 2436
 2498
 2554
 2600
 2642
 2698
 2760
 2816
 2862
 2904
 2936
 2962
 2980
 2998
 3016
 3026
 3034
 3038
 3034
 3034
 3032
 3024
 3010
 3002
 3000
 2992
 2980
 2964
 2940
 2924
 2926
 2942
 2936
 2900
 2856
 2804
 2744
 2650
 2556
 2466
 2362
 2248
 2162
 2102
 2042
 1988
 1938
 1896
 1862
 1832
 1808
 1796
 1794
 1804
 1818
 1838
 1864
 1896
 1930
 1958
 1992
 2040
 2084
 2130
 2166
 2198
 2228
 2258
 2280
 2308
 2332
 2354
 2378
 2408
 2438
 2462
 2492
 2522
 2548
 2570
 2600
 2640
 2688
 2742
 2802
 2862
 2916
 2958
 2996
 3014
 3024
 3026
 3024
 3024
 3024
 3018
 3014
 3016
 3014
 3008
 3004
 3012
 3030
 3048
 3054
 3052
 3040
 3024
 3004
 2986
 2962
 2934
 2900
 2862
 2826
 2784
 2740
 2700
 2656
 2604
 2556
 2528
 2496
 2466
 2430
 2392
 2352
 2312
 2270
 2236
 2200
 2162
 2132
 2102
 2076
 2046
 2006
 1970
 1940
 1922
 1924
 1942
 1970
 2008
 2050
 2094
 2138
 2184
 2222
 2266
 2308
 2344
 2380
 2410
 2436
 2464
 2492
 2518
 2542
 2556
 2570
 2594
 2632
 2666
 2692
 2720
 2744
 2766
 2778
 2794
 2808
 2818
 2826
 2830
 2836
 2840
 2846
 2852
 2860
 2866
 2868
 2864
 2866
 2888
 2916
 2946
 2980
 3028
 3066
 3086
 3094
 3102
 3108
 3114
 3116
 3114
 3102
 3086
 3062
 3036
 3008
 2982
 2952
 2914
 2876
 2852
 2836
 2820
 2802
 2780
 2754
 2726
 2692
 2662
 2632
 2596
 2558
 2518
 2472
 2426
 2384
 2340
 2300
 2254
 2206
 2166
 2142
 2118
 2100
 2086
 2078
 2076
 2086
 2100
 2122
 2146
 2180
 2220
 2254
 2280
 2304
 2332
 2362
 2394
 2418
 2444
 2484
 2526
 2568
 2604
 2638
 2668
 2694
 2716
 2738
 2756
 2770
 2782
 2792
 2798
 2804
 2812
 2824
 2830
 2832
 2836
 2854
 2884
 2916
 2940
 2966
 2984
 2998
 3008
 3016
 3022
 3022
 3022
 3020
 3018
 3018
 3016
 3018
 3020
 3016
 3004
 2988
 2980
 2988
 3004
 3020
 3030
 3034
 3034
 3022
 3010
 2998
 2980
 2954
 2926
 2892
 2852
 2812
 2766
 2722
 2680
 2638
 2590
 2542
 2510
 2486
 2460
 2432
 2400
 2366
 2328
 2280
 2224
 2168
 2114
 2058
 2004
 1946
 1890
 1838
 1786
 1734
 1680
 1656
 1642
 1638
 1648
 1668
 1698
 1740
 1788
 1836
 1894
 1952
 2016
 2074
 2118
 2160
 2204
 2248
 2284
 2312
 2340
 2384
 2430
 2480
 2524
 2564
 2598
 2630
 2652
 2680
 2704
 2720
 2740
 2758
 2776
 2792
 2812
 2828
 2838
 2844
 2852
 2878
 2908
 2938
 2962
 2982
 2998
 3006
 3014
 3022
 3022
 3010
 2992
 2962
 2928
 2894
 2862
 2830
 2794
 2752
 2706
 2672
 2638
 2604
 2564
 2516
 2464
 2420
 2368
 2318
 2272
 2222
 2168
 2114
 2058
 2004
 1950
 1898
 1844
 1786
 1726
 1684
 1656
 1636
 1630
 1636
 1660
 1692
 1732
 1774
 1824
 1874
 1926
 1978
 2028
 2082
 2138
 2198
 2252
 2298
 2342
 2398
 2458
 2518
 2570
 2616
 2658
 2700
 2732
 2768
 2804
 2838
 2864
 2882
 2898
 2914
 2928
 2942
 2952
 2960
 2968
 2966
 2962
 2952
 2952
 2966
 2986
 3000
 3006
 3004
 2992
 2968
 2944
 2922
 2898
 2868
 2836
 2798
 2760
 2722
 2686
 2648
 2610
 2566
 2520
 2474
 2438
 2412
 2390
 2364
 2332
 2298
 2262
 2224
 2184
 2146
 2104
 2062
 2016
 1972
 1938
 1916
 1910
 1914
 1920
 1928
 1948
 1982
 2028
 2078
 2128
 2178
 2228
 2278
 2322
 2366
 2412
 2452
 2494
 2530
 2564
 2598
 2634
 2670
 2706
 2736
 2758
 2774
 2806
 2846
 2880
 2912
 2940
 2960
 2978
 2988
 2998
 3008
 3012
 3012
 3006
 2986
 2962
 2936
 2910
 2884
 2850
 2814
 2774
 2746
 2726
 2708
 2684
 2654
 2624
 2590
 2548
 2512
 2472
 2426
 2380
 2334
 2296
 2266
 2232
 2198
 2158
 2110
 2058
 2022
 1996
 1974
 1960
 1954
 1956
 1966
 1982
 2000
 2028
 2056
 2084
 2112
 2136
 2170
 2210
 2252
 2294
 2328
 2364
 2416
 2474
 2530
 2580
 2626
 2664
 2702
 2730
 2756
 2784
 2804
 2822
 2836
 2848
 2858
 2868
 2878
 2888
 2890
 2888
 2884
 2896
 2916
 2938
 2952
 2962
 2968
 2972
 2968
 2962
 2954
 2936
 2914
 2888
 2856
 2820
 2784
 2750
 2716
 2676
 2636
 2590
 2558
 2536
 2514
 2490
 2462
 2430
 2398
 2362
 2324
 2290
 2250
 2206
 2164
 2116
 2072
 2028
 1984
 1944
 1900
 1854
 1830
 1820
 1818
 1826
 1842
 1866
 1898
 1934
 1968
 2010
 2052
 2094
 2138
 2180
 2224
 2266
 2314
 2354
 2390
 2418
 2454
 2504
 2558
 2610
 2654
 2692
 2728
 2758
 2780
 2802
 2820
 2834
 2842
 2850
 2856
 2864
 2872
 2886
 2894
 2896
 2894
 2902
 2920
 2946
 2966
 2984
 3012
 3040
 3054
 3060
 3056
 3040
 3014
 2978
 2938
 2888
 2840
 2794
 2752
 2706
 2664
 2628
 2600
 2582
 2562
 2534
 2498
 2456
 2414
 2364
 2320
 2278
 2234
 2188
 2138
 2084
 2032
 1982
 1930
 1874
 1824
 1786
 1754
 1718
 1684
 1658
 1648
 1652
 1662
 1682
 1708
 1744
 1784
 1824
 1870
 1920
 1972
 2022
 2068
 2110
 2156
 2210
 2266
 2318
 2368
 2412
 2456
 2492
 2526
 2560
 2592
 2618
 2642
 2664
 2684
 2704
 2724
 2740
 2750
 2758
 2782
 2816
 2848
 2874
 2896
 2914
 2928
 2936
 2950
 2960
 2966
 2968
 2962
 2950
 2934
 2908
 2884
 2860
 2828
 2790
 2758
 2742
 2728
 2712
 2688
 2664
 2638
 2608
 2576
 2546
 2512
 2472
 2428
 2380
 2332
 2286
 2240
 2190
 2136
 2086
 2050
 2020
 1986
 1954
 1920
 1890
 1876
 1868
 1876
 1892
 1908
 1932
 1956
 1986
 2022
 2066
 2106
 2144
 2184
 2240
 2300
 2356
 2410
 2462
 2508
 2554
 2590
 2628
 2668
 2704
 2744
 2776
 2808
 2832
 2860
 2880
 2894
 2900
 2914
 2940
 2970
 2994
 3008
 3014
 3012
 2996
 2982
 2958
 2928
 2892
 2850
 2808
 2760
 2712
 2662
 2608
 2552
 2504
 2470
 2434
 2396
 2354
 2310
 2268
 2216
 2166
 2120
 2068
 2016
 1962
 1906
 1852
 1800
 1748
 1694
 1658
 1638
 1632
 1642
 1660
 1684
 1718
 1754
 1792
 1840
 1888
 1938
 1988
 2038
 2088
 2140
 2190
 2234
 2276
 2330
 2392
 2448
 2496
 2540
 2580
 2620
 2652
 2682
 2710
 2734
 2752
 2762
 2774
 2794
 2816
 2842
 2868
 2882
 2896
 2924
 2954
 2982
 3006
 3024
 3038
 3036
 3032
 3022
 3006
 2980
 2950
 2916
 2878
 2840
 2802
 2750
 2694
 2636
 2596
 2560
 2522
 2480
 2436
 2390
 2344
 2296
 2252
 2204
 2156
 2106
 2056
 2006
 1962
 1920
 1876
 1830
 1798
 1782
 1778
 1782
 1786
 1796
 1832
 1874
 1920
 1978
 2038
 2096
 2148
 2200
 2254
 2306
 2364
 2416
 2458
 2494
 2536
 2594
 2650
 2696
 2736
 2770
 2800
 2824
 2848
 2876
 2898
 2916
 2928
 2938
 2944
 2952
 2960
 2966
 2968
 2958
 2950
 2958
 2974
 2988
 2996
 2994
 2984
 2968
 2948
 2918
 2888
 2854
 2816
 2778
 2734
 2682
 2620
 2566
 2518
 2460
 2400
 2342
 2300
 2262
 2220
 2174
 2128
 2080
 2038
 1982
 1934
 1888
 1838
 1786
 1736
 1688
 1652
 1634
 1630
 1636
 1648
 1678
 1724
 1774
 1830
 1884
 1940
 1998
 2054
 2108
 2166
 2222
 2272
 2322
 2366
 2408
 2446
 2484
 2516
 2536
 2556
 2586
 2620
 2654
 2686
 2716
 2746
 2776
 2798
 2822
 2846
 2866
 2882
 2894
 2904
 2912
 2922
 2930
 2938
 2942
 2938
 2928
 2922
 2918
 2900
 2880
 2854
 2824
 2794
 2754
 2722
 2682
 2644
 2598
 2554
 2504
 2450
 2402
 2352
 2298
 2244
 2198
 2166
 2134
 2098
 2062
 2024
 1990
 1956
 1922
 1900
 1882
 1874
 1876
 1884
 1894
 1904
 1926
 1956
 1986
 2038
 2102
 2166
 2228
 2290
 2342
 2390
 2434
 2474
 2516
 2558
 2594
 2628
 2656
 2682
 2708
 2732
 2750
 2762
 2772
 2798
 2828
 2858
 2882
 2904
 2922
 2934
 2942
 2952
 2962
 2966
 2962
 2954
 2948
 2944
 2940
 2938
 2932
 2914
 2890
 2876
 2864
 2852
 2836
 2814
 2782
 2734
 2688
 2654
 2616
 2576
 2538
 2490
 2436
 2388
 2340
 2292
 2248
 2198
 2144
 2098
 2068
 2030
 1988
 1948
 1908
 1868
 1832
 1796
 1770
 1752
 1752
 1760
 1776
 1804
 1840
 1884
 1930
 1972
 2022
 2086
 2150
 2216
 2276
 2330
 2382
 2436
 2480
 2524
 2562
 2596
 2632
 2664
 2694
 2724
 2756
 2782
 2808
 2834
 2868
 2924
 2978
 3024
 3052
 3076
 3088
 3096
 3100
 3106
 3110
 3112
 3108
 3104
 3092
 3074
 3056
 3022
 2980
 2936
 2892
 2866
 2840
 2814
 2784
 2748
 2712
 2672
 2634
 2596
 2550
 2500
 2448
 2390
 2336
 2284
 2228
 2172
 2112
 2070
 2036
 1996
 1948
 1898
 1852
 1816
 1790
 1784
 1786
 1788
 1806
 1834
 1872
 1924
 1982
 2036
 2088
 2136
 2196
 2262
 2326
 2388
 2448
 2504
 2558
 2600
 2640
 2676
 2708
 2738
 2762
 2784
 2802
 2826
 2842
 2854
 2862
 2876
 2904
 2934
 2960
 2982
 2996
 3010
 3016
 3022
 3030
 3034
 3032
 3028
 3028
 3024
 3018
 3008
 3004
 3006
 3014
 3050
 3092
 3126
 3160
 3188
 3204
 3204
 3190
 3172
 3142
 3100
 3052
 2998
 2944
 2890
 2836
 2788
 2734
 2678
 2622
 2578
 2546
 2510
 2472
 2430
 2386
 2342
 2296
 2250
 2206
 2158
 2110
 2056
 2002
 1950
 1900
 1854
 1800
 1760
 1730
 1700
 1680
 1670
 1674
 1688
 1712
 1738
 1774
 1814
 1862
 1908
 1956
 2000
 2046
 2094
 2148
 2198
 2262
 2330
 2398
 2462
 2520
 2570
 2618
 2656
 2692
 2724
 2754
 2776
 2796
 2814
 2832
 2848
 2864
 2876
 2880
 2884
 2900
 2924
 2950
 2966
 2978
 2990
 2998
 3004
 3010
 3016
 3016
 3016
 3012
 3004
 2988
 2972
 2954
 2928
 2892
 2858
 2834
 2812
 2792
 2768
 2740
 2712
 2680
 2642
 2608
 2572
 2530
 2484
 2434
 2384
 2336
 2292
 2250
 2204
 2154
 2104
 2070
 2040
 2006
 1968
 1926
 1894
 1874
 1866
 1874
 1894
 1922
 1958
 2000
 2044
 2098
 2160
 2218
 2266
 2314
 2368
 2424
 2474
 2528
 2574
 2614
 2646
 2674
 2708
 2738
 2768
 2790
 2810
 2820
 2826
 2840
 2846
 2838
 2812
 2780
 2750
 2722
 2686
 2636
 2574
 2496
 2408
 2308
 2202
 2082
 1958
 1828
 1696
 1582
 1482
 1382
 1286
 1204
 1144
 1092
 1032
 960
 884
 818
 774
 748
 746
 762
 796
 862
 918
 976
 1026
 1056
 1086
 1142
 1210
 1296
 1402
 1524
 1636
 1726
 1804
 1870
 1926
 1966
 2006
 2048
 2096
 2156
 2218
 2296
 2394
 2518
 2638
 2752
 2858
 2954
 3022
 3076
 3120
 3148
 3172
 3192
 3206
 3196
 3140
 3088
 3110
 3132
 3146
 3174
 3196
 3212
 3240
 3282
 3322
 3362
 3400
 3430
 3448
 3460
 3464
 3468
 3472
 3470
 3460
 3450
 3438
 3424
 3408
 3404
 3392
 3380
 3370
 3362
 3358
 3354
 3348
 3340
 3340
 3348
 3354
 3362
 3366
 3372
 3378
 3378
 3380
 3380
 3374
 3372
 3370
 3366
 3356
 3344
 3326
 3298
 3272
 3254
 3228
 3200
 3166
 3128
 3086
 3028
 2974
 2926
 2872
 2826
 2780
 2736
 2700
 2662
 2624
 2586
 2558
 2534
 2500
 2448
 2398
 2352
 2310
 2284
 2284
 2300
 2328
 2362
 2396
 2426
 2462
 2510
 2560
 2610
 2664
 2728
 2788
 2852
 2916
 2962
 3000
 3022
 3048
 3070
 3084
 3098
 3106
 3116
 3128
 3136
 3142
 3138
 3138
 3148
 3164
 3182
 3202
 3220
 3234
 3246
 3252
 3264
 3274
 3282
 3292
 3298
 3306
 3310
 3318
 3318
 3314
 3308
 3310
 3320
 3328
 3330
 3328
 3318
 3306
 3278
 3250
 3220
 3184
 3150
 3110
 3066
 3022
 2980
 2936
 2890
 2838
 2794
 2762
 2726
 2692
 2658
 2618
 2578
 2536
 2486
 2442
 2392
 2346
 2298
 2250
 2204
 2166
 2126
 2086
 2048
 2028
 2020
 2016
 2024
 2040
 2058
 2086
 2112
 2146
 2182
 2218
 2254
 2292
 2332
 2372
 2418
 2458
 2494
 2528
 2572
 2622
 2664
 2704
 2738
 2768
 2796
 2814
 2836
 2852
 2868
 2880
 2888
 2896
 2906
 2912
 2922
 2928
 2936
 2948
 2972
 3004
 3034
 3056
 3076
 3090
 3092
 3096
 3100
 3104
 3104
 3102
 3102
 3104
 3106
 3110
 3104
 3092
 3070
 3046
 3022
 2994
 2970
 2942
 2912
 2880
 2842
 2804
 2762
 2710
 2656
 2596
 2528
 2458
 2394
 2328
 2258
 2192
 2142
 2086
 2024
 1962
 1902
 1842
 1790
 1736
 1692
 1646
 1606
 1574
 1556
 1554
 1564
 1578
 1596
 1622
 1660
 1692
 1726
 1760
 1794
 1830
 1864
 1890
 1924
 1956
 1986
 2016
 2044
 2072
 2104
 2132
 2156
 2180
 2216
 2256
 2290
 2320
 2348
 2372
 2398
 2416
 2438
 2458
 2474
 2490
 2502
 2516
 2530
 2544
 2560
 2574
 2584
 2590
 2606
 2632
 2658
 2682
 2702
 2716
 2732
 2742
 2754
 2764
 2768
 2772
 2776
 2778
 2778
 2780
 2784
 2788
 2788
 2786
 2776
 2774
 2782
 2788
 2790
 2784
 2772
 2760
 2740
 2722
 2706
 2684
 2660
 2636
 2608
 2580
 2556
 2534
 2510
 2486
 2460
 2428
 2404
 2392
 2378
 2362
 2344
 2322
 2304
 2288
 2280
 2280
 2284
 2292
 2304
 2316
 2332
 2356
 2384
 2412
 2438
 2460
 2482
 2518
 2552
 2588
 2626
 2660
 2688
 2716
 2734
 2756
 2772
 2786
 2796
 2804
 2814
 2824
 2838
 2852
 2862
 2868
 2870
 2874
 2892
 2914
 2934
 2950
 2962
 2974
 2984
 2988
 2998
 3002
 3004
 3004
 2996
 2982
 2966
 2952
 2936
 2914
 2886
 2860
 2842
 2830
 2816
 2802
 2786
 2764
 2742
 2716
 2692
 2664
 2632
 2598
 2562
 2522
 2484
 2446
 2408
 2366
 2320
 2282
 2258
 2236
 2210
 2186
 2158
 2130
 2106
 2074
 2050
 2034
 2026
 2028
 2036
 2050
 2070
 2098
 2124
 2152
 2180
 2222
 2268
 2314
 2358
 2404
 2446
 2490
 2522
 2558
 2588
 2620
 2648
 2674
 2700
 2722
 2748
 2768
 2784
 2794
 2808
 2838
 2866
 2892
 2918
 2936
 2952
 2966
 2980
 2992
 3000
 3006
 3004
 3004
 3004
 3006
 3012
 3016
 3014
 3000
 2982
 2976
 2968
 2958
 2944
 2926
 2902
 2876
 2848
 2818
 2780
 2742
 2702
 2662
 2622
 2582
 2544
 2506
 2466
 2420
 2378
 2354
 2334
 2312
 2286
 2256
 2228
 2196
 2162
 2126
 2086
 2044
 2002
 1958
 1918
 1886
 1872
 1872
 1878
 1888
 1908
 1946
 1982
 2024
 2062
 2104
