11
27
107
181
258
345
418
499
562
666
678
741
814
885
963
1036
1108
1182
1265
1348
1431
1499
1592
1667
1740
1814
1884
1956
2039
2114
2217
2290
2357
2435
2515
2598
2685
2768
2847
2927
3087
3089
3380
3386
3472
3563
3653
3734
3809
3884
3958
4025
4088
4162
4232
4307
4387
4456
4542
4615
4726
4731
4818
4901
4975
5056
5128
5203
5282
5365
5455
5533
5609
5690
5772
5857
5930
6017
6115
6191
6331
6333
6580
6597
6692
6788
6898
7005
7019
7105
7212
7302
7385
7480
7549
7620
7692
7765
7846
7919
7993
8072
8154
8259
8357
8453
8536
8625
8704
8795
8889
8974
9151
9167
9809
9898
9990
10068
10145
10230
10305
10488
10489
10665
10667
10900
11011
11104
11187
11272
11362
11465
11473
11612
11613
11725
11834
11940
12040
12122
12208
12300
12378
12460
12543
12631
12736
12742
12820
12906
13004
13098
13216
13308
13404
13481
13557
13638
13719
13809
13896
13979
14059
14146
14355
14357
14653
14760
14842
14926
14996
15074
15163
15179
15265
15365
15468
15561
15667
15755
15842
15942
16039
