17
60
113
189
245
308
383
455
531
602
675
761
837
919
1001
1079
1148
1250
1265
1364
1430
1500
1576
1641
1711
1789
1863
1940
2048
2050
2113
2217
2297
2373
2453
2527
2602
2673
2762
2835
2925
3011
3023
3083
3163
3251
3329
3415
3487
3566
3643
3716
3791
3882
3964
4038
4139
4217
4283
4359
4429
4506
4583
4668
4752
4827
4898
5003
5008
5071
5086
5162
5240
5314
5388
5464
5535
5615
5711
5796
5809
5882
5896
5969
6045
6116
6192
6267
6349
6420
6491
6596
6606
6680
6760
6851
6924
6995
7067
7141
7221
7294
7368
7465
7540
7626
7703
7770
7842
7913
7979
8053
8127
8202
8275
8360
8447
8527
8540
8613
8705
8721
8799
8878
