 2944
 2944
 2944
 2944
 2948
 2948
 2942
 2938
 2942
 2954
 2972
 2982
 2992
 2996
 2998
 2994
 2990
 2980
 2962
 2936
 2904
 2868
 2828
 2788
 2748
 2704
 2656
 2608
 2564
 2532
 2496
 2456
 2412
 2366
 2318
 2268
 2220
 2172
 2120
 2068
 2016
 1962
 1916
 1874
 1838
 1808
 1790
 1790
 1792
 1800
 1810
 1828
 1848
 1874
 1900
 1936
 1974
 2018
 2064
 2108
 2154
 2208
 2256
 2302
 2342
 2388
 2440
 2488
 2528
 2560
 2590
 2616
 2636
 2656
 2674
 2684
 2696
 2706
 2712
 2718
 2724
 2728
 2724
 2718
 2716
 2714
 2704
 2684
 2658
 2624
 2586
 2542
 2502
 2454
 2398
 2342
 2282
 2224
 2168
 2116
 2064
 2008
 1954
 1918
 1880
 1838
 1796
 1752
 1712
 1682
 1654
 1640
 1630
 1628
 1628
 1630
 1644
 1662
 1676
 1690
 1704
 1728
 1752
 1772
 1790
 1808
 1828
 1852
 1876
 1906
 1936
 1972
 2012
 2048
 2086
 2122
 2162
 2204
 2242
 2276
 2304
 2336
 2382
 2420
 2456
 2486
 2514
 2540
 2560
 2576
 2596
 2610
 2622
 2630
 2638
 2644
 2650
 2656
 2666
 2672
 2678
 2674
 2674
 2676
 2670
 2658
 2638
 2610
 2580
 2542
 2504
 2462
 2416
 2368
 2316
 2262
 2210
 2166
 2120
 2070
 2022
 1986
 1956
 1920
 1882
 1842
 1802
 1766
 1730
 1692
 1670
 1650
 1642
 1640
 1646
 1658
 1678
 1700
 1724
 1750
 1790
 1824
 1856
 1884
 1910
 1932
 1960
 1984
 2012
 2034
 2054
 2074
 2090
 2108
 2130
 2148
 2168
 2182
 2190
 2206
 2214
 2218
 2218
 2220
 2218
 2218
 2214
 2210
 2194
 2168
 2134
 2094
 2056
 2024
 2006
 1998
 1998
 2008
 2016
 2024
 2034
 2054
 2070
 2080
 2094
 2114
 2128
 2144
 2160
 2170
 2184
 2224
 2278
 2328
 2378
 2426
 2464
 2494
 2536
 2582
 2622
 2660
 2692
 2716
 2738
 2754
 2770
 2786
 2796
 2806
 2812
 2820
 2822
 2814
 2796
 2784
 2792
 2802
 2818
 2838
 2854
 2872
 2886
 2898
 2906
 2912
 2912
 2910
 2918
 2920
 2918
 2912
 2902
 2906
 2916
 2928
 2938
 2946
 2956
 2974
 2982
 2992
 2994
 2988
 2978
 2954
 2916
 2862
 2798
 2738
 2694
 2650
 2602
 2552
 2498
 2448
 2394
 2342
 2296
 2246
 2196
 2144
 2094
 2044
 1994
 1956
 1930
 1908
 1890
 1882
 1882
 1890
 1900
 1918
 1940
 1960
 1986
 2014
 2046
 2078
 2110
 2144
 2188
 2242
 2288
 2334
 2378
 2418
 2454
 2490
 2526
 2560
 2588
 2616
 2642
 2668
 2694
 2718
 2732
 2740
 2748
 2772
 2800
 2826
 2848
 2862
 2872
 2878
 2882
 2894
 2902
 2910
 2916
 2924
 2934
 2944
 2954
 2966
 2976
 2982
 2984
 2980
 2992
 3010
 3030
 3040
 3040
 3032
 3016
 2996
 2978
 2950
 2918
 2888
 2852
 2814
 2778
 2742
 2702
 2658
 2612
 2568
 2522
 2460
 2390
 2322
 2256
 2196
 2134
 2074
 2016
 1956
 1904
 1848
 1800
 1758
 1722
 1688
 1652
 1624
 1612
 1602
 1598
 1604
 1612
 1628
 1650
 1672
 1700
 1730
 1764
 1806
 1854
 1902
 1962
 2020
 2080
 2134
 2196
 2266
 2332
 2396
 2452
 2504
 2552
 2592
 2632
 2672
 2708
 2738
 2764
 2790
 2812
 2836
 2860
 2878
 2888
 2896
 2914
 2940
 2966
 2984
 3000
 3010
 3014
 3012
 3008
 2990
 2964
 2934
 2898
 2858
 2814
 2772
 2732
 2684
 2634
 2586
 2552
 2516
 2478
 2436
 2392
 2352
 2308
 2264
 2224
 2178
 2126
 2074
 2022
 1968
 1920
 1874
 1828
 1780
 1746
 1718
 1684
 1650
 1622
 1606
 1604
 1610
 1624
 1644
 1662
 1686
 1716
 1744
 1780
 1816
 1850
 1878
 1914
 1954
 1990
 2026
 2064
 2100
 2128
 2152
 2180
 2212
 2240
 2268
 2296
 2326
 2360
 2396
 2434
 2466
 2498
 2542
 2588
 2630
 2668
 2704
 2740
 2770
 2800
 2836
 2866
 2892
 2908
 2912
 2906
 2890
 2868
 2836
 2798
 2756
 2724
 2694
 2658
 2614
 2570
 2524
 2478
 2428
 2384
 2334
 2286
 2236
 2184
 2130
 2074
 2018
 1962
 1912
 1876
 1838
 1796
 1754
 1710
 1670
 1636
 1606
 1590
 1584
 1588
 1594
 1608
 1626
 1652
 1680
 1710
 1744
 1792
 1834
 1878
 1928
 1980
 2028
 2074
 2116
 2158
 2200
 2244
 2286
 2326
 2370
 2414
 2464
 2508
 2546
 2582
 2614
 2642
 2666
 2688
 2712
 2736
 2760
 2776
 2800
 2822
 2838
 2852
 2862
 2870
 2876
 2880
 2884
 2888
 2882
 2868
 2860
 2850
 2838
 2820
 2798
 2768
 2738
 2698
 2662
 2620
 2578
 2534
 2492
 2450
 2410
 2368
 2324
 2272
 2226
 2194
 2158
 2118
 2076
 2034
 1994
 1954
 1910
 1874
 1834
 1792
 1758
 1732
 1720
 1722
 1732
 1744
 1764
 1796
 1834
 1870
 1910
 1946
 1984
 2022
 2064
 2108
 2150
 2190
 2232
 2270
 2310
 2348
 2390
 2430
 2468
 2504
 2544
 2596
 2648
 2694
 2736
 2772
 2806
 2830
 2856
 2880
 2898
 2910
 2918
 2926
 2932
 2938
 2950
 2958
 2964
 2962
 2960
 2972
 2992
 3012
 3030
 3042
 3048
 3048
 3034
 3018
 2998
 2974
 2946
 2914
 2880
 2846
 2816
 2786
 2752
 2716
 2680
 2660
 2640
 2620
 2588
 2540
 2486
 2432
 2374
 2322
 2260
 2198
 2136
 2072
 2006
 1942
 1874
 1806
 1736
 1676
 1628
 1572
 1510
 1450
 1390
 1334
 1278
 1222
 1174
 1126
 1086
 1052
 1026
 1014
 1016
 1024
 1038
 1060
 1100
 1142
 1176
 1212
 1246
 1282
 1320
 1354
 1392
 1426
 1466
 1504
 1538
 1568
 1594
 1626
 1656
 1684
 1712
 1754
 1798
 1838
 1876
 1918
 1958
 2008
 2052
 2100
 2146
 2190
 2234
 2276
 2316
 2358
 2400
 2448
 2490
 2530
 2564
 2604
 2656
 2706
 2746
 2786
 2816
 2846
 2872
 2896
 2918
 2934
 2944
 2950
 2952
 2952
 2948
 2940
 2922
 2896
 2862
 2830
 2808
 2784
 2754
 2724
 2688
 2650
 2612
 2570
 2534
 2490
 2444
 2400
 2354
 2308
 2266
 2224
 2180
 2134
 2090
 2062
 2032
 1996
 1960
 1924
 1890
 1854
 1822
 1798
 1782
 1772
 1770
 1774
 1782
 1796
 1816
 1838
 1860
 1886
 1926
 1962
 2000
 2040
 2076
 2112
 2152
 2190
 2234
 2272
 2308
 2344
 2374
 2406
 2436
 2470
 2502
 2530
 2552
 2574
 2610
 2648
 2684
 2716
 2742
 2762
 2784
 2800
 2822
 2838
 2852
 2864
 2876
 2886
 2898
 2910
 2924
 2928
 2926
 2924
 2928
 2944
 2960
 2964
 2962
 2950
 2936
 2910
 2888
 2862
 2832
 2798
 2762
 2722
 2684
 2646
 2612
 2574
 2532
 2490
 2458
 2434
 2408
 2376
 2342
 2308
 2270
 2228
 2190
 2150
 2102
 2060
 2012
 1962
 1916
 1876
 1830
 1786
 1746
 1726
 1714
 1708
 1708
 1716
 1728
 1744
 1762
 1784
 1810
 1836
 1864
 1892
 1926
 1962
 2004
 2040
 2078
 2108
 2152
 2200
 2244
 2286
 2326
 2360
 2394
 2422
 2448
 2478
 2502
 2524
 2544
 2558
 2574
 2594
 2616
 2638
 2658
 2670
 2684
 2714
 2748
 2780
 2808
 2834
 2854
 2874
 2888
 2904
 2916
 2924
 2930
 2936
 2940
 2940
 2946
 2952
 2960
 2960
 2956
 2940
 2932
 2926
 2918
 2908
 2892
 2874
 2856
 2834
 2816
 2794
 2770
 2742
 2712
 2680
 2646
 2616
 2590
 2556
 2520
 2480
 2452
 2424
 2396
 2362
 2326
 2290
 2254
 2212
 2174
 2134
 2090
 2048
 2004
 1960
 1920
 1882
 1846
 1812
 1790
 1790
 1796
 1806
 1826
 1850
 1878
 1912
 1948
 1990
 2036
 2082
 2128
 2178
 2228
 2280
 2330
 2378
 2422
 2468
 2526
 2584
 2638
 2686
 2726
 2764
 2798
 2824
 2852
 2876
 2896
 2912
 2926
 2940
 2956
 2966
 2974
 2976
 2984
 3002
 3028
 3052
 3074
 3092
 3102
 3098
 3088
 3068
 3036
 2994
 2950
 2900
 2852
 2802
 2748
 2690
 2632
 2590
 2550
 2510
 2464
 2418
 2374
 2330
 2282
 2240
 2194
 2150
 2102
 2054
 2012
 1968
 1924
 1882
 1846
 1822
 1786
 1740
 1696
 1676
 1670
 1672
 1678
 1692
 1712
 1740
 1770
 1800
 1832
 1874
 1914
 1954
 1998
 2054
 2110
 2164
 2214
 2266
 2322
 2382
 2438
 2498
 2552
 2604
 2654
 2698
 2746
 2788
 2824
 2852
 2882
 2924
 2964
 2984
 2982
 2966
 2940
 2898
 2854
 2800
 2740
 2678
 2614
 2554
 2494
 2432
 2366
 2312
 2270
 2224
 2172
 2116
 2058
 2008
 1954
 1900
 1848
 1796
 1746
 1698
 1650
 1606
 1564
 1522
 1480
 1448
 1426
 1412
 1416
 1432
 1458
 1494
 1530
 1570
 1618
 1670
 1728
 1782
 1846
 1912
 1982
 2048
 2116
 2190
 2266
 2334
 2396
 2450
 2500
 2552
 2610
 2660
 2706
 2750
 2790
 2826
 2860
 2888
 2914
 2934
 2950
 2980
 3014
 3042
 3054
 3044
 3018
 2978
 2932
 2874
 2800
 2728
 2660
 2592
 2524
 2458
 2390
 2330
 2282
 2236
 2182
 2128
 2076
 2026
 1976
 1920
 1874
 1826
 1778
 1732
 1680
 1638
 1600
 1562
 1530
 1512
 1516
 1528
 1546
 1574
 1612
 1654
 1696
 1736
 1780
 1826
 1876
 1928
 1978
 2038
 2102
 2160
 2210
 2270
 2336
 2398
 2452
 2498
 2538
 2582
 2620
 2660
 2702
 2738
 2778
 2812
 2844
 2872
 2900
 2914
 2908
 2894
 2868
 2832
 2786
 2726
 2666
 2598
 2530
 2470
 2404
 2336
 2270
 2206
 2150
 2096
 2042
 1986
 1942
 1910
 1866
 1822
 1778
 1736
 1702
 1664
 1628
 1602
 1586
 1586
 1596
 1610
 1634
 1668
 1702
 1736
 1782
 1824
 1862
 1904
 1950
 1990
 2032
 2072
 2114
 2154
 2192
 2236
 2280
 2326
 2374
 2422
 2462
 2498
 2544
 2594
 2642
 2682
 2716
 2746
 2776
 2800
 2826
 2840
 2842
 2826
 2800
 2764
 2720
 2674
 2622
 2562
 2512
 2470
 2418
 2364
 2308
 2252
 2200
 2142
 2090
 2042
 1992
 1946
 1896
 1850
 1812
 1776
 1740
 1706
 1686
 1668
 1644
 1626
 1616
 1620
 1630
 1644
 1664
 1692
 1726
 1760
 1794
 1830
 1870
 1916
 1964
 2006
 2054
 2112
 2168
 2216
 2262
 2306
 2354
 2400
 2438
 2480
 2510
 2544
 2574
 2600
 2626
 2658
 2692
 2716
 2740
 2766
 2806
 2850
 2882
 2900
 2898
 2882
 2852
 2814
 2766
 2710
 2654
 2594
 2532
 2472
 2418
 2362
 2308
 2254
 2210
 2170
 2122
 2074
 2028
 1982
 1940
 1900
 1864
 1828
 1790
 1752
 1718
 1688
 1668
 1664
 1668
 1682
 1706
 1742
 1772
 1806
 1846
 1890
 1934
 1982
 2026
 2078
 2126
 2172
 2214
 2256
 2292
 2336
 2378
 2408
 2438
 2486
 2532
 2576
 2612
 2650
 2682
 2718
 2748
 2780
 2804
 2824
 2842
 2850
 2840
 2814
 2776
 2724
 2670
 2622
 2576
 2518
 2456
 2396
 2338
 2284
 2226
 2172
 2120
 2068
 2020
 1968
 1918
 1876
 1840
 1802
 1766
 1742
 1720
 1696
 1680
 1674
 1676
 1690
 1708
 1734
 1764
 1792
 1826
 1866
 1906
 1950
 1992
 2032
 2074
 2122
 2168
 2216
 2262
 2308
 2350
 2392
 2436
 2486
 2548
 2606
 2660
 2712
 2758
 2800
 2842
 2874
 2900
 2936
 2984
 3034
 3078
 3112
 3138
 3156
 3150
 3134
 3102
 3050
 2992
 2926
 2862
 2788
 2718
 2642
 2568
 2502
 2452
 2402
 2346
 2290
 2242
 2194
 2148
 2102
 2060
 2018
 1976
 1940
 1900
 1862
 1838
 1816
 1788
 1768
 1760
 1752
 1758
 1764
 1776
 1788
 1806
 1834
 1868
 1898
 1930
 1958
 1988
 2024
 2062
 2100
 2134
 2176
 2238
 2292
 2346
 2398
 2448
 2496
 2546
 2588
 2630
 2668
 2700
 2732
 2766
 2796
 2828
 2860
 2884
 2912
 2946
 2978
 3004
 3024
 3040
 3058
 3074
 3086
 3104
 3122
 3134
 3142
 3150
 3154
 3164
 3170
 3158
 3130
 3096
 3070
 3036
 3000
 2958
 2916
 2872
 2826
 2778
 2738
 2690
 2646
 2602
 2558
 2516
 2478
 2430
 2386
 2340
 2304
 2280
 2246
 2214
 2184
 2150
 2114
 2080
 2042
 2004
 1968
 1934
 1904
 1880
 1874
 1878
 1890
 1902
 1928
 1958
 1984
 2012
 2042
 2070
 2102
 2132
 2160
 2190
 2220
 2254
 2288
 2320
 2352
 2384
 2416
 2442
 2470
 2512
 2538
 2558
 2578
 2598
 2620
 2642
 2668
 2702
 2728
 2750
 2772
 2796
 2820
 2848
 2874
 2896
 2910
 2926
 2958
 2992
 3020
 3042
 3060
 3086
 3094
 3086
 3068
 3040
 3010
 2976
 2934
 2884
 2834
 2788
 2736
 2680
 2632
 2596
 2554
 2508
 2462
 2416
 2370
 2326
 2278
 2238
 2192
 2148
 2108
 2066
 2032
 2002
 1972
 1940
 1926
 1910
 1894
 1882
 1882
 1892
 1902
 1918
 1942
 1968
 1990
 2020
 2052
 2090
 2126
 2166
 2202
 2252
 2310
 2356
 2400
 2444
 2486
 2524
 2564
 2604
 2646
 2684
 2716
 2750
 2788
 2824
 2858
 2890
 2918
 2954
 2998
 3040
 3074
 3100
 3110
 3108
 3092
 3074
 3042
 3002
 2956
 2908
 2856
 2804
 2754
 2698
 2644
 2610
 2570
 2526
 2482
 2436
 2392
 2350
 2304
 2258
 2212
 2176
 2136
 2092
 2056
 2026
 1994
 1966
 1948
 1934
 1928
 1930
 1942
 1958
 1980
 2000
 2030
 2058
 2092
 2124
 2160
 2206
 2250
 2288
 2332
 2388
 2442
 2486
 2530
 2574
 2618
 2654
 2692
 2730
 2762
 2792
 2822
 2852
 2884
 2916
 2940
 2958
 2990
 3034
 3072
 3098
 3118
 3130
 3134
 3120
 3100
 3068
 3036
 2998
 2952
 2902
 2856
 2816
 2766
 2708
 2662
 2632
 2596
 2552
 2506
 2470
 2432
 2390
 2346
 2310
 2272
 2228
 2184
 2144
 2114
 2078
 2046
 2016
 2006
 2006
 2006
 2012
 2028
 2046
 2066
 2086
 2114
 2146
 2178
 2206
 2238
 2278
 2318
 2352
 2386
 2426
 2484
 2532
 2572
 2616
 2660
 2698
 2732
 2766
 2810
 2850
 2886
 2916
 2952
 2992
 3026
 3054
 3072
 3094
 3128
 3140
 3126
 3104
 3080
 3044
 2992
 2940
 2892
 2842
 2784
 2722
 2662
 2612
 2562
 2508
 2452
 2412
 2382
 2340
 2292
 2252
 2214
 2176
 2132
 2094
 2062
 2028
 1992
 1954
 1922
 1900
 1888
 1880
 1886
 1910
 1934
 1966
 1994
 2028
 2068
 2114
 2152
 2190
 2230
 2280
 2340
 2394
 2448
 2506
 2564
 2624
 2686
 2752
 2818
 2880
 2930
 2970
 3010
 3054
 3096
 3122
 3144
 3168
 3196
 3214
 3224
 3234
 3238
 3236
 3224
 3200
 3170
 3132
 3082
 3028
 2974
 2928
 2874
 2812
 2748
 2694
 2644
 2588
 2532
 2478
 2444
 2412
 2370
 2328
 2294
 2258
 2218
 2172
 2136
 2104
 2072
 2038
 2006
 1990
 1988
 1986
 1988
 2010
 2038
 2070
 2098
 2130
 2166
 2210
 2246
 2286
 2324
 2364
 2410
 2452
 2494
 2540
 2592
 2644
 2702
 2760
 2818
 2872
 2922
 2958
 2984
 3004
 3030
 3052
 3068
 3084
 3104
 3128
 3144
 3156
 3154
 3152
 3146
 3126
 3092
 3052
 3004
 2954
 2894
 2834
 2772
 2708
 2642
 2570
 2514
 2464
 2414
 2356
 2308
 2276
 2236
 2190
 2148
 2112
 2082
 2046
 2006
 1972
 1938
 1910
 1878
 1848
 1838
 1842
 1852
 1870
 1896
 1928
 1972
 2016
 2056
 2100
 2150
 2196
 2240
 2286
 2342
 2398
 2448
 2488
 2536
 2590
 2638
 2692
 2740
 2788
 2838
 2882
 2912
 2938
 2972
 3010
 3040
 3058
 3078
 3098
 3112
 3104
 3084
 3054
 3028
 3004
 2966
 2920
 2878
 2838
 2796
 2740
 2686
 2642
 2602
 2564
 2520
 2476
 2440
 2406
 2370
 2326
 2296
 2270
 2238
 2202
 2162
 2124
 2094
 2062
 2028
 1988
 1956
 1934
 1924
 1922
 1926
 1940
 1960
 1986
 2014
 2040
 2070
 2104
 2136
 2170
 2204
 2242
 2278
 2302
 2328
 2358
 2392
 2430
 2466
 2496
 2520
 2556
 2604
 2642
 2678
 2712
 2752
 2790
 2820
 2848
 2878
 2902
 2928
 2946
 2958
 2968
 2990
 3006
 3016
 3020
 3026
 3032
 3026
 3004
 2972
 2932
 2898
 2858
 2816
 2762
 2714
 2674
 2626
 2576
 2534
 2498
 2462
 2420
 2384
 2362
 2338
 2312
 2288
 2264
 2240
 2222
 2200
 2182
 2166
 2152
 2144
 2146
 2154
 2168
 2188
 2206
 2234
 2272
 2308
 2346
 2386
 2426
 2468
 2506
 2542
 2584
 2626
 2666
 2708
 2748
 2784
 2822
 2862
 2902
 2936
 2966
 3004
 3052
 3096
 3132
 3160
 3182
 3204
 3216
 3228
 3226
 3204
 3178
 3136
 3086
 3040
 2994
 2944
 2892
 2838
 2800
 2764
 2722
 2680
 2642
 2604
 2566
 2526
 2492
 2452
 2410
 2366
 2320
 2272
 2230
 2186
 2142
 2100
 2072
 2040
 2004
 1970
 1938
 1910
 1890
 1876
 1880
 1886
 1900
 1918
 1940
 1970
 2004
 2044
 2080
 2122
 2174
 2220
 2266
 2310
 2356
 2404
 2444
 2480
 2518
 2556
 2598
 2634
 2672
 2706
 2754
 2798
 2836
 2868
 2906
 2962
 3006
 3042
 3068
 3094
 3116
 3126
 3126
 3108
 3080
 3044
 3000
 2946
 2896
 2844
 2786
 2726
 2672
 2632
 2586
 2534
 2482
 2424
 2376
 2326
 2280
 2224
 2168
 2122
 2070
 2026
 1978
 1940
 1902
 1868
 1838
 1792
 1754
 1722
 1690
 1670
 1660
 1672
 1690
 1712
 1736
 1768
 1808
 1848
 1888
 1924
 1976
 2034
 2090
 2144
 2198
 2262
 2326
 2386
 2444
 2502
 2558
 2612
 2662
 2710
 2756
 2804
 2842
 2882
 2932
 2984
 3028
 3068
 3090
 3086
 3066
 3046
 3024
 3000
 2980
 2974
 2972
 2972
 2970
 2964
 2970
 2986
 2998
 3004
 3004
 3012
 3014
 3014
 3008
 3008
 3010
 3008
 3010
 3006
 3016
 3030
 3042
 3060
 3090
 3132
 3168
 3198
 3218
 3234
 3252
 3270
 3284
 3290
 3286
 3264
 3222
 3160
 3090
 3028
 2970
 2900
 2824
 2752
 2684
 2616
 2550
 2490
 2434
 2378
 2322
 2266
 2216
 2170
 2120
 2076
 2036
 1994
 1954
 1916
 1876
 1848
 1834
 1832
 1838
 1846
 1864
 1884
 1910
 1936
 1958
 1988
 2022
 2050
 2076
 2106
 2138
 2172
 2204
 2238
 2284
 2322
 2358
 2392
 2428
 2464
 2494
 2522
 2554
 2598
 2638
 2670
 2702
 2736
 2774
 2812
 2854
 2890
 2928
 2964
 2994
 3024
 3054
 3086
 3104
 3104
 3094
 3086
 3072
 3050
 3018
 2978
 2932
 2888
 2846
 2794
 2732
 2676
 2624
 2570
 2522
 2468
 2422
 2378
 2346
 2308
 2258
 2214
 2174
 2130
 2080
 2028
 1984
 1940
 1894
 1852
 1804
 1768
 1746
 1742
 1740
 1750
 1776
 1798
 1828
 1854
 1880
 1914
 1944
 1974
 2000
 2022
 2050
 2076
 2104
 2132
 2162
 2190
 2222
 2260
 2286
 2310
 2342
 2374
 2404
 2432
 2458
 2488
 2520
 2548
 2574
 2600
 2634
 2670
 2702
 2730
 2768
 2816
 2862
 2904
 2938
 2968
 3000
 3032
 3062
 3082
 3086
 3076
 3058
 3026
 2986
 2936
 2882
 2830
 2784
 2738
 2682
 2626
 2576
 2526
 2476
 2416
 2368
 2324
 2280
 2236
 2184
 2138
 2102
 2064
 2022
 1986
 1958
 1926
 1898
 1870
 1838
 1818
 1814
 1822
 1838
 1852
 1868
 1896
 1928
 1964
 1996
 2026
 2064
 2108
 2142
 2174
 2202
 2238
 2276
 2308
 2340
 2370
 2398
 2432
 2460
 2488
 2516
 2542
 2570
 2594
 2626
 2666
 2696
 2720
 2748
 2778
 2808
 2830
 2852
 2880
 2904
 2926
 2940
 2954
 2970
 3000
 3028
 3054
 3070
 3084
 3104
 3106
 3092
 3060
 3018
 2978
 2934
 2888
 2836
 2776
 2722
 2672
 2618
 2566
 2508
 2458
 2412
 2370
 2336
 2284
 2240
 2200
 2164
 2124
 2080
 2040
 2008
 1972
 1944
 1912
 1888
 1872
 1870
 1874
 1880
 1900
 1932
 1962
 1996
 2028
 2058
 2096
 2130
 2168
 2198
 2226
 2260
 2298
 2338
 2376
 2412
 2450
 2488
 2534
 2580
 2618
 2658
 2702
 2740
 2776
 2806
 2846
 2882
 2910
 2932
 2956
 2980
 3006
 3028
 3044
 3058
 3076
 3118
 3154
 3168
 3162
 3140
 3118
 3082
 3040
 2994
 2936
 2886
 2832
 2776
 2722
 2668
 2618
 2568
 2522
 2490
 2450
 2402
 2364
 2326
 2288
 2248
 2202
 2170
 2132
 2096
 2058
 2018
 1990
 1968
 1950
 1940
 1934
 1954
 1972
 1990
 2014
 2038
 2068
 2102
 2136
 2168
 2200
 2240
 2276
 2314
 2348
 2382
 2416
 2456
 2486
 2518
 2550
 2576
 2606
 2646
 2682
 2720
 2754
 2792
 2828
 2856
 2882
 2902
 2922
 2948
 2972
 2986
 2982
 2972
 2968
 2960
 2946
 2924
 2898
 2870
 2846
 2812
 2788
 2754
 2716
 2680
 2638
 2596
 2560
 2526
 2488
 2446
 2412
 2386
 2352
 2316
 2276
 2234
 2194
 2152
 2104
 2060
 2012
 1968
 1932
 1908
 1900
 1906
 1922
 1944
 1972
 2016
 2060
 2102
 2152
 2202
 2254
 2308
 2358
 2410
 2460
 2506
 2552
 2600
 2646
 2694
 2740
 2786
 2822
 2856
 2902
 2948
 2990
 3024
 3056
 3080
 3098
 3110
 3126
 3138
 3150
 3160
 3168
 3176
 3186
 3196
 3208
 3212
 3210
 3202
 3208
 3220
 3234
 3242
 3250
 3258
 3262
 3258
 3258
 3256
 3254
 3252
 3248
 3242
 3240
 3236
 3230
 3214
 3190
 3158
 3130
 3100
 3062
 3018
 2972
 2914
 2862
 2808
 2760
 2700
 2636
 2584
 2528
 2466
 2412
 2362
 2308
 2244
 2200
 2170
 2130
 2090
 2058
 2026
 1988
 1952
 1922
 1896
 1866
 1844
 1836
 1838
 1852
 1872
 1906
 1948
 1996
 2050
 2100
 2158
 2210
 2260
 2310
 2364
 2416
 2464
 2506
 2562
 2616
 2662
 2704
 2750
 2786
 2816
 2856
 2904
 2942
 2970
 2994
 3026
 3046
 3062
 3084
 3104
 3118
 3126
 3134
 3154
 3162
 3164
 3166
 3188
 3212
 3224
 3214
 3206
 3182
 3144
 3098
 3066
 3022
 2968
 2916
 2874
 2826
 2768
 2716
 2670
 2628
 2592
 2554
 2516
 2468
 2418
 2374
 2330
 2288
 2234
 2180
 2144
 2106
 2068
 2016
 1980
 1948
 1926
 1894
 1880
 1886
 1898
 1912
 1936
 1974
 2008
 2038
 2068
 2110
 2144
 2174
 2210
 2250
 2278
 2306
 2346
 2386
 2416
 2442
 2476
 2516
 2544
 2570
 2606
 2640
 2666
 2686
 2716
 2750
 2782
 2806
 2826
 2858
 2894
 2926
 2956
 2996
 3024
 3048
 3068
 3092
 3120
 3142
 3152
 3166
 3182
 3194
 3194
 3190
 3180
 3150
 3108
 3062
 3034
 3002
 2960
 2910
 2862
 2822
 2774
 2728
 2672
 2628
 2584
 2534
 2484
 2436
 2394
 2350
 2306
 2260
 2222
 2186
 2144
 2104
 2056
 2006
 1972
 1940
 1910
 1884
 1882
 1890
 1902
 1914
 1938
 1976
 2012
 2040
 2074
 2126
 2168
 2204
 2234
 2272
 2312
 2342
 2366
 2396
 2430
 2454
 2472
 2498
 2528
 2554
 2574
 2596
 2618
 2642
 2666
 2694
 2718
 2738
 2748
 2764
 2784
 2806
 2822
 2830
 2846
 2866
 2878
 2888
 2904
 2928
 2940
 2948
 2962
 3000
 3032
 3056
 3068
 3066
 3066
 3042
 3010
 2964
 2918
 2878
 2830
 2778
 2718
 2674
 2628
 2582
 2536
 2496
 2466
 2432
 2392
 2344
 2290
 2254
 2216
 2182
 2140
 2110
 2090
 2066
 2042
 2016
 2000
 1982
 1960
 1944
 1936
 1940
 1950
 1962
 1972
 2000
 2028
 2052
 2074
 2096
 2126
 2148
 2172
 2196
 2218
 2250
 2282
 2320
 2354
 2386
 2428
 2466
 2502
 2540
 2572
 2614
 2656
 2690
 2720
 2752
 2796
 2830
 2862
 2888
 2916
 2948
 2984
 3018
 3046
 3068
 3076
 3068
 3050
 3030
 3000
 2954
 2902
 2858
 2812
 2756
 2702
 2650
 2602
 2552
 2510
 2474
 2438
 2398
 2354
 2308
 2276
 2232
 2188
 2136
 2092
 2058
 2022
 1986
 1956
 1938
 1926
 1930
 1940
 1952
 1976
 2006
 2038
 2062
 2084
 2116
 2152
 2182
 2200
 2222
 2252
 2280
 2306
 2330
 2366
 2400
 2438
 2470
 2500
 2538
 2570
 2592
 2610
 2634
 2666
 2696
 2716
 2734
 2762
 2790
 2812
 2836
 2868
 2898
 2918
 2946
 2980
 3020
 3040
 3040
 3022
 3006
 2976
 2938
 2890
 2850
 2806
 2748
 2692
 2646
 2604
 2556
 2504
 2472
 2456
 2432
 2396
 2356
 2328
 2292
 2254
 2206
 2174
 2140
 2100
 2054
 2020
 1992
 1964
 1928
 1902
 1894
 1898
 1900
 1904
 1924
 1948
 1968
 1988
 2016
 2056
 2090
 2122
 2154
 2198
 2238
 2274
 2306
 2344
 2380
 2418
 2446
 2482
 2512
 2538
 2566
 2606
 2638
 2670
 2700
 2734
 2780
 2820
 2850
 2880
 2922
 2948
 2966
 2992
 3034
 3066
 3074
 3070
 3058
 3036
 2998
 2958
 2916
 2876
 2828
 2766
 2714
 2672
 2626
 2572
 2514
 2486
 2454
 2414
 2366
 2326
 2294
 2262
 2224
 2186
 2156
 2122
 2084
 2040
 2014
 1986
 1958
 1916
 1886
 1868
 1844
 1824
 1816
 1830
 1846
 1862
 1878
 1906
 1940
 1978
 2016
 2052
 2092
 2134
 2172
 2208
 2250
 2296
 2336
 2372
 2410
 2446
 2480
 2508
 2540
 2568
 2594
 2622
 2646
 2674
 2702
 2732
 2760
 2782
 2806
 2848
 2892
 2930
 2968
 3000
 3028
 3056
 3078
 3102
 3124
 3140
 3152
 3160
 3168
 3168
 3156
 3130
 3092
 3046
 3006
 2974
 2938
 2898
 2856
 2814
 2772
 2726
 2676
 2628
 2570
 2512
 2452
 2390
 2332
 2276
 2222
 2164
 2114
 2074
 2028
 1980
 1936
 1892
 1852
 1812
 1780
 1750
 1720
 1696
 1684
 1680
 1692
 1710
 1734
 1760
 1798
 1844
 1886
 1932
 1978
 2024
 2074
 2114
 2154
 2196
 2240
 2286
 2330
 2372
 2412
 2454
 2496
 2530
 2564
 2610
 2654
 2688
 2718
 2742
 2766
 2786
 2808
 2834
 2862
 2894
 2920
 2944
 2970
 3000
 3034
 3052
 3060
 3058
 3054
 3040
 3010
 2962
 2926
 2886
 2842
 2788
 2740
 2700
 2654
 2610
 2560
 2514
 2474
 2428
 2382
 2330
 2302
 2272
 2236
 2192
 2134
 2084
 2040
 1990
 1942
 1894
 1856
 1822
 1784
 1754
 1730
 1734
 1746
 1774
 1808
 1836
 1878
 1928
 1976
 2026
 2070
 2120
 2172
 2220
 2268
 2318
 2374
 2430
 2480
 2522
 2560
 2614
 2662
 2700
 2730
 2762
 2798
 2820
 2844
 2876
 2902
 2924
 2942
 2968
 2988
 2988
 2964
 2938
 2918
 2882
 2836
 2784
 2736
 2684
 2632
 2580
 2532
 2482
 2432
 2386
 2336
 2288
 2244
 2200
 2162
 2126
 2080
 2046
 2008
 1970
 1930
 1896
 1868
 1844
 1832
 1834
 1848
 1866
 1886
 1906
 1932
 1962
 1986
 2004
 2024
 2046
 2070
 2094
 2112
 2136
 2164
 2192
 2218
 2246
 2278
 2310
 2338
 2368
 2404
 2438
 2470
 2502
 2528
 2554
 2582
 2614
 2644
 2668
 2702
 2732
 2766
 2798
 2830
 2866
 2902
 2946
 2992
 3034
 3072
 3102
 3132
 3154
 3180
 3200
 3192
 3168
 3130
 3090
 3040
 2986
 2922
 2864
 2822
 2766
 2714
 2664
 2618
 2572
 2520
 2470
 2420
 2372
 2328
 2288
 2246
 2204
 2166
 2126
 2096
 2070
 2036
 2006
 1984
 1962
 1946
 1938
 1948
 1964
 1982
 2006
 2030
 2064
 2106
 2142
 2176
 2214
 2258
 2298
 2338
 2380
 2418
 2464
 2500
 2538
 2566
 2590
 2616
 2634
 2650
 2658
 2664
 2676
 2694
 2718
 2732
 2746
 2766
 2784
 2800
 2816
 2836
 2864
 2892
 2918
 2940
 2962
 2988
 3018
 3042
 3060
 3070
 3072
 3062
 3042
 3012
 2972
 2924
 2874
 2830
 2788
 2732
 2676
 2618
 2566
 2518
 2474
 2428
 2380
 2344
 2308
 2268
 2226
 2184
 2138
 2092
 2048
 2006
 1968
 1928
 1888
 1848
 1820
 1804
 1796
 1802
 1820
 1840
 1866
 1898
 1934
 1976
 2016
 2054
 2102
 2144
 2190
 2238
 2278
 2326
 2374
 2414
 2452
 2498
 2544
 2582
 2616
 2646
 2670
 2694
 2716
 2752
 2788
 2814
 2842
 2868
 2902
 2950
 2988
 3016
 3038
 3060
 3092
 3106
 3096
 3072
 3032
 2990
 2944
 2902
 2854
 2796
 2736
 2682
 2628
 2576
 2524
 2466
 2414
 2374
 2338
 2298
 2252
 2214
 2176
 2138
 2100
 2066
 2038
 2016
 2004
 2000
 2006
 2014
 2030
 2046
 2070
 2092
 2104
 2118
 2138
 2156
 2178
 2196
 2210
 2232
 2266
 2298
 2332
 2362
 2394
 2430
 2468
 2496
 2536
 2568
 2592
 2614
 2640
 2660
 2686
 2702
 2728
 2758
 2786
 2810
 2840
 2864
 2896
 2932
 2956
 2974
 2996
 3020
 3038
 3036
 3018
 2984
 2946
 2902
 2866
 2824
 2776
 2720
 2664
 2614
 2570
 2528
 2482
 2428
 2392
 2364
 2328
 2292
 2254
 2212
 2180
 2150
 2124
 2096
 2066
 2040
 2022
 2016
 2018
 2026
 2032
 2046
 2074
 2094
 2114
 2140
 2166
 2198
 2234
 2270
 2306
 2336
 2366
 2400
 2432
 2466
 2496
 2524
 2544
 2570
 2610
 2642
 2668
 2690
 2714
 2736
 2760
 2784
 2818
 2844
 2868
 2896
 2934
 2978
 3022
 3062
 3094
 3120
 3138
 3160
 3162
 3140
 3114
 3084
 3046
 3002
 2956
 2906
 2850
 2794
 2742
 2688
 2634
 2584
 2536
 2488
 2452
 2412
 2364
 2326
 2284
 2238
 2198
 2148
 2106
 2066
 2024
 1986
 1946
 1914
 1900
 1900
 1902
 1914
 1930
 1954
 1986
 2022
 2060
 2102
 2142
 2182
 2226
 2270
 2322
 2368
 2420
 2472
 2518
 2560
 2598
 2646
 2692
 2730
 2766
 2802
 2834
 2868
 2898
 2932
 2962
 2990
 3020
 3058
 3110
 3166
 3216
 3254
 3272
 3286
 3308
 3334
 3354
 3370
 3380
 3386
 3390
 3396
 3396
 3394
 3388
 3376
 3360
 3340
 3314
 3284
 3246
 3198
 3146
 3108
 3074
 3040
 3000
 2958
 2916
 2874
 2822
 2780
 2736
 2688
 2646
 2602
 2554
 2510
 2470
 2428
 2384
 2348
 2318
 2286
 2246
 2208
 2170
 2132
 2098
 2066
 2046
 2032
 2034
 2040
 2048
 2062
 2082
 2102
 2126
 2150
 2186
 2224
 2256
 2288
 2320
 2352
 2386
 2418
 2448
 2482
 2512
 2542
 2572
 2602
 2638
 2678
 2716
 2748
 2774
 2802
 2842
 2882
 2920
 2948
 2972
 2996
 3022
 3036
 3060
 3086
 3108
 3132
 3158
 3188
 3212
 3232
 3248
 3258
 3252
 3228
 3210
 3192
 3158
 3114
 3072
 3030
 2980
 2916
 2862
 2810
 2752
 2692
 2640
 2594
 2542
 2486
 2434
 2400
 2366
 2316
 2266
 2226
 2182
 2134
 2084
 2044
 2006
 1960
 1918
 1886
 1862
 1850
 1850
 1864
 1894
 1930
 1964
 2004
 2056
 2108
 2154
 2202
 2256
 2312
 2358
 2404
 2452
 2506
 2560
 2608
 2650
 2686
 2744
 2800
 2844
 2878
 2920
 2966
 3008
 3038
 3072
 3118
 3154
 3182
 3206
 3234
 3266
 3276
 3276
 3262
 3258
 3238
 3204
 3160
 3112
 3074
 3026
 2970
 2910
 2852
 2806
 2754
 2698
 2646
 2610
 2570
 2524
 2484
 2450
 2412
 2368
 2318
 2262
 2222
 2176
 2134
 2084
 2040
 2008
 1980
 1956
 1948
 1950
 1966
 1984
 2012
 2036
 2068
 2108
 2146
 2184
 2226
 2276
 2324
 2368
 2408
 2456
 2502
 2546
 2592
 2640
 2694
 2750
 2806
 2868
 2930
 2988
 3036
 3072
 3104
 3134
 3162
 3176
 3182
 3190
 3202
 3202
 3186
 3160
 3132
 3100
 3056
 3008
 2976
 2946
 2906
 2858
 2800
 2748
 2698
 2650
 2592
 2520
 2452
 2408
 2358
 2308
 2256
 2218
 2184
 2138
 2096
 2060
 2026
 1986
 1938
 1886
 1856
 1828
 1804
 1790
 1796
 1820
 1840
 1862
 1892
 1950
 2002
 2050
 2094
 2144
 2212
 2274
 2332
 2388
 2444
 2516
 2578
 2638
 2696
 2752
 2822
 2886
 2936
 2982
 3030
 3090
 3134
 3160
 3184
 3224
 3272
 3292
 3294
 3274
 3260
 3232
 3190
 3132
 3066
 3014
 2956
 2886
 2814
 2750
 2694
 2630
 2568
 2510
 2464
 2414
 2354
 2284
 2222
 2168
 2114
 2054
 1994
 1942
 1900
 1860
 1836
 1826
 1830
 1850
 1880
 1906
 1928
 1968
 2016
 2058
 2098
 2132
 2190
 2246
 2296
 2340
 2388
 2452
 2512
 2560
 2600
 2650
 2718
 2784
 2840
 2882
 2934
 2990
 3036
 3066
 3100
 3136
 3164
 3186
 3198
 3214
 3238
 3254
 3254
 3236
 3208
 3192
 3164
 3120
 3070
 3020
 2968
 2914
 2856
 2798
 2734
 2682
 2628
 2566
 2510
 2458
 2416
 2362
 2304
 2248
 2192
 2130
 2062
 1994
 1942
 1892
 1842
 1792
 1750
 1736
 1734
 1742
 1764
 1788
 1830
 1870
 1916
 1966
 2016
 2078
 2134
 2184
 2230
 2276
 2336
 2394
 2450
 2504
 2560
 2628
 2688
 2744
 2792
 2842
 2898
 2958
 3006
 3046
 3084
 3124
 3154
 3170
 3192
 3212
 3236
 3248
 3240
 3228
 3224
 3208
 3174
 3122
 3070
 3040
 3006
 2966
 2912
 2856
 2812
 2766
 2720
 2668
 2610
 2560
 2510
 2454
 2396
 2344
 2300
 2252
 2206
 2160
 2110
 2066
 2022
 1976
 1928
 1890
 1868
 1862
 1854
 1854
 1868
 1888
 1908
 1932
 1958
 1996
 2038
 2084
 2124
 2158
 2202
 2248
 2284
 2318
 2358
 2408
 2458
 2498
 2536
 2570
 2610
 2650
 2676
 2682
 2686
 2704
 2720
 2724
 2706
 2686
 2670
 2650
 2624
 2610
 2612
 2616
 2620
 2618
 2626
 2656
 2678
 2688
 2690
 2698
 2724
 2738
 2746
 2752
 2752
 2762
 2770
 2776
 2778
 2772
 2774
 2774
 2778
 2776
 2776
 2776
 2786
 2804
 2818
 2828
 2838
 2842
 2842
 2834
 2836
 2848
 2852
 2852
 2850
 2858
 2872
 2882
 2888
 2906
 2946
 2990
 3030
 3064
 3100
 3144
 3180
 3206
 3232
 3254
 3252
 3228
 3188
 3148
 3112
 3064
 3004
 2944
 2902
 2864
 2814
 2752
 2684
 2606
 2524
 2430
 2346
 2270
 2202
 2140
 2078
 2024
 1972
 1932
 1894
 1872
 1860
 1846
 1842
 1850
 1864
 1888
 1910
 1942
 1974
 2008
 2048
 2092
 2138
 2186
 2236
 2286
 2330
 2388
 2442
 2492
 2538
 2578
 2614
 2652
 2680
 2712
 2742
 2768
 2792
 2812
 2830
 2848
 2868
 2884
 2896
 2910
 2944
 2972
 2996
 3016
 3030
 3042
 3042
 3044
 3050
 3054
 3056
 3060
 3062
 3066
 3070
 3078
 3078
 3078
 3074
 3078
 3082
 3078
 3064
 3042
 3016
 2986
 2952
 2920
 2886
 2844
 2808
 2764
 2720
 2676
 2636
 2600
 2560
 2520
 2478
 2448
 2422
 2390
 2354
 2316
 2276
 2234
 2192
 2152
 2114
 2070
 2030
 1988
 1944
 1904
 1872
 1852
 1850
 1856
 1880
 1908
 1940
 1980
 2030
 2082
 2134
 2192
 2256
 2332
 2398
 2460
 2520
 2586
 2660
 2722
 2778
 2826
 2874
 2922
 2974
 3020
 3058
 3092
 3118
 3138
 3152
 3170
 3192
 3204
 3214
 3216
 3224
 3232
 3228
 3204
 3162
 3122
 3090
 3044
 2992
 2934
 2880
 2820
 2758
 2698
 2644
 2590
 2536
 2476
 2414
 2358
 2298
 2238
 2172
 2126
 2088
 2040
 1996
 1948
 1912
 1888
 1870
 1868
 1872
 1886
 1914
 1946
 1984
 2022
 2066
 2118
 2174
 2240
 2296
 2352
 2414
 2472
 2526
 2574
 2620
 2672
 2724
 2774
 2822
 2868
 2918
 2958
 2992
 3020
 3062
 3110
 3150
 3176
 3190
 3204
 3214
 3226
 3236
 3226
 3196
 3164
 3128
 3080
 3022
 2958
 2898
 2854
 2806
 2752
 2692
 2630
 2570
 2510
 2450
 2388
 2316
 2246
 2184
 2122
 2054
 1984
 1912
 1852
 1806
 1752
 1696
 1640
 1600
 1578
 1572
 1578
 1590
 1614
 1652
 1696
 1742
 1794
 1848
 1904
 1962
 2026
 2092
 2158
 2222
 2286
 2344
 2398
 2448
 2508
 2564
 2616
 2668
 2712
 2754
 2792
 2828
 2858
 2890
 2926
 2962
 2994
 3020
 3040
 3054
 3066
 3090
 3112
 3116
 3104
 3084
 3058
 3026
 2990
 2936
 2884
 2844
 2808
 2762
 2702
 2646
 2598
 2550
 2498
 2444
 2390
 2338
 2290
 2240
 2190
 2142
 2098
 2058
 2018
 1992
 1958
 1934
 1928
 1928
 1938
 1952
 1968
 1996
 2030
 2060
 2090
 2118
 2152
 2192
 2236
 2270
 2304
 2348
 2390
 2428
 2460
 2486
 2516
 2550
 2584
 2620
 2652
 2684
 2714
 2740
 2758
 2780
 2798
 2814
 2832
 2856
 2884
 2914
 2942
 2960
 2978
 2990
 2996
 3006
 3012
 3022
 3038
 3054
 3072
 3092
 3106
 3116
 3108
 3094
 3084
 3064
 3036
 2998
 2950
 2898
 2846
 2788
 2730
 2658
 2588
 2532
 2476
 2428
 2386
 2342
 2292
 2258
 2230
 2194
 2156
 2110
 2068
 2028
 1986
 1948
 1914
 1874
 1848
 1838
 1840
 1854
 1874
 1894
 1924
 1968
 2016
 2060
 2108
 2154
 2200
 2254
 2304
 2352
 2400
 2440
 2484
 2528
 2574
 2620
 2664
 2698
 2732
 2776
 2824
 2866
 2892
 2906
 2922
 2936
 2938
 2950
 2960
 2962
 2966
 2974
 2982
 2994
 3008
 3016
 3024
 3038
 3062
 3094
 3120
 3136
 3152
 3170
 3178
 3168
 3158
 3136
 3108
 3084
 3046
 3004
 2956
 2904
 2852
 2800
 2746
 2702
 2646
 2588
 2538
 2504
 2488
 2460
 2420
 2378
 2328
 2274
 2220
 2168
 2114
 2068
 2030
 1998
 1978
 1972
 1972
 1980
 2000
 2022
 2048
 2076
 2114
 2154
 2202
 2256
 2308
 2356
 2406
 2458
 2506
 2550
 2598
 2644
 2690
 2728
 2768
 2800
 2828
 2854
 2886
 2914
 2938
 2962
 2978
 2996
 3014
 3038
 3054
 3066
 3072
 3098
 3124
 3144
 3162
 3174
 3180
 3186
 3196
 3214
 3218
 3214
 3204
 3184
 3166
 3136
 3102
 3058
 3004
 2954
 2920
 2884
 2844
 2800
 2752
 2706
 2662
 2616
 2572
 2524
 2464
 2408
 2354
 2304
 2256
 2208
 2154
 2106
 2074
 2032
 1992
 1954
 1920
 1896
 1896
 1906
 1924
 1952
 1978
 2016
 2060
 2112
 2164
 2216
 2262
 2308
 2370
 2430
 2486
 2538
 2586
 2632
 2676
 2718
 2760
 2796
 2828
 2854
 2876
 2900
 2922
 2938
 2948
 2960
 2982
 3008
 3034
 3058
 3076
 3094
 3110
 3122
 3144
 3164
 3174
 3184
 3186
 3178
 3166
 3150
 3126
 3092
 3050
 3010
 2974
 2934
 2890
 2844
 2798
 2750
 2694
 2648
 2598
 2546
 2492
 2438
 2380
 2330
 2282
 2236
 2190
 2156
 2122
 2084
 2050
 2026
 2006
 2002
 2004
 2016
 2032
 2052
 2080
 2108
 2140
 2178
 2216
 2252
 2284
 2322
 2360
 2390
 2418
 2444
 2470
 2494
 2516
 2544
 2566
 2588
 2608
 2626
 2644
 2662
 2680
 2702
 2724
 2742
 2754
 2766
 2796
 2824
 2850
 2864
 2874
 2882
 2890
 2898
 2910
 2918
 2918
 2918
 2918
 2918
 2920
 2920
 2922
 2924
 2926
 2928
 2926
 2922
 2920
 2934
 2950
 2964
 2978
 2986
 2994
 3000
 3000
 3004
 2998
 2984
 2970
 2948
 2924
 2898
 2874
 2852
 2824
 2796
 2758
 2724
 2702
 2678
 2652
 2624
 2590
 2556
 2522
 2484
 2450
 2410
 2370
 2332
 2288
 2246
 2208
 2166
 2122
 2074
 2034
 1998
 1954
 1908
 1866
 1822
 1788
 1768
 1760
 1778
 1800
 1834
 1874
 1926
 1990
 2054
 2118
 2180
 2256
 2332
 2400
 2466
 2538
 2604
 2662
 2712
 2766
 2816
 2854
 2884
 2920
 2952
 2976
 2990
 3002
 3024
 3052
 3078
 3096
 3116
 3130
 3140
 3146
 3154
 3164
 3170
 3170
 3170
 3174
 3174
 3170
 3150
 3128
 3114
 3090
 3060
 3020
 2976
 2936
 2892
 2842
 2794
 2742
 2694
 2646
 2592
 2536
 2492
 2452
 2408
 2368
 2334
 2298
 2260
 2216
 2172
 2130
 2096
 2060
 2026
 1986
 1954
 1930
 1920
 1924
 1932
 1958
 1988
 2030
 2072
 2112
 2164
 2222
 2276
 2328
 2370
 2422
 2474
 2522
 2566
 2602
 2640
 2686
 2726
 2762
 2790
 2814
 2856
 2906
 2952
 2988
 3014
 3048
 3076
 3096
 3116
 3130
 3142
 3150
 3150
 3150
 3146
 3140
 3136
 3126
 3106
 3080
 3040
 3008
 2994
 2970
 2942
 2910
 2870
 2836
 2802
 2768
 2730
 2684
 2636
 2594
 2546
 2492
 2442
 2390
 2344
 2300
 2260
 2224
 2190
 2152
 2122
 2096
 2070
 2052
 2046
 2060
 2076
 2094
 2108
 2126
 2150
 2192
 2234
 2278
 2314
 2352
 2410
 2474
 2524
 2572
 2614
 2668
 2718
 2754
 2794
 2832
 2872
 2904
 2926
 2948
 2978
 3008
 3026
 3034
 3042
 3054
 3078
 3100
 3116
 3134
 3162
 3170
 3156
 3128
 3108
 3078
 3044
 2992
 2940
 2890
 2850
 2806
 2754
 2688
 2636
 2600
 2562
 2518
 2472
 2422
 2382
 2342
 2298
 2252
 2204
 2154
 2106
 2054
 2000
 1962
 1934
 1928
 1926
 1940
 1970
 2008
 2052
 2102
 2148
 2202
 2254
 2306
 2364
 2420
 2470
 2524
 2584
 2640
 2688
 2730
 2762
 2800
 2844
 2892
 2930
 2960
 2990
 3018
 3042
 3054
 3068
 3086
 3098
 3108
 3118
 3122
 3128
 3130
 3120
 3100
 3078
 3058
 3036
 3014
 2984
 2950
 2912
 2866
 2828
 2796
 2754
 2712
 2670
 2624
 2586
 2546
 2506
 2456
 2416
 2384
 2354
 2314
 2272
 2224
 2176
 2136
 2100
 2072
 2052
 2042
 2044
 2062
 2086
 2114
 2150
 2186
 2236
 2298
 2356
 2406
 2456
 2502
 2556
 2602
 2640
 2684
 2718
 2756
 2800
 2838
 2872
 2910
 2936
 2960
 2982
 3000
 3032
 3062
 3084
 3110
 3132
 3144
 3144
 3134
 3122
 3096
 3056
 3002
 2946
 2898
 2852
 2800
 2742
 2686
 2638
 2612
 2576
 2532
 2486
 2440
 2402
 2360
 2314
 2266
 2210
 2164
 2124
 2078
 2032
 1986
 1942
 1900
 1868
 1846
 1828
 1824
 1836
 1858
 1884
 1916
 1950
 2000
 2052
 2102
 2150
 2196
 2250
 2308
 2364
 2412
 2454
 2506
 2570
 2626
 2672
 2714
 2756
 2800
 2834
 2862
 2894
 2918
 2944
 2964
 2978
 2992
 3008
 3026
 3040
 3044
 3046
 3060
 3084
 3106
 3118
 3108
 3088
 3058
 3024
 2988
 2946
 2898
 2844
 2798
 2754
 2704
 2652
 2598
 2540
 2490
 2448
 2402
 2352
 2306
 2260
 2208
 2152
 2090
 2044
 1996
 1940
 1876
 1804
 1732
 1678
 1624
 1572
 1524
 1498
 1490
 1502
 1526
 1556
 1594
 1642
 1700
 1762
 1826
 1884
 1946
 2006
 2068
 2136
 2200
 2258
 2308
 2366
 2434
 2498
 2556
 2602
 2650
 2702
 2740
 2772
 2800
 2828
 2862
 2888
 2910
 2922
 2940
 2964
 2980
 2984
 2990
 3012
 3042
 3066
 3080
 3080
 3068
 3046
 3022
 2988
 2944
 2896
 2848
 2802
 2750
 2696
 2638
 2582
 2532
 2490
 2442
 2386
 2336
 2286
 2234
 2180
 2130
 2078
 2026
 1980
 1938
 1898
 1866
 1840
 1824
 1814
 1814
 1830
 1848
 1866
 1892
 1930
 1974
 2028
 2078
 2140
 2210
 2282
 2358
 2434
 2510
 2584
 2656
 2718
 2764
 2800
 2842
 2886
 2924
 2952
 2972
 2986
 2996
 3000
 3012
 3020
 3022
 3022
 3022
 3020
 3020
 3020
 3006
 2984
 2956
 2934
 2920
 2896
 2868
 2840
 2808
 2774
 2738
 2708
 2674
 2638
 2600
 2558
 2510
 2462
 2418
 2372
 2324
 2272
 2234
 2200
 2154
 2106
 2056
 2008
 1962
 1918
 1878
 1846
 1818
 1804
 1798
 1804
 1816
 1838
 1864
 1890
 1920
 1956
 1992
 2024
 2058
 2092
 2128
 2164
 2196
 2228
 2262
 2290
 2320
 2344
 2366
 2390
 2418
 2440
 2460
 2476
 2498
 2536
 2566
 2592
 2614
 2636
 2654
 2670
 2686
 2704
 2718
 2730
 2740
 2752
 2762
 2774
 2790
 2806
 2816
 2822
 2834
 2866
 2916
 2964
 3006
 3038
 3064
 3078
 3084
 3082
 3068
 3042
 3014
 2980
 2944
 2910
 2874
 2842
 2802
 2760
 2720
 2694
 2670
 2642
 2608
 2572
 2532
 2492
 2446
 2406
 2364
 2320
 2278
 2236
 2190
 2148
 2108
 2062
 2008
 1956
 1918
 1874
 1830
 1784
 1742
 1706
 1678
 1656
 1648
 1644
 1646
 1654
 1664
 1678
 1700
 1722
 1748
 1770
 1804
 1842
 1874
 1906
 1938
 1970
 1998
 2032
 2064
 2096
 2122
 2154
 2186
 2216
 2246
 2276
 2308
 2338
 2364
 2392
 2434
 2470
 2504
 2532
 2558
 2580
 2604
 2622
 2648
 2668
 2684
 2702
 2724
 2744
 2768
 2794
 2826
 2854
 2878
 2894
 2920
 2958
 2994
 3026
 3054
 3078
 3098
 3106
 3112
 3122
 3126
 3130
 3132
 3130
 3130
 3130
 3136
 3134
 3130
 3122
 3116
 3118
 3116
 3106
 3094
 3076
 3056
 3028
 3000
 2970
 2936
 2902
 2864
 2824
 2786
 2752
 2718
 2678
 2634
 2594
 2564
 2536
 2506
 2478
 2448
 2416
 2382
 2344
 2308
 2268
 2228
 2190
 2150
 2108
 2074
 2040
 2006
 1968
 1944
 1930
 1918
 1914
 1914
 1918
 1930
 1942
 1960
 1982
 2002
 2024
 2048
 2072
 2102
 2134
 2166
 2194
 2222
 2266
 2306
 2342
 2372
 2400
 2426
 2450
 2470
 2496
 2522
 2544
 2566
 2588
 2610
 2632
 2658
 2686
 2710
 2726
 2750
 2788
 2824
 2854
 2872
 2882
 2892
 2896
 2902
 2912
 2920
 2924
 2928
 2934
 2938
 2948
 2960
 2970
 2976
 2972
 2970
 2986
 3006
 3024
 3040
 3044
 3042
 3030
 3014
 2992
 2968
 2932
 2898
 2860
 2822
 2784
 2748
 2712
 2674
 2636
 2600
 2578
 2552
 2522
 2488
 2452
 2416
 2378
 2334
 2296
 2250
 2206
 2162
 2116
 2074
 2034
 1998
 1964
 1934
 1916
 1918
 1924
 1936
 1952
 1970
 1986
 2008
 2028
 2054
 2084
 2112
 2144
 2174
 2206
 2240
 2276
 2308
 2336
 2366
 2410
 2454
 2496
 2538
 2574
 2612
 2648
 2678
 2710
 2740
 2764
 2786
 2806
 2822
 2840
 2858
 2874
 2890
 2898
 2904
 2924
 2954
 2980
 3000
 3018
 3028
 3040
 3042
 3050
 3056
 3056
 3056
 3044
 3030
 3012
 2994
 2976
 2954
 2928
 2892
 2860
 2840
 2820
 2798
 2772
 2744
 2714
 2682
 2646
 2616
 2584
 2546
 2506
 2466
 2424
 2386
 2352
 2320
 2288
 2252
 2224
 2206
 2182
 2154
 2122
 2092
 2060
 2024
 1988
 1958
 1926
 1906
 1896
 1892
 1898
 1912
 1928
 1948
 1970
 2000
 2036
 2070
 2102
 2134
 2164
 2196
 2226
 2260
 2296
 2328
 2358
 2384
 2410
 2434
 2460
 2490
 2518
 2544
 2570
 2608
 2648
 2686
 2722
 2750
 2778
 2806
 2824
 2850
 2872
 2888
 2898
 2904
 2906
 2906
 2908
 2912
 2914
 2916
 2910
 2914
 2928
 2948
 2962
 2974
 2984
 2992
 2996
 3002
 3008
 3010
 3006
 3002
 2996
 2990
 2988
 2986
 2980
 2966
 2946
 2924
 2916
 2904
 2890
 2868
 2844
 2816
 2786
 2754
 2726
 2692
 2654
 2616
 2574
 2534
 2498
 2464
 2428
 2390
 2350
 2316
 2294
 2268
 2234
 2198
 2160
 2120
 2080
 2030
 1988
 1936
 1888
 1840
 1792
 1748
 1710
 1680
 1658
 1648
 1648
 1666
 1684
 1704
 1730
 1762
 1794
 1830
 1868
 1904
 1944
 1982
 2018
 2056
 2094
 2136
 2180
 2220
 2254
 2288
 2332
 2378
 2420
 2456
 2488
 2516
 2542
 2562
 2588
 2612
 2634
 2652
 2670
 2686
 2704
 2726
 2744
 2760
 2768
 2784
 2812
 2842
 2872
 2896
 2918
 2934
 2950
 2960
 2976
 2986
 2992
 2996
 3000
 3004
 3004
 3010
 3012
 3008
 2996
 2974
 2958
 2950
 2942
 2930
 2914
 2888
 2862
 2822
 2778
 2726
 2666
 2606
 2542
 2474
 2406
 2342
 2276
 2206
 2132
 2066
 2014
 1954
 1888
 1814
 1738
 1660
 1578
 1488
 1404
 1320
 1238
 1164
 1088
 1016
 948
 880
 808
 738
 680
 622
 572
 534
 504
 480
 470
 460
 444
 424
 404
 392
 384
 384
 384
 382
 394
 414
 436
 454
 472
 504
 542
 588
 642
 694
 750
 812
 874
 944
 1012
 1074
 1142
 1202
 1254
 1296
 1346
 1398
 1446
 1484
 1518
 1550
 1582
 1612
 1650
 1686
 1722
 1762
 1802
 1840
 1876
 1912
 1950
 1988
 2022
 2066
 2120
 2176
 2226
 2274
 2318
 2362
 2404
 2444
 2484
 2516
 2548
 2576
 2604
 2630
 2656
 2686
 2710
 2728
 2744
 2764
 2796
 2832
 2860
 2884
 2904
 2920
 2930
 2944
 2956
 2962
 2964
 2962
 2960
 2962
 2964
 2970
 2974
 2972
 2966
 2968
 2974
 2980
 2980
 2976
 2966
 2952
 2932
 2912
 2890
 2864
 2834
 2800
 2766
 2732
 2702
