27
35
111
119
199
473
552
639
747
763
833
935
1032
1120
1201
1291
1362
1439
1521
1616
1695
1770
1843
1908
1986
2059
2136
2221
2296
2373
2450
2517
2592
2675
2747
2811
2891
2905
2984
3071
3158
3238
3316
3396
3472
3553
3625
3705
3790
3886
3954
4030
4103
4181
4257
4327
4405
4478
4550
4614
4705
4780
4860
4937
5022
5099
5178
5250
5328
5403
5485
5555
5716
5728
6141
6216
6280
6351
6427
6506
6526
6612
6697
6772
6846
6913
6997
7086
7195
7276
7349
7421
7501
7588
7666
7739
7811
7887
7961
8040
8115
8210
8287
8362
8367
8460
8561
8574
8659
8662
8738
8756
8820
