 3360
 3414
 3430
 3402
 3346
 3284
 3212
 3108
 2986
 2868
 2770
 2694
 2644
 2632
 2664
 2710
 2736
 2766
 2786
 2802
 2798
 2790
 2786
 2766
 2740
 2722
 2710
 2678
 2614
 2540
 2444
 2354
 2264
 2158
 2050
 1946
 1844
 1722
 1616
 1510
 1390
 1276
 1162
 1046
 928
 816
 738
 676
 646
 646
 674
 716
 776
 836
 900
 986
 1112
 1258
 1444
 1636
 1802
 1962
 2104
 2236
 2348
 2504
 2716
 2954
 3140
 3326
 3464
 3562
 3638
 3710
 3764
 3814
 3850
 3826
 3732
 3612
 3454
 3276
 3094
 2916
 2752
 2596
 2438
 2280
 2146
 2054
 2038
 2052
 2070
 2086
 2102
 2118
 2128
 2152
 2184
 2222
 2254
 2318
 2388
 2494
 2648
 2766
 2818
 2862
 2880
 2884
 2882
 2880
 2906
 2958
 3006
 3044
 3084
 3120
 3150
 3202
 3280
 3350
 3404
 3452
 3476
 3474
 3466
 3460
 3458
 3476
 3484
 3488
 3486
 3484
 3476
 3462
 3452
 3440
 3424
 3410
 3410
 3424
 3422
 3408
 3394
 3394
 3408
 3420
 3436
 3452
 3468
 3480
 3484
 3498
 3508
 3506
 3486
 3448
 3396
 3330
 3252
 3164
 3082
 2984
 2882
 2780
 2680
 2584
 2486
 2394
 2296
 2204
 2116
 2038
 1962
 1890
 1820
 1778
 1748
 1728
 1724
 1734
 1756
 1792
 1832
 1892
 1960
 2022
 2088
 2158
 2242
 2324
 2398
 2464
 2542
 2622
 2692
 2756
 2808
 2858
 2906
 2948
 2992
 3028
 3060
 3086
 3110
 3128
 3142
 3148
 3148
 3152
 3166
 3184
 3196
 3206
 3212
 3216
 3214
 3220
 3222
 3224
 3222
 3218
 3216
 3212
 3210
 3192
 3154
 3094
 3038
 2986
 2920
 2852
 2782
 2704
 2630
 2556
 2488
 2414
 2342
 2272
 2200
 2134
 2076
 2020
 1972
 1930
 1914
 1920
 1934
 1950
 1962
 1986
 2016
 2038
 2060
 2112
 2164
 2206
 2248
 2292
 2342
 2388
 2432
 2468
 2510
 2560
 2582
 2586
 2596
 2608
 2626
 2652
 2690
 2730
 2772
 2816
 2856
 2896
 2930
 2966
 2992
 3010
 3020
 3050
 3082
 3108
 3132
 3150
 3168
 3180
 3186
 3198
 3206
 3212
 3216
 3214
 3214
 3214
 3216
 3210
 3200
 3184
 3186
 3194
 3204
 3206
 3210
 3212
 3206
 3196
 3184
 3168
 3146
 3118
 3076
 3032
 2982
 2934
 2878
 2816
 2754
 2710
 2670
 2626
 2582
 2538
 2494
 2450
 2404
 2366
 2324
 2284
 2242
 2198
 2158
 2122
 2090
 2062
 2046
 2054
 2066
 2086
 2112
 2150
 2188
 2228
 2262
 2298
 2336
 2376
 2418
 2464
 2514
 2568
 2622
 2674
 2718
 2774
 2834
 2888
 2938
 2978
 3014
 3040
 3054
 3062
 3070
 3074
 3076
 3080
 3078
 3082
 3080
 3078
 3070
 3072
 3084
 3094
 3108
 3114
 3122
 3124
 3122
 3126
 3124
 3112
 3094
 3076
 3054
 3026
 2996
 2960
 2916
 2872
 2842
 2814
 2784
 2750
 2712
 2674
 2634
 2588
 2548
 2502
 2458
 2414
 2368
 2322
 2282
 2242
 2198
 2164
 2146
 2126
 2116
 2110
 2112
 2122
 2134
 2150
 2174
 2202
 2236
 2280
 2326
 2372
 2400
 2414
 2422
 2438
 2464
 2488
 2510
 2528
 2548
 2562
 2570
 2576
 2584
 2584
 2592
 2606
 2616
 2632
 2650
 2662
 2674
 2692
 2722
 2750
 2774
 2804
 2836
 2872
 2904
 2928
 2952
 2974
 3000
 3022
 3040
 3056
 3066
 3072
 3084
 3106
 3130
 3148
 3164
 3176
 3182
 3186
 3190
 3194
 3194
 3190
 3188
 3186
 3184
 3178
 3162
 3148
 3152
 3160
 3172
 3176
 3178
 3180
 3176
 3172
 3164
 3152
 3134
 3116
 3090
 3064
 3036
 3006
 2972
 2934
 2894
 2872
 2848
 2820
 2790
 2756
 2722
 2686
 2646
 2610
 2572
 2534
 2494
 2452
 2408
 2370
 2328
 2286
 2248
 2230
 2226
 2228
 2236
 2252
 2272
 2296
 2320
 2348
 2376
 2408
 2440
 2470
 2500
 2530
 2564
 2592
 2616
 2636
 2670
 2710
 2744
 2776
 2804
 2830
 2854
 2874
 2894
 2914
 2930
 2942
 2952
 2960
 2966
 2976
 2986
 2988
 2984
 2978
 2980
 2996
 3014
 3032
 3044
 3050
 3060
 3058
 3062
 3064
 3066
 3064
 3058
 3054
 3048
 3046
 3042
 3038
 3032
 3022
 3008
 3012
 3016
 3018
 3014
 3004
 2990
 2974
 2954
 2938
 2916
 2894
 2868
 2838
 2810
 2778
 2742
 2708
 2666
 2618
 2570
 2536
 2508
 2480
 2450
 2418
 2382
 2346
 2302
 2264
 2222
 2176
 2132
 2082
 2028
 1978
 1936
 1898
 1868
 1850
 1854
 1864
 1878
 1902
 1930
 1962
 2000
 2036
 2076
 2116
 2158
 2198
 2238
 2278
 2316
 2358
 2392
 2422
 2448
 2488
 2530
 2570
 2604
 2636
 2662
 2686
 2702
 2724
 2740
 2752
 2762
 2770
 2776
 2784
 2796
 2806
 2808
 2812
 2816
 2834
 2856
 2878
 2898
 2914
 2928
 2934
 2942
 2940
 2938
 2936
 2932
 2928
 2924
 2922
 2922
 2920
 2914
 2902
 2894
 2902
 2916
 2930
 2942
 2954
 2962
 2964
 2964
 2962
 2954
 2942
 2928
 2912
 2892
 2872
 2852
 2834
 2808
 2778
 2744
 2722
 2698
 2662
 2626
 2586
 2546
 2510
 2468
 2434
 2400
 2360
 2322
 2274
 2222
 2174
 2130
 2082
 2032
 1988
 1958
 1928
 1894
 1858
 1820
 1784
 1750
 1716
 1688
 1664
 1652
 1640
 1638
 1642
 1654
 1672
 1690
 1706
 1734
 1774
 1806
 1838
 1868
 1902
 1942
 1980
 2010
 2046
 2080
 2114
 2148
 2182
 2216
 2250
 2292
 2326
 2354
 2384
 2428
 2478
 2522
 2562
 2598
 2634
 2666
 2692
 2720
 2744
 2766
 2788
 2806
 2822
 2840
 2864
 2892
 2912
 2928
 2938
 2954
 2976
 3000
 3016
 3026
 3022
 3010
 2984
 2958
 2926
 2890
 2848
 2806
 2762
 2718
 2674
 2630
 2584
 2534
 2490
 2460
 2428
 2392
 2352
 2314
 2276
 2236
 2196
 2162
 2120
 2078
 2030
 1986
 1944
 1902
 1858
 1804
 1764
 1734
 1712
 1696
 1692
 1696
 1710
 1724
 1740
 1768
 1792
 1824
 1854
 1886
 1920
 1958
 1994
 2030
 2070
 2132
 2192
 2248
 2306
 2364
 2424
 2478
 2520
 2562
 2596
 2626
 2654
 2674
 2698
 2718
 2740
 2758
 2770
 2782
 2808
 2842
 2872
 2896
 2918
 2940
 2954
 2966
 2980
 2990
 2998
 3000
 3000
 3002
 3006
 3012
 3012
 3010
 3000
 2990
 2986
 2976
 2958
 2940
 2920
 2896
 2864
 2840
 2816
 2790
 2768
 2742
 2708
 2672
 2638
 2602
 2562
 2516
 2472
 2452
 2432
 2410
 2380
 2346
 2312
 2276
 2238
 2204
 2170
 2138
 2114
 2100
 2096
 2100
 2110
 2124
 2138
 2166
 2206
 2246
 2292
 2338
 2386
 2432
 2472
 2506
 2540
 2570
 2598
 2624
 2648
 2672
 2700
 2722
 2740
 2752
 2762
 2790
 2824
 2852
 2878
 2902
 2924
 2936
 2950
 2962
 2968
 2974
 2974
 2974
 2974
 2966
 2964
 2960
 2954
 2944
 2934
 2942
 2954
 2966
 2978
 2982
 2986
 2984
 2976
 2970
 2958
 2936
 2916
 2890
 2862
 2832
 2806
 2780
 2752
 2730
 2702
 2682
 2674
 2664
 2650
 2634
 2616
 2596
 2570
 2542
 2516
 2486
 2454
 2420
 2384
 2354
 2332
 2318
 2308
 2304
 2304
 2320
 2340
 2366
 2392
 2420
 2448
 2476
 2500
 2524
 2552
 2574
 2598
 2616
 2638
 2658
 2680
 2702
 2718
 2730
 2734
 2758
 2790
 2818
 2844
 2870
 2890
 2906
 2914
 2926
 2934
 2936
 2940
 2942
 2940
 2936
 2932
 2932
 2932
 2926
 2918
 2924
 2936
 2946
 2948
 2948
 2942
 2932
 2914
 2894
 2872
 2846
 2816
 2786
 2754
 2722
 2688
 2656
 2618
 2576
 2536
 2510
 2490
 2468
 2440
 2410
 2374
 2334
 2292
 2254
 2214
 2180
 2156
 2132
 2112
 2094
 2078
 2072
 2068
 2078
 2106
 2138
 2174
 2214
 2258
 2302
 2348
 2388
 2432
 2476
 2522
 2562
 2602
 2642
 2684
 2722
 2756
 2782
 2812
 2862
 2908
 2952
 2990
 3024
 3056
 3076
 3096
 3116
 3130
 3142
 3152
 3162
 3168
 3180
 3182
 3170
 3150
 3128
 3110
 3090
 3052
 3014
 2974
 2936
 2890
 2848
 2802
 2752
 2704
 2660
 2612
 2566
 2516
 2462
 2402
 2352
 2308
 2264
 2214
 2158
 2106
 2052
 1998
 1940
 1890
 1838
 1790
 1740
 1688
 1644
 1610
 1586
 1578
 1592
 1626
 1668
 1720
 1778
 1838
 1904
 1964
 2016
 2074
 2128
 2188
 2254
 2316
 2376
 2432
 2482
 2530
 2578
 2638
 2700
 2752
 2800
 2840
 2876
 2904
 2928
 2952
 2968
 2982
 3004
 3030
 3062
 3098
 3128
 3150
 3160
 3160
 3172
 3178
 3180
 3168
 3138
 3104
 3056
 3008
 2956
 2896
 2836
 2772
 2708
 2638
 2576
 2510
 2438
 2362
 2300
 2250
 2198
 2138
 2080
 2020
 1966
 1908
 1854
 1800
 1742
 1686
 1634
 1582
 1538
 1510
 1502
 1502
 1520
 1554
 1592
 1642
 1692
 1744
 1796
 1850
 1898
 1958
 2012
 2064
 2116
 2166
 2212
 2264
 2310
 2350
 2392
 2432
 2490
 2546
 2594
 2638
 2676
 2712
 2740
 2766
 2794
 2814
 2832
 2846
 2856
 2866
 2876
 2886
 2892
 2894
 2888
 2886
 2894
 2894
 2884
 2860
 2828
 2802
 2762
 2726
 2692
 2654
 2610
 2570
 2526
 2482
 2436
 2394
 2346
 2296
 2244
 2210
 2184
 2150
 2112
 2072
 2032
 1992
 1948
 1908
 1868
 1828
 1788
 1746
 1712
 1694
 1690
 1698
 1710
 1738
 1784
 1834
 1888
 1942
 1998
 2052
 2106
 2150
 2202
 2252
 2308
 2358
 2406
 2448
 2490
 2530
 2564
 2590
 2612
 2650
 2694
 2732
 2764
 2788
 2812
 2830
 2844
 2862
 2872
 2882
 2886
 2888
 2890
 2892
 2894
 2898
 2896
 2888
 2872
 2858
 2844
 2828
 2810
 2788
 2762
 2736
 2704
 2674
 2646
 2612
 2576
 2540
 2498
 2454
 2412
 2370
 2322
 2270
 2224
 2192
 2162
 2130
 2094
 2054
 2016
 1976
 1932
 1896
 1858
 1828
 1810
 1804
 1812
 1830
 1856
 1886
 1914
 1950
 2002
 2058
 2112
 2166
 2220
 2274
 2324
 2376
 2426
 2472
 2514
 2556
 2592
 2622
 2652
 2684
 2710
 2730
 2740
 2756
 2788
 2824
 2854
 2878
 2900
 2918
 2928
 2936
 2946
 2952
 2954
 2954
 2942
 2934
 2930
 2926
 2916
 2890
 2862
 2848
 2836
 2822
 2806
 2786
 2760
 2732
 2698
 2670
 2636
 2600
 2558
 2516
 2478
 2438
 2398
 2348
 2286
 2232
 2192
 2156
 2120
 2078
 2040
 1998
 1960
 1916
 1882
 1846
 1808
 1768
 1730
 1702
 1690
 1692
 1702
 1732
 1778
 1824
 1874
 1922
 1970
 2020
 2068
 2104
 2144
 2182
 2218
 2252
 2286
 2318
 2352
 2380
 2404
 2424
 2462
 2506
 2558
 2600
 2632
 2660
 2682
 2700
 2724
 2746
 2768
 2792
 2810
 2828
 2842
 2858
 2876
 2886
 2896
 2898
 2904
 2920
 2924
 2912
 2896
 2872
 2848
 2814
 2786
 2754
 2718
 2682
 2646
 2604
 2566
 2528
 2488
 2442
 2398
 2370
 2344
 2320
 2288
 2256
 2222
 2188
 2150
 2116
 2080
 2044
 2012
 1988
 1976
 1980
 1992
 2010
 2032
 2058
 2100
 2150
 2206
 2260
 2316
 2370
 2422
 2464
 2512
 2554
 2594
 2630
 2662
 2692
 2718
 2750
 2772
 2788
 2800
 2824
 2864
 2904
 2930
 2954
 2972
 2988
 2994
 3004
 3014
 3018
 3010
 3004
 3002
 2996
 2994
 2994
 2992
 2986
 2974
 2958
 2946
 2932
 2916
 2896
 2872
 2848
 2818
 2790
 2758
 2714
 2668
 2620
 2572
 2522
 2474
 2428
 2386
 2338
 2290
 2238
 2206
 2178
 2150
 2116
 2084
 2050
 2016
 1978
 1940
 1902
 1864
 1836
 1816
 1810
 1818
 1836
 1858
 1890
 1928
 1980
 2034
 2088
 2140
 2190
 2238
 2282
 2320
 2360
 2398
 2434
 2466
 2492
 2518
 2542
 2570
 2604
 2632
 2652
 2668
 2698
 2748
 2792
 2832
 2866
 2892
 2918
 2934
 2952
 2966
 2976
 2978
 2976
 2976
 2976
 2978
 2978
 2982
 2984
 2980
 2970
 2952
 2944
 2938
 2926
 2912
 2888
 2864
 2828
 2790
 2754
 2718
 2678
 2638
 2598
 2558
 2518
 2482
 2444
 2396
 2346
 2300
 2272
 2246
 2222
 2194
 2164
 2136
 2112
 2088
 2072
 2060
 2052
 2050
 2052
 2062
 2078
 2104
 2136
 2166
 2194
 2236
 2288
 2340
 2392
 2442
 2488
 2534
 2574
 2608
 2644
 2674
 2698
 2726
 2752
 2772
 2792
 2812
 2822
 2832
 2838
 2862
 2894
 2922
 2946
 2964
 2980
 2992
 2996
 3000
 2992
 2968
 2944
 2912
 2880
 2846
 2818
 2782
 2740
 2694
 2666
 2642
 2618
 2588
 2550
 2506
 2454
 2400
 2350
 2308
 2268
 2220
 2166
 2116
 2068
 2028
 1984
 1934
 1894
 1870
 1844
 1820
 1794
 1776
 1774
 1782
 1796
 1818
 1852
 1890
 1930
 1972
 2018
 2064
 2108
 2148
 2190
 2246
 2308
 2364
 2416
 2466
 2508
 2548
 2576
 2606
 2632
 2654
 2672
 2688
 2704
 2728
 2758
 2782
 2800
 2808
 2832
 2868
 2902
 2932
 2956
 2978
 2992
 2986
 2974
 2954
 2924
 2894
 2856
 2818
 2778
 2738
 2698
 2654
 2606
 2560
 2534
 2508
 2480
 2446
 2412
 2378
 2342
 2302
 2270
 2236
 2200
 2164
 2124
 2086
 2052
 2014
 1974
 1932
 1906
 1896
 1894
 1902
 1920
 1944
 1976
 2014
 2052
 2092
 2128
 2168
 2212
 2252
 2294
 2338
 2378
 2412
 2442
 2470
 2516
 2564
 2608
 2648
 2682
 2714
 2742
 2764
 2790
 2816
 2836
 2854
 2868
 2880
 2890
 2906
 2916
 2918
 2908
 2898
 2892
 2882
 2868
 2848
 2820
 2788
 2752
 2720
 2688
 2652
 2616
 2574
 2532
 2490
 2448
 2404
 2356
 2308
 2262
 2236
 2206
 2178
 2146
 2114
 2082
 2050
 2028
 2032
 2044
 2058
 2070
 2084
 2108
 2138
 2176
 2214
 2254
 2290
 2336
 2392
 2448
 2500
 2546
 2588
 2630
 2660
 2688
 2718
 2744
 2770
 2794
 2814
 2832
 2850
 2864
 2874
 2878
 2886
 2912
 2940
 2964
 2984
 2988
 2990
 2978
 2964
 2944
 2918
 2892
 2860
 2828
 2792
 2756
 2720
 2686
 2642
 2596
 2548
 2512
 2486
 2458
 2422
 2386
 2346
 2308
 2262
 2224
 2186
 2140
 2098
 2050
 1998
 1948
 1894
 1838
 1778
 1722
 1690
 1668
 1658
 1664
 1680
 1702
 1736
 1774
 1818
 1864
 1910
 1954
 1998
 2046
 2096
 2148
 2192
 2234
 2286
 2354
 2418
 2478
 2530
 2572
 2614
 2646
 2672
 2700
 2724
 2742
 2770
 2792
 2810
 2826
 2848
 2862
 2872
 2878
 2898
 2922
 2940
 2944
 2932
 2912
 2886
 2852
 2820
 2784
 2742
 2696
 2648
 2600
 2554
 2510
 2460
 2410
 2360
 2324
 2298
 2266
 2232
 2194
 2154
 2116
 2076
 2036
 1994
 1950
 1906
 1862
 1824
 1798
 1788
 1786
 1796
 1826
 1874
 1926
 1980
 2034
 2086
 2142
 2194
 2238
 2290
 2338
 2384
 2432
 2480
 2528
 2576
 2636
 2694
 2748
 2792
 2844
 2904
 2962
 3006
 3046
 3086
 3124
 3140
 3158
 3168
 3174
 3174
 3164
 3156
 3148
 3144
 3142
 3132
 3114
 3082
 3058
 3040
 3018
 2988
 2952
 2914
 2878
 2834
 2798
 2756
 2708
 2656
 2608
 2560
 2512
 2470
 2424
 2374
 2320
 2280
 2252
 2222
 2184
 2146
 2106
 2068
 2028
 1986
 1948
 1906
 1872
 1844
 1832
 1832
 1842
 1858
 1878
 1916
 1974
 2040
 2102
 2166
 2226
 2286
 2342
 2388
 2432
 2470
 2506
 2528
 2530
 2528
 2520
 2516
 2508
 2502
 2506
 2524
 2548
 2572
 2600
 2626
 2644
 2658
 2664
 2668
 2668
 2664
 2666
 2666
 2666
 2672
 2676
 2680
 2680
 2696
 2722
 2750
 2778
 2806
 2832
 2856
 2872
 2892
 2908
 2918
 2926
 2930
 2938
 2944
 2950
 2950
 2950
 2966
 2990
 3016
 3038
 3058
 3076
 3088
 3096
 3106
 3104
 3092
 3074
 3052
 3026
 3002
 2974
 2942
 2902
 2872
 2852
 2830
 2808
 2784
 2758
 2732
 2698
 2668
 2638
 2602
 2564
 2520
 2474
 2428
 2384
 2334
 2282
 2230
 2192
 2160
 2124
 2086
 2050
 2012
 1982
 1956
 1946
 1948
 1962
 1984
 2006
 2038
 2072
 2112
 2150
 2184
 2218
 2266
 2318
 2366
 2414
 2458
 2500
 2542
 2572
 2608
 2638
 2668
 2692
 2712
 2734
 2754
 2780
 2798
 2810
 2818
 2834
 2866
 2902
 2932
 2958
 2980
 3000
 3012
 3024
 3036
 3044
 3050
 3046
 3042
 3040
 3038
 3042
 3040
 3030
 3002
 2974
 2960
 2946
 2934
 2918
 2896
 2874
 2842
 2804
 2766
 2720
 2672
 2620
 2564
 2510
 2456
 2402
 2344
 2284
 2222
 2180
 2140
 2096
 2048
 2000
 1956
 1912
 1868
 1828
 1794
 1772
 1764
 1766
 1782
 1810
 1840
 1876
 1912
 1962
 2024
 2080
 2142
 2208
 2270
 2330
 2378
 2424
 2468
 2510
 2548
 2584
 2620
 2656
 2688
 2716
 2734
 2750
 2782
 2820
 2852
 2878
 2900
 2920
 2934
 2946
 2960
 2970
 2980
 2986
 2992
 2996
 3000
 2992
 2972
 2948
 2932
 2924
 2914
 2900
 2882
 2860
 2836
 2800
 2776
 2748
 2712
 2666
 2612
 2560
 2508
 2460
 2406
 2348
 2298
 2266
 2236
 2202
 2166
 2130
 2096
 2062
 2022
 1990
 1956
 1918
 1884
 1854
 1840
 1836
 1848
 1866
 1896
 1940
 1984
 2028
 2070
 2114
 2160
 2200
 2234
 2274
 2310
 2344
 2376
 2404
 2430
 2460
 2482
 2506
 2536
 2578
 2622
 2668
 2710
 2746
 2782
 2814
 2836
 2864
 2890
 2910
 2926
 2940
 2954
 2960
 2968
 2974
 2978
 2978
 2974
 2980
 2978
 2970
 2958
 2936
 2908
 2874
 2840
 2810
 2776
 2740
 2704
 2666
 2628
 2592
 2560
 2522
 2478
 2434
 2406
 2382
 2354
 2320
 2286
 2250
 2216
 2176
 2144
 2110
 2076
 2046
 2026
 2014
 2012
 2022
 2030
 2042
 2056
 2086
 2128
 2170
 2208
 2244
 2280
 2316
 2354
 2390
 2430
 2466
 2504
 2528
 2548
 2568
 2590
 2616
 2644
 2666
 2688
 2726
 2770
 2814
 2850
 2888
 2918
 2944
 2960
 2982
 2996
 3004
 3002
 2990
 2970
 2936
 2902
 2864
 2820
 2776
 2748
 2724
 2700
 2670
 2636
 2600
 2560
 2516
 2478
 2436
 2390
 2340
 2276
 2214
 2152
 2098
 2040
 1984
 1926
 1892
 1858
 1822
 1782
 1742
 1706
 1678
 1662
 1660
 1672
 1694
 1726
 1764
 1802
 1848
 1892
 1936
 1974
 2022
 2082
 2136
 2190
 2240
 2286
 2328
 2368
 2404
 2440
 2472
 2502
 2528
 2550
 2570
 2598
 2628
 2652
 2676
 2702
 2744
 2794
 2844
 2880
 2912
 2938
 2962
 2976
 2994
 3010
 3022
 3030
 3032
 3028
 3022
 3018
 3004
 2984
 2956
 2918
 2876
 2848
 2824
 2800
 2770
 2736
 2702
 2660
 2616
 2578
 2532
 2488
 2444
 2396
 2350
 2310
 2268
 2224
 2176
 2140
 2116
 2090
 2062
 2038
 2010
 1982
 1954
 1934
 1930
 1932
 1944
 1956
 1976
 2008
 2052
 2108
 2156
 2188
 2228
 2278
 2326
 2370
 2414
 2452
 2490
 2524
 2560
 2594
 2622
 2650
 2674
 2694
 2714
 2736
 2752
 2764
 2772
 2788
 2818
 2848
 2874
 2896
 2912
 2930
 2938
 2948
 2962
 2966
 2972
 2974
 2976
 2976
 2974
 2960
 2940
 2916
 2886
 2860
 2848
 2836
 2826
 2804
 2778
 2746
 2708
 2668
 2634
 2596
 2554
 2516
 2472
 2430
 2394
 2358
 2328
 2296
 2262
 2226
 2204
 2190
 2170
 2150
 2128
 2106
 2088
 2072
 2066
 2074
 2084
 2100
 2122
 2150
 2178
 2210
 2244
 2272
 2298
 2328
 2374
 2418
 2458
 2496
 2530
 2562
 2590
 2612
 2638
 2660
 2682
 2706
 2724
 2738
 2752
 2772
 2794
 2814
 2828
 2840
 2846
 2854
 2880
 2912
 2940
 2964
 2986
 3002
 3014
 3024
 3036
 3046
 3048
 3046
 3044
 3042
 3042
 3040
 3042
 3040
 3022
 2994
 2964
 2952
 2940
 2932
 2920
 2904
 2882
 2858
 2826
 2798
 2768
 2738
 2706
 2668
 2630
 2592
 2554
 2518
 2478
 2434
 2386
 2352
 2324
 2290
 2256
 2222
 2190
 2158
 2126
 2096
 2076
 2060
 2056
 2064
 2076
 2094
 2116
 2144
 2170
 2192
 2214
 2252
 2294
 2336
 2374
 2412
 2446
 2478
 2504
 2530
 2556
 2578
 2600
 2618
 2630
 2650
 2670
 2694
 2710
 2720
 2726
 2748
 2780
 2810
 2834
 2856
 2872
 2888
 2896
 2908
 2920
 2928
 2938
 2946
 2952
 2950
 2952
 2958
 2966
 2968
 2960
 2942
 2936
 2930
 2924
 2910
 2890
 2866
 2842
 2812
 2788
 2760
 2732
 2702
 2664
 2620
 2576
 2540
 2500
 2456
 2410
 2376
 2352
 2328
 2300
 2270
 2240
 2212
 2182
 2152
 2130
 2098
 2070
 2050
 2036
 2034
 2042
 2052
 2064
 2086
 2120
 2164
 2210
 2254
 2296
 2336
 2372
 2408
 2438
 2470
 2500
 2530
 2558
 2582
 2604
 2632
 2666
 2690
 2708
 2722
 2750
 2788
 2824
 2854
 2882
 2904
 2924
 2936
 2952
 2966
 2978
 2986
 2990
 2986
 2986
 2986
 2988
 2988
 2984
 2970
 2948
 2938
 2926
 2912
 2896
 2874
 2850
 2822
 2792
 2764
 2734
 2700
 2666
 2630
 2594
 2556
 2518
 2482
 2438
 2392
 2352
 2328
 2300
 2270
 2236
 2202
 2168
 2132
 2090
 2056
 2016
 1974
 1936
 1900
 1880
 1874
 1886
 1900
 1918
 1944
 1986
 2034
 2080
 2134
 2182
 2228
 2274
 2310
 2346
 2382
 2416
 2448
 2478
 2504
 2528
 2552
 2578
 2602
 2622
 2634
 2650
 2686
 2724
 2762
 2792
 2824
 2856
 2880
 2898
 2916
 2930
 2940
 2950
 2954
 2958
 2956
 2956
 2956
 2960
 2958
 2952
 2946
 2958
 2974
 2994
 3002
 3000
 2992
 2978
 2954
 2934
 2912
 2886
 2850
 2816
 2782
 2750
 2718
 2694
 2670
 2644
 2614
 2576
 2546
 2530
 2514
 2496
 2474
 2446
 2416
 2382
 2340
 2306
 2264
 2222
 2186
 2140
 2086
 2028
 1972
 1916
 1858
 1792
 1740
 1704
 1666
 1640
 1622
 1616
 1620
 1634
 1650
 1682
 1716
 1758
 1804
 1846
 1884
 1928
 1968
 2002
 2036
 2076
 2132
 2192
 2248
 2300
 2348
 2396
 2436
 2470
 2506
 2538
 2568
 2596
 2618
 2640
 2662
 2686
 2708
 2730
 2746
 2764
 2802
 2838
 2874
 2906
 2932
 2956
 2976
 2988
 3006
 3016
 3018
 3018
 3018
 3014
 3014
 3014
 3016
 3014
 3004
 2982
 2960
 2950
 2938
 2924
 2908
 2888
 2866
 2836
 2812
 2790
 2762
 2736
 2704
 2672
 2638
 2602
 2564
 2524
 2478
 2428
 2378
 2348
 2316
 2282
 2244
 2206
 2166
 2128
 2084
 2046
 2004
 1958
 1912
 1872
 1838
 1818
 1814
 1816
 1816
 1826
 1856
 1888
 1926
 1966
 2010
 2060
 2112
 2156
 2198
 2244
 2286
 2328
 2366
 2404
 2442
 2480
 2518
 2552
 2578
 2600
 2640
 2688
 2730
 2768
 2802
 2830
 2854
 2872
 2892
 2908
 2922
 2932
 2940
 2946
 2950
 2954
 2964
 2962
 2956
 2946
 2940
 2954
 2972
 2988
 2994
 2990
 2984
 2970
 2962
 2954
 2940
 2920
 2892
 2862
 2834
 2810
 2790
 2768
 2742
 2708
 2672
 2650
 2634
 2620
 2596
 2572
 2540
 2506
 2464
 2424
 2384
 2340
 2294
 2246
 2196
 2144
 2096
 2048
 1994
 1938
 1896
 1866
 1838
 1820
 1808
 1806
 1814
 1828
 1844
 1870
 1898
 1930
 1966
 2004
 2040
 2078
 2114
 2144
 2166
 2200
 2244
 2284
 2324
 2360
 2396
 2430
 2460
 2486
 2516
 2540
 2562
 2584
 2602
 2620
 2638
 2666
 2688
 2706
 2718
 2740
 2776
 2814
 2848
 2878
 2902
 2922
 2936
 2950
 2964
 2976
 2982
 2986
 2982
 2974
 2964
 2952
 2934
 2912
 2878
 2838
 2810
 2784
 2756
 2730
 2698
 2664
 2626
 2588
 2552
 2514
 2470
 2428
 2386
 2344
 2300
 2262
 2216
 2168
 2120
 2088
 2058
 2026
 1996
 1962
 1928
 1896
 1866
 1850
 1844
 1846
 1856
 1874
 1894
 1926
 1962
 1998
 2030
 2070
 2120
 2170
 2216
 2262
 2304
 2354
 2400
 2444
 2482
 2504
 2530
 2556
 2580
 2606
 2632
 2664
 2696
 2718
 2734
 2750
 2786
 2826
 2860
 2890
 2916
 2940
 2958
 2970
 2984
 2994
 3000
 3000
 2992
 2976
 2948
 2918
 2884
 2846
 2806
 2782
 2764
 2746
 2726
 2700
 2670
 2640
 2602
 2570
 2532
 2492
 2452
 2410
 2368
 2330
 2292
 2258
 2210
 2156
 2108
 2072
 2034
 1996
 1954
 1920
 1896
 1886
 1884
 1898
 1916
 1940
 1968
 1998
 2038
 2082
 2122
 2158
 2192
 2230
 2282
 2332
 2378
 2420
 2460
 2498
 2532
 2560
 2590
 2614
 2636
 2658
 2674
 2690
 2704
 2722
 2742
 2758
 2766
 2780
 2808
 2836
 2862
 2884
 2898
 2918
 2932
 2946
 2960
 2960
 2962
 2964
 2968
 2970
 2972
 2970
 2960
 2944
 2922
 2886
 2844
 2816
 2798
 2784
 2766
 2744
 2720
 2692
 2658
 2626
 2594
 2558
 2518
 2474
 2424
 2380
 2334
 2292
 2246
 2198
 2154
 2128
 2098
 2068
 2042
 2016
 1986
 1956
 1928
 1912
 1904
 1908
 1916
 1932
 1960
 1998
 2044
 2086
 2120
 2156
 2204
 2254
 2304
 2348
 2390
 2428
 2470
 2504
 2540
 2572
 2600
 2626
 2650
 2670
 2690
 2712
 2732
 2746
 2756
 2768
 2800
 2834
 2862
 2888
 2908
 2926
 2938
 2946
 2958
 2966
 2972
 2976
 2978
 2976
 2970
 2968
 2970
 2966
 2960
 2950
 2946
 2942
 2934
 2920
 2908
 2890
 2868
 2836
 2814
 2782
 2742
 2702
 2656
 2612
 2568
 2524
 2484
 2446
 2406
 2362
 2320
 2298
 2290
 2282
 2270
 2252
 2230
 2202
 2170
 2140
 2116
 2096
 2086
 2088
 2096
 2108
 2134
 2160
 2184
 2210
 2246
 2292
 2332
 2376
 2422
 2462
 2500
 2534
 2560
 2590
 2614
 2634
 2654
 2670
 2684
 2700
 2724
 2742
 2750
 2756
 2774
 2806
 2838
 2866
 2892
 2910
 2932
 2942
 2956
 2970
 2982
 2990
 2994
 2998
 2994
 2992
 2994
 2996
 2992
 2974
 2952
 2936
 2924
 2910
 2888
 2864
 2838
 2812
 2778
 2752
 2718
 2684
 2646
 2604
 2560
 2516
 2472
 2432
 2386
 2338
 2288
 2252
 2224
 2194
 2162
 2130
 2100
 2070
 2038
 2018
 2010
 2006
 2018
 2030
 2050
 2078
 2110
 2150
 2188
 2222
 2254
 2292
 2344
 2394
 2440
 2486
 2526
 2566
 2602
 2632
 2664
 2690
 2714
 2738
 2762
 2782
 2802
 2824
 2838
 2846
 2852
 2864
 2890
 2922
 2946
 2968
 2986
 3000
 3010
 3020
 3028
 3030
 3026
 3022
 3020
 3014
 3008
 2998
 2984
 2952
 2916
 2878
 2852
 2838
 2822
 2802
 2774
 2734
 2694
 2648
 2606
 2564
 2520
 2476
 2430
 2380
 2338
 2294
 2256
 2212
 2168
 2124
 2094
 2068
 2040
 2006
 1970
 1934
 1898
 1858
 1822
 1790
 1762
 1744
 1736
 1740
 1758
 1784
 1814
 1844
 1888
 1944
 1994
 2046
 2094
 2140
 2188
 2230
 2268
 2312
 2354
 2394
 2434
 2464
 2500
 2540
 2572
 2600
 2620
 2640
 2674
 2712
 2746
 2776
 2802
 2824
 2844
 2858
 2876
 2894
 2906
 2916
 2926
 2932
 2938
 2942
 2940
 2932
 2924
 2930
 2932
 2930
 2920
 2904
 2886
 2862
 2832
 2804
 2774
 2744
 2710
 2676
 2642
 2606
 2576
 2538
 2492
 2444
 2412
 2388
 2364
 2336
 2308
 2278
 2250
 2220
 2190
 2162
 2130
 2100
 2060
 2022
 1990
 1968
 1948
 1938
 1928
 1938
 1956
 1972
 1992
 2014
 2032
 2048
 2056
 2062
 2074
 2082
 2094
 2108
 2124
 2142
 2164
 2194
 2226
 2252
 2284
 2328
 2376
 2420
 2458
 2494
 2528
 2558
 2584
 2612
 2634
 2656
 2674
 2688
 2704
 2716
 2730
 2746
 2756
 2764
 2774
 2794
 2828
 2862
 2890
 2916
 2938
 2956
 2966
 2974
 2970
 2956
 2936
 2916
 2890
 2866
 2844
 2824
 2802
 2772
 2742
 2712
 2700
 2688
 2674
 2656
 2634
 2614
 2590
 2562
 2540
 2516
 2486
 2456
 2422
 2388
 2354
 2322
 2282
 2238
 2202
 2180
 2156
 2130
 2096
 2064
 2032
 2006
 1988
 1982
 1984
 1990
 2002
 2018
 2036
 2066
 2096
 2124
 2146
 2176
 2216
 2254
 2286
 2316
 2346
 2378
 2404
 2430
 2458
 2484
 2512
 2536
 2562
 2588
 2616
 2646
 2672
 2692
 2714
 2744
 2788
 2834
 2870
 2902
 2930
 2954
 2970
 2988
 3002
 3008
 3000
 2984
 2966
 2946
 2926
 2906
 2882
 2852
 2818
 2792
 2782
 2768
 2752
 2734
 2706
 2678
 2644
 2610
 2578
 2538
 2496
 2452
 2402
 2352
 2306
 2264
 2214
 2164
 2122
 2088
 2048
 2002
 1950
 1896
 1842
 1788
 1732
 1682
 1628
 1584
 1542
 1506
 1484
 1478
 1472
 1466
 1450
 1448
 1444
 1440
 1438
 1444
 1454
 1468
 1484
 1504
 1528
 1552
 1582
 1610
 1644
 1682
 1724
 1770
 1816
 1866
 1924
 2000
 2074
 2146
 2214
 2276
 2336
 2392
 2442
 2492
 2540
 2582
 2626
 2664
 2700
 2734
 2770
 2802
 2836
 2860
 2876
 2892
 2922
 2962
 3000
 3028
 3050
 3062
 3062
 3052
 3040
 3020
 2984
 2952
 2914
 2876
 2840
 2804
 2768
 2732
 2690
 2644
 2596
 2564
 2536
 2508
 2472
 2434
 2396
 2362
 2324
 2290
 2256
 2216
 2174
 2130
 2084
 2040
 1998
 1956
 1914
 1868
 1840
 1832
 1832
 1844
 1860
 1884
 1910
 1942
 1972
 2010
 2046
 2084
 2120
 2156
 2196
 2236
 2282
 2322
 2356
 2392
 2444
 2498
 2548
 2594
 2634
 2678
 2716
 2746
 2778
 2808
 2836
 2860
 2882
 2900
 2920
 2938
 2958
 2968
 2972
 2972
 2980
 3004
 3032
 3052
 3064
 3060
 3048
 3022
 2990
 2960
 2926
 2890
 2854
 2816
 2778
 2738
 2700
 2658
 2610
 2564
 2530
 2504
 2476
 2444
 2406
 2368
 2332
 2292
 2254
 2218
 2180
 2140
 2100
 2066
 2040
 2028
 2024
 2026
 2034
 2060
 2092
 2128
 2164
 2200
 2236
 2272
 2298
 2322
 2348
 2370
 2390
 2412
 2440
 2470
 2502
 2534
 2560
 2580
 2604
 2646
 2688
 2728
 2762
 2796
 2826
 2852
 2872
 2896
 2916
 2936
 2950
 2962
 2970
 2980
 2990
 2994
 2996
 2992
 2982
 2978
 2974
 2964
 2950
 2932
 2908
 2876
 2838
 2812
 2782
 2742
 2702
 2658
 2612
 2570
 2530
 2492
 2448
 2396
 2352
 2324
 2298
 2266
 2232
 2198
 2164
 2134
 2100
 2074
 2044
 2016
 2000
 1988
 1990
 1998
 2016
 2036
 2056
 2086
 2132
 2178
 2224
 2266
 2308
 2350
 2392
 2424
 2462
 2500
 2532
 2562
 2588
 2614
 2644
 2678
 2710
 2738
 2758
 2782
 2818
 2854
 2886
 2916
 2942
 2966
 2982
 2998
 3014
 3026
 3034
 3038
 3030
 3014
 2990
 2966
 2934
 2900
 2858
 2820
 2792
 2766
 2738
 2702
 2666
 2632
 2592
 2550
 2514
 2470
 2428
 2384
 2338
 2296
 2256
 2216
 2172
 2126
 2094
 2074
 2048
 2022
 2006
 1994
 1996
 2002
 2016
 2038
 2064
 2096
 2134
 2172
 2214
 2256
 2300
 2340
 2376
 2412
 2462
 2518
 2574
 2622
 2666
 2706
 2750
 2784
 2820
 2850
 2874
 2898
 2916
 2930
 2946
 2960
 2970
 2974
 2974
 2972
 2986
 3008
 3020
 3022
 3014
 3000
 2974
 2938
 2908
 2876
 2840
 2804
 2764
 2726
 2680
 2630
 2580
 2530
 2478
 2424
 2382
 2356
 2326
 2292
 2260
 2232
 2200
 2168
 2132
 2102
 2064
 2030
 1992
 1954
 1928
 1914
 1912
 1918
 1926
 1946
 1984
 2020
 2060
 2100
 2146
 2192
 2236
 2270
 2308
 2344
 2378
 2412
 2442
 2468
 2496
 2526
 2554
 2576
 2590
 2614
 2654
 2690
 2722
 2748
 2768
 2788
 2804
 2822
 2838
 2852
 2864
 2872
 2886
 2900
 2918
 2936
 2948
 2956
 2964
 2962
 2960
 2962
 2984
 3008
 3024
 3024
 3016
 3002
 2978
 2942
 2912
 2880
 2844
 2806
 2766
 2724
 2684
 2644
 2606
 2562
 2514
 2474
 2452
 2432
 2416
 2400
 2380
 2356
 2330
 2296
 2262
 2224
 2182
 2140
 2094
 2054
 2020
 2002
 1994
 1992
 2004
 2034
 2070
 2108
 2144
 2182
 2218
 2256
 2286
 2318
 2352
 2384
 2418
 2450
 2478
 2510
 2542
 2576
 2604
 2626
 2646
 2682
 2726
 2766
 2802
 2832
 2862
 2892
 2914
 2936
 2956
 2972
 2984
 2994
 3000
 3004
 3004
 3006
 3002
 2984
 2958
 2940
 2928
 2916
 2898
 2878
 2850
 2822
 2788
 2758
 2720
 2674
 2626
 2576
 2524
 2476
 2428
 2382
 2340
 2294
 2246
 2204
 2176
 2150
 2122
 2094
 2064
 2038
 2020
 2008
 2010
 2018
 2028
 2046
 2068
 2096
 2124
 2158
 2188
 2214
 2240
 2280
 2324
 2360
 2396
 2426
 2454
 2482
 2502
 2526
 2548
 2566
 2582
 2598
 2610
 2620
 2638
 2656
 2676
 2686
 2694
 2698
 2716
 2752
 2786
 2810
 2832
 2854
 2872
 2886
 2902
 2920
 2934
 2944
 2956
 2966
 2972
 2976
 2982
 2980
 2970
 2948
 2918
 2888
 2874
 2858
 2840
 2816
 2790
 2760
 2732
 2694
 2668
 2634
 2596
 2560
 2520
 2478
 2438
 2400
 2360
 2316
 2268
 2230
 2204
 2178
 2148
 2120
 2094
 2074
 2062
 2058
 2064
 2076
 2100
 2124
 2154
 2186
 2224
 2264
 2304
 2338
 2366
 2406
 2460
 2508
 2554
 2594
 2634
 2670
 2702
 2728
 2758
 2782
 2804
 2824
 2844
 2864
 2880
 2898
 2914
 2926
 2930
 2938
 2966
 2996
 3016
 3020
 3014
 3004
 2980
 2952
 2926
 2896
 2862
 2828
 2788
 2744
 2704
 2662
 2624
 2572
 2520
 2464
 2424
 2392
 2354
 2316
 2276
 2236
 2200
 2160
 2124
 2092
 2054
 2026
 2002
 1992
 1994
 2006
 2026
 2050
 2074
 2106
 2158
 2210
 2260
 2302
 2346
 2388
 2428
 2458
 2494
 2526
 2556
 2586
 2610
 2634
 2656
 2680
 2704
 2720
 2732
 2744
 2772
 2804
 2836
 2866
 2888
 2906
 2922
 2932
 2950
 2962
 2972
 2978
 2972
 2966
 2966
 2970
 2974
 2978
 2988
 2994
 2996
 2992
 2976
 2970
 2962
 2950
 2936
 2914
 2890
 2862
 2826
 2790
 2752
 2716
 2676
 2636
 2594
 2554
 2516
 2474
 2428
 2380
 2346
 2322
 2294
 2262
 2228
 2192
 2158
 2124
 2086
 2056
 2028
 2006
 1990
 1980
 1984
 1998
 2016
 2038
 2058
 2088
 2132
 2174
 2214
 2248
 2286
 2320
 2352
 2378
 2408
 2438
 2464
 2488
 2512
 2540
 2566
 2592
 2622
 2642
 2658
 2674
 2704
 2742
 2776
 2806
 2832
 2854
 2874
 2890
 2910
 2924
 2938
 2950
 2956
 2964
 2972
 2974
 2978
 2984
 2984
 2982
 2976
 2986
 3002
 3016
 3018
 3010
 2996
 2978
 2952
 2930
 2910
 2884
 2854
 2824
 2796
 2766
 2736
 2708
 2678
 2644
 2602
 2566
 2544
 2520
 2494
 2450
 2404
 2360
 2318
 2272
 2232
 2188
 2144
 2100
 2048
 1990
 1940
 1902
 1870
 1848
 1834
 1838
 1854
 1868
 1890
 1912
 1938
 1968
 1996
 2022
 2060
 2096
 2134
 2166
 2198
 2232
 2270
 2316
 2352
 2384
 2414
 2454
 2502
 2544
 2580
 2614
 2640
 2668
 2682
 2700
 2718
 2734
 2746
 2762
 2776
 2784
 2794
 2804
 2816
 2822
 2828
 2828
 2838
 2864
 2892
 2914
 2934
 2952
 2966
 2976
 2986
 2996
 3002
 2998
 2996
 2992
 2990
 2986
 2988
 2988
 2986
 2988
 2980
 2960
 2938
 2924
 2918
 2916
 2908
 2898
 2880
 2860
 2834
 2810
 2788
 2760
 2730
 2698
 2664
 2632
 2598
 2566
 2536
 2506
 2472
 2436
 2392
 2364
 2344
 2324
 2300
 2276
 2250
 2232
 2208
 2182
 2166
 2150
 2146
 2146
 2152
 2164
 2180
 2204
 2228
 2250
 2270
 2302
 2342
 2382
 2420
 2456
 2490
 2524
 2560
 2596
 2640
 2672
 2700
 2722
 2742
 2760
 2780
 2804
 2824
 2840
 2850
 2866
 2898
 2934
 2966
 2994
 3018
 3036
 3050
 3054
 3060
 3064
 3062
 3058
 3048
 3030
 3010
 2986
 2958
 2918
 2874
 2832
 2806
 2788
 2768
 2750
 2730
 2706
 2680
 2648
 2622
 2590
 2560
 2526
 2488
 2448
 2408
 2370
 2334
 2294
 2250
 2214
 2192
 2168
 2140
 2110
 2082
 2060
 2034
 2008
 1990
 1980
 1978
 1984
 1990
 2006
 2026
 2054
 2080
 2106
 2134
 2176
 2222
 2268
 2310
 2354
 2392
 2432
 2464
 2502
 2542
 2574
 2606
 2636
 2660
 2686
 2712
 2740
 2764
 2780
 2794
 2820
 2858
 2894
 2922
 2950
 2972
 2990
 3002
 3014
 3026
 3034
 3032
 3028
 3024
 3020
 3012
 3000
 2984
 2960
 2934
 2898
 2868
 2848
 2830
 2808
 2786
 2762
 2734
 2702
 2672
 2642
 2606
 2570
 2530
 2488
 2446
 2402
 2364
 2320
 2272
 2228
 2202
 2174
 2140
 2102
 2058
 2020
 1982
 1936
 1892
 1848
 1798
 1752
 1716
 1696
 1698
 1714
 1738
 1770
 1810
 1864
 1922
 1978
 2030
 2078
 2124
 2168
 2206
 2252
 2302
 2348
 2394
 2436
 2478
 2520
 2562
 2600
 2628
 2654
 2692
 2732
 2764
 2794
 2818
 2842
 2862
 2880
 2900
 2918
 2932
 2944
 2954
 2962
 2968
 2980
 2984
 2980
 2972
 2976
 2986
 2988
 2980
 2966
 2940
 2912
 2876
 2848
 2818
 2788
 2758
 2722
 2688
 2652
 2616
 2578
 2534
 2490
 2454
 2430
 2402
 2370
 2336
 2304
 2274
 2246
 2206
 2168
 2126
 2058
 1982
 1918
 1860
 1810
 1766
 1722
 1674
 1648
 1634
 1626
 1630
 1644
 1666
 1694
 1728
 1762
 1804
 1844
 1884
 1924
 1964
 2006
 2050
 2094
 2134
 2178
 2238
 2300
 2358
 2414
 2466
 2516
 2558
 2592
 2626
 2654
 2676
 2696
 2714
 2730
 2744
 2758
 2766
 2772
 2780
 2802
 2840
 2872
 2896
 2924
 2946
 2964
 2976
 2982
 2978
 2960
 2938
 2908
 2872
 2832
 2788
 2744
 2700
 2650
 2596
 2548
 2514
 2480
 2444
 2404
 2366
 2328
 2294
 2252
 2218
 2178
 2136
 2092
 2042
 1992
 1948
 1904
 1858
 1810
 1784
 1766
 1746
 1734
 1734
 1746
 1764
 1786
 1814
 1850
 1892
 1942
 1980
 2016
 2054
 2094
 2134
 2176
 2214
 2258
 2318
 2378
 2436
 2496
 2554
 2612
 2662
 2704
 2748
 2786
 2818
 2848
 2874
 2894
 2916
 2936
 2948
 2956
 2956
 2960
 2956
 2940
 2918
 2892
 2864
 2832
 2796
 2766
 2732
 2696
 2658
 2620
 2576
 2534
 2494
 2454
 2410
 2362
 2326
 2302
 2276
 2248
 2216
 2180
 2138
 2094
 2046
 2008
 1974
 1948
 1938
 1938
 1948
 1966
 1998
 2028
 2060
 2098
 2154
 2214
 2270
 2322
 2370
 2418
 2464
 2506
 2548
 2588
 2628
 2666
 2702
 2734
 2766
 2796
 2824
 2848
 2862
 2876
 2908
 2942
 2968
 2986
 2992
 2982
 2964
 2938
 2912
 2880
 2840
 2796
 2750
 2704
 2660
 2616
 2574
 2534
 2490
 2438
 2404
 2368
 2328
 2288
 2246
 2206
 2168
 2126
 2090
 2052
 2014
 1972
 1928
 1890
 1856
 1838
 1822
 1818
 1826
 1852
 1880
 1912
 1946
 1984
 2022
 2064
 2100
 2138
 2178
 2216
 2256
 2294
 2330
 2368
 2406
 2440
 2464
 2496
 2544
 2592
 2630
 2660
 2688
 2722
 2758
 2786
 2812
 2836
 2858
 2880
 2900
 2918
 2934
 2954
 2970
 2988
 2998
 3000
 2998
 3010
 3022
 3022
 3012
 2998
 2978
 2952
 2920
 2892
 2854
 2818
 2780
 2740
 2702
 2662
 2624
 2584
 2540
 2490
 2448
 2422
 2396
 2368
 2334
 2302
 2272
 2240
 2204
 2172
 2136
 2094
 2058
 2020
 1994
 1986
 1990
 2002
 2016
 2034
 2070
 2108
 2148
 2186
 2224
 2264
 2302
 2334
 2372
 2408
 2440
 2476
 2508
 2540
 2570
 2606
 2634
 2660
 2678
 2712
 2760
 2804
 2842
 2872
 2894
 2920
 2934
 2952
 2968
 2976
 2978
 2980
 2982
 2984
 2988
 2994
 2998
 2998
 2992
 2982
 2988
 3002
 3014
 3014
 3012
 3000
 2978
 2940
 2904
 2866
 2826
 2784
 2742
 2698
 2656
 2614
 2572
 2532
 2488
 2442
 2394
 2366
 2340
 2314
 2290
 2272
 2254
 2232
 2206
 2180
 2148
 2112
 2076
 2040
 2008
 1988
 1980
 1980
 1986
 2010
 2048
 2088
 2128
 2166
 2204
 2244
 2282
 2312
 2346
 2380
 2410
 2440
 2464
 2488
 2512
 2542
 2572
 2600
 2626
 2656
 2692
 2728
 2762
 2796
 2826
 2854
 2878
 2904
 2928
 2948
 2968
 2982
 2988
 2996
 3008
 3018
 3022
 3018
 3008
 3006
 3000
 2990
 2968
 2944
 2922
 2894
 2866
 2844
 2816
 2784
 2752
 2712
 2676
 2638
 2602
 2562
 2516
 2476
 2450
 2426
 2398
 2364
 2332
 2300
 2266
 2228
 2202
 2184
 2174
 2174
 2172
 2176
 2182
 2200
 2218
 2236
 2258
 2292
 2334
 2380
 2424
 2466
 2504
 2542
 2572
 2604
 2634
 2662
 2688
 2710
 2730
 2750
 2772
 2790
 2806
 2816
 2832
 2864
 2894
 2922
 2944
 2962
 2980
 2992
 3004
 3014
 3020
 3026
 3030
 3026
 3020
 3016
 3018
 3016
 3010
 3000
 2994
 2994
 2992
 2980
 2962
 2942
 2924
 2894
 2868
 2844
 2818
 2782
 2748
 2712
 2678
 2644
 2614
 2580
 2544
 2502
 2472
 2452
 2432
 2404
 2374
 2340
 2308
 2272
 2240
 2210
 2172
 2136
 2096
 2060
 2032
 2008
 1992
 1984
 1980
 1992
 2010
 2028
 2048
 2070
 2094
 2122
 2146
 2170
 2200
 2226
 2256
 2286
 2318
 2352
 2388
 2426
 2462
 2494
 2540
 2590
 2638
 2678
 2714
 2746
 2778
 2800
 2824
 2846
 2864
 2880
 2892
 2906
 2916
 2932
 2942
 2950
 2952
 2956
 2970
 2980
 2980
 2970
 2954
 2930
 2896
 2860
 2828
 2796
 2762
 2726
 2690
 2652
 2614
 2578
 2538
 2490
 2442
 2400
 2374
 2346
 2314
 2278
 2242
 2202
 2162
 2120
 2086
 2046
 2010
 1974
 1942
 1924
 1918
 1918
 1926
 1934
 1958
 1996
 2032
 2070
 2112
 2160
 2208
 2252
 2292
 2332
 2372
 2410
 2448
 2480
 2516
 2548
 2584
 2616
 2642
 2662
 2690
 2732
 2772
 2804
 2832
 2856
 2874
 2888
 2898
 2908
 2914
 2920
 2922
 2924
 2928
 2932
 2940
 2940
 2938
 2930
 2920
 2922
 2918
 2912
 2898
 2882
 2862
 2834
 2800
 2774
 2746
 2716
 2688
 2658
 2624
 2594
 2562
 2532
 2500
 2462
 2424
 2402
 2380
 2356
 2330
 2302
 2272
 2244
 2212
 2184
 2156
 2126
 2100
 2072
 2048
 2034
 2032
 2034
 2040
 2048
 2070
 2102
 2134
 2168
 2202
 2234
 2270
 2302
 2330
 2364
 2394
 2428
 2460
 2492
 2526
 2568
 2610
 2646
 2676
 2700
 2738
 2784
 2826
 2862
 2896
 2926
 2954
 2972
 2992
 3008
 3020
 3028
 3028
 3026
 3024
 3024
 3022
 3012
 2988
 2960
 2940
 2920
 2898
 2874
 2848
 2822
 2794
 2764
 2734
 2700
 2660
 2620
 2574
 2528
 2488
 2450
 2406
 2356
 2318
 2294
 2268
 2240
 2206
 2176
 2146
 2116
 2084
 2052
 2018
 1984
 1952
 1932
 1930
 1942
 1958
 1974
 2000
 2040
 2082
 2124
 2162
 2200
 2236
 2274
 2304
 2336
 2368
 2402
 2436
 2468
 2502
 2536
 2574
 2608
 2640
 2674
 2718
 2770
 2820
 2862
 2898
 2926
 2956
 2974
 2992
 3010
 3024
 3030
 3032
 3032
 3034
 3036
 3042
 3042
 3036
 3016
 3000
 2988
 2966
 2942
 2916
 2886
 2858
 2822
 2788
 2750
 2708
 2660
 2614
 2566
 2518
 2476
 2430
 2382
 2330
 2288
 2256
 2222
 2180
 2136
 2092
 2050
 2006
 1964
 1926
 1882
 1842
 1798
 1754
 1718
 1696
 1684
 1686
 1706
 1742
 1776
 1820
 1866
 1918
 1966
 2018
 2062
 2110
 2156
 2204
 2254
 2300
 2350
 2396
 2450
 2496
 2540
 2578
 2624
 2684
 2742
 2788
 2826
 2860
 2890
 2906
 2924
 2944
 2958
 2974
 2984
 2994
 2996
 3002
 3008
 3010
 3012
 3008
 3004
 3016
 3026
 3030
 3028
 3016
 2996
 2966
 2936
 2904
 2866
 2828
 2790
 2752
 2714
 2676
 2640
 2602
 2558
 2514
 2478
 2452
 2426
 2396
 2360
 2324
 2288
 2250
 2212
 2178
 2138
 2102
 2070
 2036
 2010
 1996
 1990
 1996
 2006
 2032
 2068
 2102
 2140
 2178
 2218
 2258
 2300
 2332
 2372
 2410
 2448
 2484
 2518
 2554
 2590
 2632
 2664
 2692
 2714
 2746
 2788
 2828
 2862
 2892
 2918
 2940
 2954
 2970
 2984
 2994
 3002
 3006
 3004
 3000
 3002
 2996
 2984
 2960
 2936
 2920
 2900
 2882
 2858
 2834
 2810
 2782
 2752
 2720
 2680
 2636
 2590
 2542
 2498
 2452
 2410
 2372
 2330
 2284
 2238
 2208
 2184
 2158
 2128
 2096
 2064
 2034
 2000
 1972
 1946
 1928
 1920
 1918
 1934
 1954
 1978
 2002
 2030
 2058
 2100
 2140
 2178
 2212
 2244
 2274
 2306
 2332
 2362
 2392
 2420
 2446
 2472
 2498
 2518
 2542
 2572
 2596
 2616
 2636
 2674
 2712
 2752
 2784
 2816
 2844
 2870
 2886
 2908
 2926
 2938
 2948
 2956
 2960
 2964
 2966
 2966
 2968
 2966
 2960
 2944
 2934
 2930
 2922
 2906
 2892
 2866
 2836
 2802
 2776
 2748
 2716
 2684
 2650
 2614
 2576
 2540
 2502
 2466
 2424
 2376
 2332
 2300
 2276
 2248
 2218
 2186
 2158
 2130
 2100
 2074
 2058
 2046
 2042
 2052
 2062
 2076
 2094
 2116
 2140
 2164
 2190
 2232
 2274
 2320
 2362
 2404
 2442
 2482
 2514
 2548
 2578
 2602
 2628
 2648
 2668
 2692
 2722
 2744
 2762
 2774
 2790
 2820
 2854
 2880
 2904
 2922
 2940
 2948
 2958
 2970
 2976
 2980
 2980
 2976
 2968
 2966
 2964
 2956
 2936
 2908
 2876
 2858
 2836
 2818
 2798
 2774
 2744
 2708
 2672
 2636
 2596
 2552
 2510
 2462
 2418
 2376
 2334
 2296
 2256
 2212
 2176
 2154
 2130
 2110
 2084
 2058
 2028
 1998
 1966
 1944
 1928
 1922
 1928
 1942
 1962
 1992
 2024
 2056
 2090
 2138
 2186
 2234
 2276
 2316
 2356
 2398
 2434
 2472
 2506
 2532
 2562
 2590
 2614
 2642
 2672
 2698
 2720
 2738
 2752
 2788
 2828
 2862
 2892
 2922
 2944
 2960
 2974
 2990
 3004
 3012
 3018
 3024
 3026
 3020
 3014
 2996
 2970
 2938
 2906
 2888
 2866
 2842
 2818
 2792
 2766
 2734
 2702
 2670
 2632
 2594
 2552
 2508
 2464
 2422
 2378
 2334
 2286
 2250
 2228
 2202
 2176
 2148
 2124
 2106
 2102
 2096
 2100
 2098
 2096
 2096
 2106
 2126
 2150
 2186
 2220
 2250
 2280
 2326
 2374
 2422
 2466
 2510
 2550
 2590
 2618
 2656
 2692
 2722
 2748
 2770
 2790
 2808
 2824
 2842
 2854
 2862
 2868
 2890
 2918
 2946
 2966
 2986
 3000
 3012
 3018
 3024
 3026
 3026
 3026
 3022
 3018
 3008
 2994
 2970
 2944
 2902
 2856
 2808
 2772
 2748
 2722
 2692
 2660
 2626
 2592
 2554
 2520
 2486
 2448
 2412
 2372
 2330
 2288
 2246
 2206
 2164
 2116
 2078
 2050
 2022
 1988
 1952
 1918
 1892
 1868
 1848
 1846
 1852
 1864
 1882
 1906
 1936
 1978
 2018
 2058
 2096
 2138
 2192
 2240
 2288
 2332
 2376
 2432
 2480
 2510
 2546
 2582
 2616
 2650
 2678
 2708
 2736
 2766
 2796
 2820
 2840
 2854
 2876
 2912
 2948
 2976
 3002
 3024
 3042
 3052
 3058
 3062
 3068
 3068
 3064
 3048
 3026
 2998
 2970
 2936
 2894
 2846
 2814
 2790
 2766
 2736
 2704
 2668
 2634
 2594
 2556
 2520
 2478
 2440
 2398
 2356
 2316
 2282
 2244
 2202
 2162
 2136
 2116
 2098
 2082
 2074
 2076
 2086
 2104
 2126
 2152
 2182
 2216
 2246
 2278
 2308
 2342
 2372
 2396
 2420
 2458
 2502
 2542
 2576
 2608
 2636
 2666
 2688
 2714
 2734
 2758
 2778
 2796
 2812
 2826
 2842
 2858
 2870
 2876
 2886
 2912
 2942
 2970
 2986
 3002
 3016
 3028
 3036
 3048
 3056
 3064
 3066
 3066
 3056
 3042
 3026
 3008
 2982
 2950
 2914
 2890
 2870
 2852
 2826
 2798
 2768
 2740
 2706
 2678
 2642
 2604
 2568
 2524
 2480
 2436
 2392
 2350
 2304
 2262
 2236
 2212
 2180
 2138
 2094
 2050
 2004
 1958
 1914
 1866
 1810
 1756
 1702
 1654
 1616
 1588
 1568
 1556
 1562
 1574
 1586
 1602
 1620
 1644
 1672
 1702
 1734
 1772
 1812
 1852
 1894
 1940
 1986
 2038
 2092
 2142
 2188
 2248
 2312
 2370
 2420
 2468
 2508
 2548
 2580
 2614
 2648
 2680
 2706
 2728
 2750
 2772
 2796
 2820
 2836
 2850
 2860
 2878
 2912
 2942
 2968
 2988
 3008
 3024
 3032
 3040
 3044
 3042
 3034
 3020
 2998
 2974
 2950
 2924
 2898
 2868
 2828
 2784
 2754
 2738
 2722
 2698
 2674
 2648
 2620
 2586
 2554
 2516
 2474
 2434
 2390
 2348
 2306
 2266
 2226
 2186
 2138
 2102
 2076
 2046
 2016
 1986
 1960
 1940
 1930
 1926
 1934
 1948
 1966
 1988
 2014
 2046
 2080
 2118
 2152
 2180
 2218
 2270
 2318
 2366
 2410
 2450
 2490
 2528
 2568
 2610
 2644
 2680
 2712
 2740
 2766
 2794
 2820
 2844
 2862
 2872
 2884
 2914
 2946
 2972
 2998
 3014
 3032
 3040
 3036
 3030
 3014
 2988
 2958
 2924
 2886
 2852
 2820
 2788
 2752
 2710
 2672
 2650
 2624
 2596
 2564
 2530
 2494
 2458
 2414
 2378
 2334
 2290
 2244
 2196
 2146
 2100
 2060
 2016
 1972
 1940
 1932
 1926
 1930
 1944
 1962
 1990
 2024
 2052
 2090
 2126
 2166
 2206
 2244
 2288
 2330
 2372
 2410
 2440
 2470
 2514
 2568
 2614
 2654
 2692
 2724
 2754
 2778
 2804
 2824
 2846
 2864
 2878
 2890
 2902
 2914
 2930
 2940
 2946
 2946
 2954
 2974
 2998
 3012
 3008
 2998
 2982
 2956
 2932
 2906
 2872
 2842
 2808
 2772
 2738
 2702
 2668
 2634
 2596
 2554
 2512
 2486
 2462
 2436
 2406
 2370
 2332
 2294
 2252
 2214
 2174
 2130
 2086
 2038
 1992
 1948
 1912
 1874
 1832
 1802
 1790
 1788
 1796
 1808
 1828
 1856
 1888
 1920
 1956
 1996
 2026
 2054
 2080
 2110
 2144
 2184
 2222
 2254
 2296
 2352
 2406
 2454
 2500
 2542
 2582
 2616
 2650
 2684
 2714
 2742
 2768
 2798
 2826
 2852
 2878
 2894
 2902
 2908
 2926
 2956
 2984
 3000
 3010
 3014
 3012
 3004
 2992
 2972
 2946
 2918
 2886
 2846
 2808
 2774
 2736
 2694
 2656
 2630
 2606
 2580
 2546
 2512
 2476
 2442
 2398
 2360
 2320
 2282
 2240
 2198
 2158
 2122
 2078
 2040
 2004
 1994
 2004
 2016
 2036
 2068
 2104
 2140
 2176
 2210
 2250
 2288
 2328
 2368
 2406
 2446
 2486
 2524
 2554
 2582
 2626
 2676
 2718
 2754
 2786
 2816
 2840
 2862
 2886
 2906
 2920
 2930
 2938
 2946
 2948
 2956
 2960
 2954
 2944
 2952
 2970
 2996
 3018
 3042
 3068
 3086
 3094
 3100
 3092
 3072
 3050
 3020
 2986
 2950
 2914
 2872
 2830
 2790
 2744
 2704
 2678
 2650
 2616
 2580
 2544
 2510
 2472
 2430
 2392
 2344
 2296
 2248
 2198
 2148
 2102
 2056
 2006
 1964
 1938
 1912
 1882
 1854
 1824
 1798
 1786
 1778
 1786
 1798
 1814
 1836
 1858
 1886
 1920
 1962
 2004
 2042
 2088
 2144
 2198
 2248
 2286
 2316
 2348
 2374
 2400
 2430
 2460
 2488
 2520
 2548
 2576
 2608
 2640
 2668
 2690
 2716
 2756
 2802
 2840
 2876
 2904
 2930
 2950
 2968
 2986
 3000
 3010
 3006
 2994
 2970
 2938
 2904
 2866
 2826
 2790
 2768
 2746
 2720
 2690
 2658
 2624
 2590
 2552
 2518
 2476
 2430
 2382
 2330
 2280
 2230
 2182
 2136
 2084
 2044
 2016
 1980
 1942
 1902
 1862
 1824
 1798
 1780
 1780
 1786
 1802
 1826
 1856
 1890
 1930
 1964
 1996
 2030
 2080
 2126
 2170
 2210
 2250
 2288
 2326
 2358
 2394
 2426
 2458
 2492
 2522
 2550
 2580
 2614
 2644
 2668
 2688
 2722
 2760
 2796
 2834
 2864
 2888
 2912
 2930
 2952
 2974
 2992
 3006
 3016
 3026
 3024
 3018
 3002
 2978
 2948
 2910
 2876
 2852
 2824
 2790
 2758
 2724
 2686
 2648
 2606
 2566
 2522
 2478
 2434
 2388
 2344
 2302
 2262
 2220
 2176
 2148
 2122
 2090
 2056
 2022
 1994
 1968
 1940
 1916
 1898
 1890
 1890
 1904
 1924
 1942
 1964
 1988
 2012
 2044
 2088
 2132
 2172
 2214
 2256
 2296
 2338
 2372
 2416
 2458
 2498
 2538
 2576
 2610
 2642
 2682
 2712
 2738
 2760
 2792
 2836
 2878
 2908
 2936
 2956
 2978
 2988
 3002
 3012
 3020
 3022
 3018
 3016
 3014
 3016
 3016
 3018
 3012
 3008
 3020
 3034
 3038
 3036
 3024
 3006
 2986
 2960
 2932
 2896
 2858
 2818
 2772
 2724
 2680
 2638
 2594
 2552
 2508
 2460
 2418
 2394
 2368
 2338
 2300
 2264
 2226
 2188
 2144
 2106
 2068
 2028
 1988
 1948
 1910
 1878
 1846
 1814
 1788
 1786
 1798
 1818
 1840
 1866
 1896
 1932
 1966
 2000
 2040
 2074
 2110
 2146
 2180
 2214
 2254
 2288
 2318
 2344
 2386
 2442
 2496
 2538
 2580
 2618
 2658
 2690
 2724
 2758
 2794
 2826
 2854
 2880
 2904
 2928
 2956
 2974
 2986
 2992
 3012
 3034
 3052
 3052
 3040
 3018
 2994
 2958
 2928
 2888
 2844
 2804
 2760
 2716
 2674
 2634
 2592
 2546
 2500
 2470
 2444
 2414
 2380
 2342
 2308
 2272
 2234
 2206
 2172
 2138
 2102
 2076
 2060
 2054
 2060
 2072
 2080
 2102
 2136
 2170
 2206
 2240
 2278
 2314
 2356
 2388
 2428
 2466
 2500
 2538
 2574
 2610
 2646
 2684
 2720
 2746
 2776
 2820
 2864
 2900
 2930
 2958
 2980
 2998
 3012
 3030
 3036
 3032
 3018
 2996
 2968
 2940
 2910
 2876
 2840
 2802
 2774
 2746
 2714
 2682
 2644
 2608
 2572
 2532
 2500
 2468
 2428
 2394
 2356
 2308
 2252
 2202
 2156
 2112
 2066
 2032
 2010
 1986
 1956
 1914
 1880
 1864
 1860
 1866
 1884
 1900
 1926
 1952
 1982
 2014
 2046
 2082
 2114
 2152
 2202
 2246
 2290
 2330
 2368
 2404
 2438
 2470
 2504
 2534
 2570
 2600
 2628
 2654
 2684
 2712
 2738
 2752
 2754
 2764
 2768
 2770
 2768
 2768
 2770
 2770
 2772
 2778
 2778
 2780
 2780
 2778
 2782
 2786
 2790
 2788
 2782
 2780
 2792
 2806
 2818
 2824
 2830
 2836
 2840
 2846
 2862
 2874
 2886
 2898
 2914
 2930
 2946
 2960
 2970
 2978
 3002
 3034
 3062
 3084
 3102
 3114
 3122
 3126
 3120
 3094
 3060
 3022
 2980
 2936
 2896
 2850
 2802
 2752
 2720
 2696
 2670
 2636
 2598
 2550
 2496
 2434
 2382
 2328
 2276
 2224
 2174
 2128
 2090
 2052
 2014
 1978
 1960
 1944
 1934
 1932
 1936
 1944
 1958
 1972
 1990
 2012
 2030
 2052
 2070
 2090
 2108
 2134
 2154
 2174
 2208
 2256
 2298
 2340
 2380
 2418
 2456
 2496
 2526
 2566
 2600
 2630
 2658
 2686
 2714
 2746
 2784
 2816
 2842
 2860
 2886
 2926
 2962
 2992
 3020
 3044
 3062
 3072
 3072
 3062
 3036
 3008
 2976
 2944
 2910
 2880
 2852
 2820
 2782
 2744
 2714
 2696
 2670
 2642
 2610
 2576
 2542
 2500
 2464
 2426
 2384
 2342
 2298
 2254
 2212
 2174
 2132
 2088
 2050
 2030
 2008
 1992
 1982
 1980
 1982
 1990
 1996
 2016
 2032
 2052
 2070
 2084
 2092
 2094
 2092
 2098
 2100
 2114
 2136
 2150
 2166
 2186
 2204
 2224
 2236
 2248
 2258
 2262
 2262
 2258
 2258
 2264
 2272
 2288
 2304
 2326
 2364
 2404
 2438
 2464
 2492
 2520
 2542
 2566
 2594
 2618
 2644
 2670
 2692
 2716
 2738
 2756
 2774
 2802
 2840
 2878
 2910
 2940
 2970
 2996
 3016
 3042
 3062
 3080
 3094
 3104
 3114
 3120
 3120
 3120
 3116
 3106
 3106
 3098
 3086
 3064
 3038
 3004
 2966
 2928
 2892
 2856
 2816
 2774
 2728
 2682
 2636
 2590
 2542
 2492
 2446
 2418
 2382
 2342
 2294
 2244
 2196
 2148
 2102
 2062
 2022
 1984
 1956
 1940
 1938
 1946
 1960
 1978
 1996
 2030
 2070
 2108
 2146
 2184
 2222
 2272
 2314
 2352
 2392
 2426
 2462
 2494
 2524
 2554
 2588
 2624
 2658
 2684
 2710
 2756
 2802
 2844
 2880
 2910
 2938
 2962
 2978
 2998
 3014
 3030
 3038
 3048
 3052
 3052
 3058
 3064
 3070
 3074
 3070
 3068
 3076
 3090
 3104
 3114
 3118
 3114
 3098
 3078
 3052
 3018
 2974
 2932
 2884
 2842
 2800
 2760
 2720
 2678
 2634
 2580
 2530
 2490
 2448
 2404
 2358
 2316
 2272
 2230
 2186
 2148
 2108
 2070
 2030
 1988
 1950
 1914
 1890
 1870
 1860
 1862
 1884
 1908
 1938
 1974
 2012
 2060
 2106
 2148
 2194
 2240
 2282
 2328
 2368
 2408
 2448
 2492
 2530
 2564
 2596
 2638
 2690
 2738
 2778
 2814
 2848
 2878
 2900
 2924
 2946
 2966
 2982
 2992
 3000
 3006
 3012
 3022
 3028
 3024
 3014
 3012
 3024
 3038
 3040
 3032
 3014
 2988
 2954
 2916
 2878
 2838
 2798
 2758
 2714
 2672
 2628
 2586
 2538
 2488
 2438
 2402
 2380
 2354
 2324
 2288
 2250
 2218
 2182
 2146
 2114
 2080
 2044
 2006
 1986
 1986
 2002
 2026
 2050
 2078
 2114
 2166
 2220
 2274
 2326
 2376
 2428
 2474
 2512
 2556
 2592
 2628
 2660
 2690
 2718
 2750
 2778
 2806
 2828
 2848
 2884
 2922
 2954
 2982
 3004
 3022
 3034
 3038
 3046
 3048
 3048
 3048
 3044
 3040
 3040
 3040
 3042
 3036
 3028
 3026
 3034
 3030
 3022
 3000
 2964
 2928
 2884
 2844
 2806
 2762
 2718
 2672
 2624
 2578
 2536
 2492
 2446
 2396
 2356
 2330
 2300
 2264
 2228
 2192
 2158
 2124
 2084
 2052
 2016
 1980
 1942
 1908
 1878
 1864
 1862
 1868
 1884
 1928
 1970
 2016
 2064
 2110
 2158
 2204
 2244
 2288
 2334
 2372
 2404
 2440
 2474
 2506
 2546
 2586
 2620
 2650
 2678
 2722
 2768
 2814
 2854
 2884
 2914
 2934
 2950
 2970
 2984
 2996
 3002
 3002
 3000
 3000
 3004
 3006
 3004
 2996
 2996
 3002
 3000
 2988
 2966
 2942
 2914
 2882
 2854
 2826
 2796
 2766
 2734
 2696
 2662
 2628
 2594
 2554
 2506
 2468
 2444
 2418
 2390
 2354
 2316
 2282
 2246
 2214
 2192
 2174
 2166
 2166
 2170
 2180
 2200
 2224
 2244
 2266
 2290
 2330
 2372
 2418
 2460
 2500
 2536
 2570
 2596
 2626
 2654
 2680
 2704
 2726
 2746
 2766
 2788
 2806
 2822
 2832
 2846
 2876
 2908
 2934
 2950
 2960
 2960
 2946
 2928
 2908
 2882
 2854
 2826
 2788
 2748
 2698
 2646
 2600
 2550
 2498
 2450
 2418
 2390
 2362
 2330
 2298
 2268
 2238
 2202
 2170
 2136
 2096
 2058
 2016
 1974
 1936
 1906
 1880
 1872
 1878
 1900
 1930
 1962
 1996
 2034
 2072
 2116
 2150
 2188
 2228
 2266
 2304
 2338
 2372
 2404
 2442
 2472
 2500
 2518
 2548
 2598
 2642
 2678
 2708
 2738
 2776
 2804
 2826
 2848
 2872
 2888
 2908
 2922
 2936
 2950
 2962
 2972
 2984
 2984
 2984
 2976
 2968
 2970
 2964
 2948
 2924
 2896
 2868
 2836
 2806
 2780
 2752
 2722
 2692
 2654
 2614
 2576
 2536
 2502
 2458
 2414
 2372
 2344
 2316
 2286
 2252
 2218
 2182
 2152
 2118
 2092
 2072
 2058
 2060
 2074
 2092
 2112
 2138
 2172
 2204
 2232
 2268
 2318
 2366
 2410
 2452
 2494
 2532
 2566
 2594
 2624
 2652
 2678
 2702
 2726
 2746
 2768
 2792
 2812
 2822
 2838
 2868
 2902
 2940
 2968
 2992
 3014
 3030
 3040
 3050
 3056
 3056
 3058
 3054
 3054
 3050
 3048
 3048
 3038
 3020
 2986
 2964
 2942
 2916
 2888
 2858
 2824
 2788
 2742
 2698
 2650
 2600
 2552
 2504
 2458
 2414
 2372
 2336
 2298
 2260
 2224
 2202
 2184
 2158
 2128
 2096
 2058
 2022
 1982
 1942
 1904
 1868
 1846
 1834
 1834
 1846
 1868
 1896
 1934
 1974
 2026
 2084
 2138
 2188
 2238
 2286
 2332
 2372
 2412
 2450
 2482
 2514
 2538
 2564
 2594
 2634
 2662
 2684
 2702
 2734
 2780
 2826
 2862
 2896
 2926
 2952
 2968
 2986
 3002
 3014
 3020
 3020
 3020
 3018
 3018
 3022
 3018
 3006
 2982
 2968
 2954
 2934
 2914
 2890
 2864
 2838
 2808
 2782
 2752
 2720
 2684
 2646
 2606
 2566
 2530
 2492
 2448
 2402
 2366
 2344
 2318
 2288
 2254
 2214
 2172
 2134
 2094
 2068
 2048
 2040
 2044
 2054
 2072
 2096
 2132
 2168
 2202
 2240
 2300
 2364
 2424
 2480
 2530
 2576
 2622
 2662
 2700
 2738
 2770
 2796
 2822
 2844
 2864
 2886
 2902
 2914
 2920
 2936
 2964
 2992
 3010
 3022
 3030
 3038
 3038
 3040
 3038
 3026
 3004
 2976
 2938
 2898
 2858
 2820
 2778
 2738
 2696
 2670
 2650
 2630
 2608
 2582
 2556
 2530
 2500
 2470
 2440
 2406
 2374
 2342
 2308
 2278
 2254
 2228
 2204
 2186
 2190
 2202
 2220
 2238
 2258
 2282
 2310
 2332
 2356
 2384
 2408
 2432
 2456
 2478
 2502
 2534
 2564
 2592
 2618
 2654
 2704
 2752
 2802
 2844
 2880
 2910
 2934
 2956
 2978
 2992
 3004
 3012
 3010
 3010
 3012
 3014
 3014
 3010
 3006
 3016
 3028
 3034
 3020
 3004
 2980
 2954
 2922
 2896
 2870
 2832
 2798
 2760
 2726
 2692
 2662
 2634
 2604
 2572
 2540
 2524
 2506
 2484
 2456
 2426
 2394
 2362
 2326
 2294
 2256
 2218
 2174
 2128
 2088
 2050
 2010
 1968
 1922
 1886
 1860
 1826
 1786
 1748
 1714
 1688
 1666
 1652
 1652
 1660
 1678
 1700
 1728
 1760
 1798
 1838
 1884
 1932
 1986
 2046
 2102
 2150
 2196
 2232
 2268
 2300
 2332
 2368
 2400
 2436
 2468
 2500
 2532
 2568
 2600
 2628
 2648
 2672
 2710
 2756
 2792
 2824
 2850
 2874
 2892
 2908
 2924
 2936
 2946
 2944
 2944
 2946
 2948
 2952
 2956
 2956
 2948
 2940
 2936
 2928
 2920
 2904
 2886
 2866
 2838
 2808
 2782
 2754
 2722
 2692
 2660
 2628
 2600
 2570
 2540
 2506
 2464
 2434
 2414
 2390
 2362
 2332
 2302
 2272
 2242
 2210
 2182
 2150
 2120
 2086
 2052
 2022
 2002
 1986
 1978
 1974
 1990
 2016
 2042
 2070
 2100
 2134
 2170
 2204
 2238
 2278
 2312
 2350
 2384
 2418
 2450
 2486
 2518
 2542
 2566
 2594
 2636
 2674
 2708
 2742
 2770
 2796
 2814
 2830
 2848
 2860
 2870
 2878
 2886
 2890
 2896
 2906
 2912
 2914
 2912
 2916
 2930
 2944
 2962
 2976
 2984
 2990
 2986
 2976
 2958
 2934
 2906
 2876
 2844
 2810
 2778
 2746
 2716
 2684
 2646
 2608
 2586
 2566
 2550
 2526
 2500
 2470
 2440
 2404
 2370
 2338
 2300
 2264
 2228
 2194
 2164
 2144
 2128
 2120
 2118
 2132
 2164
 2196
 2234
 2268
 2304
 2342
 2370
 2400
 2434
 2466
 2498
 2526
 2556
 2582
 2610
 2640
 2666
 2682
 2698
 2732
 2766
 2800
 2828
 2858
 2882
 2900
 2910
 2924
 2934
 2940
 2946
 2948
 2948
 2942
 2940
 2940
 2940
 2938
 2934
 2934
 2946
 2958
 2962
 2950
 2934
 2916
 2888
 2862
 2836
 2808
 2776
 2744
 2710
 2672
 2632
 2594
 2556
 2514
 2468
 2418
 2382
 2356
 2326
 2294
 2260
 2226
 2192
 2162
 2124
 2092
 2058
 2026
 1992
 1964
 1946
 1938
 1942
 1950
 1960
 1976
 2010
 2054
 2094
 2136
 2176
 2216
 2256
 2290
 2324
 2358
 2390
 2420
 2446
 2470
 2494
 2518
 2542
 2566
 2582
 2596
 2614
 2650
 2686
 2722
 2750
 2776
 2794
 2810
 2820
 2834
 2844
 2854
 2858
 2862
 2864
 2866
 2870
 2876
 2882
 2886
 2888
 2886
 2890
 2904
 2924
 2944
 2962
 2978
 2990
 2998
 3006
 3014
 3020
 3014
 3010
 3006
 2998
 2984
 2970
 2950
 2924
 2888
 2848
 2808
 2782
 2762
 2742
 2720
 2696
 2668
 2642
 2606
 2578
 2546
 2508
 2470
 2432
 2392
 2352
 2316
 2280
 2246
 2210
 2192
 2180
 2166
 2144
 2118
 2088
 2060
 2028
 1994
 1966
 1940
 1924
 1918
 1922
 1932
 1952
 1978
 2008
 2034
 2070
 2118
 2162
 2214
 2260
 2302
 2342
 2380
 2410
 2442
 2472
 2502
 2530
 2556
 2582
 2608
 2638
 2664
 2686
 2702
 2722
 2760
 2794
 2830
 2860
 2884
 2908
 2924
 2938
 2956
 2966
 2976
 2984
 2986
 2990
 2992
 2988
 2988
 2984
 2974
 2958
 2950
 2944
 2936
 2920
 2900
 2872
 2842
 2808
 2782
 2756
 2728
 2700
 2668
 2632
 2600
 2568
 2536
 2498
 2452
 2406
 2372
 2344
 2312
 2276
 2238
 2200
 2164
 2126
 2092
 2062
 2040
 2026
 2016
 2018
 2028
 2046
 2070
 2094
 2120
 2156
 2202
 2248
 2294
 2336
 2376
 2420
 2458
 2488
 2526
 2560
 2594
 2626
 2660
 2694
 2726
 2758
 2786
 2808
 2822
 2842
 2876
 2912
 2942
 2966
 2984
 3002
 3012
 3022
 3032
 3038
 3034
 3032
 3028
 3024
 3018
 3010
 2994
 2964
 2926
 2884
 2858
 2836
 2816
 2792
 2766
 2740
 2712
 2676
 2644
 2608
 2564
 2520
 2472
 2426
 2378
 2334
 2292
 2246
 2198
 2156
